-902.0  3085.0  3167.0  4371.0
-902.0  85.0  3085.0  3167.0  4371.0
-902.0  85.0  3085.0  3167.0  4371.0
-902.0  85.0  3085.0  3167.0  4371.0
-902.0  85.0  3085.0  3167.0  4371.0
-902.0  85.0  3085.0  3167.0  4371.0
-902.0  85.0  3085.0  3167.0  4371.0
-902.0  85.0  3085.0  3167.0  4371.0
-902.0  85.0  3085.0  3167.0  4371.0
-902.0  85.0  3085.0  3167.0  4371.0
-902.0  85.0  3085.0  3167.0  4371.0
-902.0  85.0  3085.0  3167.0  4371.0
-902.0  85.0  3085.0  3167.0  4371.0
-902.0  85.0  3085.0  3167.0  4371.0
-902.0  85.0  3085.0  3167.0  4371.0
-902.0  85.0  3085.0  3167.0  4371.0
-902.0  85.0  3085.0  3167.0  4371.0
-902.0  85.0  3085.0  3167.0  4371.0
-902.0  85.0  3085.0  3167.0  4371.0
-902.0  85.0  3085.0  3167.0  4371.0
-902.0  85.0  3085.0  3167.0  4371.0
-902.0  85.0  3085.0  3167.0  4371.0
-902.0  85.0  3085.0  3167.0  4371.0
-902.0  85.0  3085.0  3167.0  4371.0
-902.0  85.0  3085.0  3167.0  4371.0
-902.0  85.0  3085.0  3167.0  4371.0
-902.0  85.0  3085.0  3167.0  4371.0
-902.0  85.0  3085.0  3167.0  4371.0
-902.0  85.0  3085.0  3167.0  4371.0
-902.0  85.0  3085.0  3167.0  4371.0
-902.0  85.0  3085.0  3167.0  4371.0
-902.0  85.0  3085.0  3167.0  4371.0
-902.0  85.0  3085.0  3167.0  4371.0
-902.0  85.0  3085.0  3167.0  4371.0
-902.0  85.0  3085.0  3167.0  4371.0
-902.0  85.0  3085.0  3167.0  4371.0
-902.0  85.0  3085.0  3167.0  4371.0
-902.0  85.0  3085.0  3167.0  4371.0
-902.0  85.0  3085.0  3167.0  4267.0  4371.0
-902.0  85.0  3085.0  3167.0  4267.0  4371.0
-902.0  85.0  3085.0  3167.0  4267.0  4371.0
-902.0  85.0  3085.0  3167.0  4267.0  4371.0
-902.0  85.0  3085.0  3167.0  4267.0  4371.0
-902.0  85.0  3085.0  3167.0  4267.0  4371.0
-902.0  85.0  3085.0  3167.0  4267.0  4371.0
-902.0  85.0  3085.0  3167.0  4267.0  4371.0
-902.0  85.0  3085.0  3167.0  4267.0  4371.0
-902.0  85.0  3085.0  3167.0  4267.0  4371.0
-902.0  85.0  3085.0  3167.0  4267.0  4371.0
-902.0  85.0  3085.0  3167.0  4267.0  4371.0
-902.0  85.0  3085.0  3167.0  4267.0  4371.0
-752.0  85.0  3085.0  3167.0  4267.0  4371.0  4491.0
-752.0  85.0  3085.0  3167.0  4267.0  4371.0  4491.0
-752.0  85.0  3085.0  3167.0  4267.0  4371.0  4491.0
-752.0  85.0  3085.0  3167.0  4267.0  4371.0  4491.0
-752.0  85.0  3085.0  3167.0  4267.0  4371.0  4491.0
-752.0  85.0  3085.0  3167.0  4267.0  4371.0  4491.0
-752.0  85.0  3085.0  3167.0  4267.0  4371.0  4491.0
-752.0  85.0  3085.0  3167.0  4267.0  4371.0  4491.0
-752.0  85.0  3085.0  3167.0  4267.0  4371.0  4491.0
-752.0  85.0  3085.0  3167.0  4267.0  4371.0  4491.0
-752.0  85.0  3085.0  3167.0  4267.0  4371.0  4491.0
-752.0  85.0  3085.0  3167.0  4267.0  4371.0  4491.0
-752.0  85.0  3085.0  3167.0  4267.0  4267.0  4371.0  4491.0
-752.0  85.0  3085.0  3167.0  4267.0  4267.0  4371.0  4491.0
-752.0  85.0  3085.0  3167.0  4267.0  4267.0  4371.0  4491.0
-752.0  85.0  3085.0  3167.0  4267.0  4267.0  4371.0  4491.0
-752.0  85.0  3085.0  3167.0  4267.0  4267.0  4371.0  4491.0
-752.0  85.0  3085.0  3167.0  4267.0  4267.0  4371.0  4491.0
-752.0  85.0  3085.0  3167.0  4267.0  4267.0  4371.0  4491.0
-752.0  85.0  3085.0  3167.0  4267.0  4267.0  4371.0  4491.0
-752.0  85.0  3085.0  3167.0  4267.0  4267.0  4371.0  4491.0
-752.0  85.0  3085.0  3167.0  4267.0  4267.0  4371.0  4491.0
-752.0  85.0  3085.0  3167.0  4267.0  4267.0  4371.0  4491.0
-752.0  85.0  3085.0  3167.0  4267.0  4267.0  4371.0  4491.0
-752.0  85.0  3085.0  3167.0  4267.0  4267.0  4371.0  4491.0
-752.0  85.0  3085.0  3167.0  4267.0  4267.0  4371.0  4491.0
-752.0  85.0  3085.0  3167.0  4267.0  4267.0  4371.0  4491.0
-752.0  85.0  3085.0  3167.0  4267.0  4267.0  4371.0  4491.0
-752.0  85.0  3085.0  3167.0  4267.0  4267.0  4371.0  4491.0
-752.0  85.0  3085.0  3167.0  4267.0  4267.0  4371.0  4491.0
-752.0  85.0  3085.0  3167.0  4267.0  4267.0  4371.0  4491.0
-752.0  85.0  3085.0  3167.0  4267.0  4267.0  4371.0  4491.0
-752.0  85.0  3085.0  3167.0  4267.0  4267.0  4371.0  4491.0
-752.0  85.0  3085.0  3167.0  4267.0  4267.0  4267.0  4371.0  4491.0
-752.0  85.0  3085.0  3167.0  4267.0  4267.0  4267.0  4371.0  4491.0
-752.0  85.0  3085.0  3167.0  4267.0  4267.0  4267.0  4371.0  4491.0
-752.0  85.0  3085.0  3167.0  4267.0  4267.0  4267.0  4371.0  4491.0
-752.0  85.0  3085.0  3167.0  4267.0  4267.0  4267.0  4371.0  4491.0
-752.0  85.0  3085.0  3167.0  4267.0  4267.0  4267.0  4371.0  4491.0
-752.0  85.0  3085.0  3167.0  4267.0  4267.0  4267.0  4371.0  4491.0
-752.0  85.0  3085.0  3167.0  4267.0  4267.0  4267.0  4371.0  4491.0
-752.0  85.0  3085.0  3167.0  4267.0  4267.0  4267.0  4371.0  4491.0
-752.0  85.0  3085.0  3167.0  4267.0  4267.0  4267.0  4371.0  4491.0
-752.0  85.0  3085.0  3167.0  4267.0  4267.0  4267.0  4371.0  4491.0
-752.0  85.0  3085.0  3167.0  4267.0  4267.0  4267.0  4371.0  4491.0
-752.0  85.0  3085.0  3167.0  4267.0  4267.0  4267.0  4371.0  4491.0  4491.0
-752.0  85.0  3085.0  3167.0  4267.0  4267.0  4267.0  4371.0  4491.0  4491.0
-752.0  85.0  3085.0  3167.0  4267.0  4267.0  4267.0  4371.0  4491.0  4491.0
-752.0  85.0  3085.0  3167.0  4267.0  4267.0  4267.0  4267.0  4371.0  4491.0  4491.0
-752.0  85.0  85.0  3085.0  3167.0  4267.0  4267.0  4267.0  4267.0  4371.0  4491.0  4491.0
-752.0  85.0  85.0  3085.0  3167.0  4267.0  4267.0  4267.0  4267.0  4371.0  4491.0  4491.0
-752.0  85.0  85.0  3085.0  3167.0  4267.0  4267.0  4267.0  4267.0  4371.0  4491.0  4491.0
-752.0  85.0  85.0  3085.0  3167.0  4267.0  4267.0  4267.0  4267.0  4371.0  4491.0  4491.0
-752.0  85.0  85.0  3085.0  3167.0  4267.0  4267.0  4267.0  4267.0  4371.0  4491.0  4491.0
-752.0  85.0  85.0  3085.0  3167.0  4267.0  4267.0  4267.0  4267.0  4371.0  4491.0  4491.0
-752.0  85.0  85.0  3085.0  3167.0  4267.0  4267.0  4267.0  4267.0  4371.0  4491.0  4491.0
-752.0  85.0  85.0  3085.0  3167.0  4267.0  4267.0  4267.0  4267.0  4371.0  4491.0  4491.0
-752.0  85.0  85.0  3085.0  3167.0  4267.0  4267.0  4267.0  4267.0  4371.0  4491.0  4491.0
-752.0  85.0  85.0  3085.0  3167.0  4267.0  4267.0  4267.0  4267.0  4371.0  4491.0  4491.0
-752.0  85.0  85.0  3085.0  3167.0  4267.0  4267.0  4267.0  4267.0  4371.0  4491.0  4491.0
-752.0  85.0  85.0  3085.0  3167.0  4267.0  4267.0  4267.0  4267.0  4371.0  4491.0  4491.0
-752.0  85.0  85.0  3085.0  3167.0  4267.0  4267.0  4267.0  4267.0  4371.0  4491.0  4491.0
-752.0  85.0  85.0  3085.0  3167.0  4267.0  4267.0  4267.0  4267.0  4371.0  4491.0  4491.0
-752.0  85.0  85.0  3085.0  3167.0  4267.0  4267.0  4267.0  4267.0  4371.0  4491.0  4491.0
-752.0  85.0  85.0  3085.0  3167.0  4267.0  4267.0  4267.0  4267.0  4371.0  4491.0  4491.0
-752.0  85.0  85.0  3085.0  3167.0  4267.0  4267.0  4267.0  4267.0  4371.0  4491.0  4491.0
-752.0  85.0  85.0  3085.0  3167.0  4267.0  4267.0  4267.0  4267.0  4371.0  4491.0  4491.0
-752.0  85.0  85.0  3085.0  3167.0  4267.0  4267.0  4267.0  4267.0  4371.0  4491.0  4491.0
-752.0  85.0  85.0  3085.0  3167.0  4267.0  4267.0  4267.0  4267.0  4371.0  4491.0  4491.0
-752.0  85.0  85.0  3085.0  3167.0  4267.0  4267.0  4267.0  4267.0  4371.0  4491.0  4491.0
-752.0  85.0  85.0  3085.0  3167.0  4267.0  4267.0  4267.0  4267.0  4371.0  4491.0  4491.0
-752.0  85.0  85.0  3085.0  3167.0  4267.0  4267.0  4267.0  4267.0  4371.0  4491.0  4491.0
-752.0  85.0  85.0  3085.0  3167.0  4267.0  4267.0  4267.0  4267.0  4371.0  4491.0  4491.0
-752.0  85.0  85.0  3085.0  3167.0  4267.0  4267.0  4267.0  4267.0  4371.0  4491.0  4491.0
-752.0  85.0  85.0  3085.0  3167.0  4267.0  4267.0  4267.0  4267.0  4371.0  4491.0  4491.0
-752.0  85.0  85.0  3085.0  3167.0  4267.0  4267.0  4267.0  4267.0  4371.0  4491.0  4491.0
-752.0  85.0  85.0  3085.0  3167.0  4267.0  4267.0  4267.0  4267.0  4371.0  4491.0  4491.0
-752.0  85.0  85.0  3085.0  3167.0  4267.0  4267.0  4267.0  4267.0  4371.0  4491.0  4491.0
-752.0  85.0  85.0  85.0  3085.0  3167.0  4267.0  4267.0  4267.0  4267.0  4371.0  4491.0  4491.0
-752.0  85.0  85.0  85.0  3085.0  3167.0  4267.0  4267.0  4267.0  4267.0  4371.0  4491.0  4491.0
-752.0  85.0  85.0  85.0  3085.0  3167.0  4267.0  4267.0  4267.0  4267.0  4371.0  4491.0  4491.0
-752.0  85.0  85.0  85.0  3085.0  3167.0  4267.0  4267.0  4267.0  4267.0  4371.0  4491.0  4491.0
-752.0  85.0  85.0  85.0  3085.0  3167.0  4267.0  4267.0  4267.0  4267.0  4371.0  4491.0  4491.0
-752.0  85.0  85.0  85.0  3085.0  3167.0  4267.0  4267.0  4267.0  4267.0  4371.0  4491.0  4491.0
-752.0  85.0  85.0  85.0  3085.0  3167.0  4267.0  4267.0  4267.0  4267.0  4371.0  4491.0  4491.0  4491.0
-752.0  85.0  85.0  85.0  3085.0  3167.0  4267.0  4267.0  4267.0  4267.0  4371.0  4491.0  4491.0  4491.0
-752.0  85.0  85.0  85.0  3085.0  3167.0  4267.0  4267.0  4267.0  4267.0  4371.0  4491.0  4491.0  4491.0
-752.0  85.0  85.0  85.0  3085.0  3167.0  4267.0  4267.0  4267.0  4267.0  4371.0  4491.0  4491.0  4491.0
-752.0  85.0  85.0  85.0  3085.0  3167.0  4267.0  4267.0  4267.0  4267.0  4371.0  4491.0  4491.0  4491.0
-752.0  85.0  85.0  85.0  3085.0  3167.0  4267.0  4267.0  4267.0  4267.0  4371.0  4491.0  4491.0  4491.0
-752.0  85.0  85.0  85.0  3085.0  3167.0  4267.0  4267.0  4267.0  4267.0  4371.0  4491.0  4491.0  4491.0
-752.0  85.0  85.0  85.0  3085.0  3167.0  4267.0  4267.0  4267.0  4267.0  4371.0  4491.0  4491.0  4491.0
-752.0  85.0  85.0  85.0  3085.0  3167.0  4267.0  4267.0  4267.0  4267.0  4371.0  4491.0  4491.0  4491.0
-752.0  85.0  85.0  85.0  3085.0  3167.0  4267.0  4267.0  4267.0  4267.0  4371.0  4491.0  4491.0  4491.0
-752.0  85.0  85.0  85.0  3085.0  3167.0  4267.0  4267.0  4267.0  4267.0  4371.0  4491.0  4491.0  4491.0
-752.0  85.0  85.0  85.0  3085.0  3167.0  4267.0  4267.0  4267.0  4267.0  4267.0  4371.0  4491.0  4491.0  4491.0
-752.0  85.0  85.0  85.0  3085.0  3167.0  4267.0  4267.0  4267.0  4267.0  4267.0  4371.0  4491.0  4491.0  4491.0
-752.0  85.0  85.0  85.0  3085.0  3167.0  4267.0  4267.0  4267.0  4267.0  4267.0  4371.0  4491.0  4491.0  4491.0
-752.0  85.0  85.0  85.0  3085.0  3167.0  4267.0  4267.0  4267.0  4267.0  4267.0  4371.0  4491.0  4491.0  4491.0
-752.0  85.0  85.0  85.0  3085.0  3167.0  4267.0  4267.0  4267.0  4267.0  4267.0  4371.0  4491.0  4491.0  4491.0
-752.0  85.0  85.0  85.0  3085.0  3167.0  4267.0  4267.0  4267.0  4267.0  4267.0  4371.0  4491.0  4491.0  4491.0
-752.0  85.0  85.0  85.0  3085.0  3167.0  4267.0  4267.0  4267.0  4267.0  4267.0  4371.0  4491.0  4491.0  4491.0
-752.0  85.0  85.0  85.0  3085.0  3167.0  4267.0  4267.0  4267.0  4267.0  4267.0  4371.0  4491.0  4491.0  4491.0
-752.0  85.0  85.0  85.0  3085.0  3167.0  4267.0  4267.0  4267.0  4267.0  4267.0  4371.0  4491.0  4491.0  4491.0
-752.0  85.0  85.0  85.0  3085.0  3167.0  4267.0  4267.0  4267.0  4267.0  4267.0  4371.0  4491.0  4491.0  4491.0
-752.0  85.0  85.0  85.0  85.0  3085.0  3167.0  4267.0  4267.0  4267.0  4267.0  4267.0  4371.0  4491.0  4491.0  4491.0
-752.0  85.0  85.0  85.0  85.0  3085.0  3167.0  4267.0  4267.0  4267.0  4267.0  4267.0  4371.0  4491.0  4491.0  4491.0  4491.0
-752.0  85.0  85.0  85.0  85.0  3085.0  3167.0  4267.0  4267.0  4267.0  4267.0  4267.0  4371.0  4491.0  4491.0  4491.0  4491.0
-752.0  85.0  85.0  85.0  85.0  3085.0  3167.0  4267.0  4267.0  4267.0  4267.0  4267.0  4371.0  4491.0  4491.0  4491.0  4491.0
-752.0  85.0  85.0  85.0  85.0  3085.0  3167.0  4267.0  4267.0  4267.0  4267.0  4267.0  4371.0  4491.0  4491.0  4491.0  4491.0
-752.0  85.0  85.0  85.0  85.0  3085.0  3167.0  4267.0  4267.0  4267.0  4267.0  4267.0  4371.0  4491.0  4491.0  4491.0  4491.0
-752.0  85.0  85.0  85.0  85.0  3085.0  3167.0  4267.0  4267.0  4267.0  4267.0  4267.0  4371.0  4491.0  4491.0  4491.0  4491.0
-752.0  85.0  85.0  85.0  85.0  3085.0  3167.0  4267.0  4267.0  4267.0  4267.0  4267.0  4371.0  4491.0  4491.0  4491.0  4491.0
-752.0  85.0  85.0  85.0  85.0  3085.0  3167.0  4267.0  4267.0  4267.0  4267.0  4267.0  4371.0  4491.0  4491.0  4491.0  4491.0
-752.0  85.0  85.0  85.0  85.0  3085.0  3167.0  4267.0  4267.0  4267.0  4267.0  4267.0  4371.0  4491.0  4491.0  4491.0  4491.0
-752.0  85.0  85.0  85.0  85.0  3085.0  3167.0  4267.0  4267.0  4267.0  4267.0  4267.0  4371.0  4491.0  4491.0  4491.0  4491.0
-752.0  85.0  85.0  85.0  85.0  3085.0  3167.0  4267.0  4267.0  4267.0  4267.0  4267.0  4371.0  4491.0  4491.0  4491.0  4491.0
-752.0  85.0  85.0  85.0  85.0  3085.0  3167.0  4267.0  4267.0  4267.0  4267.0  4267.0  4371.0  4491.0  4491.0  4491.0  4491.0
-752.0  85.0  85.0  85.0  85.0  3085.0  3167.0  4267.0  4267.0  4267.0  4267.0  4267.0  4371.0  4491.0  4491.0  4491.0  4491.0
-752.0  85.0  85.0  85.0  85.0  3085.0  3167.0  4267.0  4267.0  4267.0  4267.0  4267.0  4371.0  4491.0  4491.0  4491.0  4491.0
-752.0  85.0  85.0  85.0  85.0  3085.0  3167.0  4267.0  4267.0  4267.0  4267.0  4267.0  4371.0  4491.0  4491.0  4491.0  4491.0
-752.0  85.0  85.0  85.0  85.0  3085.0  3167.0  4267.0  4267.0  4267.0  4267.0  4267.0  4371.0  4491.0  4491.0  4491.0  4491.0
-752.0  85.0  85.0  85.0  85.0  3085.0  3167.0  4267.0  4267.0  4267.0  4267.0  4267.0  4371.0  4491.0  4491.0  4491.0  4491.0
-752.0  85.0  85.0  85.0  85.0  3085.0  3167.0  4267.0  4267.0  4267.0  4267.0  4267.0  4371.0  4491.0  4491.0  4491.0  4491.0
-752.0  85.0  85.0  85.0  85.0  3085.0  3167.0  4267.0  4267.0  4267.0  4267.0  4267.0  4371.0  4491.0  4491.0  4491.0  4491.0
-752.0  85.0  85.0  85.0  85.0  3085.0  3167.0  4267.0  4267.0  4267.0  4267.0  4267.0  4371.0  4491.0  4491.0  4491.0  4491.0
-752.0  85.0  85.0  85.0  85.0  3085.0  3167.0  4267.0  4267.0  4267.0  4267.0  4267.0  4371.0  4491.0  4491.0  4491.0  4491.0
-752.0  85.0  85.0  85.0  85.0  3085.0  3167.0  4267.0  4267.0  4267.0  4267.0  4267.0  4371.0  4491.0  4491.0  4491.0  4491.0
-752.0  85.0  85.0  85.0  85.0  3085.0  3167.0  4267.0  4267.0  4267.0  4267.0  4267.0  4371.0  4491.0  4491.0  4491.0  4491.0
-752.0  85.0  85.0  85.0  85.0  3085.0  3167.0  4267.0  4267.0  4267.0  4267.0  4267.0  4371.0  4491.0  4491.0  4491.0  4491.0
-752.0  85.0  85.0  85.0  85.0  3085.0  3167.0  4267.0  4267.0  4267.0  4267.0  4267.0  4371.0  4491.0  4491.0  4491.0  4491.0
-752.0  85.0  85.0  85.0  85.0  85.0  3085.0  3167.0  4267.0  4267.0  4267.0  4267.0  4267.0  4371.0  4491.0  4491.0  4491.0  4491.0
-752.0  85.0  85.0  85.0  85.0  85.0  3085.0  3167.0  4267.0  4267.0  4267.0  4267.0  4267.0  4371.0  4491.0  4491.0  4491.0  4491.0
-752.0  85.0  85.0  85.0  85.0  85.0  3085.0  3167.0  4267.0  4267.0  4267.0  4267.0  4267.0  4371.0  4491.0  4491.0  4491.0  4491.0
-752.0  85.0  85.0  85.0  85.0  85.0  3085.0  3167.0  4267.0  4267.0  4267.0  4267.0  4267.0  4371.0  4491.0  4491.0  4491.0  4491.0
-752.0  85.0  85.0  85.0  85.0  85.0  3085.0  3167.0  4267.0  4267.0  4267.0  4267.0  4267.0  4371.0  4491.0  4491.0  4491.0  4491.0
-752.0  85.0  85.0  85.0  85.0  85.0  3085.0  3167.0  4267.0  4267.0  4267.0  4267.0  4267.0  4371.0  4491.0  4491.0  4491.0  4491.0
-752.0  85.0  85.0  85.0  85.0  85.0  3085.0  3167.0  4267.0  4267.0  4267.0  4267.0  4267.0  4371.0  4491.0  4491.0  4491.0  4491.0
-752.0  85.0  85.0  85.0  85.0  85.0  3085.0  3167.0  4267.0  4267.0  4267.0  4267.0  4267.0  4371.0  4491.0  4491.0  4491.0  4491.0
-752.0  85.0  85.0  85.0  85.0  85.0  85.0  3085.0  3167.0  4267.0  4267.0  4267.0  4267.0  4267.0  4371.0  4491.0  4491.0  4491.0  4491.0
-752.0  85.0  85.0  85.0  85.0  85.0  85.0  3085.0  3167.0  4267.0  4267.0  4267.0  4267.0  4267.0  4371.0  4491.0  4491.0  4491.0  4491.0
-752.0  85.0  85.0  85.0  85.0  85.0  85.0  3085.0  3167.0  4267.0  4267.0  4267.0  4267.0  4267.0  4371.0  4491.0  4491.0  4491.0  4491.0
-752.0  85.0  85.0  85.0  85.0  85.0  85.0  3085.0  3167.0  4267.0  4267.0  4267.0  4267.0  4267.0  4371.0  4491.0  4491.0  4491.0  4491.0
-752.0  85.0  85.0  85.0  85.0  85.0  85.0  3085.0  3167.0  4267.0  4267.0  4267.0  4267.0  4267.0  4371.0  4491.0  4491.0  4491.0  4491.0
-752.0  85.0  85.0  85.0  85.0  85.0  85.0  3085.0  3167.0  4267.0  4267.0  4267.0  4267.0  4267.0  4267.0  4371.0  4491.0  4491.0  4491.0  4491.0
-752.0  85.0  85.0  85.0  85.0  85.0  85.0  3085.0  3167.0  4267.0  4267.0  4267.0  4267.0  4267.0  4267.0  4371.0  4491.0  4491.0  4491.0  4491.0
-752.0  85.0  85.0  85.0  85.0  85.0  85.0  3085.0  3167.0  4267.0  4267.0  4267.0  4267.0  4267.0  4267.0  4371.0  4491.0  4491.0  4491.0  4491.0
-752.0  85.0  85.0  85.0  85.0  85.0  85.0  3085.0  3167.0  4267.0  4267.0  4267.0  4267.0  4267.0  4267.0  4371.0  4491.0  4491.0  4491.0  4491.0
