1 11.9881
2 11.9881
3 11.9881
4 11.9881
5 11.9881
6 11.9881
7 11.9881
8 11.9881
9 11.9881
10 11.9881
11 11.9881
12 11.9881
13 11.9881
14 11.9881
15 11.9881
16 11.9881
17 11.9881
18 11.9881
19 11.9881
20 11.9881
21 11.9881
22 11.9881
23 11.9881
24 11.9881
25 11.9881
26 11.9881
27 11.9881
28 11.9881
29 11.9881
30 11.9881
31 11.9881
32 11.9881
33 11.9881
34 11.9881
35 11.9881
36 11.9881
37 11.9881
38 11.9881
39 11.9881
40 11.9881
41 11.9881
42 11.9881
43 11.9881
44 11.9881
45 11.9881
46 11.9881
47 11.9881
48 11.9881
49 11.9881
50 11.9881
51 11.9881
52 11.9881
53 11.9881
54 11.9881
55 11.9881
56 11.9881
57 11.9881
58 11.9881
59 11.9881
60 11.9881
61 11.9881
62 11.9881
63 11.9881
64 11.9881
65 11.9881
66 11.9881
67 11.9881
68 11.9881
69 11.9881
70 11.9881
71 11.9881
72 11.9881
73 11.9881
74 11.9881
75 11.9881
76 11.9881
77 11.9881
78 11.9881
79 11.9881
80 11.9881
81 11.9881
82 11.9881
83 11.9881
84 11.9881
85 11.9881
86 11.9881
87 11.9881
88 11.9881
89 11.9881
90 11.9881
91 11.9881
92 11.9881
93 11.9881
94 11.9881
95 11.9881
96 11.9881
97 11.9881
98 11.9881
99 11.9881
100 11.9881
101 11.9881
102 11.9881
103 11.9881
104 11.9881
105 11.9881
106 11.9881
107 11.9881
108 11.9881
109 11.9881
110 11.9881
111 11.9881
112 11.9881
113 11.9881
114 11.9881
115 11.9881
116 11.9881
117 11.9881
118 11.9881
119 11.9881
120 11.9881
121 11.9881
122 11.9881
123 11.9881
124 11.9881
125 11.9881
126 11.9881
127 11.9881
128 11.9881
129 11.9881
130 11.9881
131 11.9881
132 11.9881
133 11.9881
134 11.9881
135 11.9881
136 11.9881
137 11.9881
138 11.9881
139 11.9881
140 11.9881
141 11.9881
142 11.9881
143 11.9881
144 11.9881
145 11.9881
146 11.9881
147 11.9881
148 11.9881
149 11.9881
150 11.9881
151 11.9881
152 11.9881
153 11.9881
154 11.9881
155 11.9881
156 11.9881
157 11.9881
158 11.9881
159 11.9881
160 11.9881
161 11.9881
162 11.9881
163 11.9881
164 11.9881
165 11.9881
166 11.9881
167 11.9881
168 11.9881
169 11.9881
170 11.9881
171 11.9881
172 11.9881
173 11.9881
174 11.9881
175 11.9881
176 11.9881
177 11.9881
178 11.9881
179 11.9881
180 11.9881
181 11.9881
182 11.9881
183 11.9881
184 11.9881
185 11.9881
186 11.9881
187 11.9881
188 11.9881
189 11.9881
190 11.9881
191 11.9881
192 11.9881
193 11.9881
194 11.9881
195 11.9881
196 11.9881
197 11.9881
198 11.9881
199 11.9881
200 11.9881
201 11.9881
202 11.9881
203 11.9881
204 11.9881
205 11.9881
206 11.9881
207 11.9881
208 11.9881
209 11.9881
210 11.9881
211 11.9881
212 11.9881
213 11.9881
214 11.9881
215 11.9881
216 11.9881
217 11.9881
218 11.9881
219 11.9881
220 11.9881
221 11.9881
222 11.9881
223 11.9881
224 11.9881
225 11.9881
226 11.9881
227 11.9881
228 11.9881
229 11.9881
230 11.9881
231 11.9881
232 11.9881
233 11.9881
234 11.9881
235 11.9881
236 11.9881
237 11.9881
238 12
239 11.7494
240 11.0365
241 10.1769
242 9.28671
243 8.39897
244 7.52416
245 6.66443
246 5.81996
247 4.99022
248 4.17478
249 3.37358
250 2.58699
251 1.81579
252 1.80616
253 1.84803
254 1.69577
255 1.69787
256 1.49729
257 1.48704
258 1.50867
259 1.46985
260 1.48353
261 1.44094
262 1.25628
263 1.24957
264 1.26554
265 1.27821
266 1.28521
267 1.28847
268 1.28982
269 1.29032
270 1.29049
271 1.29053
272 1.2906
273 1.29058
274 1.29059
275 1.29062
276 1.29059
277 1.29048
278 1.29022
279 1.28961
280 1.28825
281 1.28539
282 1.27974
283 1.26923
284 1.25117
285 1.22351
286 1.20367
287 1.17212
288 1.12924
289 1.09729
290 1.26277
291 1.22501
292 1.78952
293 2.36947
294 2.96942
295 3.59262
296 4.24122
297 4.9166
298 5.61958
299 6.35067
300 7.10998
301 7.89693
302 8.70916
303 9.54106
304 10.378
305 11.1743
306 11.8061
307 11.9969
308 11.9881
309 11.9881
310 11.9881
311 11.9881
312 11.9881
313 11.9881
314 11.9881
315 11.9881
316 11.9881
317 11.9881
318 11.9881
319 11.9881
320 11.9881
321 11.9881
322 11.9881
323 11.9881
324 11.9881
325 11.9881
326 11.9881
327 11.9881
328 11.9881
329 11.9881
330 11.9881
331 11.9881
332 11.9881
333 11.9881
334 11.9881
335 11.9881
336 11.9881
337 11.9881
338 11.9881
339 11.9881
340 11.9881
341 11.9881
342 11.9881
343 11.9881
344 11.9881
345 11.9881
346 11.9881
347 11.9881
348 11.9881
349 11.9881
350 11.9881
351 11.9881
352 11.9881
353 11.9881
354 11.9881
355 11.9881
356 11.9881
357 11.9881
358 11.9881
359 11.9881
360 11.9881
361 11.9881
362 11.9881
363 11.9881
364 11.9881
365 11.9881
366 11.9881
367 11.9881
368 11.9881
369 11.9881
370 11.9881
371 11.9881
372 11.9881
373 11.9881
374 11.9881
375 11.9881
376 11.9881
377 11.9881
378 11.9881
379 11.9881
380 11.9881
381 11.9881
382 11.9881
383 11.9881
384 11.9881
385 11.9881
386 11.9881
387 11.9881
388 11.9881
389 11.9881
390 11.9881
391 11.9881
392 11.9881
393 11.9881
394 11.9881
395 11.9881
396 11.9881
397 11.9881
398 11.9881
399 11.9881
400 11.9881
401 11.9881
402 11.9881
403 11.9881
404 11.9881
405 11.9881
406 11.9881
407 11.9881
408 11.9881
409 11.9881
410 11.9881
411 11.9881
412 11.9881
413 11.9881
414 11.9881
415 11.9881
416 11.9881
417 11.9881
418 11.9881
419 11.9881
420 11.9881
421 11.9881
422 11.9881
423 11.9881
424 11.9881
425 11.9881
426 11.9881
427 11.9881
428 11.9881
429 11.9881
430 11.9881
431 11.9881
432 11.9881
433 11.9881
434 11.9881
435 11.9881
436 11.9881
437 11.9881
438 11.9881
439 11.9881
440 11.9881
441 11.9881
442 11.9881
443 11.9881
444 11.9881
445 11.9881
446 11.9881
447 11.9881
448 11.9881
449 11.9881
450 11.9881
451 11.9881
452 11.9881
453 11.9881
454 11.9881
455 11.9881
456 11.9881
457 11.9881
458 11.9881
459 11.9881
460 11.9881
461 11.9881
462 11.9881
463 11.9881
464 11.9881
465 11.9881
466 11.9881
467 11.9881
468 11.9881
469 11.9881
470 11.9881
471 11.9881
472 11.9881
473 11.9881
474 11.9881
475 11.9881
476 11.9881
477 11.9881
478 11.9881
479 11.9881
480 11.9881
481 11.9881
482 11.9881
483 11.9881
484 11.9881
485 11.9881
486 11.9881
487 11.9881
488 11.9881
489 11.9881
490 11.9881
491 11.9881
492 11.9881
493 11.9881
494 11.9881
495 11.9881
496 11.9881
497 11.9881
498 11.9881
499 11.9881
500 11.9881
501 11.9881
502 11.9881
503 11.9881
504 11.9881
505 11.9881
506 11.9881
507 11.9881
508 11.9881
509 11.9881
510 11.9881
511 11.9881
512 11.9881
513 11.9881
514 11.9881
515 11.9881
516 11.9881
517 11.9881
518 11.9881
519 11.9881
520 11.9881
521 11.9881
522 11.9881
523 11.9881
524 11.9881
525 11.9881
526 11.9881
527 11.9881
528 11.9881
529 11.9881
530 11.9881
531 11.9881
532 11.9881
533 11.9881
534 11.9881
535 11.9881
536 11.9881
537 11.9881
538 11.9881
539 11.9881
540 11.9881
541 11.9881
542 11.9881
