1 11.9451
2 11.9451
3 11.9451
4 11.9451
5 11.9451
6 11.9451
7 11.9451
8 11.9451
9 11.9451
10 11.9451
11 11.9451
12 11.9451
13 11.9451
14 11.9451
15 11.9451
16 11.9451
17 11.9451
18 11.9451
19 11.9451
20 11.9451
21 11.9451
22 11.9451
23 11.9451
24 11.9451
25 11.9451
26 11.9451
27 11.9451
28 11.9451
29 11.9451
30 11.9451
31 11.9451
32 11.9451
33 11.9451
34 11.9451
35 11.9451
36 11.9451
37 11.9451
38 11.9451
39 11.9451
40 11.9451
41 11.9451
42 11.9451
43 11.9451
44 11.9451
45 11.9451
46 11.9451
47 11.9451
48 11.9451
49 11.9451
50 11.9451
51 11.9451
52 11.9451
53 11.9451
54 11.9451
55 11.9451
56 11.9451
57 11.9451
58 11.9451
59 11.9451
60 11.9451
61 11.9451
62 11.9451
63 11.9451
64 11.9451
65 11.9451
66 11.9451
67 11.9451
68 11.9451
69 11.9451
70 11.9451
71 11.9451
72 11.9451
73 11.9451
74 11.9451
75 11.9451
76 11.9451
77 11.9451
78 11.9451
79 11.9451
80 11.9451
81 11.9451
82 11.9451
83 11.9451
84 11.9451
85 11.9451
86 11.9451
87 11.9451
88 11.9451
89 11.9451
90 11.9451
91 11.9451
92 11.9451
93 11.9451
94 11.9451
95 11.9451
96 11.9451
97 11.9451
98 11.9451
99 11.9451
100 11.9451
101 11.9451
102 11.9451
103 11.9451
104 11.9451
105 11.9451
106 11.9451
107 11.9451
108 11.9451
109 11.9451
110 11.9451
111 11.9451
112 11.9451
113 11.9451
114 11.9451
115 11.9451
116 11.9451
117 11.9451
118 11.9451
119 11.9451
120 11.9451
121 11.9451
122 11.9451
123 11.9451
124 11.9451
125 11.9451
126 11.9451
127 11.9451
128 11.9451
129 11.9451
130 11.9451
131 11.9451
132 11.9451
133 11.9451
134 11.9451
135 11.9451
136 11.9451
137 11.9451
138 11.9451
139 11.9451
140 11.9451
141 11.9451
142 11.9451
143 11.9451
144 11.9451
145 11.9451
146 11.9451
147 11.9451
148 11.9451
149 11.9451
150 11.9451
151 11.9451
152 11.9451
153 11.9451
154 11.9451
155 11.9451
156 11.9451
157 11.9451
158 11.9451
159 11.9451
160 11.9451
161 11.9451
162 11.9451
163 11.9451
164 11.9451
165 11.9451
166 11.9451
167 11.9451
168 11.9451
169 11.9451
170 11.9451
171 11.9451
172 11.9451
173 11.9451
174 11.9451
175 11.9451
176 11.9451
177 11.9451
178 11.9451
179 11.9451
180 11.9451
181 11.9451
182 11.9451
183 11.9451
184 11.9451
185 11.9451
186 11.9451
187 11.9451
188 11.9451
189 11.9451
190 11.9451
191 11.9451
192 11.9451
193 11.9451
194 11.9451
195 11.9451
196 11.9451
197 11.9451
198 11.9451
199 11.9451
200 11.9451
201 11.9451
202 11.9451
203 11.9451
204 11.9451
205 11.9451
206 11.9451
207 11.9451
208 11.9451
209 11.9451
210 11.9451
211 11.9451
212 11.9451
213 11.9451
214 11.9451
215 11.9451
216 11.9451
217 11.9451
218 11.9451
219 11.9451
220 11.9451
221 11.9451
222 11.9451
223 11.9451
224 11.9451
225 11.9451
226 11.9451
227 11.9451
228 11.9451
229 11.9451
230 11.9451
231 11.9451
232 11.9451
233 11.9451
234 11.9451
235 11.9451
236 11.9451
237 11.9451
238 11.9451
239 11.9451
240 11.9451
241 11.9451
242 11.9451
243 11.9451
244 11.9451
245 11.9451
246 11.9451
247 11.9451
248 12
249 11.7363
250 11.2353
251 10.7421
252 10.7929
253 10.9415
254 10.8507
255 10.9045
256 10.5162
257 10.4198
258 10.4081
259 9.99663
260 9.88624
261 9.37617
262 8.54563
263 8.49498
264 8.52427
265 8.56371
266 8.59538
267 8.61647
268 8.63432
269 8.67193
270 8.79666
271 9.31043
272 9.40362
273 9.67147
274 9.31367
275 8.36761
276 8.21149
277 8.1748
278 8.17025
279 8.17219
280 8.17066
281 8.1624
282 8.14936
283 8.14047
284 8.15947
285 8.27874
286 8.26581
287 8.258
288 8.27311
289 8.36883
290 9.04243
291 9.12593
292 10.0821
293 10.9975
294 11.7671
295 11.9451
296 11.9451
297 11.9451
298 11.9451
299 11.9451
300 11.9451
301 11.9451
302 11.9451
303 11.9451
304 11.9451
305 11.9451
306 11.9451
307 11.9451
308 11.9451
309 11.9451
310 11.9451
311 11.9451
312 11.9451
313 11.9451
314 11.9451
315 11.9451
316 11.9451
317 11.9451
318 11.9451
319 11.9451
320 11.9451
321 11.9451
322 11.9451
323 11.9451
324 11.9451
325 11.9451
326 11.9451
327 11.9451
328 11.9451
329 11.9451
330 11.9451
331 11.9451
332 11.9451
333 11.9451
334 11.9451
335 11.9451
336 11.9451
337 11.9451
338 11.9451
339 11.9451
340 11.9451
341 11.9451
342 11.9451
343 11.9451
344 11.9451
345 11.9451
346 11.9451
347 11.9451
348 11.9451
349 11.9451
350 11.9451
351 11.9451
352 11.9451
353 11.9451
354 11.9451
355 11.9451
356 11.9451
357 11.9451
358 11.9451
359 11.9451
360 11.9451
361 11.9451
362 11.9451
363 11.9451
364 11.9451
365 11.9451
366 11.9451
367 11.9451
368 11.9451
369 11.9451
370 11.9451
371 11.9451
372 11.9451
373 11.9451
374 11.9451
375 11.9451
376 11.9451
377 11.9451
378 11.9451
379 11.9451
380 11.9451
381 11.9451
382 11.9451
383 11.9451
384 11.9451
385 11.9451
386 11.9451
387 11.9451
388 11.9451
389 11.9451
390 11.9451
391 11.9451
392 11.9451
393 11.9451
394 11.9451
395 11.9451
396 11.9451
397 11.9451
398 11.9451
399 11.9451
400 11.9451
401 11.9451
402 11.9451
403 11.9451
404 11.9451
405 11.9451
406 11.9451
407 11.9451
408 11.9451
409 11.9451
410 11.9451
411 11.9451
412 11.9451
413 11.9451
414 11.9451
415 11.9451
416 11.9451
417 11.9451
418 11.9451
419 11.9451
420 11.9451
421 11.9451
422 11.9451
423 11.9451
424 11.9451
425 11.9451
426 11.9451
427 11.9451
428 11.9451
429 11.9451
430 11.9451
431 11.9451
432 11.9451
433 11.9451
434 11.9451
435 11.9451
436 11.9451
437 11.9451
438 11.9451
439 11.9451
440 11.9451
441 11.9451
442 11.9451
443 11.9451
444 11.9451
445 11.9451
446 11.9451
447 11.9451
448 11.9451
449 11.9451
450 11.9451
451 11.9451
452 11.9451
453 11.9451
454 11.9451
455 11.9451
456 11.9451
457 11.9451
458 11.9451
459 11.9451
460 11.9451
461 11.9451
462 11.9451
463 11.9451
464 11.9451
465 11.9451
466 11.9451
467 11.9451
468 11.9451
469 11.9451
470 11.9451
471 11.9451
472 11.9451
473 11.9451
474 11.9451
475 11.9451
476 11.9451
477 11.9451
478 11.9451
479 11.9451
480 11.9451
481 11.9451
482 11.9451
483 11.9451
484 11.9451
485 11.9451
486 11.9451
487 11.9451
488 11.9451
489 11.9451
490 11.9451
491 11.9451
492 11.9451
493 11.9451
494 11.9451
495 11.9451
496 11.9451
497 11.9451
498 11.9451
499 11.9451
500 11.9451
501 11.9451
502 11.9451
503 11.9451
504 11.9451
505 11.9451
506 11.9451
507 11.9451
508 11.9451
509 11.9451
510 11.9451
511 11.9451
512 11.9451
513 11.9451
514 11.9451
515 11.9451
516 11.9451
517 11.9451
518 11.9451
519 11.9451
520 11.9451
521 11.9451
522 11.9451
523 11.9451
524 11.9451
525 11.9451
526 11.9451
527 11.9451
528 11.9451
529 11.9451
530 11.9451
531 11.9451
532 11.9451
533 11.9451
534 11.9451
535 11.9451
536 11.9451
537 11.9451
538 11.9451
539 11.9451
540 11.9451
541 11.9451
542 11.9451
