1 11.987
2 11.987
3 11.987
4 11.987
5 11.987
6 11.987
7 11.987
8 11.987
9 11.987
10 11.987
11 11.987
12 11.987
13 11.987
14 11.987
15 11.987
16 11.987
17 11.987
18 11.987
19 11.987
20 11.987
21 11.987
22 11.987
23 11.987
24 11.987
25 11.987
26 11.987
27 11.987
28 11.987
29 11.987
30 11.987
31 11.987
32 11.987
33 11.987
34 11.987
35 11.987
36 11.987
37 11.987
38 11.987
39 11.987
40 11.987
41 11.987
42 11.987
43 11.987
44 11.987
45 11.987
46 11.987
47 11.987
48 11.987
49 11.987
50 11.987
51 11.987
52 11.987
53 11.987
54 11.987
55 11.987
56 11.987
57 11.987
58 11.987
59 11.987
60 11.987
61 11.987
62 11.987
63 11.987
64 11.987
65 11.987
66 11.987
67 11.987
68 11.987
69 11.987
70 11.987
71 11.987
72 11.987
73 11.987
74 11.987
75 11.987
76 11.987
77 11.987
78 11.987
79 11.987
80 11.987
81 11.987
82 11.987
83 11.987
84 11.987
85 11.987
86 11.987
87 11.987
88 11.987
89 11.987
90 11.987
91 11.987
92 11.987
93 11.987
94 11.987
95 11.987
96 11.987
97 11.987
98 11.987
99 11.987
100 11.987
101 11.987
102 11.987
103 11.987
104 11.987
105 11.987
106 11.987
107 11.987
108 11.987
109 11.987
110 11.987
111 11.987
112 11.987
113 11.987
114 11.987
115 11.987
116 11.987
117 11.987
118 11.987
119 11.987
120 11.987
121 11.987
122 11.987
123 11.987
124 11.987
125 11.987
126 11.987
127 11.987
128 11.987
129 11.987
130 11.987
131 11.987
132 11.987
133 11.987
134 11.987
135 11.987
136 11.987
137 11.987
138 11.987
139 11.987
140 11.987
141 11.987
142 11.987
143 11.987
144 11.987
145 11.987
146 11.987
147 11.987
148 11.987
149 11.987
150 11.987
151 11.987
152 11.987
153 11.987
154 11.987
155 11.987
156 11.987
157 11.987
158 11.987
159 11.987
160 11.987
161 11.987
162 11.987
163 11.987
164 11.987
165 11.987
166 11.987
167 11.987
168 11.987
169 11.987
170 11.987
171 11.987
172 11.987
173 11.987
174 11.987
175 11.987
176 11.987
177 11.987
178 11.987
179 11.987
180 11.987
181 11.987
182 11.987
183 11.987
184 11.987
185 11.987
186 11.987
187 11.987
188 11.987
189 11.987
190 11.987
191 11.987
192 11.987
193 11.987
194 11.987
195 11.987
196 11.987
197 11.987
198 11.987
199 11.987
200 11.987
201 11.987
202 11.987
203 11.987
204 11.987
205 11.987
206 11.987
207 11.987
208 11.987
209 11.987
210 11.987
211 11.987
212 11.987
213 11.987
214 11.987
215 11.987
216 11.987
217 11.987
218 11.987
219 11.987
220 11.987
221 11.987
222 11.987
223 11.987
224 11.987
225 11.987
226 11.987
227 11.987
228 11.987
229 11.987
230 11.987
231 11.987
232 11.987
233 11.987
234 11.987
235 11.987
236 11.987
237 12
238 11.8109
239 11.1236
240 10.2706
241 9.3942
242 8.52484
243 7.66917
244 6.82827
245 6.00187
246 5.18965
247 4.39163
248 3.60826
249 2.84032
250 2.08889
251 1.35525
252 1.35435
253 1.40027
254 1.29523
255 1.31019
256 1.17814
257 1.1835
258 1.20748
259 1.20127
260 1.22044
261 1.21668
262 1.14075
263 1.15024
264 1.1651
265 1.17414
266 1.17842
267 1.18018
268 1.18083
269 1.18105
270 1.18111
271 1.18113
272 1.18115
273 1.18114
274 1.18114
275 1.18114
276 1.18113
277 1.18107
278 1.18092
279 1.18053
280 1.1796
281 1.17753
282 1.17319
283 1.16477
284 1.14989
285 1.12703
286 1.10999
287 1.08272
288 1.04612
289 1.02255
290 1.19324
291 1.1613
292 1.71458
293 2.27059
294 2.83571
295 3.4156
296 4.01473
297 4.63635
298 5.28263
299 5.95499
300 6.65428
301 7.38103
302 8.13529
303 8.91615
304 9.71928
305 10.5348
306 11.3189
307 11.8826
308 11.9958
309 11.987
310 11.987
311 11.987
312 11.987
313 11.987
314 11.987
315 11.987
316 11.987
317 11.987
318 11.987
319 11.987
320 11.987
321 11.987
322 11.987
323 11.987
324 11.987
325 11.987
326 11.987
327 11.987
328 11.987
329 11.987
330 11.987
331 11.987
332 11.987
333 11.987
334 11.987
335 11.987
336 11.987
337 11.987
338 11.987
339 11.987
340 11.987
341 11.987
342 11.987
343 11.987
344 11.987
345 11.987
346 11.987
347 11.987
348 11.987
349 11.987
350 11.987
351 11.987
352 11.987
353 11.987
354 11.987
355 11.987
356 11.987
357 11.987
358 11.987
359 11.987
360 11.987
361 11.987
362 11.987
363 11.987
364 11.987
365 11.987
366 11.987
367 11.987
368 11.987
369 11.987
370 11.987
371 11.987
372 11.987
373 11.987
374 11.987
375 11.987
376 11.987
377 11.987
378 11.987
379 11.987
380 11.987
381 11.987
382 11.987
383 11.987
384 11.987
385 11.987
386 11.987
387 11.987
388 11.987
389 11.987
390 11.987
391 11.987
392 11.987
393 11.987
394 11.987
395 11.987
396 11.987
397 11.987
398 11.987
399 11.987
400 11.987
401 11.987
402 11.987
403 11.987
404 11.987
405 11.987
406 11.987
407 11.987
408 11.987
409 11.987
410 11.987
411 11.987
412 11.987
413 11.987
414 11.987
415 11.987
416 11.987
417 11.987
418 11.987
419 11.987
420 11.987
421 11.987
422 11.987
423 11.987
424 11.987
425 11.987
426 11.987
427 11.987
428 11.987
429 11.987
430 11.987
431 11.987
432 11.987
433 11.987
434 11.987
435 11.987
436 11.987
437 11.987
438 11.987
439 11.987
440 11.987
441 11.987
442 11.987
443 11.987
444 11.987
445 11.987
446 11.987
447 11.987
448 11.987
449 11.987
450 11.987
451 11.987
452 11.987
453 11.987
454 11.987
455 11.987
456 11.987
457 11.987
458 11.987
459 11.987
460 11.987
461 11.987
462 11.987
463 11.987
464 11.987
465 11.987
466 11.987
467 11.987
468 11.987
469 11.987
470 11.987
471 11.987
472 11.987
473 11.987
474 11.987
475 11.987
476 11.987
477 11.987
478 11.987
479 11.987
480 11.987
481 11.987
482 11.987
483 11.987
484 11.987
485 11.987
486 11.987
487 11.987
488 11.987
489 11.987
490 11.987
491 11.987
492 11.987
493 11.987
494 11.987
495 11.987
496 11.987
497 11.987
498 11.987
499 11.987
500 11.987
501 11.987
502 11.987
503 11.987
504 11.987
505 11.987
506 11.987
507 11.987
508 11.987
509 11.987
510 11.987
511 11.987
512 11.987
513 11.987
514 11.987
515 11.987
516 11.987
517 11.987
518 11.987
519 11.987
520 11.987
521 11.987
522 11.987
523 11.987
524 11.987
525 11.987
526 11.987
527 11.987
528 11.987
529 11.987
530 11.987
531 11.987
532 11.987
533 11.987
534 11.987
535 11.987
536 11.987
537 11.987
538 11.987
539 11.987
540 11.987
541 11.987
542 11.987
