1 11.9977
2 11.9977
3 11.9977
4 11.9977
5 11.9977
6 11.9977
7 11.9977
8 11.9977
9 11.9977
10 11.9977
11 11.9977
12 11.9977
13 11.9977
14 11.9977
15 11.9977
16 11.9977
17 11.9977
18 11.9977
19 11.9977
20 11.9977
21 11.9977
22 11.9977
23 11.9977
24 11.9977
25 11.9977
26 11.9977
27 11.9977
28 11.9977
29 11.9977
30 11.9977
31 11.9977
32 11.9977
33 11.9977
34 11.9977
35 11.9977
36 11.9977
37 11.9977
38 11.9977
39 11.9977
40 11.9977
41 11.9977
42 11.9977
43 11.9977
44 11.9977
45 11.9977
46 11.9977
47 11.9977
48 11.9977
49 11.9977
50 11.9977
51 11.9977
52 11.9977
53 11.9977
54 11.9977
55 11.9977
56 11.9977
57 11.9977
58 11.9977
59 11.9977
60 11.9977
61 11.9977
62 11.9977
63 11.9977
64 11.9977
65 11.9977
66 11.9977
67 11.9977
68 11.9977
69 11.9977
70 11.9977
71 11.9977
72 11.9977
73 11.9977
74 11.9977
75 11.9977
76 11.9977
77 11.9977
78 11.9977
79 11.9977
80 11.9977
81 11.9977
82 11.9977
83 11.9977
84 11.9977
85 11.9977
86 11.9977
87 11.9977
88 11.9977
89 11.9977
90 11.9977
91 11.9977
92 11.9977
93 11.9977
94 11.9977
95 11.9977
96 11.9977
97 11.9977
98 11.9977
99 11.9977
100 11.9977
101 11.9977
102 11.9977
103 11.9977
104 11.9977
105 11.9977
106 11.9977
107 11.9977
108 11.9977
109 11.9977
110 11.9977
111 11.9977
112 11.9977
113 11.9977
114 11.9977
115 11.9977
116 11.9977
117 11.9977
118 11.9977
119 11.9977
120 11.9977
121 11.9977
122 11.9977
123 11.9977
124 11.9977
125 11.9977
126 11.9977
127 11.9977
128 11.9977
129 11.9977
130 11.9977
131 11.9977
132 11.9977
133 11.9977
134 11.9977
135 11.9977
136 11.9977
137 11.9977
138 11.9977
139 11.9977
140 11.9977
141 11.9977
142 11.9977
143 11.9977
144 11.9977
145 11.9977
146 11.9977
147 11.9977
148 11.9977
149 11.9977
150 11.9977
151 11.9977
152 11.9977
153 11.9977
154 11.9977
155 11.9977
156 11.9977
157 11.9977
158 11.9977
159 11.9977
160 11.9977
161 11.9977
162 11.9977
163 11.9977
164 11.9977
165 11.9977
166 11.9977
167 11.9977
168 11.9977
169 11.9977
170 11.9977
171 11.9977
172 11.9977
173 11.9977
174 11.9977
175 11.9977
176 11.9977
177 11.9977
178 11.9977
179 11.9977
180 11.9977
181 11.9977
182 11.9977
183 11.9977
184 11.9977
185 11.9977
186 11.9977
187 11.9977
188 11.9977
189 11.9977
190 11.9977
191 11.9977
192 11.9977
193 11.9977
194 11.9977
195 11.9977
196 11.9977
197 11.9977
198 11.9977
199 11.9977
200 11.9977
201 11.9977
202 11.9977
203 11.9977
204 11.9977
205 11.9977
206 11.9977
207 11.9977
208 11.9977
209 11.9977
210 11.9977
211 11.9977
212 11.9977
213 11.9977
214 11.9977
215 11.9977
216 11.9977
217 11.9977
218 11.9977
219 11.9977
220 11.9977
221 11.9977
222 11.9987
223 11.9955
224 11.9498
225 11.7393
226 11.1879
227 10.3289
228 9.4349
229 8.65508
230 7.98318
231 7.38142
232 6.82499
233 6.30154
234 5.80555
235 5.33477
236 4.88842
237 4.46633
238 4.06865
239 3.69561
240 3.34748
241 3.02454
242 2.72699
243 2.45501
244 2.20862
245 1.98773
246 1.79205
247 1.62106
248 1.47394
249 1.34959
250 1.24654
251 1.163
252 1.19434
253 1.20928
254 1.22499
255 1.22985
256 1.23487
257 1.23617
258 1.23648
259 1.23679
260 1.23686
261 1.23693
262 1.237
263 1.23701
264 1.23702
265 1.23702
266 1.23702
267 1.23702
268 1.23702
269 1.23702
270 1.23702
271 1.23702
272 1.23702
273 1.23702
274 1.23702
275 1.23702
276 1.23702
277 1.23702
278 1.23702
279 1.23702
280 1.23702
281 1.23702
282 1.23701
283 1.237
284 1.23693
285 1.23662
286 1.23632
287 1.23506
288 1.23024
289 1.21478
290 1.18323
291 1.15102
292 1.23642
293 1.34245
294 1.47114
295 1.62414
296 1.80278
297 2.00801
298 2.24048
299 2.50057
300 2.7884
301 3.1039
302 3.44683
303 3.81681
304 4.2133
305 4.63568
306 5.08322
307 5.55508
308 6.05044
309 6.56866
310 7.10983
311 7.67589
312 8.27273
313 8.91277
314 9.61351
315 10.3734
316 11.1096
317 11.6502
318 11.9124
319 11.9909
320 12
321 11.9982
322 11.9977
323 11.9977
324 11.9977
325 11.9977
326 11.9977
327 11.9977
328 11.9977
329 11.9977
330 11.9977
331 11.9977
332 11.9977
333 11.9977
334 11.9977
335 11.9977
336 11.9977
337 11.9977
338 11.9977
339 11.9977
340 11.9977
341 11.9977
342 11.9977
343 11.9977
344 11.9977
345 11.9977
346 11.9977
347 11.9977
348 11.9977
349 11.9977
350 11.9977
351 11.9977
352 11.9977
353 11.9977
354 11.9977
355 11.9977
356 11.9977
357 11.9977
358 11.9977
359 11.9977
360 11.9977
361 11.9977
362 11.9977
363 11.9977
364 11.9977
365 11.9977
366 11.9977
367 11.9977
368 11.9977
369 11.9977
370 11.9977
371 11.9977
372 11.9977
373 11.9977
374 11.9977
375 11.9977
376 11.9977
377 11.9977
378 11.9977
379 11.9977
380 11.9977
381 11.9977
382 11.9977
383 11.9977
384 11.9977
385 11.9977
386 11.9977
387 11.9977
388 11.9977
389 11.9977
390 11.9977
391 11.9977
392 11.9977
393 11.9977
394 11.9977
395 11.9977
396 11.9977
397 11.9977
398 11.9977
399 11.9977
400 11.9977
401 11.9977
402 11.9977
403 11.9977
404 11.9977
405 11.9977
406 11.9977
407 11.9977
408 11.9977
409 11.9977
410 11.9977
411 11.9977
412 11.9977
413 11.9977
414 11.9977
415 11.9977
416 11.9977
417 11.9977
418 11.9977
419 11.9977
420 11.9977
421 11.9977
422 11.9977
423 11.9977
424 11.9977
425 11.9977
426 11.9977
427 11.9977
428 11.9977
429 11.9977
430 11.9977
431 11.9977
432 11.9977
433 11.9977
434 11.9977
435 11.9977
436 11.9977
437 11.9977
438 11.9977
439 11.9977
440 11.9977
441 11.9977
442 11.9977
443 11.9977
444 11.9977
445 11.9977
446 11.9977
447 11.9977
448 11.9977
449 11.9977
450 11.9977
451 11.9977
452 11.9977
453 11.9977
454 11.9977
455 11.9977
456 11.9977
457 11.9977
458 11.9977
459 11.9977
460 11.9977
461 11.9977
462 11.9977
463 11.9977
464 11.9977
465 11.9977
466 11.9977
467 11.9977
468 11.9977
469 11.9977
470 11.9977
471 11.9977
472 11.9977
473 11.9977
474 11.9977
475 11.9977
476 11.9977
477 11.9977
478 11.9977
479 11.9977
480 11.9977
481 11.9977
482 11.9977
483 11.9977
484 11.9977
485 11.9977
486 11.9977
487 11.9977
488 11.9977
489 11.9977
490 11.9977
491 11.9977
492 11.9977
493 11.9977
494 11.9977
495 11.9977
496 11.9977
497 11.9977
498 11.9977
499 11.9977
500 11.9977
501 11.9977
502 11.9977
503 11.9977
504 11.9977
505 11.9977
506 11.9977
507 11.9977
508 11.9977
509 11.9977
510 11.9977
511 11.9977
512 11.9977
513 11.9977
514 11.9977
515 11.9977
516 11.9977
517 11.9977
518 11.9977
519 11.9977
520 11.9977
521 11.9977
522 11.9977
523 11.9977
524 11.9977
525 11.9977
526 11.9977
527 11.9977
528 11.9977
529 11.9977
530 11.9977
531 11.9977
532 11.9977
533 11.9977
534 11.9977
535 11.9977
536 11.9977
537 11.9977
538 11.9977
539 11.9977
540 11.9977
541 11.9977
542 11.9977
