1 11.7944
2 11.7944
3 11.7944
4 11.7944
5 11.7944
6 11.7944
7 11.7944
8 11.7944
9 11.7944
10 11.7944
11 11.7944
12 11.7944
13 11.7944
14 11.7944
15 11.7944
16 11.7944
17 11.7944
18 11.7944
19 11.7944
20 11.7944
21 11.7944
22 11.7944
23 11.7944
24 11.7944
25 11.7944
26 11.7944
27 11.7944
28 11.7944
29 11.7944
30 11.7944
31 11.7944
32 11.7944
33 11.7944
34 11.7944
35 11.7944
36 11.7944
37 11.7944
38 11.7944
39 11.7944
40 11.7944
41 11.7944
42 11.7944
43 11.7944
44 11.7944
45 11.7944
46 11.7944
47 11.7944
48 11.7944
49 11.7944
50 11.7944
51 11.7944
52 11.7944
53 11.7944
54 11.7944
55 11.7944
56 11.7944
57 11.7944
58 11.7944
59 11.7944
60 11.7944
61 11.7944
62 11.7944
63 11.7944
64 11.7944
65 11.7944
66 11.7944
67 11.7944
68 11.7944
69 11.7944
70 11.7944
71 11.7944
72 11.7944
73 11.7944
74 11.7944
75 11.7944
76 11.7944
77 11.7944
78 11.7944
79 11.7944
80 11.7944
81 11.7944
82 11.7944
83 11.7944
84 11.7944
85 11.7944
86 11.7944
87 11.7944
88 11.7944
89 11.7944
90 11.7944
91 11.7944
92 11.7944
93 11.7944
94 11.7944
95 11.7944
96 11.7944
97 11.7944
98 11.7944
99 11.7944
100 11.7944
101 11.7944
102 11.7944
103 11.7944
104 11.7944
105 11.7944
106 11.7944
107 11.7944
108 11.7944
109 11.7944
110 11.7944
111 11.7944
112 11.7944
113 11.7944
114 11.7944
115 11.7944
116 11.7944
117 11.7944
118 11.7944
119 11.7944
120 11.7944
121 11.7944
122 11.7944
123 11.7944
124 11.7944
125 11.7944
126 11.7944
127 11.7944
128 11.7944
129 11.7944
130 11.7944
131 11.7944
132 11.7944
133 11.7944
134 11.7944
135 11.7944
136 11.7944
137 11.7944
138 11.7944
139 11.7944
140 11.7944
141 11.7944
142 11.7944
143 11.7944
144 11.7944
145 11.7944
146 11.7944
147 11.7944
148 11.7944
149 11.7944
150 11.7944
151 11.7944
152 11.7944
153 11.7944
154 11.7944
155 11.7944
156 11.7944
157 11.7944
158 11.7944
159 11.7944
160 11.7944
161 11.7944
162 11.7944
163 11.7944
164 11.7944
165 11.7944
166 11.7944
167 11.7944
168 11.7944
169 11.7944
170 11.7944
171 11.7944
172 11.7944
173 11.7944
174 11.7944
175 11.7944
176 11.7944
177 11.7944
178 11.7944
179 11.7944
180 11.7944
181 11.7944
182 11.7944
183 11.7944
184 11.7944
185 11.7944
186 11.7944
187 11.7944
188 11.7944
189 11.7944
190 11.7944
191 11.7944
192 11.7944
193 11.7944
194 11.7944
195 11.7944
196 11.7944
197 11.7944
198 11.7944
199 11.7944
200 11.7944
201 11.7944
202 11.7944
203 11.7944
204 11.7944
205 11.7944
206 11.7944
207 11.7944
208 11.7944
209 11.7944
210 11.7944
211 11.7944
212 11.7944
213 11.7944
214 11.7944
215 11.7944
216 11.7944
217 11.7944
218 11.7944
219 11.7944
220 11.7944
221 11.7944
222 11.7944
223 11.7944
224 11.7944
225 11.7944
226 11.7944
227 11.7944
228 11.7944
229 11.7944
230 11.7944
231 11.7944
232 11.7944
233 11.7944
234 11.7944
235 11.7944
236 11.7944
237 11.7944
238 11.7944
239 11.7944
240 11.7944
241 11.7944
242 11.7944
243 11.7944
244 11.7944
245 11.7944
246 11.7944
247 11.7944
248 11.7944
249 11.7944
250 11.5655
251 10.9444
252 10.9826
253 11.513
254 11.2211
255 11.513
256 11.0102
257 11.0102
258 11.4763
259 11.2946
260 11.9641
261 11.3302
262 10.4037
263 10.3159
264 10.2898
265 10.2824
266 10.2836
267 10.2926
268 10.3121
269 10.356
270 10.4751
271 11.2104
272 11.2322
273 12
274 11.3141
275 10.4103
276 10.329
277 10.304
278 10.2985
279 10.3034
280 10.3177
281 10.3474
282 10.3989
283 10.4891
284 10.6699
285 11.1932
286 11.0324
287 10.9498
288 10.9151
289 10.9465
290 11.4861
291 11.2761
292 11.7626
293 11.7944
294 11.7944
295 11.7944
296 11.7944
297 11.7944
298 11.7944
299 11.7944
300 11.7944
301 11.7944
302 11.7944
303 11.7944
304 11.7944
305 11.7944
306 11.7944
307 11.7944
308 11.7944
309 11.7944
310 11.7944
311 11.7944
312 11.7944
313 11.7944
314 11.7944
315 11.7944
316 11.7944
317 11.7944
318 11.7944
319 11.7944
320 11.7944
321 11.7944
322 11.7944
323 11.7944
324 11.7944
325 11.7944
326 11.7944
327 11.7944
328 11.7944
329 11.7944
330 11.7944
331 11.7944
332 11.7944
333 11.7944
334 11.7944
335 11.7944
336 11.7944
337 11.7944
338 11.7944
339 11.7944
340 11.7944
341 11.7944
342 11.7944
343 11.7944
344 11.7944
345 11.7944
346 11.7944
347 11.7944
348 11.7944
349 11.7944
350 11.7944
351 11.7944
352 11.7944
353 11.7944
354 11.7944
355 11.7944
356 11.7944
357 11.7944
358 11.7944
359 11.7944
360 11.7944
361 11.7944
362 11.7944
363 11.7944
364 11.7944
365 11.7944
366 11.7944
367 11.7944
368 11.7944
369 11.7944
370 11.7944
371 11.7944
372 11.7944
373 11.7944
374 11.7944
375 11.7944
376 11.7944
377 11.7944
378 11.7944
379 11.7944
380 11.7944
381 11.7944
382 11.7944
383 11.7944
384 11.7944
385 11.7944
386 11.7944
387 11.7944
388 11.7944
389 11.7944
390 11.7944
391 11.7944
392 11.7944
393 11.7944
394 11.7944
395 11.7944
396 11.7944
397 11.7944
398 11.7944
399 11.7944
400 11.7944
401 11.7944
402 11.7944
403 11.7944
404 11.7944
405 11.7944
406 11.7944
407 11.7944
408 11.7944
409 11.7944
410 11.7944
411 11.7944
412 11.7944
413 11.7944
414 11.7944
415 11.7944
416 11.7944
417 11.7944
418 11.7944
419 11.7944
420 11.7944
421 11.7944
422 11.7944
423 11.7944
424 11.7944
425 11.7944
426 11.7944
427 11.7944
428 11.7944
429 11.7944
430 11.7944
431 11.7944
432 11.7944
433 11.7944
434 11.7944
435 11.7944
436 11.7944
437 11.7944
438 11.7944
439 11.7944
440 11.7944
441 11.7944
442 11.7944
443 11.7944
444 11.7944
445 11.7944
446 11.7944
447 11.7944
448 11.7944
449 11.7944
450 11.7944
451 11.7944
452 11.7944
453 11.7944
454 11.7944
455 11.7944
456 11.7944
457 11.7944
458 11.7944
459 11.7944
460 11.7944
461 11.7944
462 11.7944
463 11.7944
464 11.7944
465 11.7944
466 11.7944
467 11.7944
468 11.7944
469 11.7944
470 11.7944
471 11.7944
472 11.7944
473 11.7944
474 11.7944
475 11.7944
476 11.7944
477 11.7944
478 11.7944
479 11.7944
480 11.7944
481 11.7944
482 11.7944
483 11.7944
484 11.7944
485 11.7944
486 11.7944
487 11.7944
488 11.7944
489 11.7944
490 11.7944
491 11.7944
492 11.7944
493 11.7944
494 11.7944
495 11.7944
496 11.7944
497 11.7944
498 11.7944
499 11.7944
500 11.7944
501 11.7944
502 11.7944
503 11.7944
504 11.7944
505 11.7944
506 11.7944
507 11.7944
508 11.7944
509 11.7944
510 11.7944
511 11.7944
512 11.7944
513 11.7944
514 11.7944
515 11.7944
516 11.7944
517 11.7944
518 11.7944
519 11.7944
520 11.7944
521 11.7944
522 11.7944
523 11.7944
524 11.7944
525 11.7944
526 11.7944
527 11.7944
528 11.7944
529 11.7944
530 11.7944
531 11.7944
532 11.7944
533 11.7944
534 11.7944
535 11.7944
536 11.7944
537 11.7944
538 11.7944
539 11.7944
540 11.7944
541 11.7944
542 11.7944
