1 11.9013
2 11.9013
3 11.9013
4 11.9013
5 11.9013
6 11.9013
7 11.9013
8 11.9013
9 11.9013
10 11.9013
11 11.9013
12 11.9013
13 11.9013
14 11.9013
15 11.9013
16 11.9013
17 11.9013
18 11.9013
19 11.9013
20 11.9013
21 11.9013
22 11.9013
23 11.9013
24 11.9013
25 11.9013
26 11.9013
27 11.9013
28 11.9013
29 11.9013
30 11.9013
31 11.9013
32 11.9013
33 11.9013
34 11.9013
35 11.9013
36 11.9013
37 11.9013
38 11.9013
39 11.9013
40 11.9013
41 11.9013
42 11.9013
43 11.9013
44 11.9013
45 11.9013
46 11.9013
47 11.9013
48 11.9013
49 11.9013
50 11.9013
51 11.9013
52 11.9013
53 11.9013
54 11.9013
55 11.9013
56 11.9013
57 11.9013
58 11.9013
59 11.9013
60 11.9013
61 11.9013
62 11.9013
63 11.9013
64 11.9013
65 11.9013
66 11.9013
67 11.9013
68 11.9013
69 11.9013
70 11.9013
71 11.9013
72 11.9013
73 11.9013
74 11.9013
75 11.9013
76 11.9013
77 11.9013
78 11.9013
79 11.9013
80 11.9013
81 11.9013
82 11.9013
83 11.9013
84 11.9013
85 11.9013
86 11.9013
87 11.9013
88 11.9013
89 11.9013
90 11.9013
91 11.9013
92 11.9013
93 11.9013
94 11.9013
95 11.9013
96 11.9013
97 11.9013
98 11.9013
99 11.9013
100 11.9013
101 11.9013
102 11.9013
103 11.9013
104 11.9013
105 11.9013
106 11.9013
107 11.9013
108 11.9013
109 11.9013
110 11.9013
111 11.9013
112 11.9013
113 11.9013
114 11.9013
115 11.9013
116 11.9013
117 11.9013
118 11.9013
119 11.9013
120 11.9013
121 11.9013
122 11.9013
123 11.9013
124 11.9013
125 11.9013
126 11.9013
127 11.9013
128 11.9013
129 11.9013
130 11.9013
131 11.9013
132 11.9013
133 11.9013
134 11.9013
135 11.9013
136 11.9013
137 11.9013
138 11.9013
139 11.9013
140 11.9013
141 11.9013
142 11.9013
143 11.9013
144 11.9013
145 11.9013
146 11.9013
147 11.9013
148 11.9013
149 11.9013
150 11.9013
151 11.9013
152 11.9013
153 11.9013
154 11.9013
155 11.9013
156 11.9013
157 11.9013
158 11.9013
159 11.9013
160 11.9013
161 11.9013
162 11.9013
163 11.9013
164 11.9013
165 11.9013
166 11.9013
167 11.9013
168 11.9013
169 11.9013
170 11.9013
171 11.9013
172 11.9013
173 11.9013
174 11.9013
175 11.9013
176 11.9013
177 11.9013
178 11.9013
179 11.9013
180 11.9013
181 11.9013
182 11.9013
183 11.9013
184 11.9013
185 11.9013
186 11.9013
187 11.9013
188 11.9013
189 11.9013
190 11.9013
191 11.9013
192 11.9013
193 11.9013
194 11.9013
195 11.9013
196 11.9013
197 11.9013
198 11.9013
199 11.9013
200 11.9013
201 11.9013
202 11.9013
203 11.9013
204 11.9013
205 11.9013
206 11.9013
207 11.9013
208 11.9013
209 11.9013
210 11.9013
211 11.9013
212 11.9013
213 11.9013
214 11.9013
215 11.9013
216 11.9013
217 11.9013
218 11.9013
219 11.9013
220 11.9013
221 11.9013
222 11.9013
223 11.9013
224 11.9013
225 11.9013
226 11.9013
227 11.9013
228 11.9013
229 11.9013
230 11.9013
231 11.9013
232 11.9013
233 11.9013
234 11.9013
235 11.9013
236 11.9013
237 11.9013
238 11.9013
239 11.9013
240 11.9013
241 11.9013
242 11.9013
243 11.9471
244 12
245 11.7818
246 11.2124
247 10.442
248 9.58512
249 8.68303
250 7.77697
251 6.89242
252 6.85516
253 6.88507
254 6.63108
255 6.61663
256 6.28776
257 6.26289
258 6.28731
259 6.08039
260 6.03312
261 5.54661
262 4.54664
263 4.40447
264 4.37164
265 4.37277
266 4.38662
267 4.40389
268 4.41923
269 4.42898
270 4.43078
271 4.42492
272 4.42772
273 4.4278
274 4.40917
275 4.24093
276 4.20203
277 4.19751
278 4.19923
279 4.19817
280 4.19259
281 4.18387
282 4.175
283 4.17059
284 4.1793
285 4.22491
286 4.18767
287 4.14264
288 4.09834
289 4.09578
290 4.45986
291 4.44821
292 5.20319
293 5.98909
294 6.80713
295 7.65696
296 8.53784
297 9.44861
298 10.3808
299 11.3015
300 11.9005
301 11.933
302 11.9013
303 11.9013
304 11.9013
305 11.9013
306 11.9013
307 11.9013
308 11.9013
309 11.9013
310 11.9013
311 11.9013
312 11.9013
313 11.9013
314 11.9013
315 11.9013
316 11.9013
317 11.9013
318 11.9013
319 11.9013
320 11.9013
321 11.9013
322 11.9013
323 11.9013
324 11.9013
325 11.9013
326 11.9013
327 11.9013
328 11.9013
329 11.9013
330 11.9013
331 11.9013
332 11.9013
333 11.9013
334 11.9013
335 11.9013
336 11.9013
337 11.9013
338 11.9013
339 11.9013
340 11.9013
341 11.9013
342 11.9013
343 11.9013
344 11.9013
345 11.9013
346 11.9013
347 11.9013
348 11.9013
349 11.9013
350 11.9013
351 11.9013
352 11.9013
353 11.9013
354 11.9013
355 11.9013
356 11.9013
357 11.9013
358 11.9013
359 11.9013
360 11.9013
361 11.9013
362 11.9013
363 11.9013
364 11.9013
365 11.9013
366 11.9013
367 11.9013
368 11.9013
369 11.9013
370 11.9013
371 11.9013
372 11.9013
373 11.9013
374 11.9013
375 11.9013
376 11.9013
377 11.9013
378 11.9013
379 11.9013
380 11.9013
381 11.9013
382 11.9013
383 11.9013
384 11.9013
385 11.9013
386 11.9013
387 11.9013
388 11.9013
389 11.9013
390 11.9013
391 11.9013
392 11.9013
393 11.9013
394 11.9013
395 11.9013
396 11.9013
397 11.9013
398 11.9013
399 11.9013
400 11.9013
401 11.9013
402 11.9013
403 11.9013
404 11.9013
405 11.9013
406 11.9013
407 11.9013
408 11.9013
409 11.9013
410 11.9013
411 11.9013
412 11.9013
413 11.9013
414 11.9013
415 11.9013
416 11.9013
417 11.9013
418 11.9013
419 11.9013
420 11.9013
421 11.9013
422 11.9013
423 11.9013
424 11.9013
425 11.9013
426 11.9013
427 11.9013
428 11.9013
429 11.9013
430 11.9013
431 11.9013
432 11.9013
433 11.9013
434 11.9013
435 11.9013
436 11.9013
437 11.9013
438 11.9013
439 11.9013
440 11.9013
441 11.9013
442 11.9013
443 11.9013
444 11.9013
445 11.9013
446 11.9013
447 11.9013
448 11.9013
449 11.9013
450 11.9013
451 11.9013
452 11.9013
453 11.9013
454 11.9013
455 11.9013
456 11.9013
457 11.9013
458 11.9013
459 11.9013
460 11.9013
461 11.9013
462 11.9013
463 11.9013
464 11.9013
465 11.9013
466 11.9013
467 11.9013
468 11.9013
469 11.9013
470 11.9013
471 11.9013
472 11.9013
473 11.9013
474 11.9013
475 11.9013
476 11.9013
477 11.9013
478 11.9013
479 11.9013
480 11.9013
481 11.9013
482 11.9013
483 11.9013
484 11.9013
485 11.9013
486 11.9013
487 11.9013
488 11.9013
489 11.9013
490 11.9013
491 11.9013
492 11.9013
493 11.9013
494 11.9013
495 11.9013
496 11.9013
497 11.9013
498 11.9013
499 11.9013
500 11.9013
501 11.9013
502 11.9013
503 11.9013
504 11.9013
505 11.9013
506 11.9013
507 11.9013
508 11.9013
509 11.9013
510 11.9013
511 11.9013
512 11.9013
513 11.9013
514 11.9013
515 11.9013
516 11.9013
517 11.9013
518 11.9013
519 11.9013
520 11.9013
521 11.9013
522 11.9013
523 11.9013
524 11.9013
525 11.9013
526 11.9013
527 11.9013
528 11.9013
529 11.9013
530 11.9013
531 11.9013
532 11.9013
533 11.9013
534 11.9013
535 11.9013
536 11.9013
537 11.9013
538 11.9013
539 11.9013
540 11.9013
541 11.9013
542 11.9013
