1 11.9004
2 11.9004
3 11.9004
4 11.9004
5 11.9004
6 11.9004
7 11.9004
8 11.9004
9 11.9004
10 11.9004
11 11.9004
12 11.9004
13 11.9004
14 11.9004
15 11.9004
16 11.9004
17 11.9004
18 11.9004
19 11.9004
20 11.9004
21 11.9004
22 11.9004
23 11.9004
24 11.9004
25 11.9004
26 11.9004
27 11.9004
28 11.9004
29 11.9004
30 11.9004
31 11.9004
32 11.9004
33 11.9004
34 11.9004
35 11.9004
36 11.9004
37 11.9004
38 11.9004
39 11.9004
40 11.9004
41 11.9004
42 11.9004
43 11.9004
44 11.9004
45 11.9004
46 11.9004
47 11.9004
48 11.9004
49 11.9004
50 11.9004
51 11.9004
52 11.9004
53 11.9004
54 11.9004
55 11.9004
56 11.9004
57 11.9004
58 11.9004
59 11.9004
60 11.9004
61 11.9004
62 11.9004
63 11.9004
64 11.9004
65 11.9004
66 11.9004
67 11.9004
68 11.9004
69 11.9004
70 11.9004
71 11.9004
72 11.9004
73 11.9004
74 11.9004
75 11.9004
76 11.9004
77 11.9004
78 11.9004
79 11.9004
80 11.9004
81 11.9004
82 11.9004
83 11.9004
84 11.9004
85 11.9004
86 11.9004
87 11.9004
88 11.9004
89 11.9004
90 11.9004
91 11.9004
92 11.9004
93 11.9004
94 11.9004
95 11.9004
96 11.9004
97 11.9004
98 11.9004
99 11.9004
100 11.9004
101 11.9004
102 11.9004
103 11.9004
104 11.9004
105 11.9004
106 11.9004
107 11.9004
108 11.9004
109 11.9004
110 11.9004
111 11.9004
112 11.9004
113 11.9004
114 11.9004
115 11.9004
116 11.9004
117 11.9004
118 11.9004
119 11.9004
120 11.9004
121 11.9004
122 11.9004
123 11.9004
124 11.9004
125 11.9004
126 11.9004
127 11.9004
128 11.9004
129 11.9004
130 11.9004
131 11.9004
132 11.9004
133 11.9004
134 11.9004
135 11.9004
136 11.9004
137 11.9004
138 11.9004
139 11.9004
140 11.9004
141 11.9004
142 11.9004
143 11.9004
144 11.9004
145 11.9004
146 11.9004
147 11.9004
148 11.9004
149 11.9004
150 11.9004
151 11.9004
152 11.9004
153 11.9004
154 11.9004
155 11.9004
156 11.9004
157 11.9004
158 11.9004
159 11.9004
160 11.9004
161 11.9004
162 11.9004
163 11.9004
164 11.9004
165 11.9004
166 11.9004
167 11.9004
168 11.9004
169 11.9004
170 11.9004
171 11.9004
172 11.9004
173 11.9004
174 11.9004
175 11.9004
176 11.9004
177 11.9004
178 11.9004
179 11.9004
180 11.9004
181 11.9004
182 11.9004
183 11.9004
184 11.9004
185 11.9004
186 11.9004
187 11.9004
188 11.9004
189 11.9004
190 11.9004
191 11.9004
192 11.9004
193 11.9004
194 11.9004
195 11.9004
196 11.9004
197 11.9004
198 11.9004
199 11.9004
200 11.9004
201 11.9004
202 11.9004
203 11.9004
204 11.9004
205 11.9004
206 11.9004
207 11.9004
208 11.9004
209 11.9004
210 11.9004
211 11.9004
212 11.9004
213 11.9004
214 11.9004
215 11.9004
216 11.9004
217 11.9004
218 11.9004
219 11.9004
220 11.9004
221 11.9004
222 11.9004
223 11.9004
224 11.9004
225 11.9004
226 11.9004
227 11.9004
228 11.9004
229 11.9004
230 11.9004
231 11.9004
232 11.9004
233 11.9004
234 11.9004
235 11.9004
236 11.9004
237 11.9004
238 11.9004
239 11.9004
240 11.9004
241 11.9004
242 11.9004
243 11.9004
244 11.9004
245 11.9004
246 11.9004
247 11.9004
248 11.9147
249 11.7211
250 11.2493
251 10.7474
252 10.8047
253 10.9864
254 10.929
255 11.0322
256 10.7149
257 10.6526
258 10.6862
259 10.2557
260 10.1348
261 9.57643
262 8.70511
263 8.6456
264 8.66835
265 8.70315
266 8.73177
267 8.75126
268 8.7692
269 8.80999
270 8.94674
271 9.54162
272 9.66739
273 10.0053
274 9.59471
275 8.59019
276 8.43477
277 8.39886
278 8.39482
279 8.39746
280 8.39731
281 8.39185
282 8.38421
283 8.385
284 8.42171
285 8.5805
286 8.57483
287 8.57624
288 8.60144
289 8.70782
290 9.40104
291 9.49128
292 10.4469
293 11.3289
294 12
295 11.9004
296 11.9004
297 11.9004
298 11.9004
299 11.9004
300 11.9004
301 11.9004
302 11.9004
303 11.9004
304 11.9004
305 11.9004
306 11.9004
307 11.9004
308 11.9004
309 11.9004
310 11.9004
311 11.9004
312 11.9004
313 11.9004
314 11.9004
315 11.9004
316 11.9004
317 11.9004
318 11.9004
319 11.9004
320 11.9004
321 11.9004
322 11.9004
323 11.9004
324 11.9004
325 11.9004
326 11.9004
327 11.9004
328 11.9004
329 11.9004
330 11.9004
331 11.9004
332 11.9004
333 11.9004
334 11.9004
335 11.9004
336 11.9004
337 11.9004
338 11.9004
339 11.9004
340 11.9004
341 11.9004
342 11.9004
343 11.9004
344 11.9004
345 11.9004
346 11.9004
347 11.9004
348 11.9004
349 11.9004
350 11.9004
351 11.9004
352 11.9004
353 11.9004
354 11.9004
355 11.9004
356 11.9004
357 11.9004
358 11.9004
359 11.9004
360 11.9004
361 11.9004
362 11.9004
363 11.9004
364 11.9004
365 11.9004
366 11.9004
367 11.9004
368 11.9004
369 11.9004
370 11.9004
371 11.9004
372 11.9004
373 11.9004
374 11.9004
375 11.9004
376 11.9004
377 11.9004
378 11.9004
379 11.9004
380 11.9004
381 11.9004
382 11.9004
383 11.9004
384 11.9004
385 11.9004
386 11.9004
387 11.9004
388 11.9004
389 11.9004
390 11.9004
391 11.9004
392 11.9004
393 11.9004
394 11.9004
395 11.9004
396 11.9004
397 11.9004
398 11.9004
399 11.9004
400 11.9004
401 11.9004
402 11.9004
403 11.9004
404 11.9004
405 11.9004
406 11.9004
407 11.9004
408 11.9004
409 11.9004
410 11.9004
411 11.9004
412 11.9004
413 11.9004
414 11.9004
415 11.9004
416 11.9004
417 11.9004
418 11.9004
419 11.9004
420 11.9004
421 11.9004
422 11.9004
423 11.9004
424 11.9004
425 11.9004
426 11.9004
427 11.9004
428 11.9004
429 11.9004
430 11.9004
431 11.9004
432 11.9004
433 11.9004
434 11.9004
435 11.9004
436 11.9004
437 11.9004
438 11.9004
439 11.9004
440 11.9004
441 11.9004
442 11.9004
443 11.9004
444 11.9004
445 11.9004
446 11.9004
447 11.9004
448 11.9004
449 11.9004
450 11.9004
451 11.9004
452 11.9004
453 11.9004
454 11.9004
455 11.9004
456 11.9004
457 11.9004
458 11.9004
459 11.9004
460 11.9004
461 11.9004
462 11.9004
463 11.9004
464 11.9004
465 11.9004
466 11.9004
467 11.9004
468 11.9004
469 11.9004
470 11.9004
471 11.9004
472 11.9004
473 11.9004
474 11.9004
475 11.9004
476 11.9004
477 11.9004
478 11.9004
479 11.9004
480 11.9004
481 11.9004
482 11.9004
483 11.9004
484 11.9004
485 11.9004
486 11.9004
487 11.9004
488 11.9004
489 11.9004
490 11.9004
491 11.9004
492 11.9004
493 11.9004
494 11.9004
495 11.9004
496 11.9004
497 11.9004
498 11.9004
499 11.9004
500 11.9004
501 11.9004
502 11.9004
503 11.9004
504 11.9004
505 11.9004
506 11.9004
507 11.9004
508 11.9004
509 11.9004
510 11.9004
511 11.9004
512 11.9004
513 11.9004
514 11.9004
515 11.9004
516 11.9004
517 11.9004
518 11.9004
519 11.9004
520 11.9004
521 11.9004
522 11.9004
523 11.9004
524 11.9004
525 11.9004
526 11.9004
527 11.9004
528 11.9004
529 11.9004
530 11.9004
531 11.9004
532 11.9004
533 11.9004
534 11.9004
535 11.9004
536 11.9004
537 11.9004
538 11.9004
539 11.9004
540 11.9004
541 11.9004
542 11.9004
