1 11.9864
2 11.9864
3 11.9864
4 11.9864
5 11.9864
6 11.9864
7 11.9864
8 11.9864
9 11.9864
10 11.9864
11 11.9864
12 11.9864
13 11.9864
14 11.9864
15 11.9864
16 11.9864
17 11.9864
18 11.9864
19 11.9864
20 11.9864
21 11.9864
22 11.9864
23 11.9864
24 11.9864
25 11.9864
26 11.9864
27 11.9864
28 11.9864
29 11.9864
30 11.9864
31 11.9864
32 11.9864
33 11.9864
34 11.9864
35 11.9864
36 11.9864
37 11.9864
38 11.9864
39 11.9864
40 11.9864
41 11.9864
42 11.9864
43 11.9864
44 11.9864
45 11.9864
46 11.9864
47 11.9864
48 11.9864
49 11.9864
50 11.9864
51 11.9864
52 11.9864
53 11.9864
54 11.9864
55 11.9864
56 11.9864
57 11.9864
58 11.9864
59 11.9864
60 11.9864
61 11.9864
62 11.9864
63 11.9864
64 11.9864
65 11.9864
66 11.9864
67 11.9864
68 11.9864
69 11.9864
70 11.9864
71 11.9864
72 11.9864
73 11.9864
74 11.9864
75 11.9864
76 11.9864
77 11.9864
78 11.9864
79 11.9864
80 11.9864
81 11.9864
82 11.9864
83 11.9864
84 11.9864
85 11.9864
86 11.9864
87 11.9864
88 11.9864
89 11.9864
90 11.9864
91 11.9864
92 11.9864
93 11.9864
94 11.9864
95 11.9864
96 11.9864
97 11.9864
98 11.9864
99 11.9864
100 11.9864
101 11.9864
102 11.9864
103 11.9864
104 11.9864
105 11.9864
106 11.9864
107 11.9864
108 11.9864
109 11.9864
110 11.9864
111 11.9864
112 11.9864
113 11.9864
114 11.9864
115 11.9864
116 11.9864
117 11.9864
118 11.9864
119 11.9864
120 11.9864
121 11.9864
122 11.9864
123 11.9864
124 11.9864
125 11.9864
126 11.9864
127 11.9864
128 11.9864
129 11.9864
130 11.9864
131 11.9864
132 11.9864
133 11.9864
134 11.9864
135 11.9864
136 11.9864
137 11.9864
138 11.9864
139 11.9864
140 11.9864
141 11.9864
142 11.9864
143 11.9864
144 11.9864
145 11.9864
146 11.9864
147 11.9864
148 11.9864
149 11.9864
150 11.9864
151 11.9864
152 11.9864
153 11.9864
154 11.9864
155 11.9864
156 11.9864
157 11.9864
158 11.9864
159 11.9864
160 11.9864
161 11.9864
162 11.9864
163 11.9864
164 11.9864
165 11.9864
166 11.9864
167 11.9864
168 11.9864
169 11.9864
170 11.9864
171 11.9864
172 11.9864
173 11.9864
174 11.9864
175 11.9864
176 11.9864
177 11.9864
178 11.9864
179 11.9864
180 11.9864
181 11.9864
182 11.9864
183 11.9864
184 11.9864
185 11.9864
186 11.9864
187 11.9864
188 11.9864
189 11.9864
190 11.9864
191 11.9864
192 11.9864
193 11.9864
194 11.9864
195 11.9864
196 11.9864
197 11.9864
198 11.9864
199 11.9864
200 11.9864
201 11.9864
202 11.9864
203 11.9864
204 11.9864
205 11.9864
206 11.9864
207 11.9864
208 11.9864
209 11.9864
210 11.9864
211 11.9864
212 11.9864
213 11.9864
214 11.9864
215 11.9864
216 11.9864
217 11.9864
218 11.9864
219 11.9864
220 11.9864
221 11.9864
222 11.9864
223 11.9864
224 11.9864
225 11.9864
226 11.9864
227 11.9864
228 11.9864
229 11.9864
230 11.9864
231 11.9864
232 11.9864
233 11.9864
234 11.9864
235 11.9864
236 11.9864
237 11.9864
238 11.9864
239 11.9864
240 12
241 11.6499
242 11.1812
243 10.5898
244 9.88571
245 9.1071
246 8.26773
247 7.38197
248 6.46861
249 5.5464
250 4.62966
251 3.72662
252 3.6795
253 3.69829
254 3.3544
255 3.30082
256 2.83748
257 2.76642
258 2.76832
259 2.53167
260 2.49193
261 2.16944
262 1.47129
263 1.39961
264 1.4112
265 1.43612
266 1.45768
267 1.47259
268 1.48166
269 1.48662
270 1.48899
271 1.48972
272 1.49164
273 1.492
274 1.49329
275 1.49564
276 1.4963
277 1.49602
278 1.49489
279 1.49253
280 1.48805
281 1.47993
282 1.46587
283 1.4431
284 1.40976
285 1.36967
286 1.33787
287 1.29607
288 1.25335
289 1.25193
290 1.59946
291 1.60082
292 2.36844
293 3.1668
294 3.99489
295 4.84978
296 5.72508
297 6.60968
298 7.48751
299 8.33989
300 9.1502
301 9.90637
302 10.6011
303 11.2011
304 11.6478
305 12
306 11.9864
307 11.9864
308 11.9864
309 11.9864
310 11.9864
311 11.9864
312 11.9864
313 11.9864
314 11.9864
315 11.9864
316 11.9864
317 11.9864
318 11.9864
319 11.9864
320 11.9864
321 11.9864
322 11.9864
323 11.9864
324 11.9864
325 11.9864
326 11.9864
327 11.9864
328 11.9864
329 11.9864
330 11.9864
331 11.9864
332 11.9864
333 11.9864
334 11.9864
335 11.9864
336 11.9864
337 11.9864
338 11.9864
339 11.9864
340 11.9864
341 11.9864
342 11.9864
343 11.9864
344 11.9864
345 11.9864
346 11.9864
347 11.9864
348 11.9864
349 11.9864
350 11.9864
351 11.9864
352 11.9864
353 11.9864
354 11.9864
355 11.9864
356 11.9864
357 11.9864
358 11.9864
359 11.9864
360 11.9864
361 11.9864
362 11.9864
363 11.9864
364 11.9864
365 11.9864
366 11.9864
367 11.9864
368 11.9864
369 11.9864
370 11.9864
371 11.9864
372 11.9864
373 11.9864
374 11.9864
375 11.9864
376 11.9864
377 11.9864
378 11.9864
379 11.9864
380 11.9864
381 11.9864
382 11.9864
383 11.9864
384 11.9864
385 11.9864
386 11.9864
387 11.9864
388 11.9864
389 11.9864
390 11.9864
391 11.9864
392 11.9864
393 11.9864
394 11.9864
395 11.9864
396 11.9864
397 11.9864
398 11.9864
399 11.9864
400 11.9864
401 11.9864
402 11.9864
403 11.9864
404 11.9864
405 11.9864
406 11.9864
407 11.9864
408 11.9864
409 11.9864
410 11.9864
411 11.9864
412 11.9864
413 11.9864
414 11.9864
415 11.9864
416 11.9864
417 11.9864
418 11.9864
419 11.9864
420 11.9864
421 11.9864
422 11.9864
423 11.9864
424 11.9864
425 11.9864
426 11.9864
427 11.9864
428 11.9864
429 11.9864
430 11.9864
431 11.9864
432 11.9864
433 11.9864
434 11.9864
435 11.9864
436 11.9864
437 11.9864
438 11.9864
439 11.9864
440 11.9864
441 11.9864
442 11.9864
443 11.9864
444 11.9864
445 11.9864
446 11.9864
447 11.9864
448 11.9864
449 11.9864
450 11.9864
451 11.9864
452 11.9864
453 11.9864
454 11.9864
455 11.9864
456 11.9864
457 11.9864
458 11.9864
459 11.9864
460 11.9864
461 11.9864
462 11.9864
463 11.9864
464 11.9864
465 11.9864
466 11.9864
467 11.9864
468 11.9864
469 11.9864
470 11.9864
471 11.9864
472 11.9864
473 11.9864
474 11.9864
475 11.9864
476 11.9864
477 11.9864
478 11.9864
479 11.9864
480 11.9864
481 11.9864
482 11.9864
483 11.9864
484 11.9864
485 11.9864
486 11.9864
487 11.9864
488 11.9864
489 11.9864
490 11.9864
491 11.9864
492 11.9864
493 11.9864
494 11.9864
495 11.9864
496 11.9864
497 11.9864
498 11.9864
499 11.9864
500 11.9864
501 11.9864
502 11.9864
503 11.9864
504 11.9864
505 11.9864
506 11.9864
507 11.9864
508 11.9864
509 11.9864
510 11.9864
511 11.9864
512 11.9864
513 11.9864
514 11.9864
515 11.9864
516 11.9864
517 11.9864
518 11.9864
519 11.9864
520 11.9864
521 11.9864
522 11.9864
523 11.9864
524 11.9864
525 11.9864
526 11.9864
527 11.9864
528 11.9864
529 11.9864
530 11.9864
531 11.9864
532 11.9864
533 11.9864
534 11.9864
535 11.9864
536 11.9864
537 11.9864
538 11.9864
539 11.9864
540 11.9864
541 11.9864
542 11.9864
