1 11.8636
2 11.8636
3 11.8636
4 11.8636
5 11.8636
6 11.8636
7 11.8636
8 11.8636
9 11.8636
10 11.8636
11 11.8636
12 11.8636
13 11.8636
14 11.8636
15 11.8636
16 11.8636
17 11.8636
18 11.8636
19 11.8636
20 11.8636
21 11.8636
22 11.8636
23 11.8636
24 11.8636
25 11.8636
26 11.8636
27 11.8636
28 11.8636
29 11.8636
30 11.8636
31 11.8636
32 11.8636
33 11.8636
34 11.8636
35 11.8636
36 11.8636
37 11.8636
38 11.8636
39 11.8636
40 11.8636
41 11.8636
42 11.8636
43 11.8636
44 11.8636
45 11.8636
46 11.8636
47 11.8636
48 11.8636
49 11.8636
50 11.8636
51 11.8636
52 11.8636
53 11.8636
54 11.8636
55 11.8636
56 11.8636
57 11.8636
58 11.8636
59 11.8636
60 11.8636
61 11.8636
62 11.8636
63 11.8636
64 11.8636
65 11.8636
66 11.8636
67 11.8636
68 11.8636
69 11.8636
70 11.8636
71 11.8636
72 11.8636
73 11.8636
74 11.8636
75 11.8636
76 11.8636
77 11.8636
78 11.8636
79 11.8636
80 11.8636
81 11.8636
82 11.8636
83 11.8636
84 11.8636
85 11.8636
86 11.8636
87 11.8636
88 11.8636
89 11.8636
90 11.8636
91 11.8636
92 11.8636
93 11.8636
94 11.8636
95 11.8636
96 11.8636
97 11.8636
98 11.8636
99 11.8636
100 11.8636
101 11.8636
102 11.8636
103 11.8636
104 11.8636
105 11.8636
106 11.8636
107 11.8636
108 11.8636
109 11.8636
110 11.8636
111 11.8636
112 11.8636
113 11.8636
114 11.8636
115 11.8636
116 11.8636
117 11.8636
118 11.8636
119 11.8636
120 11.8636
121 11.8636
122 11.8636
123 11.8636
124 11.8636
125 11.8636
126 11.8636
127 11.8636
128 11.8636
129 11.8636
130 11.8636
131 11.8636
132 11.8636
133 11.8636
134 11.8636
135 11.8636
136 11.8636
137 11.8636
138 11.8636
139 11.8636
140 11.8636
141 11.8636
142 11.8636
143 11.8636
144 11.8636
145 11.8636
146 11.8636
147 11.8636
148 11.8636
149 11.8636
150 11.8636
151 11.8636
152 11.8636
153 11.8636
154 11.8636
155 11.8636
156 11.8636
157 11.8636
158 11.8636
159 11.8636
160 11.8636
161 11.8636
162 11.8636
163 11.8636
164 11.8636
165 11.8636
166 11.8636
167 11.8636
168 11.8636
169 11.8636
170 11.8636
171 11.8636
172 11.8636
173 11.8636
174 11.8636
175 11.8636
176 11.8636
177 11.8636
178 11.8636
179 11.8636
180 11.8636
181 11.8636
182 11.8636
183 11.8636
184 11.8636
185 11.8636
186 11.8636
187 11.8636
188 11.8636
189 11.8636
190 11.8636
191 11.8636
192 11.8636
193 11.8636
194 11.8636
195 11.8636
196 11.8636
197 11.8636
198 11.8636
199 11.8636
200 11.8636
201 11.8636
202 11.8636
203 11.8636
204 11.8636
205 11.8636
206 11.8636
207 11.8636
208 11.8636
209 11.8636
210 11.8636
211 11.8636
212 11.8636
213 11.8636
214 11.8636
215 11.8636
216 11.8636
217 11.8636
218 11.8636
219 11.8636
220 11.8636
221 11.8636
222 11.8636
223 11.8636
224 11.8636
225 11.8636
226 11.8636
227 11.8636
228 11.8636
229 11.8636
230 11.8636
231 11.8636
232 11.8636
233 11.8636
234 11.8636
235 11.8636
236 11.8636
237 11.8636
238 11.8636
239 11.8636
240 11.8636
241 11.8636
242 11.8636
243 11.8636
244 11.8636
245 11.8636
246 11.8636
247 11.8636
248 11.8636
249 12
250 11.7374
251 11.1166
252 11.2005
253 11.6908
254 11.4586
255 11.7178
256 11.2385
257 11.2031
258 11.6226
259 11.5208
260 11.902
261 11.2585
262 10.2911
263 10.1901
264 10.1584
265 10.1481
266 10.1477
267 10.1551
268 10.1735
269 10.2163
270 10.3354
271 11.0476
272 11.1909
273 11.8931
274 11.2528
275 10.2797
276 10.1829
277 10.1564
278 10.1521
279 10.1595
280 10.1765
281 10.205
282 10.2518
283 10.3338
284 10.5
285 10.9739
286 10.8922
287 10.8593
288 10.8622
289 10.9336
290 11.5346
291 11.3913
292 11.8887
293 11.8636
294 11.8636
295 11.8636
296 11.8636
297 11.8636
298 11.8636
299 11.8636
300 11.8636
301 11.8636
302 11.8636
303 11.8636
304 11.8636
305 11.8636
306 11.8636
307 11.8636
308 11.8636
309 11.8636
310 11.8636
311 11.8636
312 11.8636
313 11.8636
314 11.8636
315 11.8636
316 11.8636
317 11.8636
318 11.8636
319 11.8636
320 11.8636
321 11.8636
322 11.8636
323 11.8636
324 11.8636
325 11.8636
326 11.8636
327 11.8636
328 11.8636
329 11.8636
330 11.8636
331 11.8636
332 11.8636
333 11.8636
334 11.8636
335 11.8636
336 11.8636
337 11.8636
338 11.8636
339 11.8636
340 11.8636
341 11.8636
342 11.8636
343 11.8636
344 11.8636
345 11.8636
346 11.8636
347 11.8636
348 11.8636
349 11.8636
350 11.8636
351 11.8636
352 11.8636
353 11.8636
354 11.8636
355 11.8636
356 11.8636
357 11.8636
358 11.8636
359 11.8636
360 11.8636
361 11.8636
362 11.8636
363 11.8636
364 11.8636
365 11.8636
366 11.8636
367 11.8636
368 11.8636
369 11.8636
370 11.8636
371 11.8636
372 11.8636
373 11.8636
374 11.8636
375 11.8636
376 11.8636
377 11.8636
378 11.8636
379 11.8636
380 11.8636
381 11.8636
382 11.8636
383 11.8636
384 11.8636
385 11.8636
386 11.8636
387 11.8636
388 11.8636
389 11.8636
390 11.8636
391 11.8636
392 11.8636
393 11.8636
394 11.8636
395 11.8636
396 11.8636
397 11.8636
398 11.8636
399 11.8636
400 11.8636
401 11.8636
402 11.8636
403 11.8636
404 11.8636
405 11.8636
406 11.8636
407 11.8636
408 11.8636
409 11.8636
410 11.8636
411 11.8636
412 11.8636
413 11.8636
414 11.8636
415 11.8636
416 11.8636
417 11.8636
418 11.8636
419 11.8636
420 11.8636
421 11.8636
422 11.8636
423 11.8636
424 11.8636
425 11.8636
426 11.8636
427 11.8636
428 11.8636
429 11.8636
430 11.8636
431 11.8636
432 11.8636
433 11.8636
434 11.8636
435 11.8636
436 11.8636
437 11.8636
438 11.8636
439 11.8636
440 11.8636
441 11.8636
442 11.8636
443 11.8636
444 11.8636
445 11.8636
446 11.8636
447 11.8636
448 11.8636
449 11.8636
450 11.8636
451 11.8636
452 11.8636
453 11.8636
454 11.8636
455 11.8636
456 11.8636
457 11.8636
458 11.8636
459 11.8636
460 11.8636
461 11.8636
462 11.8636
463 11.8636
464 11.8636
465 11.8636
466 11.8636
467 11.8636
468 11.8636
469 11.8636
470 11.8636
471 11.8636
472 11.8636
473 11.8636
474 11.8636
475 11.8636
476 11.8636
477 11.8636
478 11.8636
479 11.8636
480 11.8636
481 11.8636
482 11.8636
483 11.8636
484 11.8636
485 11.8636
486 11.8636
487 11.8636
488 11.8636
489 11.8636
490 11.8636
491 11.8636
492 11.8636
493 11.8636
494 11.8636
495 11.8636
496 11.8636
497 11.8636
498 11.8636
499 11.8636
500 11.8636
501 11.8636
502 11.8636
503 11.8636
504 11.8636
505 11.8636
506 11.8636
507 11.8636
508 11.8636
509 11.8636
510 11.8636
511 11.8636
512 11.8636
513 11.8636
514 11.8636
515 11.8636
516 11.8636
517 11.8636
518 11.8636
519 11.8636
520 11.8636
521 11.8636
522 11.8636
523 11.8636
524 11.8636
525 11.8636
526 11.8636
527 11.8636
528 11.8636
529 11.8636
530 11.8636
531 11.8636
532 11.8636
533 11.8636
534 11.8636
535 11.8636
536 11.8636
537 11.8636
538 11.8636
539 11.8636
540 11.8636
541 11.8636
542 11.8636
