1 11.9971
2 11.9971
3 11.9971
4 11.9971
5 11.9971
6 11.9971
7 11.9971
8 11.9971
9 11.9971
10 11.9971
11 11.9971
12 11.9971
13 11.9971
14 11.9971
15 11.9971
16 11.9971
17 11.9971
18 11.9971
19 11.9971
20 11.9971
21 11.9971
22 11.9971
23 11.9971
24 11.9971
25 11.9971
26 11.9971
27 11.9971
28 11.9971
29 11.9971
30 11.9971
31 11.9971
32 11.9971
33 11.9971
34 11.9971
35 11.9971
36 11.9971
37 11.9971
38 11.9971
39 11.9971
40 11.9971
41 11.9971
42 11.9971
43 11.9971
44 11.9971
45 11.9971
46 11.9971
47 11.9971
48 11.9971
49 11.9971
50 11.9971
51 11.9971
52 11.9971
53 11.9971
54 11.9971
55 11.9971
56 11.9971
57 11.9971
58 11.9971
59 11.9971
60 11.9971
61 11.9971
62 11.9971
63 11.9971
64 11.9971
65 11.9971
66 11.9971
67 11.9971
68 11.9971
69 11.9971
70 11.9971
71 11.9971
72 11.9971
73 11.9971
74 11.9971
75 11.9971
76 11.9971
77 11.9971
78 11.9971
79 11.9971
80 11.9971
81 11.9971
82 11.9971
83 11.9971
84 11.9971
85 11.9971
86 11.9971
87 11.9971
88 11.9971
89 11.9971
90 11.9971
91 11.9971
92 11.9971
93 11.9971
94 11.9971
95 11.9971
96 11.9971
97 11.9971
98 11.9971
99 11.9971
100 11.9971
101 11.9971
102 11.9971
103 11.9971
104 11.9971
105 11.9971
106 11.9971
107 11.9971
108 11.9971
109 11.9971
110 11.9971
111 11.9971
112 11.9971
113 11.9971
114 11.9971
115 11.9971
116 11.9971
117 11.9971
118 11.9971
119 11.9971
120 11.9971
121 11.9971
122 11.9971
123 11.9971
124 11.9971
125 11.9971
126 11.9971
127 11.9971
128 11.9971
129 11.9971
130 11.9971
131 11.9971
132 11.9971
133 11.9971
134 11.9971
135 11.9971
136 11.9971
137 11.9971
138 11.9971
139 11.9971
140 11.9971
141 11.9971
142 11.9971
143 11.9971
144 11.9971
145 11.9971
146 11.9971
147 11.9971
148 11.9971
149 11.9971
150 11.9971
151 11.9971
152 11.9971
153 11.9971
154 11.9971
155 11.9971
156 11.9971
157 11.9971
158 11.9971
159 11.9971
160 11.9971
161 11.9971
162 11.9971
163 11.9971
164 11.9971
165 11.9971
166 11.9971
167 11.9971
168 11.9971
169 11.9971
170 11.9971
171 11.9971
172 11.9971
173 11.9971
174 11.9971
175 11.9971
176 11.9971
177 11.9971
178 11.9971
179 11.9971
180 11.9971
181 11.9971
182 11.9971
183 11.9971
184 11.9971
185 11.9971
186 11.9971
187 11.9971
188 11.9971
189 11.9971
190 11.9971
191 11.9971
192 11.9971
193 11.9971
194 11.9971
195 11.9971
196 11.9971
197 11.9971
198 11.9971
199 11.9971
200 11.9971
201 11.9971
202 11.9971
203 11.9971
204 11.9971
205 11.9971
206 11.9971
207 11.9971
208 11.9971
209 11.9971
210 11.9971
211 11.9971
212 11.9971
213 11.9971
214 11.9971
215 11.9971
216 11.9971
217 11.9971
218 11.9971
219 11.9971
220 11.9971
221 11.9971
222 11.9971
223 11.9971
224 11.9971
225 11.9971
226 11.9971
227 11.9971
228 11.9971
229 11.9971
230 11.9971
231 11.9971
232 11.9971
233 11.9971
234 12
235 11.6831
236 11.0078
237 10.2388
238 9.4656
239 8.7032
240 7.95463
241 7.22161
242 6.50588
243 5.80867
244 5.13122
245 4.47466
246 3.84
247 3.22815
248 2.63995
249 2.07612
250 1.53734
251 1.02421
252 1.05734
253 1.1066
254 1.13552
255 1.17065
256 1.20166
257 1.22682
258 1.23962
259 1.25682
260 1.26423
261 1.2741
262 1.28667
263 1.29128
264 1.29275
265 1.29317
266 1.29329
267 1.29332
268 1.29332
269 1.29332
270 1.29332
271 1.29332
272 1.29332
273 1.29332
274 1.29332
275 1.29332
276 1.29332
277 1.29332
278 1.29332
279 1.2933
280 1.29324
281 1.29305
282 1.29243
283 1.29064
284 1.28589
285 1.27468
286 1.2669
287 1.25046
288 1.22198
289 1.19437
290 1.30506
291 1.28439
292 1.82017
293 2.37476
294 2.94388
295 3.52239
296 4.10478
297 4.6858
298 5.26148
299 5.82998
300 6.39194
301 6.95026
302 7.50931
303 8.0739
304 8.64838
305 9.23596
306 9.83619
307 10.4453
308 11.045
309 11.593
310 11.9353
311 11.9971
312 11.9971
313 11.9971
314 11.9971
315 11.9971
316 11.9971
317 11.9971
318 11.9971
319 11.9971
320 11.9971
321 11.9971
322 11.9971
323 11.9971
324 11.9971
325 11.9971
326 11.9971
327 11.9971
328 11.9971
329 11.9971
330 11.9971
331 11.9971
332 11.9971
333 11.9971
334 11.9971
335 11.9971
336 11.9971
337 11.9971
338 11.9971
339 11.9971
340 11.9971
341 11.9971
342 11.9971
343 11.9971
344 11.9971
345 11.9971
346 11.9971
347 11.9971
348 11.9971
349 11.9971
350 11.9971
351 11.9971
352 11.9971
353 11.9971
354 11.9971
355 11.9971
356 11.9971
357 11.9971
358 11.9971
359 11.9971
360 11.9971
361 11.9971
362 11.9971
363 11.9971
364 11.9971
365 11.9971
366 11.9971
367 11.9971
368 11.9971
369 11.9971
370 11.9971
371 11.9971
372 11.9971
373 11.9971
374 11.9971
375 11.9971
376 11.9971
377 11.9971
378 11.9971
379 11.9971
380 11.9971
381 11.9971
382 11.9971
383 11.9971
384 11.9971
385 11.9971
386 11.9971
387 11.9971
388 11.9971
389 11.9971
390 11.9971
391 11.9971
392 11.9971
393 11.9971
394 11.9971
395 11.9971
396 11.9971
397 11.9971
398 11.9971
399 11.9971
400 11.9971
401 11.9971
402 11.9971
403 11.9971
404 11.9971
405 11.9971
406 11.9971
407 11.9971
408 11.9971
409 11.9971
410 11.9971
411 11.9971
412 11.9971
413 11.9971
414 11.9971
415 11.9971
416 11.9971
417 11.9971
418 11.9971
419 11.9971
420 11.9971
421 11.9971
422 11.9971
423 11.9971
424 11.9971
425 11.9971
426 11.9971
427 11.9971
428 11.9971
429 11.9971
430 11.9971
431 11.9971
432 11.9971
433 11.9971
434 11.9971
435 11.9971
436 11.9971
437 11.9971
438 11.9971
439 11.9971
440 11.9971
441 11.9971
442 11.9971
443 11.9971
444 11.9971
445 11.9971
446 11.9971
447 11.9971
448 11.9971
449 11.9971
450 11.9971
451 11.9971
452 11.9971
453 11.9971
454 11.9971
455 11.9971
456 11.9971
457 11.9971
458 11.9971
459 11.9971
460 11.9971
461 11.9971
462 11.9971
463 11.9971
464 11.9971
465 11.9971
466 11.9971
467 11.9971
468 11.9971
469 11.9971
470 11.9971
471 11.9971
472 11.9971
473 11.9971
474 11.9971
475 11.9971
476 11.9971
477 11.9971
478 11.9971
479 11.9971
480 11.9971
481 11.9971
482 11.9971
483 11.9971
484 11.9971
485 11.9971
486 11.9971
487 11.9971
488 11.9971
489 11.9971
490 11.9971
491 11.9971
492 11.9971
493 11.9971
494 11.9971
495 11.9971
496 11.9971
497 11.9971
498 11.9971
499 11.9971
500 11.9971
501 11.9971
502 11.9971
503 11.9971
504 11.9971
505 11.9971
506 11.9971
507 11.9971
508 11.9971
509 11.9971
510 11.9971
511 11.9971
512 11.9971
513 11.9971
514 11.9971
515 11.9971
516 11.9971
517 11.9971
518 11.9971
519 11.9971
520 11.9971
521 11.9971
522 11.9971
523 11.9971
524 11.9971
525 11.9971
526 11.9971
527 11.9971
528 11.9971
529 11.9971
530 11.9971
531 11.9971
532 11.9971
533 11.9971
534 11.9971
535 11.9971
536 11.9971
537 11.9971
538 11.9971
539 11.9971
540 11.9971
541 11.9971
542 11.9971
