1 11.9865
2 11.9865
3 11.9865
4 11.9865
5 11.9865
6 11.9865
7 11.9865
8 11.9865
9 11.9865
10 11.9865
11 11.9865
12 11.9865
13 11.9865
14 11.9865
15 11.9865
16 11.9865
17 11.9865
18 11.9865
19 11.9865
20 11.9865
21 11.9865
22 11.9865
23 11.9865
24 11.9865
25 11.9865
26 11.9865
27 11.9865
28 11.9865
29 11.9865
30 11.9865
31 11.9865
32 11.9865
33 11.9865
34 11.9865
35 11.9865
36 11.9865
37 11.9865
38 11.9865
39 11.9865
40 11.9865
41 11.9865
42 11.9865
43 11.9865
44 11.9865
45 11.9865
46 11.9865
47 11.9865
48 11.9865
49 11.9865
50 11.9865
51 11.9865
52 11.9865
53 11.9865
54 11.9865
55 11.9865
56 11.9865
57 11.9865
58 11.9865
59 11.9865
60 11.9865
61 11.9865
62 11.9865
63 11.9865
64 11.9865
65 11.9865
66 11.9865
67 11.9865
68 11.9865
69 11.9865
70 11.9865
71 11.9865
72 11.9865
73 11.9865
74 11.9865
75 11.9865
76 11.9865
77 11.9865
78 11.9865
79 11.9865
80 11.9865
81 11.9865
82 11.9865
83 11.9865
84 11.9865
85 11.9865
86 11.9865
87 11.9865
88 11.9865
89 11.9865
90 11.9865
91 11.9865
92 11.9865
93 11.9865
94 11.9865
95 11.9865
96 11.9865
97 11.9865
98 11.9865
99 11.9865
100 11.9865
101 11.9865
102 11.9865
103 11.9865
104 11.9865
105 11.9865
106 11.9865
107 11.9865
108 11.9865
109 11.9865
110 11.9865
111 11.9865
112 11.9865
113 11.9865
114 11.9865
115 11.9865
116 11.9865
117 11.9865
118 11.9865
119 11.9865
120 11.9865
121 11.9865
122 11.9865
123 11.9865
124 11.9865
125 11.9865
126 11.9865
127 11.9865
128 11.9865
129 11.9865
130 11.9865
131 11.9865
132 11.9865
133 11.9865
134 11.9865
135 11.9865
136 11.9865
137 11.9865
138 11.9865
139 11.9865
140 11.9865
141 11.9865
142 11.9865
143 11.9865
144 11.9865
145 11.9865
146 11.9865
147 11.9865
148 11.9865
149 11.9865
150 11.9865
151 11.9865
152 11.9865
153 11.9865
154 11.9865
155 11.9865
156 11.9865
157 11.9865
158 11.9865
159 11.9865
160 11.9865
161 11.9865
162 11.9865
163 11.9865
164 11.9865
165 11.9865
166 11.9865
167 11.9865
168 11.9865
169 11.9865
170 11.9865
171 11.9865
172 11.9865
173 11.9865
174 11.9865
175 11.9865
176 11.9865
177 11.9865
178 11.9865
179 11.9865
180 11.9865
181 11.9865
182 11.9865
183 11.9865
184 11.9865
185 11.9865
186 11.9865
187 11.9865
188 11.9865
189 11.9865
190 11.9865
191 11.9865
192 11.9865
193 11.9865
194 11.9865
195 11.9865
196 11.9865
197 11.9865
198 11.9865
199 11.9865
200 11.9865
201 11.9865
202 11.9865
203 11.9865
204 11.9865
205 11.9865
206 11.9865
207 11.9865
208 11.9865
209 11.9865
210 11.9865
211 11.9865
212 11.9865
213 11.9865
214 11.9865
215 11.9865
216 11.9865
217 11.9865
218 11.9865
219 11.9865
220 11.9865
221 11.9865
222 11.9865
223 11.9865
224 11.9865
225 11.9865
226 11.9865
227 11.9865
228 11.9865
229 11.9865
230 11.9865
231 11.9865
232 11.9865
233 11.9865
234 11.9865
235 12
236 11.7628
237 11.115
238 10.3462
239 9.55396
240 8.76273
241 7.97948
242 7.20764
243 6.44988
244 5.7081
245 4.98374
246 4.27811
247 3.59244
248 2.92791
249 2.28561
250 1.66651
251 1.07154
252 1.09563
253 1.14714
254 1.1484
255 1.18429
256 1.19058
257 1.21873
258 1.23787
259 1.26161
260 1.27533
261 1.29338
262 1.31475
263 1.32603
264 1.33059
265 1.33217
266 1.33267
267 1.33282
268 1.33286
269 1.33286
270 1.33287
271 1.33287
272 1.33287
273 1.33286
274 1.33286
275 1.33287
276 1.33287
277 1.33286
278 1.33284
279 1.33278
280 1.3326
281 1.33207
282 1.33063
283 1.32706
284 1.31901
285 1.30319
286 1.29221
287 1.2721
288 1.24252
289 1.22443
290 1.38892
291 1.37574
292 1.95739
293 2.54157
294 3.12284
295 3.69737
296 4.26379
297 4.82349
298 5.38024
299 5.93919
300 6.50583
301 7.0851
302 7.6807
303 8.29453
304 8.92601
305 9.57133
306 10.2244
307 10.8763
308 11.4846
309 11.911
310 11.9865
311 11.9865
312 11.9865
313 11.9865
314 11.9865
315 11.9865
316 11.9865
317 11.9865
318 11.9865
319 11.9865
320 11.9865
321 11.9865
322 11.9865
323 11.9865
324 11.9865
325 11.9865
326 11.9865
327 11.9865
328 11.9865
329 11.9865
330 11.9865
331 11.9865
332 11.9865
333 11.9865
334 11.9865
335 11.9865
336 11.9865
337 11.9865
338 11.9865
339 11.9865
340 11.9865
341 11.9865
342 11.9865
343 11.9865
344 11.9865
345 11.9865
346 11.9865
347 11.9865
348 11.9865
349 11.9865
350 11.9865
351 11.9865
352 11.9865
353 11.9865
354 11.9865
355 11.9865
356 11.9865
357 11.9865
358 11.9865
359 11.9865
360 11.9865
361 11.9865
362 11.9865
363 11.9865
364 11.9865
365 11.9865
366 11.9865
367 11.9865
368 11.9865
369 11.9865
370 11.9865
371 11.9865
372 11.9865
373 11.9865
374 11.9865
375 11.9865
376 11.9865
377 11.9865
378 11.9865
379 11.9865
380 11.9865
381 11.9865
382 11.9865
383 11.9865
384 11.9865
385 11.9865
386 11.9865
387 11.9865
388 11.9865
389 11.9865
390 11.9865
391 11.9865
392 11.9865
393 11.9865
394 11.9865
395 11.9865
396 11.9865
397 11.9865
398 11.9865
399 11.9865
400 11.9865
401 11.9865
402 11.9865
403 11.9865
404 11.9865
405 11.9865
406 11.9865
407 11.9865
408 11.9865
409 11.9865
410 11.9865
411 11.9865
412 11.9865
413 11.9865
414 11.9865
415 11.9865
416 11.9865
417 11.9865
418 11.9865
419 11.9865
420 11.9865
421 11.9865
422 11.9865
423 11.9865
424 11.9865
425 11.9865
426 11.9865
427 11.9865
428 11.9865
429 11.9865
430 11.9865
431 11.9865
432 11.9865
433 11.9865
434 11.9865
435 11.9865
436 11.9865
437 11.9865
438 11.9865
439 11.9865
440 11.9865
441 11.9865
442 11.9865
443 11.9865
444 11.9865
445 11.9865
446 11.9865
447 11.9865
448 11.9865
449 11.9865
450 11.9865
451 11.9865
452 11.9865
453 11.9865
454 11.9865
455 11.9865
456 11.9865
457 11.9865
458 11.9865
459 11.9865
460 11.9865
461 11.9865
462 11.9865
463 11.9865
464 11.9865
465 11.9865
466 11.9865
467 11.9865
468 11.9865
469 11.9865
470 11.9865
471 11.9865
472 11.9865
473 11.9865
474 11.9865
475 11.9865
476 11.9865
477 11.9865
478 11.9865
479 11.9865
480 11.9865
481 11.9865
482 11.9865
483 11.9865
484 11.9865
485 11.9865
486 11.9865
487 11.9865
488 11.9865
489 11.9865
490 11.9865
491 11.9865
492 11.9865
493 11.9865
494 11.9865
495 11.9865
496 11.9865
497 11.9865
498 11.9865
499 11.9865
500 11.9865
501 11.9865
502 11.9865
503 11.9865
504 11.9865
505 11.9865
506 11.9865
507 11.9865
508 11.9865
509 11.9865
510 11.9865
511 11.9865
512 11.9865
513 11.9865
514 11.9865
515 11.9865
516 11.9865
517 11.9865
518 11.9865
519 11.9865
520 11.9865
521 11.9865
522 11.9865
523 11.9865
524 11.9865
525 11.9865
526 11.9865
527 11.9865
528 11.9865
529 11.9865
530 11.9865
531 11.9865
532 11.9865
533 11.9865
534 11.9865
535 11.9865
536 11.9865
537 11.9865
538 11.9865
539 11.9865
540 11.9865
541 11.9865
542 11.9865
