1 11.9885
2 11.9885
3 11.9885
4 11.9885
5 11.9885
6 11.9885
7 11.9885
8 11.9885
9 11.9885
10 11.9885
11 11.9885
12 11.9885
13 11.9885
14 11.9885
15 11.9885
16 11.9885
17 11.9885
18 11.9885
19 11.9885
20 11.9885
21 11.9885
22 11.9885
23 11.9885
24 11.9885
25 11.9885
26 11.9885
27 11.9885
28 11.9885
29 11.9885
30 11.9885
31 11.9885
32 11.9885
33 11.9885
34 11.9885
35 11.9885
36 11.9885
37 11.9885
38 11.9885
39 11.9885
40 11.9885
41 11.9885
42 11.9885
43 11.9885
44 11.9885
45 11.9885
46 11.9885
47 11.9885
48 11.9885
49 11.9885
50 11.9885
51 11.9885
52 11.9885
53 11.9885
54 11.9885
55 11.9885
56 11.9885
57 11.9885
58 11.9885
59 11.9885
60 11.9885
61 11.9885
62 11.9885
63 11.9885
64 11.9885
65 11.9885
66 11.9885
67 11.9885
68 11.9885
69 11.9885
70 11.9885
71 11.9885
72 11.9885
73 11.9885
74 11.9885
75 11.9885
76 11.9885
77 11.9885
78 11.9885
79 11.9885
80 11.9885
81 11.9885
82 11.9885
83 11.9885
84 11.9885
85 11.9885
86 11.9885
87 11.9885
88 11.9885
89 11.9885
90 11.9885
91 11.9885
92 11.9885
93 11.9885
94 11.9885
95 11.9885
96 11.9885
97 11.9885
98 11.9885
99 11.9885
100 11.9885
101 11.9885
102 11.9885
103 11.9885
104 11.9885
105 11.9885
106 11.9885
107 11.9885
108 11.9885
109 11.9885
110 11.9885
111 11.9885
112 11.9885
113 11.9885
114 11.9885
115 11.9885
116 11.9885
117 11.9885
118 11.9885
119 11.9885
120 11.9885
121 11.9885
122 11.9885
123 11.9885
124 11.9885
125 11.9885
126 11.9885
127 11.9885
128 11.9885
129 11.9885
130 11.9885
131 11.9885
132 11.9885
133 11.9885
134 11.9885
135 11.9885
136 11.9885
137 11.9885
138 11.9885
139 11.9885
140 11.9885
141 11.9885
142 11.9885
143 11.9885
144 11.9885
145 11.9885
146 11.9885
147 11.9885
148 11.9885
149 11.9885
150 11.9885
151 11.9885
152 11.9885
153 11.9885
154 11.9885
155 11.9885
156 11.9885
157 11.9885
158 11.9885
159 11.9885
160 11.9885
161 11.9885
162 11.9885
163 11.9885
164 11.9885
165 11.9885
166 11.9885
167 11.9885
168 11.9885
169 11.9885
170 11.9885
171 11.9885
172 11.9885
173 11.9885
174 11.9885
175 11.9885
176 11.9885
177 11.9885
178 11.9885
179 11.9885
180 11.9885
181 11.9885
182 11.9885
183 11.9885
184 11.9885
185 11.9885
186 11.9885
187 11.9885
188 11.9885
189 11.9885
190 11.9885
191 11.9885
192 11.9885
193 11.9885
194 11.9885
195 11.9885
196 11.9885
197 11.9885
198 11.9885
199 11.9885
200 11.9885
201 11.9885
202 11.9885
203 11.9885
204 11.9885
205 11.9885
206 11.9885
207 11.9885
208 11.9885
209 11.9885
210 11.9885
211 11.9885
212 11.9885
213 11.9885
214 11.9885
215 11.9885
216 11.9885
217 11.9885
218 11.9885
219 11.9885
220 11.9885
221 11.9885
222 11.9885
223 11.9885
224 11.9885
225 11.9885
226 11.9885
227 11.9885
228 11.9885
229 11.9885
230 11.9885
231 11.9974
232 11.7805
233 11.2137
234 10.5283
235 9.82761
236 9.13512
237 8.45711
238 7.79658
239 7.15569
240 6.53565
241 5.93746
242 5.36194
243 4.80974
244 4.28148
245 3.77769
246 3.29888
247 2.84552
248 2.41808
249 2.01697
250 1.64262
251 1.29541
252 1.33612
253 1.37389
254 1.41373
255 1.43584
256 1.46237
257 1.47339
258 1.47716
259 1.48174
260 1.4831
261 1.48466
262 1.48641
263 1.48686
264 1.48697
265 1.48699
266 1.487
267 1.487
268 1.487
269 1.487
270 1.487
271 1.487
272 1.487
273 1.487
274 1.487
275 1.487
276 1.487
277 1.487
278 1.487
279 1.487
280 1.48699
281 1.48697
282 1.48689
283 1.48659
284 1.48549
285 1.48191
286 1.47908
287 1.47099
288 1.45127
289 1.41652
290 1.42756
291 1.39153
292 1.76237
293 2.16221
294 2.5902
295 3.04527
296 3.52607
297 4.03091
298 4.55755
299 5.10313
300 5.66401
301 6.23582
302 6.81369
303 7.39277
304 7.96887
305 8.53913
306 9.10232
307 9.65828
308 10.2075
309 10.7448
310 11.2548
311 11.6806
312 11.9386
313 12
314 11.9885
315 11.9885
316 11.9885
317 11.9885
318 11.9885
319 11.9885
320 11.9885
321 11.9885
322 11.9885
323 11.9885
324 11.9885
325 11.9885
326 11.9885
327 11.9885
328 11.9885
329 11.9885
330 11.9885
331 11.9885
332 11.9885
333 11.9885
334 11.9885
335 11.9885
336 11.9885
337 11.9885
338 11.9885
339 11.9885
340 11.9885
341 11.9885
342 11.9885
343 11.9885
344 11.9885
345 11.9885
346 11.9885
347 11.9885
348 11.9885
349 11.9885
350 11.9885
351 11.9885
352 11.9885
353 11.9885
354 11.9885
355 11.9885
356 11.9885
357 11.9885
358 11.9885
359 11.9885
360 11.9885
361 11.9885
362 11.9885
363 11.9885
364 11.9885
365 11.9885
366 11.9885
367 11.9885
368 11.9885
369 11.9885
370 11.9885
371 11.9885
372 11.9885
373 11.9885
374 11.9885
375 11.9885
376 11.9885
377 11.9885
378 11.9885
379 11.9885
380 11.9885
381 11.9885
382 11.9885
383 11.9885
384 11.9885
385 11.9885
386 11.9885
387 11.9885
388 11.9885
389 11.9885
390 11.9885
391 11.9885
392 11.9885
393 11.9885
394 11.9885
395 11.9885
396 11.9885
397 11.9885
398 11.9885
399 11.9885
400 11.9885
401 11.9885
402 11.9885
403 11.9885
404 11.9885
405 11.9885
406 11.9885
407 11.9885
408 11.9885
409 11.9885
410 11.9885
411 11.9885
412 11.9885
413 11.9885
414 11.9885
415 11.9885
416 11.9885
417 11.9885
418 11.9885
419 11.9885
420 11.9885
421 11.9885
422 11.9885
423 11.9885
424 11.9885
425 11.9885
426 11.9885
427 11.9885
428 11.9885
429 11.9885
430 11.9885
431 11.9885
432 11.9885
433 11.9885
434 11.9885
435 11.9885
436 11.9885
437 11.9885
438 11.9885
439 11.9885
440 11.9885
441 11.9885
442 11.9885
443 11.9885
444 11.9885
445 11.9885
446 11.9885
447 11.9885
448 11.9885
449 11.9885
450 11.9885
451 11.9885
452 11.9885
453 11.9885
454 11.9885
455 11.9885
456 11.9885
457 11.9885
458 11.9885
459 11.9885
460 11.9885
461 11.9885
462 11.9885
463 11.9885
464 11.9885
465 11.9885
466 11.9885
467 11.9885
468 11.9885
469 11.9885
470 11.9885
471 11.9885
472 11.9885
473 11.9885
474 11.9885
475 11.9885
476 11.9885
477 11.9885
478 11.9885
479 11.9885
480 11.9885
481 11.9885
482 11.9885
483 11.9885
484 11.9885
485 11.9885
486 11.9885
487 11.9885
488 11.9885
489 11.9885
490 11.9885
491 11.9885
492 11.9885
493 11.9885
494 11.9885
495 11.9885
496 11.9885
497 11.9885
498 11.9885
499 11.9885
500 11.9885
501 11.9885
502 11.9885
503 11.9885
504 11.9885
505 11.9885
506 11.9885
507 11.9885
508 11.9885
509 11.9885
510 11.9885
511 11.9885
512 11.9885
513 11.9885
514 11.9885
515 11.9885
516 11.9885
517 11.9885
518 11.9885
519 11.9885
520 11.9885
521 11.9885
522 11.9885
523 11.9885
524 11.9885
525 11.9885
526 11.9885
527 11.9885
528 11.9885
529 11.9885
530 11.9885
531 11.9885
532 11.9885
533 11.9885
534 11.9885
535 11.9885
536 11.9885
537 11.9885
538 11.9885
539 11.9885
540 11.9885
541 11.9885
542 11.9885
