1 11.9901
2 11.9901
3 11.9901
4 11.9901
5 11.9901
6 11.9901
7 11.9901
8 11.9901
9 11.9901
10 11.9901
11 11.9901
12 11.9901
13 11.9901
14 11.9901
15 11.9901
16 11.9901
17 11.9901
18 11.9901
19 11.9901
20 11.9901
21 11.9901
22 11.9901
23 11.9901
24 11.9901
25 11.9901
26 11.9901
27 11.9901
28 11.9901
29 11.9901
30 11.9901
31 11.9901
32 11.9901
33 11.9901
34 11.9901
35 11.9901
36 11.9901
37 11.9901
38 11.9901
39 11.9901
40 11.9901
41 11.9901
42 11.9901
43 11.9901
44 11.9901
45 11.9901
46 11.9901
47 11.9901
48 11.9901
49 11.9901
50 11.9901
51 11.9901
52 11.9901
53 11.9901
54 11.9901
55 11.9901
56 11.9901
57 11.9901
58 11.9901
59 11.9901
60 11.9901
61 11.9901
62 11.9901
63 11.9901
64 11.9901
65 11.9901
66 11.9901
67 11.9901
68 11.9901
69 11.9901
70 11.9901
71 11.9901
72 11.9901
73 11.9901
74 11.9901
75 11.9901
76 11.9901
77 11.9901
78 11.9901
79 11.9901
80 11.9901
81 11.9901
82 11.9901
83 11.9901
84 11.9901
85 11.9901
86 11.9901
87 11.9901
88 11.9901
89 11.9901
90 11.9901
91 11.9901
92 11.9901
93 11.9901
94 11.9901
95 11.9901
96 11.9901
97 11.9901
98 11.9901
99 11.9901
100 11.9901
101 11.9901
102 11.9901
103 11.9901
104 11.9901
105 11.9901
106 11.9901
107 11.9901
108 11.9901
109 11.9901
110 11.9901
111 11.9901
112 11.9901
113 11.9901
114 11.9901
115 11.9901
116 11.9901
117 11.9901
118 11.9901
119 11.9901
120 11.9901
121 11.9901
122 11.9901
123 11.9901
124 11.9901
125 11.9901
126 11.9901
127 11.9901
128 11.9901
129 11.9901
130 11.9901
131 11.9901
132 11.9901
133 11.9901
134 11.9901
135 11.9901
136 11.9901
137 11.9901
138 11.9901
139 11.9901
140 11.9901
141 11.9901
142 11.9901
143 11.9901
144 11.9901
145 11.9901
146 11.9901
147 11.9901
148 11.9901
149 11.9901
150 11.9901
151 11.9901
152 11.9901
153 11.9901
154 11.9901
155 11.9901
156 11.9901
157 11.9901
158 11.9901
159 11.9901
160 11.9901
161 11.9901
162 11.9901
163 11.9901
164 11.9901
165 11.9901
166 11.9901
167 11.9901
168 11.9901
169 11.9901
170 11.9901
171 11.9901
172 11.9901
173 11.9901
174 11.9901
175 11.9901
176 11.9901
177 11.9901
178 11.9901
179 11.9901
180 11.9901
181 11.9901
182 11.9901
183 11.9901
184 11.9901
185 11.9901
186 11.9901
187 11.9901
188 11.9901
189 11.9901
190 11.9901
191 11.9901
192 11.9901
193 11.9901
194 11.9901
195 11.9901
196 11.9901
197 11.9901
198 11.9901
199 11.9901
200 11.9901
201 11.9901
202 11.9901
203 11.9901
204 11.9901
205 11.9901
206 11.9901
207 11.9901
208 11.9901
209 11.9901
210 11.9901
211 11.9901
212 11.9901
213 11.9901
214 11.9901
215 11.9901
216 11.9901
217 11.9901
218 11.9901
219 11.9901
220 11.9901
221 11.9901
222 11.9901
223 11.9901
224 11.9901
225 11.9901
226 11.9901
227 11.9901
228 11.9901
229 11.9901
230 11.9901
231 11.9901
232 11.9901
233 11.9901
234 11.9901
235 11.9901
236 12
237 11.5766
238 10.846
239 10.0487
240 9.23693
241 8.42596
242 7.62333
243 6.8327
244 6.05601
245 5.29455
246 4.54948
247 3.82206
248 3.11355
249 2.42522
250 1.7583
251 1.11393
252 1.13054
253 1.18161
254 1.15517
255 1.18758
256 1.16169
257 1.18696
258 1.20936
259 1.23221
260 1.24993
261 1.27068
262 1.28794
263 1.3038
264 1.31176
265 1.31497
266 1.31611
267 1.31648
268 1.31659
269 1.31662
270 1.31663
271 1.31663
272 1.31663
273 1.31662
274 1.31662
275 1.31663
276 1.31663
277 1.31661
278 1.31657
279 1.31645
280 1.31611
281 1.3152
282 1.31298
283 1.30795
284 1.29769
285 1.27965
286 1.26676
287 1.24479
288 1.21482
289 1.20051
290 1.38398
291 1.36975
292 1.95169
293 2.52632
294 3.09224
295 3.65102
296 4.20671
297 4.76477
298 5.33104
299 5.91078
300 6.5082
301 7.1263
302 7.76672
303 8.42933
304 9.1108
305 9.80461
306 10.494
307 11.1691
308 11.7571
309 11.995
310 11.9901
311 11.9901
312 11.9901
313 11.9901
314 11.9901
315 11.9901
316 11.9901
317 11.9901
318 11.9901
319 11.9901
320 11.9901
321 11.9901
322 11.9901
323 11.9901
324 11.9901
325 11.9901
326 11.9901
327 11.9901
328 11.9901
329 11.9901
330 11.9901
331 11.9901
332 11.9901
333 11.9901
334 11.9901
335 11.9901
336 11.9901
337 11.9901
338 11.9901
339 11.9901
340 11.9901
341 11.9901
342 11.9901
343 11.9901
344 11.9901
345 11.9901
346 11.9901
347 11.9901
348 11.9901
349 11.9901
350 11.9901
351 11.9901
352 11.9901
353 11.9901
354 11.9901
355 11.9901
356 11.9901
357 11.9901
358 11.9901
359 11.9901
360 11.9901
361 11.9901
362 11.9901
363 11.9901
364 11.9901
365 11.9901
366 11.9901
367 11.9901
368 11.9901
369 11.9901
370 11.9901
371 11.9901
372 11.9901
373 11.9901
374 11.9901
375 11.9901
376 11.9901
377 11.9901
378 11.9901
379 11.9901
380 11.9901
381 11.9901
382 11.9901
383 11.9901
384 11.9901
385 11.9901
386 11.9901
387 11.9901
388 11.9901
389 11.9901
390 11.9901
391 11.9901
392 11.9901
393 11.9901
394 11.9901
395 11.9901
396 11.9901
397 11.9901
398 11.9901
399 11.9901
400 11.9901
401 11.9901
402 11.9901
403 11.9901
404 11.9901
405 11.9901
406 11.9901
407 11.9901
408 11.9901
409 11.9901
410 11.9901
411 11.9901
412 11.9901
413 11.9901
414 11.9901
415 11.9901
416 11.9901
417 11.9901
418 11.9901
419 11.9901
420 11.9901
421 11.9901
422 11.9901
423 11.9901
424 11.9901
425 11.9901
426 11.9901
427 11.9901
428 11.9901
429 11.9901
430 11.9901
431 11.9901
432 11.9901
433 11.9901
434 11.9901
435 11.9901
436 11.9901
437 11.9901
438 11.9901
439 11.9901
440 11.9901
441 11.9901
442 11.9901
443 11.9901
444 11.9901
445 11.9901
446 11.9901
447 11.9901
448 11.9901
449 11.9901
450 11.9901
451 11.9901
452 11.9901
453 11.9901
454 11.9901
455 11.9901
456 11.9901
457 11.9901
458 11.9901
459 11.9901
460 11.9901
461 11.9901
462 11.9901
463 11.9901
464 11.9901
465 11.9901
466 11.9901
467 11.9901
468 11.9901
469 11.9901
470 11.9901
471 11.9901
472 11.9901
473 11.9901
474 11.9901
475 11.9901
476 11.9901
477 11.9901
478 11.9901
479 11.9901
480 11.9901
481 11.9901
482 11.9901
483 11.9901
484 11.9901
485 11.9901
486 11.9901
487 11.9901
488 11.9901
489 11.9901
490 11.9901
491 11.9901
492 11.9901
493 11.9901
494 11.9901
495 11.9901
496 11.9901
497 11.9901
498 11.9901
499 11.9901
500 11.9901
501 11.9901
502 11.9901
503 11.9901
504 11.9901
505 11.9901
506 11.9901
507 11.9901
508 11.9901
509 11.9901
510 11.9901
511 11.9901
512 11.9901
513 11.9901
514 11.9901
515 11.9901
516 11.9901
517 11.9901
518 11.9901
519 11.9901
520 11.9901
521 11.9901
522 11.9901
523 11.9901
524 11.9901
525 11.9901
526 11.9901
527 11.9901
528 11.9901
529 11.9901
530 11.9901
531 11.9901
532 11.9901
533 11.9901
534 11.9901
535 11.9901
536 11.9901
537 11.9901
538 11.9901
539 11.9901
540 11.9901
541 11.9901
542 11.9901
