1 11.8168
2 11.8168
3 11.8168
4 11.8168
5 11.8168
6 11.8168
7 11.8168
8 11.8168
9 11.8168
10 11.8168
11 11.8168
12 11.8168
13 11.8168
14 11.8168
15 11.8168
16 11.8168
17 11.8168
18 11.8168
19 11.8168
20 11.8168
21 11.8168
22 11.8168
23 11.8168
24 11.8168
25 11.8168
26 11.8168
27 11.8168
28 11.8168
29 11.8168
30 11.8168
31 11.8168
32 11.8168
33 11.8168
34 11.8168
35 11.8168
36 11.8168
37 11.8168
38 11.8168
39 11.8168
40 11.8168
41 11.8168
42 11.8168
43 11.8168
44 11.8168
45 11.8168
46 11.8168
47 11.8168
48 11.8168
49 11.8168
50 11.8168
51 11.8168
52 11.8168
53 11.8168
54 11.8168
55 11.8168
56 11.8168
57 11.8168
58 11.8168
59 11.8168
60 11.8168
61 11.8168
62 11.8168
63 11.8168
64 11.8168
65 11.8168
66 11.8168
67 11.8168
68 11.8168
69 11.8168
70 11.8168
71 11.8168
72 11.8168
73 11.8168
74 11.8168
75 11.8168
76 11.8168
77 11.8168
78 11.8168
79 11.8168
80 11.8168
81 11.8168
82 11.8168
83 11.8168
84 11.8168
85 11.8168
86 11.8168
87 11.8168
88 11.8168
89 11.8168
90 11.8168
91 11.8168
92 11.8168
93 11.8168
94 11.8168
95 11.8168
96 11.8168
97 11.8168
98 11.8168
99 11.8168
100 11.8168
101 11.8168
102 11.8168
103 11.8168
104 11.8168
105 11.8168
106 11.8168
107 11.8168
108 11.8168
109 11.8168
110 11.8168
111 11.8168
112 11.8168
113 11.8168
114 11.8168
115 11.8168
116 11.8168
117 11.8168
118 11.8168
119 11.8168
120 11.8168
121 11.8168
122 11.8168
123 11.8168
124 11.8168
125 11.8168
126 11.8168
127 11.8168
128 11.8168
129 11.8168
130 11.8168
131 11.8168
132 11.8168
133 11.8168
134 11.8168
135 11.8168
136 11.8168
137 11.8168
138 11.8168
139 11.8168
140 11.8168
141 11.8168
142 11.8168
143 11.8168
144 11.8168
145 11.8168
146 11.8168
147 11.8168
148 11.8168
149 11.8168
150 11.8168
151 11.8168
152 11.8168
153 11.8168
154 11.8168
155 11.8168
156 11.8168
157 11.8168
158 11.8168
159 11.8168
160 11.8168
161 11.8168
162 11.8168
163 11.8168
164 11.8168
165 11.8168
166 11.8168
167 11.8168
168 11.8168
169 11.8168
170 11.8168
171 11.8168
172 11.8168
173 11.8168
174 11.8168
175 11.8168
176 11.8168
177 11.8168
178 11.8168
179 11.8168
180 11.8168
181 11.8168
182 11.8168
183 11.8168
184 11.8168
185 11.8168
186 11.8168
187 11.8168
188 11.8168
189 11.8168
190 11.8168
191 11.8168
192 11.8168
193 11.8168
194 11.8168
195 11.8168
196 11.8168
197 11.8168
198 11.8168
199 11.8168
200 11.8168
201 11.8168
202 11.8168
203 11.8168
204 11.8168
205 11.8168
206 11.8168
207 11.8168
208 11.8168
209 11.8168
210 11.8168
211 11.8168
212 11.8168
213 11.8168
214 11.8168
215 11.8168
216 11.8168
217 11.8168
218 11.8168
219 11.8168
220 11.8168
221 11.8168
222 11.8168
223 11.8168
224 11.8168
225 11.8168
226 11.8168
227 11.8168
228 11.8168
229 11.8168
230 11.8168
231 11.8168
232 11.8168
233 11.8168
234 11.8168
235 11.8168
236 11.8168
237 11.8168
238 11.8168
239 11.8168
240 11.8168
241 11.8168
242 11.8168
243 11.8168
244 11.8168
245 11.8168
246 11.8168
247 11.8168
248 11.8168
249 11.8168
250 11.5656
251 10.9879
252 11.0489
253 11.5658
254 11.3112
255 11.5922
256 11.0913
257 11.068
258 11.5041
259 11.4191
260 11.9703
261 11.3581
262 10.3934
263 10.2954
264 10.2646
265 10.2531
266 10.2513
267 10.2601
268 10.2827
269 10.3288
270 10.4514
271 11.1842
272 11.2646
273 12
274 11.3298
275 10.3822
276 10.2907
277 10.263
278 10.2548
279 10.2594
280 10.2769
281 10.3077
282 10.3584
283 10.4456
284 10.6197
285 11.1288
286 10.9954
287 10.9344
288 10.9137
289 10.9617
290 11.5318
291 11.3342
292 11.8222
293 11.8168
294 11.8168
295 11.8168
296 11.8168
297 11.8168
298 11.8168
299 11.8168
300 11.8168
301 11.8168
302 11.8168
303 11.8168
304 11.8168
305 11.8168
306 11.8168
307 11.8168
308 11.8168
309 11.8168
310 11.8168
311 11.8168
312 11.8168
313 11.8168
314 11.8168
315 11.8168
316 11.8168
317 11.8168
318 11.8168
319 11.8168
320 11.8168
321 11.8168
322 11.8168
323 11.8168
324 11.8168
325 11.8168
326 11.8168
327 11.8168
328 11.8168
329 11.8168
330 11.8168
331 11.8168
332 11.8168
333 11.8168
334 11.8168
335 11.8168
336 11.8168
337 11.8168
338 11.8168
339 11.8168
340 11.8168
341 11.8168
342 11.8168
343 11.8168
344 11.8168
345 11.8168
346 11.8168
347 11.8168
348 11.8168
349 11.8168
350 11.8168
351 11.8168
352 11.8168
353 11.8168
354 11.8168
355 11.8168
356 11.8168
357 11.8168
358 11.8168
359 11.8168
360 11.8168
361 11.8168
362 11.8168
363 11.8168
364 11.8168
365 11.8168
366 11.8168
367 11.8168
368 11.8168
369 11.8168
370 11.8168
371 11.8168
372 11.8168
373 11.8168
374 11.8168
375 11.8168
376 11.8168
377 11.8168
378 11.8168
379 11.8168
380 11.8168
381 11.8168
382 11.8168
383 11.8168
384 11.8168
385 11.8168
386 11.8168
387 11.8168
388 11.8168
389 11.8168
390 11.8168
391 11.8168
392 11.8168
393 11.8168
394 11.8168
395 11.8168
396 11.8168
397 11.8168
398 11.8168
399 11.8168
400 11.8168
401 11.8168
402 11.8168
403 11.8168
404 11.8168
405 11.8168
406 11.8168
407 11.8168
408 11.8168
409 11.8168
410 11.8168
411 11.8168
412 11.8168
413 11.8168
414 11.8168
415 11.8168
416 11.8168
417 11.8168
418 11.8168
419 11.8168
420 11.8168
421 11.8168
422 11.8168
423 11.8168
424 11.8168
425 11.8168
426 11.8168
427 11.8168
428 11.8168
429 11.8168
430 11.8168
431 11.8168
432 11.8168
433 11.8168
434 11.8168
435 11.8168
436 11.8168
437 11.8168
438 11.8168
439 11.8168
440 11.8168
441 11.8168
442 11.8168
443 11.8168
444 11.8168
445 11.8168
446 11.8168
447 11.8168
448 11.8168
449 11.8168
450 11.8168
451 11.8168
452 11.8168
453 11.8168
454 11.8168
455 11.8168
456 11.8168
457 11.8168
458 11.8168
459 11.8168
460 11.8168
461 11.8168
462 11.8168
463 11.8168
464 11.8168
465 11.8168
466 11.8168
467 11.8168
468 11.8168
469 11.8168
470 11.8168
471 11.8168
472 11.8168
473 11.8168
474 11.8168
475 11.8168
476 11.8168
477 11.8168
478 11.8168
479 11.8168
480 11.8168
481 11.8168
482 11.8168
483 11.8168
484 11.8168
485 11.8168
486 11.8168
487 11.8168
488 11.8168
489 11.8168
490 11.8168
491 11.8168
492 11.8168
493 11.8168
494 11.8168
495 11.8168
496 11.8168
497 11.8168
498 11.8168
499 11.8168
500 11.8168
501 11.8168
502 11.8168
503 11.8168
504 11.8168
505 11.8168
506 11.8168
507 11.8168
508 11.8168
509 11.8168
510 11.8168
511 11.8168
512 11.8168
513 11.8168
514 11.8168
515 11.8168
516 11.8168
517 11.8168
518 11.8168
519 11.8168
520 11.8168
521 11.8168
522 11.8168
523 11.8168
524 11.8168
525 11.8168
526 11.8168
527 11.8168
528 11.8168
529 11.8168
530 11.8168
531 11.8168
532 11.8168
533 11.8168
534 11.8168
535 11.8168
536 11.8168
537 11.8168
538 11.8168
539 11.8168
540 11.8168
541 11.8168
542 11.8168
