1 11.886
2 11.886
3 11.886
4 11.886
5 11.886
6 11.886
7 11.886
8 11.886
9 11.886
10 11.886
11 11.886
12 11.886
13 11.886
14 11.886
15 11.886
16 11.886
17 11.886
18 11.886
19 11.886
20 11.886
21 11.886
22 11.886
23 11.886
24 11.886
25 11.886
26 11.886
27 11.886
28 11.886
29 11.886
30 11.886
31 11.886
32 11.886
33 11.886
34 11.886
35 11.886
36 11.886
37 11.886
38 11.886
39 11.886
40 11.886
41 11.886
42 11.886
43 11.886
44 11.886
45 11.886
46 11.886
47 11.886
48 11.886
49 11.886
50 11.886
51 11.886
52 11.886
53 11.886
54 11.886
55 11.886
56 11.886
57 11.886
58 11.886
59 11.886
60 11.886
61 11.886
62 11.886
63 11.886
64 11.886
65 11.886
66 11.886
67 11.886
68 11.886
69 11.886
70 11.886
71 11.886
72 11.886
73 11.886
74 11.886
75 11.886
76 11.886
77 11.886
78 11.886
79 11.886
80 11.886
81 11.886
82 11.886
83 11.886
84 11.886
85 11.886
86 11.886
87 11.886
88 11.886
89 11.886
90 11.886
91 11.886
92 11.886
93 11.886
94 11.886
95 11.886
96 11.886
97 11.886
98 11.886
99 11.886
100 11.886
101 11.886
102 11.886
103 11.886
104 11.886
105 11.886
106 11.886
107 11.886
108 11.886
109 11.886
110 11.886
111 11.886
112 11.886
113 11.886
114 11.886
115 11.886
116 11.886
117 11.886
118 11.886
119 11.886
120 11.886
121 11.886
122 11.886
123 11.886
124 11.886
125 11.886
126 11.886
127 11.886
128 11.886
129 11.886
130 11.886
131 11.886
132 11.886
133 11.886
134 11.886
135 11.886
136 11.886
137 11.886
138 11.886
139 11.886
140 11.886
141 11.886
142 11.886
143 11.886
144 11.886
145 11.886
146 11.886
147 11.886
148 11.886
149 11.886
150 11.886
151 11.886
152 11.886
153 11.886
154 11.886
155 11.886
156 11.886
157 11.886
158 11.886
159 11.886
160 11.886
161 11.886
162 11.886
163 11.886
164 11.886
165 11.886
166 11.886
167 11.886
168 11.886
169 11.886
170 11.886
171 11.886
172 11.886
173 11.886
174 11.886
175 11.886
176 11.886
177 11.886
178 11.886
179 11.886
180 11.886
181 11.886
182 11.886
183 11.886
184 11.886
185 11.886
186 11.886
187 11.886
188 11.886
189 11.886
190 11.886
191 11.886
192 11.886
193 11.886
194 11.886
195 11.886
196 11.886
197 11.886
198 11.886
199 11.886
200 11.886
201 11.886
202 11.886
203 11.886
204 11.886
205 11.886
206 11.886
207 11.886
208 11.886
209 11.886
210 11.886
211 11.886
212 11.886
213 11.886
214 11.886
215 11.886
216 11.886
217 11.886
218 11.886
219 11.886
220 11.886
221 11.886
222 11.886
223 11.886
224 11.886
225 11.886
226 11.886
227 11.886
228 11.886
229 11.886
230 11.886
231 11.886
232 11.886
233 11.886
234 11.886
235 11.886
236 11.886
237 11.886
238 11.886
239 11.886
240 11.886
241 11.886
242 11.886
243 11.886
244 11.886
245 11.886
246 11.886
247 11.886
248 11.886
249 12
250 11.7067
251 11.1128
252 11.1937
253 11.6333
254 11.4305
255 11.6572
256 11.2251
257 11.1903
258 11.5733
259 11.4674
260 11.7234
261 11.0751
262 10.1304
263 10.038
264 10.0134
265 10.0078
266 10.0091
267 10.0147
268 10.0283
269 10.0635
270 10.1723
271 10.8543
272 11.0155
273 11.692
274 11.0648
275 10.115
276 10.025
277 10.0038
278 10.0036
279 10.0131
280 10.0297
281 10.0552
282 10.0966
283 10.1707
284 10.3243
285 10.7605
286 10.7178
287 10.7099
288 10.7316
289 10.8199
290 11.4319
291 11.3383
292 11.8263
293 11.886
294 11.886
295 11.886
296 11.886
297 11.886
298 11.886
299 11.886
300 11.886
301 11.886
302 11.886
303 11.886
304 11.886
305 11.886
306 11.886
307 11.886
308 11.886
309 11.886
310 11.886
311 11.886
312 11.886
313 11.886
314 11.886
315 11.886
316 11.886
317 11.886
318 11.886
319 11.886
320 11.886
321 11.886
322 11.886
323 11.886
324 11.886
325 11.886
326 11.886
327 11.886
328 11.886
329 11.886
330 11.886
331 11.886
332 11.886
333 11.886
334 11.886
335 11.886
336 11.886
337 11.886
338 11.886
339 11.886
340 11.886
341 11.886
342 11.886
343 11.886
344 11.886
345 11.886
346 11.886
347 11.886
348 11.886
349 11.886
350 11.886
351 11.886
352 11.886
353 11.886
354 11.886
355 11.886
356 11.886
357 11.886
358 11.886
359 11.886
360 11.886
361 11.886
362 11.886
363 11.886
364 11.886
365 11.886
366 11.886
367 11.886
368 11.886
369 11.886
370 11.886
371 11.886
372 11.886
373 11.886
374 11.886
375 11.886
376 11.886
377 11.886
378 11.886
379 11.886
380 11.886
381 11.886
382 11.886
383 11.886
384 11.886
385 11.886
386 11.886
387 11.886
388 11.886
389 11.886
390 11.886
391 11.886
392 11.886
393 11.886
394 11.886
395 11.886
396 11.886
397 11.886
398 11.886
399 11.886
400 11.886
401 11.886
402 11.886
403 11.886
404 11.886
405 11.886
406 11.886
407 11.886
408 11.886
409 11.886
410 11.886
411 11.886
412 11.886
413 11.886
414 11.886
415 11.886
416 11.886
417 11.886
418 11.886
419 11.886
420 11.886
421 11.886
422 11.886
423 11.886
424 11.886
425 11.886
426 11.886
427 11.886
428 11.886
429 11.886
430 11.886
431 11.886
432 11.886
433 11.886
434 11.886
435 11.886
436 11.886
437 11.886
438 11.886
439 11.886
440 11.886
441 11.886
442 11.886
443 11.886
444 11.886
445 11.886
446 11.886
447 11.886
448 11.886
449 11.886
450 11.886
451 11.886
452 11.886
453 11.886
454 11.886
455 11.886
456 11.886
457 11.886
458 11.886
459 11.886
460 11.886
461 11.886
462 11.886
463 11.886
464 11.886
465 11.886
466 11.886
467 11.886
468 11.886
469 11.886
470 11.886
471 11.886
472 11.886
473 11.886
474 11.886
475 11.886
476 11.886
477 11.886
478 11.886
479 11.886
480 11.886
481 11.886
482 11.886
483 11.886
484 11.886
485 11.886
486 11.886
487 11.886
488 11.886
489 11.886
490 11.886
491 11.886
492 11.886
493 11.886
494 11.886
495 11.886
496 11.886
497 11.886
498 11.886
499 11.886
500 11.886
501 11.886
502 11.886
503 11.886
504 11.886
505 11.886
506 11.886
507 11.886
508 11.886
509 11.886
510 11.886
511 11.886
512 11.886
513 11.886
514 11.886
515 11.886
516 11.886
517 11.886
518 11.886
519 11.886
520 11.886
521 11.886
522 11.886
523 11.886
524 11.886
525 11.886
526 11.886
527 11.886
528 11.886
529 11.886
530 11.886
531 11.886
532 11.886
533 11.886
534 11.886
535 11.886
536 11.886
537 11.886
538 11.886
539 11.886
540 11.886
541 11.886
542 11.886
