1 11.995
2 11.995
3 11.995
4 11.995
5 11.995
6 11.995
7 11.995
8 11.995
9 11.995
10 11.995
11 11.995
12 11.995
13 11.995
14 11.995
15 11.995
16 11.995
17 11.995
18 11.995
19 11.995
20 11.995
21 11.995
22 11.995
23 11.995
24 11.995
25 11.995
26 11.995
27 11.995
28 11.995
29 11.995
30 11.995
31 11.995
32 11.995
33 11.995
34 11.995
35 11.995
36 11.995
37 11.995
38 11.995
39 11.995
40 11.995
41 11.995
42 11.995
43 11.995
44 11.995
45 11.995
46 11.995
47 11.995
48 11.995
49 11.995
50 11.995
51 11.995
52 11.995
53 11.995
54 11.995
55 11.995
56 11.995
57 11.995
58 11.995
59 11.995
60 11.995
61 11.995
62 11.995
63 11.995
64 11.995
65 11.995
66 11.995
67 11.995
68 11.995
69 11.995
70 11.995
71 11.995
72 11.995
73 11.995
74 11.995
75 11.995
76 11.995
77 11.995
78 11.995
79 11.995
80 11.995
81 11.995
82 11.995
83 11.995
84 11.995
85 11.995
86 11.995
87 11.995
88 11.995
89 11.995
90 11.995
91 11.995
92 11.995
93 11.995
94 11.995
95 11.995
96 11.995
97 11.995
98 11.995
99 11.995
100 11.995
101 11.995
102 11.995
103 11.995
104 11.995
105 11.995
106 11.995
107 11.995
108 11.995
109 11.995
110 11.995
111 11.995
112 11.995
113 11.995
114 11.995
115 11.995
116 11.995
117 11.995
118 11.995
119 11.995
120 11.995
121 11.995
122 11.995
123 11.995
124 11.995
125 11.995
126 11.995
127 11.995
128 11.995
129 11.995
130 11.995
131 11.995
132 11.995
133 11.995
134 11.995
135 11.995
136 11.995
137 11.995
138 11.995
139 11.995
140 11.995
141 11.995
142 11.995
143 11.995
144 11.995
145 11.995
146 11.995
147 11.995
148 11.995
149 11.995
150 11.995
151 11.995
152 11.995
153 11.995
154 11.995
155 11.995
156 11.995
157 11.995
158 11.995
159 11.995
160 11.995
161 11.995
162 11.995
163 11.995
164 11.995
165 11.995
166 11.995
167 11.995
168 11.995
169 11.995
170 11.995
171 11.995
172 11.995
173 11.995
174 11.995
175 11.995
176 11.995
177 11.995
178 11.995
179 11.995
180 11.995
181 11.995
182 11.995
183 11.995
184 11.995
185 11.995
186 11.995
187 11.995
188 11.995
189 11.995
190 11.995
191 11.995
192 11.995
193 11.995
194 11.995
195 11.995
196 11.995
197 11.995
198 11.995
199 11.995
200 11.995
201 11.995
202 11.995
203 11.995
204 11.995
205 11.995
206 11.995
207 11.995
208 11.995
209 11.995
210 11.995
211 11.995
212 11.995
213 11.995
214 11.995
215 11.995
216 11.995
217 11.995
218 11.995
219 11.995
220 11.995
221 11.995
222 11.995
223 11.995
224 11.9964
225 11.9931
226 11.906
227 11.5525
228 10.8579
229 10.0319
230 9.26313
231 8.57788
232 7.95333
233 7.36964
234 6.81675
235 6.29021
236 5.78824
237 5.31032
238 4.85644
239 4.42682
240 4.02176
241 3.6416
242 3.28666
243 2.95725
244 2.65363
245 2.37596
246 2.12432
247 1.89864
248 1.69865
249 1.52384
250 1.37343
251 1.2463
252 1.28117
253 1.29991
254 1.32015
255 1.32692
256 1.33414
257 1.3361
258 1.33658
259 1.33708
260 1.33719
261 1.3373
262 1.33742
263 1.33744
264 1.33745
265 1.33745
266 1.33745
267 1.33745
268 1.33745
269 1.33745
270 1.33745
271 1.33745
272 1.33745
273 1.33745
274 1.33745
275 1.33745
276 1.33745
277 1.33745
278 1.33745
279 1.33745
280 1.33745
281 1.33745
282 1.33744
283 1.33742
284 1.33731
285 1.33683
286 1.33636
287 1.33451
288 1.32787
289 1.3082
290 1.27497
291 1.23941
292 1.37111
293 1.52773
294 1.71058
295 1.92061
296 2.15845
297 2.42446
298 2.71871
299 3.0411
300 3.39132
301 3.76892
302 4.17332
303 4.60375
304 5.05931
305 5.53888
306 6.04113
307 6.56447
308 7.10721
309 7.66795
310 8.24638
311 8.84485
312 9.47013
313 10.1294
314 10.8083
315 11.4226
316 11.8245
317 11.9795
318 12
319 11.9965
320 11.995
321 11.995
322 11.995
323 11.995
324 11.995
325 11.995
326 11.995
327 11.995
328 11.995
329 11.995
330 11.995
331 11.995
332 11.995
333 11.995
334 11.995
335 11.995
336 11.995
337 11.995
338 11.995
339 11.995
340 11.995
341 11.995
342 11.995
343 11.995
344 11.995
345 11.995
346 11.995
347 11.995
348 11.995
349 11.995
350 11.995
351 11.995
352 11.995
353 11.995
354 11.995
355 11.995
356 11.995
357 11.995
358 11.995
359 11.995
360 11.995
361 11.995
362 11.995
363 11.995
364 11.995
365 11.995
366 11.995
367 11.995
368 11.995
369 11.995
370 11.995
371 11.995
372 11.995
373 11.995
374 11.995
375 11.995
376 11.995
377 11.995
378 11.995
379 11.995
380 11.995
381 11.995
382 11.995
383 11.995
384 11.995
385 11.995
386 11.995
387 11.995
388 11.995
389 11.995
390 11.995
391 11.995
392 11.995
393 11.995
394 11.995
395 11.995
396 11.995
397 11.995
398 11.995
399 11.995
400 11.995
401 11.995
402 11.995
403 11.995
404 11.995
405 11.995
406 11.995
407 11.995
408 11.995
409 11.995
410 11.995
411 11.995
412 11.995
413 11.995
414 11.995
415 11.995
416 11.995
417 11.995
418 11.995
419 11.995
420 11.995
421 11.995
422 11.995
423 11.995
424 11.995
425 11.995
426 11.995
427 11.995
428 11.995
429 11.995
430 11.995
431 11.995
432 11.995
433 11.995
434 11.995
435 11.995
436 11.995
437 11.995
438 11.995
439 11.995
440 11.995
441 11.995
442 11.995
443 11.995
444 11.995
445 11.995
446 11.995
447 11.995
448 11.995
449 11.995
450 11.995
451 11.995
452 11.995
453 11.995
454 11.995
455 11.995
456 11.995
457 11.995
458 11.995
459 11.995
460 11.995
461 11.995
462 11.995
463 11.995
464 11.995
465 11.995
466 11.995
467 11.995
468 11.995
469 11.995
470 11.995
471 11.995
472 11.995
473 11.995
474 11.995
475 11.995
476 11.995
477 11.995
478 11.995
479 11.995
480 11.995
481 11.995
482 11.995
483 11.995
484 11.995
485 11.995
486 11.995
487 11.995
488 11.995
489 11.995
490 11.995
491 11.995
492 11.995
493 11.995
494 11.995
495 11.995
496 11.995
497 11.995
498 11.995
499 11.995
500 11.995
501 11.995
502 11.995
503 11.995
504 11.995
505 11.995
506 11.995
507 11.995
508 11.995
509 11.995
510 11.995
511 11.995
512 11.995
513 11.995
514 11.995
515 11.995
516 11.995
517 11.995
518 11.995
519 11.995
520 11.995
521 11.995
522 11.995
523 11.995
524 11.995
525 11.995
526 11.995
527 11.995
528 11.995
529 11.995
530 11.995
531 11.995
532 11.995
533 11.995
534 11.995
535 11.995
536 11.995
537 11.995
538 11.995
539 11.995
540 11.995
541 11.995
542 11.995
