1 11.9904
2 11.9904
3 11.9904
4 11.9904
5 11.9904
6 11.9904
7 11.9904
8 11.9904
9 11.9904
10 11.9904
11 11.9904
12 11.9904
13 11.9904
14 11.9904
15 11.9904
16 11.9904
17 11.9904
18 11.9904
19 11.9904
20 11.9904
21 11.9904
22 11.9904
23 11.9904
24 11.9904
25 11.9904
26 11.9904
27 11.9904
28 11.9904
29 11.9904
30 11.9904
31 11.9904
32 11.9904
33 11.9904
34 11.9904
35 11.9904
36 11.9904
37 11.9904
38 11.9904
39 11.9904
40 11.9904
41 11.9904
42 11.9904
43 11.9904
44 11.9904
45 11.9904
46 11.9904
47 11.9904
48 11.9904
49 11.9904
50 11.9904
51 11.9904
52 11.9904
53 11.9904
54 11.9904
55 11.9904
56 11.9904
57 11.9904
58 11.9904
59 11.9904
60 11.9904
61 11.9904
62 11.9904
63 11.9904
64 11.9904
65 11.9904
66 11.9904
67 11.9904
68 11.9904
69 11.9904
70 11.9904
71 11.9904
72 11.9904
73 11.9904
74 11.9904
75 11.9904
76 11.9904
77 11.9904
78 11.9904
79 11.9904
80 11.9904
81 11.9904
82 11.9904
83 11.9904
84 11.9904
85 11.9904
86 11.9904
87 11.9904
88 11.9904
89 11.9904
90 11.9904
91 11.9904
92 11.9904
93 11.9904
94 11.9904
95 11.9904
96 11.9904
97 11.9904
98 11.9904
99 11.9904
100 11.9904
101 11.9904
102 11.9904
103 11.9904
104 11.9904
105 11.9904
106 11.9904
107 11.9904
108 11.9904
109 11.9904
110 11.9904
111 11.9904
112 11.9904
113 11.9904
114 11.9904
115 11.9904
116 11.9904
117 11.9904
118 11.9904
119 11.9904
120 11.9904
121 11.9904
122 11.9904
123 11.9904
124 11.9904
125 11.9904
126 11.9904
127 11.9904
128 11.9904
129 11.9904
130 11.9904
131 11.9904
132 11.9904
133 11.9904
134 11.9904
135 11.9904
136 11.9904
137 11.9904
138 11.9904
139 11.9904
140 11.9904
141 11.9904
142 11.9904
143 11.9904
144 11.9904
145 11.9904
146 11.9904
147 11.9904
148 11.9904
149 11.9904
150 11.9904
151 11.9904
152 11.9904
153 11.9904
154 11.9904
155 11.9904
156 11.9904
157 11.9904
158 11.9904
159 11.9904
160 11.9904
161 11.9904
162 11.9904
163 11.9904
164 11.9904
165 11.9904
166 11.9904
167 11.9904
168 11.9904
169 11.9904
170 11.9904
171 11.9904
172 11.9904
173 11.9904
174 11.9904
175 11.9904
176 11.9904
177 11.9904
178 11.9904
179 11.9904
180 11.9904
181 11.9904
182 11.9904
183 11.9904
184 11.9904
185 11.9904
186 11.9904
187 11.9904
188 11.9904
189 11.9904
190 11.9904
191 11.9904
192 11.9904
193 11.9904
194 11.9904
195 11.9904
196 11.9904
197 11.9904
198 11.9904
199 11.9904
200 11.9904
201 11.9904
202 11.9904
203 11.9904
204 11.9904
205 11.9904
206 11.9904
207 11.9904
208 11.9904
209 11.9904
210 11.9904
211 11.9904
212 11.9904
213 11.9904
214 11.9904
215 11.9904
216 11.9904
217 11.9904
218 11.9904
219 11.9904
220 11.9904
221 11.9904
222 11.9904
223 11.9904
224 11.9904
225 11.9904
226 11.9904
227 11.9904
228 11.9904
229 11.9904
230 11.9904
231 11.9904
232 11.9904
233 11.9904
234 11.9904
235 11.9904
236 11.9904
237 11.9957
238 11.7178
239 10.9866
240 10.112
241 9.23298
242 8.36744
243 7.51792
244 6.68339
245 5.86329
246 5.05734
247 4.26574
248 3.48907
249 2.72824
250 1.9844
251 1.2589
252 1.2598
253 1.30644
254 1.2104
255 1.22768
256 1.10841
257 1.11654
258 1.14074
259 1.13954
260 1.15924
261 1.1608
262 1.10156
263 1.11327
264 1.12767
265 1.13601
266 1.13984
267 1.14138
268 1.14193
269 1.14212
270 1.14217
271 1.14218
272 1.14219
273 1.14219
274 1.14219
275 1.14219
276 1.14218
277 1.14213
278 1.14199
279 1.14164
280 1.14079
281 1.13886
282 1.13476
283 1.12671
284 1.11236
285 1.09022
286 1.07367
287 1.04714
288 1.01167
289 0.989902
290 1.16322
291 1.13317
292 1.68738
293 2.24176
294 2.80267
295 3.37609
296 3.96698
297 4.57903
298 5.21486
299 5.87614
300 6.56399
301 7.27914
302 8.02208
303 8.79309
304 9.59249
305 10.4176
306 11.2295
307 11.833
308 12
309 11.9904
310 11.9904
311 11.9904
312 11.9904
313 11.9904
314 11.9904
315 11.9904
316 11.9904
317 11.9904
318 11.9904
319 11.9904
320 11.9904
321 11.9904
322 11.9904
323 11.9904
324 11.9904
325 11.9904
326 11.9904
327 11.9904
328 11.9904
329 11.9904
330 11.9904
331 11.9904
332 11.9904
333 11.9904
334 11.9904
335 11.9904
336 11.9904
337 11.9904
338 11.9904
339 11.9904
340 11.9904
341 11.9904
342 11.9904
343 11.9904
344 11.9904
345 11.9904
346 11.9904
347 11.9904
348 11.9904
349 11.9904
350 11.9904
351 11.9904
352 11.9904
353 11.9904
354 11.9904
355 11.9904
356 11.9904
357 11.9904
358 11.9904
359 11.9904
360 11.9904
361 11.9904
362 11.9904
363 11.9904
364 11.9904
365 11.9904
366 11.9904
367 11.9904
368 11.9904
369 11.9904
370 11.9904
371 11.9904
372 11.9904
373 11.9904
374 11.9904
375 11.9904
376 11.9904
377 11.9904
378 11.9904
379 11.9904
380 11.9904
381 11.9904
382 11.9904
383 11.9904
384 11.9904
385 11.9904
386 11.9904
387 11.9904
388 11.9904
389 11.9904
390 11.9904
391 11.9904
392 11.9904
393 11.9904
394 11.9904
395 11.9904
396 11.9904
397 11.9904
398 11.9904
399 11.9904
400 11.9904
401 11.9904
402 11.9904
403 11.9904
404 11.9904
405 11.9904
406 11.9904
407 11.9904
408 11.9904
409 11.9904
410 11.9904
411 11.9904
412 11.9904
413 11.9904
414 11.9904
415 11.9904
416 11.9904
417 11.9904
418 11.9904
419 11.9904
420 11.9904
421 11.9904
422 11.9904
423 11.9904
424 11.9904
425 11.9904
426 11.9904
427 11.9904
428 11.9904
429 11.9904
430 11.9904
431 11.9904
432 11.9904
433 11.9904
434 11.9904
435 11.9904
436 11.9904
437 11.9904
438 11.9904
439 11.9904
440 11.9904
441 11.9904
442 11.9904
443 11.9904
444 11.9904
445 11.9904
446 11.9904
447 11.9904
448 11.9904
449 11.9904
450 11.9904
451 11.9904
452 11.9904
453 11.9904
454 11.9904
455 11.9904
456 11.9904
457 11.9904
458 11.9904
459 11.9904
460 11.9904
461 11.9904
462 11.9904
463 11.9904
464 11.9904
465 11.9904
466 11.9904
467 11.9904
468 11.9904
469 11.9904
470 11.9904
471 11.9904
472 11.9904
473 11.9904
474 11.9904
475 11.9904
476 11.9904
477 11.9904
478 11.9904
479 11.9904
480 11.9904
481 11.9904
482 11.9904
483 11.9904
484 11.9904
485 11.9904
486 11.9904
487 11.9904
488 11.9904
489 11.9904
490 11.9904
491 11.9904
492 11.9904
493 11.9904
494 11.9904
495 11.9904
496 11.9904
497 11.9904
498 11.9904
499 11.9904
500 11.9904
501 11.9904
502 11.9904
503 11.9904
504 11.9904
505 11.9904
506 11.9904
507 11.9904
508 11.9904
509 11.9904
510 11.9904
511 11.9904
512 11.9904
513 11.9904
514 11.9904
515 11.9904
516 11.9904
517 11.9904
518 11.9904
519 11.9904
520 11.9904
521 11.9904
522 11.9904
523 11.9904
524 11.9904
525 11.9904
526 11.9904
527 11.9904
528 11.9904
529 11.9904
530 11.9904
531 11.9904
532 11.9904
533 11.9904
534 11.9904
535 11.9904
536 11.9904
537 11.9904
538 11.9904
539 11.9904
540 11.9904
541 11.9904
542 11.9904
