1 11.9689
2 11.9689
3 11.9689
4 11.9689
5 11.9689
6 11.9689
7 11.9689
8 11.9689
9 11.9689
10 11.9689
11 11.9689
12 11.9689
13 11.9689
14 11.9689
15 11.9689
16 11.9689
17 11.9689
18 11.9689
19 11.9689
20 11.9689
21 11.9689
22 11.9689
23 11.9689
24 11.9689
25 11.9689
26 11.9689
27 11.9689
28 11.9689
29 11.9689
30 11.9689
31 11.9689
32 11.9689
33 11.9689
34 11.9689
35 11.9689
36 11.9689
37 11.9689
38 11.9689
39 11.9689
40 11.9689
41 11.9689
42 11.9689
43 11.9689
44 11.9689
45 11.9689
46 11.9689
47 11.9689
48 11.9689
49 11.9689
50 11.9689
51 11.9689
52 11.9689
53 11.9689
54 11.9689
55 11.9689
56 11.9689
57 11.9689
58 11.9689
59 11.9689
60 11.9689
61 11.9689
62 11.9689
63 11.9689
64 11.9689
65 11.9689
66 11.9689
67 11.9689
68 11.9689
69 11.9689
70 11.9689
71 11.9689
72 11.9689
73 11.9689
74 11.9689
75 11.9689
76 11.9689
77 11.9689
78 11.9689
79 11.9689
80 11.9689
81 11.9689
82 11.9689
83 11.9689
84 11.9689
85 11.9689
86 11.9689
87 11.9689
88 11.9689
89 11.9689
90 11.9689
91 11.9689
92 11.9689
93 11.9689
94 11.9689
95 11.9689
96 11.9689
97 11.9689
98 11.9689
99 11.9689
100 11.9689
101 11.9689
102 11.9689
103 11.9689
104 11.9689
105 11.9689
106 11.9689
107 11.9689
108 11.9689
109 11.9689
110 11.9689
111 11.9689
112 11.9689
113 11.9689
114 11.9689
115 11.9689
116 11.9689
117 11.9689
118 11.9689
119 11.9689
120 11.9689
121 11.9689
122 11.9689
123 11.9689
124 11.9689
125 11.9689
126 11.9689
127 11.9689
128 11.9689
129 11.9689
130 11.9689
131 11.9689
132 11.9689
133 11.9689
134 11.9689
135 11.9689
136 11.9689
137 11.9689
138 11.9689
139 11.9689
140 11.9689
141 11.9689
142 11.9689
143 11.9689
144 11.9689
145 11.9689
146 11.9689
147 11.9689
148 11.9689
149 11.9689
150 11.9689
151 11.9689
152 11.9689
153 11.9689
154 11.9689
155 11.9689
156 11.9689
157 11.9689
158 11.9689
159 11.9689
160 11.9689
161 11.9689
162 11.9689
163 11.9689
164 11.9689
165 11.9689
166 11.9689
167 11.9689
168 11.9689
169 11.9689
170 11.9689
171 11.9689
172 11.9689
173 11.9689
174 11.9689
175 11.9689
176 11.9689
177 11.9689
178 11.9689
179 11.9689
180 11.9689
181 11.9689
182 11.9689
183 11.9689
184 11.9689
185 11.9689
186 11.9689
187 11.9689
188 11.9689
189 11.9689
190 11.9689
191 11.9689
192 11.9689
193 11.9689
194 11.9689
195 11.9689
196 11.9689
197 11.9689
198 11.9689
199 11.9689
200 11.9689
201 11.9689
202 11.9689
203 11.9689
204 11.9689
205 11.9689
206 11.9689
207 11.9689
208 11.9689
209 11.9689
210 11.9689
211 11.9689
212 11.9689
213 11.9689
214 11.9689
215 11.9689
216 11.9689
217 11.9689
218 11.9689
219 11.9689
220 11.9689
221 11.9689
222 11.9689
223 11.9689
224 11.9689
225 11.9689
226 11.9689
227 11.9689
228 11.9689
229 11.9689
230 11.9689
231 11.9689
232 11.9689
233 11.9689
234 11.9689
235 11.9689
236 11.9689
237 11.9689
238 11.9689
239 11.9689
240 12
241 11.6592
242 11.1783
243 10.5841
244 9.89889
245 9.15396
246 8.35607
247 7.50598
248 6.61388
249 5.69711
250 4.77385
251 3.85762
252 3.80423
253 3.81836
254 3.45172
255 3.39078
256 2.90073
257 2.82358
258 2.82281
259 2.56314
260 2.51681
261 2.16255
262 1.42424
263 1.3489
264 1.35967
265 1.38521
266 1.40813
267 1.42454
268 1.43488
269 1.44074
270 1.44363
271 1.44454
272 1.44705
273 1.44759
274 1.44943
275 1.45279
276 1.45387
277 1.45367
278 1.4524
279 1.44969
280 1.44459
281 1.43549
282 1.4201
283 1.39596
284 1.36224
285 1.32558
286 1.29297
287 1.25172
288 1.21225
289 1.21929
290 1.59871
291 1.60816
292 2.40283
293 3.22777
294 4.08037
295 4.95481
296 5.84058
297 6.72216
298 7.58148
299 8.40319
300 9.17938
301 9.90933
302 10.5887
303 11.1899
304 11.6519
305 12
306 11.9689
307 11.9689
308 11.9689
309 11.9689
310 11.9689
311 11.9689
312 11.9689
313 11.9689
314 11.9689
315 11.9689
316 11.9689
317 11.9689
318 11.9689
319 11.9689
320 11.9689
321 11.9689
322 11.9689
323 11.9689
324 11.9689
325 11.9689
326 11.9689
327 11.9689
328 11.9689
329 11.9689
330 11.9689
331 11.9689
332 11.9689
333 11.9689
334 11.9689
335 11.9689
336 11.9689
337 11.9689
338 11.9689
339 11.9689
340 11.9689
341 11.9689
342 11.9689
343 11.9689
344 11.9689
345 11.9689
346 11.9689
347 11.9689
348 11.9689
349 11.9689
350 11.9689
351 11.9689
352 11.9689
353 11.9689
354 11.9689
355 11.9689
356 11.9689
357 11.9689
358 11.9689
359 11.9689
360 11.9689
361 11.9689
362 11.9689
363 11.9689
364 11.9689
365 11.9689
366 11.9689
367 11.9689
368 11.9689
369 11.9689
370 11.9689
371 11.9689
372 11.9689
373 11.9689
374 11.9689
375 11.9689
376 11.9689
377 11.9689
378 11.9689
379 11.9689
380 11.9689
381 11.9689
382 11.9689
383 11.9689
384 11.9689
385 11.9689
386 11.9689
387 11.9689
388 11.9689
389 11.9689
390 11.9689
391 11.9689
392 11.9689
393 11.9689
394 11.9689
395 11.9689
396 11.9689
397 11.9689
398 11.9689
399 11.9689
400 11.9689
401 11.9689
402 11.9689
403 11.9689
404 11.9689
405 11.9689
406 11.9689
407 11.9689
408 11.9689
409 11.9689
410 11.9689
411 11.9689
412 11.9689
413 11.9689
414 11.9689
415 11.9689
416 11.9689
417 11.9689
418 11.9689
419 11.9689
420 11.9689
421 11.9689
422 11.9689
423 11.9689
424 11.9689
425 11.9689
426 11.9689
427 11.9689
428 11.9689
429 11.9689
430 11.9689
431 11.9689
432 11.9689
433 11.9689
434 11.9689
435 11.9689
436 11.9689
437 11.9689
438 11.9689
439 11.9689
440 11.9689
441 11.9689
442 11.9689
443 11.9689
444 11.9689
445 11.9689
446 11.9689
447 11.9689
448 11.9689
449 11.9689
450 11.9689
451 11.9689
452 11.9689
453 11.9689
454 11.9689
455 11.9689
456 11.9689
457 11.9689
458 11.9689
459 11.9689
460 11.9689
461 11.9689
462 11.9689
463 11.9689
464 11.9689
465 11.9689
466 11.9689
467 11.9689
468 11.9689
469 11.9689
470 11.9689
471 11.9689
472 11.9689
473 11.9689
474 11.9689
475 11.9689
476 11.9689
477 11.9689
478 11.9689
479 11.9689
480 11.9689
481 11.9689
482 11.9689
483 11.9689
484 11.9689
485 11.9689
486 11.9689
487 11.9689
488 11.9689
489 11.9689
490 11.9689
491 11.9689
492 11.9689
493 11.9689
494 11.9689
495 11.9689
496 11.9689
497 11.9689
498 11.9689
499 11.9689
500 11.9689
501 11.9689
502 11.9689
503 11.9689
504 11.9689
505 11.9689
506 11.9689
507 11.9689
508 11.9689
509 11.9689
510 11.9689
511 11.9689
512 11.9689
513 11.9689
514 11.9689
515 11.9689
516 11.9689
517 11.9689
518 11.9689
519 11.9689
520 11.9689
521 11.9689
522 11.9689
523 11.9689
524 11.9689
525 11.9689
526 11.9689
527 11.9689
528 11.9689
529 11.9689
530 11.9689
531 11.9689
532 11.9689
533 11.9689
534 11.9689
535 11.9689
536 11.9689
537 11.9689
538 11.9689
539 11.9689
540 11.9689
541 11.9689
542 11.9689
