1 11.9678
2 11.9678
3 11.9678
4 11.9678
5 11.9678
6 11.9678
7 11.9678
8 11.9678
9 11.9678
10 11.9678
11 11.9678
12 11.9678
13 11.9678
14 11.9678
15 11.9678
16 11.9678
17 11.9678
18 11.9678
19 11.9678
20 11.9678
21 11.9678
22 11.9678
23 11.9678
24 11.9678
25 11.9678
26 11.9678
27 11.9678
28 11.9678
29 11.9678
30 11.9678
31 11.9678
32 11.9678
33 11.9678
34 11.9678
35 11.9678
36 11.9678
37 11.9678
38 11.9678
39 11.9678
40 11.9678
41 11.9678
42 11.9678
43 11.9678
44 11.9678
45 11.9678
46 11.9678
47 11.9678
48 11.9678
49 11.9678
50 11.9678
51 11.9678
52 11.9678
53 11.9678
54 11.9678
55 11.9678
56 11.9678
57 11.9678
58 11.9678
59 11.9678
60 11.9678
61 11.9678
62 11.9678
63 11.9678
64 11.9678
65 11.9678
66 11.9678
67 11.9678
68 11.9678
69 11.9678
70 11.9678
71 11.9678
72 11.9678
73 11.9678
74 11.9678
75 11.9678
76 11.9678
77 11.9678
78 11.9678
79 11.9678
80 11.9678
81 11.9678
82 11.9678
83 11.9678
84 11.9678
85 11.9678
86 11.9678
87 11.9678
88 11.9678
89 11.9678
90 11.9678
91 11.9678
92 11.9678
93 11.9678
94 11.9678
95 11.9678
96 11.9678
97 11.9678
98 11.9678
99 11.9678
100 11.9678
101 11.9678
102 11.9678
103 11.9678
104 11.9678
105 11.9678
106 11.9678
107 11.9678
108 11.9678
109 11.9678
110 11.9678
111 11.9678
112 11.9678
113 11.9678
114 11.9678
115 11.9678
116 11.9678
117 11.9678
118 11.9678
119 11.9678
120 11.9678
121 11.9678
122 11.9678
123 11.9678
124 11.9678
125 11.9678
126 11.9678
127 11.9678
128 11.9678
129 11.9678
130 11.9678
131 11.9678
132 11.9678
133 11.9678
134 11.9678
135 11.9678
136 11.9678
137 11.9678
138 11.9678
139 11.9678
140 11.9678
141 11.9678
142 11.9678
143 11.9678
144 11.9678
145 11.9678
146 11.9678
147 11.9678
148 11.9678
149 11.9678
150 11.9678
151 11.9678
152 11.9678
153 11.9678
154 11.9678
155 11.9678
156 11.9678
157 11.9678
158 11.9678
159 11.9678
160 11.9678
161 11.9678
162 11.9678
163 11.9678
164 11.9678
165 11.9678
166 11.9678
167 11.9678
168 11.9678
169 11.9678
170 11.9678
171 11.9678
172 11.9678
173 11.9678
174 11.9678
175 11.9678
176 11.9678
177 11.9678
178 11.9678
179 11.9678
180 11.9678
181 11.9678
182 11.9678
183 11.9678
184 11.9678
185 11.9678
186 11.9678
187 11.9678
188 11.9678
189 11.9678
190 11.9678
191 11.9678
192 11.9678
193 11.9678
194 11.9678
195 11.9678
196 11.9678
197 11.9678
198 11.9678
199 11.9678
200 11.9678
201 11.9678
202 11.9678
203 11.9678
204 11.9678
205 11.9678
206 11.9678
207 11.9678
208 11.9678
209 11.9678
210 11.9678
211 11.9678
212 11.9678
213 11.9678
214 11.9678
215 11.9678
216 11.9678
217 11.9678
218 11.9678
219 11.9678
220 11.9678
221 11.9678
222 11.9678
223 11.9678
224 11.9678
225 11.9678
226 11.9678
227 11.9678
228 11.9678
229 11.9678
230 11.9678
231 11.9678
232 11.9678
233 11.9678
234 11.9678
235 11.9678
236 11.9678
237 11.9678
238 11.9678
239 11.9678
240 11.9678
241 11.9678
242 11.9678
243 11.9678
244 11.9678
245 11.9678
246 11.9678
247 11.9678
248 11.9678
249 11.9678
250 11.9729
251 11.1971
252 11.2456
253 11.984
254 11.4707
255 11.984
256 11.288
257 11.288
258 11.984
259 11.3629
260 11.9657
261 11.9883
262 11.1426
263 11.0993
264 11.0822
265 11.072
266 11.0719
267 11.072
268 11.0822
269 11.1116
270 11.1822
271 11.9913
272 11.3629
273 11.9657
274 11.9883
275 11.164
276 11.1255
277 11.1118
278 11.1042
279 11.1051
280 11.1051
281 11.1042
282 11.1118
283 11.137
284 11.2187
285 12
286 11.1653
287 11.0485
288 11.0485
289 11.1352
290 11.9913
291 11.3629
292 11.9657
293 11.9678
294 11.9678
295 11.9678
296 11.9678
297 11.9678
298 11.9678
299 11.9678
300 11.9678
301 11.9678
302 11.9678
303 11.9678
304 11.9678
305 11.9678
306 11.9678
307 11.9678
308 11.9678
309 11.9678
310 11.9678
311 11.9678
312 11.9678
313 11.9678
314 11.9678
315 11.9678
316 11.9678
317 11.9678
318 11.9678
319 11.9678
320 11.9678
321 11.9678
322 11.9678
323 11.9678
324 11.9678
325 11.9678
326 11.9678
327 11.9678
328 11.9678
329 11.9678
330 11.9678
331 11.9678
332 11.9678
333 11.9678
334 11.9678
335 11.9678
336 11.9678
337 11.9678
338 11.9678
339 11.9678
340 11.9678
341 11.9678
342 11.9678
343 11.9678
344 11.9678
345 11.9678
346 11.9678
347 11.9678
348 11.9678
349 11.9678
350 11.9678
351 11.9678
352 11.9678
353 11.9678
354 11.9678
355 11.9678
356 11.9678
357 11.9678
358 11.9678
359 11.9678
360 11.9678
361 11.9678
362 11.9678
363 11.9678
364 11.9678
365 11.9678
366 11.9678
367 11.9678
368 11.9678
369 11.9678
370 11.9678
371 11.9678
372 11.9678
373 11.9678
374 11.9678
375 11.9678
376 11.9678
377 11.9678
378 11.9678
379 11.9678
380 11.9678
381 11.9678
382 11.9678
383 11.9678
384 11.9678
385 11.9678
386 11.9678
387 11.9678
388 11.9678
389 11.9678
390 11.9678
391 11.9678
392 11.9678
393 11.9678
394 11.9678
395 11.9678
396 11.9678
397 11.9678
398 11.9678
399 11.9678
400 11.9678
401 11.9678
402 11.9678
403 11.9678
404 11.9678
405 11.9678
406 11.9678
407 11.9678
408 11.9678
409 11.9678
410 11.9678
411 11.9678
412 11.9678
413 11.9678
414 11.9678
415 11.9678
416 11.9678
417 11.9678
418 11.9678
419 11.9678
420 11.9678
421 11.9678
422 11.9678
423 11.9678
424 11.9678
425 11.9678
426 11.9678
427 11.9678
428 11.9678
429 11.9678
430 11.9678
431 11.9678
432 11.9678
433 11.9678
434 11.9678
435 11.9678
436 11.9678
437 11.9678
438 11.9678
439 11.9678
440 11.9678
441 11.9678
442 11.9678
443 11.9678
444 11.9678
445 11.9678
446 11.9678
447 11.9678
448 11.9678
449 11.9678
450 11.9678
451 11.9678
452 11.9678
453 11.9678
454 11.9678
455 11.9678
456 11.9678
457 11.9678
458 11.9678
459 11.9678
460 11.9678
461 11.9678
462 11.9678
463 11.9678
464 11.9678
465 11.9678
466 11.9678
467 11.9678
468 11.9678
469 11.9678
470 11.9678
471 11.9678
472 11.9678
473 11.9678
474 11.9678
475 11.9678
476 11.9678
477 11.9678
478 11.9678
479 11.9678
480 11.9678
481 11.9678
482 11.9678
483 11.9678
484 11.9678
485 11.9678
486 11.9678
487 11.9678
488 11.9678
489 11.9678
490 11.9678
491 11.9678
492 11.9678
493 11.9678
494 11.9678
495 11.9678
496 11.9678
497 11.9678
498 11.9678
499 11.9678
500 11.9678
501 11.9678
502 11.9678
503 11.9678
504 11.9678
505 11.9678
506 11.9678
507 11.9678
508 11.9678
509 11.9678
510 11.9678
511 11.9678
512 11.9678
513 11.9678
514 11.9678
515 11.9678
516 11.9678
517 11.9678
518 11.9678
519 11.9678
520 11.9678
521 11.9678
522 11.9678
523 11.9678
524 11.9678
525 11.9678
526 11.9678
527 11.9678
528 11.9678
529 11.9678
530 11.9678
531 11.9678
532 11.9678
533 11.9678
534 11.9678
535 11.9678
536 11.9678
537 11.9678
538 11.9678
539 11.9678
540 11.9678
541 11.9678
542 11.9678
