1 11.9303
2 11.9303
3 11.9303
4 11.9303
5 11.9303
6 11.9303
7 11.9303
8 11.9303
9 11.9303
10 11.9303
11 11.9303
12 11.9303
13 11.9303
14 11.9303
15 11.9303
16 11.9303
17 11.9303
18 11.9303
19 11.9303
20 11.9303
21 11.9303
22 11.9303
23 11.9303
24 11.9303
25 11.9303
26 11.9303
27 11.9303
28 11.9303
29 11.9303
30 11.9303
31 11.9303
32 11.9303
33 11.9303
34 11.9303
35 11.9303
36 11.9303
37 11.9303
38 11.9303
39 11.9303
40 11.9303
41 11.9303
42 11.9303
43 11.9303
44 11.9303
45 11.9303
46 11.9303
47 11.9303
48 11.9303
49 11.9303
50 11.9303
51 11.9303
52 11.9303
53 11.9303
54 11.9303
55 11.9303
56 11.9303
57 11.9303
58 11.9303
59 11.9303
60 11.9303
61 11.9303
62 11.9303
63 11.9303
64 11.9303
65 11.9303
66 11.9303
67 11.9303
68 11.9303
69 11.9303
70 11.9303
71 11.9303
72 11.9303
73 11.9303
74 11.9303
75 11.9303
76 11.9303
77 11.9303
78 11.9303
79 11.9303
80 11.9303
81 11.9303
82 11.9303
83 11.9303
84 11.9303
85 11.9303
86 11.9303
87 11.9303
88 11.9303
89 11.9303
90 11.9303
91 11.9303
92 11.9303
93 11.9303
94 11.9303
95 11.9303
96 11.9303
97 11.9303
98 11.9303
99 11.9303
100 11.9303
101 11.9303
102 11.9303
103 11.9303
104 11.9303
105 11.9303
106 11.9303
107 11.9303
108 11.9303
109 11.9303
110 11.9303
111 11.9303
112 11.9303
113 11.9303
114 11.9303
115 11.9303
116 11.9303
117 11.9303
118 11.9303
119 11.9303
120 11.9303
121 11.9303
122 11.9303
123 11.9303
124 11.9303
125 11.9303
126 11.9303
127 11.9303
128 11.9303
129 11.9303
130 11.9303
131 11.9303
132 11.9303
133 11.9303
134 11.9303
135 11.9303
136 11.9303
137 11.9303
138 11.9303
139 11.9303
140 11.9303
141 11.9303
142 11.9303
143 11.9303
144 11.9303
145 11.9303
146 11.9303
147 11.9303
148 11.9303
149 11.9303
150 11.9303
151 11.9303
152 11.9303
153 11.9303
154 11.9303
155 11.9303
156 11.9303
157 11.9303
158 11.9303
159 11.9303
160 11.9303
161 11.9303
162 11.9303
163 11.9303
164 11.9303
165 11.9303
166 11.9303
167 11.9303
168 11.9303
169 11.9303
170 11.9303
171 11.9303
172 11.9303
173 11.9303
174 11.9303
175 11.9303
176 11.9303
177 11.9303
178 11.9303
179 11.9303
180 11.9303
181 11.9303
182 11.9303
183 11.9303
184 11.9303
185 11.9303
186 11.9303
187 11.9303
188 11.9303
189 11.9303
190 11.9303
191 11.9303
192 11.9303
193 11.9303
194 11.9303
195 11.9303
196 11.9303
197 11.9303
198 11.9303
199 11.9303
200 11.9303
201 11.9303
202 11.9303
203 11.9303
204 11.9303
205 11.9303
206 11.9303
207 11.9303
208 11.9303
209 11.9303
210 11.9303
211 11.9303
212 11.9303
213 11.9303
214 11.9303
215 11.9303
216 11.9303
217 11.9303
218 11.9303
219 11.9303
220 11.9303
221 11.9303
222 11.9303
223 11.9303
224 11.9303
225 11.9303
226 11.9303
227 11.9303
228 11.9303
229 11.9303
230 11.9303
231 11.9303
232 11.9303
233 11.9303
234 11.9303
235 11.9303
236 11.9303
237 11.9303
238 11.9303
239 11.9303
240 11.9303
241 11.9303
242 11.9303
243 11.9303
244 11.9786
245 11.9479
246 11.5787
247 10.9352
248 10.1485
249 9.28353
250 8.37909
251 7.47365
252 7.42165
253 7.43876
254 7.1457
255 7.11468
256 6.75171
257 6.72004
258 6.74375
259 6.56333
260 6.53438
261 6.11685
262 5.17761
263 5.03785
264 5.00207
265 4.99896
266 5.00862
267 5.02217
268 5.03421
269 5.04107
270 5.04118
271 5.03822
272 5.03699
273 5.03761
274 5.00285
275 4.76737
276 4.70932
277 4.69874
278 4.69927
279 4.69878
280 4.6939
281 4.68485
282 4.67333
283 4.66205
284 4.65673
285 4.67567
286 4.6343
287 4.58465
288 4.53697
289 4.53523
290 4.91866
291 4.91492
292 5.69724
293 6.51198
294 7.35864
295 8.23612
296 9.143
297 10.0735
298 11.0125
299 11.7872
300 12
301 11.9303
302 11.9303
303 11.9303
304 11.9303
305 11.9303
306 11.9303
307 11.9303
308 11.9303
309 11.9303
310 11.9303
311 11.9303
312 11.9303
313 11.9303
314 11.9303
315 11.9303
316 11.9303
317 11.9303
318 11.9303
319 11.9303
320 11.9303
321 11.9303
322 11.9303
323 11.9303
324 11.9303
325 11.9303
326 11.9303
327 11.9303
328 11.9303
329 11.9303
330 11.9303
331 11.9303
332 11.9303
333 11.9303
334 11.9303
335 11.9303
336 11.9303
337 11.9303
338 11.9303
339 11.9303
340 11.9303
341 11.9303
342 11.9303
343 11.9303
344 11.9303
345 11.9303
346 11.9303
347 11.9303
348 11.9303
349 11.9303
350 11.9303
351 11.9303
352 11.9303
353 11.9303
354 11.9303
355 11.9303
356 11.9303
357 11.9303
358 11.9303
359 11.9303
360 11.9303
361 11.9303
362 11.9303
363 11.9303
364 11.9303
365 11.9303
366 11.9303
367 11.9303
368 11.9303
369 11.9303
370 11.9303
371 11.9303
372 11.9303
373 11.9303
374 11.9303
375 11.9303
376 11.9303
377 11.9303
378 11.9303
379 11.9303
380 11.9303
381 11.9303
382 11.9303
383 11.9303
384 11.9303
385 11.9303
386 11.9303
387 11.9303
388 11.9303
389 11.9303
390 11.9303
391 11.9303
392 11.9303
393 11.9303
394 11.9303
395 11.9303
396 11.9303
397 11.9303
398 11.9303
399 11.9303
400 11.9303
401 11.9303
402 11.9303
403 11.9303
404 11.9303
405 11.9303
406 11.9303
407 11.9303
408 11.9303
409 11.9303
410 11.9303
411 11.9303
412 11.9303
413 11.9303
414 11.9303
415 11.9303
416 11.9303
417 11.9303
418 11.9303
419 11.9303
420 11.9303
421 11.9303
422 11.9303
423 11.9303
424 11.9303
425 11.9303
426 11.9303
427 11.9303
428 11.9303
429 11.9303
430 11.9303
431 11.9303
432 11.9303
433 11.9303
434 11.9303
435 11.9303
436 11.9303
437 11.9303
438 11.9303
439 11.9303
440 11.9303
441 11.9303
442 11.9303
443 11.9303
444 11.9303
445 11.9303
446 11.9303
447 11.9303
448 11.9303
449 11.9303
450 11.9303
451 11.9303
452 11.9303
453 11.9303
454 11.9303
455 11.9303
456 11.9303
457 11.9303
458 11.9303
459 11.9303
460 11.9303
461 11.9303
462 11.9303
463 11.9303
464 11.9303
465 11.9303
466 11.9303
467 11.9303
468 11.9303
469 11.9303
470 11.9303
471 11.9303
472 11.9303
473 11.9303
474 11.9303
475 11.9303
476 11.9303
477 11.9303
478 11.9303
479 11.9303
480 11.9303
481 11.9303
482 11.9303
483 11.9303
484 11.9303
485 11.9303
486 11.9303
487 11.9303
488 11.9303
489 11.9303
490 11.9303
491 11.9303
492 11.9303
493 11.9303
494 11.9303
495 11.9303
496 11.9303
497 11.9303
498 11.9303
499 11.9303
500 11.9303
501 11.9303
502 11.9303
503 11.9303
504 11.9303
505 11.9303
506 11.9303
507 11.9303
508 11.9303
509 11.9303
510 11.9303
511 11.9303
512 11.9303
513 11.9303
514 11.9303
515 11.9303
516 11.9303
517 11.9303
518 11.9303
519 11.9303
520 11.9303
521 11.9303
522 11.9303
523 11.9303
524 11.9303
525 11.9303
526 11.9303
527 11.9303
528 11.9303
529 11.9303
530 11.9303
531 11.9303
532 11.9303
533 11.9303
534 11.9303
535 11.9303
536 11.9303
537 11.9303
538 11.9303
539 11.9303
540 11.9303
541 11.9303
542 11.9303
