1 11.8998
2 11.8998
3 11.8998
4 11.8998
5 11.8998
6 11.8998
7 11.8998
8 11.8998
9 11.8998
10 11.8998
11 11.8998
12 11.8998
13 11.8998
14 11.8998
15 11.8998
16 11.8998
17 11.8998
18 11.8998
19 11.8998
20 11.8998
21 11.8998
22 11.8998
23 11.8998
24 11.8998
25 11.8998
26 11.8998
27 11.8998
28 11.8998
29 11.8998
30 11.8998
31 11.8998
32 11.8998
33 11.8998
34 11.8998
35 11.8998
36 11.8998
37 11.8998
38 11.8998
39 11.8998
40 11.8998
41 11.8998
42 11.8998
43 11.8998
44 11.8998
45 11.8998
46 11.8998
47 11.8998
48 11.8998
49 11.8998
50 11.8998
51 11.8998
52 11.8998
53 11.8998
54 11.8998
55 11.8998
56 11.8998
57 11.8998
58 11.8998
59 11.8998
60 11.8998
61 11.8998
62 11.8998
63 11.8998
64 11.8998
65 11.8998
66 11.8998
67 11.8998
68 11.8998
69 11.8998
70 11.8998
71 11.8998
72 11.8998
73 11.8998
74 11.8998
75 11.8998
76 11.8998
77 11.8998
78 11.8998
79 11.8998
80 11.8998
81 11.8998
82 11.8998
83 11.8998
84 11.8998
85 11.8998
86 11.8998
87 11.8998
88 11.8998
89 11.8998
90 11.8998
91 11.8998
92 11.8998
93 11.8998
94 11.8998
95 11.8998
96 11.8998
97 11.8998
98 11.8998
99 11.8998
100 11.8998
101 11.8998
102 11.8998
103 11.8998
104 11.8998
105 11.8998
106 11.8998
107 11.8998
108 11.8998
109 11.8998
110 11.8998
111 11.8998
112 11.8998
113 11.8998
114 11.8998
115 11.8998
116 11.8998
117 11.8998
118 11.8998
119 11.8998
120 11.8998
121 11.8998
122 11.8998
123 11.8998
124 11.8998
125 11.8998
126 11.8998
127 11.8998
128 11.8998
129 11.8998
130 11.8998
131 11.8998
132 11.8998
133 11.8998
134 11.8998
135 11.8998
136 11.8998
137 11.8998
138 11.8998
139 11.8998
140 11.8998
141 11.8998
142 11.8998
143 11.8998
144 11.8998
145 11.8998
146 11.8998
147 11.8998
148 11.8998
149 11.8998
150 11.8998
151 11.8998
152 11.8998
153 11.8998
154 11.8998
155 11.8998
156 11.8998
157 11.8998
158 11.8998
159 11.8998
160 11.8998
161 11.8998
162 11.8998
163 11.8998
164 11.8998
165 11.8998
166 11.8998
167 11.8998
168 11.8998
169 11.8998
170 11.8998
171 11.8998
172 11.8998
173 11.8998
174 11.8998
175 11.8998
176 11.8998
177 11.8998
178 11.8998
179 11.8998
180 11.8998
181 11.8998
182 11.8998
183 11.8998
184 11.8998
185 11.8998
186 11.8998
187 11.8998
188 11.8998
189 11.8998
190 11.8998
191 11.8998
192 11.8998
193 11.8998
194 11.8998
195 11.8998
196 11.8998
197 11.8998
198 11.8998
199 11.8998
200 11.8998
201 11.8998
202 11.8998
203 11.8998
204 11.8998
205 11.8998
206 11.8998
207 11.8998
208 11.8998
209 11.8998
210 11.8998
211 11.8998
212 11.8998
213 11.8998
214 11.8998
215 11.8998
216 11.8998
217 11.8998
218 11.8998
219 11.8998
220 11.8998
221 11.8998
222 11.8998
223 11.8998
224 11.8998
225 11.8998
226 11.8998
227 11.8998
228 11.8998
229 11.8998
230 11.8998
231 11.8998
232 11.8998
233 11.8998
234 11.8998
235 11.8998
236 11.8998
237 11.8998
238 11.8998
239 11.8998
240 11.8998
241 11.8998
242 11.8998
243 11.8998
244 11.8998
245 11.8998
246 11.8998
247 11.8998
248 11.8998
249 12
250 11.6922
251 11.1113
252 11.1903
253 11.6043
254 11.4152
255 11.6266
256 11.2181
257 11.1839
258 11.5494
259 11.4296
260 11.6264
261 10.9801
262 10.0478
263 9.95994
264 9.93924
265 9.93622
266 9.93838
267 9.94312
268 9.95407
269 9.9851
270 10.0883
271 10.7543
272 10.9204
273 11.5845
274 10.9623
275 10.0241
276 9.93874
277 9.92125
278 9.92377
279 9.93461
280 9.95105
281 9.97495
282 10.0132
283 10.0825
284 10.2286
285 10.6441
286 10.6162
287 10.6178
288 10.6464
289 10.7401
290 11.3581
291 11.2861
292 11.7912
293 11.8998
294 11.8998
295 11.8998
296 11.8998
297 11.8998
298 11.8998
299 11.8998
300 11.8998
301 11.8998
302 11.8998
303 11.8998
304 11.8998
305 11.8998
306 11.8998
307 11.8998
308 11.8998
309 11.8998
310 11.8998
311 11.8998
312 11.8998
313 11.8998
314 11.8998
315 11.8998
316 11.8998
317 11.8998
318 11.8998
319 11.8998
320 11.8998
321 11.8998
322 11.8998
323 11.8998
324 11.8998
325 11.8998
326 11.8998
327 11.8998
328 11.8998
329 11.8998
330 11.8998
331 11.8998
332 11.8998
333 11.8998
334 11.8998
335 11.8998
336 11.8998
337 11.8998
338 11.8998
339 11.8998
340 11.8998
341 11.8998
342 11.8998
343 11.8998
344 11.8998
345 11.8998
346 11.8998
347 11.8998
348 11.8998
349 11.8998
350 11.8998
351 11.8998
352 11.8998
353 11.8998
354 11.8998
355 11.8998
356 11.8998
357 11.8998
358 11.8998
359 11.8998
360 11.8998
361 11.8998
362 11.8998
363 11.8998
364 11.8998
365 11.8998
366 11.8998
367 11.8998
368 11.8998
369 11.8998
370 11.8998
371 11.8998
372 11.8998
373 11.8998
374 11.8998
375 11.8998
376 11.8998
377 11.8998
378 11.8998
379 11.8998
380 11.8998
381 11.8998
382 11.8998
383 11.8998
384 11.8998
385 11.8998
386 11.8998
387 11.8998
388 11.8998
389 11.8998
390 11.8998
391 11.8998
392 11.8998
393 11.8998
394 11.8998
395 11.8998
396 11.8998
397 11.8998
398 11.8998
399 11.8998
400 11.8998
401 11.8998
402 11.8998
403 11.8998
404 11.8998
405 11.8998
406 11.8998
407 11.8998
408 11.8998
409 11.8998
410 11.8998
411 11.8998
412 11.8998
413 11.8998
414 11.8998
415 11.8998
416 11.8998
417 11.8998
418 11.8998
419 11.8998
420 11.8998
421 11.8998
422 11.8998
423 11.8998
424 11.8998
425 11.8998
426 11.8998
427 11.8998
428 11.8998
429 11.8998
430 11.8998
431 11.8998
432 11.8998
433 11.8998
434 11.8998
435 11.8998
436 11.8998
437 11.8998
438 11.8998
439 11.8998
440 11.8998
441 11.8998
442 11.8998
443 11.8998
444 11.8998
445 11.8998
446 11.8998
447 11.8998
448 11.8998
449 11.8998
450 11.8998
451 11.8998
452 11.8998
453 11.8998
454 11.8998
455 11.8998
456 11.8998
457 11.8998
458 11.8998
459 11.8998
460 11.8998
461 11.8998
462 11.8998
463 11.8998
464 11.8998
465 11.8998
466 11.8998
467 11.8998
468 11.8998
469 11.8998
470 11.8998
471 11.8998
472 11.8998
473 11.8998
474 11.8998
475 11.8998
476 11.8998
477 11.8998
478 11.8998
479 11.8998
480 11.8998
481 11.8998
482 11.8998
483 11.8998
484 11.8998
485 11.8998
486 11.8998
487 11.8998
488 11.8998
489 11.8998
490 11.8998
491 11.8998
492 11.8998
493 11.8998
494 11.8998
495 11.8998
496 11.8998
497 11.8998
498 11.8998
499 11.8998
500 11.8998
501 11.8998
502 11.8998
503 11.8998
504 11.8998
505 11.8998
506 11.8998
507 11.8998
508 11.8998
509 11.8998
510 11.8998
511 11.8998
512 11.8998
513 11.8998
514 11.8998
515 11.8998
516 11.8998
517 11.8998
518 11.8998
519 11.8998
520 11.8998
521 11.8998
522 11.8998
523 11.8998
524 11.8998
525 11.8998
526 11.8998
527 11.8998
528 11.8998
529 11.8998
530 11.8998
531 11.8998
532 11.8998
533 11.8998
534 11.8998
535 11.8998
536 11.8998
537 11.8998
538 11.8998
539 11.8998
540 11.8998
541 11.8998
542 11.8998
