1 11.955
2 11.955
3 11.955
4 11.955
5 11.955
6 11.955
7 11.955
8 11.955
9 11.955
10 11.955
11 11.955
12 11.955
13 11.955
14 11.955
15 11.955
16 11.955
17 11.955
18 11.955
19 11.955
20 11.955
21 11.955
22 11.955
23 11.955
24 11.955
25 11.955
26 11.955
27 11.955
28 11.955
29 11.955
30 11.955
31 11.955
32 11.955
33 11.955
34 11.955
35 11.955
36 11.955
37 11.955
38 11.955
39 11.955
40 11.955
41 11.955
42 11.955
43 11.955
44 11.955
45 11.955
46 11.955
47 11.955
48 11.955
49 11.955
50 11.955
51 11.955
52 11.955
53 11.955
54 11.955
55 11.955
56 11.955
57 11.955
58 11.955
59 11.955
60 11.955
61 11.955
62 11.955
63 11.955
64 11.955
65 11.955
66 11.955
67 11.955
68 11.955
69 11.955
70 11.955
71 11.955
72 11.955
73 11.955
74 11.955
75 11.955
76 11.955
77 11.955
78 11.955
79 11.955
80 11.955
81 11.955
82 11.955
83 11.955
84 11.955
85 11.955
86 11.955
87 11.955
88 11.955
89 11.955
90 11.955
91 11.955
92 11.955
93 11.955
94 11.955
95 11.955
96 11.955
97 11.955
98 11.955
99 11.955
100 11.955
101 11.955
102 11.955
103 11.955
104 11.955
105 11.955
106 11.955
107 11.955
108 11.955
109 11.955
110 11.955
111 11.955
112 11.955
113 11.955
114 11.955
115 11.955
116 11.955
117 11.955
118 11.955
119 11.955
120 11.955
121 11.955
122 11.955
123 11.955
124 11.955
125 11.955
126 11.955
127 11.955
128 11.955
129 11.955
130 11.955
131 11.955
132 11.955
133 11.955
134 11.955
135 11.955
136 11.955
137 11.955
138 11.955
139 11.955
140 11.955
141 11.955
142 11.955
143 11.955
144 11.955
145 11.955
146 11.955
147 11.955
148 11.955
149 11.955
150 11.955
151 11.955
152 11.955
153 11.955
154 11.955
155 11.955
156 11.955
157 11.955
158 11.955
159 11.955
160 11.955
161 11.955
162 11.955
163 11.955
164 11.955
165 11.955
166 11.955
167 11.955
168 11.955
169 11.955
170 11.955
171 11.955
172 11.955
173 11.955
174 11.955
175 11.955
176 11.955
177 11.955
178 11.955
179 11.955
180 11.955
181 11.955
182 11.955
183 11.955
184 11.955
185 11.955
186 11.955
187 11.955
188 11.955
189 11.955
190 11.955
191 11.955
192 11.955
193 11.955
194 11.955
195 11.955
196 11.955
197 11.955
198 11.955
199 11.955
200 11.955
201 11.955
202 11.955
203 11.955
204 11.955
205 11.955
206 11.955
207 11.955
208 11.955
209 11.955
210 11.955
211 11.955
212 11.955
213 11.955
214 11.955
215 11.955
216 11.955
217 11.955
218 11.955
219 11.955
220 11.955
221 11.955
222 11.955
223 11.955
224 11.955
225 11.955
226 11.955
227 11.955
228 11.955
229 11.955
230 11.955
231 11.955
232 11.955
233 11.955
234 11.955
235 11.955
236 11.955
237 11.955
238 11.955
239 11.955
240 11.955
241 11.955
242 11.9935
243 11.9969
244 11.6492
245 10.9477
246 10.0978
247 9.19306
248 8.28306
249 7.39219
250 6.53423
251 5.71443
252 5.70579
253 5.75671
254 5.56527
255 5.57095
256 5.2585
257 5.22165
258 5.23049
259 4.92172
260 4.83047
261 4.23173
262 3.18072
263 3.05075
264 3.03056
265 3.04207
266 3.06368
267 3.08657
268 3.10626
269 3.11999
270 3.12571
271 3.12179
272 3.13051
273 3.13232
274 3.13421
275 3.06582
276 3.05715
277 3.06129
278 3.06374
279 3.06075
280 3.05283
281 3.04268
282 3.03507
283 3.0382
284 3.06833
285 3.16751
286 3.14161
287 3.11289
288 3.08846
289 3.10562
290 3.47892
291 3.46288
292 4.18034
293 4.91594
294 5.67834
295 6.47141
296 7.29653
297 8.15498
298 9.05035
299 9.98874
300 10.9511
301 11.7569
302 12
303 11.955
304 11.955
305 11.955
306 11.955
307 11.955
308 11.955
309 11.955
310 11.955
311 11.955
312 11.955
313 11.955
314 11.955
315 11.955
316 11.955
317 11.955
318 11.955
319 11.955
320 11.955
321 11.955
322 11.955
323 11.955
324 11.955
325 11.955
326 11.955
327 11.955
328 11.955
329 11.955
330 11.955
331 11.955
332 11.955
333 11.955
334 11.955
335 11.955
336 11.955
337 11.955
338 11.955
339 11.955
340 11.955
341 11.955
342 11.955
343 11.955
344 11.955
345 11.955
346 11.955
347 11.955
348 11.955
349 11.955
350 11.955
351 11.955
352 11.955
353 11.955
354 11.955
355 11.955
356 11.955
357 11.955
358 11.955
359 11.955
360 11.955
361 11.955
362 11.955
363 11.955
364 11.955
365 11.955
366 11.955
367 11.955
368 11.955
369 11.955
370 11.955
371 11.955
372 11.955
373 11.955
374 11.955
375 11.955
376 11.955
377 11.955
378 11.955
379 11.955
380 11.955
381 11.955
382 11.955
383 11.955
384 11.955
385 11.955
386 11.955
387 11.955
388 11.955
389 11.955
390 11.955
391 11.955
392 11.955
393 11.955
394 11.955
395 11.955
396 11.955
397 11.955
398 11.955
399 11.955
400 11.955
401 11.955
402 11.955
403 11.955
404 11.955
405 11.955
406 11.955
407 11.955
408 11.955
409 11.955
410 11.955
411 11.955
412 11.955
413 11.955
414 11.955
415 11.955
416 11.955
417 11.955
418 11.955
419 11.955
420 11.955
421 11.955
422 11.955
423 11.955
424 11.955
425 11.955
426 11.955
427 11.955
428 11.955
429 11.955
430 11.955
431 11.955
432 11.955
433 11.955
434 11.955
435 11.955
436 11.955
437 11.955
438 11.955
439 11.955
440 11.955
441 11.955
442 11.955
443 11.955
444 11.955
445 11.955
446 11.955
447 11.955
448 11.955
449 11.955
450 11.955
451 11.955
452 11.955
453 11.955
454 11.955
455 11.955
456 11.955
457 11.955
458 11.955
459 11.955
460 11.955
461 11.955
462 11.955
463 11.955
464 11.955
465 11.955
466 11.955
467 11.955
468 11.955
469 11.955
470 11.955
471 11.955
472 11.955
473 11.955
474 11.955
475 11.955
476 11.955
477 11.955
478 11.955
479 11.955
480 11.955
481 11.955
482 11.955
483 11.955
484 11.955
485 11.955
486 11.955
487 11.955
488 11.955
489 11.955
490 11.955
491 11.955
492 11.955
493 11.955
494 11.955
495 11.955
496 11.955
497 11.955
498 11.955
499 11.955
500 11.955
501 11.955
502 11.955
503 11.955
504 11.955
505 11.955
506 11.955
507 11.955
508 11.955
509 11.955
510 11.955
511 11.955
512 11.955
513 11.955
514 11.955
515 11.955
516 11.955
517 11.955
518 11.955
519 11.955
520 11.955
521 11.955
522 11.955
523 11.955
524 11.955
525 11.955
526 11.955
527 11.955
528 11.955
529 11.955
530 11.955
531 11.955
532 11.955
533 11.955
534 11.955
535 11.955
536 11.955
537 11.955
538 11.955
539 11.955
540 11.955
541 11.955
542 11.955
