1 11.997
2 11.997
3 11.997
4 11.997
5 11.997
6 11.997
7 11.997
8 11.997
9 11.997
10 11.997
11 11.997
12 11.997
13 11.997
14 11.997
15 11.997
16 11.997
17 11.997
18 11.997
19 11.997
20 11.997
21 11.997
22 11.997
23 11.997
24 11.997
25 11.997
26 11.997
27 11.997
28 11.997
29 11.997
30 11.997
31 11.997
32 11.997
33 11.997
34 11.997
35 11.997
36 11.997
37 11.997
38 11.997
39 11.997
40 11.997
41 11.997
42 11.997
43 11.997
44 11.997
45 11.997
46 11.997
47 11.997
48 11.997
49 11.997
50 11.997
51 11.997
52 11.997
53 11.997
54 11.997
55 11.997
56 11.997
57 11.997
58 11.997
59 11.997
60 11.997
61 11.997
62 11.997
63 11.997
64 11.997
65 11.997
66 11.997
67 11.997
68 11.997
69 11.997
70 11.997
71 11.997
72 11.997
73 11.997
74 11.997
75 11.997
76 11.997
77 11.997
78 11.997
79 11.997
80 11.997
81 11.997
82 11.997
83 11.997
84 11.997
85 11.997
86 11.997
87 11.997
88 11.997
89 11.997
90 11.997
91 11.997
92 11.997
93 11.997
94 11.997
95 11.997
96 11.997
97 11.997
98 11.997
99 11.997
100 11.997
101 11.997
102 11.997
103 11.997
104 11.997
105 11.997
106 11.997
107 11.997
108 11.997
109 11.997
110 11.997
111 11.997
112 11.997
113 11.997
114 11.997
115 11.997
116 11.997
117 11.997
118 11.997
119 11.997
120 11.997
121 11.997
122 11.997
123 11.997
124 11.997
125 11.997
126 11.997
127 11.997
128 11.997
129 11.997
130 11.997
131 11.997
132 11.997
133 11.997
134 11.997
135 11.997
136 11.997
137 11.997
138 11.997
139 11.997
140 11.997
141 11.997
142 11.997
143 11.997
144 11.997
145 11.997
146 11.997
147 11.997
148 11.997
149 11.997
150 11.997
151 11.997
152 11.997
153 11.997
154 11.997
155 11.997
156 11.997
157 11.997
158 11.997
159 11.997
160 11.997
161 11.997
162 11.997
163 11.997
164 11.997
165 11.997
166 11.997
167 11.997
168 11.997
169 11.997
170 11.997
171 11.997
172 11.997
173 11.997
174 11.997
175 11.997
176 11.997
177 11.997
178 11.997
179 11.997
180 11.997
181 11.997
182 11.997
183 11.997
184 11.997
185 11.997
186 11.997
187 11.997
188 11.997
189 11.997
190 11.997
191 11.997
192 11.997
193 11.997
194 11.997
195 11.997
196 11.997
197 11.997
198 11.997
199 11.997
200 11.997
201 11.997
202 11.997
203 11.997
204 11.997
205 11.997
206 11.997
207 11.997
208 11.997
209 11.997
210 11.997
211 11.997
212 11.997
213 11.997
214 11.997
215 11.997
216 11.997
217 11.997
218 11.997
219 11.997
220 11.997
221 11.997
222 11.997
223 11.997
224 11.997
225 11.997
226 11.997
227 11.997
228 11.997
229 11.997
230 11.997
231 11.997
232 11.997
233 11.997
234 11.997
235 11.997
236 11.997
237 11.997
238 11.997
239 11.997
240 12
241 11.6748
242 11.197
243 10.6025
244 9.92322
245 9.1937
246 8.41559
247 7.58628
248 6.71009
249 5.80126
250 4.87833
251 3.95729
252 3.90083
253 3.91251
254 3.53453
255 3.46969
256 2.96616
257 2.88583
258 2.88361
259 2.61233
260 2.5627
261 2.19284
262 1.43587
263 1.35889
264 1.36923
265 1.39501
266 1.41855
267 1.4357
268 1.44669
269 1.45302
270 1.4562
271 1.4572
272 1.46005
273 1.46071
274 1.46288
275 1.46687
276 1.46822
277 1.46808
278 1.46674
279 1.46384
280 1.4584
281 1.44877
282 1.43271
283 1.40795
284 1.37434
285 1.3401
286 1.30719
287 1.2664
288 1.22883
289 1.24038
290 1.63622
291 1.64997
292 2.4582
293 3.29601
294 4.15961
295 5.04125
296 5.92808
297 6.80291
298 7.64821
299 8.45205
300 9.21208
301 9.93016
302 10.6045
303 11.2041
304 11.6622
305 12
306 11.997
307 11.997
308 11.997
309 11.997
310 11.997
311 11.997
312 11.997
313 11.997
314 11.997
315 11.997
316 11.997
317 11.997
318 11.997
319 11.997
320 11.997
321 11.997
322 11.997
323 11.997
324 11.997
325 11.997
326 11.997
327 11.997
328 11.997
329 11.997
330 11.997
331 11.997
332 11.997
333 11.997
334 11.997
335 11.997
336 11.997
337 11.997
338 11.997
339 11.997
340 11.997
341 11.997
342 11.997
343 11.997
344 11.997
345 11.997
346 11.997
347 11.997
348 11.997
349 11.997
350 11.997
351 11.997
352 11.997
353 11.997
354 11.997
355 11.997
356 11.997
357 11.997
358 11.997
359 11.997
360 11.997
361 11.997
362 11.997
363 11.997
364 11.997
365 11.997
366 11.997
367 11.997
368 11.997
369 11.997
370 11.997
371 11.997
372 11.997
373 11.997
374 11.997
375 11.997
376 11.997
377 11.997
378 11.997
379 11.997
380 11.997
381 11.997
382 11.997
383 11.997
384 11.997
385 11.997
386 11.997
387 11.997
388 11.997
389 11.997
390 11.997
391 11.997
392 11.997
393 11.997
394 11.997
395 11.997
396 11.997
397 11.997
398 11.997
399 11.997
400 11.997
401 11.997
402 11.997
403 11.997
404 11.997
405 11.997
406 11.997
407 11.997
408 11.997
409 11.997
410 11.997
411 11.997
412 11.997
413 11.997
414 11.997
415 11.997
416 11.997
417 11.997
418 11.997
419 11.997
420 11.997
421 11.997
422 11.997
423 11.997
424 11.997
425 11.997
426 11.997
427 11.997
428 11.997
429 11.997
430 11.997
431 11.997
432 11.997
433 11.997
434 11.997
435 11.997
436 11.997
437 11.997
438 11.997
439 11.997
440 11.997
441 11.997
442 11.997
443 11.997
444 11.997
445 11.997
446 11.997
447 11.997
448 11.997
449 11.997
450 11.997
451 11.997
452 11.997
453 11.997
454 11.997
455 11.997
456 11.997
457 11.997
458 11.997
459 11.997
460 11.997
461 11.997
462 11.997
463 11.997
464 11.997
465 11.997
466 11.997
467 11.997
468 11.997
469 11.997
470 11.997
471 11.997
472 11.997
473 11.997
474 11.997
475 11.997
476 11.997
477 11.997
478 11.997
479 11.997
480 11.997
481 11.997
482 11.997
483 11.997
484 11.997
485 11.997
486 11.997
487 11.997
488 11.997
489 11.997
490 11.997
491 11.997
492 11.997
493 11.997
494 11.997
495 11.997
496 11.997
497 11.997
498 11.997
499 11.997
500 11.997
501 11.997
502 11.997
503 11.997
504 11.997
505 11.997
506 11.997
507 11.997
508 11.997
509 11.997
510 11.997
511 11.997
512 11.997
513 11.997
514 11.997
515 11.997
516 11.997
517 11.997
518 11.997
519 11.997
520 11.997
521 11.997
522 11.997
523 11.997
524 11.997
525 11.997
526 11.997
527 11.997
528 11.997
529 11.997
530 11.997
531 11.997
532 11.997
533 11.997
534 11.997
535 11.997
536 11.997
537 11.997
538 11.997
539 11.997
540 11.997
541 11.997
542 11.997
