1 11.9865
2 11.9865
3 11.9865
4 11.9865
5 11.9865
6 11.9865
7 11.9865
8 11.9865
9 11.9865
10 11.9865
11 11.9865
12 11.9865
13 11.9865
14 11.9865
15 11.9865
16 11.9865
17 11.9865
18 11.9865
19 11.9865
20 11.9865
21 11.9865
22 11.9865
23 11.9865
24 11.9865
25 11.9865
26 11.9865
27 11.9865
28 11.9865
29 11.9865
30 11.9865
31 11.9865
32 11.9865
33 11.9865
34 11.9865
35 11.9865
36 11.9865
37 11.9865
38 11.9865
39 11.9865
40 11.9865
41 11.9865
42 11.9865
43 11.9865
44 11.9865
45 11.9865
46 11.9865
47 11.9865
48 11.9865
49 11.9865
50 11.9865
51 11.9865
52 11.9865
53 11.9865
54 11.9865
55 11.9865
56 11.9865
57 11.9865
58 11.9865
59 11.9865
60 11.9865
61 11.9865
62 11.9865
63 11.9865
64 11.9865
65 11.9865
66 11.9865
67 11.9865
68 11.9865
69 11.9865
70 11.9865
71 11.9865
72 11.9865
73 11.9865
74 11.9865
75 11.9865
76 11.9865
77 11.9865
78 11.9865
79 11.9865
80 11.9865
81 11.9865
82 11.9865
83 11.9865
84 11.9865
85 11.9865
86 11.9865
87 11.9865
88 11.9865
89 11.9865
90 11.9865
91 11.9865
92 11.9865
93 11.9865
94 11.9865
95 11.9865
96 11.9865
97 11.9865
98 11.9865
99 11.9865
100 11.9865
101 11.9865
102 11.9865
103 11.9865
104 11.9865
105 11.9865
106 11.9865
107 11.9865
108 11.9865
109 11.9865
110 11.9865
111 11.9865
112 11.9865
113 11.9865
114 11.9865
115 11.9865
116 11.9865
117 11.9865
118 11.9865
119 11.9865
120 11.9865
121 11.9865
122 11.9865
123 11.9865
124 11.9865
125 11.9865
126 11.9865
127 11.9865
128 11.9865
129 11.9865
130 11.9865
131 11.9865
132 11.9865
133 11.9865
134 11.9865
135 11.9865
136 11.9865
137 11.9865
138 11.9865
139 11.9865
140 11.9865
141 11.9865
142 11.9865
143 11.9865
144 11.9865
145 11.9865
146 11.9865
147 11.9865
148 11.9865
149 11.9865
150 11.9865
151 11.9865
152 11.9865
153 11.9865
154 11.9865
155 11.9865
156 11.9865
157 11.9865
158 11.9865
159 11.9865
160 11.9865
161 11.9865
162 11.9865
163 11.9865
164 11.9865
165 11.9865
166 11.9865
167 11.9865
168 11.9865
169 11.9865
170 11.9865
171 11.9865
172 11.9865
173 11.9865
174 11.9865
175 11.9865
176 11.9865
177 11.9865
178 11.9865
179 11.9865
180 11.9865
181 11.9865
182 11.9865
183 11.9865
184 11.9865
185 11.9865
186 11.9865
187 11.9865
188 11.9865
189 11.9865
190 11.9865
191 11.9865
192 11.9865
193 11.9865
194 11.9865
195 11.9865
196 11.9865
197 11.9865
198 11.9865
199 11.9865
200 11.9865
201 11.9865
202 11.9865
203 11.9865
204 11.9865
205 11.9865
206 11.9865
207 11.9865
208 11.9865
209 11.9865
210 11.9865
211 11.9865
212 11.9865
213 11.9865
214 11.9865
215 11.9865
216 11.9865
217 11.9865
218 11.9865
219 11.9865
220 11.9865
221 11.9865
222 11.9865
223 11.9865
224 11.9865
225 11.9865
226 11.9865
227 11.9865
228 11.9865
229 11.9865
230 11.9865
231 11.9865
232 12
233 11.7002
234 11.0721
235 10.357
236 9.63678
237 8.92803
238 8.23494
239 7.56016
240 6.90493
241 6.27049
242 5.65779
243 5.06763
244 4.50075
245 3.95777
246 3.43928
247 2.94581
248 2.47785
249 2.03589
250 1.6204
251 1.23179
252 1.27174
253 1.3129
254 1.35375
255 1.37958
256 1.4102
257 1.42448
258 1.42979
259 1.4365
260 1.43865
261 1.44123
262 1.44423
263 1.44505
264 1.44525
265 1.4453
266 1.44531
267 1.44531
268 1.44531
269 1.44531
270 1.44531
271 1.44531
272 1.44531
273 1.44531
274 1.44531
275 1.44531
276 1.44531
277 1.44531
278 1.44531
279 1.44531
280 1.4453
281 1.44527
282 1.44513
283 1.44464
284 1.443
285 1.43803
286 1.43426
287 1.42425
288 1.40181
289 1.36681
290 1.3978
291 1.36445
292 1.77967
293 2.22287
294 2.69282
295 3.18792
296 3.70617
297 4.24493
298 4.80083
299 5.36968
300 5.94666
301 6.52671
302 7.10521
303 7.67877
304 8.24584
305 8.80706
306 9.36432
307 9.91968
308 10.4747
309 11.0186
310 11.5154
311 11.8727
312 11.9955
313 11.9865
314 11.9865
315 11.9865
316 11.9865
317 11.9865
318 11.9865
319 11.9865
320 11.9865
321 11.9865
322 11.9865
323 11.9865
324 11.9865
325 11.9865
326 11.9865
327 11.9865
328 11.9865
329 11.9865
330 11.9865
331 11.9865
332 11.9865
333 11.9865
334 11.9865
335 11.9865
336 11.9865
337 11.9865
338 11.9865
339 11.9865
340 11.9865
341 11.9865
342 11.9865
343 11.9865
344 11.9865
345 11.9865
346 11.9865
347 11.9865
348 11.9865
349 11.9865
350 11.9865
351 11.9865
352 11.9865
353 11.9865
354 11.9865
355 11.9865
356 11.9865
357 11.9865
358 11.9865
359 11.9865
360 11.9865
361 11.9865
362 11.9865
363 11.9865
364 11.9865
365 11.9865
366 11.9865
367 11.9865
368 11.9865
369 11.9865
370 11.9865
371 11.9865
372 11.9865
373 11.9865
374 11.9865
375 11.9865
376 11.9865
377 11.9865
378 11.9865
379 11.9865
380 11.9865
381 11.9865
382 11.9865
383 11.9865
384 11.9865
385 11.9865
386 11.9865
387 11.9865
388 11.9865
389 11.9865
390 11.9865
391 11.9865
392 11.9865
393 11.9865
394 11.9865
395 11.9865
396 11.9865
397 11.9865
398 11.9865
399 11.9865
400 11.9865
401 11.9865
402 11.9865
403 11.9865
404 11.9865
405 11.9865
406 11.9865
407 11.9865
408 11.9865
409 11.9865
410 11.9865
411 11.9865
412 11.9865
413 11.9865
414 11.9865
415 11.9865
416 11.9865
417 11.9865
418 11.9865
419 11.9865
420 11.9865
421 11.9865
422 11.9865
423 11.9865
424 11.9865
425 11.9865
426 11.9865
427 11.9865
428 11.9865
429 11.9865
430 11.9865
431 11.9865
432 11.9865
433 11.9865
434 11.9865
435 11.9865
436 11.9865
437 11.9865
438 11.9865
439 11.9865
440 11.9865
441 11.9865
442 11.9865
443 11.9865
444 11.9865
445 11.9865
446 11.9865
447 11.9865
448 11.9865
449 11.9865
450 11.9865
451 11.9865
452 11.9865
453 11.9865
454 11.9865
455 11.9865
456 11.9865
457 11.9865
458 11.9865
459 11.9865
460 11.9865
461 11.9865
462 11.9865
463 11.9865
464 11.9865
465 11.9865
466 11.9865
467 11.9865
468 11.9865
469 11.9865
470 11.9865
471 11.9865
472 11.9865
473 11.9865
474 11.9865
475 11.9865
476 11.9865
477 11.9865
478 11.9865
479 11.9865
480 11.9865
481 11.9865
482 11.9865
483 11.9865
484 11.9865
485 11.9865
486 11.9865
487 11.9865
488 11.9865
489 11.9865
490 11.9865
491 11.9865
492 11.9865
493 11.9865
494 11.9865
495 11.9865
496 11.9865
497 11.9865
498 11.9865
499 11.9865
500 11.9865
501 11.9865
502 11.9865
503 11.9865
504 11.9865
505 11.9865
506 11.9865
507 11.9865
508 11.9865
509 11.9865
510 11.9865
511 11.9865
512 11.9865
513 11.9865
514 11.9865
515 11.9865
516 11.9865
517 11.9865
518 11.9865
519 11.9865
520 11.9865
521 11.9865
522 11.9865
523 11.9865
524 11.9865
525 11.9865
526 11.9865
527 11.9865
528 11.9865
529 11.9865
530 11.9865
531 11.9865
532 11.9865
533 11.9865
534 11.9865
535 11.9865
536 11.9865
537 11.9865
538 11.9865
539 11.9865
540 11.9865
541 11.9865
542 11.9865
