1 11.8739
2 11.8739
3 11.8739
4 11.8739
5 11.8739
6 11.8739
7 11.8739
8 11.8739
9 11.8739
10 11.8739
11 11.8739
12 11.8739
13 11.8739
14 11.8739
15 11.8739
16 11.8739
17 11.8739
18 11.8739
19 11.8739
20 11.8739
21 11.8739
22 11.8739
23 11.8739
24 11.8739
25 11.8739
26 11.8739
27 11.8739
28 11.8739
29 11.8739
30 11.8739
31 11.8739
32 11.8739
33 11.8739
34 11.8739
35 11.8739
36 11.8739
37 11.8739
38 11.8739
39 11.8739
40 11.8739
41 11.8739
42 11.8739
43 11.8739
44 11.8739
45 11.8739
46 11.8739
47 11.8739
48 11.8739
49 11.8739
50 11.8739
51 11.8739
52 11.8739
53 11.8739
54 11.8739
55 11.8739
56 11.8739
57 11.8739
58 11.8739
59 11.8739
60 11.8739
61 11.8739
62 11.8739
63 11.8739
64 11.8739
65 11.8739
66 11.8739
67 11.8739
68 11.8739
69 11.8739
70 11.8739
71 11.8739
72 11.8739
73 11.8739
74 11.8739
75 11.8739
76 11.8739
77 11.8739
78 11.8739
79 11.8739
80 11.8739
81 11.8739
82 11.8739
83 11.8739
84 11.8739
85 11.8739
86 11.8739
87 11.8739
88 11.8739
89 11.8739
90 11.8739
91 11.8739
92 11.8739
93 11.8739
94 11.8739
95 11.8739
96 11.8739
97 11.8739
98 11.8739
99 11.8739
100 11.8739
101 11.8739
102 11.8739
103 11.8739
104 11.8739
105 11.8739
106 11.8739
107 11.8739
108 11.8739
109 11.8739
110 11.8739
111 11.8739
112 11.8739
113 11.8739
114 11.8739
115 11.8739
116 11.8739
117 11.8739
118 11.8739
119 11.8739
120 11.8739
121 11.8739
122 11.8739
123 11.8739
124 11.8739
125 11.8739
126 11.8739
127 11.8739
128 11.8739
129 11.8739
130 11.8739
131 11.8739
132 11.8739
133 11.8739
134 11.8739
135 11.8739
136 11.8739
137 11.8739
138 11.8739
139 11.8739
140 11.8739
141 11.8739
142 11.8739
143 11.8739
144 11.8739
145 11.8739
146 11.8739
147 11.8739
148 11.8739
149 11.8739
150 11.8739
151 11.8739
152 11.8739
153 11.8739
154 11.8739
155 11.8739
156 11.8739
157 11.8739
158 11.8739
159 11.8739
160 11.8739
161 11.8739
162 11.8739
163 11.8739
164 11.8739
165 11.8739
166 11.8739
167 11.8739
168 11.8739
169 11.8739
170 11.8739
171 11.8739
172 11.8739
173 11.8739
174 11.8739
175 11.8739
176 11.8739
177 11.8739
178 11.8739
179 11.8739
180 11.8739
181 11.8739
182 11.8739
183 11.8739
184 11.8739
185 11.8739
186 11.8739
187 11.8739
188 11.8739
189 11.8739
190 11.8739
191 11.8739
192 11.8739
193 11.8739
194 11.8739
195 11.8739
196 11.8739
197 11.8739
198 11.8739
199 11.8739
200 11.8739
201 11.8739
202 11.8739
203 11.8739
204 11.8739
205 11.8739
206 11.8739
207 11.8739
208 11.8739
209 11.8739
210 11.8739
211 11.8739
212 11.8739
213 11.8739
214 11.8739
215 11.8739
216 11.8739
217 11.8739
218 11.8739
219 11.8739
220 11.8739
221 11.8739
222 11.8739
223 11.8739
224 11.8739
225 11.8739
226 11.8739
227 11.8739
228 11.8739
229 11.8739
230 11.8739
231 11.8739
232 11.8739
233 11.8739
234 11.8739
235 11.8739
236 11.8739
237 11.8739
238 11.8739
239 11.8739
240 11.8739
241 11.8739
242 11.8739
243 11.8739
244 11.8739
245 11.8739
246 11.8739
247 11.8739
248 11.8739
249 12
250 11.7218
251 11.1146
252 11.197
253 11.6621
254 11.445
255 11.6876
256 11.2319
257 11.1967
258 11.5978
259 11.4975
260 11.8154
261 11.1679
262 10.2116
263 10.1148
264 10.0865
265 10.0785
266 10.0789
267 10.0854
268 10.1015
269 10.1406
270 10.2548
271 10.9521
272 11.1059
273 11.795
274 11.1643
275 10.2034
276 10.1092
277 10.0843
278 10.0815
279 10.0897
280 10.1064
281 10.1335
282 10.1779
283 10.2565
284 10.4173
285 10.8735
286 10.8131
287 10.7941
288 10.8079
289 10.8905
290 11.4982
291 11.3815
292 11.8588
293 11.8739
294 11.8739
295 11.8739
296 11.8739
297 11.8739
298 11.8739
299 11.8739
300 11.8739
301 11.8739
302 11.8739
303 11.8739
304 11.8739
305 11.8739
306 11.8739
307 11.8739
308 11.8739
309 11.8739
310 11.8739
311 11.8739
312 11.8739
313 11.8739
314 11.8739
315 11.8739
316 11.8739
317 11.8739
318 11.8739
319 11.8739
320 11.8739
321 11.8739
322 11.8739
323 11.8739
324 11.8739
325 11.8739
326 11.8739
327 11.8739
328 11.8739
329 11.8739
330 11.8739
331 11.8739
332 11.8739
333 11.8739
334 11.8739
335 11.8739
336 11.8739
337 11.8739
338 11.8739
339 11.8739
340 11.8739
341 11.8739
342 11.8739
343 11.8739
344 11.8739
345 11.8739
346 11.8739
347 11.8739
348 11.8739
349 11.8739
350 11.8739
351 11.8739
352 11.8739
353 11.8739
354 11.8739
355 11.8739
356 11.8739
357 11.8739
358 11.8739
359 11.8739
360 11.8739
361 11.8739
362 11.8739
363 11.8739
364 11.8739
365 11.8739
366 11.8739
367 11.8739
368 11.8739
369 11.8739
370 11.8739
371 11.8739
372 11.8739
373 11.8739
374 11.8739
375 11.8739
376 11.8739
377 11.8739
378 11.8739
379 11.8739
380 11.8739
381 11.8739
382 11.8739
383 11.8739
384 11.8739
385 11.8739
386 11.8739
387 11.8739
388 11.8739
389 11.8739
390 11.8739
391 11.8739
392 11.8739
393 11.8739
394 11.8739
395 11.8739
396 11.8739
397 11.8739
398 11.8739
399 11.8739
400 11.8739
401 11.8739
402 11.8739
403 11.8739
404 11.8739
405 11.8739
406 11.8739
407 11.8739
408 11.8739
409 11.8739
410 11.8739
411 11.8739
412 11.8739
413 11.8739
414 11.8739
415 11.8739
416 11.8739
417 11.8739
418 11.8739
419 11.8739
420 11.8739
421 11.8739
422 11.8739
423 11.8739
424 11.8739
425 11.8739
426 11.8739
427 11.8739
428 11.8739
429 11.8739
430 11.8739
431 11.8739
432 11.8739
433 11.8739
434 11.8739
435 11.8739
436 11.8739
437 11.8739
438 11.8739
439 11.8739
440 11.8739
441 11.8739
442 11.8739
443 11.8739
444 11.8739
445 11.8739
446 11.8739
447 11.8739
448 11.8739
449 11.8739
450 11.8739
451 11.8739
452 11.8739
453 11.8739
454 11.8739
455 11.8739
456 11.8739
457 11.8739
458 11.8739
459 11.8739
460 11.8739
461 11.8739
462 11.8739
463 11.8739
464 11.8739
465 11.8739
466 11.8739
467 11.8739
468 11.8739
469 11.8739
470 11.8739
471 11.8739
472 11.8739
473 11.8739
474 11.8739
475 11.8739
476 11.8739
477 11.8739
478 11.8739
479 11.8739
480 11.8739
481 11.8739
482 11.8739
483 11.8739
484 11.8739
485 11.8739
486 11.8739
487 11.8739
488 11.8739
489 11.8739
490 11.8739
491 11.8739
492 11.8739
493 11.8739
494 11.8739
495 11.8739
496 11.8739
497 11.8739
498 11.8739
499 11.8739
500 11.8739
501 11.8739
502 11.8739
503 11.8739
504 11.8739
505 11.8739
506 11.8739
507 11.8739
508 11.8739
509 11.8739
510 11.8739
511 11.8739
512 11.8739
513 11.8739
514 11.8739
515 11.8739
516 11.8739
517 11.8739
518 11.8739
519 11.8739
520 11.8739
521 11.8739
522 11.8739
523 11.8739
524 11.8739
525 11.8739
526 11.8739
527 11.8739
528 11.8739
529 11.8739
530 11.8739
531 11.8739
532 11.8739
533 11.8739
534 11.8739
535 11.8739
536 11.8739
537 11.8739
538 11.8739
539 11.8739
540 11.8739
541 11.8739
542 11.8739
