1 11.823
2 11.823
3 11.823
4 11.823
5 11.823
6 11.823
7 11.823
8 11.823
9 11.823
10 11.823
11 11.823
12 11.823
13 11.823
14 11.823
15 11.823
16 11.823
17 11.823
18 11.823
19 11.823
20 11.823
21 11.823
22 11.823
23 11.823
24 11.823
25 11.823
26 11.823
27 11.823
28 11.823
29 11.823
30 11.823
31 11.823
32 11.823
33 11.823
34 11.823
35 11.823
36 11.823
37 11.823
38 11.823
39 11.823
40 11.823
41 11.823
42 11.823
43 11.823
44 11.823
45 11.823
46 11.823
47 11.823
48 11.823
49 11.823
50 11.823
51 11.823
52 11.823
53 11.823
54 11.823
55 11.823
56 11.823
57 11.823
58 11.823
59 11.823
60 11.823
61 11.823
62 11.823
63 11.823
64 11.823
65 11.823
66 11.823
67 11.823
68 11.823
69 11.823
70 11.823
71 11.823
72 11.823
73 11.823
74 11.823
75 11.823
76 11.823
77 11.823
78 11.823
79 11.823
80 11.823
81 11.823
82 11.823
83 11.823
84 11.823
85 11.823
86 11.823
87 11.823
88 11.823
89 11.823
90 11.823
91 11.823
92 11.823
93 11.823
94 11.823
95 11.823
96 11.823
97 11.823
98 11.823
99 11.823
100 11.823
101 11.823
102 11.823
103 11.823
104 11.823
105 11.823
106 11.823
107 11.823
108 11.823
109 11.823
110 11.823
111 11.823
112 11.823
113 11.823
114 11.823
115 11.823
116 11.823
117 11.823
118 11.823
119 11.823
120 11.823
121 11.823
122 11.823
123 11.823
124 11.823
125 11.823
126 11.823
127 11.823
128 11.823
129 11.823
130 11.823
131 11.823
132 11.823
133 11.823
134 11.823
135 11.823
136 11.823
137 11.823
138 11.823
139 11.823
140 11.823
141 11.823
142 11.823
143 11.823
144 11.823
145 11.823
146 11.823
147 11.823
148 11.823
149 11.823
150 11.823
151 11.823
152 11.823
153 11.823
154 11.823
155 11.823
156 11.823
157 11.823
158 11.823
159 11.823
160 11.823
161 11.823
162 11.823
163 11.823
164 11.823
165 11.823
166 11.823
167 11.823
168 11.823
169 11.823
170 11.823
171 11.823
172 11.823
173 11.823
174 11.823
175 11.823
176 11.823
177 11.823
178 11.823
179 11.823
180 11.823
181 11.823
182 11.823
183 11.823
184 11.823
185 11.823
186 11.823
187 11.823
188 11.823
189 11.823
190 11.823
191 11.823
192 11.823
193 11.823
194 11.823
195 11.823
196 11.823
197 11.823
198 11.823
199 11.823
200 11.823
201 11.823
202 11.823
203 11.823
204 11.823
205 11.823
206 11.823
207 11.823
208 11.823
209 11.823
210 11.823
211 11.823
212 11.823
213 11.823
214 11.823
215 11.823
216 11.823
217 11.823
218 11.823
219 11.823
220 11.823
221 11.823
222 11.823
223 11.823
224 11.823
225 11.823
226 11.823
227 11.823
228 11.823
229 11.823
230 11.823
231 11.823
232 11.823
233 11.823
234 11.823
235 11.823
236 11.823
237 11.823
238 11.823
239 11.823
240 11.823
241 11.823
242 11.823
243 11.823
244 11.823
245 11.823
246 11.823
247 11.8878
248 11.9136
249 11.5572
250 11.0955
251 10.5649
252 10.6042
253 10.7175
254 10.5645
255 10.565
256 10.1104
257 9.99497
258 9.96378
259 9.57146
260 9.47269
261 9.00898
262 8.21806
263 8.17414
264 8.20727
265 8.2485
266 8.28089
267 8.30196
268 8.3185
269 8.35113
270 8.45894
271 8.88085
272 8.94257
273 9.14486
274 8.83852
275 7.95999
276 7.8044
277 7.76687
278 7.76157
279 7.7627
280 7.75998
281 7.74953
282 7.73219
283 7.71501
284 7.71803
285 7.80147
286 7.78159
287 7.76505
288 7.76999
289 7.85417
290 8.50212
291 8.57835
292 9.5393
293 10.493
294 11.3759
295 12
296 11.823
297 11.823
298 11.823
299 11.823
300 11.823
301 11.823
302 11.823
303 11.823
304 11.823
305 11.823
306 11.823
307 11.823
308 11.823
309 11.823
310 11.823
311 11.823
312 11.823
313 11.823
314 11.823
315 11.823
316 11.823
317 11.823
318 11.823
319 11.823
320 11.823
321 11.823
322 11.823
323 11.823
324 11.823
325 11.823
326 11.823
327 11.823
328 11.823
329 11.823
330 11.823
331 11.823
332 11.823
333 11.823
334 11.823
335 11.823
336 11.823
337 11.823
338 11.823
339 11.823
340 11.823
341 11.823
342 11.823
343 11.823
344 11.823
345 11.823
346 11.823
347 11.823
348 11.823
349 11.823
350 11.823
351 11.823
352 11.823
353 11.823
354 11.823
355 11.823
356 11.823
357 11.823
358 11.823
359 11.823
360 11.823
361 11.823
362 11.823
363 11.823
364 11.823
365 11.823
366 11.823
367 11.823
368 11.823
369 11.823
370 11.823
371 11.823
372 11.823
373 11.823
374 11.823
375 11.823
376 11.823
377 11.823
378 11.823
379 11.823
380 11.823
381 11.823
382 11.823
383 11.823
384 11.823
385 11.823
386 11.823
387 11.823
388 11.823
389 11.823
390 11.823
391 11.823
392 11.823
393 11.823
394 11.823
395 11.823
396 11.823
397 11.823
398 11.823
399 11.823
400 11.823
401 11.823
402 11.823
403 11.823
404 11.823
405 11.823
406 11.823
407 11.823
408 11.823
409 11.823
410 11.823
411 11.823
412 11.823
413 11.823
414 11.823
415 11.823
416 11.823
417 11.823
418 11.823
419 11.823
420 11.823
421 11.823
422 11.823
423 11.823
424 11.823
425 11.823
426 11.823
427 11.823
428 11.823
429 11.823
430 11.823
431 11.823
432 11.823
433 11.823
434 11.823
435 11.823
436 11.823
437 11.823
438 11.823
439 11.823
440 11.823
441 11.823
442 11.823
443 11.823
444 11.823
445 11.823
446 11.823
447 11.823
448 11.823
449 11.823
450 11.823
451 11.823
452 11.823
453 11.823
454 11.823
455 11.823
456 11.823
457 11.823
458 11.823
459 11.823
460 11.823
461 11.823
462 11.823
463 11.823
464 11.823
465 11.823
466 11.823
467 11.823
468 11.823
469 11.823
470 11.823
471 11.823
472 11.823
473 11.823
474 11.823
475 11.823
476 11.823
477 11.823
478 11.823
479 11.823
480 11.823
481 11.823
482 11.823
483 11.823
484 11.823
485 11.823
486 11.823
487 11.823
488 11.823
489 11.823
490 11.823
491 11.823
492 11.823
493 11.823
494 11.823
495 11.823
496 11.823
497 11.823
498 11.823
499 11.823
500 11.823
501 11.823
502 11.823
503 11.823
504 11.823
505 11.823
506 11.823
507 11.823
508 11.823
509 11.823
510 11.823
511 11.823
512 11.823
513 11.823
514 11.823
515 11.823
516 11.823
517 11.823
518 11.823
519 11.823
520 11.823
521 11.823
522 11.823
523 11.823
524 11.823
525 11.823
526 11.823
527 11.823
528 11.823
529 11.823
530 11.823
531 11.823
532 11.823
533 11.823
534 11.823
535 11.823
536 11.823
537 11.823
538 11.823
539 11.823
540 11.823
541 11.823
542 11.823
