1 11.9979
2 11.9979
3 11.9979
4 11.9979
5 11.9979
6 11.9979
7 11.9979
8 11.9979
9 11.9979
10 11.9979
11 11.9979
12 11.9979
13 11.9979
14 11.9979
15 11.9979
16 11.9979
17 11.9979
18 11.9979
19 11.9979
20 11.9979
21 11.9979
22 11.9979
23 11.9979
24 11.9979
25 11.9979
26 11.9979
27 11.9979
28 11.9979
29 11.9979
30 11.9979
31 11.9979
32 11.9979
33 11.9979
34 11.9979
35 11.9979
36 11.9979
37 11.9979
38 11.9979
39 11.9979
40 11.9979
41 11.9979
42 11.9979
43 11.9979
44 11.9979
45 11.9979
46 11.9979
47 11.9979
48 11.9979
49 11.9979
50 11.9979
51 11.9979
52 11.9979
53 11.9979
54 11.9979
55 11.9979
56 11.9979
57 11.9979
58 11.9979
59 11.9979
60 11.9979
61 11.9979
62 11.9979
63 11.9979
64 11.9979
65 11.9979
66 11.9979
67 11.9979
68 11.9979
69 11.9979
70 11.9979
71 11.9979
72 11.9979
73 11.9979
74 11.9979
75 11.9979
76 11.9979
77 11.9979
78 11.9979
79 11.9979
80 11.9979
81 11.9979
82 11.9979
83 11.9979
84 11.9979
85 11.9979
86 11.9979
87 11.9979
88 11.9979
89 11.9979
90 11.9979
91 11.9979
92 11.9979
93 11.9979
94 11.9979
95 11.9979
96 11.9979
97 11.9979
98 11.9979
99 11.9979
100 11.9979
101 11.9979
102 11.9979
103 11.9979
104 11.9979
105 11.9979
106 11.9979
107 11.9979
108 11.9979
109 11.9979
110 11.9979
111 11.9979
112 11.9979
113 11.9979
114 11.9979
115 11.9979
116 11.9979
117 11.9979
118 11.9979
119 11.9979
120 11.9979
121 11.9979
122 11.9979
123 11.9979
124 11.9979
125 11.9979
126 11.9979
127 11.9979
128 11.9979
129 11.9979
130 11.9979
131 11.9979
132 11.9979
133 11.9979
134 11.9979
135 11.9979
136 11.9979
137 11.9979
138 11.9979
139 11.9979
140 11.9979
141 11.9979
142 11.9979
143 11.9979
144 11.9979
145 11.9979
146 11.9979
147 11.9979
148 11.9979
149 11.9979
150 11.9979
151 11.9979
152 11.9979
153 11.9979
154 11.9979
155 11.9979
156 11.9979
157 11.9979
158 11.9979
159 11.9979
160 11.9979
161 11.9979
162 11.9979
163 11.9979
164 11.9979
165 11.9979
166 11.9979
167 11.9979
168 11.9979
169 11.9979
170 11.9979
171 11.9979
172 11.9979
173 11.9979
174 11.9979
175 11.9979
176 11.9979
177 11.9979
178 11.9979
179 11.9979
180 11.9979
181 11.9979
182 11.9979
183 11.9979
184 11.9979
185 11.9979
186 11.9979
187 11.9979
188 11.9979
189 11.9979
190 11.9979
191 11.9979
192 11.9979
193 11.9979
194 11.9979
195 11.9979
196 11.9979
197 11.9979
198 11.9979
199 11.9979
200 11.9979
201 11.9979
202 11.9979
203 11.9979
204 11.9979
205 11.9979
206 11.9979
207 11.9979
208 11.9979
209 11.9979
210 11.9979
211 11.9979
212 11.9979
213 11.9979
214 11.9979
215 11.9979
216 11.9979
217 11.9979
218 11.9979
219 11.9979
220 11.9979
221 11.9979
222 11.9979
223 11.9979
224 11.9979
225 11.9979
226 11.9979
227 11.9979
228 11.9979
229 11.9979
230 11.9979
231 11.9979
232 11.9979
233 11.9979
234 11.9979
235 11.9693
236 11.5115
237 10.7834
238 9.99873
239 9.2119
240 8.43346
241 7.66717
242 6.91492
243 6.17864
244 5.45981
245 4.75977
246 4.07978
247 3.42098
248 2.78441
249 2.17102
250 1.58168
251 1.01713
252 1.04505
253 1.09611
254 1.11003
255 1.14644
256 1.16546
257 1.19336
258 1.21016
259 1.23209
260 1.24327
261 1.25828
262 1.27708
263 1.28547
264 1.28854
265 1.28953
266 1.28982
267 1.2899
268 1.28992
269 1.28992
270 1.28992
271 1.28992
272 1.28992
273 1.28992
274 1.28992
275 1.28992
276 1.28992
277 1.28992
278 1.28991
279 1.28987
280 1.28975
281 1.28938
282 1.28831
283 1.28549
284 1.27876
285 1.26456
286 1.25478
287 1.23592
288 1.20652
289 1.18488
290 1.33111
291 1.31592
292 1.88609
293 2.46581
294 3.04928
295 3.63105
296 4.20699
297 4.77521
298 5.33649
299 5.89401
300 6.45255
301 7.01734
302 7.59322
303 8.18386
304 8.79178
305 9.41731
306 10.0578
307 10.7038
308 11.3314
309 11.8263
310 12
311 11.9979
312 11.9979
313 11.9979
314 11.9979
315 11.9979
316 11.9979
317 11.9979
318 11.9979
319 11.9979
320 11.9979
321 11.9979
322 11.9979
323 11.9979
324 11.9979
325 11.9979
326 11.9979
327 11.9979
328 11.9979
329 11.9979
330 11.9979
331 11.9979
332 11.9979
333 11.9979
334 11.9979
335 11.9979
336 11.9979
337 11.9979
338 11.9979
339 11.9979
340 11.9979
341 11.9979
342 11.9979
343 11.9979
344 11.9979
345 11.9979
346 11.9979
347 11.9979
348 11.9979
349 11.9979
350 11.9979
351 11.9979
352 11.9979
353 11.9979
354 11.9979
355 11.9979
356 11.9979
357 11.9979
358 11.9979
359 11.9979
360 11.9979
361 11.9979
362 11.9979
363 11.9979
364 11.9979
365 11.9979
366 11.9979
367 11.9979
368 11.9979
369 11.9979
370 11.9979
371 11.9979
372 11.9979
373 11.9979
374 11.9979
375 11.9979
376 11.9979
377 11.9979
378 11.9979
379 11.9979
380 11.9979
381 11.9979
382 11.9979
383 11.9979
384 11.9979
385 11.9979
386 11.9979
387 11.9979
388 11.9979
389 11.9979
390 11.9979
391 11.9979
392 11.9979
393 11.9979
394 11.9979
395 11.9979
396 11.9979
397 11.9979
398 11.9979
399 11.9979
400 11.9979
401 11.9979
402 11.9979
403 11.9979
404 11.9979
405 11.9979
406 11.9979
407 11.9979
408 11.9979
409 11.9979
410 11.9979
411 11.9979
412 11.9979
413 11.9979
414 11.9979
415 11.9979
416 11.9979
417 11.9979
418 11.9979
419 11.9979
420 11.9979
421 11.9979
422 11.9979
423 11.9979
424 11.9979
425 11.9979
426 11.9979
427 11.9979
428 11.9979
429 11.9979
430 11.9979
431 11.9979
432 11.9979
433 11.9979
434 11.9979
435 11.9979
436 11.9979
437 11.9979
438 11.9979
439 11.9979
440 11.9979
441 11.9979
442 11.9979
443 11.9979
444 11.9979
445 11.9979
446 11.9979
447 11.9979
448 11.9979
449 11.9979
450 11.9979
451 11.9979
452 11.9979
453 11.9979
454 11.9979
455 11.9979
456 11.9979
457 11.9979
458 11.9979
459 11.9979
460 11.9979
461 11.9979
462 11.9979
463 11.9979
464 11.9979
465 11.9979
466 11.9979
467 11.9979
468 11.9979
469 11.9979
470 11.9979
471 11.9979
472 11.9979
473 11.9979
474 11.9979
475 11.9979
476 11.9979
477 11.9979
478 11.9979
479 11.9979
480 11.9979
481 11.9979
482 11.9979
483 11.9979
484 11.9979
485 11.9979
486 11.9979
487 11.9979
488 11.9979
489 11.9979
490 11.9979
491 11.9979
492 11.9979
493 11.9979
494 11.9979
495 11.9979
496 11.9979
497 11.9979
498 11.9979
499 11.9979
500 11.9979
501 11.9979
502 11.9979
503 11.9979
504 11.9979
505 11.9979
506 11.9979
507 11.9979
508 11.9979
509 11.9979
510 11.9979
511 11.9979
512 11.9979
513 11.9979
514 11.9979
515 11.9979
516 11.9979
517 11.9979
518 11.9979
519 11.9979
520 11.9979
521 11.9979
522 11.9979
523 11.9979
524 11.9979
525 11.9979
526 11.9979
527 11.9979
528 11.9979
529 11.9979
530 11.9979
531 11.9979
532 11.9979
533 11.9979
534 11.9979
535 11.9979
536 11.9979
537 11.9979
538 11.9979
539 11.9979
540 11.9979
541 11.9979
542 11.9979
