1 11.9799
2 11.9799
3 11.9799
4 11.9799
5 11.9799
6 11.9799
7 11.9799
8 11.9799
9 11.9799
10 11.9799
11 11.9799
12 11.9799
13 11.9799
14 11.9799
15 11.9799
16 11.9799
17 11.9799
18 11.9799
19 11.9799
20 11.9799
21 11.9799
22 11.9799
23 11.9799
24 11.9799
25 11.9799
26 11.9799
27 11.9799
28 11.9799
29 11.9799
30 11.9799
31 11.9799
32 11.9799
33 11.9799
34 11.9799
35 11.9799
36 11.9799
37 11.9799
38 11.9799
39 11.9799
40 11.9799
41 11.9799
42 11.9799
43 11.9799
44 11.9799
45 11.9799
46 11.9799
47 11.9799
48 11.9799
49 11.9799
50 11.9799
51 11.9799
52 11.9799
53 11.9799
54 11.9799
55 11.9799
56 11.9799
57 11.9799
58 11.9799
59 11.9799
60 11.9799
61 11.9799
62 11.9799
63 11.9799
64 11.9799
65 11.9799
66 11.9799
67 11.9799
68 11.9799
69 11.9799
70 11.9799
71 11.9799
72 11.9799
73 11.9799
74 11.9799
75 11.9799
76 11.9799
77 11.9799
78 11.9799
79 11.9799
80 11.9799
81 11.9799
82 11.9799
83 11.9799
84 11.9799
85 11.9799
86 11.9799
87 11.9799
88 11.9799
89 11.9799
90 11.9799
91 11.9799
92 11.9799
93 11.9799
94 11.9799
95 11.9799
96 11.9799
97 11.9799
98 11.9799
99 11.9799
100 11.9799
101 11.9799
102 11.9799
103 11.9799
104 11.9799
105 11.9799
106 11.9799
107 11.9799
108 11.9799
109 11.9799
110 11.9799
111 11.9799
112 11.9799
113 11.9799
114 11.9799
115 11.9799
116 11.9799
117 11.9799
118 11.9799
119 11.9799
120 11.9799
121 11.9799
122 11.9799
123 11.9799
124 11.9799
125 11.9799
126 11.9799
127 11.9799
128 11.9799
129 11.9799
130 11.9799
131 11.9799
132 11.9799
133 11.9799
134 11.9799
135 11.9799
136 11.9799
137 11.9799
138 11.9799
139 11.9799
140 11.9799
141 11.9799
142 11.9799
143 11.9799
144 11.9799
145 11.9799
146 11.9799
147 11.9799
148 11.9799
149 11.9799
150 11.9799
151 11.9799
152 11.9799
153 11.9799
154 11.9799
155 11.9799
156 11.9799
157 11.9799
158 11.9799
159 11.9799
160 11.9799
161 11.9799
162 11.9799
163 11.9799
164 11.9799
165 11.9799
166 11.9799
167 11.9799
168 11.9799
169 11.9799
170 11.9799
171 11.9799
172 11.9799
173 11.9799
174 11.9799
175 11.9799
176 11.9799
177 11.9799
178 11.9799
179 11.9799
180 11.9799
181 11.9799
182 11.9799
183 11.9799
184 11.9799
185 11.9799
186 11.9799
187 11.9799
188 11.9799
189 11.9799
190 11.9799
191 11.9799
192 11.9799
193 11.9799
194 11.9799
195 11.9799
196 11.9799
197 11.9799
198 11.9799
199 11.9799
200 11.9799
201 11.9799
202 11.9799
203 11.9799
204 11.9799
205 11.9799
206 11.9799
207 11.9799
208 11.9799
209 11.9799
210 11.9799
211 11.9799
212 11.9799
213 11.9799
214 11.9799
215 11.9799
216 11.9799
217 11.9799
218 11.9799
219 11.9799
220 11.9799
221 11.9799
222 11.9799
223 11.9799
224 11.9799
225 11.9799
226 11.9799
227 11.9799
228 11.9799
229 11.9799
230 11.9799
231 11.9799
232 11.9799
233 11.9799
234 11.9799
235 12
236 11.8308
237 11.2057
238 10.4377
239 9.64336
240 8.84876
241 8.0608
242 7.28313
243 6.51875
244 5.76977
245 5.03767
246 4.32382
247 3.62947
248 2.95586
249 2.30411
250 1.67525
251 1.07024
252 1.09294
253 1.14448
254 1.14087
255 1.17633
256 1.17733
257 1.20525
258 1.22513
259 1.24916
260 1.26373
261 1.28265
262 1.30431
263 1.31658
264 1.32173
265 1.32358
266 1.32417
267 1.32435
268 1.32439
269 1.32441
270 1.32441
271 1.32441
272 1.32441
273 1.32441
274 1.32441
275 1.32441
276 1.32441
277 1.3244
278 1.32438
279 1.32431
280 1.3241
281 1.32351
282 1.32193
283 1.31808
284 1.30959
285 1.29328
286 1.28191
287 1.26141
288 1.23179
289 1.21475
290 1.38437
291 1.37148
292 1.95509
293 2.53888
294 3.11788
295 3.68915
296 4.25243
297 4.8102
298 5.36697
299 5.92821
300 6.49935
301 7.08497
302 7.68826
303 8.31069
304 8.95121
305 9.60612
306 10.2715
307 10.9407
308 11.5504
309 11.9382
310 11.9799
311 11.9799
312 11.9799
313 11.9799
314 11.9799
315 11.9799
316 11.9799
317 11.9799
318 11.9799
319 11.9799
320 11.9799
321 11.9799
322 11.9799
323 11.9799
324 11.9799
325 11.9799
326 11.9799
327 11.9799
328 11.9799
329 11.9799
330 11.9799
331 11.9799
332 11.9799
333 11.9799
334 11.9799
335 11.9799
336 11.9799
337 11.9799
338 11.9799
339 11.9799
340 11.9799
341 11.9799
342 11.9799
343 11.9799
344 11.9799
345 11.9799
346 11.9799
347 11.9799
348 11.9799
349 11.9799
350 11.9799
351 11.9799
352 11.9799
353 11.9799
354 11.9799
355 11.9799
356 11.9799
357 11.9799
358 11.9799
359 11.9799
360 11.9799
361 11.9799
362 11.9799
363 11.9799
364 11.9799
365 11.9799
366 11.9799
367 11.9799
368 11.9799
369 11.9799
370 11.9799
371 11.9799
372 11.9799
373 11.9799
374 11.9799
375 11.9799
376 11.9799
377 11.9799
378 11.9799
379 11.9799
380 11.9799
381 11.9799
382 11.9799
383 11.9799
384 11.9799
385 11.9799
386 11.9799
387 11.9799
388 11.9799
389 11.9799
390 11.9799
391 11.9799
392 11.9799
393 11.9799
394 11.9799
395 11.9799
396 11.9799
397 11.9799
398 11.9799
399 11.9799
400 11.9799
401 11.9799
402 11.9799
403 11.9799
404 11.9799
405 11.9799
406 11.9799
407 11.9799
408 11.9799
409 11.9799
410 11.9799
411 11.9799
412 11.9799
413 11.9799
414 11.9799
415 11.9799
416 11.9799
417 11.9799
418 11.9799
419 11.9799
420 11.9799
421 11.9799
422 11.9799
423 11.9799
424 11.9799
425 11.9799
426 11.9799
427 11.9799
428 11.9799
429 11.9799
430 11.9799
431 11.9799
432 11.9799
433 11.9799
434 11.9799
435 11.9799
436 11.9799
437 11.9799
438 11.9799
439 11.9799
440 11.9799
441 11.9799
442 11.9799
443 11.9799
444 11.9799
445 11.9799
446 11.9799
447 11.9799
448 11.9799
449 11.9799
450 11.9799
451 11.9799
452 11.9799
453 11.9799
454 11.9799
455 11.9799
456 11.9799
457 11.9799
458 11.9799
459 11.9799
460 11.9799
461 11.9799
462 11.9799
463 11.9799
464 11.9799
465 11.9799
466 11.9799
467 11.9799
468 11.9799
469 11.9799
470 11.9799
471 11.9799
472 11.9799
473 11.9799
474 11.9799
475 11.9799
476 11.9799
477 11.9799
478 11.9799
479 11.9799
480 11.9799
481 11.9799
482 11.9799
483 11.9799
484 11.9799
485 11.9799
486 11.9799
487 11.9799
488 11.9799
489 11.9799
490 11.9799
491 11.9799
492 11.9799
493 11.9799
494 11.9799
495 11.9799
496 11.9799
497 11.9799
498 11.9799
499 11.9799
500 11.9799
501 11.9799
502 11.9799
503 11.9799
504 11.9799
505 11.9799
506 11.9799
507 11.9799
508 11.9799
509 11.9799
510 11.9799
511 11.9799
512 11.9799
513 11.9799
514 11.9799
515 11.9799
516 11.9799
517 11.9799
518 11.9799
519 11.9799
520 11.9799
521 11.9799
522 11.9799
523 11.9799
524 11.9799
525 11.9799
526 11.9799
527 11.9799
528 11.9799
529 11.9799
530 11.9799
531 11.9799
532 11.9799
533 11.9799
534 11.9799
535 11.9799
536 11.9799
537 11.9799
538 11.9799
539 11.9799
540 11.9799
541 11.9799
542 11.9799
