1 11.9828
2 11.9828
3 11.9828
4 11.9828
5 11.9828
6 11.9828
7 11.9828
8 11.9828
9 11.9828
10 11.9828
11 11.9828
12 11.9828
13 11.9828
14 11.9828
15 11.9828
16 11.9828
17 11.9828
18 11.9828
19 11.9828
20 11.9828
21 11.9828
22 11.9828
23 11.9828
24 11.9828
25 11.9828
26 11.9828
27 11.9828
28 11.9828
29 11.9828
30 11.9828
31 11.9828
32 11.9828
33 11.9828
34 11.9828
35 11.9828
36 11.9828
37 11.9828
38 11.9828
39 11.9828
40 11.9828
41 11.9828
42 11.9828
43 11.9828
44 11.9828
45 11.9828
46 11.9828
47 11.9828
48 11.9828
49 11.9828
50 11.9828
51 11.9828
52 11.9828
53 11.9828
54 11.9828
55 11.9828
56 11.9828
57 11.9828
58 11.9828
59 11.9828
60 11.9828
61 11.9828
62 11.9828
63 11.9828
64 11.9828
65 11.9828
66 11.9828
67 11.9828
68 11.9828
69 11.9828
70 11.9828
71 11.9828
72 11.9828
73 11.9828
74 11.9828
75 11.9828
76 11.9828
77 11.9828
78 11.9828
79 11.9828
80 11.9828
81 11.9828
82 11.9828
83 11.9828
84 11.9828
85 11.9828
86 11.9828
87 11.9828
88 11.9828
89 11.9828
90 11.9828
91 11.9828
92 11.9828
93 11.9828
94 11.9828
95 11.9828
96 11.9828
97 11.9828
98 11.9828
99 11.9828
100 11.9828
101 11.9828
102 11.9828
103 11.9828
104 11.9828
105 11.9828
106 11.9828
107 11.9828
108 11.9828
109 11.9828
110 11.9828
111 11.9828
112 11.9828
113 11.9828
114 11.9828
115 11.9828
116 11.9828
117 11.9828
118 11.9828
119 11.9828
120 11.9828
121 11.9828
122 11.9828
123 11.9828
124 11.9828
125 11.9828
126 11.9828
127 11.9828
128 11.9828
129 11.9828
130 11.9828
131 11.9828
132 11.9828
133 11.9828
134 11.9828
135 11.9828
136 11.9828
137 11.9828
138 11.9828
139 11.9828
140 11.9828
141 11.9828
142 11.9828
143 11.9828
144 11.9828
145 11.9828
146 11.9828
147 11.9828
148 11.9828
149 11.9828
150 11.9828
151 11.9828
152 11.9828
153 11.9828
154 11.9828
155 11.9828
156 11.9828
157 11.9828
158 11.9828
159 11.9828
160 11.9828
161 11.9828
162 11.9828
163 11.9828
164 11.9828
165 11.9828
166 11.9828
167 11.9828
168 11.9828
169 11.9828
170 11.9828
171 11.9828
172 11.9828
173 11.9828
174 11.9828
175 11.9828
176 11.9828
177 11.9828
178 11.9828
179 11.9828
180 11.9828
181 11.9828
182 11.9828
183 11.9828
184 11.9828
185 11.9828
186 11.9828
187 11.9828
188 11.9828
189 11.9828
190 11.9828
191 11.9828
192 11.9828
193 11.9828
194 11.9828
195 11.9828
196 11.9828
197 11.9828
198 11.9828
199 11.9828
200 11.9828
201 11.9828
202 11.9828
203 11.9828
204 11.9828
205 11.9828
206 11.9828
207 11.9828
208 11.9828
209 11.9828
210 11.9828
211 11.9828
212 11.9828
213 11.9828
214 11.9828
215 11.9828
216 11.9828
217 11.9828
218 11.9828
219 11.9828
220 11.9828
221 11.9828
222 11.9828
223 11.9828
224 11.9828
225 11.9828
226 11.9828
227 11.9828
228 11.9828
229 11.9828
230 11.9828
231 11.9828
232 11.9828
233 11.9602
234 11.5363
235 10.8604
236 10.1246
237 9.3882
238 8.66411
239 7.95691
240 7.26788
241 6.59842
242 5.94954
243 5.32221
244 4.7173
245 4.13556
246 3.57768
247 3.04427
248 2.53591
249 2.05313
250 1.59643
251 1.16629
252 1.20479
253 1.24908
254 1.28893
255 1.31839
256 1.35196
257 1.36991
258 1.37725
259 1.38681
260 1.39015
261 1.39433
262 1.39938
263 1.40088
264 1.40128
265 1.40138
266 1.4014
267 1.40141
268 1.40141
269 1.40141
270 1.40141
271 1.40141
272 1.40141
273 1.40141
274 1.40141
275 1.40141
276 1.40141
277 1.40141
278 1.40141
279 1.4014
280 1.40139
281 1.40132
282 1.4011
283 1.40032
284 1.39792
285 1.39117
286 1.38625
287 1.37414
288 1.34921
289 1.3153
290 1.37005
291 1.34026
292 1.79871
293 2.28343
294 2.79257
295 3.32371
296 3.87376
297 4.43876
298 5.014
299 5.5943
300 6.17465
301 6.75099
302 7.3211
303 7.88492
304 8.44449
305 9.00312
306 9.56489
307 10.131
308 10.6997
309 11.2435
310 11.7062
311 11.9634
312 12
313 11.9828
314 11.9828
315 11.9828
316 11.9828
317 11.9828
318 11.9828
319 11.9828
320 11.9828
321 11.9828
322 11.9828
323 11.9828
324 11.9828
325 11.9828
326 11.9828
327 11.9828
328 11.9828
329 11.9828
330 11.9828
331 11.9828
332 11.9828
333 11.9828
334 11.9828
335 11.9828
336 11.9828
337 11.9828
338 11.9828
339 11.9828
340 11.9828
341 11.9828
342 11.9828
343 11.9828
344 11.9828
345 11.9828
346 11.9828
347 11.9828
348 11.9828
349 11.9828
350 11.9828
351 11.9828
352 11.9828
353 11.9828
354 11.9828
355 11.9828
356 11.9828
357 11.9828
358 11.9828
359 11.9828
360 11.9828
361 11.9828
362 11.9828
363 11.9828
364 11.9828
365 11.9828
366 11.9828
367 11.9828
368 11.9828
369 11.9828
370 11.9828
371 11.9828
372 11.9828
373 11.9828
374 11.9828
375 11.9828
376 11.9828
377 11.9828
378 11.9828
379 11.9828
380 11.9828
381 11.9828
382 11.9828
383 11.9828
384 11.9828
385 11.9828
386 11.9828
387 11.9828
388 11.9828
389 11.9828
390 11.9828
391 11.9828
392 11.9828
393 11.9828
394 11.9828
395 11.9828
396 11.9828
397 11.9828
398 11.9828
399 11.9828
400 11.9828
401 11.9828
402 11.9828
403 11.9828
404 11.9828
405 11.9828
406 11.9828
407 11.9828
408 11.9828
409 11.9828
410 11.9828
411 11.9828
412 11.9828
413 11.9828
414 11.9828
415 11.9828
416 11.9828
417 11.9828
418 11.9828
419 11.9828
420 11.9828
421 11.9828
422 11.9828
423 11.9828
424 11.9828
425 11.9828
426 11.9828
427 11.9828
428 11.9828
429 11.9828
430 11.9828
431 11.9828
432 11.9828
433 11.9828
434 11.9828
435 11.9828
436 11.9828
437 11.9828
438 11.9828
439 11.9828
440 11.9828
441 11.9828
442 11.9828
443 11.9828
444 11.9828
445 11.9828
446 11.9828
447 11.9828
448 11.9828
449 11.9828
450 11.9828
451 11.9828
452 11.9828
453 11.9828
454 11.9828
455 11.9828
456 11.9828
457 11.9828
458 11.9828
459 11.9828
460 11.9828
461 11.9828
462 11.9828
463 11.9828
464 11.9828
465 11.9828
466 11.9828
467 11.9828
468 11.9828
469 11.9828
470 11.9828
471 11.9828
472 11.9828
473 11.9828
474 11.9828
475 11.9828
476 11.9828
477 11.9828
478 11.9828
479 11.9828
480 11.9828
481 11.9828
482 11.9828
483 11.9828
484 11.9828
485 11.9828
486 11.9828
487 11.9828
488 11.9828
489 11.9828
490 11.9828
491 11.9828
492 11.9828
493 11.9828
494 11.9828
495 11.9828
496 11.9828
497 11.9828
498 11.9828
499 11.9828
500 11.9828
501 11.9828
502 11.9828
503 11.9828
504 11.9828
505 11.9828
506 11.9828
507 11.9828
508 11.9828
509 11.9828
510 11.9828
511 11.9828
512 11.9828
513 11.9828
514 11.9828
515 11.9828
516 11.9828
517 11.9828
518 11.9828
519 11.9828
520 11.9828
521 11.9828
522 11.9828
523 11.9828
524 11.9828
525 11.9828
526 11.9828
527 11.9828
528 11.9828
529 11.9828
530 11.9828
531 11.9828
532 11.9828
533 11.9828
534 11.9828
535 11.9828
536 11.9828
537 11.9828
538 11.9828
539 11.9828
540 11.9828
541 11.9828
542 11.9828
