1 11.9611
2 11.9611
3 11.9611
4 11.9611
5 11.9611
6 11.9611
7 11.9611
8 11.9611
9 11.9611
10 11.9611
11 11.9611
12 11.9611
13 11.9611
14 11.9611
15 11.9611
16 11.9611
17 11.9611
18 11.9611
19 11.9611
20 11.9611
21 11.9611
22 11.9611
23 11.9611
24 11.9611
25 11.9611
26 11.9611
27 11.9611
28 11.9611
29 11.9611
30 11.9611
31 11.9611
32 11.9611
33 11.9611
34 11.9611
35 11.9611
36 11.9611
37 11.9611
38 11.9611
39 11.9611
40 11.9611
41 11.9611
42 11.9611
43 11.9611
44 11.9611
45 11.9611
46 11.9611
47 11.9611
48 11.9611
49 11.9611
50 11.9611
51 11.9611
52 11.9611
53 11.9611
54 11.9611
55 11.9611
56 11.9611
57 11.9611
58 11.9611
59 11.9611
60 11.9611
61 11.9611
62 11.9611
63 11.9611
64 11.9611
65 11.9611
66 11.9611
67 11.9611
68 11.9611
69 11.9611
70 11.9611
71 11.9611
72 11.9611
73 11.9611
74 11.9611
75 11.9611
76 11.9611
77 11.9611
78 11.9611
79 11.9611
80 11.9611
81 11.9611
82 11.9611
83 11.9611
84 11.9611
85 11.9611
86 11.9611
87 11.9611
88 11.9611
89 11.9611
90 11.9611
91 11.9611
92 11.9611
93 11.9611
94 11.9611
95 11.9611
96 11.9611
97 11.9611
98 11.9611
99 11.9611
100 11.9611
101 11.9611
102 11.9611
103 11.9611
104 11.9611
105 11.9611
106 11.9611
107 11.9611
108 11.9611
109 11.9611
110 11.9611
111 11.9611
112 11.9611
113 11.9611
114 11.9611
115 11.9611
116 11.9611
117 11.9611
118 11.9611
119 11.9611
120 11.9611
121 11.9611
122 11.9611
123 11.9611
124 11.9611
125 11.9611
126 11.9611
127 11.9611
128 11.9611
129 11.9611
130 11.9611
131 11.9611
132 11.9611
133 11.9611
134 11.9611
135 11.9611
136 11.9611
137 11.9611
138 11.9611
139 11.9611
140 11.9611
141 11.9611
142 11.9611
143 11.9611
144 11.9611
145 11.9611
146 11.9611
147 11.9611
148 11.9611
149 11.9611
150 11.9611
151 11.9611
152 11.9611
153 11.9611
154 11.9611
155 11.9611
156 11.9611
157 11.9611
158 11.9611
159 11.9611
160 11.9611
161 11.9611
162 11.9611
163 11.9611
164 11.9611
165 11.9611
166 11.9611
167 11.9611
168 11.9611
169 11.9611
170 11.9611
171 11.9611
172 11.9611
173 11.9611
174 11.9611
175 11.9611
176 11.9611
177 11.9611
178 11.9611
179 11.9611
180 11.9611
181 11.9611
182 11.9611
183 11.9611
184 11.9611
185 11.9611
186 11.9611
187 11.9611
188 11.9611
189 11.9611
190 11.9611
191 11.9611
192 11.9611
193 11.9611
194 11.9611
195 11.9611
196 11.9611
197 11.9611
198 11.9611
199 11.9611
200 11.9611
201 11.9611
202 11.9611
203 11.9611
204 11.9611
205 11.9611
206 11.9611
207 11.9611
208 11.9611
209 11.9611
210 11.9611
211 11.9611
212 11.9611
213 11.9611
214 11.9611
215 11.9611
216 11.9611
217 11.9611
218 11.9611
219 11.9611
220 11.9611
221 11.9611
222 11.9611
223 11.9611
224 11.9611
225 11.9611
226 11.9611
227 11.9611
228 11.9611
229 11.9611
230 11.9611
231 11.9611
232 11.9611
233 11.9611
234 11.9611
235 11.9611
236 11.9611
237 11.9611
238 11.9611
239 12
240 11.8389
241 11.2532
242 10.4784
243 9.61352
244 8.71455
245 7.81126
246 6.9178
247 6.0394
248 5.17718
249 4.3307
250 3.4992
251 2.68208
252 2.66115
253 2.69678
254 2.47607
255 2.45845
256 2.15726
257 2.12314
258 2.13868
259 2.03578
260 2.03397
261 1.90434
262 1.52127
263 1.48556
264 1.50065
265 1.51853
266 1.53051
267 1.53707
268 1.54022
269 1.5416
270 1.54213
271 1.54227
272 1.54254
273 1.54253
274 1.54261
275 1.54278
276 1.54275
277 1.54255
278 1.54206
279 1.54102
280 1.53887
281 1.53464
282 1.52669
283 1.51247
284 1.48856
285 1.4522
286 1.42777
287 1.39018
288 1.34116
289 1.30782
290 1.50574
291 1.47294
292 2.09345
293 2.74007
294 3.41426
295 4.11688
296 4.84848
297 5.60929
298 6.39908
299 7.21643
300 8.05747
301 8.91293
302 9.76573
303 10.5838
304 11.3226
305 11.8762
306 12
307 11.9611
308 11.9611
309 11.9611
310 11.9611
311 11.9611
312 11.9611
313 11.9611
314 11.9611
315 11.9611
316 11.9611
317 11.9611
318 11.9611
319 11.9611
320 11.9611
321 11.9611
322 11.9611
323 11.9611
324 11.9611
325 11.9611
326 11.9611
327 11.9611
328 11.9611
329 11.9611
330 11.9611
331 11.9611
332 11.9611
333 11.9611
334 11.9611
335 11.9611
336 11.9611
337 11.9611
338 11.9611
339 11.9611
340 11.9611
341 11.9611
342 11.9611
343 11.9611
344 11.9611
345 11.9611
346 11.9611
347 11.9611
348 11.9611
349 11.9611
350 11.9611
351 11.9611
352 11.9611
353 11.9611
354 11.9611
355 11.9611
356 11.9611
357 11.9611
358 11.9611
359 11.9611
360 11.9611
361 11.9611
362 11.9611
363 11.9611
364 11.9611
365 11.9611
366 11.9611
367 11.9611
368 11.9611
369 11.9611
370 11.9611
371 11.9611
372 11.9611
373 11.9611
374 11.9611
375 11.9611
376 11.9611
377 11.9611
378 11.9611
379 11.9611
380 11.9611
381 11.9611
382 11.9611
383 11.9611
384 11.9611
385 11.9611
386 11.9611
387 11.9611
388 11.9611
389 11.9611
390 11.9611
391 11.9611
392 11.9611
393 11.9611
394 11.9611
395 11.9611
396 11.9611
397 11.9611
398 11.9611
399 11.9611
400 11.9611
401 11.9611
402 11.9611
403 11.9611
404 11.9611
405 11.9611
406 11.9611
407 11.9611
408 11.9611
409 11.9611
410 11.9611
411 11.9611
412 11.9611
413 11.9611
414 11.9611
415 11.9611
416 11.9611
417 11.9611
418 11.9611
419 11.9611
420 11.9611
421 11.9611
422 11.9611
423 11.9611
424 11.9611
425 11.9611
426 11.9611
427 11.9611
428 11.9611
429 11.9611
430 11.9611
431 11.9611
432 11.9611
433 11.9611
434 11.9611
435 11.9611
436 11.9611
437 11.9611
438 11.9611
439 11.9611
440 11.9611
441 11.9611
442 11.9611
443 11.9611
444 11.9611
445 11.9611
446 11.9611
447 11.9611
448 11.9611
449 11.9611
450 11.9611
451 11.9611
452 11.9611
453 11.9611
454 11.9611
455 11.9611
456 11.9611
457 11.9611
458 11.9611
459 11.9611
460 11.9611
461 11.9611
462 11.9611
463 11.9611
464 11.9611
465 11.9611
466 11.9611
467 11.9611
468 11.9611
469 11.9611
470 11.9611
471 11.9611
472 11.9611
473 11.9611
474 11.9611
475 11.9611
476 11.9611
477 11.9611
478 11.9611
479 11.9611
480 11.9611
481 11.9611
482 11.9611
483 11.9611
484 11.9611
485 11.9611
486 11.9611
487 11.9611
488 11.9611
489 11.9611
490 11.9611
491 11.9611
492 11.9611
493 11.9611
494 11.9611
495 11.9611
496 11.9611
497 11.9611
498 11.9611
499 11.9611
500 11.9611
501 11.9611
502 11.9611
503 11.9611
504 11.9611
505 11.9611
506 11.9611
507 11.9611
508 11.9611
509 11.9611
510 11.9611
511 11.9611
512 11.9611
513 11.9611
514 11.9611
515 11.9611
516 11.9611
517 11.9611
518 11.9611
519 11.9611
520 11.9611
521 11.9611
522 11.9611
523 11.9611
524 11.9611
525 11.9611
526 11.9611
527 11.9611
528 11.9611
529 11.9611
530 11.9611
531 11.9611
532 11.9611
533 11.9611
534 11.9611
535 11.9611
536 11.9611
537 11.9611
538 11.9611
539 11.9611
540 11.9611
541 11.9611
542 11.9611
