1 11.9113
2 11.9113
3 11.9113
4 11.9113
5 11.9113
6 11.9113
7 11.9113
8 11.9113
9 11.9113
10 11.9113
11 11.9113
12 11.9113
13 11.9113
14 11.9113
15 11.9113
16 11.9113
17 11.9113
18 11.9113
19 11.9113
20 11.9113
21 11.9113
22 11.9113
23 11.9113
24 11.9113
25 11.9113
26 11.9113
27 11.9113
28 11.9113
29 11.9113
30 11.9113
31 11.9113
32 11.9113
33 11.9113
34 11.9113
35 11.9113
36 11.9113
37 11.9113
38 11.9113
39 11.9113
40 11.9113
41 11.9113
42 11.9113
43 11.9113
44 11.9113
45 11.9113
46 11.9113
47 11.9113
48 11.9113
49 11.9113
50 11.9113
51 11.9113
52 11.9113
53 11.9113
54 11.9113
55 11.9113
56 11.9113
57 11.9113
58 11.9113
59 11.9113
60 11.9113
61 11.9113
62 11.9113
63 11.9113
64 11.9113
65 11.9113
66 11.9113
67 11.9113
68 11.9113
69 11.9113
70 11.9113
71 11.9113
72 11.9113
73 11.9113
74 11.9113
75 11.9113
76 11.9113
77 11.9113
78 11.9113
79 11.9113
80 11.9113
81 11.9113
82 11.9113
83 11.9113
84 11.9113
85 11.9113
86 11.9113
87 11.9113
88 11.9113
89 11.9113
90 11.9113
91 11.9113
92 11.9113
93 11.9113
94 11.9113
95 11.9113
96 11.9113
97 11.9113
98 11.9113
99 11.9113
100 11.9113
101 11.9113
102 11.9113
103 11.9113
104 11.9113
105 11.9113
106 11.9113
107 11.9113
108 11.9113
109 11.9113
110 11.9113
111 11.9113
112 11.9113
113 11.9113
114 11.9113
115 11.9113
116 11.9113
117 11.9113
118 11.9113
119 11.9113
120 11.9113
121 11.9113
122 11.9113
123 11.9113
124 11.9113
125 11.9113
126 11.9113
127 11.9113
128 11.9113
129 11.9113
130 11.9113
131 11.9113
132 11.9113
133 11.9113
134 11.9113
135 11.9113
136 11.9113
137 11.9113
138 11.9113
139 11.9113
140 11.9113
141 11.9113
142 11.9113
143 11.9113
144 11.9113
145 11.9113
146 11.9113
147 11.9113
148 11.9113
149 11.9113
150 11.9113
151 11.9113
152 11.9113
153 11.9113
154 11.9113
155 11.9113
156 11.9113
157 11.9113
158 11.9113
159 11.9113
160 11.9113
161 11.9113
162 11.9113
163 11.9113
164 11.9113
165 11.9113
166 11.9113
167 11.9113
168 11.9113
169 11.9113
170 11.9113
171 11.9113
172 11.9113
173 11.9113
174 11.9113
175 11.9113
176 11.9113
177 11.9113
178 11.9113
179 11.9113
180 11.9113
181 11.9113
182 11.9113
183 11.9113
184 11.9113
185 11.9113
186 11.9113
187 11.9113
188 11.9113
189 11.9113
190 11.9113
191 11.9113
192 11.9113
193 11.9113
194 11.9113
195 11.9113
196 11.9113
197 11.9113
198 11.9113
199 11.9113
200 11.9113
201 11.9113
202 11.9113
203 11.9113
204 11.9113
205 11.9113
206 11.9113
207 11.9113
208 11.9113
209 11.9113
210 11.9113
211 11.9113
212 11.9113
213 11.9113
214 11.9113
215 11.9113
216 11.9113
217 11.9113
218 11.9113
219 11.9113
220 11.9113
221 11.9113
222 11.9113
223 11.9113
224 11.9113
225 11.9113
226 11.9113
227 11.9113
228 11.9113
229 11.9113
230 11.9113
231 11.9113
232 11.9113
233 11.9113
234 11.9113
235 11.9113
236 11.9113
237 11.9113
238 11.9113
239 11.9113
240 11.9113
241 11.9376
242 12
243 11.9111
244 11.4211
245 10.6378
246 9.75178
247 8.83789
248 7.93291
249 7.05535
250 6.21401
251 5.41117
252 5.40862
253 5.46335
254 5.28095
255 5.28758
256 4.96468
257 4.91934
258 4.9216
259 4.58409
260 4.48398
261 3.8693
262 2.81862
263 2.69308
264 2.67617
265 2.68996
266 2.71303
267 2.7368
268 2.75705
269 2.77132
270 2.77776
271 2.77476
272 2.78439
273 2.78672
274 2.79169
275 2.74103
276 2.7377
277 2.74309
278 2.74539
279 2.74184
280 2.73326
281 2.72241
282 2.7142
283 2.7174
284 2.74984
285 2.85805
286 2.83468
287 2.81031
288 2.79245
289 2.81852
290 3.20607
291 3.19253
292 3.90721
293 4.63388
294 5.38397
295 6.16327
296 6.97414
297 7.81791
298 8.69762
299 9.62093
300 10.5883
301 11.4981
302 11.9385
303 11.9289
304 11.9113
305 11.9113
306 11.9113
307 11.9113
308 11.9113
309 11.9113
310 11.9113
311 11.9113
312 11.9113
313 11.9113
314 11.9113
315 11.9113
316 11.9113
317 11.9113
318 11.9113
319 11.9113
320 11.9113
321 11.9113
322 11.9113
323 11.9113
324 11.9113
325 11.9113
326 11.9113
327 11.9113
328 11.9113
329 11.9113
330 11.9113
331 11.9113
332 11.9113
333 11.9113
334 11.9113
335 11.9113
336 11.9113
337 11.9113
338 11.9113
339 11.9113
340 11.9113
341 11.9113
342 11.9113
343 11.9113
344 11.9113
345 11.9113
346 11.9113
347 11.9113
348 11.9113
349 11.9113
350 11.9113
351 11.9113
352 11.9113
353 11.9113
354 11.9113
355 11.9113
356 11.9113
357 11.9113
358 11.9113
359 11.9113
360 11.9113
361 11.9113
362 11.9113
363 11.9113
364 11.9113
365 11.9113
366 11.9113
367 11.9113
368 11.9113
369 11.9113
370 11.9113
371 11.9113
372 11.9113
373 11.9113
374 11.9113
375 11.9113
376 11.9113
377 11.9113
378 11.9113
379 11.9113
380 11.9113
381 11.9113
382 11.9113
383 11.9113
384 11.9113
385 11.9113
386 11.9113
387 11.9113
388 11.9113
389 11.9113
390 11.9113
391 11.9113
392 11.9113
393 11.9113
394 11.9113
395 11.9113
396 11.9113
397 11.9113
398 11.9113
399 11.9113
400 11.9113
401 11.9113
402 11.9113
403 11.9113
404 11.9113
405 11.9113
406 11.9113
407 11.9113
408 11.9113
409 11.9113
410 11.9113
411 11.9113
412 11.9113
413 11.9113
414 11.9113
415 11.9113
416 11.9113
417 11.9113
418 11.9113
419 11.9113
420 11.9113
421 11.9113
422 11.9113
423 11.9113
424 11.9113
425 11.9113
426 11.9113
427 11.9113
428 11.9113
429 11.9113
430 11.9113
431 11.9113
432 11.9113
433 11.9113
434 11.9113
435 11.9113
436 11.9113
437 11.9113
438 11.9113
439 11.9113
440 11.9113
441 11.9113
442 11.9113
443 11.9113
444 11.9113
445 11.9113
446 11.9113
447 11.9113
448 11.9113
449 11.9113
450 11.9113
451 11.9113
452 11.9113
453 11.9113
454 11.9113
455 11.9113
456 11.9113
457 11.9113
458 11.9113
459 11.9113
460 11.9113
461 11.9113
462 11.9113
463 11.9113
464 11.9113
465 11.9113
466 11.9113
467 11.9113
468 11.9113
469 11.9113
470 11.9113
471 11.9113
472 11.9113
473 11.9113
474 11.9113
475 11.9113
476 11.9113
477 11.9113
478 11.9113
479 11.9113
480 11.9113
481 11.9113
482 11.9113
483 11.9113
484 11.9113
485 11.9113
486 11.9113
487 11.9113
488 11.9113
489 11.9113
490 11.9113
491 11.9113
492 11.9113
493 11.9113
494 11.9113
495 11.9113
496 11.9113
497 11.9113
498 11.9113
499 11.9113
500 11.9113
501 11.9113
502 11.9113
503 11.9113
504 11.9113
505 11.9113
506 11.9113
507 11.9113
508 11.9113
509 11.9113
510 11.9113
511 11.9113
512 11.9113
513 11.9113
514 11.9113
515 11.9113
516 11.9113
517 11.9113
518 11.9113
519 11.9113
520 11.9113
521 11.9113
522 11.9113
523 11.9113
524 11.9113
525 11.9113
526 11.9113
527 11.9113
528 11.9113
529 11.9113
530 11.9113
531 11.9113
532 11.9113
533 11.9113
534 11.9113
535 11.9113
536 11.9113
537 11.9113
538 11.9113
539 11.9113
540 11.9113
541 11.9113
542 11.9113
