1 11.9988
2 11.9988
3 11.9988
4 11.9988
5 11.9988
6 11.9988
7 11.9988
8 11.9988
9 11.9988
10 11.9988
11 11.9988
12 11.9988
13 11.9988
14 11.9988
15 11.9988
16 11.9988
17 11.9988
18 11.9988
19 11.9988
20 11.9988
21 11.9988
22 11.9988
23 11.9988
24 11.9988
25 11.9988
26 11.9988
27 11.9988
28 11.9988
29 11.9988
30 11.9988
31 11.9988
32 11.9988
33 11.9988
34 11.9988
35 11.9988
36 11.9988
37 11.9988
38 11.9988
39 11.9988
40 11.9988
41 11.9988
42 11.9988
43 11.9988
44 11.9988
45 11.9988
46 11.9988
47 11.9988
48 11.9988
49 11.9988
50 11.9988
51 11.9988
52 11.9988
53 11.9988
54 11.9988
55 11.9988
56 11.9988
57 11.9988
58 11.9988
59 11.9988
60 11.9988
61 11.9988
62 11.9988
63 11.9988
64 11.9988
65 11.9988
66 11.9988
67 11.9988
68 11.9988
69 11.9988
70 11.9988
71 11.9988
72 11.9988
73 11.9988
74 11.9988
75 11.9988
76 11.9988
77 11.9988
78 11.9988
79 11.9988
80 11.9988
81 11.9988
82 11.9988
83 11.9988
84 11.9988
85 11.9988
86 11.9988
87 11.9988
88 11.9988
89 11.9988
90 11.9988
91 11.9988
92 11.9988
93 11.9988
94 11.9988
95 11.9988
96 11.9988
97 11.9988
98 11.9988
99 11.9988
100 11.9988
101 11.9988
102 11.9988
103 11.9988
104 11.9988
105 11.9988
106 11.9988
107 11.9988
108 11.9988
109 11.9988
110 11.9988
111 11.9988
112 11.9988
113 11.9988
114 11.9988
115 11.9988
116 11.9988
117 11.9988
118 11.9988
119 11.9988
120 11.9988
121 11.9988
122 11.9988
123 11.9988
124 11.9988
125 11.9988
126 11.9988
127 11.9988
128 11.9988
129 11.9988
130 11.9988
131 11.9988
132 11.9988
133 11.9988
134 11.9988
135 11.9988
136 11.9988
137 11.9988
138 11.9988
139 11.9988
140 11.9988
141 11.9988
142 11.9988
143 11.9988
144 11.9988
145 11.9988
146 11.9988
147 11.9988
148 11.9988
149 11.9988
150 11.9988
151 11.9988
152 11.9988
153 11.9988
154 11.9988
155 11.9988
156 11.9988
157 11.9988
158 11.9988
159 11.9988
160 11.9988
161 11.9988
162 11.9988
163 11.9988
164 11.9988
165 11.9988
166 11.9988
167 11.9988
168 11.9988
169 11.9988
170 11.9988
171 11.9988
172 11.9988
173 11.9988
174 11.9988
175 11.9988
176 11.9988
177 11.9988
178 11.9988
179 11.9988
180 11.9988
181 11.9988
182 11.9988
183 11.9988
184 11.9988
185 11.9988
186 11.9988
187 11.9988
188 11.9988
189 11.9988
190 11.9988
191 11.9988
192 11.9988
193 11.9988
194 11.9988
195 11.9988
196 11.9988
197 11.9988
198 11.9988
199 11.9988
200 11.9988
201 11.9988
202 11.9988
203 11.9988
204 11.9988
205 11.9988
206 11.9988
207 11.9988
208 11.9988
209 11.9988
210 11.9988
211 11.9988
212 11.9988
213 11.9988
214 11.9988
215 11.9988
216 11.9988
217 11.9988
218 11.9988
219 11.9988
220 11.9988
221 11.9988
222 11.9988
223 11.9988
224 11.9988
225 12
226 11.9745
227 11.7884
228 11.2614
229 10.4674
230 9.65476
231 8.92427
232 8.26689
233 7.65842
234 7.08456
235 6.53862
236 6.0178
237 5.52115
238 5.04849
239 4.59998
240 4.1759
241 3.77659
242 3.4024
243 3.05366
244 2.73065
245 2.43363
246 2.16276
247 1.91805
248 1.6994
249 1.50646
250 1.33865
251 1.19507
252 1.23097
253 1.25114
254 1.27308
255 1.28066
256 1.28883
257 1.29111
258 1.29167
259 1.29226
260 1.29239
261 1.29253
262 1.29267
263 1.2927
264 1.2927
265 1.2927
266 1.2927
267 1.29271
268 1.29271
269 1.29271
270 1.2927
271 1.2927
272 1.2927
273 1.2927
274 1.2927
275 1.2927
276 1.29271
277 1.29271
278 1.29271
279 1.2927
280 1.2927
281 1.2927
282 1.2927
283 1.29267
284 1.29254
285 1.29197
286 1.29143
287 1.28932
288 1.28192
289 1.26072
290 1.22766
291 1.19119
292 1.34051
293 1.51586
294 1.71832
295 1.94861
296 2.20717
297 2.49414
298 2.80947
299 3.1529
300 3.52401
301 3.92222
302 4.34682
303 4.79691
304 5.27139
305 5.76892
306 6.28788
307 6.82639
308 7.38255
309 7.95504
310 8.54435
311 9.15446
312 9.79382
313 10.4646
314 11.1256
315 11.6518
316 11.9241
317 11.9953
318 11.9992
319 11.9988
320 11.9988
321 11.9988
322 11.9988
323 11.9988
324 11.9988
325 11.9988
326 11.9988
327 11.9988
328 11.9988
329 11.9988
330 11.9988
331 11.9988
332 11.9988
333 11.9988
334 11.9988
335 11.9988
336 11.9988
337 11.9988
338 11.9988
339 11.9988
340 11.9988
341 11.9988
342 11.9988
343 11.9988
344 11.9988
345 11.9988
346 11.9988
347 11.9988
348 11.9988
349 11.9988
350 11.9988
351 11.9988
352 11.9988
353 11.9988
354 11.9988
355 11.9988
356 11.9988
357 11.9988
358 11.9988
359 11.9988
360 11.9988
361 11.9988
362 11.9988
363 11.9988
364 11.9988
365 11.9988
366 11.9988
367 11.9988
368 11.9988
369 11.9988
370 11.9988
371 11.9988
372 11.9988
373 11.9988
374 11.9988
375 11.9988
376 11.9988
377 11.9988
378 11.9988
379 11.9988
380 11.9988
381 11.9988
382 11.9988
383 11.9988
384 11.9988
385 11.9988
386 11.9988
387 11.9988
388 11.9988
389 11.9988
390 11.9988
391 11.9988
392 11.9988
393 11.9988
394 11.9988
395 11.9988
396 11.9988
397 11.9988
398 11.9988
399 11.9988
400 11.9988
401 11.9988
402 11.9988
403 11.9988
404 11.9988
405 11.9988
406 11.9988
407 11.9988
408 11.9988
409 11.9988
410 11.9988
411 11.9988
412 11.9988
413 11.9988
414 11.9988
415 11.9988
416 11.9988
417 11.9988
418 11.9988
419 11.9988
420 11.9988
421 11.9988
422 11.9988
423 11.9988
424 11.9988
425 11.9988
426 11.9988
427 11.9988
428 11.9988
429 11.9988
430 11.9988
431 11.9988
432 11.9988
433 11.9988
434 11.9988
435 11.9988
436 11.9988
437 11.9988
438 11.9988
439 11.9988
440 11.9988
441 11.9988
442 11.9988
443 11.9988
444 11.9988
445 11.9988
446 11.9988
447 11.9988
448 11.9988
449 11.9988
450 11.9988
451 11.9988
452 11.9988
453 11.9988
454 11.9988
455 11.9988
456 11.9988
457 11.9988
458 11.9988
459 11.9988
460 11.9988
461 11.9988
462 11.9988
463 11.9988
464 11.9988
465 11.9988
466 11.9988
467 11.9988
468 11.9988
469 11.9988
470 11.9988
471 11.9988
472 11.9988
473 11.9988
474 11.9988
475 11.9988
476 11.9988
477 11.9988
478 11.9988
479 11.9988
480 11.9988
481 11.9988
482 11.9988
483 11.9988
484 11.9988
485 11.9988
486 11.9988
487 11.9988
488 11.9988
489 11.9988
490 11.9988
491 11.9988
492 11.9988
493 11.9988
494 11.9988
495 11.9988
496 11.9988
497 11.9988
498 11.9988
499 11.9988
500 11.9988
501 11.9988
502 11.9988
503 11.9988
504 11.9988
505 11.9988
506 11.9988
507 11.9988
508 11.9988
509 11.9988
510 11.9988
511 11.9988
512 11.9988
513 11.9988
514 11.9988
515 11.9988
516 11.9988
517 11.9988
518 11.9988
519 11.9988
520 11.9988
521 11.9988
522 11.9988
523 11.9988
524 11.9988
525 11.9988
526 11.9988
527 11.9988
528 11.9988
529 11.9988
530 11.9988
531 11.9988
532 11.9988
533 11.9988
534 11.9988
535 11.9988
536 11.9988
537 11.9988
538 11.9988
539 11.9988
540 11.9988
541 11.9988
542 11.9988
