1 11.9814
2 11.9814
3 11.9814
4 11.9814
5 11.9814
6 11.9814
7 11.9814
8 11.9814
9 11.9814
10 11.9814
11 11.9814
12 11.9814
13 11.9814
14 11.9814
15 11.9814
16 11.9814
17 11.9814
18 11.9814
19 11.9814
20 11.9814
21 11.9814
22 11.9814
23 11.9814
24 11.9814
25 11.9814
26 11.9814
27 11.9814
28 11.9814
29 11.9814
30 11.9814
31 11.9814
32 11.9814
33 11.9814
34 11.9814
35 11.9814
36 11.9814
37 11.9814
38 11.9814
39 11.9814
40 11.9814
41 11.9814
42 11.9814
43 11.9814
44 11.9814
45 11.9814
46 11.9814
47 11.9814
48 11.9814
49 11.9814
50 11.9814
51 11.9814
52 11.9814
53 11.9814
54 11.9814
55 11.9814
56 11.9814
57 11.9814
58 11.9814
59 11.9814
60 11.9814
61 11.9814
62 11.9814
63 11.9814
64 11.9814
65 11.9814
66 11.9814
67 11.9814
68 11.9814
69 11.9814
70 11.9814
71 11.9814
72 11.9814
73 11.9814
74 11.9814
75 11.9814
76 11.9814
77 11.9814
78 11.9814
79 11.9814
80 11.9814
81 11.9814
82 11.9814
83 11.9814
84 11.9814
85 11.9814
86 11.9814
87 11.9814
88 11.9814
89 11.9814
90 11.9814
91 11.9814
92 11.9814
93 11.9814
94 11.9814
95 11.9814
96 11.9814
97 11.9814
98 11.9814
99 11.9814
100 11.9814
101 11.9814
102 11.9814
103 11.9814
104 11.9814
105 11.9814
106 11.9814
107 11.9814
108 11.9814
109 11.9814
110 11.9814
111 11.9814
112 11.9814
113 11.9814
114 11.9814
115 11.9814
116 11.9814
117 11.9814
118 11.9814
119 11.9814
120 11.9814
121 11.9814
122 11.9814
123 11.9814
124 11.9814
125 11.9814
126 11.9814
127 11.9814
128 11.9814
129 11.9814
130 11.9814
131 11.9814
132 11.9814
133 11.9814
134 11.9814
135 11.9814
136 11.9814
137 11.9814
138 11.9814
139 11.9814
140 11.9814
141 11.9814
142 11.9814
143 11.9814
144 11.9814
145 11.9814
146 11.9814
147 11.9814
148 11.9814
149 11.9814
150 11.9814
151 11.9814
152 11.9814
153 11.9814
154 11.9814
155 11.9814
156 11.9814
157 11.9814
158 11.9814
159 11.9814
160 11.9814
161 11.9814
162 11.9814
163 11.9814
164 11.9814
165 11.9814
166 11.9814
167 11.9814
168 11.9814
169 11.9814
170 11.9814
171 11.9814
172 11.9814
173 11.9814
174 11.9814
175 11.9814
176 11.9814
177 11.9814
178 11.9814
179 11.9814
180 11.9814
181 11.9814
182 11.9814
183 11.9814
184 11.9814
185 11.9814
186 11.9814
187 11.9814
188 11.9814
189 11.9814
190 11.9814
191 11.9814
192 11.9814
193 11.9814
194 11.9814
195 11.9814
196 11.9814
197 11.9814
198 11.9814
199 11.9814
200 11.9814
201 11.9814
202 11.9814
203 11.9814
204 11.9814
205 11.9814
206 11.9814
207 11.9814
208 11.9814
209 11.9814
210 11.9814
211 11.9814
212 11.9814
213 11.9814
214 11.9814
215 11.9814
216 11.9814
217 11.9814
218 11.9814
219 11.9814
220 11.9814
221 11.9814
222 11.9814
223 11.9814
224 11.9814
225 11.9814
226 11.9814
227 11.9814
228 11.9814
229 11.9814
230 11.9814
231 11.9814
232 11.9814
233 11.9814
234 11.9814
235 11.9814
236 12
237 11.7073
238 11.0105
239 10.2177
240 9.40001
241 8.57921
242 7.76492
243 6.96202
244 6.17246
245 5.39735
246 4.63777
247 3.89487
248 3.16992
249 2.4642
250 1.77899
251 1.11555
252 1.12885
253 1.17931
254 1.13947
255 1.16949
256 1.12667
257 1.14946
258 1.17281
259 1.19324
260 1.21221
261 1.23221
262 1.24225
263 1.25918
264 1.26869
265 1.27282
266 1.27437
267 1.27489
268 1.27505
269 1.27509
270 1.2751
271 1.2751
272 1.27511
273 1.2751
274 1.2751
275 1.2751
276 1.2751
277 1.27508
278 1.27503
279 1.27487
280 1.27444
281 1.27335
282 1.27075
283 1.26509
284 1.25396
285 1.23517
286 1.22153
287 1.19878
288 1.16831
289 1.15411
290 1.3398
291 1.32325
292 1.89962
293 2.46709
294 3.02668
295 3.58212
296 4.13883
297 4.70275
298 5.27941
299 5.87335
300 6.48789
301 7.12523
302 7.78632
303 8.4709
304 9.17577
305 9.89112
306 10.614
307 11.3108
308 11.8574
309 11.998
310 11.9814
311 11.9814
312 11.9814
313 11.9814
314 11.9814
315 11.9814
316 11.9814
317 11.9814
318 11.9814
319 11.9814
320 11.9814
321 11.9814
322 11.9814
323 11.9814
324 11.9814
325 11.9814
326 11.9814
327 11.9814
328 11.9814
329 11.9814
330 11.9814
331 11.9814
332 11.9814
333 11.9814
334 11.9814
335 11.9814
336 11.9814
337 11.9814
338 11.9814
339 11.9814
340 11.9814
341 11.9814
342 11.9814
343 11.9814
344 11.9814
345 11.9814
346 11.9814
347 11.9814
348 11.9814
349 11.9814
350 11.9814
351 11.9814
352 11.9814
353 11.9814
354 11.9814
355 11.9814
356 11.9814
357 11.9814
358 11.9814
359 11.9814
360 11.9814
361 11.9814
362 11.9814
363 11.9814
364 11.9814
365 11.9814
366 11.9814
367 11.9814
368 11.9814
369 11.9814
370 11.9814
371 11.9814
372 11.9814
373 11.9814
374 11.9814
375 11.9814
376 11.9814
377 11.9814
378 11.9814
379 11.9814
380 11.9814
381 11.9814
382 11.9814
383 11.9814
384 11.9814
385 11.9814
386 11.9814
387 11.9814
388 11.9814
389 11.9814
390 11.9814
391 11.9814
392 11.9814
393 11.9814
394 11.9814
395 11.9814
396 11.9814
397 11.9814
398 11.9814
399 11.9814
400 11.9814
401 11.9814
402 11.9814
403 11.9814
404 11.9814
405 11.9814
406 11.9814
407 11.9814
408 11.9814
409 11.9814
410 11.9814
411 11.9814
412 11.9814
413 11.9814
414 11.9814
415 11.9814
416 11.9814
417 11.9814
418 11.9814
419 11.9814
420 11.9814
421 11.9814
422 11.9814
423 11.9814
424 11.9814
425 11.9814
426 11.9814
427 11.9814
428 11.9814
429 11.9814
430 11.9814
431 11.9814
432 11.9814
433 11.9814
434 11.9814
435 11.9814
436 11.9814
437 11.9814
438 11.9814
439 11.9814
440 11.9814
441 11.9814
442 11.9814
443 11.9814
444 11.9814
445 11.9814
446 11.9814
447 11.9814
448 11.9814
449 11.9814
450 11.9814
451 11.9814
452 11.9814
453 11.9814
454 11.9814
455 11.9814
456 11.9814
457 11.9814
458 11.9814
459 11.9814
460 11.9814
461 11.9814
462 11.9814
463 11.9814
464 11.9814
465 11.9814
466 11.9814
467 11.9814
468 11.9814
469 11.9814
470 11.9814
471 11.9814
472 11.9814
473 11.9814
474 11.9814
475 11.9814
476 11.9814
477 11.9814
478 11.9814
479 11.9814
480 11.9814
481 11.9814
482 11.9814
483 11.9814
484 11.9814
485 11.9814
486 11.9814
487 11.9814
488 11.9814
489 11.9814
490 11.9814
491 11.9814
492 11.9814
493 11.9814
494 11.9814
495 11.9814
496 11.9814
497 11.9814
498 11.9814
499 11.9814
500 11.9814
501 11.9814
502 11.9814
503 11.9814
504 11.9814
505 11.9814
506 11.9814
507 11.9814
508 11.9814
509 11.9814
510 11.9814
511 11.9814
512 11.9814
513 11.9814
514 11.9814
515 11.9814
516 11.9814
517 11.9814
518 11.9814
519 11.9814
520 11.9814
521 11.9814
522 11.9814
523 11.9814
524 11.9814
525 11.9814
526 11.9814
527 11.9814
528 11.9814
529 11.9814
530 11.9814
531 11.9814
532 11.9814
533 11.9814
534 11.9814
535 11.9814
536 11.9814
537 11.9814
538 11.9814
539 11.9814
540 11.9814
541 11.9814
542 11.9814
