1 11.9847
2 11.9847
3 11.9847
4 11.9847
5 11.9847
6 11.9847
7 11.9847
8 11.9847
9 11.9847
10 11.9847
11 11.9847
12 11.9847
13 11.9847
14 11.9847
15 11.9847
16 11.9847
17 11.9847
18 11.9847
19 11.9847
20 11.9847
21 11.9847
22 11.9847
23 11.9847
24 11.9847
25 11.9847
26 11.9847
27 11.9847
28 11.9847
29 11.9847
30 11.9847
31 11.9847
32 11.9847
33 11.9847
34 11.9847
35 11.9847
36 11.9847
37 11.9847
38 11.9847
39 11.9847
40 11.9847
41 11.9847
42 11.9847
43 11.9847
44 11.9847
45 11.9847
46 11.9847
47 11.9847
48 11.9847
49 11.9847
50 11.9847
51 11.9847
52 11.9847
53 11.9847
54 11.9847
55 11.9847
56 11.9847
57 11.9847
58 11.9847
59 11.9847
60 11.9847
61 11.9847
62 11.9847
63 11.9847
64 11.9847
65 11.9847
66 11.9847
67 11.9847
68 11.9847
69 11.9847
70 11.9847
71 11.9847
72 11.9847
73 11.9847
74 11.9847
75 11.9847
76 11.9847
77 11.9847
78 11.9847
79 11.9847
80 11.9847
81 11.9847
82 11.9847
83 11.9847
84 11.9847
85 11.9847
86 11.9847
87 11.9847
88 11.9847
89 11.9847
90 11.9847
91 11.9847
92 11.9847
93 11.9847
94 11.9847
95 11.9847
96 11.9847
97 11.9847
98 11.9847
99 11.9847
100 11.9847
101 11.9847
102 11.9847
103 11.9847
104 11.9847
105 11.9847
106 11.9847
107 11.9847
108 11.9847
109 11.9847
110 11.9847
111 11.9847
112 11.9847
113 11.9847
114 11.9847
115 11.9847
116 11.9847
117 11.9847
118 11.9847
119 11.9847
120 11.9847
121 11.9847
122 11.9847
123 11.9847
124 11.9847
125 11.9847
126 11.9847
127 11.9847
128 11.9847
129 11.9847
130 11.9847
131 11.9847
132 11.9847
133 11.9847
134 11.9847
135 11.9847
136 11.9847
137 11.9847
138 11.9847
139 11.9847
140 11.9847
141 11.9847
142 11.9847
143 11.9847
144 11.9847
145 11.9847
146 11.9847
147 11.9847
148 11.9847
149 11.9847
150 11.9847
151 11.9847
152 11.9847
153 11.9847
154 11.9847
155 11.9847
156 11.9847
157 11.9847
158 11.9847
159 11.9847
160 11.9847
161 11.9847
162 11.9847
163 11.9847
164 11.9847
165 11.9847
166 11.9847
167 11.9847
168 11.9847
169 11.9847
170 11.9847
171 11.9847
172 11.9847
173 11.9847
174 11.9847
175 11.9847
176 11.9847
177 11.9847
178 11.9847
179 11.9847
180 11.9847
181 11.9847
182 11.9847
183 11.9847
184 11.9847
185 11.9847
186 11.9847
187 11.9847
188 11.9847
189 11.9847
190 11.9847
191 11.9847
192 11.9847
193 11.9847
194 11.9847
195 11.9847
196 11.9847
197 11.9847
198 11.9847
199 11.9847
200 11.9847
201 11.9847
202 11.9847
203 11.9847
204 11.9847
205 11.9847
206 11.9847
207 11.9847
208 11.9847
209 11.9847
210 11.9847
211 11.9847
212 11.9847
213 11.9847
214 11.9847
215 11.9847
216 11.9847
217 11.9847
218 11.9847
219 11.9847
220 11.9847
221 11.9847
222 11.9847
223 11.9847
224 11.9847
225 11.9847
226 11.9847
227 11.9847
228 11.9847
229 11.9847
230 11.9847
231 11.9847
232 11.9847
233 12
234 11.7264
235 11.0893
236 10.3574
237 9.61289
238 8.87648
239 8.15506
240 7.45041
241 6.76433
242 6.09802
243 5.4526
244 4.82904
245 4.22818
246 3.65079
247 3.09754
248 2.56906
249 2.06591
250 1.58863
251 1.13771
252 1.17519
253 1.22092
254 1.25929
255 1.29043
256 1.3247
257 1.34455
258 1.35309
259 1.36436
260 1.36849
261 1.37375
262 1.38022
263 1.38223
264 1.38279
265 1.38293
266 1.38297
267 1.38298
268 1.38298
269 1.38298
270 1.38298
271 1.38298
272 1.38298
273 1.38298
274 1.38298
275 1.38298
276 1.38298
277 1.38298
278 1.38298
279 1.38297
280 1.38295
281 1.38287
282 1.38257
283 1.3816
284 1.37872
285 1.37096
286 1.36539
287 1.35219
288 1.32615
289 1.29331
290 1.36121
291 1.3335
292 1.81278
293 2.31709
294 2.84414
295 3.39093
296 3.95367
297 4.52771
298 5.10786
299 5.68891
300 6.26648
301 6.83786
302 7.40257
303 7.96237
304 8.52054
305 9.08081
306 9.6469
307 10.2181
308 10.7896
309 11.324
310 11.7576
311 11.9741
312 11.9847
313 11.9847
314 11.9847
315 11.9847
316 11.9847
317 11.9847
318 11.9847
319 11.9847
320 11.9847
321 11.9847
322 11.9847
323 11.9847
324 11.9847
325 11.9847
326 11.9847
327 11.9847
328 11.9847
329 11.9847
330 11.9847
331 11.9847
332 11.9847
333 11.9847
334 11.9847
335 11.9847
336 11.9847
337 11.9847
338 11.9847
339 11.9847
340 11.9847
341 11.9847
342 11.9847
343 11.9847
344 11.9847
345 11.9847
346 11.9847
347 11.9847
348 11.9847
349 11.9847
350 11.9847
351 11.9847
352 11.9847
353 11.9847
354 11.9847
355 11.9847
356 11.9847
357 11.9847
358 11.9847
359 11.9847
360 11.9847
361 11.9847
362 11.9847
363 11.9847
364 11.9847
365 11.9847
366 11.9847
367 11.9847
368 11.9847
369 11.9847
370 11.9847
371 11.9847
372 11.9847
373 11.9847
374 11.9847
375 11.9847
376 11.9847
377 11.9847
378 11.9847
379 11.9847
380 11.9847
381 11.9847
382 11.9847
383 11.9847
384 11.9847
385 11.9847
386 11.9847
387 11.9847
388 11.9847
389 11.9847
390 11.9847
391 11.9847
392 11.9847
393 11.9847
394 11.9847
395 11.9847
396 11.9847
397 11.9847
398 11.9847
399 11.9847
400 11.9847
401 11.9847
402 11.9847
403 11.9847
404 11.9847
405 11.9847
406 11.9847
407 11.9847
408 11.9847
409 11.9847
410 11.9847
411 11.9847
412 11.9847
413 11.9847
414 11.9847
415 11.9847
416 11.9847
417 11.9847
418 11.9847
419 11.9847
420 11.9847
421 11.9847
422 11.9847
423 11.9847
424 11.9847
425 11.9847
426 11.9847
427 11.9847
428 11.9847
429 11.9847
430 11.9847
431 11.9847
432 11.9847
433 11.9847
434 11.9847
435 11.9847
436 11.9847
437 11.9847
438 11.9847
439 11.9847
440 11.9847
441 11.9847
442 11.9847
443 11.9847
444 11.9847
445 11.9847
446 11.9847
447 11.9847
448 11.9847
449 11.9847
450 11.9847
451 11.9847
452 11.9847
453 11.9847
454 11.9847
455 11.9847
456 11.9847
457 11.9847
458 11.9847
459 11.9847
460 11.9847
461 11.9847
462 11.9847
463 11.9847
464 11.9847
465 11.9847
466 11.9847
467 11.9847
468 11.9847
469 11.9847
470 11.9847
471 11.9847
472 11.9847
473 11.9847
474 11.9847
475 11.9847
476 11.9847
477 11.9847
478 11.9847
479 11.9847
480 11.9847
481 11.9847
482 11.9847
483 11.9847
484 11.9847
485 11.9847
486 11.9847
487 11.9847
488 11.9847
489 11.9847
490 11.9847
491 11.9847
492 11.9847
493 11.9847
494 11.9847
495 11.9847
496 11.9847
497 11.9847
498 11.9847
499 11.9847
500 11.9847
501 11.9847
502 11.9847
503 11.9847
504 11.9847
505 11.9847
506 11.9847
507 11.9847
508 11.9847
509 11.9847
510 11.9847
511 11.9847
512 11.9847
513 11.9847
514 11.9847
515 11.9847
516 11.9847
517 11.9847
518 11.9847
519 11.9847
520 11.9847
521 11.9847
522 11.9847
523 11.9847
524 11.9847
525 11.9847
526 11.9847
527 11.9847
528 11.9847
529 11.9847
530 11.9847
531 11.9847
532 11.9847
533 11.9847
534 11.9847
535 11.9847
536 11.9847
537 11.9847
538 11.9847
539 11.9847
540 11.9847
541 11.9847
542 11.9847
