1 11.9273
2 11.9273
3 11.9273
4 11.9273
5 11.9273
6 11.9273
7 11.9273
8 11.9273
9 11.9273
10 11.9273
11 11.9273
12 11.9273
13 11.9273
14 11.9273
15 11.9273
16 11.9273
17 11.9273
18 11.9273
19 11.9273
20 11.9273
21 11.9273
22 11.9273
23 11.9273
24 11.9273
25 11.9273
26 11.9273
27 11.9273
28 11.9273
29 11.9273
30 11.9273
31 11.9273
32 11.9273
33 11.9273
34 11.9273
35 11.9273
36 11.9273
37 11.9273
38 11.9273
39 11.9273
40 11.9273
41 11.9273
42 11.9273
43 11.9273
44 11.9273
45 11.9273
46 11.9273
47 11.9273
48 11.9273
49 11.9273
50 11.9273
51 11.9273
52 11.9273
53 11.9273
54 11.9273
55 11.9273
56 11.9273
57 11.9273
58 11.9273
59 11.9273
60 11.9273
61 11.9273
62 11.9273
63 11.9273
64 11.9273
65 11.9273
66 11.9273
67 11.9273
68 11.9273
69 11.9273
70 11.9273
71 11.9273
72 11.9273
73 11.9273
74 11.9273
75 11.9273
76 11.9273
77 11.9273
78 11.9273
79 11.9273
80 11.9273
81 11.9273
82 11.9273
83 11.9273
84 11.9273
85 11.9273
86 11.9273
87 11.9273
88 11.9273
89 11.9273
90 11.9273
91 11.9273
92 11.9273
93 11.9273
94 11.9273
95 11.9273
96 11.9273
97 11.9273
98 11.9273
99 11.9273
100 11.9273
101 11.9273
102 11.9273
103 11.9273
104 11.9273
105 11.9273
106 11.9273
107 11.9273
108 11.9273
109 11.9273
110 11.9273
111 11.9273
112 11.9273
113 11.9273
114 11.9273
115 11.9273
116 11.9273
117 11.9273
118 11.9273
119 11.9273
120 11.9273
121 11.9273
122 11.9273
123 11.9273
124 11.9273
125 11.9273
126 11.9273
127 11.9273
128 11.9273
129 11.9273
130 11.9273
131 11.9273
132 11.9273
133 11.9273
134 11.9273
135 11.9273
136 11.9273
137 11.9273
138 11.9273
139 11.9273
140 11.9273
141 11.9273
142 11.9273
143 11.9273
144 11.9273
145 11.9273
146 11.9273
147 11.9273
148 11.9273
149 11.9273
150 11.9273
151 11.9273
152 11.9273
153 11.9273
154 11.9273
155 11.9273
156 11.9273
157 11.9273
158 11.9273
159 11.9273
160 11.9273
161 11.9273
162 11.9273
163 11.9273
164 11.9273
165 11.9273
166 11.9273
167 11.9273
168 11.9273
169 11.9273
170 11.9273
171 11.9273
172 11.9273
173 11.9273
174 11.9273
175 11.9273
176 11.9273
177 11.9273
178 11.9273
179 11.9273
180 11.9273
181 11.9273
182 11.9273
183 11.9273
184 11.9273
185 11.9273
186 11.9273
187 11.9273
188 11.9273
189 11.9273
190 11.9273
191 11.9273
192 11.9273
193 11.9273
194 11.9273
195 11.9273
196 11.9273
197 11.9273
198 11.9273
199 11.9273
200 11.9273
201 11.9273
202 11.9273
203 11.9273
204 11.9273
205 11.9273
206 11.9273
207 11.9273
208 11.9273
209 11.9273
210 11.9273
211 11.9273
212 11.9273
213 11.9273
214 11.9273
215 11.9273
216 11.9273
217 11.9273
218 11.9273
219 11.9273
220 11.9273
221 11.9273
222 11.9273
223 11.9273
224 11.9273
225 11.9273
226 11.9273
227 11.9273
228 11.9273
229 11.9273
230 11.9273
231 11.9273
232 11.9273
233 11.9273
234 11.9273
235 11.9273
236 11.9273
237 11.9273
238 11.9273
239 11.9273
240 11.9463
241 12
242 11.8974
243 11.3802
244 10.5586
245 9.64307
246 8.72128
247 7.821
248 6.95412
249 6.12519
250 5.33406
251 4.57641
252 4.58731
253 4.64852
254 4.46796
255 4.4646
256 4.07518
257 3.99711
258 3.97926
259 3.57078
260 3.4554
261 2.8243
262 1.79383
263 1.68104
264 1.67259
265 1.69176
266 1.71792
267 1.7432
268 1.76415
269 1.77906
270 1.78683
271 1.78629
272 1.79736
273 1.80082
274 1.81133
275 1.79858
276 1.80582
277 1.81285
278 1.81418
279 1.80914
280 1.79885
281 1.78566
282 1.77415
283 1.77358
284 1.80436
285 1.92158
286 1.90262
287 1.88782
288 1.88741
289 1.94256
290 2.39494
291 2.39864
292 3.12881
293 3.8457
294 4.56871
295 5.31132
296 6.08106
297 6.88163
298 7.71551
299 8.58784
300 9.51146
301 10.4978
302 11.4395
303 11.9278
304 11.9524
305 11.9273
306 11.9273
307 11.9273
308 11.9273
309 11.9273
310 11.9273
311 11.9273
312 11.9273
313 11.9273
314 11.9273
315 11.9273
316 11.9273
317 11.9273
318 11.9273
319 11.9273
320 11.9273
321 11.9273
322 11.9273
323 11.9273
324 11.9273
325 11.9273
326 11.9273
327 11.9273
328 11.9273
329 11.9273
330 11.9273
331 11.9273
332 11.9273
333 11.9273
334 11.9273
335 11.9273
336 11.9273
337 11.9273
338 11.9273
339 11.9273
340 11.9273
341 11.9273
342 11.9273
343 11.9273
344 11.9273
345 11.9273
346 11.9273
347 11.9273
348 11.9273
349 11.9273
350 11.9273
351 11.9273
352 11.9273
353 11.9273
354 11.9273
355 11.9273
356 11.9273
357 11.9273
358 11.9273
359 11.9273
360 11.9273
361 11.9273
362 11.9273
363 11.9273
364 11.9273
365 11.9273
366 11.9273
367 11.9273
368 11.9273
369 11.9273
370 11.9273
371 11.9273
372 11.9273
373 11.9273
374 11.9273
375 11.9273
376 11.9273
377 11.9273
378 11.9273
379 11.9273
380 11.9273
381 11.9273
382 11.9273
383 11.9273
384 11.9273
385 11.9273
386 11.9273
387 11.9273
388 11.9273
389 11.9273
390 11.9273
391 11.9273
392 11.9273
393 11.9273
394 11.9273
395 11.9273
396 11.9273
397 11.9273
398 11.9273
399 11.9273
400 11.9273
401 11.9273
402 11.9273
403 11.9273
404 11.9273
405 11.9273
406 11.9273
407 11.9273
408 11.9273
409 11.9273
410 11.9273
411 11.9273
412 11.9273
413 11.9273
414 11.9273
415 11.9273
416 11.9273
417 11.9273
418 11.9273
419 11.9273
420 11.9273
421 11.9273
422 11.9273
423 11.9273
424 11.9273
425 11.9273
426 11.9273
427 11.9273
428 11.9273
429 11.9273
430 11.9273
431 11.9273
432 11.9273
433 11.9273
434 11.9273
435 11.9273
436 11.9273
437 11.9273
438 11.9273
439 11.9273
440 11.9273
441 11.9273
442 11.9273
443 11.9273
444 11.9273
445 11.9273
446 11.9273
447 11.9273
448 11.9273
449 11.9273
450 11.9273
451 11.9273
452 11.9273
453 11.9273
454 11.9273
455 11.9273
456 11.9273
457 11.9273
458 11.9273
459 11.9273
460 11.9273
461 11.9273
462 11.9273
463 11.9273
464 11.9273
465 11.9273
466 11.9273
467 11.9273
468 11.9273
469 11.9273
470 11.9273
471 11.9273
472 11.9273
473 11.9273
474 11.9273
475 11.9273
476 11.9273
477 11.9273
478 11.9273
479 11.9273
480 11.9273
481 11.9273
482 11.9273
483 11.9273
484 11.9273
485 11.9273
486 11.9273
487 11.9273
488 11.9273
489 11.9273
490 11.9273
491 11.9273
492 11.9273
493 11.9273
494 11.9273
495 11.9273
496 11.9273
497 11.9273
498 11.9273
499 11.9273
500 11.9273
501 11.9273
502 11.9273
503 11.9273
504 11.9273
505 11.9273
506 11.9273
507 11.9273
508 11.9273
509 11.9273
510 11.9273
511 11.9273
512 11.9273
513 11.9273
514 11.9273
515 11.9273
516 11.9273
517 11.9273
518 11.9273
519 11.9273
520 11.9273
521 11.9273
522 11.9273
523 11.9273
524 11.9273
525 11.9273
526 11.9273
527 11.9273
528 11.9273
529 11.9273
530 11.9273
531 11.9273
532 11.9273
533 11.9273
534 11.9273
535 11.9273
536 11.9273
537 11.9273
538 11.9273
539 11.9273
540 11.9273
541 11.9273
542 11.9273
