1 11.9424
2 11.9424
3 11.9424
4 11.9424
5 11.9424
6 11.9424
7 11.9424
8 11.9424
9 11.9424
10 11.9424
11 11.9424
12 11.9424
13 11.9424
14 11.9424
15 11.9424
16 11.9424
17 11.9424
18 11.9424
19 11.9424
20 11.9424
21 11.9424
22 11.9424
23 11.9424
24 11.9424
25 11.9424
26 11.9424
27 11.9424
28 11.9424
29 11.9424
30 11.9424
31 11.9424
32 11.9424
33 11.9424
34 11.9424
35 11.9424
36 11.9424
37 11.9424
38 11.9424
39 11.9424
40 11.9424
41 11.9424
42 11.9424
43 11.9424
44 11.9424
45 11.9424
46 11.9424
47 11.9424
48 11.9424
49 11.9424
50 11.9424
51 11.9424
52 11.9424
53 11.9424
54 11.9424
55 11.9424
56 11.9424
57 11.9424
58 11.9424
59 11.9424
60 11.9424
61 11.9424
62 11.9424
63 11.9424
64 11.9424
65 11.9424
66 11.9424
67 11.9424
68 11.9424
69 11.9424
70 11.9424
71 11.9424
72 11.9424
73 11.9424
74 11.9424
75 11.9424
76 11.9424
77 11.9424
78 11.9424
79 11.9424
80 11.9424
81 11.9424
82 11.9424
83 11.9424
84 11.9424
85 11.9424
86 11.9424
87 11.9424
88 11.9424
89 11.9424
90 11.9424
91 11.9424
92 11.9424
93 11.9424
94 11.9424
95 11.9424
96 11.9424
97 11.9424
98 11.9424
99 11.9424
100 11.9424
101 11.9424
102 11.9424
103 11.9424
104 11.9424
105 11.9424
106 11.9424
107 11.9424
108 11.9424
109 11.9424
110 11.9424
111 11.9424
112 11.9424
113 11.9424
114 11.9424
115 11.9424
116 11.9424
117 11.9424
118 11.9424
119 11.9424
120 11.9424
121 11.9424
122 11.9424
123 11.9424
124 11.9424
125 11.9424
126 11.9424
127 11.9424
128 11.9424
129 11.9424
130 11.9424
131 11.9424
132 11.9424
133 11.9424
134 11.9424
135 11.9424
136 11.9424
137 11.9424
138 11.9424
139 11.9424
140 11.9424
141 11.9424
142 11.9424
143 11.9424
144 11.9424
145 11.9424
146 11.9424
147 11.9424
148 11.9424
149 11.9424
150 11.9424
151 11.9424
152 11.9424
153 11.9424
154 11.9424
155 11.9424
156 11.9424
157 11.9424
158 11.9424
159 11.9424
160 11.9424
161 11.9424
162 11.9424
163 11.9424
164 11.9424
165 11.9424
166 11.9424
167 11.9424
168 11.9424
169 11.9424
170 11.9424
171 11.9424
172 11.9424
173 11.9424
174 11.9424
175 11.9424
176 11.9424
177 11.9424
178 11.9424
179 11.9424
180 11.9424
181 11.9424
182 11.9424
183 11.9424
184 11.9424
185 11.9424
186 11.9424
187 11.9424
188 11.9424
189 11.9424
190 11.9424
191 11.9424
192 11.9424
193 11.9424
194 11.9424
195 11.9424
196 11.9424
197 11.9424
198 11.9424
199 11.9424
200 11.9424
201 11.9424
202 11.9424
203 11.9424
204 11.9424
205 11.9424
206 11.9424
207 11.9424
208 11.9424
209 11.9424
210 11.9424
211 11.9424
212 11.9424
213 11.9424
214 11.9424
215 11.9424
216 11.9424
217 11.9424
218 11.9424
219 11.9424
220 11.9424
221 11.9424
222 11.9424
223 11.9424
224 11.9424
225 11.9424
226 11.9424
227 11.9424
228 11.9424
229 11.9424
230 11.9424
231 11.9424
232 11.9424
233 11.9424
234 11.9424
235 11.9424
236 11.9424
237 11.9424
238 11.9424
239 11.9424
240 11.9424
241 11.9424
242 11.9424
243 11.9914
244 11.9881
245 11.6357
246 10.9616
247 10.1408
248 9.2527
249 8.34346
250 7.44423
251 6.57411
252 6.54437
253 6.58023
254 6.34468
255 6.33723
256 6.02009
257 5.99565
258 6.01824
259 5.79062
260 5.73231
261 5.21221
262 4.19052
263 4.04988
264 4.01976
265 4.0235
266 4.03949
267 4.05846
268 4.07521
269 4.08623
270 4.08907
271 4.08313
272 4.08773
273 4.08806
274 4.07593
275 3.93707
276 3.90692
277 3.90507
278 3.90719
279 3.90574
280 3.89966
281 3.89084
282 3.88285
283 3.8813
284 3.89671
285 3.95683
286 3.92225
287 3.88064
288 3.83981
289 3.83942
290 4.19902
291 4.18452
292 4.92729
293 5.69928
294 6.50299
295 7.33882
296 8.20685
297 9.10857
298 10.0451
299 10.9964
300 11.7828
301 12
302 11.9424
303 11.9424
304 11.9424
305 11.9424
306 11.9424
307 11.9424
308 11.9424
309 11.9424
310 11.9424
311 11.9424
312 11.9424
313 11.9424
314 11.9424
315 11.9424
316 11.9424
317 11.9424
318 11.9424
319 11.9424
320 11.9424
321 11.9424
322 11.9424
323 11.9424
324 11.9424
325 11.9424
326 11.9424
327 11.9424
328 11.9424
329 11.9424
330 11.9424
331 11.9424
332 11.9424
333 11.9424
334 11.9424
335 11.9424
336 11.9424
337 11.9424
338 11.9424
339 11.9424
340 11.9424
341 11.9424
342 11.9424
343 11.9424
344 11.9424
345 11.9424
346 11.9424
347 11.9424
348 11.9424
349 11.9424
350 11.9424
351 11.9424
352 11.9424
353 11.9424
354 11.9424
355 11.9424
356 11.9424
357 11.9424
358 11.9424
359 11.9424
360 11.9424
361 11.9424
362 11.9424
363 11.9424
364 11.9424
365 11.9424
366 11.9424
367 11.9424
368 11.9424
369 11.9424
370 11.9424
371 11.9424
372 11.9424
373 11.9424
374 11.9424
375 11.9424
376 11.9424
377 11.9424
378 11.9424
379 11.9424
380 11.9424
381 11.9424
382 11.9424
383 11.9424
384 11.9424
385 11.9424
386 11.9424
387 11.9424
388 11.9424
389 11.9424
390 11.9424
391 11.9424
392 11.9424
393 11.9424
394 11.9424
395 11.9424
396 11.9424
397 11.9424
398 11.9424
399 11.9424
400 11.9424
401 11.9424
402 11.9424
403 11.9424
404 11.9424
405 11.9424
406 11.9424
407 11.9424
408 11.9424
409 11.9424
410 11.9424
411 11.9424
412 11.9424
413 11.9424
414 11.9424
415 11.9424
416 11.9424
417 11.9424
418 11.9424
419 11.9424
420 11.9424
421 11.9424
422 11.9424
423 11.9424
424 11.9424
425 11.9424
426 11.9424
427 11.9424
428 11.9424
429 11.9424
430 11.9424
431 11.9424
432 11.9424
433 11.9424
434 11.9424
435 11.9424
436 11.9424
437 11.9424
438 11.9424
439 11.9424
440 11.9424
441 11.9424
442 11.9424
443 11.9424
444 11.9424
445 11.9424
446 11.9424
447 11.9424
448 11.9424
449 11.9424
450 11.9424
451 11.9424
452 11.9424
453 11.9424
454 11.9424
455 11.9424
456 11.9424
457 11.9424
458 11.9424
459 11.9424
460 11.9424
461 11.9424
462 11.9424
463 11.9424
464 11.9424
465 11.9424
466 11.9424
467 11.9424
468 11.9424
469 11.9424
470 11.9424
471 11.9424
472 11.9424
473 11.9424
474 11.9424
475 11.9424
476 11.9424
477 11.9424
478 11.9424
479 11.9424
480 11.9424
481 11.9424
482 11.9424
483 11.9424
484 11.9424
485 11.9424
486 11.9424
487 11.9424
488 11.9424
489 11.9424
490 11.9424
491 11.9424
492 11.9424
493 11.9424
494 11.9424
495 11.9424
496 11.9424
497 11.9424
498 11.9424
499 11.9424
500 11.9424
501 11.9424
502 11.9424
503 11.9424
504 11.9424
505 11.9424
506 11.9424
507 11.9424
508 11.9424
509 11.9424
510 11.9424
511 11.9424
512 11.9424
513 11.9424
514 11.9424
515 11.9424
516 11.9424
517 11.9424
518 11.9424
519 11.9424
520 11.9424
521 11.9424
522 11.9424
523 11.9424
524 11.9424
525 11.9424
526 11.9424
527 11.9424
528 11.9424
529 11.9424
530 11.9424
531 11.9424
532 11.9424
533 11.9424
534 11.9424
535 11.9424
536 11.9424
537 11.9424
538 11.9424
539 11.9424
540 11.9424
541 11.9424
542 11.9424
