1 11.9785
2 11.9785
3 11.9785
4 11.9785
5 11.9785
6 11.9785
7 11.9785
8 11.9785
9 11.9785
10 11.9785
11 11.9785
12 11.9785
13 11.9785
14 11.9785
15 11.9785
16 11.9785
17 11.9785
18 11.9785
19 11.9785
20 11.9785
21 11.9785
22 11.9785
23 11.9785
24 11.9785
25 11.9785
26 11.9785
27 11.9785
28 11.9785
29 11.9785
30 11.9785
31 11.9785
32 11.9785
33 11.9785
34 11.9785
35 11.9785
36 11.9785
37 11.9785
38 11.9785
39 11.9785
40 11.9785
41 11.9785
42 11.9785
43 11.9785
44 11.9785
45 11.9785
46 11.9785
47 11.9785
48 11.9785
49 11.9785
50 11.9785
51 11.9785
52 11.9785
53 11.9785
54 11.9785
55 11.9785
56 11.9785
57 11.9785
58 11.9785
59 11.9785
60 11.9785
61 11.9785
62 11.9785
63 11.9785
64 11.9785
65 11.9785
66 11.9785
67 11.9785
68 11.9785
69 11.9785
70 11.9785
71 11.9785
72 11.9785
73 11.9785
74 11.9785
75 11.9785
76 11.9785
77 11.9785
78 11.9785
79 11.9785
80 11.9785
81 11.9785
82 11.9785
83 11.9785
84 11.9785
85 11.9785
86 11.9785
87 11.9785
88 11.9785
89 11.9785
90 11.9785
91 11.9785
92 11.9785
93 11.9785
94 11.9785
95 11.9785
96 11.9785
97 11.9785
98 11.9785
99 11.9785
100 11.9785
101 11.9785
102 11.9785
103 11.9785
104 11.9785
105 11.9785
106 11.9785
107 11.9785
108 11.9785
109 11.9785
110 11.9785
111 11.9785
112 11.9785
113 11.9785
114 11.9785
115 11.9785
116 11.9785
117 11.9785
118 11.9785
119 11.9785
120 11.9785
121 11.9785
122 11.9785
123 11.9785
124 11.9785
125 11.9785
126 11.9785
127 11.9785
128 11.9785
129 11.9785
130 11.9785
131 11.9785
132 11.9785
133 11.9785
134 11.9785
135 11.9785
136 11.9785
137 11.9785
138 11.9785
139 11.9785
140 11.9785
141 11.9785
142 11.9785
143 11.9785
144 11.9785
145 11.9785
146 11.9785
147 11.9785
148 11.9785
149 11.9785
150 11.9785
151 11.9785
152 11.9785
153 11.9785
154 11.9785
155 11.9785
156 11.9785
157 11.9785
158 11.9785
159 11.9785
160 11.9785
161 11.9785
162 11.9785
163 11.9785
164 11.9785
165 11.9785
166 11.9785
167 11.9785
168 11.9785
169 11.9785
170 11.9785
171 11.9785
172 11.9785
173 11.9785
174 11.9785
175 11.9785
176 11.9785
177 11.9785
178 11.9785
179 11.9785
180 11.9785
181 11.9785
182 11.9785
183 11.9785
184 11.9785
185 11.9785
186 11.9785
187 11.9785
188 11.9785
189 11.9785
190 11.9785
191 11.9785
192 11.9785
193 11.9785
194 11.9785
195 11.9785
196 11.9785
197 11.9785
198 11.9785
199 11.9785
200 11.9785
201 11.9785
202 11.9785
203 11.9785
204 11.9785
205 11.9785
206 11.9785
207 11.9785
208 11.9785
209 11.9785
210 11.9785
211 11.9785
212 11.9785
213 11.9785
214 11.9785
215 11.9785
216 11.9785
217 11.9785
218 11.9785
219 11.9785
220 11.9785
221 11.9785
222 11.9785
223 11.9785
224 11.9785
225 11.9785
226 11.9785
227 11.9785
228 11.9785
229 11.9785
230 11.9785
231 11.9785
232 11.9785
233 11.9785
234 11.9785
235 11.9785
236 11.9785
237 11.9785
238 11.9785
239 11.9785
240 12
241 11.6904
242 11.0729
243 10.4902
244 9.83572
245 9.1363
246 8.40555
247 7.63786
248 6.82359
249 5.9606
250 5.05919
251 4.1374
252 4.07407
253 4.07897
254 3.67007
255 3.593
256 3.04911
257 2.95845
258 2.95118
259 2.64445
260 2.58469
261 2.16919
262 1.36134
263 1.28008
264 1.289
265 1.31523
266 1.34043
267 1.35968
268 1.37266
269 1.38051
270 1.38462
271 1.38594
272 1.38999
273 1.3911
274 1.39457
275 1.40092
276 1.40342
277 1.40363
278 1.40209
279 1.39852
280 1.39191
281 1.38058
282 1.36255
283 1.3365
284 1.30471
285 1.28123
286 1.24794
287 1.20942
288 1.17864
289 1.20489
290 1.65127
291 1.67883
292 2.52633
293 3.39822
294 4.28512
295 5.17223
296 6.04123
297 6.87554
298 7.66699
299 8.41863
300 9.13991
301 9.83896
302 10.5038
303 11.0754
304 11.6722
305 12
306 11.9785
307 11.9785
308 11.9785
309 11.9785
310 11.9785
311 11.9785
312 11.9785
313 11.9785
314 11.9785
315 11.9785
316 11.9785
317 11.9785
318 11.9785
319 11.9785
320 11.9785
321 11.9785
322 11.9785
323 11.9785
324 11.9785
325 11.9785
326 11.9785
327 11.9785
328 11.9785
329 11.9785
330 11.9785
331 11.9785
332 11.9785
333 11.9785
334 11.9785
335 11.9785
336 11.9785
337 11.9785
338 11.9785
339 11.9785
340 11.9785
341 11.9785
342 11.9785
343 11.9785
344 11.9785
345 11.9785
346 11.9785
347 11.9785
348 11.9785
349 11.9785
350 11.9785
351 11.9785
352 11.9785
353 11.9785
354 11.9785
355 11.9785
356 11.9785
357 11.9785
358 11.9785
359 11.9785
360 11.9785
361 11.9785
362 11.9785
363 11.9785
364 11.9785
365 11.9785
366 11.9785
367 11.9785
368 11.9785
369 11.9785
370 11.9785
371 11.9785
372 11.9785
373 11.9785
374 11.9785
375 11.9785
376 11.9785
377 11.9785
378 11.9785
379 11.9785
380 11.9785
381 11.9785
382 11.9785
383 11.9785
384 11.9785
385 11.9785
386 11.9785
387 11.9785
388 11.9785
389 11.9785
390 11.9785
391 11.9785
392 11.9785
393 11.9785
394 11.9785
395 11.9785
396 11.9785
397 11.9785
398 11.9785
399 11.9785
400 11.9785
401 11.9785
402 11.9785
403 11.9785
404 11.9785
405 11.9785
406 11.9785
407 11.9785
408 11.9785
409 11.9785
410 11.9785
411 11.9785
412 11.9785
413 11.9785
414 11.9785
415 11.9785
416 11.9785
417 11.9785
418 11.9785
419 11.9785
420 11.9785
421 11.9785
422 11.9785
423 11.9785
424 11.9785
425 11.9785
426 11.9785
427 11.9785
428 11.9785
429 11.9785
430 11.9785
431 11.9785
432 11.9785
433 11.9785
434 11.9785
435 11.9785
436 11.9785
437 11.9785
438 11.9785
439 11.9785
440 11.9785
441 11.9785
442 11.9785
443 11.9785
444 11.9785
445 11.9785
446 11.9785
447 11.9785
448 11.9785
449 11.9785
450 11.9785
451 11.9785
452 11.9785
453 11.9785
454 11.9785
455 11.9785
456 11.9785
457 11.9785
458 11.9785
459 11.9785
460 11.9785
461 11.9785
462 11.9785
463 11.9785
464 11.9785
465 11.9785
466 11.9785
467 11.9785
468 11.9785
469 11.9785
470 11.9785
471 11.9785
472 11.9785
473 11.9785
474 11.9785
475 11.9785
476 11.9785
477 11.9785
478 11.9785
479 11.9785
480 11.9785
481 11.9785
482 11.9785
483 11.9785
484 11.9785
485 11.9785
486 11.9785
487 11.9785
488 11.9785
489 11.9785
490 11.9785
491 11.9785
492 11.9785
493 11.9785
494 11.9785
495 11.9785
496 11.9785
497 11.9785
498 11.9785
499 11.9785
500 11.9785
501 11.9785
502 11.9785
503 11.9785
504 11.9785
505 11.9785
506 11.9785
507 11.9785
508 11.9785
509 11.9785
510 11.9785
511 11.9785
512 11.9785
513 11.9785
514 11.9785
515 11.9785
516 11.9785
517 11.9785
518 11.9785
519 11.9785
520 11.9785
521 11.9785
522 11.9785
523 11.9785
524 11.9785
525 11.9785
526 11.9785
527 11.9785
528 11.9785
529 11.9785
530 11.9785
531 11.9785
532 11.9785
533 11.9785
534 11.9785
535 11.9785
536 11.9785
537 11.9785
538 11.9785
539 11.9785
540 11.9785
541 11.9785
542 11.9785
