1 11.9416
2 11.9416
3 11.9416
4 11.9416
5 11.9416
6 11.9416
7 11.9416
8 11.9416
9 11.9416
10 11.9416
11 11.9416
12 11.9416
13 11.9416
14 11.9416
15 11.9416
16 11.9416
17 11.9416
18 11.9416
19 11.9416
20 11.9416
21 11.9416
22 11.9416
23 11.9416
24 11.9416
25 11.9416
26 11.9416
27 11.9416
28 11.9416
29 11.9416
30 11.9416
31 11.9416
32 11.9416
33 11.9416
34 11.9416
35 11.9416
36 11.9416
37 11.9416
38 11.9416
39 11.9416
40 11.9416
41 11.9416
42 11.9416
43 11.9416
44 11.9416
45 11.9416
46 11.9416
47 11.9416
48 11.9416
49 11.9416
50 11.9416
51 11.9416
52 11.9416
53 11.9416
54 11.9416
55 11.9416
56 11.9416
57 11.9416
58 11.9416
59 11.9416
60 11.9416
61 11.9416
62 11.9416
63 11.9416
64 11.9416
65 11.9416
66 11.9416
67 11.9416
68 11.9416
69 11.9416
70 11.9416
71 11.9416
72 11.9416
73 11.9416
74 11.9416
75 11.9416
76 11.9416
77 11.9416
78 11.9416
79 11.9416
80 11.9416
81 11.9416
82 11.9416
83 11.9416
84 11.9416
85 11.9416
86 11.9416
87 11.9416
88 11.9416
89 11.9416
90 11.9416
91 11.9416
92 11.9416
93 11.9416
94 11.9416
95 11.9416
96 11.9416
97 11.9416
98 11.9416
99 11.9416
100 11.9416
101 11.9416
102 11.9416
103 11.9416
104 11.9416
105 11.9416
106 11.9416
107 11.9416
108 11.9416
109 11.9416
110 11.9416
111 11.9416
112 11.9416
113 11.9416
114 11.9416
115 11.9416
116 11.9416
117 11.9416
118 11.9416
119 11.9416
120 11.9416
121 11.9416
122 11.9416
123 11.9416
124 11.9416
125 11.9416
126 11.9416
127 11.9416
128 11.9416
129 11.9416
130 11.9416
131 11.9416
132 11.9416
133 11.9416
134 11.9416
135 11.9416
136 11.9416
137 11.9416
138 11.9416
139 11.9416
140 11.9416
141 11.9416
142 11.9416
143 11.9416
144 11.9416
145 11.9416
146 11.9416
147 11.9416
148 11.9416
149 11.9416
150 11.9416
151 11.9416
152 11.9416
153 11.9416
154 11.9416
155 11.9416
156 11.9416
157 11.9416
158 11.9416
159 11.9416
160 11.9416
161 11.9416
162 11.9416
163 11.9416
164 11.9416
165 11.9416
166 11.9416
167 11.9416
168 11.9416
169 11.9416
170 11.9416
171 11.9416
172 11.9416
173 11.9416
174 11.9416
175 11.9416
176 11.9416
177 11.9416
178 11.9416
179 11.9416
180 11.9416
181 11.9416
182 11.9416
183 11.9416
184 11.9416
185 11.9416
186 11.9416
187 11.9416
188 11.9416
189 11.9416
190 11.9416
191 11.9416
192 11.9416
193 11.9416
194 11.9416
195 11.9416
196 11.9416
197 11.9416
198 11.9416
199 11.9416
200 11.9416
201 11.9416
202 11.9416
203 11.9416
204 11.9416
205 11.9416
206 11.9416
207 11.9416
208 11.9416
209 11.9416
210 11.9416
211 11.9416
212 11.9416
213 11.9416
214 11.9416
215 11.9416
216 11.9416
217 11.9416
218 11.9416
219 11.9416
220 11.9416
221 11.9416
222 11.9416
223 11.9416
224 11.9416
225 11.9416
226 11.9416
227 11.9416
228 11.9416
229 11.9416
230 11.9416
231 11.9416
232 11.9416
233 11.9416
234 11.9416
235 11.9416
236 11.9416
237 11.9416
238 11.9416
239 11.9416
240 11.9416
241 11.9416
242 11.9416
243 11.9416
244 11.9416
245 11.9416
246 11.9416
247 12
248 11.978
249 11.5982
250 11.15
251 10.6166
252 10.6492
253 10.7421
254 10.5573
255 10.5336
256 10.0541
257 9.93511
258 9.89987
259 9.52537
260 9.43584
261 8.99735
262 8.22824
263 8.18698
264 8.22083
265 8.26181
266 8.29372
267 8.31426
268 8.32966
269 8.35903
270 8.45639
271 8.82969
272 8.8772
273 9.04947
274 8.76846
275 7.92757
276 7.77324
277 7.73556
278 7.72997
279 7.73076
280 7.72758
281 7.71629
282 7.69721
283 7.67648
284 7.67224
285 7.7392
286 7.71588
287 7.69504
288 7.69482
289 7.77259
290 8.40455
291 8.47554
292 9.4294
293 10.3776
294 11.2721
295 11.9725
296 11.9416
297 11.9416
298 11.9416
299 11.9416
300 11.9416
301 11.9416
302 11.9416
303 11.9416
304 11.9416
305 11.9416
306 11.9416
307 11.9416
308 11.9416
309 11.9416
310 11.9416
311 11.9416
312 11.9416
313 11.9416
314 11.9416
315 11.9416
316 11.9416
317 11.9416
318 11.9416
319 11.9416
320 11.9416
321 11.9416
322 11.9416
323 11.9416
324 11.9416
325 11.9416
326 11.9416
327 11.9416
328 11.9416
329 11.9416
330 11.9416
331 11.9416
332 11.9416
333 11.9416
334 11.9416
335 11.9416
336 11.9416
337 11.9416
338 11.9416
339 11.9416
340 11.9416
341 11.9416
342 11.9416
343 11.9416
344 11.9416
345 11.9416
346 11.9416
347 11.9416
348 11.9416
349 11.9416
350 11.9416
351 11.9416
352 11.9416
353 11.9416
354 11.9416
355 11.9416
356 11.9416
357 11.9416
358 11.9416
359 11.9416
360 11.9416
361 11.9416
362 11.9416
363 11.9416
364 11.9416
365 11.9416
366 11.9416
367 11.9416
368 11.9416
369 11.9416
370 11.9416
371 11.9416
372 11.9416
373 11.9416
374 11.9416
375 11.9416
376 11.9416
377 11.9416
378 11.9416
379 11.9416
380 11.9416
381 11.9416
382 11.9416
383 11.9416
384 11.9416
385 11.9416
386 11.9416
387 11.9416
388 11.9416
389 11.9416
390 11.9416
391 11.9416
392 11.9416
393 11.9416
394 11.9416
395 11.9416
396 11.9416
397 11.9416
398 11.9416
399 11.9416
400 11.9416
401 11.9416
402 11.9416
403 11.9416
404 11.9416
405 11.9416
406 11.9416
407 11.9416
408 11.9416
409 11.9416
410 11.9416
411 11.9416
412 11.9416
413 11.9416
414 11.9416
415 11.9416
416 11.9416
417 11.9416
418 11.9416
419 11.9416
420 11.9416
421 11.9416
422 11.9416
423 11.9416
424 11.9416
425 11.9416
426 11.9416
427 11.9416
428 11.9416
429 11.9416
430 11.9416
431 11.9416
432 11.9416
433 11.9416
434 11.9416
435 11.9416
436 11.9416
437 11.9416
438 11.9416
439 11.9416
440 11.9416
441 11.9416
442 11.9416
443 11.9416
444 11.9416
445 11.9416
446 11.9416
447 11.9416
448 11.9416
449 11.9416
450 11.9416
451 11.9416
452 11.9416
453 11.9416
454 11.9416
455 11.9416
456 11.9416
457 11.9416
458 11.9416
459 11.9416
460 11.9416
461 11.9416
462 11.9416
463 11.9416
464 11.9416
465 11.9416
466 11.9416
467 11.9416
468 11.9416
469 11.9416
470 11.9416
471 11.9416
472 11.9416
473 11.9416
474 11.9416
475 11.9416
476 11.9416
477 11.9416
478 11.9416
479 11.9416
480 11.9416
481 11.9416
482 11.9416
483 11.9416
484 11.9416
485 11.9416
486 11.9416
487 11.9416
488 11.9416
489 11.9416
490 11.9416
491 11.9416
492 11.9416
493 11.9416
494 11.9416
495 11.9416
496 11.9416
497 11.9416
498 11.9416
499 11.9416
500 11.9416
501 11.9416
502 11.9416
503 11.9416
504 11.9416
505 11.9416
506 11.9416
507 11.9416
508 11.9416
509 11.9416
510 11.9416
511 11.9416
512 11.9416
513 11.9416
514 11.9416
515 11.9416
516 11.9416
517 11.9416
518 11.9416
519 11.9416
520 11.9416
521 11.9416
522 11.9416
523 11.9416
524 11.9416
525 11.9416
526 11.9416
527 11.9416
528 11.9416
529 11.9416
530 11.9416
531 11.9416
532 11.9416
533 11.9416
534 11.9416
535 11.9416
536 11.9416
537 11.9416
538 11.9416
539 11.9416
540 11.9416
541 11.9416
542 11.9416
