1 11.9764
2 11.9764
3 11.9764
4 11.9764
5 11.9764
6 11.9764
7 11.9764
8 11.9764
9 11.9764
10 11.9764
11 11.9764
12 11.9764
13 11.9764
14 11.9764
15 11.9764
16 11.9764
17 11.9764
18 11.9764
19 11.9764
20 11.9764
21 11.9764
22 11.9764
23 11.9764
24 11.9764
25 11.9764
26 11.9764
27 11.9764
28 11.9764
29 11.9764
30 11.9764
31 11.9764
32 11.9764
33 11.9764
34 11.9764
35 11.9764
36 11.9764
37 11.9764
38 11.9764
39 11.9764
40 11.9764
41 11.9764
42 11.9764
43 11.9764
44 11.9764
45 11.9764
46 11.9764
47 11.9764
48 11.9764
49 11.9764
50 11.9764
51 11.9764
52 11.9764
53 11.9764
54 11.9764
55 11.9764
56 11.9764
57 11.9764
58 11.9764
59 11.9764
60 11.9764
61 11.9764
62 11.9764
63 11.9764
64 11.9764
65 11.9764
66 11.9764
67 11.9764
68 11.9764
69 11.9764
70 11.9764
71 11.9764
72 11.9764
73 11.9764
74 11.9764
75 11.9764
76 11.9764
77 11.9764
78 11.9764
79 11.9764
80 11.9764
81 11.9764
82 11.9764
83 11.9764
84 11.9764
85 11.9764
86 11.9764
87 11.9764
88 11.9764
89 11.9764
90 11.9764
91 11.9764
92 11.9764
93 11.9764
94 11.9764
95 11.9764
96 11.9764
97 11.9764
98 11.9764
99 11.9764
100 11.9764
101 11.9764
102 11.9764
103 11.9764
104 11.9764
105 11.9764
106 11.9764
107 11.9764
108 11.9764
109 11.9764
110 11.9764
111 11.9764
112 11.9764
113 11.9764
114 11.9764
115 11.9764
116 11.9764
117 11.9764
118 11.9764
119 11.9764
120 11.9764
121 11.9764
122 11.9764
123 11.9764
124 11.9764
125 11.9764
126 11.9764
127 11.9764
128 11.9764
129 11.9764
130 11.9764
131 11.9764
132 11.9764
133 11.9764
134 11.9764
135 11.9764
136 11.9764
137 11.9764
138 11.9764
139 11.9764
140 11.9764
141 11.9764
142 11.9764
143 11.9764
144 11.9764
145 11.9764
146 11.9764
147 11.9764
148 11.9764
149 11.9764
150 11.9764
151 11.9764
152 11.9764
153 11.9764
154 11.9764
155 11.9764
156 11.9764
157 11.9764
158 11.9764
159 11.9764
160 11.9764
161 11.9764
162 11.9764
163 11.9764
164 11.9764
165 11.9764
166 11.9764
167 11.9764
168 11.9764
169 11.9764
170 11.9764
171 11.9764
172 11.9764
173 11.9764
174 11.9764
175 11.9764
176 11.9764
177 11.9764
178 11.9764
179 11.9764
180 11.9764
181 11.9764
182 11.9764
183 11.9764
184 11.9764
185 11.9764
186 11.9764
187 11.9764
188 11.9764
189 11.9764
190 11.9764
191 11.9764
192 11.9764
193 11.9764
194 11.9764
195 11.9764
196 11.9764
197 11.9764
198 11.9764
199 11.9764
200 11.9764
201 11.9764
202 11.9764
203 11.9764
204 11.9764
205 11.9764
206 11.9764
207 11.9764
208 11.9764
209 11.9764
210 11.9764
211 11.9764
212 11.9764
213 11.9764
214 11.9764
215 11.9764
216 11.9764
217 11.9764
218 11.9764
219 11.9764
220 11.9764
221 11.9764
222 11.9764
223 11.9764
224 11.9764
225 11.9764
226 11.9764
227 11.9764
228 11.9764
229 11.9764
230 11.9764
231 11.9764
232 11.9764
233 11.9764
234 11.9764
235 11.9764
236 11.9764
237 11.9764
238 11.9764
239 11.9764
240 12
241 11.7023
242 11.0611
243 10.4269
244 9.73043
245 9.00805
246 8.27995
247 7.54459
248 6.78647
249 5.98802
250 5.14041
251 4.249
252 4.18756
253 4.19007
254 3.76431
255 3.67643
256 3.09577
257 2.99348
258 2.97982
259 2.63628
260 2.5657
261 2.10581
262 1.2534
263 1.16852
264 1.1759
265 1.20219
266 1.22868
267 1.24985
268 1.26479
269 1.27426
270 1.27938
271 1.28102
272 1.28655
273 1.28825
274 1.29349
275 1.30288
276 1.30714
277 1.308
278 1.30633
279 1.30199
280 1.29402
281 1.28094
282 1.26128
283 1.23521
284 1.20819
285 1.20164
286 1.16906
287 1.13435
288 1.11215
289 1.15466
290 1.65119
291 1.69293
292 2.57256
293 3.46344
294 4.34885
295 5.20974
296 6.03139
297 6.81011
298 7.55439
299 8.27934
300 8.99814
301 9.71499
302 10.4198
303 11.059
304 11.6831
305 12
306 11.9764
307 11.9764
308 11.9764
309 11.9764
310 11.9764
311 11.9764
312 11.9764
313 11.9764
314 11.9764
315 11.9764
316 11.9764
317 11.9764
318 11.9764
319 11.9764
320 11.9764
321 11.9764
322 11.9764
323 11.9764
324 11.9764
325 11.9764
326 11.9764
327 11.9764
328 11.9764
329 11.9764
330 11.9764
331 11.9764
332 11.9764
333 11.9764
334 11.9764
335 11.9764
336 11.9764
337 11.9764
338 11.9764
339 11.9764
340 11.9764
341 11.9764
342 11.9764
343 11.9764
344 11.9764
345 11.9764
346 11.9764
347 11.9764
348 11.9764
349 11.9764
350 11.9764
351 11.9764
352 11.9764
353 11.9764
354 11.9764
355 11.9764
356 11.9764
357 11.9764
358 11.9764
359 11.9764
360 11.9764
361 11.9764
362 11.9764
363 11.9764
364 11.9764
365 11.9764
366 11.9764
367 11.9764
368 11.9764
369 11.9764
370 11.9764
371 11.9764
372 11.9764
373 11.9764
374 11.9764
375 11.9764
376 11.9764
377 11.9764
378 11.9764
379 11.9764
380 11.9764
381 11.9764
382 11.9764
383 11.9764
384 11.9764
385 11.9764
386 11.9764
387 11.9764
388 11.9764
389 11.9764
390 11.9764
391 11.9764
392 11.9764
393 11.9764
394 11.9764
395 11.9764
396 11.9764
397 11.9764
398 11.9764
399 11.9764
400 11.9764
401 11.9764
402 11.9764
403 11.9764
404 11.9764
405 11.9764
406 11.9764
407 11.9764
408 11.9764
409 11.9764
410 11.9764
411 11.9764
412 11.9764
413 11.9764
414 11.9764
415 11.9764
416 11.9764
417 11.9764
418 11.9764
419 11.9764
420 11.9764
421 11.9764
422 11.9764
423 11.9764
424 11.9764
425 11.9764
426 11.9764
427 11.9764
428 11.9764
429 11.9764
430 11.9764
431 11.9764
432 11.9764
433 11.9764
434 11.9764
435 11.9764
436 11.9764
437 11.9764
438 11.9764
439 11.9764
440 11.9764
441 11.9764
442 11.9764
443 11.9764
444 11.9764
445 11.9764
446 11.9764
447 11.9764
448 11.9764
449 11.9764
450 11.9764
451 11.9764
452 11.9764
453 11.9764
454 11.9764
455 11.9764
456 11.9764
457 11.9764
458 11.9764
459 11.9764
460 11.9764
461 11.9764
462 11.9764
463 11.9764
464 11.9764
465 11.9764
466 11.9764
467 11.9764
468 11.9764
469 11.9764
470 11.9764
471 11.9764
472 11.9764
473 11.9764
474 11.9764
475 11.9764
476 11.9764
477 11.9764
478 11.9764
479 11.9764
480 11.9764
481 11.9764
482 11.9764
483 11.9764
484 11.9764
485 11.9764
486 11.9764
487 11.9764
488 11.9764
489 11.9764
490 11.9764
491 11.9764
492 11.9764
493 11.9764
494 11.9764
495 11.9764
496 11.9764
497 11.9764
498 11.9764
499 11.9764
500 11.9764
501 11.9764
502 11.9764
503 11.9764
504 11.9764
505 11.9764
506 11.9764
507 11.9764
508 11.9764
509 11.9764
510 11.9764
511 11.9764
512 11.9764
513 11.9764
514 11.9764
515 11.9764
516 11.9764
517 11.9764
518 11.9764
519 11.9764
520 11.9764
521 11.9764
522 11.9764
523 11.9764
524 11.9764
525 11.9764
526 11.9764
527 11.9764
528 11.9764
529 11.9764
530 11.9764
531 11.9764
532 11.9764
533 11.9764
534 11.9764
535 11.9764
536 11.9764
537 11.9764
538 11.9764
539 11.9764
540 11.9764
541 11.9764
542 11.9764
