1 11.9051
2 11.9051
3 11.9051
4 11.9051
5 11.9051
6 11.9051
7 11.9051
8 11.9051
9 11.9051
10 11.9051
11 11.9051
12 11.9051
13 11.9051
14 11.9051
15 11.9051
16 11.9051
17 11.9051
18 11.9051
19 11.9051
20 11.9051
21 11.9051
22 11.9051
23 11.9051
24 11.9051
25 11.9051
26 11.9051
27 11.9051
28 11.9051
29 11.9051
30 11.9051
31 11.9051
32 11.9051
33 11.9051
34 11.9051
35 11.9051
36 11.9051
37 11.9051
38 11.9051
39 11.9051
40 11.9051
41 11.9051
42 11.9051
43 11.9051
44 11.9051
45 11.9051
46 11.9051
47 11.9051
48 11.9051
49 11.9051
50 11.9051
51 11.9051
52 11.9051
53 11.9051
54 11.9051
55 11.9051
56 11.9051
57 11.9051
58 11.9051
59 11.9051
60 11.9051
61 11.9051
62 11.9051
63 11.9051
64 11.9051
65 11.9051
66 11.9051
67 11.9051
68 11.9051
69 11.9051
70 11.9051
71 11.9051
72 11.9051
73 11.9051
74 11.9051
75 11.9051
76 11.9051
77 11.9051
78 11.9051
79 11.9051
80 11.9051
81 11.9051
82 11.9051
83 11.9051
84 11.9051
85 11.9051
86 11.9051
87 11.9051
88 11.9051
89 11.9051
90 11.9051
91 11.9051
92 11.9051
93 11.9051
94 11.9051
95 11.9051
96 11.9051
97 11.9051
98 11.9051
99 11.9051
100 11.9051
101 11.9051
102 11.9051
103 11.9051
104 11.9051
105 11.9051
106 11.9051
107 11.9051
108 11.9051
109 11.9051
110 11.9051
111 11.9051
112 11.9051
113 11.9051
114 11.9051
115 11.9051
116 11.9051
117 11.9051
118 11.9051
119 11.9051
120 11.9051
121 11.9051
122 11.9051
123 11.9051
124 11.9051
125 11.9051
126 11.9051
127 11.9051
128 11.9051
129 11.9051
130 11.9051
131 11.9051
132 11.9051
133 11.9051
134 11.9051
135 11.9051
136 11.9051
137 11.9051
138 11.9051
139 11.9051
140 11.9051
141 11.9051
142 11.9051
143 11.9051
144 11.9051
145 11.9051
146 11.9051
147 11.9051
148 11.9051
149 11.9051
150 11.9051
151 11.9051
152 11.9051
153 11.9051
154 11.9051
155 11.9051
156 11.9051
157 11.9051
158 11.9051
159 11.9051
160 11.9051
161 11.9051
162 11.9051
163 11.9051
164 11.9051
165 11.9051
166 11.9051
167 11.9051
168 11.9051
169 11.9051
170 11.9051
171 11.9051
172 11.9051
173 11.9051
174 11.9051
175 11.9051
176 11.9051
177 11.9051
178 11.9051
179 11.9051
180 11.9051
181 11.9051
182 11.9051
183 11.9051
184 11.9051
185 11.9051
186 11.9051
187 11.9051
188 11.9051
189 11.9051
190 11.9051
191 11.9051
192 11.9051
193 11.9051
194 11.9051
195 11.9051
196 11.9051
197 11.9051
198 11.9051
199 11.9051
200 11.9051
201 11.9051
202 11.9051
203 11.9051
204 11.9051
205 11.9051
206 11.9051
207 11.9051
208 11.9051
209 11.9051
210 11.9051
211 11.9051
212 11.9051
213 11.9051
214 11.9051
215 11.9051
216 11.9051
217 11.9051
218 11.9051
219 11.9051
220 11.9051
221 11.9051
222 11.9051
223 11.9051
224 11.9051
225 11.9051
226 11.9051
227 11.9051
228 11.9051
229 11.9051
230 11.9051
231 11.9051
232 11.9051
233 11.9051
234 11.9051
235 11.9051
236 11.9051
237 11.9051
238 11.9051
239 11.9051
240 11.9051
241 11.9051
242 11.9389
243 12
244 11.7978
245 11.2083
246 10.4061
247 9.52222
248 8.61257
249 7.71111
250 6.83747
251 6.00048
252 5.9852
253 6.03163
254 5.82793
255 5.83078
256 5.52252
257 5.49212
258 5.50674
259 5.22689
260 5.14593
261 4.56863
262 3.52185
263 3.38768
264 3.3641
265 3.37313
266 3.39306
267 3.41486
268 3.43378
269 3.4468
270 3.45166
271 3.44687
272 3.45445
273 3.45572
274 3.45377
275 3.36482
276 3.34987
277 3.35239
278 3.35487
279 3.35243
280 3.34516
281 3.33561
282 3.32826
283 3.33056
284 3.35695
285 3.44466
286 3.41593
287 3.38269
288 3.35202
289 3.36159
290 3.72547
291 3.70856
292 4.43201
293 5.17846
294 5.9541
295 6.7613
296 7.60071
297 8.47329
298 9.38214
299 10.3283
300 11.265
301 11.886
302 11.9497
303 11.9051
304 11.9051
305 11.9051
306 11.9051
307 11.9051
308 11.9051
309 11.9051
310 11.9051
311 11.9051
312 11.9051
313 11.9051
314 11.9051
315 11.9051
316 11.9051
317 11.9051
318 11.9051
319 11.9051
320 11.9051
321 11.9051
322 11.9051
323 11.9051
324 11.9051
325 11.9051
326 11.9051
327 11.9051
328 11.9051
329 11.9051
330 11.9051
331 11.9051
332 11.9051
333 11.9051
334 11.9051
335 11.9051
336 11.9051
337 11.9051
338 11.9051
339 11.9051
340 11.9051
341 11.9051
342 11.9051
343 11.9051
344 11.9051
345 11.9051
346 11.9051
347 11.9051
348 11.9051
349 11.9051
350 11.9051
351 11.9051
352 11.9051
353 11.9051
354 11.9051
355 11.9051
356 11.9051
357 11.9051
358 11.9051
359 11.9051
360 11.9051
361 11.9051
362 11.9051
363 11.9051
364 11.9051
365 11.9051
366 11.9051
367 11.9051
368 11.9051
369 11.9051
370 11.9051
371 11.9051
372 11.9051
373 11.9051
374 11.9051
375 11.9051
376 11.9051
377 11.9051
378 11.9051
379 11.9051
380 11.9051
381 11.9051
382 11.9051
383 11.9051
384 11.9051
385 11.9051
386 11.9051
387 11.9051
388 11.9051
389 11.9051
390 11.9051
391 11.9051
392 11.9051
393 11.9051
394 11.9051
395 11.9051
396 11.9051
397 11.9051
398 11.9051
399 11.9051
400 11.9051
401 11.9051
402 11.9051
403 11.9051
404 11.9051
405 11.9051
406 11.9051
407 11.9051
408 11.9051
409 11.9051
410 11.9051
411 11.9051
412 11.9051
413 11.9051
414 11.9051
415 11.9051
416 11.9051
417 11.9051
418 11.9051
419 11.9051
420 11.9051
421 11.9051
422 11.9051
423 11.9051
424 11.9051
425 11.9051
426 11.9051
427 11.9051
428 11.9051
429 11.9051
430 11.9051
431 11.9051
432 11.9051
433 11.9051
434 11.9051
435 11.9051
436 11.9051
437 11.9051
438 11.9051
439 11.9051
440 11.9051
441 11.9051
442 11.9051
443 11.9051
444 11.9051
445 11.9051
446 11.9051
447 11.9051
448 11.9051
449 11.9051
450 11.9051
451 11.9051
452 11.9051
453 11.9051
454 11.9051
455 11.9051
456 11.9051
457 11.9051
458 11.9051
459 11.9051
460 11.9051
461 11.9051
462 11.9051
463 11.9051
464 11.9051
465 11.9051
466 11.9051
467 11.9051
468 11.9051
469 11.9051
470 11.9051
471 11.9051
472 11.9051
473 11.9051
474 11.9051
475 11.9051
476 11.9051
477 11.9051
478 11.9051
479 11.9051
480 11.9051
481 11.9051
482 11.9051
483 11.9051
484 11.9051
485 11.9051
486 11.9051
487 11.9051
488 11.9051
489 11.9051
490 11.9051
491 11.9051
492 11.9051
493 11.9051
494 11.9051
495 11.9051
496 11.9051
497 11.9051
498 11.9051
499 11.9051
500 11.9051
501 11.9051
502 11.9051
503 11.9051
504 11.9051
505 11.9051
506 11.9051
507 11.9051
508 11.9051
509 11.9051
510 11.9051
511 11.9051
512 11.9051
513 11.9051
514 11.9051
515 11.9051
516 11.9051
517 11.9051
518 11.9051
519 11.9051
520 11.9051
521 11.9051
522 11.9051
523 11.9051
524 11.9051
525 11.9051
526 11.9051
527 11.9051
528 11.9051
529 11.9051
530 11.9051
531 11.9051
532 11.9051
533 11.9051
534 11.9051
535 11.9051
536 11.9051
537 11.9051
538 11.9051
539 11.9051
540 11.9051
541 11.9051
542 11.9051
