1 11.9735
2 11.9735
3 11.9735
4 11.9735
5 11.9735
6 11.9735
7 11.9735
8 11.9735
9 11.9735
10 11.9735
11 11.9735
12 11.9735
13 11.9735
14 11.9735
15 11.9735
16 11.9735
17 11.9735
18 11.9735
19 11.9735
20 11.9735
21 11.9735
22 11.9735
23 11.9735
24 11.9735
25 11.9735
26 11.9735
27 11.9735
28 11.9735
29 11.9735
30 11.9735
31 11.9735
32 11.9735
33 11.9735
34 11.9735
35 11.9735
36 11.9735
37 11.9735
38 11.9735
39 11.9735
40 11.9735
41 11.9735
42 11.9735
43 11.9735
44 11.9735
45 11.9735
46 11.9735
47 11.9735
48 11.9735
49 11.9735
50 11.9735
51 11.9735
52 11.9735
53 11.9735
54 11.9735
55 11.9735
56 11.9735
57 11.9735
58 11.9735
59 11.9735
60 11.9735
61 11.9735
62 11.9735
63 11.9735
64 11.9735
65 11.9735
66 11.9735
67 11.9735
68 11.9735
69 11.9735
70 11.9735
71 11.9735
72 11.9735
73 11.9735
74 11.9735
75 11.9735
76 11.9735
77 11.9735
78 11.9735
79 11.9735
80 11.9735
81 11.9735
82 11.9735
83 11.9735
84 11.9735
85 11.9735
86 11.9735
87 11.9735
88 11.9735
89 11.9735
90 11.9735
91 11.9735
92 11.9735
93 11.9735
94 11.9735
95 11.9735
96 11.9735
97 11.9735
98 11.9735
99 11.9735
100 11.9735
101 11.9735
102 11.9735
103 11.9735
104 11.9735
105 11.9735
106 11.9735
107 11.9735
108 11.9735
109 11.9735
110 11.9735
111 11.9735
112 11.9735
113 11.9735
114 11.9735
115 11.9735
116 11.9735
117 11.9735
118 11.9735
119 11.9735
120 11.9735
121 11.9735
122 11.9735
123 11.9735
124 11.9735
125 11.9735
126 11.9735
127 11.9735
128 11.9735
129 11.9735
130 11.9735
131 11.9735
132 11.9735
133 11.9735
134 11.9735
135 11.9735
136 11.9735
137 11.9735
138 11.9735
139 11.9735
140 11.9735
141 11.9735
142 11.9735
143 11.9735
144 11.9735
145 11.9735
146 11.9735
147 11.9735
148 11.9735
149 11.9735
150 11.9735
151 11.9735
152 11.9735
153 11.9735
154 11.9735
155 11.9735
156 11.9735
157 11.9735
158 11.9735
159 11.9735
160 11.9735
161 11.9735
162 11.9735
163 11.9735
164 11.9735
165 11.9735
166 11.9735
167 11.9735
168 11.9735
169 11.9735
170 11.9735
171 11.9735
172 11.9735
173 11.9735
174 11.9735
175 11.9735
176 11.9735
177 11.9735
178 11.9735
179 11.9735
180 11.9735
181 11.9735
182 11.9735
183 11.9735
184 11.9735
185 11.9735
186 11.9735
187 11.9735
188 11.9735
189 11.9735
190 11.9735
191 11.9735
192 11.9735
193 11.9735
194 11.9735
195 11.9735
196 11.9735
197 11.9735
198 11.9735
199 11.9735
200 11.9735
201 11.9735
202 11.9735
203 11.9735
204 11.9735
205 11.9735
206 11.9735
207 11.9735
208 11.9735
209 11.9735
210 11.9735
211 11.9735
212 11.9735
213 11.9735
214 11.9735
215 11.9735
216 11.9735
217 11.9735
218 11.9735
219 11.9735
220 11.9735
221 11.9735
222 11.9735
223 11.9735
224 11.9735
225 11.9735
226 11.9735
227 11.9735
228 11.9735
229 11.9735
230 11.9735
231 12
232 11.8703
233 11.3502
234 10.6638
235 9.95248
236 9.2497
237 8.56235
238 7.89284
239 7.24303
240 6.61394
241 6.00653
242 5.42161
243 4.85986
244 4.3219
245 3.80828
246 3.31953
247 2.85613
248 2.41855
249 2.00724
250 1.62262
251 1.26507
252 1.30566
253 1.34429
254 1.38454
255 1.40757
256 1.43518
257 1.44696
258 1.45108
259 1.45613
260 1.45765
261 1.45942
262 1.46143
263 1.46195
264 1.46207
265 1.4621
266 1.46211
267 1.46211
268 1.46211
269 1.46211
270 1.46211
271 1.46211
272 1.46211
273 1.46211
274 1.46211
275 1.46211
276 1.46211
277 1.46211
278 1.46211
279 1.46211
280 1.4621
281 1.46208
282 1.46199
283 1.46165
284 1.46043
285 1.45653
286 1.45349
287 1.44494
288 1.42453
289 1.38961
290 1.40525
291 1.36981
292 1.75181
293 2.16259
294 2.60125
295 3.06659
296 3.55713
297 4.07098
298 4.60566
299 5.15799
300 5.72402
301 6.29912
302 6.87832
303 7.45694
304 8.03139
305 8.59964
306 9.16149
307 9.71779
308 10.27
309 10.8125
310 11.3261
311 11.7396
312 11.9559
313 11.9895
314 11.9735
315 11.9735
316 11.9735
317 11.9735
318 11.9735
319 11.9735
320 11.9735
321 11.9735
322 11.9735
323 11.9735
324 11.9735
325 11.9735
326 11.9735
327 11.9735
328 11.9735
329 11.9735
330 11.9735
331 11.9735
332 11.9735
333 11.9735
334 11.9735
335 11.9735
336 11.9735
337 11.9735
338 11.9735
339 11.9735
340 11.9735
341 11.9735
342 11.9735
343 11.9735
344 11.9735
345 11.9735
346 11.9735
347 11.9735
348 11.9735
349 11.9735
350 11.9735
351 11.9735
352 11.9735
353 11.9735
354 11.9735
355 11.9735
356 11.9735
357 11.9735
358 11.9735
359 11.9735
360 11.9735
361 11.9735
362 11.9735
363 11.9735
364 11.9735
365 11.9735
366 11.9735
367 11.9735
368 11.9735
369 11.9735
370 11.9735
371 11.9735
372 11.9735
373 11.9735
374 11.9735
375 11.9735
376 11.9735
377 11.9735
378 11.9735
379 11.9735
380 11.9735
381 11.9735
382 11.9735
383 11.9735
384 11.9735
385 11.9735
386 11.9735
387 11.9735
388 11.9735
389 11.9735
390 11.9735
391 11.9735
392 11.9735
393 11.9735
394 11.9735
395 11.9735
396 11.9735
397 11.9735
398 11.9735
399 11.9735
400 11.9735
401 11.9735
402 11.9735
403 11.9735
404 11.9735
405 11.9735
406 11.9735
407 11.9735
408 11.9735
409 11.9735
410 11.9735
411 11.9735
412 11.9735
413 11.9735
414 11.9735
415 11.9735
416 11.9735
417 11.9735
418 11.9735
419 11.9735
420 11.9735
421 11.9735
422 11.9735
423 11.9735
424 11.9735
425 11.9735
426 11.9735
427 11.9735
428 11.9735
429 11.9735
430 11.9735
431 11.9735
432 11.9735
433 11.9735
434 11.9735
435 11.9735
436 11.9735
437 11.9735
438 11.9735
439 11.9735
440 11.9735
441 11.9735
442 11.9735
443 11.9735
444 11.9735
445 11.9735
446 11.9735
447 11.9735
448 11.9735
449 11.9735
450 11.9735
451 11.9735
452 11.9735
453 11.9735
454 11.9735
455 11.9735
456 11.9735
457 11.9735
458 11.9735
459 11.9735
460 11.9735
461 11.9735
462 11.9735
463 11.9735
464 11.9735
465 11.9735
466 11.9735
467 11.9735
468 11.9735
469 11.9735
470 11.9735
471 11.9735
472 11.9735
473 11.9735
474 11.9735
475 11.9735
476 11.9735
477 11.9735
478 11.9735
479 11.9735
480 11.9735
481 11.9735
482 11.9735
483 11.9735
484 11.9735
485 11.9735
486 11.9735
487 11.9735
488 11.9735
489 11.9735
490 11.9735
491 11.9735
492 11.9735
493 11.9735
494 11.9735
495 11.9735
496 11.9735
497 11.9735
498 11.9735
499 11.9735
500 11.9735
501 11.9735
502 11.9735
503 11.9735
504 11.9735
505 11.9735
506 11.9735
507 11.9735
508 11.9735
509 11.9735
510 11.9735
511 11.9735
512 11.9735
513 11.9735
514 11.9735
515 11.9735
516 11.9735
517 11.9735
518 11.9735
519 11.9735
520 11.9735
521 11.9735
522 11.9735
523 11.9735
524 11.9735
525 11.9735
526 11.9735
527 11.9735
528 11.9735
529 11.9735
530 11.9735
531 11.9735
532 11.9735
533 11.9735
534 11.9735
535 11.9735
536 11.9735
537 11.9735
538 11.9735
539 11.9735
540 11.9735
541 11.9735
542 11.9735
