1 11.8638
2 11.8638
3 11.8638
4 11.8638
5 11.8638
6 11.8638
7 11.8638
8 11.8638
9 11.8638
10 11.8638
11 11.8638
12 11.8638
13 11.8638
14 11.8638
15 11.8638
16 11.8638
17 11.8638
18 11.8638
19 11.8638
20 11.8638
21 11.8638
22 11.8638
23 11.8638
24 11.8638
25 11.8638
26 11.8638
27 11.8638
28 11.8638
29 11.8638
30 11.8638
31 11.8638
32 11.8638
33 11.8638
34 11.8638
35 11.8638
36 11.8638
37 11.8638
38 11.8638
39 11.8638
40 11.8638
41 11.8638
42 11.8638
43 11.8638
44 11.8638
45 11.8638
46 11.8638
47 11.8638
48 11.8638
49 11.8638
50 11.8638
51 11.8638
52 11.8638
53 11.8638
54 11.8638
55 11.8638
56 11.8638
57 11.8638
58 11.8638
59 11.8638
60 11.8638
61 11.8638
62 11.8638
63 11.8638
64 11.8638
65 11.8638
66 11.8638
67 11.8638
68 11.8638
69 11.8638
70 11.8638
71 11.8638
72 11.8638
73 11.8638
74 11.8638
75 11.8638
76 11.8638
77 11.8638
78 11.8638
79 11.8638
80 11.8638
81 11.8638
82 11.8638
83 11.8638
84 11.8638
85 11.8638
86 11.8638
87 11.8638
88 11.8638
89 11.8638
90 11.8638
91 11.8638
92 11.8638
93 11.8638
94 11.8638
95 11.8638
96 11.8638
97 11.8638
98 11.8638
99 11.8638
100 11.8638
101 11.8638
102 11.8638
103 11.8638
104 11.8638
105 11.8638
106 11.8638
107 11.8638
108 11.8638
109 11.8638
110 11.8638
111 11.8638
112 11.8638
113 11.8638
114 11.8638
115 11.8638
116 11.8638
117 11.8638
118 11.8638
119 11.8638
120 11.8638
121 11.8638
122 11.8638
123 11.8638
124 11.8638
125 11.8638
126 11.8638
127 11.8638
128 11.8638
129 11.8638
130 11.8638
131 11.8638
132 11.8638
133 11.8638
134 11.8638
135 11.8638
136 11.8638
137 11.8638
138 11.8638
139 11.8638
140 11.8638
141 11.8638
142 11.8638
143 11.8638
144 11.8638
145 11.8638
146 11.8638
147 11.8638
148 11.8638
149 11.8638
150 11.8638
151 11.8638
152 11.8638
153 11.8638
154 11.8638
155 11.8638
156 11.8638
157 11.8638
158 11.8638
159 11.8638
160 11.8638
161 11.8638
162 11.8638
163 11.8638
164 11.8638
165 11.8638
166 11.8638
167 11.8638
168 11.8638
169 11.8638
170 11.8638
171 11.8638
172 11.8638
173 11.8638
174 11.8638
175 11.8638
176 11.8638
177 11.8638
178 11.8638
179 11.8638
180 11.8638
181 11.8638
182 11.8638
183 11.8638
184 11.8638
185 11.8638
186 11.8638
187 11.8638
188 11.8638
189 11.8638
190 11.8638
191 11.8638
192 11.8638
193 11.8638
194 11.8638
195 11.8638
196 11.8638
197 11.8638
198 11.8638
199 11.8638
200 11.8638
201 11.8638
202 11.8638
203 11.8638
204 11.8638
205 11.8638
206 11.8638
207 11.8638
208 11.8638
209 11.8638
210 11.8638
211 11.8638
212 11.8638
213 11.8638
214 11.8638
215 11.8638
216 11.8638
217 11.8638
218 11.8638
219 11.8638
220 11.8638
221 11.8638
222 11.8638
223 11.8638
224 11.8638
225 11.8638
226 11.8638
227 11.8638
228 11.8638
229 11.8638
230 11.8638
231 11.8638
232 11.8638
233 11.8638
234 11.8638
235 11.8638
236 11.8638
237 11.8638
238 11.8638
239 11.8638
240 11.8638
241 11.8638
242 11.8638
243 11.8638
244 11.8638
245 11.8638
246 11.8969
247 11.8923
248 11.6009
249 11.1271
250 10.5263
251 9.82411
252 9.78659
253 9.79173
254 9.45036
255 9.36177
256 8.8309
257 8.72585
258 8.70272
259 8.43076
260 8.38649
261 8.05417
262 7.35232
263 7.29998
264 7.3157
265 7.33923
266 7.35802
267 7.36989
268 7.37676
269 7.38677
270 7.42516
271 7.57432
272 7.57436
273 7.63427
274 7.46728
275 6.84023
276 6.70353
277 6.66879
278 6.66311
279 6.66287
280 6.65844
281 6.64553
282 6.6228
283 6.59228
284 6.56351
285 6.5684
286 6.53142
287 6.49246
288 6.46835
289 6.51352
290 7.05634
291 7.10066
292 8.00915
293 8.94006
294 9.87976
295 10.8125
296 11.6284
297 12
298 11.8638
299 11.8638
300 11.8638
301 11.8638
302 11.8638
303 11.8638
304 11.8638
305 11.8638
306 11.8638
307 11.8638
308 11.8638
309 11.8638
310 11.8638
311 11.8638
312 11.8638
313 11.8638
314 11.8638
315 11.8638
316 11.8638
317 11.8638
318 11.8638
319 11.8638
320 11.8638
321 11.8638
322 11.8638
323 11.8638
324 11.8638
325 11.8638
326 11.8638
327 11.8638
328 11.8638
329 11.8638
330 11.8638
331 11.8638
332 11.8638
333 11.8638
334 11.8638
335 11.8638
336 11.8638
337 11.8638
338 11.8638
339 11.8638
340 11.8638
341 11.8638
342 11.8638
343 11.8638
344 11.8638
345 11.8638
346 11.8638
347 11.8638
348 11.8638
349 11.8638
350 11.8638
351 11.8638
352 11.8638
353 11.8638
354 11.8638
355 11.8638
356 11.8638
357 11.8638
358 11.8638
359 11.8638
360 11.8638
361 11.8638
362 11.8638
363 11.8638
364 11.8638
365 11.8638
366 11.8638
367 11.8638
368 11.8638
369 11.8638
370 11.8638
371 11.8638
372 11.8638
373 11.8638
374 11.8638
375 11.8638
376 11.8638
377 11.8638
378 11.8638
379 11.8638
380 11.8638
381 11.8638
382 11.8638
383 11.8638
384 11.8638
385 11.8638
386 11.8638
387 11.8638
388 11.8638
389 11.8638
390 11.8638
391 11.8638
392 11.8638
393 11.8638
394 11.8638
395 11.8638
396 11.8638
397 11.8638
398 11.8638
399 11.8638
400 11.8638
401 11.8638
402 11.8638
403 11.8638
404 11.8638
405 11.8638
406 11.8638
407 11.8638
408 11.8638
409 11.8638
410 11.8638
411 11.8638
412 11.8638
413 11.8638
414 11.8638
415 11.8638
416 11.8638
417 11.8638
418 11.8638
419 11.8638
420 11.8638
421 11.8638
422 11.8638
423 11.8638
424 11.8638
425 11.8638
426 11.8638
427 11.8638
428 11.8638
429 11.8638
430 11.8638
431 11.8638
432 11.8638
433 11.8638
434 11.8638
435 11.8638
436 11.8638
437 11.8638
438 11.8638
439 11.8638
440 11.8638
441 11.8638
442 11.8638
443 11.8638
444 11.8638
445 11.8638
446 11.8638
447 11.8638
448 11.8638
449 11.8638
450 11.8638
451 11.8638
452 11.8638
453 11.8638
454 11.8638
455 11.8638
456 11.8638
457 11.8638
458 11.8638
459 11.8638
460 11.8638
461 11.8638
462 11.8638
463 11.8638
464 11.8638
465 11.8638
466 11.8638
467 11.8638
468 11.8638
469 11.8638
470 11.8638
471 11.8638
472 11.8638
473 11.8638
474 11.8638
475 11.8638
476 11.8638
477 11.8638
478 11.8638
479 11.8638
480 11.8638
481 11.8638
482 11.8638
483 11.8638
484 11.8638
485 11.8638
486 11.8638
487 11.8638
488 11.8638
489 11.8638
490 11.8638
491 11.8638
492 11.8638
493 11.8638
494 11.8638
495 11.8638
496 11.8638
497 11.8638
498 11.8638
499 11.8638
500 11.8638
501 11.8638
502 11.8638
503 11.8638
504 11.8638
505 11.8638
506 11.8638
507 11.8638
508 11.8638
509 11.8638
510 11.8638
511 11.8638
512 11.8638
513 11.8638
514 11.8638
515 11.8638
516 11.8638
517 11.8638
518 11.8638
519 11.8638
520 11.8638
521 11.8638
522 11.8638
523 11.8638
524 11.8638
525 11.8638
526 11.8638
527 11.8638
528 11.8638
529 11.8638
530 11.8638
531 11.8638
532 11.8638
533 11.8638
534 11.8638
535 11.8638
536 11.8638
537 11.8638
538 11.8638
539 11.8638
540 11.8638
541 11.8638
542 11.8638
