1 11.8019
2 11.8019
3 11.8019
4 11.8019
5 11.8019
6 11.8019
7 11.8019
8 11.8019
9 11.8019
10 11.8019
11 11.8019
12 11.8019
13 11.8019
14 11.8019
15 11.8019
16 11.8019
17 11.8019
18 11.8019
19 11.8019
20 11.8019
21 11.8019
22 11.8019
23 11.8019
24 11.8019
25 11.8019
26 11.8019
27 11.8019
28 11.8019
29 11.8019
30 11.8019
31 11.8019
32 11.8019
33 11.8019
34 11.8019
35 11.8019
36 11.8019
37 11.8019
38 11.8019
39 11.8019
40 11.8019
41 11.8019
42 11.8019
43 11.8019
44 11.8019
45 11.8019
46 11.8019
47 11.8019
48 11.8019
49 11.8019
50 11.8019
51 11.8019
52 11.8019
53 11.8019
54 11.8019
55 11.8019
56 11.8019
57 11.8019
58 11.8019
59 11.8019
60 11.8019
61 11.8019
62 11.8019
63 11.8019
64 11.8019
65 11.8019
66 11.8019
67 11.8019
68 11.8019
69 11.8019
70 11.8019
71 11.8019
72 11.8019
73 11.8019
74 11.8019
75 11.8019
76 11.8019
77 11.8019
78 11.8019
79 11.8019
80 11.8019
81 11.8019
82 11.8019
83 11.8019
84 11.8019
85 11.8019
86 11.8019
87 11.8019
88 11.8019
89 11.8019
90 11.8019
91 11.8019
92 11.8019
93 11.8019
94 11.8019
95 11.8019
96 11.8019
97 11.8019
98 11.8019
99 11.8019
100 11.8019
101 11.8019
102 11.8019
103 11.8019
104 11.8019
105 11.8019
106 11.8019
107 11.8019
108 11.8019
109 11.8019
110 11.8019
111 11.8019
112 11.8019
113 11.8019
114 11.8019
115 11.8019
116 11.8019
117 11.8019
118 11.8019
119 11.8019
120 11.8019
121 11.8019
122 11.8019
123 11.8019
124 11.8019
125 11.8019
126 11.8019
127 11.8019
128 11.8019
129 11.8019
130 11.8019
131 11.8019
132 11.8019
133 11.8019
134 11.8019
135 11.8019
136 11.8019
137 11.8019
138 11.8019
139 11.8019
140 11.8019
141 11.8019
142 11.8019
143 11.8019
144 11.8019
145 11.8019
146 11.8019
147 11.8019
148 11.8019
149 11.8019
150 11.8019
151 11.8019
152 11.8019
153 11.8019
154 11.8019
155 11.8019
156 11.8019
157 11.8019
158 11.8019
159 11.8019
160 11.8019
161 11.8019
162 11.8019
163 11.8019
164 11.8019
165 11.8019
166 11.8019
167 11.8019
168 11.8019
169 11.8019
170 11.8019
171 11.8019
172 11.8019
173 11.8019
174 11.8019
175 11.8019
176 11.8019
177 11.8019
178 11.8019
179 11.8019
180 11.8019
181 11.8019
182 11.8019
183 11.8019
184 11.8019
185 11.8019
186 11.8019
187 11.8019
188 11.8019
189 11.8019
190 11.8019
191 11.8019
192 11.8019
193 11.8019
194 11.8019
195 11.8019
196 11.8019
197 11.8019
198 11.8019
199 11.8019
200 11.8019
201 11.8019
202 11.8019
203 11.8019
204 11.8019
205 11.8019
206 11.8019
207 11.8019
208 11.8019
209 11.8019
210 11.8019
211 11.8019
212 11.8019
213 11.8019
214 11.8019
215 11.8019
216 11.8019
217 11.8019
218 11.8019
219 11.8019
220 11.8019
221 11.8019
222 11.8019
223 11.8019
224 11.8019
225 11.8019
226 11.8019
227 11.8019
228 11.8019
229 11.8019
230 11.8019
231 11.8019
232 11.8019
233 11.8019
234 11.8019
235 11.8019
236 11.8019
237 11.8019
238 11.8019
239 11.8019
240 11.8019
241 11.8019
242 11.8019
243 11.8019
244 11.8019
245 11.8019
246 11.8019
247 11.8019
248 11.8019
249 11.9241
250 11.5774
251 11.0271
252 11.0853
253 11.4365
254 11.2753
255 11.4458
256 11.1817
257 11.2319
258 11.6275
259 11.3706
260 11.3945
261 10.7078
262 9.73216
263 9.64045
264 9.62876
265 9.63595
266 9.64698
267 9.66018
268 9.68006
269 9.72729
270 9.87291
271 10.6487
272 10.8725
273 11.5038
274 10.8874
275 9.76259
276 9.62256
277 9.58675
278 9.58017
279 9.58349
280 9.59132
281 9.6045
282 9.62916
283 9.68118
284 9.80287
285 10.1579
286 10.1578
287 10.1772
288 10.2221
289 10.3381
290 11.0122
291 11.0384
292 11.7843
293 12
294 11.8019
295 11.8019
296 11.8019
297 11.8019
298 11.8019
299 11.8019
300 11.8019
301 11.8019
302 11.8019
303 11.8019
304 11.8019
305 11.8019
306 11.8019
307 11.8019
308 11.8019
309 11.8019
310 11.8019
311 11.8019
312 11.8019
313 11.8019
314 11.8019
315 11.8019
316 11.8019
317 11.8019
318 11.8019
319 11.8019
320 11.8019
321 11.8019
322 11.8019
323 11.8019
324 11.8019
325 11.8019
326 11.8019
327 11.8019
328 11.8019
329 11.8019
330 11.8019
331 11.8019
332 11.8019
333 11.8019
334 11.8019
335 11.8019
336 11.8019
337 11.8019
338 11.8019
339 11.8019
340 11.8019
341 11.8019
342 11.8019
343 11.8019
344 11.8019
345 11.8019
346 11.8019
347 11.8019
348 11.8019
349 11.8019
350 11.8019
351 11.8019
352 11.8019
353 11.8019
354 11.8019
355 11.8019
356 11.8019
357 11.8019
358 11.8019
359 11.8019
360 11.8019
361 11.8019
362 11.8019
363 11.8019
364 11.8019
365 11.8019
366 11.8019
367 11.8019
368 11.8019
369 11.8019
370 11.8019
371 11.8019
372 11.8019
373 11.8019
374 11.8019
375 11.8019
376 11.8019
377 11.8019
378 11.8019
379 11.8019
380 11.8019
381 11.8019
382 11.8019
383 11.8019
384 11.8019
385 11.8019
386 11.8019
387 11.8019
388 11.8019
389 11.8019
390 11.8019
391 11.8019
392 11.8019
393 11.8019
394 11.8019
395 11.8019
396 11.8019
397 11.8019
398 11.8019
399 11.8019
400 11.8019
401 11.8019
402 11.8019
403 11.8019
404 11.8019
405 11.8019
406 11.8019
407 11.8019
408 11.8019
409 11.8019
410 11.8019
411 11.8019
412 11.8019
413 11.8019
414 11.8019
415 11.8019
416 11.8019
417 11.8019
418 11.8019
419 11.8019
420 11.8019
421 11.8019
422 11.8019
423 11.8019
424 11.8019
425 11.8019
426 11.8019
427 11.8019
428 11.8019
429 11.8019
430 11.8019
431 11.8019
432 11.8019
433 11.8019
434 11.8019
435 11.8019
436 11.8019
437 11.8019
438 11.8019
439 11.8019
440 11.8019
441 11.8019
442 11.8019
443 11.8019
444 11.8019
445 11.8019
446 11.8019
447 11.8019
448 11.8019
449 11.8019
450 11.8019
451 11.8019
452 11.8019
453 11.8019
454 11.8019
455 11.8019
456 11.8019
457 11.8019
458 11.8019
459 11.8019
460 11.8019
461 11.8019
462 11.8019
463 11.8019
464 11.8019
465 11.8019
466 11.8019
467 11.8019
468 11.8019
469 11.8019
470 11.8019
471 11.8019
472 11.8019
473 11.8019
474 11.8019
475 11.8019
476 11.8019
477 11.8019
478 11.8019
479 11.8019
480 11.8019
481 11.8019
482 11.8019
483 11.8019
484 11.8019
485 11.8019
486 11.8019
487 11.8019
488 11.8019
489 11.8019
490 11.8019
491 11.8019
492 11.8019
493 11.8019
494 11.8019
495 11.8019
496 11.8019
497 11.8019
498 11.8019
499 11.8019
500 11.8019
501 11.8019
502 11.8019
503 11.8019
504 11.8019
505 11.8019
506 11.8019
507 11.8019
508 11.8019
509 11.8019
510 11.8019
511 11.8019
512 11.8019
513 11.8019
514 11.8019
515 11.8019
516 11.8019
517 11.8019
518 11.8019
519 11.8019
520 11.8019
521 11.8019
522 11.8019
523 11.8019
524 11.8019
525 11.8019
526 11.8019
527 11.8019
528 11.8019
529 11.8019
530 11.8019
531 11.8019
532 11.8019
533 11.8019
534 11.8019
535 11.8019
536 11.8019
537 11.8019
538 11.8019
539 11.8019
540 11.8019
541 11.8019
542 11.8019
