1 11.8086
2 11.8086
3 11.8086
4 11.8086
5 11.8086
6 11.8086
7 11.8086
8 11.8086
9 11.8086
10 11.8086
11 11.8086
12 11.8086
13 11.8086
14 11.8086
15 11.8086
16 11.8086
17 11.8086
18 11.8086
19 11.8086
20 11.8086
21 11.8086
22 11.8086
23 11.8086
24 11.8086
25 11.8086
26 11.8086
27 11.8086
28 11.8086
29 11.8086
30 11.8086
31 11.8086
32 11.8086
33 11.8086
34 11.8086
35 11.8086
36 11.8086
37 11.8086
38 11.8086
39 11.8086
40 11.8086
41 11.8086
42 11.8086
43 11.8086
44 11.8086
45 11.8086
46 11.8086
47 11.8086
48 11.8086
49 11.8086
50 11.8086
51 11.8086
52 11.8086
53 11.8086
54 11.8086
55 11.8086
56 11.8086
57 11.8086
58 11.8086
59 11.8086
60 11.8086
61 11.8086
62 11.8086
63 11.8086
64 11.8086
65 11.8086
66 11.8086
67 11.8086
68 11.8086
69 11.8086
70 11.8086
71 11.8086
72 11.8086
73 11.8086
74 11.8086
75 11.8086
76 11.8086
77 11.8086
78 11.8086
79 11.8086
80 11.8086
81 11.8086
82 11.8086
83 11.8086
84 11.8086
85 11.8086
86 11.8086
87 11.8086
88 11.8086
89 11.8086
90 11.8086
91 11.8086
92 11.8086
93 11.8086
94 11.8086
95 11.8086
96 11.8086
97 11.8086
98 11.8086
99 11.8086
100 11.8086
101 11.8086
102 11.8086
103 11.8086
104 11.8086
105 11.8086
106 11.8086
107 11.8086
108 11.8086
109 11.8086
110 11.8086
111 11.8086
112 11.8086
113 11.8086
114 11.8086
115 11.8086
116 11.8086
117 11.8086
118 11.8086
119 11.8086
120 11.8086
121 11.8086
122 11.8086
123 11.8086
124 11.8086
125 11.8086
126 11.8086
127 11.8086
128 11.8086
129 11.8086
130 11.8086
131 11.8086
132 11.8086
133 11.8086
134 11.8086
135 11.8086
136 11.8086
137 11.8086
138 11.8086
139 11.8086
140 11.8086
141 11.8086
142 11.8086
143 11.8086
144 11.8086
145 11.8086
146 11.8086
147 11.8086
148 11.8086
149 11.8086
150 11.8086
151 11.8086
152 11.8086
153 11.8086
154 11.8086
155 11.8086
156 11.8086
157 11.8086
158 11.8086
159 11.8086
160 11.8086
161 11.8086
162 11.8086
163 11.8086
164 11.8086
165 11.8086
166 11.8086
167 11.8086
168 11.8086
169 11.8086
170 11.8086
171 11.8086
172 11.8086
173 11.8086
174 11.8086
175 11.8086
176 11.8086
177 11.8086
178 11.8086
179 11.8086
180 11.8086
181 11.8086
182 11.8086
183 11.8086
184 11.8086
185 11.8086
186 11.8086
187 11.8086
188 11.8086
189 11.8086
190 11.8086
191 11.8086
192 11.8086
193 11.8086
194 11.8086
195 11.8086
196 11.8086
197 11.8086
198 11.8086
199 11.8086
200 11.8086
201 11.8086
202 11.8086
203 11.8086
204 11.8086
205 11.8086
206 11.8086
207 11.8086
208 11.8086
209 11.8086
210 11.8086
211 11.8086
212 11.8086
213 11.8086
214 11.8086
215 11.8086
216 11.8086
217 11.8086
218 11.8086
219 11.8086
220 11.8086
221 11.8086
222 11.8086
223 11.8086
224 11.8086
225 11.8086
226 11.8086
227 11.8086
228 11.8086
229 11.8086
230 11.8086
231 11.8086
232 11.8086
233 11.8086
234 11.8086
235 11.8086
236 11.8086
237 11.8086
238 11.8086
239 11.8086
240 11.8086
241 11.8086
242 11.8086
243 11.8086
244 11.8086
245 11.8086
246 11.8086
247 11.8086
248 11.9709
249 11.9424
250 11.5405
251 10.9793
252 11.0192
253 11.2528
254 11.1957
255 11.3562
256 11.1329
257 11.153
258 11.3437
259 10.9415
260 10.8289
261 10.1967
262 9.2639
263 9.18741
264 9.19405
265 9.21632
266 9.23692
267 9.25268
268 9.27094
269 9.31584
270 9.46397
271 10.1768
272 10.3612
273 10.8386
274 10.3279
275 9.24003
276 9.08918
277 9.05415
278 9.05013
279 9.0538
280 9.05708
281 9.05892
282 9.06426
283 9.08693
284 9.16127
285 9.40452
286 9.41022
287 9.42783
288 9.47067
289 9.59289
290 10.3048
291 10.3903
292 11.2806
293 12
294 11.8086
295 11.8086
296 11.8086
297 11.8086
298 11.8086
299 11.8086
300 11.8086
301 11.8086
302 11.8086
303 11.8086
304 11.8086
305 11.8086
306 11.8086
307 11.8086
308 11.8086
309 11.8086
310 11.8086
311 11.8086
312 11.8086
313 11.8086
314 11.8086
315 11.8086
316 11.8086
317 11.8086
318 11.8086
319 11.8086
320 11.8086
321 11.8086
322 11.8086
323 11.8086
324 11.8086
325 11.8086
326 11.8086
327 11.8086
328 11.8086
329 11.8086
330 11.8086
331 11.8086
332 11.8086
333 11.8086
334 11.8086
335 11.8086
336 11.8086
337 11.8086
338 11.8086
339 11.8086
340 11.8086
341 11.8086
342 11.8086
343 11.8086
344 11.8086
345 11.8086
346 11.8086
347 11.8086
348 11.8086
349 11.8086
350 11.8086
351 11.8086
352 11.8086
353 11.8086
354 11.8086
355 11.8086
356 11.8086
357 11.8086
358 11.8086
359 11.8086
360 11.8086
361 11.8086
362 11.8086
363 11.8086
364 11.8086
365 11.8086
366 11.8086
367 11.8086
368 11.8086
369 11.8086
370 11.8086
371 11.8086
372 11.8086
373 11.8086
374 11.8086
375 11.8086
376 11.8086
377 11.8086
378 11.8086
379 11.8086
380 11.8086
381 11.8086
382 11.8086
383 11.8086
384 11.8086
385 11.8086
386 11.8086
387 11.8086
388 11.8086
389 11.8086
390 11.8086
391 11.8086
392 11.8086
393 11.8086
394 11.8086
395 11.8086
396 11.8086
397 11.8086
398 11.8086
399 11.8086
400 11.8086
401 11.8086
402 11.8086
403 11.8086
404 11.8086
405 11.8086
406 11.8086
407 11.8086
408 11.8086
409 11.8086
410 11.8086
411 11.8086
412 11.8086
413 11.8086
414 11.8086
415 11.8086
416 11.8086
417 11.8086
418 11.8086
419 11.8086
420 11.8086
421 11.8086
422 11.8086
423 11.8086
424 11.8086
425 11.8086
426 11.8086
427 11.8086
428 11.8086
429 11.8086
430 11.8086
431 11.8086
432 11.8086
433 11.8086
434 11.8086
435 11.8086
436 11.8086
437 11.8086
438 11.8086
439 11.8086
440 11.8086
441 11.8086
442 11.8086
443 11.8086
444 11.8086
445 11.8086
446 11.8086
447 11.8086
448 11.8086
449 11.8086
450 11.8086
451 11.8086
452 11.8086
453 11.8086
454 11.8086
455 11.8086
456 11.8086
457 11.8086
458 11.8086
459 11.8086
460 11.8086
461 11.8086
462 11.8086
463 11.8086
464 11.8086
465 11.8086
466 11.8086
467 11.8086
468 11.8086
469 11.8086
470 11.8086
471 11.8086
472 11.8086
473 11.8086
474 11.8086
475 11.8086
476 11.8086
477 11.8086
478 11.8086
479 11.8086
480 11.8086
481 11.8086
482 11.8086
483 11.8086
484 11.8086
485 11.8086
486 11.8086
487 11.8086
488 11.8086
489 11.8086
490 11.8086
491 11.8086
492 11.8086
493 11.8086
494 11.8086
495 11.8086
496 11.8086
497 11.8086
498 11.8086
499 11.8086
500 11.8086
501 11.8086
502 11.8086
503 11.8086
504 11.8086
505 11.8086
506 11.8086
507 11.8086
508 11.8086
509 11.8086
510 11.8086
511 11.8086
512 11.8086
513 11.8086
514 11.8086
515 11.8086
516 11.8086
517 11.8086
518 11.8086
519 11.8086
520 11.8086
521 11.8086
522 11.8086
523 11.8086
524 11.8086
525 11.8086
526 11.8086
527 11.8086
528 11.8086
529 11.8086
530 11.8086
531 11.8086
532 11.8086
533 11.8086
534 11.8086
535 11.8086
536 11.8086
537 11.8086
538 11.8086
539 11.8086
540 11.8086
541 11.8086
542 11.8086
