1 11.9942
2 11.9942
3 11.9942
4 11.9942
5 11.9942
6 11.9942
7 11.9942
8 11.9942
9 11.9942
10 11.9942
11 11.9942
12 11.9942
13 11.9942
14 11.9942
15 11.9942
16 11.9942
17 11.9942
18 11.9942
19 11.9942
20 11.9942
21 11.9942
22 11.9942
23 11.9942
24 11.9942
25 11.9942
26 11.9942
27 11.9942
28 11.9942
29 11.9942
30 11.9942
31 11.9942
32 11.9942
33 11.9942
34 11.9942
35 11.9942
36 11.9942
37 11.9942
38 11.9942
39 11.9942
40 11.9942
41 11.9942
42 11.9942
43 11.9942
44 11.9942
45 11.9942
46 11.9942
47 11.9942
48 11.9942
49 11.9942
50 11.9942
51 11.9942
52 11.9942
53 11.9942
54 11.9942
55 11.9942
56 11.9942
57 11.9942
58 11.9942
59 11.9942
60 11.9942
61 11.9942
62 11.9942
63 11.9942
64 11.9942
65 11.9942
66 11.9942
67 11.9942
68 11.9942
69 11.9942
70 11.9942
71 11.9942
72 11.9942
73 11.9942
74 11.9942
75 11.9942
76 11.9942
77 11.9942
78 11.9942
79 11.9942
80 11.9942
81 11.9942
82 11.9942
83 11.9942
84 11.9942
85 11.9942
86 11.9942
87 11.9942
88 11.9942
89 11.9942
90 11.9942
91 11.9942
92 11.9942
93 11.9942
94 11.9942
95 11.9942
96 11.9942
97 11.9942
98 11.9942
99 11.9942
100 11.9942
101 11.9942
102 11.9942
103 11.9942
104 11.9942
105 11.9942
106 11.9942
107 11.9942
108 11.9942
109 11.9942
110 11.9942
111 11.9942
112 11.9942
113 11.9942
114 11.9942
115 11.9942
116 11.9942
117 11.9942
118 11.9942
119 11.9942
120 11.9942
121 11.9942
122 11.9942
123 11.9942
124 11.9942
125 11.9942
126 11.9942
127 11.9942
128 11.9942
129 11.9942
130 11.9942
131 11.9942
132 11.9942
133 11.9942
134 11.9942
135 11.9942
136 11.9942
137 11.9942
138 11.9942
139 11.9942
140 11.9942
141 11.9942
142 11.9942
143 11.9942
144 11.9942
145 11.9942
146 11.9942
147 11.9942
148 11.9942
149 11.9942
150 11.9942
151 11.9942
152 11.9942
153 11.9942
154 11.9942
155 11.9942
156 11.9942
157 11.9942
158 11.9942
159 11.9942
160 11.9942
161 11.9942
162 11.9942
163 11.9942
164 11.9942
165 11.9942
166 11.9942
167 11.9942
168 11.9942
169 11.9942
170 11.9942
171 11.9942
172 11.9942
173 11.9942
174 11.9942
175 11.9942
176 11.9942
177 11.9942
178 11.9942
179 11.9942
180 11.9942
181 11.9942
182 11.9942
183 11.9942
184 11.9942
185 11.9942
186 11.9942
187 11.9942
188 11.9942
189 11.9942
190 11.9942
191 11.9942
192 11.9942
193 11.9942
194 11.9942
195 11.9942
196 11.9942
197 11.9942
198 11.9942
199 11.9942
200 11.9942
201 11.9942
202 11.9942
203 11.9942
204 11.9942
205 11.9942
206 11.9942
207 11.9942
208 11.9942
209 11.9942
210 11.9942
211 11.9942
212 11.9942
213 11.9942
214 11.9942
215 11.9942
216 11.9942
217 11.9942
218 11.9942
219 11.9942
220 11.9942
221 11.9942
222 11.9942
223 11.9942
224 11.9942
225 11.9942
226 11.9942
227 11.9942
228 11.9942
229 11.9942
230 11.9942
231 11.9942
232 11.9942
233 11.9942
234 11.9237
235 11.421
236 10.7048
237 9.94926
238 9.19602
239 8.45418
240 7.72709
241 7.01687
242 6.3252
243 5.65332
244 5.00235
245 4.37326
246 3.76695
247 3.18419
248 2.62569
249 2.09209
250 1.584
251 1.10194
252 1.13749
253 1.18515
254 1.21982
255 1.25321
256 1.28704
257 1.30969
258 1.32024
259 1.33437
260 1.33997
261 1.34728
262 1.35645
263 1.35953
264 1.36045
265 1.3607
266 1.36076
267 1.36077
268 1.36078
269 1.36078
270 1.36078
271 1.36078
272 1.36078
273 1.36078
274 1.36078
275 1.36078
276 1.36078
277 1.36078
278 1.36078
279 1.36077
280 1.36073
281 1.3606
282 1.36017
283 1.35884
284 1.3551
285 1.34568
286 1.33904
287 1.3242
288 1.29677
289 1.26618
290 1.35503
291 1.33075
292 1.83969
293 2.37112
294 2.92185
295 3.48784
296 4.06421
297 4.6456
298 5.22677
299 5.80352
300 6.37355
301 6.93696
302 7.49608
303 8.05481
304 8.61751
305 9.18814
306 9.76778
307 10.3541
308 10.9342
309 11.4807
310 11.8781
311 12
312 11.9942
313 11.9942
314 11.9942
315 11.9942
316 11.9942
317 11.9942
318 11.9942
319 11.9942
320 11.9942
321 11.9942
322 11.9942
323 11.9942
324 11.9942
325 11.9942
326 11.9942
327 11.9942
328 11.9942
329 11.9942
330 11.9942
331 11.9942
332 11.9942
333 11.9942
334 11.9942
335 11.9942
336 11.9942
337 11.9942
338 11.9942
339 11.9942
340 11.9942
341 11.9942
342 11.9942
343 11.9942
344 11.9942
345 11.9942
346 11.9942
347 11.9942
348 11.9942
349 11.9942
350 11.9942
351 11.9942
352 11.9942
353 11.9942
354 11.9942
355 11.9942
356 11.9942
357 11.9942
358 11.9942
359 11.9942
360 11.9942
361 11.9942
362 11.9942
363 11.9942
364 11.9942
365 11.9942
366 11.9942
367 11.9942
368 11.9942
369 11.9942
370 11.9942
371 11.9942
372 11.9942
373 11.9942
374 11.9942
375 11.9942
376 11.9942
377 11.9942
378 11.9942
379 11.9942
380 11.9942
381 11.9942
382 11.9942
383 11.9942
384 11.9942
385 11.9942
386 11.9942
387 11.9942
388 11.9942
389 11.9942
390 11.9942
391 11.9942
392 11.9942
393 11.9942
394 11.9942
395 11.9942
396 11.9942
397 11.9942
398 11.9942
399 11.9942
400 11.9942
401 11.9942
402 11.9942
403 11.9942
404 11.9942
405 11.9942
406 11.9942
407 11.9942
408 11.9942
409 11.9942
410 11.9942
411 11.9942
412 11.9942
413 11.9942
414 11.9942
415 11.9942
416 11.9942
417 11.9942
418 11.9942
419 11.9942
420 11.9942
421 11.9942
422 11.9942
423 11.9942
424 11.9942
425 11.9942
426 11.9942
427 11.9942
428 11.9942
429 11.9942
430 11.9942
431 11.9942
432 11.9942
433 11.9942
434 11.9942
435 11.9942
436 11.9942
437 11.9942
438 11.9942
439 11.9942
440 11.9942
441 11.9942
442 11.9942
443 11.9942
444 11.9942
445 11.9942
446 11.9942
447 11.9942
448 11.9942
449 11.9942
450 11.9942
451 11.9942
452 11.9942
453 11.9942
454 11.9942
455 11.9942
456 11.9942
457 11.9942
458 11.9942
459 11.9942
460 11.9942
461 11.9942
462 11.9942
463 11.9942
464 11.9942
465 11.9942
466 11.9942
467 11.9942
468 11.9942
469 11.9942
470 11.9942
471 11.9942
472 11.9942
473 11.9942
474 11.9942
475 11.9942
476 11.9942
477 11.9942
478 11.9942
479 11.9942
480 11.9942
481 11.9942
482 11.9942
483 11.9942
484 11.9942
485 11.9942
486 11.9942
487 11.9942
488 11.9942
489 11.9942
490 11.9942
491 11.9942
492 11.9942
493 11.9942
494 11.9942
495 11.9942
496 11.9942
497 11.9942
498 11.9942
499 11.9942
500 11.9942
501 11.9942
502 11.9942
503 11.9942
504 11.9942
505 11.9942
506 11.9942
507 11.9942
508 11.9942
509 11.9942
510 11.9942
511 11.9942
512 11.9942
513 11.9942
514 11.9942
515 11.9942
516 11.9942
517 11.9942
518 11.9942
519 11.9942
520 11.9942
521 11.9942
522 11.9942
523 11.9942
524 11.9942
525 11.9942
526 11.9942
527 11.9942
528 11.9942
529 11.9942
530 11.9942
531 11.9942
532 11.9942
533 11.9942
534 11.9942
535 11.9942
536 11.9942
537 11.9942
538 11.9942
539 11.9942
540 11.9942
541 11.9942
542 11.9942
