1 11.9935
2 11.9935
3 11.9935
4 11.9935
5 11.9935
6 11.9935
7 11.9935
8 11.9935
9 11.9935
10 11.9935
11 11.9935
12 11.9935
13 11.9935
14 11.9935
15 11.9935
16 11.9935
17 11.9935
18 11.9935
19 11.9935
20 11.9935
21 11.9935
22 11.9935
23 11.9935
24 11.9935
25 11.9935
26 11.9935
27 11.9935
28 11.9935
29 11.9935
30 11.9935
31 11.9935
32 11.9935
33 11.9935
34 11.9935
35 11.9935
36 11.9935
37 11.9935
38 11.9935
39 11.9935
40 11.9935
41 11.9935
42 11.9935
43 11.9935
44 11.9935
45 11.9935
46 11.9935
47 11.9935
48 11.9935
49 11.9935
50 11.9935
51 11.9935
52 11.9935
53 11.9935
54 11.9935
55 11.9935
56 11.9935
57 11.9935
58 11.9935
59 11.9935
60 11.9935
61 11.9935
62 11.9935
63 11.9935
64 11.9935
65 11.9935
66 11.9935
67 11.9935
68 11.9935
69 11.9935
70 11.9935
71 11.9935
72 11.9935
73 11.9935
74 11.9935
75 11.9935
76 11.9935
77 11.9935
78 11.9935
79 11.9935
80 11.9935
81 11.9935
82 11.9935
83 11.9935
84 11.9935
85 11.9935
86 11.9935
87 11.9935
88 11.9935
89 11.9935
90 11.9935
91 11.9935
92 11.9935
93 11.9935
94 11.9935
95 11.9935
96 11.9935
97 11.9935
98 11.9935
99 11.9935
100 11.9935
101 11.9935
102 11.9935
103 11.9935
104 11.9935
105 11.9935
106 11.9935
107 11.9935
108 11.9935
109 11.9935
110 11.9935
111 11.9935
112 11.9935
113 11.9935
114 11.9935
115 11.9935
116 11.9935
117 11.9935
118 11.9935
119 11.9935
120 11.9935
121 11.9935
122 11.9935
123 11.9935
124 11.9935
125 11.9935
126 11.9935
127 11.9935
128 11.9935
129 11.9935
130 11.9935
131 11.9935
132 11.9935
133 11.9935
134 11.9935
135 11.9935
136 11.9935
137 11.9935
138 11.9935
139 11.9935
140 11.9935
141 11.9935
142 11.9935
143 11.9935
144 11.9935
145 11.9935
146 11.9935
147 11.9935
148 11.9935
149 11.9935
150 11.9935
151 11.9935
152 11.9935
153 11.9935
154 11.9935
155 11.9935
156 11.9935
157 11.9935
158 11.9935
159 11.9935
160 11.9935
161 11.9935
162 11.9935
163 11.9935
164 11.9935
165 11.9935
166 11.9935
167 11.9935
168 11.9935
169 11.9935
170 11.9935
171 11.9935
172 11.9935
173 11.9935
174 11.9935
175 11.9935
176 11.9935
177 11.9935
178 11.9935
179 11.9935
180 11.9935
181 11.9935
182 11.9935
183 11.9935
184 11.9935
185 11.9935
186 11.9935
187 11.9935
188 11.9935
189 11.9935
190 11.9935
191 11.9935
192 11.9935
193 11.9935
194 11.9935
195 11.9935
196 11.9935
197 11.9935
198 11.9935
199 11.9935
200 11.9935
201 11.9935
202 11.9935
203 11.9935
204 11.9935
205 11.9935
206 11.9935
207 11.9935
208 11.9935
209 11.9935
210 11.9935
211 11.9935
212 11.9935
213 11.9935
214 11.9935
215 11.9935
216 11.9935
217 11.9935
218 11.9935
219 11.9935
220 11.9935
221 11.9935
222 11.9935
223 11.9935
224 11.9935
225 11.9935
226 11.9935
227 11.9935
228 11.9958
229 11.8796
230 11.4252
231 10.7196
232 9.97543
233 9.27278
234 8.61113
235 7.98104
236 7.37738
237 6.79772
238 6.24138
239 5.70838
240 5.19899
241 4.71359
242 4.25259
243 3.8164
244 3.40544
245 3.0201
246 2.66075
247 2.32771
248 2.02127
249 1.74162
250 1.48884
251 1.26283
252 1.30232
253 1.32961
254 1.36
255 1.37244
256 1.38669
257 1.39123
258 1.39248
259 1.39385
260 1.39419
261 1.39455
262 1.39491
263 1.395
264 1.39501
265 1.39502
266 1.39502
267 1.39502
268 1.39502
269 1.39502
270 1.39502
271 1.39502
272 1.39502
273 1.39502
274 1.39502
275 1.39502
276 1.39502
277 1.39502
278 1.39502
279 1.39502
280 1.39502
281 1.39501
282 1.395
283 1.39492
284 1.39461
285 1.39337
286 1.39227
287 1.38841
288 1.3766
289 1.34828
290 1.32308
291 1.2843
292 1.52286
293 1.79055
294 2.08747
295 2.41349
296 2.76827
297 3.1513
298 3.56189
299 3.99919
300 4.46212
301 4.94934
302 5.45913
303 5.98926
304 6.53695
305 7.09882
306 7.67108
307 8.24999
308 8.83266
309 9.41806
310 10.0072
311 10.601
312 11.1792
313 11.6682
314 11.9409
315 12
316 11.9988
317 11.9935
318 11.9935
319 11.9935
320 11.9935
321 11.9935
322 11.9935
323 11.9935
324 11.9935
325 11.9935
326 11.9935
327 11.9935
328 11.9935
329 11.9935
330 11.9935
331 11.9935
332 11.9935
333 11.9935
334 11.9935
335 11.9935
336 11.9935
337 11.9935
338 11.9935
339 11.9935
340 11.9935
341 11.9935
342 11.9935
343 11.9935
344 11.9935
345 11.9935
346 11.9935
347 11.9935
348 11.9935
349 11.9935
350 11.9935
351 11.9935
352 11.9935
353 11.9935
354 11.9935
355 11.9935
356 11.9935
357 11.9935
358 11.9935
359 11.9935
360 11.9935
361 11.9935
362 11.9935
363 11.9935
364 11.9935
365 11.9935
366 11.9935
367 11.9935
368 11.9935
369 11.9935
370 11.9935
371 11.9935
372 11.9935
373 11.9935
374 11.9935
375 11.9935
376 11.9935
377 11.9935
378 11.9935
379 11.9935
380 11.9935
381 11.9935
382 11.9935
383 11.9935
384 11.9935
385 11.9935
386 11.9935
387 11.9935
388 11.9935
389 11.9935
390 11.9935
391 11.9935
392 11.9935
393 11.9935
394 11.9935
395 11.9935
396 11.9935
397 11.9935
398 11.9935
399 11.9935
400 11.9935
401 11.9935
402 11.9935
403 11.9935
404 11.9935
405 11.9935
406 11.9935
407 11.9935
408 11.9935
409 11.9935
410 11.9935
411 11.9935
412 11.9935
413 11.9935
414 11.9935
415 11.9935
416 11.9935
417 11.9935
418 11.9935
419 11.9935
420 11.9935
421 11.9935
422 11.9935
423 11.9935
424 11.9935
425 11.9935
426 11.9935
427 11.9935
428 11.9935
429 11.9935
430 11.9935
431 11.9935
432 11.9935
433 11.9935
434 11.9935
435 11.9935
436 11.9935
437 11.9935
438 11.9935
439 11.9935
440 11.9935
441 11.9935
442 11.9935
443 11.9935
444 11.9935
445 11.9935
446 11.9935
447 11.9935
448 11.9935
449 11.9935
450 11.9935
451 11.9935
452 11.9935
453 11.9935
454 11.9935
455 11.9935
456 11.9935
457 11.9935
458 11.9935
459 11.9935
460 11.9935
461 11.9935
462 11.9935
463 11.9935
464 11.9935
465 11.9935
466 11.9935
467 11.9935
468 11.9935
469 11.9935
470 11.9935
471 11.9935
472 11.9935
473 11.9935
474 11.9935
475 11.9935
476 11.9935
477 11.9935
478 11.9935
479 11.9935
480 11.9935
481 11.9935
482 11.9935
483 11.9935
484 11.9935
485 11.9935
486 11.9935
487 11.9935
488 11.9935
489 11.9935
490 11.9935
491 11.9935
492 11.9935
493 11.9935
494 11.9935
495 11.9935
496 11.9935
497 11.9935
498 11.9935
499 11.9935
500 11.9935
501 11.9935
502 11.9935
503 11.9935
504 11.9935
505 11.9935
506 11.9935
507 11.9935
508 11.9935
509 11.9935
510 11.9935
511 11.9935
512 11.9935
513 11.9935
514 11.9935
515 11.9935
516 11.9935
517 11.9935
518 11.9935
519 11.9935
520 11.9935
521 11.9935
522 11.9935
523 11.9935
524 11.9935
525 11.9935
526 11.9935
527 11.9935
528 11.9935
529 11.9935
530 11.9935
531 11.9935
532 11.9935
533 11.9935
534 11.9935
535 11.9935
536 11.9935
537 11.9935
538 11.9935
539 11.9935
540 11.9935
541 11.9935
542 11.9935
