1 11.8369
2 11.8369
3 11.8369
4 11.8369
5 11.8369
6 11.8369
7 11.8369
8 11.8369
9 11.8369
10 11.8369
11 11.8369
12 11.8369
13 11.8369
14 11.8369
15 11.8369
16 11.8369
17 11.8369
18 11.8369
19 11.8369
20 11.8369
21 11.8369
22 11.8369
23 11.8369
24 11.8369
25 11.8369
26 11.8369
27 11.8369
28 11.8369
29 11.8369
30 11.8369
31 11.8369
32 11.8369
33 11.8369
34 11.8369
35 11.8369
36 11.8369
37 11.8369
38 11.8369
39 11.8369
40 11.8369
41 11.8369
42 11.8369
43 11.8369
44 11.8369
45 11.8369
46 11.8369
47 11.8369
48 11.8369
49 11.8369
50 11.8369
51 11.8369
52 11.8369
53 11.8369
54 11.8369
55 11.8369
56 11.8369
57 11.8369
58 11.8369
59 11.8369
60 11.8369
61 11.8369
62 11.8369
63 11.8369
64 11.8369
65 11.8369
66 11.8369
67 11.8369
68 11.8369
69 11.8369
70 11.8369
71 11.8369
72 11.8369
73 11.8369
74 11.8369
75 11.8369
76 11.8369
77 11.8369
78 11.8369
79 11.8369
80 11.8369
81 11.8369
82 11.8369
83 11.8369
84 11.8369
85 11.8369
86 11.8369
87 11.8369
88 11.8369
89 11.8369
90 11.8369
91 11.8369
92 11.8369
93 11.8369
94 11.8369
95 11.8369
96 11.8369
97 11.8369
98 11.8369
99 11.8369
100 11.8369
101 11.8369
102 11.8369
103 11.8369
104 11.8369
105 11.8369
106 11.8369
107 11.8369
108 11.8369
109 11.8369
110 11.8369
111 11.8369
112 11.8369
113 11.8369
114 11.8369
115 11.8369
116 11.8369
117 11.8369
118 11.8369
119 11.8369
120 11.8369
121 11.8369
122 11.8369
123 11.8369
124 11.8369
125 11.8369
126 11.8369
127 11.8369
128 11.8369
129 11.8369
130 11.8369
131 11.8369
132 11.8369
133 11.8369
134 11.8369
135 11.8369
136 11.8369
137 11.8369
138 11.8369
139 11.8369
140 11.8369
141 11.8369
142 11.8369
143 11.8369
144 11.8369
145 11.8369
146 11.8369
147 11.8369
148 11.8369
149 11.8369
150 11.8369
151 11.8369
152 11.8369
153 11.8369
154 11.8369
155 11.8369
156 11.8369
157 11.8369
158 11.8369
159 11.8369
160 11.8369
161 11.8369
162 11.8369
163 11.8369
164 11.8369
165 11.8369
166 11.8369
167 11.8369
168 11.8369
169 11.8369
170 11.8369
171 11.8369
172 11.8369
173 11.8369
174 11.8369
175 11.8369
176 11.8369
177 11.8369
178 11.8369
179 11.8369
180 11.8369
181 11.8369
182 11.8369
183 11.8369
184 11.8369
185 11.8369
186 11.8369
187 11.8369
188 11.8369
189 11.8369
190 11.8369
191 11.8369
192 11.8369
193 11.8369
194 11.8369
195 11.8369
196 11.8369
197 11.8369
198 11.8369
199 11.8369
200 11.8369
201 11.8369
202 11.8369
203 11.8369
204 11.8369
205 11.8369
206 11.8369
207 11.8369
208 11.8369
209 11.8369
210 11.8369
211 11.8369
212 11.8369
213 11.8369
214 11.8369
215 11.8369
216 11.8369
217 11.8369
218 11.8369
219 11.8369
220 11.8369
221 11.8369
222 11.8369
223 11.8369
224 11.8369
225 11.8369
226 11.8369
227 11.8369
228 11.8369
229 11.8369
230 11.8369
231 11.8369
232 11.8369
233 11.8369
234 11.8369
235 11.8369
236 11.8369
237 11.8369
238 11.8369
239 11.8369
240 11.8369
241 11.8369
242 11.8369
243 11.8369
244 11.8369
245 11.8369
246 11.8369
247 11.8369
248 11.8369
249 11.9438
250 11.5898
251 11.0308
252 11.0848
253 11.377
254 11.2498
255 11.384
256 11.1703
257 11.2111
258 11.4865
259 11.1339
260 11.0596
261 10.401
262 9.47171
263 9.39426
264 9.39572
265 9.41323
266 9.43057
267 9.44491
268 9.46311
269 9.50787
270 9.65342
271 10.3936
272 10.5998
273 11.1418
274 10.5894
275 9.48474
276 9.33969
277 9.30524
278 9.30088
279 9.30488
280 9.31004
281 9.31599
282 9.3283
283 9.36155
284 9.45323
285 9.7375
286 9.74651
287 9.76954
288 9.8169
289 9.93794
290 10.632
291 10.6948
292 11.5001
293 12
294 11.8369
295 11.8369
296 11.8369
297 11.8369
298 11.8369
299 11.8369
300 11.8369
301 11.8369
302 11.8369
303 11.8369
304 11.8369
305 11.8369
306 11.8369
307 11.8369
308 11.8369
309 11.8369
310 11.8369
311 11.8369
312 11.8369
313 11.8369
314 11.8369
315 11.8369
316 11.8369
317 11.8369
318 11.8369
319 11.8369
320 11.8369
321 11.8369
322 11.8369
323 11.8369
324 11.8369
325 11.8369
326 11.8369
327 11.8369
328 11.8369
329 11.8369
330 11.8369
331 11.8369
332 11.8369
333 11.8369
334 11.8369
335 11.8369
336 11.8369
337 11.8369
338 11.8369
339 11.8369
340 11.8369
341 11.8369
342 11.8369
343 11.8369
344 11.8369
345 11.8369
346 11.8369
347 11.8369
348 11.8369
349 11.8369
350 11.8369
351 11.8369
352 11.8369
353 11.8369
354 11.8369
355 11.8369
356 11.8369
357 11.8369
358 11.8369
359 11.8369
360 11.8369
361 11.8369
362 11.8369
363 11.8369
364 11.8369
365 11.8369
366 11.8369
367 11.8369
368 11.8369
369 11.8369
370 11.8369
371 11.8369
372 11.8369
373 11.8369
374 11.8369
375 11.8369
376 11.8369
377 11.8369
378 11.8369
379 11.8369
380 11.8369
381 11.8369
382 11.8369
383 11.8369
384 11.8369
385 11.8369
386 11.8369
387 11.8369
388 11.8369
389 11.8369
390 11.8369
391 11.8369
392 11.8369
393 11.8369
394 11.8369
395 11.8369
396 11.8369
397 11.8369
398 11.8369
399 11.8369
400 11.8369
401 11.8369
402 11.8369
403 11.8369
404 11.8369
405 11.8369
406 11.8369
407 11.8369
408 11.8369
409 11.8369
410 11.8369
411 11.8369
412 11.8369
413 11.8369
414 11.8369
415 11.8369
416 11.8369
417 11.8369
418 11.8369
419 11.8369
420 11.8369
421 11.8369
422 11.8369
423 11.8369
424 11.8369
425 11.8369
426 11.8369
427 11.8369
428 11.8369
429 11.8369
430 11.8369
431 11.8369
432 11.8369
433 11.8369
434 11.8369
435 11.8369
436 11.8369
437 11.8369
438 11.8369
439 11.8369
440 11.8369
441 11.8369
442 11.8369
443 11.8369
444 11.8369
445 11.8369
446 11.8369
447 11.8369
448 11.8369
449 11.8369
450 11.8369
451 11.8369
452 11.8369
453 11.8369
454 11.8369
455 11.8369
456 11.8369
457 11.8369
458 11.8369
459 11.8369
460 11.8369
461 11.8369
462 11.8369
463 11.8369
464 11.8369
465 11.8369
466 11.8369
467 11.8369
468 11.8369
469 11.8369
470 11.8369
471 11.8369
472 11.8369
473 11.8369
474 11.8369
475 11.8369
476 11.8369
477 11.8369
478 11.8369
479 11.8369
480 11.8369
481 11.8369
482 11.8369
483 11.8369
484 11.8369
485 11.8369
486 11.8369
487 11.8369
488 11.8369
489 11.8369
490 11.8369
491 11.8369
492 11.8369
493 11.8369
494 11.8369
495 11.8369
496 11.8369
497 11.8369
498 11.8369
499 11.8369
500 11.8369
501 11.8369
502 11.8369
503 11.8369
504 11.8369
505 11.8369
506 11.8369
507 11.8369
508 11.8369
509 11.8369
510 11.8369
511 11.8369
512 11.8369
513 11.8369
514 11.8369
515 11.8369
516 11.8369
517 11.8369
518 11.8369
519 11.8369
520 11.8369
521 11.8369
522 11.8369
523 11.8369
524 11.8369
525 11.8369
526 11.8369
527 11.8369
528 11.8369
529 11.8369
530 11.8369
531 11.8369
532 11.8369
533 11.8369
534 11.8369
535 11.8369
536 11.8369
537 11.8369
538 11.8369
539 11.8369
540 11.8369
541 11.8369
542 11.8369
