1 11.9344
2 11.9344
3 11.9344
4 11.9344
5 11.9344
6 11.9344
7 11.9344
8 11.9344
9 11.9344
10 11.9344
11 11.9344
12 11.9344
13 11.9344
14 11.9344
15 11.9344
16 11.9344
17 11.9344
18 11.9344
19 11.9344
20 11.9344
21 11.9344
22 11.9344
23 11.9344
24 11.9344
25 11.9344
26 11.9344
27 11.9344
28 11.9344
29 11.9344
30 11.9344
31 11.9344
32 11.9344
33 11.9344
34 11.9344
35 11.9344
36 11.9344
37 11.9344
38 11.9344
39 11.9344
40 11.9344
41 11.9344
42 11.9344
43 11.9344
44 11.9344
45 11.9344
46 11.9344
47 11.9344
48 11.9344
49 11.9344
50 11.9344
51 11.9344
52 11.9344
53 11.9344
54 11.9344
55 11.9344
56 11.9344
57 11.9344
58 11.9344
59 11.9344
60 11.9344
61 11.9344
62 11.9344
63 11.9344
64 11.9344
65 11.9344
66 11.9344
67 11.9344
68 11.9344
69 11.9344
70 11.9344
71 11.9344
72 11.9344
73 11.9344
74 11.9344
75 11.9344
76 11.9344
77 11.9344
78 11.9344
79 11.9344
80 11.9344
81 11.9344
82 11.9344
83 11.9344
84 11.9344
85 11.9344
86 11.9344
87 11.9344
88 11.9344
89 11.9344
90 11.9344
91 11.9344
92 11.9344
93 11.9344
94 11.9344
95 11.9344
96 11.9344
97 11.9344
98 11.9344
99 11.9344
100 11.9344
101 11.9344
102 11.9344
103 11.9344
104 11.9344
105 11.9344
106 11.9344
107 11.9344
108 11.9344
109 11.9344
110 11.9344
111 11.9344
112 11.9344
113 11.9344
114 11.9344
115 11.9344
116 11.9344
117 11.9344
118 11.9344
119 11.9344
120 11.9344
121 11.9344
122 11.9344
123 11.9344
124 11.9344
125 11.9344
126 11.9344
127 11.9344
128 11.9344
129 11.9344
130 11.9344
131 11.9344
132 11.9344
133 11.9344
134 11.9344
135 11.9344
136 11.9344
137 11.9344
138 11.9344
139 11.9344
140 11.9344
141 11.9344
142 11.9344
143 11.9344
144 11.9344
145 11.9344
146 11.9344
147 11.9344
148 11.9344
149 11.9344
150 11.9344
151 11.9344
152 11.9344
153 11.9344
154 11.9344
155 11.9344
156 11.9344
157 11.9344
158 11.9344
159 11.9344
160 11.9344
161 11.9344
162 11.9344
163 11.9344
164 11.9344
165 11.9344
166 11.9344
167 11.9344
168 11.9344
169 11.9344
170 11.9344
171 11.9344
172 11.9344
173 11.9344
174 11.9344
175 11.9344
176 11.9344
177 11.9344
178 11.9344
179 11.9344
180 11.9344
181 11.9344
182 11.9344
183 11.9344
184 11.9344
185 11.9344
186 11.9344
187 11.9344
188 11.9344
189 11.9344
190 11.9344
191 11.9344
192 11.9344
193 11.9344
194 11.9344
195 11.9344
196 11.9344
197 11.9344
198 11.9344
199 11.9344
200 11.9344
201 11.9344
202 11.9344
203 11.9344
204 11.9344
205 11.9344
206 11.9344
207 11.9344
208 11.9344
209 11.9344
210 11.9344
211 11.9344
212 11.9344
213 11.9344
214 11.9344
215 11.9344
216 11.9344
217 11.9344
218 11.9344
219 11.9344
220 11.9344
221 11.9344
222 11.9344
223 11.9344
224 11.9344
225 11.9344
226 11.9344
227 11.9344
228 11.9344
229 11.9344
230 11.9344
231 11.9344
232 11.9344
233 11.9344
234 11.9344
235 11.9344
236 11.9344
237 11.9344
238 11.9344
239 11.9344
240 11.9344
241 11.9344
242 11.9344
243 11.9344
244 11.9344
245 11.9344
246 11.9716
247 12
248 11.6919
249 11.2542
250 10.6987
251 10.0428
252 10.0197
253 10.0366
254 9.72094
255 9.63828
256 9.1048
257 8.99286
258 8.96404
259 8.67157
260 8.6189
261 8.27021
262 7.56433
263 7.51848
264 7.54095
265 7.56993
266 7.59236
267 7.60633
268 7.61488
269 7.62853
270 7.67815
271 7.86611
272 7.87214
273 7.94911
274 7.76132
275 7.08898
276 6.94705
277 6.91109
278 6.90518
279 6.90504
280 6.90073
281 6.88781
282 6.86512
283 6.83537
284 6.80968
285 6.82386
286 6.78912
287 6.75331
288 6.73368
289 6.7854
290 7.34697
291 7.39679
292 8.31653
293 9.25418
294 10.1923
295 11.0985
296 11.8256
297 11.9344
298 11.9344
299 11.9344
300 11.9344
301 11.9344
302 11.9344
303 11.9344
304 11.9344
305 11.9344
306 11.9344
307 11.9344
308 11.9344
309 11.9344
310 11.9344
311 11.9344
312 11.9344
313 11.9344
314 11.9344
315 11.9344
316 11.9344
317 11.9344
318 11.9344
319 11.9344
320 11.9344
321 11.9344
322 11.9344
323 11.9344
324 11.9344
325 11.9344
326 11.9344
327 11.9344
328 11.9344
329 11.9344
330 11.9344
331 11.9344
332 11.9344
333 11.9344
334 11.9344
335 11.9344
336 11.9344
337 11.9344
338 11.9344
339 11.9344
340 11.9344
341 11.9344
342 11.9344
343 11.9344
344 11.9344
345 11.9344
346 11.9344
347 11.9344
348 11.9344
349 11.9344
350 11.9344
351 11.9344
352 11.9344
353 11.9344
354 11.9344
355 11.9344
356 11.9344
357 11.9344
358 11.9344
359 11.9344
360 11.9344
361 11.9344
362 11.9344
363 11.9344
364 11.9344
365 11.9344
366 11.9344
367 11.9344
368 11.9344
369 11.9344
370 11.9344
371 11.9344
372 11.9344
373 11.9344
374 11.9344
375 11.9344
376 11.9344
377 11.9344
378 11.9344
379 11.9344
380 11.9344
381 11.9344
382 11.9344
383 11.9344
384 11.9344
385 11.9344
386 11.9344
387 11.9344
388 11.9344
389 11.9344
390 11.9344
391 11.9344
392 11.9344
393 11.9344
394 11.9344
395 11.9344
396 11.9344
397 11.9344
398 11.9344
399 11.9344
400 11.9344
401 11.9344
402 11.9344
403 11.9344
404 11.9344
405 11.9344
406 11.9344
407 11.9344
408 11.9344
409 11.9344
410 11.9344
411 11.9344
412 11.9344
413 11.9344
414 11.9344
415 11.9344
416 11.9344
417 11.9344
418 11.9344
419 11.9344
420 11.9344
421 11.9344
422 11.9344
423 11.9344
424 11.9344
425 11.9344
426 11.9344
427 11.9344
428 11.9344
429 11.9344
430 11.9344
431 11.9344
432 11.9344
433 11.9344
434 11.9344
435 11.9344
436 11.9344
437 11.9344
438 11.9344
439 11.9344
440 11.9344
441 11.9344
442 11.9344
443 11.9344
444 11.9344
445 11.9344
446 11.9344
447 11.9344
448 11.9344
449 11.9344
450 11.9344
451 11.9344
452 11.9344
453 11.9344
454 11.9344
455 11.9344
456 11.9344
457 11.9344
458 11.9344
459 11.9344
460 11.9344
461 11.9344
462 11.9344
463 11.9344
464 11.9344
465 11.9344
466 11.9344
467 11.9344
468 11.9344
469 11.9344
470 11.9344
471 11.9344
472 11.9344
473 11.9344
474 11.9344
475 11.9344
476 11.9344
477 11.9344
478 11.9344
479 11.9344
480 11.9344
481 11.9344
482 11.9344
483 11.9344
484 11.9344
485 11.9344
486 11.9344
487 11.9344
488 11.9344
489 11.9344
490 11.9344
491 11.9344
492 11.9344
493 11.9344
494 11.9344
495 11.9344
496 11.9344
497 11.9344
498 11.9344
499 11.9344
500 11.9344
501 11.9344
502 11.9344
503 11.9344
504 11.9344
505 11.9344
506 11.9344
507 11.9344
508 11.9344
509 11.9344
510 11.9344
511 11.9344
512 11.9344
513 11.9344
514 11.9344
515 11.9344
516 11.9344
517 11.9344
518 11.9344
519 11.9344
520 11.9344
521 11.9344
522 11.9344
523 11.9344
524 11.9344
525 11.9344
526 11.9344
527 11.9344
528 11.9344
529 11.9344
530 11.9344
531 11.9344
532 11.9344
533 11.9344
534 11.9344
535 11.9344
536 11.9344
537 11.9344
538 11.9344
539 11.9344
540 11.9344
541 11.9344
542 11.9344
