1 11.9842
2 11.9842
3 11.9842
4 11.9842
5 11.9842
6 11.9842
7 11.9842
8 11.9842
9 11.9842
10 11.9842
11 11.9842
12 11.9842
13 11.9842
14 11.9842
15 11.9842
16 11.9842
17 11.9842
18 11.9842
19 11.9842
20 11.9842
21 11.9842
22 11.9842
23 11.9842
24 11.9842
25 11.9842
26 11.9842
27 11.9842
28 11.9842
29 11.9842
30 11.9842
31 11.9842
32 11.9842
33 11.9842
34 11.9842
35 11.9842
36 11.9842
37 11.9842
38 11.9842
39 11.9842
40 11.9842
41 11.9842
42 11.9842
43 11.9842
44 11.9842
45 11.9842
46 11.9842
47 11.9842
48 11.9842
49 11.9842
50 11.9842
51 11.9842
52 11.9842
53 11.9842
54 11.9842
55 11.9842
56 11.9842
57 11.9842
58 11.9842
59 11.9842
60 11.9842
61 11.9842
62 11.9842
63 11.9842
64 11.9842
65 11.9842
66 11.9842
67 11.9842
68 11.9842
69 11.9842
70 11.9842
71 11.9842
72 11.9842
73 11.9842
74 11.9842
75 11.9842
76 11.9842
77 11.9842
78 11.9842
79 11.9842
80 11.9842
81 11.9842
82 11.9842
83 11.9842
84 11.9842
85 11.9842
86 11.9842
87 11.9842
88 11.9842
89 11.9842
90 11.9842
91 11.9842
92 11.9842
93 11.9842
94 11.9842
95 11.9842
96 11.9842
97 11.9842
98 11.9842
99 11.9842
100 11.9842
101 11.9842
102 11.9842
103 11.9842
104 11.9842
105 11.9842
106 11.9842
107 11.9842
108 11.9842
109 11.9842
110 11.9842
111 11.9842
112 11.9842
113 11.9842
114 11.9842
115 11.9842
116 11.9842
117 11.9842
118 11.9842
119 11.9842
120 11.9842
121 11.9842
122 11.9842
123 11.9842
124 11.9842
125 11.9842
126 11.9842
127 11.9842
128 11.9842
129 11.9842
130 11.9842
131 11.9842
132 11.9842
133 11.9842
134 11.9842
135 11.9842
136 11.9842
137 11.9842
138 11.9842
139 11.9842
140 11.9842
141 11.9842
142 11.9842
143 11.9842
144 11.9842
145 11.9842
146 11.9842
147 11.9842
148 11.9842
149 11.9842
150 11.9842
151 11.9842
152 11.9842
153 11.9842
154 11.9842
155 11.9842
156 11.9842
157 11.9842
158 11.9842
159 11.9842
160 11.9842
161 11.9842
162 11.9842
163 11.9842
164 11.9842
165 11.9842
166 11.9842
167 11.9842
168 11.9842
169 11.9842
170 11.9842
171 11.9842
172 11.9842
173 11.9842
174 11.9842
175 11.9842
176 11.9842
177 11.9842
178 11.9842
179 11.9842
180 11.9842
181 11.9842
182 11.9842
183 11.9842
184 11.9842
185 11.9842
186 11.9842
187 11.9842
188 11.9842
189 11.9842
190 11.9842
191 11.9842
192 11.9842
193 11.9842
194 11.9842
195 11.9842
196 11.9842
197 11.9842
198 11.9842
199 11.9842
200 11.9842
201 11.9842
202 11.9842
203 11.9842
204 11.9842
205 11.9842
206 11.9842
207 11.9842
208 11.9842
209 11.9842
210 11.9842
211 11.9842
212 11.9842
213 11.9842
214 11.9842
215 11.9842
216 11.9842
217 11.9842
218 11.9842
219 11.9842
220 11.9842
221 11.9842
222 11.9842
223 11.9842
224 11.9842
225 11.9842
226 11.9842
227 11.9842
228 11.9842
229 11.9842
230 11.9842
231 11.9842
232 11.9842
233 11.9842
234 11.9842
235 11.9842
236 11.9842
237 11.9842
238 11.9842
239 11.9842
240 12
241 11.6853
242 11.1448
243 10.5335
244 9.86949
245 9.16438
246 8.42155
247 7.63494
248 6.79881
249 5.91718
250 5.00481
251 4.0804
252 4.01875
253 4.02567
254 3.62622
255 3.55325
256 3.0227
257 2.93563
258 2.93017
259 2.63539
260 2.57906
261 2.1786
262 1.38692
263 1.30698
264 1.3164
265 1.34252
266 1.3672
267 1.38577
268 1.39808
269 1.40542
270 1.4092
271 1.41042
272 1.41404
273 1.41497
274 1.41796
275 1.42344
276 1.4255
277 1.42556
278 1.42409
279 1.42076
280 1.41455
281 1.40381
282 1.38641
283 1.36069
284 1.328
285 1.30031
286 1.26705
287 1.22761
288 1.19437
289 1.21553
290 1.64493
291 1.66776
292 2.50257
293 3.36419
294 4.2454
295 5.13386
296 6.01248
297 6.86322
298 7.67349
299 8.44128
300 9.1734
301 9.87832
302 10.5478
303 11.1425
304 11.6688
305 12
306 11.9842
307 11.9842
308 11.9842
309 11.9842
310 11.9842
311 11.9842
312 11.9842
313 11.9842
314 11.9842
315 11.9842
316 11.9842
317 11.9842
318 11.9842
319 11.9842
320 11.9842
321 11.9842
322 11.9842
323 11.9842
324 11.9842
325 11.9842
326 11.9842
327 11.9842
328 11.9842
329 11.9842
330 11.9842
331 11.9842
332 11.9842
333 11.9842
334 11.9842
335 11.9842
336 11.9842
337 11.9842
338 11.9842
339 11.9842
340 11.9842
341 11.9842
342 11.9842
343 11.9842
344 11.9842
345 11.9842
346 11.9842
347 11.9842
348 11.9842
349 11.9842
350 11.9842
351 11.9842
352 11.9842
353 11.9842
354 11.9842
355 11.9842
356 11.9842
357 11.9842
358 11.9842
359 11.9842
360 11.9842
361 11.9842
362 11.9842
363 11.9842
364 11.9842
365 11.9842
366 11.9842
367 11.9842
368 11.9842
369 11.9842
370 11.9842
371 11.9842
372 11.9842
373 11.9842
374 11.9842
375 11.9842
376 11.9842
377 11.9842
378 11.9842
379 11.9842
380 11.9842
381 11.9842
382 11.9842
383 11.9842
384 11.9842
385 11.9842
386 11.9842
387 11.9842
388 11.9842
389 11.9842
390 11.9842
391 11.9842
392 11.9842
393 11.9842
394 11.9842
395 11.9842
396 11.9842
397 11.9842
398 11.9842
399 11.9842
400 11.9842
401 11.9842
402 11.9842
403 11.9842
404 11.9842
405 11.9842
406 11.9842
407 11.9842
408 11.9842
409 11.9842
410 11.9842
411 11.9842
412 11.9842
413 11.9842
414 11.9842
415 11.9842
416 11.9842
417 11.9842
418 11.9842
419 11.9842
420 11.9842
421 11.9842
422 11.9842
423 11.9842
424 11.9842
425 11.9842
426 11.9842
427 11.9842
428 11.9842
429 11.9842
430 11.9842
431 11.9842
432 11.9842
433 11.9842
434 11.9842
435 11.9842
436 11.9842
437 11.9842
438 11.9842
439 11.9842
440 11.9842
441 11.9842
442 11.9842
443 11.9842
444 11.9842
445 11.9842
446 11.9842
447 11.9842
448 11.9842
449 11.9842
450 11.9842
451 11.9842
452 11.9842
453 11.9842
454 11.9842
455 11.9842
456 11.9842
457 11.9842
458 11.9842
459 11.9842
460 11.9842
461 11.9842
462 11.9842
463 11.9842
464 11.9842
465 11.9842
466 11.9842
467 11.9842
468 11.9842
469 11.9842
470 11.9842
471 11.9842
472 11.9842
473 11.9842
474 11.9842
475 11.9842
476 11.9842
477 11.9842
478 11.9842
479 11.9842
480 11.9842
481 11.9842
482 11.9842
483 11.9842
484 11.9842
485 11.9842
486 11.9842
487 11.9842
488 11.9842
489 11.9842
490 11.9842
491 11.9842
492 11.9842
493 11.9842
494 11.9842
495 11.9842
496 11.9842
497 11.9842
498 11.9842
499 11.9842
500 11.9842
501 11.9842
502 11.9842
503 11.9842
504 11.9842
505 11.9842
506 11.9842
507 11.9842
508 11.9842
509 11.9842
510 11.9842
511 11.9842
512 11.9842
513 11.9842
514 11.9842
515 11.9842
516 11.9842
517 11.9842
518 11.9842
519 11.9842
520 11.9842
521 11.9842
522 11.9842
523 11.9842
524 11.9842
525 11.9842
526 11.9842
527 11.9842
528 11.9842
529 11.9842
530 11.9842
531 11.9842
532 11.9842
533 11.9842
534 11.9842
535 11.9842
536 11.9842
537 11.9842
538 11.9842
539 11.9842
540 11.9842
541 11.9842
542 11.9842
