1 11.9929
2 11.9929
3 11.9929
4 11.9929
5 11.9929
6 11.9929
7 11.9929
8 11.9929
9 11.9929
10 11.9929
11 11.9929
12 11.9929
13 11.9929
14 11.9929
15 11.9929
16 11.9929
17 11.9929
18 11.9929
19 11.9929
20 11.9929
21 11.9929
22 11.9929
23 11.9929
24 11.9929
25 11.9929
26 11.9929
27 11.9929
28 11.9929
29 11.9929
30 11.9929
31 11.9929
32 11.9929
33 11.9929
34 11.9929
35 11.9929
36 11.9929
37 11.9929
38 11.9929
39 11.9929
40 11.9929
41 11.9929
42 11.9929
43 11.9929
44 11.9929
45 11.9929
46 11.9929
47 11.9929
48 11.9929
49 11.9929
50 11.9929
51 11.9929
52 11.9929
53 11.9929
54 11.9929
55 11.9929
56 11.9929
57 11.9929
58 11.9929
59 11.9929
60 11.9929
61 11.9929
62 11.9929
63 11.9929
64 11.9929
65 11.9929
66 11.9929
67 11.9929
68 11.9929
69 11.9929
70 11.9929
71 11.9929
72 11.9929
73 11.9929
74 11.9929
75 11.9929
76 11.9929
77 11.9929
78 11.9929
79 11.9929
80 11.9929
81 11.9929
82 11.9929
83 11.9929
84 11.9929
85 11.9929
86 11.9929
87 11.9929
88 11.9929
89 11.9929
90 11.9929
91 11.9929
92 11.9929
93 11.9929
94 11.9929
95 11.9929
96 11.9929
97 11.9929
98 11.9929
99 11.9929
100 11.9929
101 11.9929
102 11.9929
103 11.9929
104 11.9929
105 11.9929
106 11.9929
107 11.9929
108 11.9929
109 11.9929
110 11.9929
111 11.9929
112 11.9929
113 11.9929
114 11.9929
115 11.9929
116 11.9929
117 11.9929
118 11.9929
119 11.9929
120 11.9929
121 11.9929
122 11.9929
123 11.9929
124 11.9929
125 11.9929
126 11.9929
127 11.9929
128 11.9929
129 11.9929
130 11.9929
131 11.9929
132 11.9929
133 11.9929
134 11.9929
135 11.9929
136 11.9929
137 11.9929
138 11.9929
139 11.9929
140 11.9929
141 11.9929
142 11.9929
143 11.9929
144 11.9929
145 11.9929
146 11.9929
147 11.9929
148 11.9929
149 11.9929
150 11.9929
151 11.9929
152 11.9929
153 11.9929
154 11.9929
155 11.9929
156 11.9929
157 11.9929
158 11.9929
159 11.9929
160 11.9929
161 11.9929
162 11.9929
163 11.9929
164 11.9929
165 11.9929
166 11.9929
167 11.9929
168 11.9929
169 11.9929
170 11.9929
171 11.9929
172 11.9929
173 11.9929
174 11.9929
175 11.9929
176 11.9929
177 11.9929
178 11.9929
179 11.9929
180 11.9929
181 11.9929
182 11.9929
183 11.9929
184 11.9929
185 11.9929
186 11.9929
187 11.9929
188 11.9929
189 11.9929
190 11.9929
191 11.9929
192 11.9929
193 11.9929
194 11.9929
195 11.9929
196 11.9929
197 11.9929
198 11.9929
199 11.9929
200 11.9929
201 11.9929
202 11.9929
203 11.9929
204 11.9929
205 11.9929
206 11.9929
207 11.9929
208 11.9929
209 11.9929
210 11.9929
211 11.9929
212 11.9929
213 11.9929
214 11.9929
215 11.9929
216 11.9929
217 11.9929
218 11.9929
219 11.9929
220 11.9929
221 11.9929
222 11.9929
223 11.9929
224 11.9929
225 11.9929
226 11.9929
227 11.9929
228 11.9929
229 11.9929
230 11.9929
231 11.9929
232 11.9929
233 11.9929
234 11.945
235 11.4935
236 10.7778
237 10.0139
238 9.25364
239 8.50513
240 7.771
241 7.05318
242 6.35341
243 5.67298
244 5.01309
245 4.37476
246 3.75893
247 3.16642
248 2.59798
249 2.05428
250 1.53593
251 1.04351
252 1.07831
253 1.12654
254 1.15954
255 1.19358
256 1.22677
257 1.2503
258 1.26158
259 1.27672
260 1.28288
261 1.29099
262 1.30123
263 1.30476
264 1.30583
265 1.30613
266 1.30621
267 1.30622
268 1.30623
269 1.30623
270 1.30623
271 1.30623
272 1.30623
273 1.30623
274 1.30623
275 1.30623
276 1.30623
277 1.30623
278 1.30623
279 1.30622
280 1.30617
281 1.30602
282 1.30554
283 1.30407
284 1.30001
285 1.29
286 1.28299
287 1.2676
288 1.23978
289 1.21012
290 1.30618
291 1.2831
292 1.80136
293 2.34103
294 2.89856
295 3.46955
296 4.04881
297 4.63091
298 5.21085
299 5.78509
300 6.35225
301 6.9134
302 7.47172
303 8.03158
304 8.59751
305 9.17365
306 9.7615
307 10.3605
308 10.9602
309 11.525
310 11.9083
311 12
312 11.9929
313 11.9929
314 11.9929
315 11.9929
316 11.9929
317 11.9929
318 11.9929
319 11.9929
320 11.9929
321 11.9929
322 11.9929
323 11.9929
324 11.9929
325 11.9929
326 11.9929
327 11.9929
328 11.9929
329 11.9929
330 11.9929
331 11.9929
332 11.9929
333 11.9929
334 11.9929
335 11.9929
336 11.9929
337 11.9929
338 11.9929
339 11.9929
340 11.9929
341 11.9929
342 11.9929
343 11.9929
344 11.9929
345 11.9929
346 11.9929
347 11.9929
348 11.9929
349 11.9929
350 11.9929
351 11.9929
352 11.9929
353 11.9929
354 11.9929
355 11.9929
356 11.9929
357 11.9929
358 11.9929
359 11.9929
360 11.9929
361 11.9929
362 11.9929
363 11.9929
364 11.9929
365 11.9929
366 11.9929
367 11.9929
368 11.9929
369 11.9929
370 11.9929
371 11.9929
372 11.9929
373 11.9929
374 11.9929
375 11.9929
376 11.9929
377 11.9929
378 11.9929
379 11.9929
380 11.9929
381 11.9929
382 11.9929
383 11.9929
384 11.9929
385 11.9929
386 11.9929
387 11.9929
388 11.9929
389 11.9929
390 11.9929
391 11.9929
392 11.9929
393 11.9929
394 11.9929
395 11.9929
396 11.9929
397 11.9929
398 11.9929
399 11.9929
400 11.9929
401 11.9929
402 11.9929
403 11.9929
404 11.9929
405 11.9929
406 11.9929
407 11.9929
408 11.9929
409 11.9929
410 11.9929
411 11.9929
412 11.9929
413 11.9929
414 11.9929
415 11.9929
416 11.9929
417 11.9929
418 11.9929
419 11.9929
420 11.9929
421 11.9929
422 11.9929
423 11.9929
424 11.9929
425 11.9929
426 11.9929
427 11.9929
428 11.9929
429 11.9929
430 11.9929
431 11.9929
432 11.9929
433 11.9929
434 11.9929
435 11.9929
436 11.9929
437 11.9929
438 11.9929
439 11.9929
440 11.9929
441 11.9929
442 11.9929
443 11.9929
444 11.9929
445 11.9929
446 11.9929
447 11.9929
448 11.9929
449 11.9929
450 11.9929
451 11.9929
452 11.9929
453 11.9929
454 11.9929
455 11.9929
456 11.9929
457 11.9929
458 11.9929
459 11.9929
460 11.9929
461 11.9929
462 11.9929
463 11.9929
464 11.9929
465 11.9929
466 11.9929
467 11.9929
468 11.9929
469 11.9929
470 11.9929
471 11.9929
472 11.9929
473 11.9929
474 11.9929
475 11.9929
476 11.9929
477 11.9929
478 11.9929
479 11.9929
480 11.9929
481 11.9929
482 11.9929
483 11.9929
484 11.9929
485 11.9929
486 11.9929
487 11.9929
488 11.9929
489 11.9929
490 11.9929
491 11.9929
492 11.9929
493 11.9929
494 11.9929
495 11.9929
496 11.9929
497 11.9929
498 11.9929
499 11.9929
500 11.9929
501 11.9929
502 11.9929
503 11.9929
504 11.9929
505 11.9929
506 11.9929
507 11.9929
508 11.9929
509 11.9929
510 11.9929
511 11.9929
512 11.9929
513 11.9929
514 11.9929
515 11.9929
516 11.9929
517 11.9929
518 11.9929
519 11.9929
520 11.9929
521 11.9929
522 11.9929
523 11.9929
524 11.9929
525 11.9929
526 11.9929
527 11.9929
528 11.9929
529 11.9929
530 11.9929
531 11.9929
532 11.9929
533 11.9929
534 11.9929
535 11.9929
536 11.9929
537 11.9929
538 11.9929
539 11.9929
540 11.9929
541 11.9929
542 11.9929
