1 11.9996
2 11.9996
3 11.9996
4 11.9996
5 11.9996
6 11.9996
7 11.9996
8 11.9996
9 11.9996
10 11.9996
11 11.9996
12 11.9996
13 11.9996
14 11.9996
15 11.9996
16 11.9996
17 11.9996
18 11.9996
19 11.9996
20 11.9996
21 11.9996
22 11.9996
23 11.9996
24 11.9996
25 11.9996
26 11.9996
27 11.9996
28 11.9996
29 11.9996
30 11.9996
31 11.9996
32 11.9996
33 11.9996
34 11.9996
35 11.9996
36 11.9996
37 11.9996
38 11.9996
39 11.9996
40 11.9996
41 11.9996
42 11.9996
43 11.9996
44 11.9996
45 11.9996
46 11.9996
47 11.9996
48 11.9996
49 11.9996
50 11.9996
51 11.9996
52 11.9996
53 11.9996
54 11.9996
55 11.9996
56 11.9996
57 11.9996
58 11.9996
59 11.9996
60 11.9996
61 11.9996
62 11.9996
63 11.9996
64 11.9996
65 11.9996
66 11.9996
67 11.9996
68 11.9996
69 11.9996
70 11.9996
71 11.9996
72 11.9996
73 11.9996
74 11.9996
75 11.9996
76 11.9996
77 11.9996
78 11.9996
79 11.9996
80 11.9996
81 11.9996
82 11.9996
83 11.9996
84 11.9996
85 11.9996
86 11.9996
87 11.9996
88 11.9996
89 11.9996
90 11.9996
91 11.9996
92 11.9996
93 11.9996
94 11.9996
95 11.9996
96 11.9996
97 11.9996
98 11.9996
99 11.9996
100 11.9996
101 11.9996
102 11.9996
103 11.9996
104 11.9996
105 11.9996
106 11.9996
107 11.9996
108 11.9996
109 11.9996
110 11.9996
111 11.9996
112 11.9996
113 11.9996
114 11.9996
115 11.9996
116 11.9996
117 11.9996
118 11.9996
119 11.9996
120 11.9996
121 11.9996
122 11.9996
123 11.9996
124 11.9996
125 11.9996
126 11.9996
127 11.9996
128 11.9996
129 11.9996
130 11.9996
131 11.9996
132 11.9996
133 11.9996
134 11.9996
135 11.9996
136 11.9996
137 11.9996
138 11.9996
139 11.9996
140 11.9996
141 11.9996
142 11.9996
143 11.9996
144 11.9996
145 11.9996
146 11.9996
147 11.9996
148 11.9996
149 11.9996
150 11.9996
151 11.9996
152 11.9996
153 11.9996
154 11.9996
155 11.9996
156 11.9996
157 11.9996
158 11.9996
159 11.9996
160 11.9996
161 11.9996
162 11.9996
163 11.9996
164 11.9996
165 11.9996
166 11.9996
167 11.9996
168 11.9996
169 11.9996
170 11.9996
171 11.9996
172 11.9996
173 11.9996
174 11.9996
175 11.9996
176 11.9996
177 11.9996
178 11.9996
179 11.9996
180 11.9996
181 11.9996
182 11.9996
183 11.9996
184 11.9996
185 11.9996
186 11.9996
187 11.9996
188 11.9996
189 11.9996
190 11.9996
191 11.9996
192 11.9996
193 11.9996
194 11.9996
195 11.9996
196 11.9996
197 11.9996
198 11.9996
199 11.9996
200 11.9996
201 11.9996
202 11.9996
203 11.9996
204 11.9996
205 11.9996
206 11.9996
207 11.9996
208 11.9996
209 11.9996
210 11.9996
211 11.9996
212 11.9996
213 11.9996
214 11.9996
215 11.9996
216 11.9996
217 11.9996
218 11.9996
219 11.9996
220 11.9996
221 11.9996
222 12
223 11.9904
224 11.9178
225 11.6408
226 10.9961
227 10.0793
228 9.17403
229 8.40137
230 7.73913
231 7.14684
232 6.59957
233 6.08514
234 5.59819
235 5.13652
236 4.69936
237 4.28655
238 3.89821
239 3.53458
240 3.1959
241 2.88243
242 2.59437
243 2.33183
244 2.0948
245 1.88312
246 1.69642
247 1.53408
248 1.3952
249 1.27855
250 1.18257
251 1.10533
252 1.13603
253 1.15041
254 1.16546
255 1.17006
256 1.17481
257 1.17603
258 1.17631
259 1.1766
260 1.17667
261 1.17673
262 1.1768
263 1.17681
264 1.17682
265 1.17682
266 1.17682
267 1.17682
268 1.17682
269 1.17682
270 1.17682
271 1.17682
272 1.17682
273 1.17682
274 1.17682
275 1.17682
276 1.17682
277 1.17682
278 1.17682
279 1.17682
280 1.17682
281 1.17682
282 1.17681
283 1.1768
284 1.17673
285 1.17645
286 1.17616
287 1.17497
288 1.17041
289 1.15557
290 1.12453
291 1.09296
292 1.1717
293 1.27025
294 1.39072
295 1.53491
296 1.70422
297 1.89975
298 2.12224
299 2.37215
300 2.64971
301 2.95491
302 3.28757
303 3.64736
304 4.03381
305 4.44637
306 4.88435
307 5.34705
308 5.83375
309 6.344
310 6.87812
311 7.43834
312 8.03103
313 8.6697
314 9.37471
315 10.1534
316 10.9357
317 11.545
318 11.8676
319 11.978
320 11.9994
321 11.9998
322 11.9996
323 11.9996
324 11.9996
325 11.9996
326 11.9996
327 11.9996
328 11.9996
329 11.9996
330 11.9996
331 11.9996
332 11.9996
333 11.9996
334 11.9996
335 11.9996
336 11.9996
337 11.9996
338 11.9996
339 11.9996
340 11.9996
341 11.9996
342 11.9996
343 11.9996
344 11.9996
345 11.9996
346 11.9996
347 11.9996
348 11.9996
349 11.9996
350 11.9996
351 11.9996
352 11.9996
353 11.9996
354 11.9996
355 11.9996
356 11.9996
357 11.9996
358 11.9996
359 11.9996
360 11.9996
361 11.9996
362 11.9996
363 11.9996
364 11.9996
365 11.9996
366 11.9996
367 11.9996
368 11.9996
369 11.9996
370 11.9996
371 11.9996
372 11.9996
373 11.9996
374 11.9996
375 11.9996
376 11.9996
377 11.9996
378 11.9996
379 11.9996
380 11.9996
381 11.9996
382 11.9996
383 11.9996
384 11.9996
385 11.9996
386 11.9996
387 11.9996
388 11.9996
389 11.9996
390 11.9996
391 11.9996
392 11.9996
393 11.9996
394 11.9996
395 11.9996
396 11.9996
397 11.9996
398 11.9996
399 11.9996
400 11.9996
401 11.9996
402 11.9996
403 11.9996
404 11.9996
405 11.9996
406 11.9996
407 11.9996
408 11.9996
409 11.9996
410 11.9996
411 11.9996
412 11.9996
413 11.9996
414 11.9996
415 11.9996
416 11.9996
417 11.9996
418 11.9996
419 11.9996
420 11.9996
421 11.9996
422 11.9996
423 11.9996
424 11.9996
425 11.9996
426 11.9996
427 11.9996
428 11.9996
429 11.9996
430 11.9996
431 11.9996
432 11.9996
433 11.9996
434 11.9996
435 11.9996
436 11.9996
437 11.9996
438 11.9996
439 11.9996
440 11.9996
441 11.9996
442 11.9996
443 11.9996
444 11.9996
445 11.9996
446 11.9996
447 11.9996
448 11.9996
449 11.9996
450 11.9996
451 11.9996
452 11.9996
453 11.9996
454 11.9996
455 11.9996
456 11.9996
457 11.9996
458 11.9996
459 11.9996
460 11.9996
461 11.9996
462 11.9996
463 11.9996
464 11.9996
465 11.9996
466 11.9996
467 11.9996
468 11.9996
469 11.9996
470 11.9996
471 11.9996
472 11.9996
473 11.9996
474 11.9996
475 11.9996
476 11.9996
477 11.9996
478 11.9996
479 11.9996
480 11.9996
481 11.9996
482 11.9996
483 11.9996
484 11.9996
485 11.9996
486 11.9996
487 11.9996
488 11.9996
489 11.9996
490 11.9996
491 11.9996
492 11.9996
493 11.9996
494 11.9996
495 11.9996
496 11.9996
497 11.9996
498 11.9996
499 11.9996
500 11.9996
501 11.9996
502 11.9996
503 11.9996
504 11.9996
505 11.9996
506 11.9996
507 11.9996
508 11.9996
509 11.9996
510 11.9996
511 11.9996
512 11.9996
513 11.9996
514 11.9996
515 11.9996
516 11.9996
517 11.9996
518 11.9996
519 11.9996
520 11.9996
521 11.9996
522 11.9996
523 11.9996
524 11.9996
525 11.9996
526 11.9996
527 11.9996
528 11.9996
529 11.9996
530 11.9996
531 11.9996
532 11.9996
533 11.9996
534 11.9996
535 11.9996
536 11.9996
537 11.9996
538 11.9996
539 11.9996
540 11.9996
541 11.9996
542 11.9996
