1 11.9584
2 11.9584
3 11.9584
4 11.9584
5 11.9584
6 11.9584
7 11.9584
8 11.9584
9 11.9584
10 11.9584
11 11.9584
12 11.9584
13 11.9584
14 11.9584
15 11.9584
16 11.9584
17 11.9584
18 11.9584
19 11.9584
20 11.9584
21 11.9584
22 11.9584
23 11.9584
24 11.9584
25 11.9584
26 11.9584
27 11.9584
28 11.9584
29 11.9584
30 11.9584
31 11.9584
32 11.9584
33 11.9584
34 11.9584
35 11.9584
36 11.9584
37 11.9584
38 11.9584
39 11.9584
40 11.9584
41 11.9584
42 11.9584
43 11.9584
44 11.9584
45 11.9584
46 11.9584
47 11.9584
48 11.9584
49 11.9584
50 11.9584
51 11.9584
52 11.9584
53 11.9584
54 11.9584
55 11.9584
56 11.9584
57 11.9584
58 11.9584
59 11.9584
60 11.9584
61 11.9584
62 11.9584
63 11.9584
64 11.9584
65 11.9584
66 11.9584
67 11.9584
68 11.9584
69 11.9584
70 11.9584
71 11.9584
72 11.9584
73 11.9584
74 11.9584
75 11.9584
76 11.9584
77 11.9584
78 11.9584
79 11.9584
80 11.9584
81 11.9584
82 11.9584
83 11.9584
84 11.9584
85 11.9584
86 11.9584
87 11.9584
88 11.9584
89 11.9584
90 11.9584
91 11.9584
92 11.9584
93 11.9584
94 11.9584
95 11.9584
96 11.9584
97 11.9584
98 11.9584
99 11.9584
100 11.9584
101 11.9584
102 11.9584
103 11.9584
104 11.9584
105 11.9584
106 11.9584
107 11.9584
108 11.9584
109 11.9584
110 11.9584
111 11.9584
112 11.9584
113 11.9584
114 11.9584
115 11.9584
116 11.9584
117 11.9584
118 11.9584
119 11.9584
120 11.9584
121 11.9584
122 11.9584
123 11.9584
124 11.9584
125 11.9584
126 11.9584
127 11.9584
128 11.9584
129 11.9584
130 11.9584
131 11.9584
132 11.9584
133 11.9584
134 11.9584
135 11.9584
136 11.9584
137 11.9584
138 11.9584
139 11.9584
140 11.9584
141 11.9584
142 11.9584
143 11.9584
144 11.9584
145 11.9584
146 11.9584
147 11.9584
148 11.9584
149 11.9584
150 11.9584
151 11.9584
152 11.9584
153 11.9584
154 11.9584
155 11.9584
156 11.9584
157 11.9584
158 11.9584
159 11.9584
160 11.9584
161 11.9584
162 11.9584
163 11.9584
164 11.9584
165 11.9584
166 11.9584
167 11.9584
168 11.9584
169 11.9584
170 11.9584
171 11.9584
172 11.9584
173 11.9584
174 11.9584
175 11.9584
176 11.9584
177 11.9584
178 11.9584
179 11.9584
180 11.9584
181 11.9584
182 11.9584
183 11.9584
184 11.9584
185 11.9584
186 11.9584
187 11.9584
188 11.9584
189 11.9584
190 11.9584
191 11.9584
192 11.9584
193 11.9584
194 11.9584
195 11.9584
196 11.9584
197 11.9584
198 11.9584
199 11.9584
200 11.9584
201 11.9584
202 11.9584
203 11.9584
204 11.9584
205 11.9584
206 11.9584
207 11.9584
208 11.9584
209 11.9584
210 11.9584
211 11.9584
212 11.9584
213 11.9584
214 11.9584
215 11.9584
216 11.9584
217 11.9584
218 11.9584
219 11.9584
220 11.9584
221 11.9584
222 11.9584
223 11.9584
224 11.9584
225 11.9584
226 11.9584
227 11.9584
228 11.9584
229 11.9584
230 11.9584
231 11.9584
232 11.9584
233 11.9584
234 11.9584
235 11.9584
236 11.9584
237 11.9584
238 11.9584
239 12
240 11.9146
241 11.3603
242 10.6032
243 9.74567
244 8.84683
245 7.93899
246 7.03874
247 6.15281
248 5.2832
249 4.42975
250 3.59166
251 2.76817
252 2.74562
253 2.7803
254 2.54981
255 2.52935
256 2.21402
257 2.17656
258 2.19105
259 2.0777
260 2.07308
261 1.92855
262 1.5159
263 1.47623
264 1.4911
265 1.50971
266 1.52249
267 1.52963
268 1.53314
269 1.5347
270 1.53531
271 1.53547
272 1.5358
273 1.5358
274 1.53591
275 1.53613
276 1.5361
277 1.53588
278 1.53536
279 1.53423
280 1.53195
281 1.52749
282 1.51916
283 1.50431
284 1.47949
285 1.44195
286 1.41685
287 1.37854
288 1.32919
289 1.297
290 1.50358
291 1.4726
292 2.10372
293 2.76178
294 3.44794
295 4.16293
296 4.90718
297 5.6808
298 6.48329
299 7.31267
300 8.16389
301 9.02623
302 9.88006
303 10.6913
304 11.4118
305 11.9386
306 12
307 11.9584
308 11.9584
309 11.9584
310 11.9584
311 11.9584
312 11.9584
313 11.9584
314 11.9584
315 11.9584
316 11.9584
317 11.9584
318 11.9584
319 11.9584
320 11.9584
321 11.9584
322 11.9584
323 11.9584
324 11.9584
325 11.9584
326 11.9584
327 11.9584
328 11.9584
329 11.9584
330 11.9584
331 11.9584
332 11.9584
333 11.9584
334 11.9584
335 11.9584
336 11.9584
337 11.9584
338 11.9584
339 11.9584
340 11.9584
341 11.9584
342 11.9584
343 11.9584
344 11.9584
345 11.9584
346 11.9584
347 11.9584
348 11.9584
349 11.9584
350 11.9584
351 11.9584
352 11.9584
353 11.9584
354 11.9584
355 11.9584
356 11.9584
357 11.9584
358 11.9584
359 11.9584
360 11.9584
361 11.9584
362 11.9584
363 11.9584
364 11.9584
365 11.9584
366 11.9584
367 11.9584
368 11.9584
369 11.9584
370 11.9584
371 11.9584
372 11.9584
373 11.9584
374 11.9584
375 11.9584
376 11.9584
377 11.9584
378 11.9584
379 11.9584
380 11.9584
381 11.9584
382 11.9584
383 11.9584
384 11.9584
385 11.9584
386 11.9584
387 11.9584
388 11.9584
389 11.9584
390 11.9584
391 11.9584
392 11.9584
393 11.9584
394 11.9584
395 11.9584
396 11.9584
397 11.9584
398 11.9584
399 11.9584
400 11.9584
401 11.9584
402 11.9584
403 11.9584
404 11.9584
405 11.9584
406 11.9584
407 11.9584
408 11.9584
409 11.9584
410 11.9584
411 11.9584
412 11.9584
413 11.9584
414 11.9584
415 11.9584
416 11.9584
417 11.9584
418 11.9584
419 11.9584
420 11.9584
421 11.9584
422 11.9584
423 11.9584
424 11.9584
425 11.9584
426 11.9584
427 11.9584
428 11.9584
429 11.9584
430 11.9584
431 11.9584
432 11.9584
433 11.9584
434 11.9584
435 11.9584
436 11.9584
437 11.9584
438 11.9584
439 11.9584
440 11.9584
441 11.9584
442 11.9584
443 11.9584
444 11.9584
445 11.9584
446 11.9584
447 11.9584
448 11.9584
449 11.9584
450 11.9584
451 11.9584
452 11.9584
453 11.9584
454 11.9584
455 11.9584
456 11.9584
457 11.9584
458 11.9584
459 11.9584
460 11.9584
461 11.9584
462 11.9584
463 11.9584
464 11.9584
465 11.9584
466 11.9584
467 11.9584
468 11.9584
469 11.9584
470 11.9584
471 11.9584
472 11.9584
473 11.9584
474 11.9584
475 11.9584
476 11.9584
477 11.9584
478 11.9584
479 11.9584
480 11.9584
481 11.9584
482 11.9584
483 11.9584
484 11.9584
485 11.9584
486 11.9584
487 11.9584
488 11.9584
489 11.9584
490 11.9584
491 11.9584
492 11.9584
493 11.9584
494 11.9584
495 11.9584
496 11.9584
497 11.9584
498 11.9584
499 11.9584
500 11.9584
501 11.9584
502 11.9584
503 11.9584
504 11.9584
505 11.9584
506 11.9584
507 11.9584
508 11.9584
509 11.9584
510 11.9584
511 11.9584
512 11.9584
513 11.9584
514 11.9584
515 11.9584
516 11.9584
517 11.9584
518 11.9584
519 11.9584
520 11.9584
521 11.9584
522 11.9584
523 11.9584
524 11.9584
525 11.9584
526 11.9584
527 11.9584
528 11.9584
529 11.9584
530 11.9584
531 11.9584
532 11.9584
533 11.9584
534 11.9584
535 11.9584
536 11.9584
537 11.9584
538 11.9584
539 11.9584
540 11.9584
541 11.9584
542 11.9584
