1 11.9784
2 11.9784
3 11.9784
4 11.9784
5 11.9784
6 11.9784
7 11.9784
8 11.9784
9 11.9784
10 11.9784
11 11.9784
12 11.9784
13 11.9784
14 11.9784
15 11.9784
16 11.9784
17 11.9784
18 11.9784
19 11.9784
20 11.9784
21 11.9784
22 11.9784
23 11.9784
24 11.9784
25 11.9784
26 11.9784
27 11.9784
28 11.9784
29 11.9784
30 11.9784
31 11.9784
32 11.9784
33 11.9784
34 11.9784
35 11.9784
36 11.9784
37 11.9784
38 11.9784
39 11.9784
40 11.9784
41 11.9784
42 11.9784
43 11.9784
44 11.9784
45 11.9784
46 11.9784
47 11.9784
48 11.9784
49 11.9784
50 11.9784
51 11.9784
52 11.9784
53 11.9784
54 11.9784
55 11.9784
56 11.9784
57 11.9784
58 11.9784
59 11.9784
60 11.9784
61 11.9784
62 11.9784
63 11.9784
64 11.9784
65 11.9784
66 11.9784
67 11.9784
68 11.9784
69 11.9784
70 11.9784
71 11.9784
72 11.9784
73 11.9784
74 11.9784
75 11.9784
76 11.9784
77 11.9784
78 11.9784
79 11.9784
80 11.9784
81 11.9784
82 11.9784
83 11.9784
84 11.9784
85 11.9784
86 11.9784
87 11.9784
88 11.9784
89 11.9784
90 11.9784
91 11.9784
92 11.9784
93 11.9784
94 11.9784
95 11.9784
96 11.9784
97 11.9784
98 11.9784
99 11.9784
100 11.9784
101 11.9784
102 11.9784
103 11.9784
104 11.9784
105 11.9784
106 11.9784
107 11.9784
108 11.9784
109 11.9784
110 11.9784
111 11.9784
112 11.9784
113 11.9784
114 11.9784
115 11.9784
116 11.9784
117 11.9784
118 11.9784
119 11.9784
120 11.9784
121 11.9784
122 11.9784
123 11.9784
124 11.9784
125 11.9784
126 11.9784
127 11.9784
128 11.9784
129 11.9784
130 11.9784
131 11.9784
132 11.9784
133 11.9784
134 11.9784
135 11.9784
136 11.9784
137 11.9784
138 11.9784
139 11.9784
140 11.9784
141 11.9784
142 11.9784
143 11.9784
144 11.9784
145 11.9784
146 11.9784
147 11.9784
148 11.9784
149 11.9784
150 11.9784
151 11.9784
152 11.9784
153 11.9784
154 11.9784
155 11.9784
156 11.9784
157 11.9784
158 11.9784
159 11.9784
160 11.9784
161 11.9784
162 11.9784
163 11.9784
164 11.9784
165 11.9784
166 11.9784
167 11.9784
168 11.9784
169 11.9784
170 11.9784
171 11.9784
172 11.9784
173 11.9784
174 11.9784
175 11.9784
176 11.9784
177 11.9784
178 11.9784
179 11.9784
180 11.9784
181 11.9784
182 11.9784
183 11.9784
184 11.9784
185 11.9784
186 11.9784
187 11.9784
188 11.9784
189 11.9784
190 11.9784
191 11.9784
192 11.9784
193 11.9784
194 11.9784
195 11.9784
196 11.9784
197 11.9784
198 11.9784
199 11.9784
200 11.9784
201 11.9784
202 11.9784
203 11.9784
204 11.9784
205 11.9784
206 11.9784
207 11.9784
208 11.9784
209 11.9784
210 11.9784
211 11.9784
212 11.9784
213 11.9784
214 11.9784
215 11.9784
216 11.9784
217 11.9784
218 11.9784
219 11.9784
220 11.9784
221 11.9784
222 11.9784
223 11.9784
224 11.9784
225 11.9784
226 11.9784
227 11.9784
228 11.9784
229 11.9784
230 11.9784
231 11.9784
232 11.9784
233 11.9784
234 12
235 11.8305
236 11.2165
237 10.442
238 9.65314
239 8.87584
240 8.1129
241 7.36533
242 6.63414
243 5.92066
244 5.22615
245 4.55179
246 3.89866
247 3.26776
248 2.66
249 2.07619
250 1.51707
251 0.983304
252 1.01453
253 1.06466
254 1.08844
255 1.12436
256 1.1518
257 1.17833
258 1.19272
259 1.21194
260 1.22076
261 1.2326
262 1.24768
263 1.25362
264 1.25561
265 1.25621
266 1.25638
267 1.25642
268 1.25643
269 1.25643
270 1.25643
271 1.25643
272 1.25643
273 1.25643
274 1.25643
275 1.25643
276 1.25643
277 1.25643
278 1.25643
279 1.2564
280 1.25632
281 1.25607
282 1.2553
283 1.25313
284 1.24763
285 1.23521
286 1.22663
287 1.20918
288 1.18021
289 1.15489
290 1.28017
291 1.26187
292 1.81329
293 2.38029
294 2.95783
295 3.54033
296 4.12233
297 4.69946
298 5.26936
299 5.83224
300 6.39071
301 6.94913
302 7.51256
303 8.08578
304 8.67267
305 9.27557
306 9.89444
307 10.5243
308 11.148
309 11.6886
310 11.954
311 11.9784
312 11.9784
313 11.9784
314 11.9784
315 11.9784
316 11.9784
317 11.9784
318 11.9784
319 11.9784
320 11.9784
321 11.9784
322 11.9784
323 11.9784
324 11.9784
325 11.9784
326 11.9784
327 11.9784
328 11.9784
329 11.9784
330 11.9784
331 11.9784
332 11.9784
333 11.9784
334 11.9784
335 11.9784
336 11.9784
337 11.9784
338 11.9784
339 11.9784
340 11.9784
341 11.9784
342 11.9784
343 11.9784
344 11.9784
345 11.9784
346 11.9784
347 11.9784
348 11.9784
349 11.9784
350 11.9784
351 11.9784
352 11.9784
353 11.9784
354 11.9784
355 11.9784
356 11.9784
357 11.9784
358 11.9784
359 11.9784
360 11.9784
361 11.9784
362 11.9784
363 11.9784
364 11.9784
365 11.9784
366 11.9784
367 11.9784
368 11.9784
369 11.9784
370 11.9784
371 11.9784
372 11.9784
373 11.9784
374 11.9784
375 11.9784
376 11.9784
377 11.9784
378 11.9784
379 11.9784
380 11.9784
381 11.9784
382 11.9784
383 11.9784
384 11.9784
385 11.9784
386 11.9784
387 11.9784
388 11.9784
389 11.9784
390 11.9784
391 11.9784
392 11.9784
393 11.9784
394 11.9784
395 11.9784
396 11.9784
397 11.9784
398 11.9784
399 11.9784
400 11.9784
401 11.9784
402 11.9784
403 11.9784
404 11.9784
405 11.9784
406 11.9784
407 11.9784
408 11.9784
409 11.9784
410 11.9784
411 11.9784
412 11.9784
413 11.9784
414 11.9784
415 11.9784
416 11.9784
417 11.9784
418 11.9784
419 11.9784
420 11.9784
421 11.9784
422 11.9784
423 11.9784
424 11.9784
425 11.9784
426 11.9784
427 11.9784
428 11.9784
429 11.9784
430 11.9784
431 11.9784
432 11.9784
433 11.9784
434 11.9784
435 11.9784
436 11.9784
437 11.9784
438 11.9784
439 11.9784
440 11.9784
441 11.9784
442 11.9784
443 11.9784
444 11.9784
445 11.9784
446 11.9784
447 11.9784
448 11.9784
449 11.9784
450 11.9784
451 11.9784
452 11.9784
453 11.9784
454 11.9784
455 11.9784
456 11.9784
457 11.9784
458 11.9784
459 11.9784
460 11.9784
461 11.9784
462 11.9784
463 11.9784
464 11.9784
465 11.9784
466 11.9784
467 11.9784
468 11.9784
469 11.9784
470 11.9784
471 11.9784
472 11.9784
473 11.9784
474 11.9784
475 11.9784
476 11.9784
477 11.9784
478 11.9784
479 11.9784
480 11.9784
481 11.9784
482 11.9784
483 11.9784
484 11.9784
485 11.9784
486 11.9784
487 11.9784
488 11.9784
489 11.9784
490 11.9784
491 11.9784
492 11.9784
493 11.9784
494 11.9784
495 11.9784
496 11.9784
497 11.9784
498 11.9784
499 11.9784
500 11.9784
501 11.9784
502 11.9784
503 11.9784
504 11.9784
505 11.9784
506 11.9784
507 11.9784
508 11.9784
509 11.9784
510 11.9784
511 11.9784
512 11.9784
513 11.9784
514 11.9784
515 11.9784
516 11.9784
517 11.9784
518 11.9784
519 11.9784
520 11.9784
521 11.9784
522 11.9784
523 11.9784
524 11.9784
525 11.9784
526 11.9784
527 11.9784
528 11.9784
529 11.9784
530 11.9784
531 11.9784
532 11.9784
533 11.9784
534 11.9784
535 11.9784
536 11.9784
537 11.9784
538 11.9784
539 11.9784
540 11.9784
541 11.9784
542 11.9784
