1 11.9894
2 11.9894
3 11.9894
4 11.9894
5 11.9894
6 11.9894
7 11.9894
8 11.9894
9 11.9894
10 11.9894
11 11.9894
12 11.9894
13 11.9894
14 11.9894
15 11.9894
16 11.9894
17 11.9894
18 11.9894
19 11.9894
20 11.9894
21 11.9894
22 11.9894
23 11.9894
24 11.9894
25 11.9894
26 11.9894
27 11.9894
28 11.9894
29 11.9894
30 11.9894
31 11.9894
32 11.9894
33 11.9894
34 11.9894
35 11.9894
36 11.9894
37 11.9894
38 11.9894
39 11.9894
40 11.9894
41 11.9894
42 11.9894
43 11.9894
44 11.9894
45 11.9894
46 11.9894
47 11.9894
48 11.9894
49 11.9894
50 11.9894
51 11.9894
52 11.9894
53 11.9894
54 11.9894
55 11.9894
56 11.9894
57 11.9894
58 11.9894
59 11.9894
60 11.9894
61 11.9894
62 11.9894
63 11.9894
64 11.9894
65 11.9894
66 11.9894
67 11.9894
68 11.9894
69 11.9894
70 11.9894
71 11.9894
72 11.9894
73 11.9894
74 11.9894
75 11.9894
76 11.9894
77 11.9894
78 11.9894
79 11.9894
80 11.9894
81 11.9894
82 11.9894
83 11.9894
84 11.9894
85 11.9894
86 11.9894
87 11.9894
88 11.9894
89 11.9894
90 11.9894
91 11.9894
92 11.9894
93 11.9894
94 11.9894
95 11.9894
96 11.9894
97 11.9894
98 11.9894
99 11.9894
100 11.9894
101 11.9894
102 11.9894
103 11.9894
104 11.9894
105 11.9894
106 11.9894
107 11.9894
108 11.9894
109 11.9894
110 11.9894
111 11.9894
112 11.9894
113 11.9894
114 11.9894
115 11.9894
116 11.9894
117 11.9894
118 11.9894
119 11.9894
120 11.9894
121 11.9894
122 11.9894
123 11.9894
124 11.9894
125 11.9894
126 11.9894
127 11.9894
128 11.9894
129 11.9894
130 11.9894
131 11.9894
132 11.9894
133 11.9894
134 11.9894
135 11.9894
136 11.9894
137 11.9894
138 11.9894
139 11.9894
140 11.9894
141 11.9894
142 11.9894
143 11.9894
144 11.9894
145 11.9894
146 11.9894
147 11.9894
148 11.9894
149 11.9894
150 11.9894
151 11.9894
152 11.9894
153 11.9894
154 11.9894
155 11.9894
156 11.9894
157 11.9894
158 11.9894
159 11.9894
160 11.9894
161 11.9894
162 11.9894
163 11.9894
164 11.9894
165 11.9894
166 11.9894
167 11.9894
168 11.9894
169 11.9894
170 11.9894
171 11.9894
172 11.9894
173 11.9894
174 11.9894
175 11.9894
176 11.9894
177 11.9894
178 11.9894
179 11.9894
180 11.9894
181 11.9894
182 11.9894
183 11.9894
184 11.9894
185 11.9894
186 11.9894
187 11.9894
188 11.9894
189 11.9894
190 11.9894
191 11.9894
192 11.9894
193 11.9894
194 11.9894
195 11.9894
196 11.9894
197 11.9894
198 11.9894
199 11.9894
200 11.9894
201 11.9894
202 11.9894
203 11.9894
204 11.9894
205 11.9894
206 11.9894
207 11.9894
208 11.9894
209 11.9894
210 11.9894
211 11.9894
212 11.9894
213 11.9894
214 11.9894
215 11.9894
216 11.9894
217 11.9894
218 11.9894
219 11.9894
220 11.9894
221 11.9894
222 11.9894
223 11.9894
224 11.9894
225 11.9894
226 11.9894
227 11.9894
228 11.9894
229 11.9894
230 11.9894
231 11.9894
232 11.9894
233 11.9894
234 11.9894
235 11.9894
236 11.9911
237 11.6308
238 10.9198
239 10.1243
240 9.30965
241 8.49424
242 7.68569
243 6.88883
244 6.1056
245 5.33723
246 4.58481
247 3.84956
248 3.13274
249 2.43563
250 1.75949
251 1.10553
252 1.1205
253 1.1713
254 1.13832
255 1.16961
256 1.13555
257 1.15967
258 1.18258
259 1.2044
260 1.22278
261 1.24334
262 1.25752
263 1.27401
264 1.28273
265 1.28639
266 1.28772
267 1.28816
268 1.28829
269 1.28833
270 1.28833
271 1.28833
272 1.28833
273 1.28833
274 1.28833
275 1.28833
276 1.28833
277 1.28832
278 1.28827
279 1.28813
280 1.28775
281 1.28675
282 1.28434
283 1.279
284 1.26831
285 1.24989
286 1.23662
287 1.21427
288 1.18409
289 1.16996
290 1.35495
291 1.33969
292 1.91914
293 2.49026
294 3.05284
295 3.60957
296 4.16529
297 4.72579
298 5.29681
299 5.88329
300 6.48899
301 7.11647
302 7.76705
303 8.44028
304 9.13237
305 9.83397
306 10.541
307 11.2376
308 11.8107
309 12
310 11.9894
311 11.9894
312 11.9894
313 11.9894
314 11.9894
315 11.9894
316 11.9894
317 11.9894
318 11.9894
319 11.9894
320 11.9894
321 11.9894
322 11.9894
323 11.9894
324 11.9894
325 11.9894
326 11.9894
327 11.9894
328 11.9894
329 11.9894
330 11.9894
331 11.9894
332 11.9894
333 11.9894
334 11.9894
335 11.9894
336 11.9894
337 11.9894
338 11.9894
339 11.9894
340 11.9894
341 11.9894
342 11.9894
343 11.9894
344 11.9894
345 11.9894
346 11.9894
347 11.9894
348 11.9894
349 11.9894
350 11.9894
351 11.9894
352 11.9894
353 11.9894
354 11.9894
355 11.9894
356 11.9894
357 11.9894
358 11.9894
359 11.9894
360 11.9894
361 11.9894
362 11.9894
363 11.9894
364 11.9894
365 11.9894
366 11.9894
367 11.9894
368 11.9894
369 11.9894
370 11.9894
371 11.9894
372 11.9894
373 11.9894
374 11.9894
375 11.9894
376 11.9894
377 11.9894
378 11.9894
379 11.9894
380 11.9894
381 11.9894
382 11.9894
383 11.9894
384 11.9894
385 11.9894
386 11.9894
387 11.9894
388 11.9894
389 11.9894
390 11.9894
391 11.9894
392 11.9894
393 11.9894
394 11.9894
395 11.9894
396 11.9894
397 11.9894
398 11.9894
399 11.9894
400 11.9894
401 11.9894
402 11.9894
403 11.9894
404 11.9894
405 11.9894
406 11.9894
407 11.9894
408 11.9894
409 11.9894
410 11.9894
411 11.9894
412 11.9894
413 11.9894
414 11.9894
415 11.9894
416 11.9894
417 11.9894
418 11.9894
419 11.9894
420 11.9894
421 11.9894
422 11.9894
423 11.9894
424 11.9894
425 11.9894
426 11.9894
427 11.9894
428 11.9894
429 11.9894
430 11.9894
431 11.9894
432 11.9894
433 11.9894
434 11.9894
435 11.9894
436 11.9894
437 11.9894
438 11.9894
439 11.9894
440 11.9894
441 11.9894
442 11.9894
443 11.9894
444 11.9894
445 11.9894
446 11.9894
447 11.9894
448 11.9894
449 11.9894
450 11.9894
451 11.9894
452 11.9894
453 11.9894
454 11.9894
455 11.9894
456 11.9894
457 11.9894
458 11.9894
459 11.9894
460 11.9894
461 11.9894
462 11.9894
463 11.9894
464 11.9894
465 11.9894
466 11.9894
467 11.9894
468 11.9894
469 11.9894
470 11.9894
471 11.9894
472 11.9894
473 11.9894
474 11.9894
475 11.9894
476 11.9894
477 11.9894
478 11.9894
479 11.9894
480 11.9894
481 11.9894
482 11.9894
483 11.9894
484 11.9894
485 11.9894
486 11.9894
487 11.9894
488 11.9894
489 11.9894
490 11.9894
491 11.9894
492 11.9894
493 11.9894
494 11.9894
495 11.9894
496 11.9894
497 11.9894
498 11.9894
499 11.9894
500 11.9894
501 11.9894
502 11.9894
503 11.9894
504 11.9894
505 11.9894
506 11.9894
507 11.9894
508 11.9894
509 11.9894
510 11.9894
511 11.9894
512 11.9894
513 11.9894
514 11.9894
515 11.9894
516 11.9894
517 11.9894
518 11.9894
519 11.9894
520 11.9894
521 11.9894
522 11.9894
523 11.9894
524 11.9894
525 11.9894
526 11.9894
527 11.9894
528 11.9894
529 11.9894
530 11.9894
531 11.9894
532 11.9894
533 11.9894
534 11.9894
535 11.9894
536 11.9894
537 11.9894
538 11.9894
539 11.9894
540 11.9894
541 11.9894
542 11.9894
