1 11.9796
2 11.9796
3 11.9796
4 11.9796
5 11.9796
6 11.9796
7 11.9796
8 11.9796
9 11.9796
10 11.9796
11 11.9796
12 11.9796
13 11.9796
14 11.9796
15 11.9796
16 11.9796
17 11.9796
18 11.9796
19 11.9796
20 11.9796
21 11.9796
22 11.9796
23 11.9796
24 11.9796
25 11.9796
26 11.9796
27 11.9796
28 11.9796
29 11.9796
30 11.9796
31 11.9796
32 11.9796
33 11.9796
34 11.9796
35 11.9796
36 11.9796
37 11.9796
38 11.9796
39 11.9796
40 11.9796
41 11.9796
42 11.9796
43 11.9796
44 11.9796
45 11.9796
46 11.9796
47 11.9796
48 11.9796
49 11.9796
50 11.9796
51 11.9796
52 11.9796
53 11.9796
54 11.9796
55 11.9796
56 11.9796
57 11.9796
58 11.9796
59 11.9796
60 11.9796
61 11.9796
62 11.9796
63 11.9796
64 11.9796
65 11.9796
66 11.9796
67 11.9796
68 11.9796
69 11.9796
70 11.9796
71 11.9796
72 11.9796
73 11.9796
74 11.9796
75 11.9796
76 11.9796
77 11.9796
78 11.9796
79 11.9796
80 11.9796
81 11.9796
82 11.9796
83 11.9796
84 11.9796
85 11.9796
86 11.9796
87 11.9796
88 11.9796
89 11.9796
90 11.9796
91 11.9796
92 11.9796
93 11.9796
94 11.9796
95 11.9796
96 11.9796
97 11.9796
98 11.9796
99 11.9796
100 11.9796
101 11.9796
102 11.9796
103 11.9796
104 11.9796
105 11.9796
106 11.9796
107 11.9796
108 11.9796
109 11.9796
110 11.9796
111 11.9796
112 11.9796
113 11.9796
114 11.9796
115 11.9796
116 11.9796
117 11.9796
118 11.9796
119 11.9796
120 11.9796
121 11.9796
122 11.9796
123 11.9796
124 11.9796
125 11.9796
126 11.9796
127 11.9796
128 11.9796
129 11.9796
130 11.9796
131 11.9796
132 11.9796
133 11.9796
134 11.9796
135 11.9796
136 11.9796
137 11.9796
138 11.9796
139 11.9796
140 11.9796
141 11.9796
142 11.9796
143 11.9796
144 11.9796
145 11.9796
146 11.9796
147 11.9796
148 11.9796
149 11.9796
150 11.9796
151 11.9796
152 11.9796
153 11.9796
154 11.9796
155 11.9796
156 11.9796
157 11.9796
158 11.9796
159 11.9796
160 11.9796
161 11.9796
162 11.9796
163 11.9796
164 11.9796
165 11.9796
166 11.9796
167 11.9796
168 11.9796
169 11.9796
170 11.9796
171 11.9796
172 11.9796
173 11.9796
174 11.9796
175 11.9796
176 11.9796
177 11.9796
178 11.9796
179 11.9796
180 11.9796
181 11.9796
182 11.9796
183 11.9796
184 11.9796
185 11.9796
186 11.9796
187 11.9796
188 11.9796
189 11.9796
190 11.9796
191 11.9796
192 11.9796
193 11.9796
194 11.9796
195 11.9796
196 11.9796
197 11.9796
198 11.9796
199 11.9796
200 11.9796
201 11.9796
202 11.9796
203 11.9796
204 11.9796
205 11.9796
206 11.9796
207 11.9796
208 11.9796
209 11.9796
210 11.9796
211 11.9796
212 11.9796
213 11.9796
214 11.9796
215 11.9796
216 11.9796
217 11.9796
218 11.9796
219 11.9796
220 11.9796
221 11.9796
222 11.9796
223 11.9796
224 11.9796
225 11.9796
226 11.9796
227 11.9796
228 11.9796
229 11.9796
230 11.9796
231 11.9796
232 11.9796
233 11.9796
234 11.9796
235 11.9796
236 11.9796
237 11.9796
238 11.9796
239 11.9796
240 11.9796
241 11.9796
242 11.9796
243 11.9796
244 11.9796
245 11.9796
246 11.9796
247 11.9796
248 11.9796
249 11.9796
250 11.9553
251 11.1967
252 11.2447
253 11.9531
254 11.4772
255 11.9531
256 11.2867
257 11.2867
258 11.9531
259 11.3744
260 11.9623
261 11.9861
262 11.1144
263 11.0524
264 11.0263
265 11.0113
266 11.0092
267 11.0189
268 11.0436
269 11.0853
270 11.1818
271 11.9867
272 11.4795
273 11.9623
274 11.9861
275 11.1327
276 11.0753
277 11.0516
278 11.038
279 11.029
280 11.029
281 11.0447
282 11.0748
283 11.1337
284 11.2752
285 12
286 11.3516
287 11.1978
288 11.1638
289 11.2364
290 11.9779
291 11.4795
292 11.9623
293 11.9796
294 11.9796
295 11.9796
296 11.9796
297 11.9796
298 11.9796
299 11.9796
300 11.9796
301 11.9796
302 11.9796
303 11.9796
304 11.9796
305 11.9796
306 11.9796
307 11.9796
308 11.9796
309 11.9796
310 11.9796
311 11.9796
312 11.9796
313 11.9796
314 11.9796
315 11.9796
316 11.9796
317 11.9796
318 11.9796
319 11.9796
320 11.9796
321 11.9796
322 11.9796
323 11.9796
324 11.9796
325 11.9796
326 11.9796
327 11.9796
328 11.9796
329 11.9796
330 11.9796
331 11.9796
332 11.9796
333 11.9796
334 11.9796
335 11.9796
336 11.9796
337 11.9796
338 11.9796
339 11.9796
340 11.9796
341 11.9796
342 11.9796
343 11.9796
344 11.9796
345 11.9796
346 11.9796
347 11.9796
348 11.9796
349 11.9796
350 11.9796
351 11.9796
352 11.9796
353 11.9796
354 11.9796
355 11.9796
356 11.9796
357 11.9796
358 11.9796
359 11.9796
360 11.9796
361 11.9796
362 11.9796
363 11.9796
364 11.9796
365 11.9796
366 11.9796
367 11.9796
368 11.9796
369 11.9796
370 11.9796
371 11.9796
372 11.9796
373 11.9796
374 11.9796
375 11.9796
376 11.9796
377 11.9796
378 11.9796
379 11.9796
380 11.9796
381 11.9796
382 11.9796
383 11.9796
384 11.9796
385 11.9796
386 11.9796
387 11.9796
388 11.9796
389 11.9796
390 11.9796
391 11.9796
392 11.9796
393 11.9796
394 11.9796
395 11.9796
396 11.9796
397 11.9796
398 11.9796
399 11.9796
400 11.9796
401 11.9796
402 11.9796
403 11.9796
404 11.9796
405 11.9796
406 11.9796
407 11.9796
408 11.9796
409 11.9796
410 11.9796
411 11.9796
412 11.9796
413 11.9796
414 11.9796
415 11.9796
416 11.9796
417 11.9796
418 11.9796
419 11.9796
420 11.9796
421 11.9796
422 11.9796
423 11.9796
424 11.9796
425 11.9796
426 11.9796
427 11.9796
428 11.9796
429 11.9796
430 11.9796
431 11.9796
432 11.9796
433 11.9796
434 11.9796
435 11.9796
436 11.9796
437 11.9796
438 11.9796
439 11.9796
440 11.9796
441 11.9796
442 11.9796
443 11.9796
444 11.9796
445 11.9796
446 11.9796
447 11.9796
448 11.9796
449 11.9796
450 11.9796
451 11.9796
452 11.9796
453 11.9796
454 11.9796
455 11.9796
456 11.9796
457 11.9796
458 11.9796
459 11.9796
460 11.9796
461 11.9796
462 11.9796
463 11.9796
464 11.9796
465 11.9796
466 11.9796
467 11.9796
468 11.9796
469 11.9796
470 11.9796
471 11.9796
472 11.9796
473 11.9796
474 11.9796
475 11.9796
476 11.9796
477 11.9796
478 11.9796
479 11.9796
480 11.9796
481 11.9796
482 11.9796
483 11.9796
484 11.9796
485 11.9796
486 11.9796
487 11.9796
488 11.9796
489 11.9796
490 11.9796
491 11.9796
492 11.9796
493 11.9796
494 11.9796
495 11.9796
496 11.9796
497 11.9796
498 11.9796
499 11.9796
500 11.9796
501 11.9796
502 11.9796
503 11.9796
504 11.9796
505 11.9796
506 11.9796
507 11.9796
508 11.9796
509 11.9796
510 11.9796
511 11.9796
512 11.9796
513 11.9796
514 11.9796
515 11.9796
516 11.9796
517 11.9796
518 11.9796
519 11.9796
520 11.9796
521 11.9796
522 11.9796
523 11.9796
524 11.9796
525 11.9796
526 11.9796
527 11.9796
528 11.9796
529 11.9796
530 11.9796
531 11.9796
532 11.9796
533 11.9796
534 11.9796
535 11.9796
536 11.9796
537 11.9796
538 11.9796
539 11.9796
540 11.9796
541 11.9796
542 11.9796
