1 11.9963
2 11.9963
3 11.9963
4 11.9963
5 11.9963
6 11.9963
7 11.9963
8 11.9963
9 11.9963
10 11.9963
11 11.9963
12 11.9963
13 11.9963
14 11.9963
15 11.9963
16 11.9963
17 11.9963
18 11.9963
19 11.9963
20 11.9963
21 11.9963
22 11.9963
23 11.9963
24 11.9963
25 11.9963
26 11.9963
27 11.9963
28 11.9963
29 11.9963
30 11.9963
31 11.9963
32 11.9963
33 11.9963
34 11.9963
35 11.9963
36 11.9963
37 11.9963
38 11.9963
39 11.9963
40 11.9963
41 11.9963
42 11.9963
43 11.9963
44 11.9963
45 11.9963
46 11.9963
47 11.9963
48 11.9963
49 11.9963
50 11.9963
51 11.9963
52 11.9963
53 11.9963
54 11.9963
55 11.9963
56 11.9963
57 11.9963
58 11.9963
59 11.9963
60 11.9963
61 11.9963
62 11.9963
63 11.9963
64 11.9963
65 11.9963
66 11.9963
67 11.9963
68 11.9963
69 11.9963
70 11.9963
71 11.9963
72 11.9963
73 11.9963
74 11.9963
75 11.9963
76 11.9963
77 11.9963
78 11.9963
79 11.9963
80 11.9963
81 11.9963
82 11.9963
83 11.9963
84 11.9963
85 11.9963
86 11.9963
87 11.9963
88 11.9963
89 11.9963
90 11.9963
91 11.9963
92 11.9963
93 11.9963
94 11.9963
95 11.9963
96 11.9963
97 11.9963
98 11.9963
99 11.9963
100 11.9963
101 11.9963
102 11.9963
103 11.9963
104 11.9963
105 11.9963
106 11.9963
107 11.9963
108 11.9963
109 11.9963
110 11.9963
111 11.9963
112 11.9963
113 11.9963
114 11.9963
115 11.9963
116 11.9963
117 11.9963
118 11.9963
119 11.9963
120 11.9963
121 11.9963
122 11.9963
123 11.9963
124 11.9963
125 11.9963
126 11.9963
127 11.9963
128 11.9963
129 11.9963
130 11.9963
131 11.9963
132 11.9963
133 11.9963
134 11.9963
135 11.9963
136 11.9963
137 11.9963
138 11.9963
139 11.9963
140 11.9963
141 11.9963
142 11.9963
143 11.9963
144 11.9963
145 11.9963
146 11.9963
147 11.9963
148 11.9963
149 11.9963
150 11.9963
151 11.9963
152 11.9963
153 11.9963
154 11.9963
155 11.9963
156 11.9963
157 11.9963
158 11.9963
159 11.9963
160 11.9963
161 11.9963
162 11.9963
163 11.9963
164 11.9963
165 11.9963
166 11.9963
167 11.9963
168 11.9963
169 11.9963
170 11.9963
171 11.9963
172 11.9963
173 11.9963
174 11.9963
175 11.9963
176 11.9963
177 11.9963
178 11.9963
179 11.9963
180 11.9963
181 11.9963
182 11.9963
183 11.9963
184 11.9963
185 11.9963
186 11.9963
187 11.9963
188 11.9963
189 11.9963
190 11.9963
191 11.9963
192 11.9963
193 11.9963
194 11.9963
195 11.9963
196 11.9963
197 11.9963
198 11.9963
199 11.9963
200 11.9963
201 11.9963
202 11.9963
203 11.9963
204 11.9963
205 11.9963
206 11.9963
207 11.9963
208 11.9963
209 11.9963
210 11.9963
211 11.9963
212 11.9963
213 11.9963
214 11.9963
215 11.9963
216 11.9963
217 11.9963
218 11.9963
219 11.9963
220 11.9963
221 11.9963
222 11.9963
223 11.9963
224 11.9963
225 11.9963
226 11.9963
227 12
228 11.9718
229 11.7011
230 11.0961
231 10.3608
232 9.64327
233 8.96859
234 8.33046
235 7.72087
236 7.13631
237 6.57533
238 6.03764
239 5.5234
240 5.03294
241 4.56665
242 4.12494
243 3.70822
244 3.31686
245 2.95125
246 2.61172
247 2.29857
248 2.01201
249 1.75216
250 1.51897
251 1.31222
252 1.35108
253 1.3767
254 1.40516
255 1.41633
256 1.42896
257 1.43285
258 1.4339
259 1.43502
260 1.43529
261 1.43558
262 1.43586
263 1.43593
264 1.43594
265 1.43595
266 1.43595
267 1.43595
268 1.43595
269 1.43595
270 1.43595
271 1.43595
272 1.43595
273 1.43595
274 1.43595
275 1.43595
276 1.43595
277 1.43595
278 1.43595
279 1.43595
280 1.43595
281 1.43594
282 1.43593
283 1.43587
284 1.43561
285 1.43458
286 1.43364
287 1.43027
288 1.41957
289 1.3928
290 1.36467
291 1.32611
292 1.54371
293 1.79001
294 2.0653
295 2.36964
296 2.70282
297 3.06446
298 3.45402
299 3.87079
300 4.31388
301 4.78216
302 5.27424
303 5.78832
304 6.3221
305 6.87271
306 7.43677
307 8.01058
308 8.59074
309 9.17496
310 9.76278
311 10.3555
312 10.944
313 11.4842
314 11.8575
315 11.9874
316 11.9988
317 11.9963
318 11.9963
319 11.9963
320 11.9963
321 11.9963
322 11.9963
323 11.9963
324 11.9963
325 11.9963
326 11.9963
327 11.9963
328 11.9963
329 11.9963
330 11.9963
331 11.9963
332 11.9963
333 11.9963
334 11.9963
335 11.9963
336 11.9963
337 11.9963
338 11.9963
339 11.9963
340 11.9963
341 11.9963
342 11.9963
343 11.9963
344 11.9963
345 11.9963
346 11.9963
347 11.9963
348 11.9963
349 11.9963
350 11.9963
351 11.9963
352 11.9963
353 11.9963
354 11.9963
355 11.9963
356 11.9963
357 11.9963
358 11.9963
359 11.9963
360 11.9963
361 11.9963
362 11.9963
363 11.9963
364 11.9963
365 11.9963
366 11.9963
367 11.9963
368 11.9963
369 11.9963
370 11.9963
371 11.9963
372 11.9963
373 11.9963
374 11.9963
375 11.9963
376 11.9963
377 11.9963
378 11.9963
379 11.9963
380 11.9963
381 11.9963
382 11.9963
383 11.9963
384 11.9963
385 11.9963
386 11.9963
387 11.9963
388 11.9963
389 11.9963
390 11.9963
391 11.9963
392 11.9963
393 11.9963
394 11.9963
395 11.9963
396 11.9963
397 11.9963
398 11.9963
399 11.9963
400 11.9963
401 11.9963
402 11.9963
403 11.9963
404 11.9963
405 11.9963
406 11.9963
407 11.9963
408 11.9963
409 11.9963
410 11.9963
411 11.9963
412 11.9963
413 11.9963
414 11.9963
415 11.9963
416 11.9963
417 11.9963
418 11.9963
419 11.9963
420 11.9963
421 11.9963
422 11.9963
423 11.9963
424 11.9963
425 11.9963
426 11.9963
427 11.9963
428 11.9963
429 11.9963
430 11.9963
431 11.9963
432 11.9963
433 11.9963
434 11.9963
435 11.9963
436 11.9963
437 11.9963
438 11.9963
439 11.9963
440 11.9963
441 11.9963
442 11.9963
443 11.9963
444 11.9963
445 11.9963
446 11.9963
447 11.9963
448 11.9963
449 11.9963
450 11.9963
451 11.9963
452 11.9963
453 11.9963
454 11.9963
455 11.9963
456 11.9963
457 11.9963
458 11.9963
459 11.9963
460 11.9963
461 11.9963
462 11.9963
463 11.9963
464 11.9963
465 11.9963
466 11.9963
467 11.9963
468 11.9963
469 11.9963
470 11.9963
471 11.9963
472 11.9963
473 11.9963
474 11.9963
475 11.9963
476 11.9963
477 11.9963
478 11.9963
479 11.9963
480 11.9963
481 11.9963
482 11.9963
483 11.9963
484 11.9963
485 11.9963
486 11.9963
487 11.9963
488 11.9963
489 11.9963
490 11.9963
491 11.9963
492 11.9963
493 11.9963
494 11.9963
495 11.9963
496 11.9963
497 11.9963
498 11.9963
499 11.9963
500 11.9963
501 11.9963
502 11.9963
503 11.9963
504 11.9963
505 11.9963
506 11.9963
507 11.9963
508 11.9963
509 11.9963
510 11.9963
511 11.9963
512 11.9963
513 11.9963
514 11.9963
515 11.9963
516 11.9963
517 11.9963
518 11.9963
519 11.9963
520 11.9963
521 11.9963
522 11.9963
523 11.9963
524 11.9963
525 11.9963
526 11.9963
527 11.9963
528 11.9963
529 11.9963
530 11.9963
531 11.9963
532 11.9963
533 11.9963
534 11.9963
535 11.9963
536 11.9963
537 11.9963
538 11.9963
539 11.9963
540 11.9963
541 11.9963
542 11.9963
