1 11.9832
2 11.9832
3 11.9832
4 11.9832
5 11.9832
6 11.9832
7 11.9832
8 11.9832
9 11.9832
10 11.9832
11 11.9832
12 11.9832
13 11.9832
14 11.9832
15 11.9832
16 11.9832
17 11.9832
18 11.9832
19 11.9832
20 11.9832
21 11.9832
22 11.9832
23 11.9832
24 11.9832
25 11.9832
26 11.9832
27 11.9832
28 11.9832
29 11.9832
30 11.9832
31 11.9832
32 11.9832
33 11.9832
34 11.9832
35 11.9832
36 11.9832
37 11.9832
38 11.9832
39 11.9832
40 11.9832
41 11.9832
42 11.9832
43 11.9832
44 11.9832
45 11.9832
46 11.9832
47 11.9832
48 11.9832
49 11.9832
50 11.9832
51 11.9832
52 11.9832
53 11.9832
54 11.9832
55 11.9832
56 11.9832
57 11.9832
58 11.9832
59 11.9832
60 11.9832
61 11.9832
62 11.9832
63 11.9832
64 11.9832
65 11.9832
66 11.9832
67 11.9832
68 11.9832
69 11.9832
70 11.9832
71 11.9832
72 11.9832
73 11.9832
74 11.9832
75 11.9832
76 11.9832
77 11.9832
78 11.9832
79 11.9832
80 11.9832
81 11.9832
82 11.9832
83 11.9832
84 11.9832
85 11.9832
86 11.9832
87 11.9832
88 11.9832
89 11.9832
90 11.9832
91 11.9832
92 11.9832
93 11.9832
94 11.9832
95 11.9832
96 11.9832
97 11.9832
98 11.9832
99 11.9832
100 11.9832
101 11.9832
102 11.9832
103 11.9832
104 11.9832
105 11.9832
106 11.9832
107 11.9832
108 11.9832
109 11.9832
110 11.9832
111 11.9832
112 11.9832
113 11.9832
114 11.9832
115 11.9832
116 11.9832
117 11.9832
118 11.9832
119 11.9832
120 11.9832
121 11.9832
122 11.9832
123 11.9832
124 11.9832
125 11.9832
126 11.9832
127 11.9832
128 11.9832
129 11.9832
130 11.9832
131 11.9832
132 11.9832
133 11.9832
134 11.9832
135 11.9832
136 11.9832
137 11.9832
138 11.9832
139 11.9832
140 11.9832
141 11.9832
142 11.9832
143 11.9832
144 11.9832
145 11.9832
146 11.9832
147 11.9832
148 11.9832
149 11.9832
150 11.9832
151 11.9832
152 11.9832
153 11.9832
154 11.9832
155 11.9832
156 11.9832
157 11.9832
158 11.9832
159 11.9832
160 11.9832
161 11.9832
162 11.9832
163 11.9832
164 11.9832
165 11.9832
166 11.9832
167 11.9832
168 11.9832
169 11.9832
170 11.9832
171 11.9832
172 11.9832
173 11.9832
174 11.9832
175 11.9832
176 11.9832
177 11.9832
178 11.9832
179 11.9832
180 11.9832
181 11.9832
182 11.9832
183 11.9832
184 11.9832
185 11.9832
186 11.9832
187 11.9832
188 11.9832
189 11.9832
190 11.9832
191 11.9832
192 11.9832
193 11.9832
194 11.9832
195 11.9832
196 11.9832
197 11.9832
198 11.9832
199 11.9832
200 11.9832
201 11.9832
202 11.9832
203 11.9832
204 11.9832
205 11.9832
206 11.9832
207 11.9832
208 11.9832
209 11.9832
210 11.9832
211 11.9832
212 11.9832
213 11.9832
214 11.9832
215 11.9832
216 11.9832
217 11.9832
218 11.9832
219 11.9832
220 11.9832
221 11.9832
222 11.9832
223 11.9832
224 11.9832
225 11.9832
226 11.9832
227 11.9832
228 11.9832
229 11.9832
230 11.9832
231 12
232 11.9412
233 11.4861
234 10.8126
235 10.097
236 9.38663
237 8.69111
238 8.01315
239 7.35467
240 6.71667
241 6.10014
242 5.50588
243 4.93461
244 4.38697
245 3.86354
246 3.36487
247 2.89144
248 2.44373
249 2.0222
250 1.62729
251 1.2594
252 1.29982
253 1.33931
254 1.37986
255 1.40382
256 1.43248
257 1.44507
258 1.44956
259 1.45512
260 1.45682
261 1.45883
262 1.46113
263 1.46174
264 1.46188
265 1.46192
266 1.46192
267 1.46193
268 1.46193
269 1.46193
270 1.46193
271 1.46193
272 1.46193
273 1.46193
274 1.46193
275 1.46193
276 1.46193
277 1.46193
278 1.46193
279 1.46193
280 1.46192
281 1.46189
282 1.46179
283 1.4614
284 1.46006
285 1.45582
286 1.45255
287 1.44353
288 1.42243
289 1.3874
290 1.40792
291 1.37312
292 1.76623
293 2.18791
294 2.63712
295 3.11258
296 3.61263
297 4.13517
298 4.67744
299 5.23594
300 5.8064
301 6.38395
302 6.96364
303 7.54107
304 8.11324
305 8.67888
306 9.23842
307 9.79288
308 10.3431
309 10.8805
310 11.3795
311 11.7673
312 11.9598
313 11.9832
314 11.9832
315 11.9832
316 11.9832
317 11.9832
318 11.9832
319 11.9832
320 11.9832
321 11.9832
322 11.9832
323 11.9832
324 11.9832
325 11.9832
326 11.9832
327 11.9832
328 11.9832
329 11.9832
330 11.9832
331 11.9832
332 11.9832
333 11.9832
334 11.9832
335 11.9832
336 11.9832
337 11.9832
338 11.9832
339 11.9832
340 11.9832
341 11.9832
342 11.9832
343 11.9832
344 11.9832
345 11.9832
346 11.9832
347 11.9832
348 11.9832
349 11.9832
350 11.9832
351 11.9832
352 11.9832
353 11.9832
354 11.9832
355 11.9832
356 11.9832
357 11.9832
358 11.9832
359 11.9832
360 11.9832
361 11.9832
362 11.9832
363 11.9832
364 11.9832
365 11.9832
366 11.9832
367 11.9832
368 11.9832
369 11.9832
370 11.9832
371 11.9832
372 11.9832
373 11.9832
374 11.9832
375 11.9832
376 11.9832
377 11.9832
378 11.9832
379 11.9832
380 11.9832
381 11.9832
382 11.9832
383 11.9832
384 11.9832
385 11.9832
386 11.9832
387 11.9832
388 11.9832
389 11.9832
390 11.9832
391 11.9832
392 11.9832
393 11.9832
394 11.9832
395 11.9832
396 11.9832
397 11.9832
398 11.9832
399 11.9832
400 11.9832
401 11.9832
402 11.9832
403 11.9832
404 11.9832
405 11.9832
406 11.9832
407 11.9832
408 11.9832
409 11.9832
410 11.9832
411 11.9832
412 11.9832
413 11.9832
414 11.9832
415 11.9832
416 11.9832
417 11.9832
418 11.9832
419 11.9832
420 11.9832
421 11.9832
422 11.9832
423 11.9832
424 11.9832
425 11.9832
426 11.9832
427 11.9832
428 11.9832
429 11.9832
430 11.9832
431 11.9832
432 11.9832
433 11.9832
434 11.9832
435 11.9832
436 11.9832
437 11.9832
438 11.9832
439 11.9832
440 11.9832
441 11.9832
442 11.9832
443 11.9832
444 11.9832
445 11.9832
446 11.9832
447 11.9832
448 11.9832
449 11.9832
450 11.9832
451 11.9832
452 11.9832
453 11.9832
454 11.9832
455 11.9832
456 11.9832
457 11.9832
458 11.9832
459 11.9832
460 11.9832
461 11.9832
462 11.9832
463 11.9832
464 11.9832
465 11.9832
466 11.9832
467 11.9832
468 11.9832
469 11.9832
470 11.9832
471 11.9832
472 11.9832
473 11.9832
474 11.9832
475 11.9832
476 11.9832
477 11.9832
478 11.9832
479 11.9832
480 11.9832
481 11.9832
482 11.9832
483 11.9832
484 11.9832
485 11.9832
486 11.9832
487 11.9832
488 11.9832
489 11.9832
490 11.9832
491 11.9832
492 11.9832
493 11.9832
494 11.9832
495 11.9832
496 11.9832
497 11.9832
498 11.9832
499 11.9832
500 11.9832
501 11.9832
502 11.9832
503 11.9832
504 11.9832
505 11.9832
506 11.9832
507 11.9832
508 11.9832
509 11.9832
510 11.9832
511 11.9832
512 11.9832
513 11.9832
514 11.9832
515 11.9832
516 11.9832
517 11.9832
518 11.9832
519 11.9832
520 11.9832
521 11.9832
522 11.9832
523 11.9832
524 11.9832
525 11.9832
526 11.9832
527 11.9832
528 11.9832
529 11.9832
530 11.9832
531 11.9832
532 11.9832
533 11.9832
534 11.9832
535 11.9832
536 11.9832
537 11.9832
538 11.9832
539 11.9832
540 11.9832
541 11.9832
542 11.9832
