1 11.9903
2 11.9903
3 11.9903
4 11.9903
5 11.9903
6 11.9903
7 11.9903
8 11.9903
9 11.9903
10 11.9903
11 11.9903
12 11.9903
13 11.9903
14 11.9903
15 11.9903
16 11.9903
17 11.9903
18 11.9903
19 11.9903
20 11.9903
21 11.9903
22 11.9903
23 11.9903
24 11.9903
25 11.9903
26 11.9903
27 11.9903
28 11.9903
29 11.9903
30 11.9903
31 11.9903
32 11.9903
33 11.9903
34 11.9903
35 11.9903
36 11.9903
37 11.9903
38 11.9903
39 11.9903
40 11.9903
41 11.9903
42 11.9903
43 11.9903
44 11.9903
45 11.9903
46 11.9903
47 11.9903
48 11.9903
49 11.9903
50 11.9903
51 11.9903
52 11.9903
53 11.9903
54 11.9903
55 11.9903
56 11.9903
57 11.9903
58 11.9903
59 11.9903
60 11.9903
61 11.9903
62 11.9903
63 11.9903
64 11.9903
65 11.9903
66 11.9903
67 11.9903
68 11.9903
69 11.9903
70 11.9903
71 11.9903
72 11.9903
73 11.9903
74 11.9903
75 11.9903
76 11.9903
77 11.9903
78 11.9903
79 11.9903
80 11.9903
81 11.9903
82 11.9903
83 11.9903
84 11.9903
85 11.9903
86 11.9903
87 11.9903
88 11.9903
89 11.9903
90 11.9903
91 11.9903
92 11.9903
93 11.9903
94 11.9903
95 11.9903
96 11.9903
97 11.9903
98 11.9903
99 11.9903
100 11.9903
101 11.9903
102 11.9903
103 11.9903
104 11.9903
105 11.9903
106 11.9903
107 11.9903
108 11.9903
109 11.9903
110 11.9903
111 11.9903
112 11.9903
113 11.9903
114 11.9903
115 11.9903
116 11.9903
117 11.9903
118 11.9903
119 11.9903
120 11.9903
121 11.9903
122 11.9903
123 11.9903
124 11.9903
125 11.9903
126 11.9903
127 11.9903
128 11.9903
129 11.9903
130 11.9903
131 11.9903
132 11.9903
133 11.9903
134 11.9903
135 11.9903
136 11.9903
137 11.9903
138 11.9903
139 11.9903
140 11.9903
141 11.9903
142 11.9903
143 11.9903
144 11.9903
145 11.9903
146 11.9903
147 11.9903
148 11.9903
149 11.9903
150 11.9903
151 11.9903
152 11.9903
153 11.9903
154 11.9903
155 11.9903
156 11.9903
157 11.9903
158 11.9903
159 11.9903
160 11.9903
161 11.9903
162 11.9903
163 11.9903
164 11.9903
165 11.9903
166 11.9903
167 11.9903
168 11.9903
169 11.9903
170 11.9903
171 11.9903
172 11.9903
173 11.9903
174 11.9903
175 11.9903
176 11.9903
177 11.9903
178 11.9903
179 11.9903
180 11.9903
181 11.9903
182 11.9903
183 11.9903
184 11.9903
185 11.9903
186 11.9903
187 11.9903
188 11.9903
189 11.9903
190 11.9903
191 11.9903
192 11.9903
193 11.9903
194 11.9903
195 11.9903
196 11.9903
197 11.9903
198 11.9903
199 11.9903
200 11.9903
201 11.9903
202 11.9903
203 11.9903
204 11.9903
205 11.9903
206 11.9903
207 11.9903
208 11.9903
209 11.9903
210 11.9903
211 11.9903
212 11.9903
213 11.9903
214 11.9903
215 11.9903
216 11.9903
217 11.9903
218 11.9903
219 11.9903
220 11.9903
221 11.9903
222 11.9903
223 11.9903
224 11.9903
225 11.9903
226 11.9903
227 11.9903
228 11.9903
229 12
230 11.9804
231 11.6585
232 11.0253
233 10.3068
234 9.60074
235 8.92096
236 8.26536
237 7.63268
238 7.02212
239 6.43385
240 5.86831
241 5.32596
242 4.80733
243 4.3129
244 3.84314
245 3.39851
246 2.97945
247 2.58635
248 2.21962
249 1.87961
250 1.56663
251 1.28088
252 1.32157
253 1.35407
254 1.38992
255 1.40679
256 1.42677
257 1.43395
258 1.43614
259 1.43865
260 1.43932
261 1.44006
262 1.44084
263 1.44103
264 1.44107
265 1.44108
266 1.44108
267 1.44108
268 1.44108
269 1.44108
270 1.44108
271 1.44108
272 1.44108
273 1.44108
274 1.44108
275 1.44108
276 1.44108
277 1.44108
278 1.44108
279 1.44108
280 1.44108
281 1.44107
282 1.44104
283 1.44089
284 1.4403
285 1.43818
286 1.43639
287 1.43072
288 1.41514
289 1.38278
290 1.37143
291 1.33308
292 1.63694
293 1.97041
294 2.33308
295 2.72438
296 3.14355
297 3.58962
298 4.0614
299 4.55737
300 5.07556
301 5.61345
302 6.16781
303 6.73472
304 7.30972
305 7.88818
306 8.46601
307 9.04059
308 9.61076
309 10.1765
310 10.7373
311 11.2723
312 11.7155
313 11.9433
314 11.9911
315 11.9903
316 11.9903
317 11.9903
318 11.9903
319 11.9903
320 11.9903
321 11.9903
322 11.9903
323 11.9903
324 11.9903
325 11.9903
326 11.9903
327 11.9903
328 11.9903
329 11.9903
330 11.9903
331 11.9903
332 11.9903
333 11.9903
334 11.9903
335 11.9903
336 11.9903
337 11.9903
338 11.9903
339 11.9903
340 11.9903
341 11.9903
342 11.9903
343 11.9903
344 11.9903
345 11.9903
346 11.9903
347 11.9903
348 11.9903
349 11.9903
350 11.9903
351 11.9903
352 11.9903
353 11.9903
354 11.9903
355 11.9903
356 11.9903
357 11.9903
358 11.9903
359 11.9903
360 11.9903
361 11.9903
362 11.9903
363 11.9903
364 11.9903
365 11.9903
366 11.9903
367 11.9903
368 11.9903
369 11.9903
370 11.9903
371 11.9903
372 11.9903
373 11.9903
374 11.9903
375 11.9903
376 11.9903
377 11.9903
378 11.9903
379 11.9903
380 11.9903
381 11.9903
382 11.9903
383 11.9903
384 11.9903
385 11.9903
386 11.9903
387 11.9903
388 11.9903
389 11.9903
390 11.9903
391 11.9903
392 11.9903
393 11.9903
394 11.9903
395 11.9903
396 11.9903
397 11.9903
398 11.9903
399 11.9903
400 11.9903
401 11.9903
402 11.9903
403 11.9903
404 11.9903
405 11.9903
406 11.9903
407 11.9903
408 11.9903
409 11.9903
410 11.9903
411 11.9903
412 11.9903
413 11.9903
414 11.9903
415 11.9903
416 11.9903
417 11.9903
418 11.9903
419 11.9903
420 11.9903
421 11.9903
422 11.9903
423 11.9903
424 11.9903
425 11.9903
426 11.9903
427 11.9903
428 11.9903
429 11.9903
430 11.9903
431 11.9903
432 11.9903
433 11.9903
434 11.9903
435 11.9903
436 11.9903
437 11.9903
438 11.9903
439 11.9903
440 11.9903
441 11.9903
442 11.9903
443 11.9903
444 11.9903
445 11.9903
446 11.9903
447 11.9903
448 11.9903
449 11.9903
450 11.9903
451 11.9903
452 11.9903
453 11.9903
454 11.9903
455 11.9903
456 11.9903
457 11.9903
458 11.9903
459 11.9903
460 11.9903
461 11.9903
462 11.9903
463 11.9903
464 11.9903
465 11.9903
466 11.9903
467 11.9903
468 11.9903
469 11.9903
470 11.9903
471 11.9903
472 11.9903
473 11.9903
474 11.9903
475 11.9903
476 11.9903
477 11.9903
478 11.9903
479 11.9903
480 11.9903
481 11.9903
482 11.9903
483 11.9903
484 11.9903
485 11.9903
486 11.9903
487 11.9903
488 11.9903
489 11.9903
490 11.9903
491 11.9903
492 11.9903
493 11.9903
494 11.9903
495 11.9903
496 11.9903
497 11.9903
498 11.9903
499 11.9903
500 11.9903
501 11.9903
502 11.9903
503 11.9903
504 11.9903
505 11.9903
506 11.9903
507 11.9903
508 11.9903
509 11.9903
510 11.9903
511 11.9903
512 11.9903
513 11.9903
514 11.9903
515 11.9903
516 11.9903
517 11.9903
518 11.9903
519 11.9903
520 11.9903
521 11.9903
522 11.9903
523 11.9903
524 11.9903
525 11.9903
526 11.9903
527 11.9903
528 11.9903
529 11.9903
530 11.9903
531 11.9903
532 11.9903
533 11.9903
534 11.9903
535 11.9903
536 11.9903
537 11.9903
538 11.9903
539 11.9903
540 11.9903
541 11.9903
542 11.9903
