1 11.7278
2 11.7278
3 11.7278
4 11.7278
5 11.7278
6 11.7278
7 11.7278
8 11.7278
9 11.7278
10 11.7278
11 11.7278
12 11.7278
13 11.7278
14 11.7278
15 11.7278
16 11.7278
17 11.7278
18 11.7278
19 11.7278
20 11.7278
21 11.7278
22 11.7278
23 11.7278
24 11.7278
25 11.7278
26 11.7278
27 11.7278
28 11.7278
29 11.7278
30 11.7278
31 11.7278
32 11.7278
33 11.7278
34 11.7278
35 11.7278
36 11.7278
37 11.7278
38 11.7278
39 11.7278
40 11.7278
41 11.7278
42 11.7278
43 11.7278
44 11.7278
45 11.7278
46 11.7278
47 11.7278
48 11.7278
49 11.7278
50 11.7278
51 11.7278
52 11.7278
53 11.7278
54 11.7278
55 11.7278
56 11.7278
57 11.7278
58 11.7278
59 11.7278
60 11.7278
61 11.7278
62 11.7278
63 11.7278
64 11.7278
65 11.7278
66 11.7278
67 11.7278
68 11.7278
69 11.7278
70 11.7278
71 11.7278
72 11.7278
73 11.7278
74 11.7278
75 11.7278
76 11.7278
77 11.7278
78 11.7278
79 11.7278
80 11.7278
81 11.7278
82 11.7278
83 11.7278
84 11.7278
85 11.7278
86 11.7278
87 11.7278
88 11.7278
89 11.7278
90 11.7278
91 11.7278
92 11.7278
93 11.7278
94 11.7278
95 11.7278
96 11.7278
97 11.7278
98 11.7278
99 11.7278
100 11.7278
101 11.7278
102 11.7278
103 11.7278
104 11.7278
105 11.7278
106 11.7278
107 11.7278
108 11.7278
109 11.7278
110 11.7278
111 11.7278
112 11.7278
113 11.7278
114 11.7278
115 11.7278
116 11.7278
117 11.7278
118 11.7278
119 11.7278
120 11.7278
121 11.7278
122 11.7278
123 11.7278
124 11.7278
125 11.7278
126 11.7278
127 11.7278
128 11.7278
129 11.7278
130 11.7278
131 11.7278
132 11.7278
133 11.7278
134 11.7278
135 11.7278
136 11.7278
137 11.7278
138 11.7278
139 11.7278
140 11.7278
141 11.7278
142 11.7278
143 11.7278
144 11.7278
145 11.7278
146 11.7278
147 11.7278
148 11.7278
149 11.7278
150 11.7278
151 11.7278
152 11.7278
153 11.7278
154 11.7278
155 11.7278
156 11.7278
157 11.7278
158 11.7278
159 11.7278
160 11.7278
161 11.7278
162 11.7278
163 11.7278
164 11.7278
165 11.7278
166 11.7278
167 11.7278
168 11.7278
169 11.7278
170 11.7278
171 11.7278
172 11.7278
173 11.7278
174 11.7278
175 11.7278
176 11.7278
177 11.7278
178 11.7278
179 11.7278
180 11.7278
181 11.7278
182 11.7278
183 11.7278
184 11.7278
185 11.7278
186 11.7278
187 11.7278
188 11.7278
189 11.7278
190 11.7278
191 11.7278
192 11.7278
193 11.7278
194 11.7278
195 11.7278
196 11.7278
197 11.7278
198 11.7278
199 11.7278
200 11.7278
201 11.7278
202 11.7278
203 11.7278
204 11.7278
205 11.7278
206 11.7278
207 11.7278
208 11.7278
209 11.7278
210 11.7278
211 11.7278
212 11.7278
213 11.7278
214 11.7278
215 11.7278
216 11.7278
217 11.7278
218 11.7278
219 11.7278
220 11.7278
221 11.7278
222 11.7278
223 11.7278
224 11.7278
225 11.7278
226 11.7278
227 11.7278
228 11.7278
229 11.7278
230 11.7278
231 11.7278
232 11.7278
233 11.7278
234 11.7278
235 11.7278
236 11.7278
237 11.7278
238 11.7278
239 11.7278
240 11.7278
241 11.7278
242 11.7278
243 11.7278
244 11.7278
245 11.7278
246 11.7278
247 11.7278
248 11.7278
249 11.8015
250 11.4402
251 10.8921
252 10.943
253 11.2093
254 11.1451
255 11.3119
256 11.0921
257 11.1237
258 11.3586
259 10.976
260 10.8807
261 10.2283
262 9.28385
263 9.20381
264 9.20676
265 9.22582
266 9.24371
267 9.25765
268 9.27505
269 9.31938
270 9.46633
271 10.1957
272 10.3892
273 10.8975
274 10.3639
275 9.26729
276 9.12004
277 9.08562
278 9.08164
279 9.0856
280 9.09011
281 9.09422
282 9.10323
283 9.13131
284 9.21425
285 9.47802
286 9.48552
287 9.50615
288 9.55185
289 9.67437
290 10.3814
291 10.4585
292 11.324
293 12
294 11.7278
295 11.7278
296 11.7278
297 11.7278
298 11.7278
299 11.7278
300 11.7278
301 11.7278
302 11.7278
303 11.7278
304 11.7278
305 11.7278
306 11.7278
307 11.7278
308 11.7278
309 11.7278
310 11.7278
311 11.7278
312 11.7278
313 11.7278
314 11.7278
315 11.7278
316 11.7278
317 11.7278
318 11.7278
319 11.7278
320 11.7278
321 11.7278
322 11.7278
323 11.7278
324 11.7278
325 11.7278
326 11.7278
327 11.7278
328 11.7278
329 11.7278
330 11.7278
331 11.7278
332 11.7278
333 11.7278
334 11.7278
335 11.7278
336 11.7278
337 11.7278
338 11.7278
339 11.7278
340 11.7278
341 11.7278
342 11.7278
343 11.7278
344 11.7278
345 11.7278
346 11.7278
347 11.7278
348 11.7278
349 11.7278
350 11.7278
351 11.7278
352 11.7278
353 11.7278
354 11.7278
355 11.7278
356 11.7278
357 11.7278
358 11.7278
359 11.7278
360 11.7278
361 11.7278
362 11.7278
363 11.7278
364 11.7278
365 11.7278
366 11.7278
367 11.7278
368 11.7278
369 11.7278
370 11.7278
371 11.7278
372 11.7278
373 11.7278
374 11.7278
375 11.7278
376 11.7278
377 11.7278
378 11.7278
379 11.7278
380 11.7278
381 11.7278
382 11.7278
383 11.7278
384 11.7278
385 11.7278
386 11.7278
387 11.7278
388 11.7278
389 11.7278
390 11.7278
391 11.7278
392 11.7278
393 11.7278
394 11.7278
395 11.7278
396 11.7278
397 11.7278
398 11.7278
399 11.7278
400 11.7278
401 11.7278
402 11.7278
403 11.7278
404 11.7278
405 11.7278
406 11.7278
407 11.7278
408 11.7278
409 11.7278
410 11.7278
411 11.7278
412 11.7278
413 11.7278
414 11.7278
415 11.7278
416 11.7278
417 11.7278
418 11.7278
419 11.7278
420 11.7278
421 11.7278
422 11.7278
423 11.7278
424 11.7278
425 11.7278
426 11.7278
427 11.7278
428 11.7278
429 11.7278
430 11.7278
431 11.7278
432 11.7278
433 11.7278
434 11.7278
435 11.7278
436 11.7278
437 11.7278
438 11.7278
439 11.7278
440 11.7278
441 11.7278
442 11.7278
443 11.7278
444 11.7278
445 11.7278
446 11.7278
447 11.7278
448 11.7278
449 11.7278
450 11.7278
451 11.7278
452 11.7278
453 11.7278
454 11.7278
455 11.7278
456 11.7278
457 11.7278
458 11.7278
459 11.7278
460 11.7278
461 11.7278
462 11.7278
463 11.7278
464 11.7278
465 11.7278
466 11.7278
467 11.7278
468 11.7278
469 11.7278
470 11.7278
471 11.7278
472 11.7278
473 11.7278
474 11.7278
475 11.7278
476 11.7278
477 11.7278
478 11.7278
479 11.7278
480 11.7278
481 11.7278
482 11.7278
483 11.7278
484 11.7278
485 11.7278
486 11.7278
487 11.7278
488 11.7278
489 11.7278
490 11.7278
491 11.7278
492 11.7278
493 11.7278
494 11.7278
495 11.7278
496 11.7278
497 11.7278
498 11.7278
499 11.7278
500 11.7278
501 11.7278
502 11.7278
503 11.7278
504 11.7278
505 11.7278
506 11.7278
507 11.7278
508 11.7278
509 11.7278
510 11.7278
511 11.7278
512 11.7278
513 11.7278
514 11.7278
515 11.7278
516 11.7278
517 11.7278
518 11.7278
519 11.7278
520 11.7278
521 11.7278
522 11.7278
523 11.7278
524 11.7278
525 11.7278
526 11.7278
527 11.7278
528 11.7278
529 11.7278
530 11.7278
531 11.7278
532 11.7278
533 11.7278
534 11.7278
535 11.7278
536 11.7278
537 11.7278
538 11.7278
539 11.7278
540 11.7278
541 11.7278
542 11.7278
