1 11.9687
2 11.9687
3 11.9687
4 11.9687
5 11.9687
6 11.9687
7 11.9687
8 11.9687
9 11.9687
10 11.9687
11 11.9687
12 11.9687
13 11.9687
14 11.9687
15 11.9687
16 11.9687
17 11.9687
18 11.9687
19 11.9687
20 11.9687
21 11.9687
22 11.9687
23 11.9687
24 11.9687
25 11.9687
26 11.9687
27 11.9687
28 11.9687
29 11.9687
30 11.9687
31 11.9687
32 11.9687
33 11.9687
34 11.9687
35 11.9687
36 11.9687
37 11.9687
38 11.9687
39 11.9687
40 11.9687
41 11.9687
42 11.9687
43 11.9687
44 11.9687
45 11.9687
46 11.9687
47 11.9687
48 11.9687
49 11.9687
50 11.9687
51 11.9687
52 11.9687
53 11.9687
54 11.9687
55 11.9687
56 11.9687
57 11.9687
58 11.9687
59 11.9687
60 11.9687
61 11.9687
62 11.9687
63 11.9687
64 11.9687
65 11.9687
66 11.9687
67 11.9687
68 11.9687
69 11.9687
70 11.9687
71 11.9687
72 11.9687
73 11.9687
74 11.9687
75 11.9687
76 11.9687
77 11.9687
78 11.9687
79 11.9687
80 11.9687
81 11.9687
82 11.9687
83 11.9687
84 11.9687
85 11.9687
86 11.9687
87 11.9687
88 11.9687
89 11.9687
90 11.9687
91 11.9687
92 11.9687
93 11.9687
94 11.9687
95 11.9687
96 11.9687
97 11.9687
98 11.9687
99 11.9687
100 11.9687
101 11.9687
102 11.9687
103 11.9687
104 11.9687
105 11.9687
106 11.9687
107 11.9687
108 11.9687
109 11.9687
110 11.9687
111 11.9687
112 11.9687
113 11.9687
114 11.9687
115 11.9687
116 11.9687
117 11.9687
118 11.9687
119 11.9687
120 11.9687
121 11.9687
122 11.9687
123 11.9687
124 11.9687
125 11.9687
126 11.9687
127 11.9687
128 11.9687
129 11.9687
130 11.9687
131 11.9687
132 11.9687
133 11.9687
134 11.9687
135 11.9687
136 11.9687
137 11.9687
138 11.9687
139 11.9687
140 11.9687
141 11.9687
142 11.9687
143 11.9687
144 11.9687
145 11.9687
146 11.9687
147 11.9687
148 11.9687
149 11.9687
150 11.9687
151 11.9687
152 11.9687
153 11.9687
154 11.9687
155 11.9687
156 11.9687
157 11.9687
158 11.9687
159 11.9687
160 11.9687
161 11.9687
162 11.9687
163 11.9687
164 11.9687
165 11.9687
166 11.9687
167 11.9687
168 11.9687
169 11.9687
170 11.9687
171 11.9687
172 11.9687
173 11.9687
174 11.9687
175 11.9687
176 11.9687
177 11.9687
178 11.9687
179 11.9687
180 11.9687
181 11.9687
182 11.9687
183 11.9687
184 11.9687
185 11.9687
186 11.9687
187 11.9687
188 11.9687
189 11.9687
190 11.9687
191 11.9687
192 11.9687
193 11.9687
194 11.9687
195 11.9687
196 11.9687
197 11.9687
198 11.9687
199 11.9687
200 11.9687
201 11.9687
202 11.9687
203 11.9687
204 11.9687
205 11.9687
206 11.9687
207 11.9687
208 11.9687
209 11.9687
210 11.9687
211 11.9687
212 11.9687
213 11.9687
214 11.9687
215 11.9687
216 11.9687
217 11.9687
218 11.9687
219 11.9687
220 11.9687
221 11.9687
222 11.9687
223 11.9687
224 11.9687
225 11.9687
226 11.9687
227 11.9687
228 11.9687
229 11.9687
230 11.9687
231 11.9687
232 11.9687
233 11.9687
234 11.9687
235 11.9687
236 11.9687
237 11.9687
238 11.9687
239 11.9687
240 11.9687
241 11.9687
242 11.9687
243 11.9687
244 11.9687
245 11.9687
246 11.9687
247 11.9687
248 11.9687
249 11.9687
250 11.9594
251 11.1921
252 11.2403
253 11.9639
254 11.4693
255 11.9639
256 11.2826
257 11.2826
258 11.9639
259 11.3639
260 11.9591
261 11.985
262 11.1259
263 11.0727
264 11.0508
265 11.0381
266 11.0292
267 11.0381
268 11.0599
269 11.0959
270 11.1804
271 11.9869
272 11.4218
273 11.9591
274 11.985
275 11.1459
276 11.0974
277 11.0785
278 11.0677
279 11.0601
280 11.0601
281 11.0677
282 11.0867
283 11.1292
284 11.2426
285 12
286 11.269
287 11.1371
288 11.1174
289 11.1991
290 11.9869
291 11.4218
292 11.9591
293 11.9687
294 11.9687
295 11.9687
296 11.9687
297 11.9687
298 11.9687
299 11.9687
300 11.9687
301 11.9687
302 11.9687
303 11.9687
304 11.9687
305 11.9687
306 11.9687
307 11.9687
308 11.9687
309 11.9687
310 11.9687
311 11.9687
312 11.9687
313 11.9687
314 11.9687
315 11.9687
316 11.9687
317 11.9687
318 11.9687
319 11.9687
320 11.9687
321 11.9687
322 11.9687
323 11.9687
324 11.9687
325 11.9687
326 11.9687
327 11.9687
328 11.9687
329 11.9687
330 11.9687
331 11.9687
332 11.9687
333 11.9687
334 11.9687
335 11.9687
336 11.9687
337 11.9687
338 11.9687
339 11.9687
340 11.9687
341 11.9687
342 11.9687
343 11.9687
344 11.9687
345 11.9687
346 11.9687
347 11.9687
348 11.9687
349 11.9687
350 11.9687
351 11.9687
352 11.9687
353 11.9687
354 11.9687
355 11.9687
356 11.9687
357 11.9687
358 11.9687
359 11.9687
360 11.9687
361 11.9687
362 11.9687
363 11.9687
364 11.9687
365 11.9687
366 11.9687
367 11.9687
368 11.9687
369 11.9687
370 11.9687
371 11.9687
372 11.9687
373 11.9687
374 11.9687
375 11.9687
376 11.9687
377 11.9687
378 11.9687
379 11.9687
380 11.9687
381 11.9687
382 11.9687
383 11.9687
384 11.9687
385 11.9687
386 11.9687
387 11.9687
388 11.9687
389 11.9687
390 11.9687
391 11.9687
392 11.9687
393 11.9687
394 11.9687
395 11.9687
396 11.9687
397 11.9687
398 11.9687
399 11.9687
400 11.9687
401 11.9687
402 11.9687
403 11.9687
404 11.9687
405 11.9687
406 11.9687
407 11.9687
408 11.9687
409 11.9687
410 11.9687
411 11.9687
412 11.9687
413 11.9687
414 11.9687
415 11.9687
416 11.9687
417 11.9687
418 11.9687
419 11.9687
420 11.9687
421 11.9687
422 11.9687
423 11.9687
424 11.9687
425 11.9687
426 11.9687
427 11.9687
428 11.9687
429 11.9687
430 11.9687
431 11.9687
432 11.9687
433 11.9687
434 11.9687
435 11.9687
436 11.9687
437 11.9687
438 11.9687
439 11.9687
440 11.9687
441 11.9687
442 11.9687
443 11.9687
444 11.9687
445 11.9687
446 11.9687
447 11.9687
448 11.9687
449 11.9687
450 11.9687
451 11.9687
452 11.9687
453 11.9687
454 11.9687
455 11.9687
456 11.9687
457 11.9687
458 11.9687
459 11.9687
460 11.9687
461 11.9687
462 11.9687
463 11.9687
464 11.9687
465 11.9687
466 11.9687
467 11.9687
468 11.9687
469 11.9687
470 11.9687
471 11.9687
472 11.9687
473 11.9687
474 11.9687
475 11.9687
476 11.9687
477 11.9687
478 11.9687
479 11.9687
480 11.9687
481 11.9687
482 11.9687
483 11.9687
484 11.9687
485 11.9687
486 11.9687
487 11.9687
488 11.9687
489 11.9687
490 11.9687
491 11.9687
492 11.9687
493 11.9687
494 11.9687
495 11.9687
496 11.9687
497 11.9687
498 11.9687
499 11.9687
500 11.9687
501 11.9687
502 11.9687
503 11.9687
504 11.9687
505 11.9687
506 11.9687
507 11.9687
508 11.9687
509 11.9687
510 11.9687
511 11.9687
512 11.9687
513 11.9687
514 11.9687
515 11.9687
516 11.9687
517 11.9687
518 11.9687
519 11.9687
520 11.9687
521 11.9687
522 11.9687
523 11.9687
524 11.9687
525 11.9687
526 11.9687
527 11.9687
528 11.9687
529 11.9687
530 11.9687
531 11.9687
532 11.9687
533 11.9687
534 11.9687
535 11.9687
536 11.9687
537 11.9687
538 11.9687
539 11.9687
540 11.9687
541 11.9687
542 11.9687
