1 11.9984
2 11.9984
3 11.9984
4 11.9984
5 11.9984
6 11.9984
7 11.9984
8 11.9984
9 11.9984
10 11.9984
11 11.9984
12 11.9984
13 11.9984
14 11.9984
15 11.9984
16 11.9984
17 11.9984
18 11.9984
19 11.9984
20 11.9984
21 11.9984
22 11.9984
23 11.9984
24 11.9984
25 11.9984
26 11.9984
27 11.9984
28 11.9984
29 11.9984
30 11.9984
31 11.9984
32 11.9984
33 11.9984
34 11.9984
35 11.9984
36 11.9984
37 11.9984
38 11.9984
39 11.9984
40 11.9984
41 11.9984
42 11.9984
43 11.9984
44 11.9984
45 11.9984
46 11.9984
47 11.9984
48 11.9984
49 11.9984
50 11.9984
51 11.9984
52 11.9984
53 11.9984
54 11.9984
55 11.9984
56 11.9984
57 11.9984
58 11.9984
59 11.9984
60 11.9984
61 11.9984
62 11.9984
63 11.9984
64 11.9984
65 11.9984
66 11.9984
67 11.9984
68 11.9984
69 11.9984
70 11.9984
71 11.9984
72 11.9984
73 11.9984
74 11.9984
75 11.9984
76 11.9984
77 11.9984
78 11.9984
79 11.9984
80 11.9984
81 11.9984
82 11.9984
83 11.9984
84 11.9984
85 11.9984
86 11.9984
87 11.9984
88 11.9984
89 11.9984
90 11.9984
91 11.9984
92 11.9984
93 11.9984
94 11.9984
95 11.9984
96 11.9984
97 11.9984
98 11.9984
99 11.9984
100 11.9984
101 11.9984
102 11.9984
103 11.9984
104 11.9984
105 11.9984
106 11.9984
107 11.9984
108 11.9984
109 11.9984
110 11.9984
111 11.9984
112 11.9984
113 11.9984
114 11.9984
115 11.9984
116 11.9984
117 11.9984
118 11.9984
119 11.9984
120 11.9984
121 11.9984
122 11.9984
123 11.9984
124 11.9984
125 11.9984
126 11.9984
127 11.9984
128 11.9984
129 11.9984
130 11.9984
131 11.9984
132 11.9984
133 11.9984
134 11.9984
135 11.9984
136 11.9984
137 11.9984
138 11.9984
139 11.9984
140 11.9984
141 11.9984
142 11.9984
143 11.9984
144 11.9984
145 11.9984
146 11.9984
147 11.9984
148 11.9984
149 11.9984
150 11.9984
151 11.9984
152 11.9984
153 11.9984
154 11.9984
155 11.9984
156 11.9984
157 11.9984
158 11.9984
159 11.9984
160 11.9984
161 11.9984
162 11.9984
163 11.9984
164 11.9984
165 11.9984
166 11.9984
167 11.9984
168 11.9984
169 11.9984
170 11.9984
171 11.9984
172 11.9984
173 11.9984
174 11.9984
175 11.9984
176 11.9984
177 11.9984
178 11.9984
179 11.9984
180 11.9984
181 11.9984
182 11.9984
183 11.9984
184 11.9984
185 11.9984
186 11.9984
187 11.9984
188 11.9984
189 11.9984
190 11.9984
191 11.9984
192 11.9984
193 11.9984
194 11.9984
195 11.9984
196 11.9984
197 11.9984
198 11.9984
199 11.9984
200 11.9984
201 11.9984
202 11.9984
203 11.9984
204 11.9984
205 11.9984
206 11.9984
207 11.9984
208 11.9984
209 11.9984
210 11.9984
211 11.9984
212 11.9984
213 11.9984
214 11.9984
215 11.9984
216 11.9984
217 11.9984
218 11.9984
219 11.9984
220 11.9984
221 11.9984
222 11.9984
223 11.9984
224 11.9984
225 11.9984
226 11.9985
227 11.9212
228 11.57
229 10.8978
230 10.1211
231 9.38952
232 8.71911
233 8.09479
234 7.50384
235 6.94022
236 6.40133
237 5.88632
238 5.39506
239 4.92775
240 4.48468
241 4.06624
242 3.67276
243 3.30463
244 2.96217
245 2.64566
246 2.35533
247 2.09132
248 1.85361
249 1.64203
250 1.45616
251 1.29534
252 1.33221
253 1.35385
254 1.37759
255 1.38606
256 1.39533
257 1.39797
258 1.39865
259 1.39935
260 1.39951
261 1.39967
262 1.39984
263 1.39988
264 1.39989
265 1.39989
266 1.39989
267 1.39989
268 1.39989
269 1.39989
270 1.39989
271 1.39989
272 1.39989
273 1.39989
274 1.39989
275 1.39989
276 1.39989
277 1.39989
278 1.39989
279 1.39989
280 1.39989
281 1.39989
282 1.39988
283 1.39984
284 1.39969
285 1.39902
286 1.39839
287 1.39598
288 1.38774
289 1.36495
290 1.33256
291 1.29531
292 1.46317
293 1.65803
294 1.88072
295 2.13175
296 2.41135
297 2.71953
298 3.05606
299 3.42055
300 3.81247
301 4.23111
302 4.6756
303 5.14485
304 5.63753
305 6.15193
306 6.68597
307 7.23719
308 7.80301
309 8.38128
310 8.97135
311 9.57507
312 10.1962
313 10.8262
314 11.4105
315 11.8195
316 11.981
317 12
318 11.9984
319 11.9984
320 11.9984
321 11.9984
322 11.9984
323 11.9984
324 11.9984
325 11.9984
326 11.9984
327 11.9984
328 11.9984
329 11.9984
330 11.9984
331 11.9984
332 11.9984
333 11.9984
334 11.9984
335 11.9984
336 11.9984
337 11.9984
338 11.9984
339 11.9984
340 11.9984
341 11.9984
342 11.9984
343 11.9984
344 11.9984
345 11.9984
346 11.9984
347 11.9984
348 11.9984
349 11.9984
350 11.9984
351 11.9984
352 11.9984
353 11.9984
354 11.9984
355 11.9984
356 11.9984
357 11.9984
358 11.9984
359 11.9984
360 11.9984
361 11.9984
362 11.9984
363 11.9984
364 11.9984
365 11.9984
366 11.9984
367 11.9984
368 11.9984
369 11.9984
370 11.9984
371 11.9984
372 11.9984
373 11.9984
374 11.9984
375 11.9984
376 11.9984
377 11.9984
378 11.9984
379 11.9984
380 11.9984
381 11.9984
382 11.9984
383 11.9984
384 11.9984
385 11.9984
386 11.9984
387 11.9984
388 11.9984
389 11.9984
390 11.9984
391 11.9984
392 11.9984
393 11.9984
394 11.9984
395 11.9984
396 11.9984
397 11.9984
398 11.9984
399 11.9984
400 11.9984
401 11.9984
402 11.9984
403 11.9984
404 11.9984
405 11.9984
406 11.9984
407 11.9984
408 11.9984
409 11.9984
410 11.9984
411 11.9984
412 11.9984
413 11.9984
414 11.9984
415 11.9984
416 11.9984
417 11.9984
418 11.9984
419 11.9984
420 11.9984
421 11.9984
422 11.9984
423 11.9984
424 11.9984
425 11.9984
426 11.9984
427 11.9984
428 11.9984
429 11.9984
430 11.9984
431 11.9984
432 11.9984
433 11.9984
434 11.9984
435 11.9984
436 11.9984
437 11.9984
438 11.9984
439 11.9984
440 11.9984
441 11.9984
442 11.9984
443 11.9984
444 11.9984
445 11.9984
446 11.9984
447 11.9984
448 11.9984
449 11.9984
450 11.9984
451 11.9984
452 11.9984
453 11.9984
454 11.9984
455 11.9984
456 11.9984
457 11.9984
458 11.9984
459 11.9984
460 11.9984
461 11.9984
462 11.9984
463 11.9984
464 11.9984
465 11.9984
466 11.9984
467 11.9984
468 11.9984
469 11.9984
470 11.9984
471 11.9984
472 11.9984
473 11.9984
474 11.9984
475 11.9984
476 11.9984
477 11.9984
478 11.9984
479 11.9984
480 11.9984
481 11.9984
482 11.9984
483 11.9984
484 11.9984
485 11.9984
486 11.9984
487 11.9984
488 11.9984
489 11.9984
490 11.9984
491 11.9984
492 11.9984
493 11.9984
494 11.9984
495 11.9984
496 11.9984
497 11.9984
498 11.9984
499 11.9984
500 11.9984
501 11.9984
502 11.9984
503 11.9984
504 11.9984
505 11.9984
506 11.9984
507 11.9984
508 11.9984
509 11.9984
510 11.9984
511 11.9984
512 11.9984
513 11.9984
514 11.9984
515 11.9984
516 11.9984
517 11.9984
518 11.9984
519 11.9984
520 11.9984
521 11.9984
522 11.9984
523 11.9984
524 11.9984
525 11.9984
526 11.9984
527 11.9984
528 11.9984
529 11.9984
530 11.9984
531 11.9984
532 11.9984
533 11.9984
534 11.9984
535 11.9984
536 11.9984
537 11.9984
538 11.9984
539 11.9984
540 11.9984
541 11.9984
542 11.9984
