1 11.956
2 11.956
3 11.956
4 11.956
5 11.956
6 11.956
7 11.956
8 11.956
9 11.956
10 11.956
11 11.956
12 11.956
13 11.956
14 11.956
15 11.956
16 11.956
17 11.956
18 11.956
19 11.956
20 11.956
21 11.956
22 11.956
23 11.956
24 11.956
25 11.956
26 11.956
27 11.956
28 11.956
29 11.956
30 11.956
31 11.956
32 11.956
33 11.956
34 11.956
35 11.956
36 11.956
37 11.956
38 11.956
39 11.956
40 11.956
41 11.956
42 11.956
43 11.956
44 11.956
45 11.956
46 11.956
47 11.956
48 11.956
49 11.956
50 11.956
51 11.956
52 11.956
53 11.956
54 11.956
55 11.956
56 11.956
57 11.956
58 11.956
59 11.956
60 11.956
61 11.956
62 11.956
63 11.956
64 11.956
65 11.956
66 11.956
67 11.956
68 11.956
69 11.956
70 11.956
71 11.956
72 11.956
73 11.956
74 11.956
75 11.956
76 11.956
77 11.956
78 11.956
79 11.956
80 11.956
81 11.956
82 11.956
83 11.956
84 11.956
85 11.956
86 11.956
87 11.956
88 11.956
89 11.956
90 11.956
91 11.956
92 11.956
93 11.956
94 11.956
95 11.956
96 11.956
97 11.956
98 11.956
99 11.956
100 11.956
101 11.956
102 11.956
103 11.956
104 11.956
105 11.956
106 11.956
107 11.956
108 11.956
109 11.956
110 11.956
111 11.956
112 11.956
113 11.956
114 11.956
115 11.956
116 11.956
117 11.956
118 11.956
119 11.956
120 11.956
121 11.956
122 11.956
123 11.956
124 11.956
125 11.956
126 11.956
127 11.956
128 11.956
129 11.956
130 11.956
131 11.956
132 11.956
133 11.956
134 11.956
135 11.956
136 11.956
137 11.956
138 11.956
139 11.956
140 11.956
141 11.956
142 11.956
143 11.956
144 11.956
145 11.956
146 11.956
147 11.956
148 11.956
149 11.956
150 11.956
151 11.956
152 11.956
153 11.956
154 11.956
155 11.956
156 11.956
157 11.956
158 11.956
159 11.956
160 11.956
161 11.956
162 11.956
163 11.956
164 11.956
165 11.956
166 11.956
167 11.956
168 11.956
169 11.956
170 11.956
171 11.956
172 11.956
173 11.956
174 11.956
175 11.956
176 11.956
177 11.956
178 11.956
179 11.956
180 11.956
181 11.956
182 11.956
183 11.956
184 11.956
185 11.956
186 11.956
187 11.956
188 11.956
189 11.956
190 11.956
191 11.956
192 11.956
193 11.956
194 11.956
195 11.956
196 11.956
197 11.956
198 11.956
199 11.956
200 11.956
201 11.956
202 11.956
203 11.956
204 11.956
205 11.956
206 11.956
207 11.956
208 11.956
209 11.956
210 11.956
211 11.956
212 11.956
213 11.956
214 11.956
215 11.956
216 11.956
217 11.956
218 11.956
219 11.956
220 11.956
221 11.956
222 11.956
223 11.956
224 11.956
225 11.956
226 11.956
227 11.956
228 11.956
229 11.956
230 11.956
231 11.956
232 11.956
233 11.956
234 11.956
235 11.956
236 11.956
237 11.956
238 11.956
239 12
240 11.9603
241 11.4625
242 10.7255
243 9.87447
244 8.97678
245 8.06541
246 7.15888
247 6.2655
248 5.38833
249 4.52769
250 3.68285
251 2.85292
252 2.82873
253 2.86241
254 2.62214
255 2.59885
256 2.26952
257 2.22876
258 2.24219
259 2.11816
260 2.11061
261 1.95076
262 1.50874
263 1.46528
264 1.47991
265 1.49922
266 1.51281
267 1.52057
268 1.52446
269 1.52622
270 1.52693
271 1.52712
272 1.52752
273 1.52752
274 1.52766
275 1.52794
276 1.52793
277 1.52769
278 1.52712
279 1.52592
280 1.52349
281 1.5188
282 1.51006
283 1.49457
284 1.46882
285 1.43019
286 1.40441
287 1.36543
288 1.3159
289 1.28519
290 1.50131
291 1.47237
292 2.11454
293 2.78434
294 3.48271
295 4.21025
296 4.96729
297 5.75378
298 6.56884
299 7.40978
300 8.27034
301 9.13836
302 9.99273
303 10.7997
304 11.4997
305 11.9697
306 12
307 11.956
308 11.956
309 11.956
310 11.956
311 11.956
312 11.956
313 11.956
314 11.956
315 11.956
316 11.956
317 11.956
318 11.956
319 11.956
320 11.956
321 11.956
322 11.956
323 11.956
324 11.956
325 11.956
326 11.956
327 11.956
328 11.956
329 11.956
330 11.956
331 11.956
332 11.956
333 11.956
334 11.956
335 11.956
336 11.956
337 11.956
338 11.956
339 11.956
340 11.956
341 11.956
342 11.956
343 11.956
344 11.956
345 11.956
346 11.956
347 11.956
348 11.956
349 11.956
350 11.956
351 11.956
352 11.956
353 11.956
354 11.956
355 11.956
356 11.956
357 11.956
358 11.956
359 11.956
360 11.956
361 11.956
362 11.956
363 11.956
364 11.956
365 11.956
366 11.956
367 11.956
368 11.956
369 11.956
370 11.956
371 11.956
372 11.956
373 11.956
374 11.956
375 11.956
376 11.956
377 11.956
378 11.956
379 11.956
380 11.956
381 11.956
382 11.956
383 11.956
384 11.956
385 11.956
386 11.956
387 11.956
388 11.956
389 11.956
390 11.956
391 11.956
392 11.956
393 11.956
394 11.956
395 11.956
396 11.956
397 11.956
398 11.956
399 11.956
400 11.956
401 11.956
402 11.956
403 11.956
404 11.956
405 11.956
406 11.956
407 11.956
408 11.956
409 11.956
410 11.956
411 11.956
412 11.956
413 11.956
414 11.956
415 11.956
416 11.956
417 11.956
418 11.956
419 11.956
420 11.956
421 11.956
422 11.956
423 11.956
424 11.956
425 11.956
426 11.956
427 11.956
428 11.956
429 11.956
430 11.956
431 11.956
432 11.956
433 11.956
434 11.956
435 11.956
436 11.956
437 11.956
438 11.956
439 11.956
440 11.956
441 11.956
442 11.956
443 11.956
444 11.956
445 11.956
446 11.956
447 11.956
448 11.956
449 11.956
450 11.956
451 11.956
452 11.956
453 11.956
454 11.956
455 11.956
456 11.956
457 11.956
458 11.956
459 11.956
460 11.956
461 11.956
462 11.956
463 11.956
464 11.956
465 11.956
466 11.956
467 11.956
468 11.956
469 11.956
470 11.956
471 11.956
472 11.956
473 11.956
474 11.956
475 11.956
476 11.956
477 11.956
478 11.956
479 11.956
480 11.956
481 11.956
482 11.956
483 11.956
484 11.956
485 11.956
486 11.956
487 11.956
488 11.956
489 11.956
490 11.956
491 11.956
492 11.956
493 11.956
494 11.956
495 11.956
496 11.956
497 11.956
498 11.956
499 11.956
500 11.956
501 11.956
502 11.956
503 11.956
504 11.956
505 11.956
506 11.956
507 11.956
508 11.956
509 11.956
510 11.956
511 11.956
512 11.956
513 11.956
514 11.956
515 11.956
516 11.956
517 11.956
518 11.956
519 11.956
520 11.956
521 11.956
522 11.956
523 11.956
524 11.956
525 11.956
526 11.956
527 11.956
528 11.956
529 11.956
530 11.956
531 11.956
532 11.956
533 11.956
534 11.956
535 11.956
536 11.956
537 11.956
538 11.956
539 11.956
540 11.956
541 11.956
542 11.956
