1 11.8253
2 11.8253
3 11.8253
4 11.8253
5 11.8253
6 11.8253
7 11.8253
8 11.8253
9 11.8253
10 11.8253
11 11.8253
12 11.8253
13 11.8253
14 11.8253
15 11.8253
16 11.8253
17 11.8253
18 11.8253
19 11.8253
20 11.8253
21 11.8253
22 11.8253
23 11.8253
24 11.8253
25 11.8253
26 11.8253
27 11.8253
28 11.8253
29 11.8253
30 11.8253
31 11.8253
32 11.8253
33 11.8253
34 11.8253
35 11.8253
36 11.8253
37 11.8253
38 11.8253
39 11.8253
40 11.8253
41 11.8253
42 11.8253
43 11.8253
44 11.8253
45 11.8253
46 11.8253
47 11.8253
48 11.8253
49 11.8253
50 11.8253
51 11.8253
52 11.8253
53 11.8253
54 11.8253
55 11.8253
56 11.8253
57 11.8253
58 11.8253
59 11.8253
60 11.8253
61 11.8253
62 11.8253
63 11.8253
64 11.8253
65 11.8253
66 11.8253
67 11.8253
68 11.8253
69 11.8253
70 11.8253
71 11.8253
72 11.8253
73 11.8253
74 11.8253
75 11.8253
76 11.8253
77 11.8253
78 11.8253
79 11.8253
80 11.8253
81 11.8253
82 11.8253
83 11.8253
84 11.8253
85 11.8253
86 11.8253
87 11.8253
88 11.8253
89 11.8253
90 11.8253
91 11.8253
92 11.8253
93 11.8253
94 11.8253
95 11.8253
96 11.8253
97 11.8253
98 11.8253
99 11.8253
100 11.8253
101 11.8253
102 11.8253
103 11.8253
104 11.8253
105 11.8253
106 11.8253
107 11.8253
108 11.8253
109 11.8253
110 11.8253
111 11.8253
112 11.8253
113 11.8253
114 11.8253
115 11.8253
116 11.8253
117 11.8253
118 11.8253
119 11.8253
120 11.8253
121 11.8253
122 11.8253
123 11.8253
124 11.8253
125 11.8253
126 11.8253
127 11.8253
128 11.8253
129 11.8253
130 11.8253
131 11.8253
132 11.8253
133 11.8253
134 11.8253
135 11.8253
136 11.8253
137 11.8253
138 11.8253
139 11.8253
140 11.8253
141 11.8253
142 11.8253
143 11.8253
144 11.8253
145 11.8253
146 11.8253
147 11.8253
148 11.8253
149 11.8253
150 11.8253
151 11.8253
152 11.8253
153 11.8253
154 11.8253
155 11.8253
156 11.8253
157 11.8253
158 11.8253
159 11.8253
160 11.8253
161 11.8253
162 11.8253
163 11.8253
164 11.8253
165 11.8253
166 11.8253
167 11.8253
168 11.8253
169 11.8253
170 11.8253
171 11.8253
172 11.8253
173 11.8253
174 11.8253
175 11.8253
176 11.8253
177 11.8253
178 11.8253
179 11.8253
180 11.8253
181 11.8253
182 11.8253
183 11.8253
184 11.8253
185 11.8253
186 11.8253
187 11.8253
188 11.8253
189 11.8253
190 11.8253
191 11.8253
192 11.8253
193 11.8253
194 11.8253
195 11.8253
196 11.8253
197 11.8253
198 11.8253
199 11.8253
200 11.8253
201 11.8253
202 11.8253
203 11.8253
204 11.8253
205 11.8253
206 11.8253
207 11.8253
208 11.8253
209 11.8253
210 11.8253
211 11.8253
212 11.8253
213 11.8253
214 11.8253
215 11.8253
216 11.8253
217 11.8253
218 11.8253
219 11.8253
220 11.8253
221 11.8253
222 11.8253
223 11.8253
224 11.8253
225 11.8253
226 11.8253
227 11.8253
228 11.8253
229 11.8253
230 11.8253
231 11.8253
232 11.8253
233 11.8253
234 11.8253
235 11.8253
236 11.8253
237 11.8253
238 11.8253
239 11.8253
240 11.8253
241 11.8253
242 11.8253
243 11.8253
244 11.8253
245 11.8253
246 11.8253
247 11.8253
248 11.8536
249 11.6969
250 11.2278
251 10.6901
252 10.7424
253 10.9352
254 10.8894
255 11.0151
256 10.7293
257 10.6876
258 10.7532
259 10.3191
260 10.1948
261 9.61673
262 8.72815
263 8.6646
264 8.68402
265 8.71652
266 8.74376
267 8.7626
268 8.78063
269 8.82252
270 8.96313
271 9.59298
272 9.73431
273 10.1074
274 9.67046
275 8.64103
276 8.48668
277 8.45123
278 8.44741
279 8.45049
280 8.45131
281 8.44754
282 8.44286
283 8.4488
284 8.49466
285 8.67391
286 8.67155
287 8.67725
288 8.70696
289 8.81728
290 9.51551
291 9.60674
292 10.5472
293 11.403
294 12
295 11.8253
296 11.8253
297 11.8253
298 11.8253
299 11.8253
300 11.8253
301 11.8253
302 11.8253
303 11.8253
304 11.8253
305 11.8253
306 11.8253
307 11.8253
308 11.8253
309 11.8253
310 11.8253
311 11.8253
312 11.8253
313 11.8253
314 11.8253
315 11.8253
316 11.8253
317 11.8253
318 11.8253
319 11.8253
320 11.8253
321 11.8253
322 11.8253
323 11.8253
324 11.8253
325 11.8253
326 11.8253
327 11.8253
328 11.8253
329 11.8253
330 11.8253
331 11.8253
332 11.8253
333 11.8253
334 11.8253
335 11.8253
336 11.8253
337 11.8253
338 11.8253
339 11.8253
340 11.8253
341 11.8253
342 11.8253
343 11.8253
344 11.8253
345 11.8253
346 11.8253
347 11.8253
348 11.8253
349 11.8253
350 11.8253
351 11.8253
352 11.8253
353 11.8253
354 11.8253
355 11.8253
356 11.8253
357 11.8253
358 11.8253
359 11.8253
360 11.8253
361 11.8253
362 11.8253
363 11.8253
364 11.8253
365 11.8253
366 11.8253
367 11.8253
368 11.8253
369 11.8253
370 11.8253
371 11.8253
372 11.8253
373 11.8253
374 11.8253
375 11.8253
376 11.8253
377 11.8253
378 11.8253
379 11.8253
380 11.8253
381 11.8253
382 11.8253
383 11.8253
384 11.8253
385 11.8253
386 11.8253
387 11.8253
388 11.8253
389 11.8253
390 11.8253
391 11.8253
392 11.8253
393 11.8253
394 11.8253
395 11.8253
396 11.8253
397 11.8253
398 11.8253
399 11.8253
400 11.8253
401 11.8253
402 11.8253
403 11.8253
404 11.8253
405 11.8253
406 11.8253
407 11.8253
408 11.8253
409 11.8253
410 11.8253
411 11.8253
412 11.8253
413 11.8253
414 11.8253
415 11.8253
416 11.8253
417 11.8253
418 11.8253
419 11.8253
420 11.8253
421 11.8253
422 11.8253
423 11.8253
424 11.8253
425 11.8253
426 11.8253
427 11.8253
428 11.8253
429 11.8253
430 11.8253
431 11.8253
432 11.8253
433 11.8253
434 11.8253
435 11.8253
436 11.8253
437 11.8253
438 11.8253
439 11.8253
440 11.8253
441 11.8253
442 11.8253
443 11.8253
444 11.8253
445 11.8253
446 11.8253
447 11.8253
448 11.8253
449 11.8253
450 11.8253
451 11.8253
452 11.8253
453 11.8253
454 11.8253
455 11.8253
456 11.8253
457 11.8253
458 11.8253
459 11.8253
460 11.8253
461 11.8253
462 11.8253
463 11.8253
464 11.8253
465 11.8253
466 11.8253
467 11.8253
468 11.8253
469 11.8253
470 11.8253
471 11.8253
472 11.8253
473 11.8253
474 11.8253
475 11.8253
476 11.8253
477 11.8253
478 11.8253
479 11.8253
480 11.8253
481 11.8253
482 11.8253
483 11.8253
484 11.8253
485 11.8253
486 11.8253
487 11.8253
488 11.8253
489 11.8253
490 11.8253
491 11.8253
492 11.8253
493 11.8253
494 11.8253
495 11.8253
496 11.8253
497 11.8253
498 11.8253
499 11.8253
500 11.8253
501 11.8253
502 11.8253
503 11.8253
504 11.8253
505 11.8253
506 11.8253
507 11.8253
508 11.8253
509 11.8253
510 11.8253
511 11.8253
512 11.8253
513 11.8253
514 11.8253
515 11.8253
516 11.8253
517 11.8253
518 11.8253
519 11.8253
520 11.8253
521 11.8253
522 11.8253
523 11.8253
524 11.8253
525 11.8253
526 11.8253
527 11.8253
528 11.8253
529 11.8253
530 11.8253
531 11.8253
532 11.8253
533 11.8253
534 11.8253
535 11.8253
536 11.8253
537 11.8253
538 11.8253
539 11.8253
540 11.8253
541 11.8253
542 11.8253
