1 11.8666
2 11.8666
3 11.8666
4 11.8666
5 11.8666
6 11.8666
7 11.8666
8 11.8666
9 11.8666
10 11.8666
11 11.8666
12 11.8666
13 11.8666
14 11.8666
15 11.8666
16 11.8666
17 11.8666
18 11.8666
19 11.8666
20 11.8666
21 11.8666
22 11.8666
23 11.8666
24 11.8666
25 11.8666
26 11.8666
27 11.8666
28 11.8666
29 11.8666
30 11.8666
31 11.8666
32 11.8666
33 11.8666
34 11.8666
35 11.8666
36 11.8666
37 11.8666
38 11.8666
39 11.8666
40 11.8666
41 11.8666
42 11.8666
43 11.8666
44 11.8666
45 11.8666
46 11.8666
47 11.8666
48 11.8666
49 11.8666
50 11.8666
51 11.8666
52 11.8666
53 11.8666
54 11.8666
55 11.8666
56 11.8666
57 11.8666
58 11.8666
59 11.8666
60 11.8666
61 11.8666
62 11.8666
63 11.8666
64 11.8666
65 11.8666
66 11.8666
67 11.8666
68 11.8666
69 11.8666
70 11.8666
71 11.8666
72 11.8666
73 11.8666
74 11.8666
75 11.8666
76 11.8666
77 11.8666
78 11.8666
79 11.8666
80 11.8666
81 11.8666
82 11.8666
83 11.8666
84 11.8666
85 11.8666
86 11.8666
87 11.8666
88 11.8666
89 11.8666
90 11.8666
91 11.8666
92 11.8666
93 11.8666
94 11.8666
95 11.8666
96 11.8666
97 11.8666
98 11.8666
99 11.8666
100 11.8666
101 11.8666
102 11.8666
103 11.8666
104 11.8666
105 11.8666
106 11.8666
107 11.8666
108 11.8666
109 11.8666
110 11.8666
111 11.8666
112 11.8666
113 11.8666
114 11.8666
115 11.8666
116 11.8666
117 11.8666
118 11.8666
119 11.8666
120 11.8666
121 11.8666
122 11.8666
123 11.8666
124 11.8666
125 11.8666
126 11.8666
127 11.8666
128 11.8666
129 11.8666
130 11.8666
131 11.8666
132 11.8666
133 11.8666
134 11.8666
135 11.8666
136 11.8666
137 11.8666
138 11.8666
139 11.8666
140 11.8666
141 11.8666
142 11.8666
143 11.8666
144 11.8666
145 11.8666
146 11.8666
147 11.8666
148 11.8666
149 11.8666
150 11.8666
151 11.8666
152 11.8666
153 11.8666
154 11.8666
155 11.8666
156 11.8666
157 11.8666
158 11.8666
159 11.8666
160 11.8666
161 11.8666
162 11.8666
163 11.8666
164 11.8666
165 11.8666
166 11.8666
167 11.8666
168 11.8666
169 11.8666
170 11.8666
171 11.8666
172 11.8666
173 11.8666
174 11.8666
175 11.8666
176 11.8666
177 11.8666
178 11.8666
179 11.8666
180 11.8666
181 11.8666
182 11.8666
183 11.8666
184 11.8666
185 11.8666
186 11.8666
187 11.8666
188 11.8666
189 11.8666
190 11.8666
191 11.8666
192 11.8666
193 11.8666
194 11.8666
195 11.8666
196 11.8666
197 11.8666
198 11.8666
199 11.8666
200 11.8666
201 11.8666
202 11.8666
203 11.8666
204 11.8666
205 11.8666
206 11.8666
207 11.8666
208 11.8666
209 11.8666
210 11.8666
211 11.8666
212 11.8666
213 11.8666
214 11.8666
215 11.8666
216 11.8666
217 11.8666
218 11.8666
219 11.8666
220 11.8666
221 11.8666
222 11.8666
223 11.8666
224 11.8666
225 11.8666
226 11.8666
227 11.8666
228 11.8666
229 11.8666
230 11.8666
231 11.8666
232 11.8666
233 11.8666
234 11.8666
235 11.8666
236 11.8666
237 11.8666
238 11.8666
239 11.8666
240 11.8666
241 11.8666
242 11.8666
243 11.8666
244 11.8666
245 11.9035
246 11.9578
247 11.7409
248 11.2576
249 10.6052
250 9.83986
251 8.98658
252 8.91706
253 8.90744
254 8.53825
255 8.462
256 7.98922
257 7.91904
258 7.92134
259 7.72104
260 7.70148
261 7.39089
262 6.63403
263 6.53817
264 6.52088
265 6.52275
266 6.52993
267 6.53729
268 6.54213
269 6.54453
270 6.55194
271 6.59334
272 6.5846
273 6.60105
274 6.50538
275 6.0625
276 5.95543
277 5.92915
278 5.92566
279 5.92541
280 5.92093
281 5.90935
282 5.8897
283 5.86258
284 5.83281
285 5.82041
286 5.7774
287 5.72884
288 5.68922
289 5.70913
290 6.17527
291 6.19735
292 7.05235
293 7.93715
294 8.84785
295 9.77445
296 10.6946
297 11.5343
298 12
299 11.8666
300 11.8666
301 11.8666
302 11.8666
303 11.8666
304 11.8666
305 11.8666
306 11.8666
307 11.8666
308 11.8666
309 11.8666
310 11.8666
311 11.8666
312 11.8666
313 11.8666
314 11.8666
315 11.8666
316 11.8666
317 11.8666
318 11.8666
319 11.8666
320 11.8666
321 11.8666
322 11.8666
323 11.8666
324 11.8666
325 11.8666
326 11.8666
327 11.8666
328 11.8666
329 11.8666
330 11.8666
331 11.8666
332 11.8666
333 11.8666
334 11.8666
335 11.8666
336 11.8666
337 11.8666
338 11.8666
339 11.8666
340 11.8666
341 11.8666
342 11.8666
343 11.8666
344 11.8666
345 11.8666
346 11.8666
347 11.8666
348 11.8666
349 11.8666
350 11.8666
351 11.8666
352 11.8666
353 11.8666
354 11.8666
355 11.8666
356 11.8666
357 11.8666
358 11.8666
359 11.8666
360 11.8666
361 11.8666
362 11.8666
363 11.8666
364 11.8666
365 11.8666
366 11.8666
367 11.8666
368 11.8666
369 11.8666
370 11.8666
371 11.8666
372 11.8666
373 11.8666
374 11.8666
375 11.8666
376 11.8666
377 11.8666
378 11.8666
379 11.8666
380 11.8666
381 11.8666
382 11.8666
383 11.8666
384 11.8666
385 11.8666
386 11.8666
387 11.8666
388 11.8666
389 11.8666
390 11.8666
391 11.8666
392 11.8666
393 11.8666
394 11.8666
395 11.8666
396 11.8666
397 11.8666
398 11.8666
399 11.8666
400 11.8666
401 11.8666
402 11.8666
403 11.8666
404 11.8666
405 11.8666
406 11.8666
407 11.8666
408 11.8666
409 11.8666
410 11.8666
411 11.8666
412 11.8666
413 11.8666
414 11.8666
415 11.8666
416 11.8666
417 11.8666
418 11.8666
419 11.8666
420 11.8666
421 11.8666
422 11.8666
423 11.8666
424 11.8666
425 11.8666
426 11.8666
427 11.8666
428 11.8666
429 11.8666
430 11.8666
431 11.8666
432 11.8666
433 11.8666
434 11.8666
435 11.8666
436 11.8666
437 11.8666
438 11.8666
439 11.8666
440 11.8666
441 11.8666
442 11.8666
443 11.8666
444 11.8666
445 11.8666
446 11.8666
447 11.8666
448 11.8666
449 11.8666
450 11.8666
451 11.8666
452 11.8666
453 11.8666
454 11.8666
455 11.8666
456 11.8666
457 11.8666
458 11.8666
459 11.8666
460 11.8666
461 11.8666
462 11.8666
463 11.8666
464 11.8666
465 11.8666
466 11.8666
467 11.8666
468 11.8666
469 11.8666
470 11.8666
471 11.8666
472 11.8666
473 11.8666
474 11.8666
475 11.8666
476 11.8666
477 11.8666
478 11.8666
479 11.8666
480 11.8666
481 11.8666
482 11.8666
483 11.8666
484 11.8666
485 11.8666
486 11.8666
487 11.8666
488 11.8666
489 11.8666
490 11.8666
491 11.8666
492 11.8666
493 11.8666
494 11.8666
495 11.8666
496 11.8666
497 11.8666
498 11.8666
499 11.8666
500 11.8666
501 11.8666
502 11.8666
503 11.8666
504 11.8666
505 11.8666
506 11.8666
507 11.8666
508 11.8666
509 11.8666
510 11.8666
511 11.8666
512 11.8666
513 11.8666
514 11.8666
515 11.8666
516 11.8666
517 11.8666
518 11.8666
519 11.8666
520 11.8666
521 11.8666
522 11.8666
523 11.8666
524 11.8666
525 11.8666
526 11.8666
527 11.8666
528 11.8666
529 11.8666
530 11.8666
531 11.8666
532 11.8666
533 11.8666
534 11.8666
535 11.8666
536 11.8666
537 11.8666
538 11.8666
539 11.8666
540 11.8666
541 11.8666
542 11.8666
