1 11.9732
2 11.9732
3 11.9732
4 11.9732
5 11.9732
6 11.9732
7 11.9732
8 11.9732
9 11.9732
10 11.9732
11 11.9732
12 11.9732
13 11.9732
14 11.9732
15 11.9732
16 11.9732
17 11.9732
18 11.9732
19 11.9732
20 11.9732
21 11.9732
22 11.9732
23 11.9732
24 11.9732
25 11.9732
26 11.9732
27 11.9732
28 11.9732
29 11.9732
30 11.9732
31 11.9732
32 11.9732
33 11.9732
34 11.9732
35 11.9732
36 11.9732
37 11.9732
38 11.9732
39 11.9732
40 11.9732
41 11.9732
42 11.9732
43 11.9732
44 11.9732
45 11.9732
46 11.9732
47 11.9732
48 11.9732
49 11.9732
50 11.9732
51 11.9732
52 11.9732
53 11.9732
54 11.9732
55 11.9732
56 11.9732
57 11.9732
58 11.9732
59 11.9732
60 11.9732
61 11.9732
62 11.9732
63 11.9732
64 11.9732
65 11.9732
66 11.9732
67 11.9732
68 11.9732
69 11.9732
70 11.9732
71 11.9732
72 11.9732
73 11.9732
74 11.9732
75 11.9732
76 11.9732
77 11.9732
78 11.9732
79 11.9732
80 11.9732
81 11.9732
82 11.9732
83 11.9732
84 11.9732
85 11.9732
86 11.9732
87 11.9732
88 11.9732
89 11.9732
90 11.9732
91 11.9732
92 11.9732
93 11.9732
94 11.9732
95 11.9732
96 11.9732
97 11.9732
98 11.9732
99 11.9732
100 11.9732
101 11.9732
102 11.9732
103 11.9732
104 11.9732
105 11.9732
106 11.9732
107 11.9732
108 11.9732
109 11.9732
110 11.9732
111 11.9732
112 11.9732
113 11.9732
114 11.9732
115 11.9732
116 11.9732
117 11.9732
118 11.9732
119 11.9732
120 11.9732
121 11.9732
122 11.9732
123 11.9732
124 11.9732
125 11.9732
126 11.9732
127 11.9732
128 11.9732
129 11.9732
130 11.9732
131 11.9732
132 11.9732
133 11.9732
134 11.9732
135 11.9732
136 11.9732
137 11.9732
138 11.9732
139 11.9732
140 11.9732
141 11.9732
142 11.9732
143 11.9732
144 11.9732
145 11.9732
146 11.9732
147 11.9732
148 11.9732
149 11.9732
150 11.9732
151 11.9732
152 11.9732
153 11.9732
154 11.9732
155 11.9732
156 11.9732
157 11.9732
158 11.9732
159 11.9732
160 11.9732
161 11.9732
162 11.9732
163 11.9732
164 11.9732
165 11.9732
166 11.9732
167 11.9732
168 11.9732
169 11.9732
170 11.9732
171 11.9732
172 11.9732
173 11.9732
174 11.9732
175 11.9732
176 11.9732
177 11.9732
178 11.9732
179 11.9732
180 11.9732
181 11.9732
182 11.9732
183 11.9732
184 11.9732
185 11.9732
186 11.9732
187 11.9732
188 11.9732
189 11.9732
190 11.9732
191 11.9732
192 11.9732
193 11.9732
194 11.9732
195 11.9732
196 11.9732
197 11.9732
198 11.9732
199 11.9732
200 11.9732
201 11.9732
202 11.9732
203 11.9732
204 11.9732
205 11.9732
206 11.9732
207 11.9732
208 11.9732
209 11.9732
210 11.9732
211 11.9732
212 11.9732
213 11.9732
214 11.9732
215 11.9732
216 11.9732
217 11.9732
218 11.9732
219 11.9732
220 11.9732
221 11.9732
222 11.9732
223 11.9732
224 11.9732
225 11.9732
226 11.9732
227 11.9732
228 11.9732
229 11.9732
230 11.9732
231 11.9732
232 11.9732
233 11.9732
234 11.9732
235 11.9732
236 11.9732
237 11.9732
238 11.9732
239 11.9732
240 12
241 11.6953
242 11.0685
243 10.4765
244 9.81203
245 9.10757
246 8.38085
247 7.62764
248 6.83428
249 5.99211
250 5.10546
251 4.18985
252 4.12581
253 4.12915
254 3.7123
255 3.63127
256 3.07439
257 2.97998
258 2.97074
259 2.6519
260 2.58864
261 2.15824
262 1.33494
263 1.25241
264 1.26084
265 1.28713
266 1.31279
267 1.33271
268 1.34635
269 1.35473
270 1.35917
271 1.3606
272 1.36512
273 1.36641
274 1.37042
275 1.37772
276 1.38074
277 1.38112
278 1.37953
279 1.37571
280 1.36866
281 1.35674
282 1.33811
283 1.31188
284 1.28131
285 1.26273
286 1.22954
287 1.1921
288 1.16398
289 1.19551
290 1.65886
291 1.69119
292 2.55064
293 3.43118
294 4.32098
295 5.20312
296 6.05904
297 6.87524
298 7.64903
299 8.3885
300 9.10555
301 9.80722
302 10.4816
303 11.0685
304 11.6757
305 12
306 11.9732
307 11.9732
308 11.9732
309 11.9732
310 11.9732
311 11.9732
312 11.9732
313 11.9732
314 11.9732
315 11.9732
316 11.9732
317 11.9732
318 11.9732
319 11.9732
320 11.9732
321 11.9732
322 11.9732
323 11.9732
324 11.9732
325 11.9732
326 11.9732
327 11.9732
328 11.9732
329 11.9732
330 11.9732
331 11.9732
332 11.9732
333 11.9732
334 11.9732
335 11.9732
336 11.9732
337 11.9732
338 11.9732
339 11.9732
340 11.9732
341 11.9732
342 11.9732
343 11.9732
344 11.9732
345 11.9732
346 11.9732
347 11.9732
348 11.9732
349 11.9732
350 11.9732
351 11.9732
352 11.9732
353 11.9732
354 11.9732
355 11.9732
356 11.9732
357 11.9732
358 11.9732
359 11.9732
360 11.9732
361 11.9732
362 11.9732
363 11.9732
364 11.9732
365 11.9732
366 11.9732
367 11.9732
368 11.9732
369 11.9732
370 11.9732
371 11.9732
372 11.9732
373 11.9732
374 11.9732
375 11.9732
376 11.9732
377 11.9732
378 11.9732
379 11.9732
380 11.9732
381 11.9732
382 11.9732
383 11.9732
384 11.9732
385 11.9732
386 11.9732
387 11.9732
388 11.9732
389 11.9732
390 11.9732
391 11.9732
392 11.9732
393 11.9732
394 11.9732
395 11.9732
396 11.9732
397 11.9732
398 11.9732
399 11.9732
400 11.9732
401 11.9732
402 11.9732
403 11.9732
404 11.9732
405 11.9732
406 11.9732
407 11.9732
408 11.9732
409 11.9732
410 11.9732
411 11.9732
412 11.9732
413 11.9732
414 11.9732
415 11.9732
416 11.9732
417 11.9732
418 11.9732
419 11.9732
420 11.9732
421 11.9732
422 11.9732
423 11.9732
424 11.9732
425 11.9732
426 11.9732
427 11.9732
428 11.9732
429 11.9732
430 11.9732
431 11.9732
432 11.9732
433 11.9732
434 11.9732
435 11.9732
436 11.9732
437 11.9732
438 11.9732
439 11.9732
440 11.9732
441 11.9732
442 11.9732
443 11.9732
444 11.9732
445 11.9732
446 11.9732
447 11.9732
448 11.9732
449 11.9732
450 11.9732
451 11.9732
452 11.9732
453 11.9732
454 11.9732
455 11.9732
456 11.9732
457 11.9732
458 11.9732
459 11.9732
460 11.9732
461 11.9732
462 11.9732
463 11.9732
464 11.9732
465 11.9732
466 11.9732
467 11.9732
468 11.9732
469 11.9732
470 11.9732
471 11.9732
472 11.9732
473 11.9732
474 11.9732
475 11.9732
476 11.9732
477 11.9732
478 11.9732
479 11.9732
480 11.9732
481 11.9732
482 11.9732
483 11.9732
484 11.9732
485 11.9732
486 11.9732
487 11.9732
488 11.9732
489 11.9732
490 11.9732
491 11.9732
492 11.9732
493 11.9732
494 11.9732
495 11.9732
496 11.9732
497 11.9732
498 11.9732
499 11.9732
500 11.9732
501 11.9732
502 11.9732
503 11.9732
504 11.9732
505 11.9732
506 11.9732
507 11.9732
508 11.9732
509 11.9732
510 11.9732
511 11.9732
512 11.9732
513 11.9732
514 11.9732
515 11.9732
516 11.9732
517 11.9732
518 11.9732
519 11.9732
520 11.9732
521 11.9732
522 11.9732
523 11.9732
524 11.9732
525 11.9732
526 11.9732
527 11.9732
528 11.9732
529 11.9732
530 11.9732
531 11.9732
532 11.9732
533 11.9732
534 11.9732
535 11.9732
536 11.9732
537 11.9732
538 11.9732
539 11.9732
540 11.9732
541 11.9732
542 11.9732
