1 11.9432
2 11.9432
3 11.9432
4 11.9432
5 11.9432
6 11.9432
7 11.9432
8 11.9432
9 11.9432
10 11.9432
11 11.9432
12 11.9432
13 11.9432
14 11.9432
15 11.9432
16 11.9432
17 11.9432
18 11.9432
19 11.9432
20 11.9432
21 11.9432
22 11.9432
23 11.9432
24 11.9432
25 11.9432
26 11.9432
27 11.9432
28 11.9432
29 11.9432
30 11.9432
31 11.9432
32 11.9432
33 11.9432
34 11.9432
35 11.9432
36 11.9432
37 11.9432
38 11.9432
39 11.9432
40 11.9432
41 11.9432
42 11.9432
43 11.9432
44 11.9432
45 11.9432
46 11.9432
47 11.9432
48 11.9432
49 11.9432
50 11.9432
51 11.9432
52 11.9432
53 11.9432
54 11.9432
55 11.9432
56 11.9432
57 11.9432
58 11.9432
59 11.9432
60 11.9432
61 11.9432
62 11.9432
63 11.9432
64 11.9432
65 11.9432
66 11.9432
67 11.9432
68 11.9432
69 11.9432
70 11.9432
71 11.9432
72 11.9432
73 11.9432
74 11.9432
75 11.9432
76 11.9432
77 11.9432
78 11.9432
79 11.9432
80 11.9432
81 11.9432
82 11.9432
83 11.9432
84 11.9432
85 11.9432
86 11.9432
87 11.9432
88 11.9432
89 11.9432
90 11.9432
91 11.9432
92 11.9432
93 11.9432
94 11.9432
95 11.9432
96 11.9432
97 11.9432
98 11.9432
99 11.9432
100 11.9432
101 11.9432
102 11.9432
103 11.9432
104 11.9432
105 11.9432
106 11.9432
107 11.9432
108 11.9432
109 11.9432
110 11.9432
111 11.9432
112 11.9432
113 11.9432
114 11.9432
115 11.9432
116 11.9432
117 11.9432
118 11.9432
119 11.9432
120 11.9432
121 11.9432
122 11.9432
123 11.9432
124 11.9432
125 11.9432
126 11.9432
127 11.9432
128 11.9432
129 11.9432
130 11.9432
131 11.9432
132 11.9432
133 11.9432
134 11.9432
135 11.9432
136 11.9432
137 11.9432
138 11.9432
139 11.9432
140 11.9432
141 11.9432
142 11.9432
143 11.9432
144 11.9432
145 11.9432
146 11.9432
147 11.9432
148 11.9432
149 11.9432
150 11.9432
151 11.9432
152 11.9432
153 11.9432
154 11.9432
155 11.9432
156 11.9432
157 11.9432
158 11.9432
159 11.9432
160 11.9432
161 11.9432
162 11.9432
163 11.9432
164 11.9432
165 11.9432
166 11.9432
167 11.9432
168 11.9432
169 11.9432
170 11.9432
171 11.9432
172 11.9432
173 11.9432
174 11.9432
175 11.9432
176 11.9432
177 11.9432
178 11.9432
179 11.9432
180 11.9432
181 11.9432
182 11.9432
183 11.9432
184 11.9432
185 11.9432
186 11.9432
187 11.9432
188 11.9432
189 11.9432
190 11.9432
191 11.9432
192 11.9432
193 11.9432
194 11.9432
195 11.9432
196 11.9432
197 11.9432
198 11.9432
199 11.9432
200 11.9432
201 11.9432
202 11.9432
203 11.9432
204 11.9432
205 11.9432
206 11.9432
207 11.9432
208 11.9432
209 11.9432
210 11.9432
211 11.9432
212 11.9432
213 11.9432
214 11.9432
215 11.9432
216 11.9432
217 11.9432
218 11.9432
219 11.9432
220 11.9432
221 11.9432
222 11.9432
223 11.9432
224 11.9432
225 11.9432
226 11.9432
227 11.9432
228 11.9432
229 11.9432
230 11.9432
231 11.9432
232 11.9432
233 11.9432
234 11.9432
235 11.9432
236 11.9432
237 11.9432
238 11.9432
239 11.9432
240 11.9432
241 11.9432
242 11.9432
243 11.9432
244 11.9432
245 11.9432
246 11.9432
247 11.9432
248 11.9932
249 11.8771
250 11.426
251 10.84
252 10.8799
253 11.0895
254 11.0434
255 11.1949
256 10.9604
257 10.9626
258 11.1048
259 10.6859
260 10.5664
261 9.95568
262 9.03863
263 8.96698
264 8.97832
265 9.00452
266 9.02782
267 9.04511
268 9.06362
269 9.10774
270 9.2542
271 9.94295
272 10.1145
273 10.5587
274 10.0723
275 9.00074
276 8.84857
277 8.81353
278 8.80971
279 8.81322
280 8.81559
281 8.81545
282 8.8173
283 8.83416
284 8.89885
285 9.12083
286 9.12438
287 9.13827
288 9.17719
289 9.29626
290 10.006
291 10.0952
292 11.009
293 11.7871
294 12
295 11.9432
296 11.9432
297 11.9432
298 11.9432
299 11.9432
300 11.9432
301 11.9432
302 11.9432
303 11.9432
304 11.9432
305 11.9432
306 11.9432
307 11.9432
308 11.9432
309 11.9432
310 11.9432
311 11.9432
312 11.9432
313 11.9432
314 11.9432
315 11.9432
316 11.9432
317 11.9432
318 11.9432
319 11.9432
320 11.9432
321 11.9432
322 11.9432
323 11.9432
324 11.9432
325 11.9432
326 11.9432
327 11.9432
328 11.9432
329 11.9432
330 11.9432
331 11.9432
332 11.9432
333 11.9432
334 11.9432
335 11.9432
336 11.9432
337 11.9432
338 11.9432
339 11.9432
340 11.9432
341 11.9432
342 11.9432
343 11.9432
344 11.9432
345 11.9432
346 11.9432
347 11.9432
348 11.9432
349 11.9432
350 11.9432
351 11.9432
352 11.9432
353 11.9432
354 11.9432
355 11.9432
356 11.9432
357 11.9432
358 11.9432
359 11.9432
360 11.9432
361 11.9432
362 11.9432
363 11.9432
364 11.9432
365 11.9432
366 11.9432
367 11.9432
368 11.9432
369 11.9432
370 11.9432
371 11.9432
372 11.9432
373 11.9432
374 11.9432
375 11.9432
376 11.9432
377 11.9432
378 11.9432
379 11.9432
380 11.9432
381 11.9432
382 11.9432
383 11.9432
384 11.9432
385 11.9432
386 11.9432
387 11.9432
388 11.9432
389 11.9432
390 11.9432
391 11.9432
392 11.9432
393 11.9432
394 11.9432
395 11.9432
396 11.9432
397 11.9432
398 11.9432
399 11.9432
400 11.9432
401 11.9432
402 11.9432
403 11.9432
404 11.9432
405 11.9432
406 11.9432
407 11.9432
408 11.9432
409 11.9432
410 11.9432
411 11.9432
412 11.9432
413 11.9432
414 11.9432
415 11.9432
416 11.9432
417 11.9432
418 11.9432
419 11.9432
420 11.9432
421 11.9432
422 11.9432
423 11.9432
424 11.9432
425 11.9432
426 11.9432
427 11.9432
428 11.9432
429 11.9432
430 11.9432
431 11.9432
432 11.9432
433 11.9432
434 11.9432
435 11.9432
436 11.9432
437 11.9432
438 11.9432
439 11.9432
440 11.9432
441 11.9432
442 11.9432
443 11.9432
444 11.9432
445 11.9432
446 11.9432
447 11.9432
448 11.9432
449 11.9432
450 11.9432
451 11.9432
452 11.9432
453 11.9432
454 11.9432
455 11.9432
456 11.9432
457 11.9432
458 11.9432
459 11.9432
460 11.9432
461 11.9432
462 11.9432
463 11.9432
464 11.9432
465 11.9432
466 11.9432
467 11.9432
468 11.9432
469 11.9432
470 11.9432
471 11.9432
472 11.9432
473 11.9432
474 11.9432
475 11.9432
476 11.9432
477 11.9432
478 11.9432
479 11.9432
480 11.9432
481 11.9432
482 11.9432
483 11.9432
484 11.9432
485 11.9432
486 11.9432
487 11.9432
488 11.9432
489 11.9432
490 11.9432
491 11.9432
492 11.9432
493 11.9432
494 11.9432
495 11.9432
496 11.9432
497 11.9432
498 11.9432
499 11.9432
500 11.9432
501 11.9432
502 11.9432
503 11.9432
504 11.9432
505 11.9432
506 11.9432
507 11.9432
508 11.9432
509 11.9432
510 11.9432
511 11.9432
512 11.9432
513 11.9432
514 11.9432
515 11.9432
516 11.9432
517 11.9432
518 11.9432
519 11.9432
520 11.9432
521 11.9432
522 11.9432
523 11.9432
524 11.9432
525 11.9432
526 11.9432
527 11.9432
528 11.9432
529 11.9432
530 11.9432
531 11.9432
532 11.9432
533 11.9432
534 11.9432
535 11.9432
536 11.9432
537 11.9432
538 11.9432
539 11.9432
540 11.9432
541 11.9432
542 11.9432
