1 11.996
2 11.996
3 11.996
4 11.996
5 11.996
6 11.996
7 11.996
8 11.996
9 11.996
10 11.996
11 11.996
12 11.996
13 11.996
14 11.996
15 11.996
16 11.996
17 11.996
18 11.996
19 11.996
20 11.996
21 11.996
22 11.996
23 11.996
24 11.996
25 11.996
26 11.996
27 11.996
28 11.996
29 11.996
30 11.996
31 11.996
32 11.996
33 11.996
34 11.996
35 11.996
36 11.996
37 11.996
38 11.996
39 11.996
40 11.996
41 11.996
42 11.996
43 11.996
44 11.996
45 11.996
46 11.996
47 11.996
48 11.996
49 11.996
50 11.996
51 11.996
52 11.996
53 11.996
54 11.996
55 11.996
56 11.996
57 11.996
58 11.996
59 11.996
60 11.996
61 11.996
62 11.996
63 11.996
64 11.996
65 11.996
66 11.996
67 11.996
68 11.996
69 11.996
70 11.996
71 11.996
72 11.996
73 11.996
74 11.996
75 11.996
76 11.996
77 11.996
78 11.996
79 11.996
80 11.996
81 11.996
82 11.996
83 11.996
84 11.996
85 11.996
86 11.996
87 11.996
88 11.996
89 11.996
90 11.996
91 11.996
92 11.996
93 11.996
94 11.996
95 11.996
96 11.996
97 11.996
98 11.996
99 11.996
100 11.996
101 11.996
102 11.996
103 11.996
104 11.996
105 11.996
106 11.996
107 11.996
108 11.996
109 11.996
110 11.996
111 11.996
112 11.996
113 11.996
114 11.996
115 11.996
116 11.996
117 11.996
118 11.996
119 11.996
120 11.996
121 11.996
122 11.996
123 11.996
124 11.996
125 11.996
126 11.996
127 11.996
128 11.996
129 11.996
130 11.996
131 11.996
132 11.996
133 11.996
134 11.996
135 11.996
136 11.996
137 11.996
138 11.996
139 11.996
140 11.996
141 11.996
142 11.996
143 11.996
144 11.996
145 11.996
146 11.996
147 11.996
148 11.996
149 11.996
150 11.996
151 11.996
152 11.996
153 11.996
154 11.996
155 11.996
156 11.996
157 11.996
158 11.996
159 11.996
160 11.996
161 11.996
162 11.996
163 11.996
164 11.996
165 11.996
166 11.996
167 11.996
168 11.996
169 11.996
170 11.996
171 11.996
172 11.996
173 11.996
174 11.996
175 11.996
176 11.996
177 11.996
178 11.996
179 11.996
180 11.996
181 11.996
182 11.996
183 11.996
184 11.996
185 11.996
186 11.996
187 11.996
188 11.996
189 11.996
190 11.996
191 11.996
192 11.996
193 11.996
194 11.996
195 11.996
196 11.996
197 11.996
198 11.996
199 11.996
200 11.996
201 11.996
202 11.996
203 11.996
204 11.996
205 11.996
206 11.996
207 11.996
208 11.996
209 11.996
210 11.996
211 11.996
212 11.996
213 11.996
214 11.996
215 11.996
216 11.996
217 11.996
218 11.996
219 11.996
220 11.996
221 11.996
222 11.996
223 11.996
224 11.996
225 11.996
226 11.996
227 11.996
228 11.996
229 11.996
230 11.996
231 11.996
232 11.996
233 11.996
234 11.996
235 12
236 11.6805
237 10.9879
238 10.1998
239 9.40263
240 8.61299
241 7.83409
242 7.06829
243 6.31742
244 5.58308
245 4.86665
246 4.16941
247 3.49256
248 2.83724
249 2.20449
250 1.59525
251 1.01037
252 1.03579
253 1.0872
254 1.09301
255 1.12919
256 1.14024
257 1.16845
258 1.18683
259 1.2101
260 1.22297
261 1.24006
262 1.26081
263 1.27109
264 1.2751
265 1.27646
266 1.27688
267 1.277
268 1.27703
269 1.27704
270 1.27704
271 1.27704
272 1.27704
273 1.27703
274 1.27704
275 1.27704
276 1.27704
277 1.27703
278 1.27702
279 1.27697
280 1.27681
281 1.27633
282 1.27503
283 1.27172
284 1.26411
285 1.24881
286 1.23823
287 1.21852
288 1.18898
289 1.16976
290 1.32859
291 1.3149
292 1.89363
293 2.47727
294 3.06011
295 3.63759
296 4.20729
297 4.76949
298 5.32705
299 5.88463
300 6.44766
301 7.02127
302 7.60959
303 8.21528
304 8.83885
305 9.47877
306 10.1301
307 10.783
308 11.4147
309 11.8812
310 11.996
311 11.996
312 11.996
313 11.996
314 11.996
315 11.996
316 11.996
317 11.996
318 11.996
319 11.996
320 11.996
321 11.996
322 11.996
323 11.996
324 11.996
325 11.996
326 11.996
327 11.996
328 11.996
329 11.996
330 11.996
331 11.996
332 11.996
333 11.996
334 11.996
335 11.996
336 11.996
337 11.996
338 11.996
339 11.996
340 11.996
341 11.996
342 11.996
343 11.996
344 11.996
345 11.996
346 11.996
347 11.996
348 11.996
349 11.996
350 11.996
351 11.996
352 11.996
353 11.996
354 11.996
355 11.996
356 11.996
357 11.996
358 11.996
359 11.996
360 11.996
361 11.996
362 11.996
363 11.996
364 11.996
365 11.996
366 11.996
367 11.996
368 11.996
369 11.996
370 11.996
371 11.996
372 11.996
373 11.996
374 11.996
375 11.996
376 11.996
377 11.996
378 11.996
379 11.996
380 11.996
381 11.996
382 11.996
383 11.996
384 11.996
385 11.996
386 11.996
387 11.996
388 11.996
389 11.996
390 11.996
391 11.996
392 11.996
393 11.996
394 11.996
395 11.996
396 11.996
397 11.996
398 11.996
399 11.996
400 11.996
401 11.996
402 11.996
403 11.996
404 11.996
405 11.996
406 11.996
407 11.996
408 11.996
409 11.996
410 11.996
411 11.996
412 11.996
413 11.996
414 11.996
415 11.996
416 11.996
417 11.996
418 11.996
419 11.996
420 11.996
421 11.996
422 11.996
423 11.996
424 11.996
425 11.996
426 11.996
427 11.996
428 11.996
429 11.996
430 11.996
431 11.996
432 11.996
433 11.996
434 11.996
435 11.996
436 11.996
437 11.996
438 11.996
439 11.996
440 11.996
441 11.996
442 11.996
443 11.996
444 11.996
445 11.996
446 11.996
447 11.996
448 11.996
449 11.996
450 11.996
451 11.996
452 11.996
453 11.996
454 11.996
455 11.996
456 11.996
457 11.996
458 11.996
459 11.996
460 11.996
461 11.996
462 11.996
463 11.996
464 11.996
465 11.996
466 11.996
467 11.996
468 11.996
469 11.996
470 11.996
471 11.996
472 11.996
473 11.996
474 11.996
475 11.996
476 11.996
477 11.996
478 11.996
479 11.996
480 11.996
481 11.996
482 11.996
483 11.996
484 11.996
485 11.996
486 11.996
487 11.996
488 11.996
489 11.996
490 11.996
491 11.996
492 11.996
493 11.996
494 11.996
495 11.996
496 11.996
497 11.996
498 11.996
499 11.996
500 11.996
501 11.996
502 11.996
503 11.996
504 11.996
505 11.996
506 11.996
507 11.996
508 11.996
509 11.996
510 11.996
511 11.996
512 11.996
513 11.996
514 11.996
515 11.996
516 11.996
517 11.996
518 11.996
519 11.996
520 11.996
521 11.996
522 11.996
523 11.996
524 11.996
525 11.996
526 11.996
527 11.996
528 11.996
529 11.996
530 11.996
531 11.996
532 11.996
533 11.996
534 11.996
535 11.996
536 11.996
537 11.996
538 11.996
539 11.996
540 11.996
541 11.996
542 11.996
