1 11.9913
2 11.9913
3 11.9913
4 11.9913
5 11.9913
6 11.9913
7 11.9913
8 11.9913
9 11.9913
10 11.9913
11 11.9913
12 11.9913
13 11.9913
14 11.9913
15 11.9913
16 11.9913
17 11.9913
18 11.9913
19 11.9913
20 11.9913
21 11.9913
22 11.9913
23 11.9913
24 11.9913
25 11.9913
26 11.9913
27 11.9913
28 11.9913
29 11.9913
30 11.9913
31 11.9913
32 11.9913
33 11.9913
34 11.9913
35 11.9913
36 11.9913
37 11.9913
38 11.9913
39 11.9913
40 11.9913
41 11.9913
42 11.9913
43 11.9913
44 11.9913
45 11.9913
46 11.9913
47 11.9913
48 11.9913
49 11.9913
50 11.9913
51 11.9913
52 11.9913
53 11.9913
54 11.9913
55 11.9913
56 11.9913
57 11.9913
58 11.9913
59 11.9913
60 11.9913
61 11.9913
62 11.9913
63 11.9913
64 11.9913
65 11.9913
66 11.9913
67 11.9913
68 11.9913
69 11.9913
70 11.9913
71 11.9913
72 11.9913
73 11.9913
74 11.9913
75 11.9913
76 11.9913
77 11.9913
78 11.9913
79 11.9913
80 11.9913
81 11.9913
82 11.9913
83 11.9913
84 11.9913
85 11.9913
86 11.9913
87 11.9913
88 11.9913
89 11.9913
90 11.9913
91 11.9913
92 11.9913
93 11.9913
94 11.9913
95 11.9913
96 11.9913
97 11.9913
98 11.9913
99 11.9913
100 11.9913
101 11.9913
102 11.9913
103 11.9913
104 11.9913
105 11.9913
106 11.9913
107 11.9913
108 11.9913
109 11.9913
110 11.9913
111 11.9913
112 11.9913
113 11.9913
114 11.9913
115 11.9913
116 11.9913
117 11.9913
118 11.9913
119 11.9913
120 11.9913
121 11.9913
122 11.9913
123 11.9913
124 11.9913
125 11.9913
126 11.9913
127 11.9913
128 11.9913
129 11.9913
130 11.9913
131 11.9913
132 11.9913
133 11.9913
134 11.9913
135 11.9913
136 11.9913
137 11.9913
138 11.9913
139 11.9913
140 11.9913
141 11.9913
142 11.9913
143 11.9913
144 11.9913
145 11.9913
146 11.9913
147 11.9913
148 11.9913
149 11.9913
150 11.9913
151 11.9913
152 11.9913
153 11.9913
154 11.9913
155 11.9913
156 11.9913
157 11.9913
158 11.9913
159 11.9913
160 11.9913
161 11.9913
162 11.9913
163 11.9913
164 11.9913
165 11.9913
166 11.9913
167 11.9913
168 11.9913
169 11.9913
170 11.9913
171 11.9913
172 11.9913
173 11.9913
174 11.9913
175 11.9913
176 11.9913
177 11.9913
178 11.9913
179 11.9913
180 11.9913
181 11.9913
182 11.9913
183 11.9913
184 11.9913
185 11.9913
186 11.9913
187 11.9913
188 11.9913
189 11.9913
190 11.9913
191 11.9913
192 11.9913
193 11.9913
194 11.9913
195 11.9913
196 11.9913
197 11.9913
198 11.9913
199 11.9913
200 11.9913
201 11.9913
202 11.9913
203 11.9913
204 11.9913
205 11.9913
206 11.9913
207 11.9913
208 11.9913
209 11.9913
210 11.9913
211 11.9913
212 11.9913
213 11.9913
214 11.9913
215 11.9913
216 11.9913
217 11.9913
218 11.9913
219 11.9913
220 11.9913
221 11.9913
222 11.9913
223 11.9913
224 11.9913
225 11.9913
226 11.9913
227 11.9913
228 11.9913
229 11.9989
230 11.7956
231 11.2484
232 10.5526
233 9.84959
234 9.17065
235 8.51845
236 7.88989
237 7.28408
238 6.7007
239 6.14002
240 5.60249
241 5.08856
242 4.5987
243 4.13337
244 3.693
245 3.27802
246 2.88884
247 2.52582
248 2.18932
249 1.87964
250 1.59696
251 1.34139
252 1.38162
253 1.41148
254 1.4447
255 1.45924
256 1.4762
257 1.48192
258 1.48358
259 1.48543
260 1.48591
261 1.48642
262 1.48695
263 1.48707
264 1.4871
265 1.4871
266 1.4871
267 1.4871
268 1.4871
269 1.4871
270 1.4871
271 1.4871
272 1.4871
273 1.4871
274 1.4871
275 1.4871
276 1.4871
277 1.4871
278 1.4871
279 1.4871
280 1.4871
281 1.4871
282 1.48707
283 1.48697
284 1.48654
285 1.48492
286 1.48352
287 1.47882
288 1.46519
289 1.43471
290 1.41543
291 1.37664
292 1.6475
293 1.94786
294 2.27757
295 2.63627
296 3.0234
297 3.43825
298 3.87991
299 4.34724
300 4.83881
301 5.35278
302 5.88676
303 6.43773
304 7.00198
305 7.57524
306 8.15314
307 8.73169
308 9.30805
309 9.88076
310 10.45
311 11.007
312 11.5183
313 11.8761
314 11.9987
315 12
316 11.9913
317 11.9913
318 11.9913
319 11.9913
320 11.9913
321 11.9913
322 11.9913
323 11.9913
324 11.9913
325 11.9913
326 11.9913
327 11.9913
328 11.9913
329 11.9913
330 11.9913
331 11.9913
332 11.9913
333 11.9913
334 11.9913
335 11.9913
336 11.9913
337 11.9913
338 11.9913
339 11.9913
340 11.9913
341 11.9913
342 11.9913
343 11.9913
344 11.9913
345 11.9913
346 11.9913
347 11.9913
348 11.9913
349 11.9913
350 11.9913
351 11.9913
352 11.9913
353 11.9913
354 11.9913
355 11.9913
356 11.9913
357 11.9913
358 11.9913
359 11.9913
360 11.9913
361 11.9913
362 11.9913
363 11.9913
364 11.9913
365 11.9913
366 11.9913
367 11.9913
368 11.9913
369 11.9913
370 11.9913
371 11.9913
372 11.9913
373 11.9913
374 11.9913
375 11.9913
376 11.9913
377 11.9913
378 11.9913
379 11.9913
380 11.9913
381 11.9913
382 11.9913
383 11.9913
384 11.9913
385 11.9913
386 11.9913
387 11.9913
388 11.9913
389 11.9913
390 11.9913
391 11.9913
392 11.9913
393 11.9913
394 11.9913
395 11.9913
396 11.9913
397 11.9913
398 11.9913
399 11.9913
400 11.9913
401 11.9913
402 11.9913
403 11.9913
404 11.9913
405 11.9913
406 11.9913
407 11.9913
408 11.9913
409 11.9913
410 11.9913
411 11.9913
412 11.9913
413 11.9913
414 11.9913
415 11.9913
416 11.9913
417 11.9913
418 11.9913
419 11.9913
420 11.9913
421 11.9913
422 11.9913
423 11.9913
424 11.9913
425 11.9913
426 11.9913
427 11.9913
428 11.9913
429 11.9913
430 11.9913
431 11.9913
432 11.9913
433 11.9913
434 11.9913
435 11.9913
436 11.9913
437 11.9913
438 11.9913
439 11.9913
440 11.9913
441 11.9913
442 11.9913
443 11.9913
444 11.9913
445 11.9913
446 11.9913
447 11.9913
448 11.9913
449 11.9913
450 11.9913
451 11.9913
452 11.9913
453 11.9913
454 11.9913
455 11.9913
456 11.9913
457 11.9913
458 11.9913
459 11.9913
460 11.9913
461 11.9913
462 11.9913
463 11.9913
464 11.9913
465 11.9913
466 11.9913
467 11.9913
468 11.9913
469 11.9913
470 11.9913
471 11.9913
472 11.9913
473 11.9913
474 11.9913
475 11.9913
476 11.9913
477 11.9913
478 11.9913
479 11.9913
480 11.9913
481 11.9913
482 11.9913
483 11.9913
484 11.9913
485 11.9913
486 11.9913
487 11.9913
488 11.9913
489 11.9913
490 11.9913
491 11.9913
492 11.9913
493 11.9913
494 11.9913
495 11.9913
496 11.9913
497 11.9913
498 11.9913
499 11.9913
500 11.9913
501 11.9913
502 11.9913
503 11.9913
504 11.9913
505 11.9913
506 11.9913
507 11.9913
508 11.9913
509 11.9913
510 11.9913
511 11.9913
512 11.9913
513 11.9913
514 11.9913
515 11.9913
516 11.9913
517 11.9913
518 11.9913
519 11.9913
520 11.9913
521 11.9913
522 11.9913
523 11.9913
524 11.9913
525 11.9913
526 11.9913
527 11.9913
528 11.9913
529 11.9913
530 11.9913
531 11.9913
532 11.9913
533 11.9913
534 11.9913
535 11.9913
536 11.9913
537 11.9913
538 11.9913
539 11.9913
540 11.9913
541 11.9913
542 11.9913
