1 11.9946
2 11.9946
3 11.9946
4 11.9946
5 11.9946
6 11.9946
7 11.9946
8 11.9946
9 11.9946
10 11.9946
11 11.9946
12 11.9946
13 11.9946
14 11.9946
15 11.9946
16 11.9946
17 11.9946
18 11.9946
19 11.9946
20 11.9946
21 11.9946
22 11.9946
23 11.9946
24 11.9946
25 11.9946
26 11.9946
27 11.9946
28 11.9946
29 11.9946
30 11.9946
31 11.9946
32 11.9946
33 11.9946
34 11.9946
35 11.9946
36 11.9946
37 11.9946
38 11.9946
39 11.9946
40 11.9946
41 11.9946
42 11.9946
43 11.9946
44 11.9946
45 11.9946
46 11.9946
47 11.9946
48 11.9946
49 11.9946
50 11.9946
51 11.9946
52 11.9946
53 11.9946
54 11.9946
55 11.9946
56 11.9946
57 11.9946
58 11.9946
59 11.9946
60 11.9946
61 11.9946
62 11.9946
63 11.9946
64 11.9946
65 11.9946
66 11.9946
67 11.9946
68 11.9946
69 11.9946
70 11.9946
71 11.9946
72 11.9946
73 11.9946
74 11.9946
75 11.9946
76 11.9946
77 11.9946
78 11.9946
79 11.9946
80 11.9946
81 11.9946
82 11.9946
83 11.9946
84 11.9946
85 11.9946
86 11.9946
87 11.9946
88 11.9946
89 11.9946
90 11.9946
91 11.9946
92 11.9946
93 11.9946
94 11.9946
95 11.9946
96 11.9946
97 11.9946
98 11.9946
99 11.9946
100 11.9946
101 11.9946
102 11.9946
103 11.9946
104 11.9946
105 11.9946
106 11.9946
107 11.9946
108 11.9946
109 11.9946
110 11.9946
111 11.9946
112 11.9946
113 11.9946
114 11.9946
115 11.9946
116 11.9946
117 11.9946
118 11.9946
119 11.9946
120 11.9946
121 11.9946
122 11.9946
123 11.9946
124 11.9946
125 11.9946
126 11.9946
127 11.9946
128 11.9946
129 11.9946
130 11.9946
131 11.9946
132 11.9946
133 11.9946
134 11.9946
135 11.9946
136 11.9946
137 11.9946
138 11.9946
139 11.9946
140 11.9946
141 11.9946
142 11.9946
143 11.9946
144 11.9946
145 11.9946
146 11.9946
147 11.9946
148 11.9946
149 11.9946
150 11.9946
151 11.9946
152 11.9946
153 11.9946
154 11.9946
155 11.9946
156 11.9946
157 11.9946
158 11.9946
159 11.9946
160 11.9946
161 11.9946
162 11.9946
163 11.9946
164 11.9946
165 11.9946
166 11.9946
167 11.9946
168 11.9946
169 11.9946
170 11.9946
171 11.9946
172 11.9946
173 11.9946
174 11.9946
175 11.9946
176 11.9946
177 11.9946
178 11.9946
179 11.9946
180 11.9946
181 11.9946
182 11.9946
183 11.9946
184 11.9946
185 11.9946
186 11.9946
187 11.9946
188 11.9946
189 11.9946
190 11.9946
191 11.9946
192 11.9946
193 11.9946
194 11.9946
195 11.9946
196 11.9946
197 11.9946
198 11.9946
199 11.9946
200 11.9946
201 11.9946
202 11.9946
203 11.9946
204 11.9946
205 11.9946
206 11.9946
207 11.9946
208 11.9946
209 11.9946
210 11.9946
211 11.9946
212 11.9946
213 11.9946
214 11.9946
215 11.9946
216 11.9946
217 11.9946
218 11.9946
219 11.9946
220 11.9946
221 11.9946
222 11.9946
223 11.9946
224 11.9984
225 11.9852
226 11.8447
227 11.3928
228 10.6374
229 9.81895
230 9.075
231 8.41039
232 7.80038
233 7.22815
234 6.68537
235 6.16836
236 5.67575
237 5.20717
238 4.76267
239 4.34249
240 3.94694
241 3.57634
242 3.23102
243 2.91126
244 2.61727
245 2.34921
246 2.10711
247 1.89081
248 1.69998
249 1.53403
250 1.39205
251 1.27281
252 1.30712
253 1.32519
254 1.34461
255 1.35101
256 1.35779
257 1.35962
258 1.36007
259 1.36052
260 1.36062
261 1.36073
262 1.36083
263 1.36085
264 1.36086
265 1.36086
266 1.36086
267 1.36086
268 1.36086
269 1.36086
270 1.36086
271 1.36086
272 1.36086
273 1.36086
274 1.36086
275 1.36086
276 1.36086
277 1.36086
278 1.36086
279 1.36086
280 1.36086
281 1.36086
282 1.36085
283 1.36083
284 1.36073
285 1.36029
286 1.35986
287 1.35812
288 1.35183
289 1.33291
290 1.29975
291 1.26469
292 1.38796
293 1.53553
294 1.70884
295 1.90894
296 2.13659
297 2.39222
298 2.676
299 2.98789
300 3.32767
301 3.69493
302 4.08914
303 4.50962
304 4.95553
305 5.42587
306 5.91939
307 6.43468
308 6.97017
309 7.52445
310 8.09704
311 8.68964
312 9.30778
313 9.95989
314 10.6403
315 11.2844
316 11.7509
317 11.9596
318 12
319 11.9957
320 11.9946
321 11.9946
322 11.9946
323 11.9946
324 11.9946
325 11.9946
326 11.9946
327 11.9946
328 11.9946
329 11.9946
330 11.9946
331 11.9946
332 11.9946
333 11.9946
334 11.9946
335 11.9946
336 11.9946
337 11.9946
338 11.9946
339 11.9946
340 11.9946
341 11.9946
342 11.9946
343 11.9946
344 11.9946
345 11.9946
346 11.9946
347 11.9946
348 11.9946
349 11.9946
350 11.9946
351 11.9946
352 11.9946
353 11.9946
354 11.9946
355 11.9946
356 11.9946
357 11.9946
358 11.9946
359 11.9946
360 11.9946
361 11.9946
362 11.9946
363 11.9946
364 11.9946
365 11.9946
366 11.9946
367 11.9946
368 11.9946
369 11.9946
370 11.9946
371 11.9946
372 11.9946
373 11.9946
374 11.9946
375 11.9946
376 11.9946
377 11.9946
378 11.9946
379 11.9946
380 11.9946
381 11.9946
382 11.9946
383 11.9946
384 11.9946
385 11.9946
386 11.9946
387 11.9946
388 11.9946
389 11.9946
390 11.9946
391 11.9946
392 11.9946
393 11.9946
394 11.9946
395 11.9946
396 11.9946
397 11.9946
398 11.9946
399 11.9946
400 11.9946
401 11.9946
402 11.9946
403 11.9946
404 11.9946
405 11.9946
406 11.9946
407 11.9946
408 11.9946
409 11.9946
410 11.9946
411 11.9946
412 11.9946
413 11.9946
414 11.9946
415 11.9946
416 11.9946
417 11.9946
418 11.9946
419 11.9946
420 11.9946
421 11.9946
422 11.9946
423 11.9946
424 11.9946
425 11.9946
426 11.9946
427 11.9946
428 11.9946
429 11.9946
430 11.9946
431 11.9946
432 11.9946
433 11.9946
434 11.9946
435 11.9946
436 11.9946
437 11.9946
438 11.9946
439 11.9946
440 11.9946
441 11.9946
442 11.9946
443 11.9946
444 11.9946
445 11.9946
446 11.9946
447 11.9946
448 11.9946
449 11.9946
450 11.9946
451 11.9946
452 11.9946
453 11.9946
454 11.9946
455 11.9946
456 11.9946
457 11.9946
458 11.9946
459 11.9946
460 11.9946
461 11.9946
462 11.9946
463 11.9946
464 11.9946
465 11.9946
466 11.9946
467 11.9946
468 11.9946
469 11.9946
470 11.9946
471 11.9946
472 11.9946
473 11.9946
474 11.9946
475 11.9946
476 11.9946
477 11.9946
478 11.9946
479 11.9946
480 11.9946
481 11.9946
482 11.9946
483 11.9946
484 11.9946
485 11.9946
486 11.9946
487 11.9946
488 11.9946
489 11.9946
490 11.9946
491 11.9946
492 11.9946
493 11.9946
494 11.9946
495 11.9946
496 11.9946
497 11.9946
498 11.9946
499 11.9946
500 11.9946
501 11.9946
502 11.9946
503 11.9946
504 11.9946
505 11.9946
506 11.9946
507 11.9946
508 11.9946
509 11.9946
510 11.9946
511 11.9946
512 11.9946
513 11.9946
514 11.9946
515 11.9946
516 11.9946
517 11.9946
518 11.9946
519 11.9946
520 11.9946
521 11.9946
522 11.9946
523 11.9946
524 11.9946
525 11.9946
526 11.9946
527 11.9946
528 11.9946
529 11.9946
530 11.9946
531 11.9946
532 11.9946
533 11.9946
534 11.9946
535 11.9946
536 11.9946
537 11.9946
538 11.9946
539 11.9946
540 11.9946
541 11.9946
542 11.9946
