1 11.8897
2 11.8897
3 11.8897
4 11.8897
5 11.8897
6 11.8897
7 11.8897
8 11.8897
9 11.8897
10 11.8897
11 11.8897
12 11.8897
13 11.8897
14 11.8897
15 11.8897
16 11.8897
17 11.8897
18 11.8897
19 11.8897
20 11.8897
21 11.8897
22 11.8897
23 11.8897
24 11.8897
25 11.8897
26 11.8897
27 11.8897
28 11.8897
29 11.8897
30 11.8897
31 11.8897
32 11.8897
33 11.8897
34 11.8897
35 11.8897
36 11.8897
37 11.8897
38 11.8897
39 11.8897
40 11.8897
41 11.8897
42 11.8897
43 11.8897
44 11.8897
45 11.8897
46 11.8897
47 11.8897
48 11.8897
49 11.8897
50 11.8897
51 11.8897
52 11.8897
53 11.8897
54 11.8897
55 11.8897
56 11.8897
57 11.8897
58 11.8897
59 11.8897
60 11.8897
61 11.8897
62 11.8897
63 11.8897
64 11.8897
65 11.8897
66 11.8897
67 11.8897
68 11.8897
69 11.8897
70 11.8897
71 11.8897
72 11.8897
73 11.8897
74 11.8897
75 11.8897
76 11.8897
77 11.8897
78 11.8897
79 11.8897
80 11.8897
81 11.8897
82 11.8897
83 11.8897
84 11.8897
85 11.8897
86 11.8897
87 11.8897
88 11.8897
89 11.8897
90 11.8897
91 11.8897
92 11.8897
93 11.8897
94 11.8897
95 11.8897
96 11.8897
97 11.8897
98 11.8897
99 11.8897
100 11.8897
101 11.8897
102 11.8897
103 11.8897
104 11.8897
105 11.8897
106 11.8897
107 11.8897
108 11.8897
109 11.8897
110 11.8897
111 11.8897
112 11.8897
113 11.8897
114 11.8897
115 11.8897
116 11.8897
117 11.8897
118 11.8897
119 11.8897
120 11.8897
121 11.8897
122 11.8897
123 11.8897
124 11.8897
125 11.8897
126 11.8897
127 11.8897
128 11.8897
129 11.8897
130 11.8897
131 11.8897
132 11.8897
133 11.8897
134 11.8897
135 11.8897
136 11.8897
137 11.8897
138 11.8897
139 11.8897
140 11.8897
141 11.8897
142 11.8897
143 11.8897
144 11.8897
145 11.8897
146 11.8897
147 11.8897
148 11.8897
149 11.8897
150 11.8897
151 11.8897
152 11.8897
153 11.8897
154 11.8897
155 11.8897
156 11.8897
157 11.8897
158 11.8897
159 11.8897
160 11.8897
161 11.8897
162 11.8897
163 11.8897
164 11.8897
165 11.8897
166 11.8897
167 11.8897
168 11.8897
169 11.8897
170 11.8897
171 11.8897
172 11.8897
173 11.8897
174 11.8897
175 11.8897
176 11.8897
177 11.8897
178 11.8897
179 11.8897
180 11.8897
181 11.8897
182 11.8897
183 11.8897
184 11.8897
185 11.8897
186 11.8897
187 11.8897
188 11.8897
189 11.8897
190 11.8897
191 11.8897
192 11.8897
193 11.8897
194 11.8897
195 11.8897
196 11.8897
197 11.8897
198 11.8897
199 11.8897
200 11.8897
201 11.8897
202 11.8897
203 11.8897
204 11.8897
205 11.8897
206 11.8897
207 11.8897
208 11.8897
209 11.8897
210 11.8897
211 11.8897
212 11.8897
213 11.8897
214 11.8897
215 11.8897
216 11.8897
217 11.8897
218 11.8897
219 11.8897
220 11.8897
221 11.8897
222 11.8897
223 11.8897
224 11.8897
225 11.8897
226 11.8897
227 11.8897
228 11.8897
229 11.8897
230 11.8897
231 11.8897
232 11.8897
233 11.8897
234 11.8897
235 11.8897
236 11.8897
237 11.8897
238 11.8897
239 11.8897
240 11.8897
241 11.8897
242 11.8897
243 11.8897
244 11.8897
245 11.8897
246 11.8897
247 11.8897
248 11.8897
249 11.8897
250 11.6846
251 11.1067
252 11.1813
253 11.6988
254 11.4723
255 11.7341
256 11.2482
257 11.2101
258 11.6345
259 11.5381
260 11.9871
261 11.3615
262 10.3945
263 10.2959
264 10.2638
265 10.2514
266 10.2503
267 10.2584
268 10.279
269 10.3252
270 10.4451
271 11.168
272 11.2877
273 12
274 11.3555
275 10.3879
276 10.2914
277 10.2631
278 10.2572
279 10.2638
280 10.2809
281 10.3107
282 10.3598
283 10.4451
284 10.6165
285 11.1079
286 11.0021
287 10.9544
288 10.9466
289 11.0083
290 11.5978
291 11.4267
292 11.9105
293 11.8897
294 11.8897
295 11.8897
296 11.8897
297 11.8897
298 11.8897
299 11.8897
300 11.8897
301 11.8897
302 11.8897
303 11.8897
304 11.8897
305 11.8897
306 11.8897
307 11.8897
308 11.8897
309 11.8897
310 11.8897
311 11.8897
312 11.8897
313 11.8897
314 11.8897
315 11.8897
316 11.8897
317 11.8897
318 11.8897
319 11.8897
320 11.8897
321 11.8897
322 11.8897
323 11.8897
324 11.8897
325 11.8897
326 11.8897
327 11.8897
328 11.8897
329 11.8897
330 11.8897
331 11.8897
332 11.8897
333 11.8897
334 11.8897
335 11.8897
336 11.8897
337 11.8897
338 11.8897
339 11.8897
340 11.8897
341 11.8897
342 11.8897
343 11.8897
344 11.8897
345 11.8897
346 11.8897
347 11.8897
348 11.8897
349 11.8897
350 11.8897
351 11.8897
352 11.8897
353 11.8897
354 11.8897
355 11.8897
356 11.8897
357 11.8897
358 11.8897
359 11.8897
360 11.8897
361 11.8897
362 11.8897
363 11.8897
364 11.8897
365 11.8897
366 11.8897
367 11.8897
368 11.8897
369 11.8897
370 11.8897
371 11.8897
372 11.8897
373 11.8897
374 11.8897
375 11.8897
376 11.8897
377 11.8897
378 11.8897
379 11.8897
380 11.8897
381 11.8897
382 11.8897
383 11.8897
384 11.8897
385 11.8897
386 11.8897
387 11.8897
388 11.8897
389 11.8897
390 11.8897
391 11.8897
392 11.8897
393 11.8897
394 11.8897
395 11.8897
396 11.8897
397 11.8897
398 11.8897
399 11.8897
400 11.8897
401 11.8897
402 11.8897
403 11.8897
404 11.8897
405 11.8897
406 11.8897
407 11.8897
408 11.8897
409 11.8897
410 11.8897
411 11.8897
412 11.8897
413 11.8897
414 11.8897
415 11.8897
416 11.8897
417 11.8897
418 11.8897
419 11.8897
420 11.8897
421 11.8897
422 11.8897
423 11.8897
424 11.8897
425 11.8897
426 11.8897
427 11.8897
428 11.8897
429 11.8897
430 11.8897
431 11.8897
432 11.8897
433 11.8897
434 11.8897
435 11.8897
436 11.8897
437 11.8897
438 11.8897
439 11.8897
440 11.8897
441 11.8897
442 11.8897
443 11.8897
444 11.8897
445 11.8897
446 11.8897
447 11.8897
448 11.8897
449 11.8897
450 11.8897
451 11.8897
452 11.8897
453 11.8897
454 11.8897
455 11.8897
456 11.8897
457 11.8897
458 11.8897
459 11.8897
460 11.8897
461 11.8897
462 11.8897
463 11.8897
464 11.8897
465 11.8897
466 11.8897
467 11.8897
468 11.8897
469 11.8897
470 11.8897
471 11.8897
472 11.8897
473 11.8897
474 11.8897
475 11.8897
476 11.8897
477 11.8897
478 11.8897
479 11.8897
480 11.8897
481 11.8897
482 11.8897
483 11.8897
484 11.8897
485 11.8897
486 11.8897
487 11.8897
488 11.8897
489 11.8897
490 11.8897
491 11.8897
492 11.8897
493 11.8897
494 11.8897
495 11.8897
496 11.8897
497 11.8897
498 11.8897
499 11.8897
500 11.8897
501 11.8897
502 11.8897
503 11.8897
504 11.8897
505 11.8897
506 11.8897
507 11.8897
508 11.8897
509 11.8897
510 11.8897
511 11.8897
512 11.8897
513 11.8897
514 11.8897
515 11.8897
516 11.8897
517 11.8897
518 11.8897
519 11.8897
520 11.8897
521 11.8897
522 11.8897
523 11.8897
524 11.8897
525 11.8897
526 11.8897
527 11.8897
528 11.8897
529 11.8897
530 11.8897
531 11.8897
532 11.8897
533 11.8897
534 11.8897
535 11.8897
536 11.8897
537 11.8897
538 11.8897
539 11.8897
540 11.8897
541 11.8897
542 11.8897
