1 11.9837
2 11.9837
3 11.9837
4 11.9837
5 11.9837
6 11.9837
7 11.9837
8 11.9837
9 11.9837
10 11.9837
11 11.9837
12 11.9837
13 11.9837
14 11.9837
15 11.9837
16 11.9837
17 11.9837
18 11.9837
19 11.9837
20 11.9837
21 11.9837
22 11.9837
23 11.9837
24 11.9837
25 11.9837
26 11.9837
27 11.9837
28 11.9837
29 11.9837
30 11.9837
31 11.9837
32 11.9837
33 11.9837
34 11.9837
35 11.9837
36 11.9837
37 11.9837
38 11.9837
39 11.9837
40 11.9837
41 11.9837
42 11.9837
43 11.9837
44 11.9837
45 11.9837
46 11.9837
47 11.9837
48 11.9837
49 11.9837
50 11.9837
51 11.9837
52 11.9837
53 11.9837
54 11.9837
55 11.9837
56 11.9837
57 11.9837
58 11.9837
59 11.9837
60 11.9837
61 11.9837
62 11.9837
63 11.9837
64 11.9837
65 11.9837
66 11.9837
67 11.9837
68 11.9837
69 11.9837
70 11.9837
71 11.9837
72 11.9837
73 11.9837
74 11.9837
75 11.9837
76 11.9837
77 11.9837
78 11.9837
79 11.9837
80 11.9837
81 11.9837
82 11.9837
83 11.9837
84 11.9837
85 11.9837
86 11.9837
87 11.9837
88 11.9837
89 11.9837
90 11.9837
91 11.9837
92 11.9837
93 11.9837
94 11.9837
95 11.9837
96 11.9837
97 11.9837
98 11.9837
99 11.9837
100 11.9837
101 11.9837
102 11.9837
103 11.9837
104 11.9837
105 11.9837
106 11.9837
107 11.9837
108 11.9837
109 11.9837
110 11.9837
111 11.9837
112 11.9837
113 11.9837
114 11.9837
115 11.9837
116 11.9837
117 11.9837
118 11.9837
119 11.9837
120 11.9837
121 11.9837
122 11.9837
123 11.9837
124 11.9837
125 11.9837
126 11.9837
127 11.9837
128 11.9837
129 11.9837
130 11.9837
131 11.9837
132 11.9837
133 11.9837
134 11.9837
135 11.9837
136 11.9837
137 11.9837
138 11.9837
139 11.9837
140 11.9837
141 11.9837
142 11.9837
143 11.9837
144 11.9837
145 11.9837
146 11.9837
147 11.9837
148 11.9837
149 11.9837
150 11.9837
151 11.9837
152 11.9837
153 11.9837
154 11.9837
155 11.9837
156 11.9837
157 11.9837
158 11.9837
159 11.9837
160 11.9837
161 11.9837
162 11.9837
163 11.9837
164 11.9837
165 11.9837
166 11.9837
167 11.9837
168 11.9837
169 11.9837
170 11.9837
171 11.9837
172 11.9837
173 11.9837
174 11.9837
175 11.9837
176 11.9837
177 11.9837
178 11.9837
179 11.9837
180 11.9837
181 11.9837
182 11.9837
183 11.9837
184 11.9837
185 11.9837
186 11.9837
187 11.9837
188 11.9837
189 11.9837
190 11.9837
191 11.9837
192 11.9837
193 11.9837
194 11.9837
195 11.9837
196 11.9837
197 11.9837
198 11.9837
199 11.9837
200 11.9837
201 11.9837
202 11.9837
203 11.9837
204 11.9837
205 11.9837
206 11.9837
207 11.9837
208 11.9837
209 11.9837
210 11.9837
211 11.9837
212 11.9837
213 11.9837
214 11.9837
215 11.9837
216 11.9837
217 11.9837
218 11.9837
219 11.9837
220 11.9837
221 11.9837
222 11.9837
223 11.9837
224 11.9837
225 11.9837
226 11.9837
227 11.9837
228 11.9837
229 11.9837
230 11.9837
231 11.9837
232 11.9837
233 11.9837
234 11.9837
235 11.9837
236 12
237 11.8632
238 11.2224
239 10.4226
240 9.59268
241 8.75779
242 7.93049
243 7.11486
244 6.31249
245 5.52419
246 4.75074
247 3.9931
248 3.25244
249 2.53002
250 1.82715
251 1.14515
252 1.155
253 1.20463
254 1.15012
255 1.17718
256 1.11513
257 1.13466
258 1.15865
259 1.17515
260 1.195
261 1.21262
262 1.21061
263 1.22771
264 1.2388
265 1.24398
266 1.24603
267 1.24676
268 1.24699
269 1.24706
270 1.24708
271 1.24708
272 1.24708
273 1.24708
274 1.24708
275 1.24708
276 1.24708
277 1.24705
278 1.24698
279 1.24678
280 1.24625
281 1.24494
282 1.24195
283 1.23564
284 1.22364
285 1.20407
286 1.18966
287 1.16605
288 1.13472
289 1.11958
290 1.30433
291 1.28448
292 1.85361
293 2.41421
294 2.96963
295 3.52516
296 4.08687
297 4.66051
298 5.25091
299 5.8617
300 6.49542
301 7.1536
302 7.8368
303 8.54423
304 9.27202
305 10.0102
306 10.7454
307 11.4355
308 11.9167
309 11.9837
310 11.9837
311 11.9837
312 11.9837
313 11.9837
314 11.9837
315 11.9837
316 11.9837
317 11.9837
318 11.9837
319 11.9837
320 11.9837
321 11.9837
322 11.9837
323 11.9837
324 11.9837
325 11.9837
326 11.9837
327 11.9837
328 11.9837
329 11.9837
330 11.9837
331 11.9837
332 11.9837
333 11.9837
334 11.9837
335 11.9837
336 11.9837
337 11.9837
338 11.9837
339 11.9837
340 11.9837
341 11.9837
342 11.9837
343 11.9837
344 11.9837
345 11.9837
346 11.9837
347 11.9837
348 11.9837
349 11.9837
350 11.9837
351 11.9837
352 11.9837
353 11.9837
354 11.9837
355 11.9837
356 11.9837
357 11.9837
358 11.9837
359 11.9837
360 11.9837
361 11.9837
362 11.9837
363 11.9837
364 11.9837
365 11.9837
366 11.9837
367 11.9837
368 11.9837
369 11.9837
370 11.9837
371 11.9837
372 11.9837
373 11.9837
374 11.9837
375 11.9837
376 11.9837
377 11.9837
378 11.9837
379 11.9837
380 11.9837
381 11.9837
382 11.9837
383 11.9837
384 11.9837
385 11.9837
386 11.9837
387 11.9837
388 11.9837
389 11.9837
390 11.9837
391 11.9837
392 11.9837
393 11.9837
394 11.9837
395 11.9837
396 11.9837
397 11.9837
398 11.9837
399 11.9837
400 11.9837
401 11.9837
402 11.9837
403 11.9837
404 11.9837
405 11.9837
406 11.9837
407 11.9837
408 11.9837
409 11.9837
410 11.9837
411 11.9837
412 11.9837
413 11.9837
414 11.9837
415 11.9837
416 11.9837
417 11.9837
418 11.9837
419 11.9837
420 11.9837
421 11.9837
422 11.9837
423 11.9837
424 11.9837
425 11.9837
426 11.9837
427 11.9837
428 11.9837
429 11.9837
430 11.9837
431 11.9837
432 11.9837
433 11.9837
434 11.9837
435 11.9837
436 11.9837
437 11.9837
438 11.9837
439 11.9837
440 11.9837
441 11.9837
442 11.9837
443 11.9837
444 11.9837
445 11.9837
446 11.9837
447 11.9837
448 11.9837
449 11.9837
450 11.9837
451 11.9837
452 11.9837
453 11.9837
454 11.9837
455 11.9837
456 11.9837
457 11.9837
458 11.9837
459 11.9837
460 11.9837
461 11.9837
462 11.9837
463 11.9837
464 11.9837
465 11.9837
466 11.9837
467 11.9837
468 11.9837
469 11.9837
470 11.9837
471 11.9837
472 11.9837
473 11.9837
474 11.9837
475 11.9837
476 11.9837
477 11.9837
478 11.9837
479 11.9837
480 11.9837
481 11.9837
482 11.9837
483 11.9837
484 11.9837
485 11.9837
486 11.9837
487 11.9837
488 11.9837
489 11.9837
490 11.9837
491 11.9837
492 11.9837
493 11.9837
494 11.9837
495 11.9837
496 11.9837
497 11.9837
498 11.9837
499 11.9837
500 11.9837
501 11.9837
502 11.9837
503 11.9837
504 11.9837
505 11.9837
506 11.9837
507 11.9837
508 11.9837
509 11.9837
510 11.9837
511 11.9837
512 11.9837
513 11.9837
514 11.9837
515 11.9837
516 11.9837
517 11.9837
518 11.9837
519 11.9837
520 11.9837
521 11.9837
522 11.9837
523 11.9837
524 11.9837
525 11.9837
526 11.9837
527 11.9837
528 11.9837
529 11.9837
530 11.9837
531 11.9837
532 11.9837
533 11.9837
534 11.9837
535 11.9837
536 11.9837
537 11.9837
538 11.9837
539 11.9837
540 11.9837
541 11.9837
542 11.9837
