1 11.991
2 11.991
3 11.991
4 11.991
5 11.991
6 11.991
7 11.991
8 11.991
9 11.991
10 11.991
11 11.991
12 11.991
13 11.991
14 11.991
15 11.991
16 11.991
17 11.991
18 11.991
19 11.991
20 11.991
21 11.991
22 11.991
23 11.991
24 11.991
25 11.991
26 11.991
27 11.991
28 11.991
29 11.991
30 11.991
31 11.991
32 11.991
33 11.991
34 11.991
35 11.991
36 11.991
37 11.991
38 11.991
39 11.991
40 11.991
41 11.991
42 11.991
43 11.991
44 11.991
45 11.991
46 11.991
47 11.991
48 11.991
49 11.991
50 11.991
51 11.991
52 11.991
53 11.991
54 11.991
55 11.991
56 11.991
57 11.991
58 11.991
59 11.991
60 11.991
61 11.991
62 11.991
63 11.991
64 11.991
65 11.991
66 11.991
67 11.991
68 11.991
69 11.991
70 11.991
71 11.991
72 11.991
73 11.991
74 11.991
75 11.991
76 11.991
77 11.991
78 11.991
79 11.991
80 11.991
81 11.991
82 11.991
83 11.991
84 11.991
85 11.991
86 11.991
87 11.991
88 11.991
89 11.991
90 11.991
91 11.991
92 11.991
93 11.991
94 11.991
95 11.991
96 11.991
97 11.991
98 11.991
99 11.991
100 11.991
101 11.991
102 11.991
103 11.991
104 11.991
105 11.991
106 11.991
107 11.991
108 11.991
109 11.991
110 11.991
111 11.991
112 11.991
113 11.991
114 11.991
115 11.991
116 11.991
117 11.991
118 11.991
119 11.991
120 11.991
121 11.991
122 11.991
123 11.991
124 11.991
125 11.991
126 11.991
127 11.991
128 11.991
129 11.991
130 11.991
131 11.991
132 11.991
133 11.991
134 11.991
135 11.991
136 11.991
137 11.991
138 11.991
139 11.991
140 11.991
141 11.991
142 11.991
143 11.991
144 11.991
145 11.991
146 11.991
147 11.991
148 11.991
149 11.991
150 11.991
151 11.991
152 11.991
153 11.991
154 11.991
155 11.991
156 11.991
157 11.991
158 11.991
159 11.991
160 11.991
161 11.991
162 11.991
163 11.991
164 11.991
165 11.991
166 11.991
167 11.991
168 11.991
169 11.991
170 11.991
171 11.991
172 11.991
173 11.991
174 11.991
175 11.991
176 11.991
177 11.991
178 11.991
179 11.991
180 11.991
181 11.991
182 11.991
183 11.991
184 11.991
185 11.991
186 11.991
187 11.991
188 11.991
189 11.991
190 11.991
191 11.991
192 11.991
193 11.991
194 11.991
195 11.991
196 11.991
197 11.991
198 11.991
199 11.991
200 11.991
201 11.991
202 11.991
203 11.991
204 11.991
205 11.991
206 11.991
207 11.991
208 11.991
209 11.991
210 11.991
211 11.991
212 11.991
213 11.991
214 11.991
215 11.991
216 11.991
217 11.991
218 11.991
219 11.991
220 11.991
221 11.991
222 11.991
223 11.991
224 11.991
225 11.991
226 11.991
227 11.991
228 11.991
229 11.991
230 11.991
231 11.991
232 11.991
233 11.991
234 11.991
235 11.991
236 11.9859
237 11.4973
238 10.7517
239 9.95349
240 9.14492
241 8.33889
242 7.54203
243 6.75767
244 5.98763
245 5.23323
246 4.49569
247 3.77628
248 3.07625
249 2.39687
250 1.73929
251 1.10463
252 1.12283
253 1.1741
254 1.15388
255 1.18726
256 1.16897
257 1.19517
258 1.21702
259 1.24058
260 1.25757
261 1.2782
262 1.29762
263 1.31272
264 1.31991
265 1.32273
266 1.32371
267 1.32401
268 1.3241
269 1.32413
270 1.32413
271 1.32413
272 1.32413
273 1.32413
274 1.32413
275 1.32413
276 1.32413
277 1.32412
278 1.32409
279 1.32398
280 1.32368
281 1.32286
282 1.3208
283 1.31608
284 1.30626
285 1.28862
286 1.27611
287 1.2545
288 1.22468
289 1.20996
290 1.39109
291 1.37761
292 1.9613
293 2.53912
294 3.10855
295 3.66999
296 4.22653
297 4.78315
298 5.3456
299 5.91941
300 6.50921
301 7.11845
302 7.7492
303 8.4019
304 9.07411
305 9.76053
306 10.4474
307 11.1196
308 11.7141
309 12
310 11.991
311 11.991
312 11.991
313 11.991
314 11.991
315 11.991
316 11.991
317 11.991
318 11.991
319 11.991
320 11.991
321 11.991
322 11.991
323 11.991
324 11.991
325 11.991
326 11.991
327 11.991
328 11.991
329 11.991
330 11.991
331 11.991
332 11.991
333 11.991
334 11.991
335 11.991
336 11.991
337 11.991
338 11.991
339 11.991
340 11.991
341 11.991
342 11.991
343 11.991
344 11.991
345 11.991
346 11.991
347 11.991
348 11.991
349 11.991
350 11.991
351 11.991
352 11.991
353 11.991
354 11.991
355 11.991
356 11.991
357 11.991
358 11.991
359 11.991
360 11.991
361 11.991
362 11.991
363 11.991
364 11.991
365 11.991
366 11.991
367 11.991
368 11.991
369 11.991
370 11.991
371 11.991
372 11.991
373 11.991
374 11.991
375 11.991
376 11.991
377 11.991
378 11.991
379 11.991
380 11.991
381 11.991
382 11.991
383 11.991
384 11.991
385 11.991
386 11.991
387 11.991
388 11.991
389 11.991
390 11.991
391 11.991
392 11.991
393 11.991
394 11.991
395 11.991
396 11.991
397 11.991
398 11.991
399 11.991
400 11.991
401 11.991
402 11.991
403 11.991
404 11.991
405 11.991
406 11.991
407 11.991
408 11.991
409 11.991
410 11.991
411 11.991
412 11.991
413 11.991
414 11.991
415 11.991
416 11.991
417 11.991
418 11.991
419 11.991
420 11.991
421 11.991
422 11.991
423 11.991
424 11.991
425 11.991
426 11.991
427 11.991
428 11.991
429 11.991
430 11.991
431 11.991
432 11.991
433 11.991
434 11.991
435 11.991
436 11.991
437 11.991
438 11.991
439 11.991
440 11.991
441 11.991
442 11.991
443 11.991
444 11.991
445 11.991
446 11.991
447 11.991
448 11.991
449 11.991
450 11.991
451 11.991
452 11.991
453 11.991
454 11.991
455 11.991
456 11.991
457 11.991
458 11.991
459 11.991
460 11.991
461 11.991
462 11.991
463 11.991
464 11.991
465 11.991
466 11.991
467 11.991
468 11.991
469 11.991
470 11.991
471 11.991
472 11.991
473 11.991
474 11.991
475 11.991
476 11.991
477 11.991
478 11.991
479 11.991
480 11.991
481 11.991
482 11.991
483 11.991
484 11.991
485 11.991
486 11.991
487 11.991
488 11.991
489 11.991
490 11.991
491 11.991
492 11.991
493 11.991
494 11.991
495 11.991
496 11.991
497 11.991
498 11.991
499 11.991
500 11.991
501 11.991
502 11.991
503 11.991
504 11.991
505 11.991
506 11.991
507 11.991
508 11.991
509 11.991
510 11.991
511 11.991
512 11.991
513 11.991
514 11.991
515 11.991
516 11.991
517 11.991
518 11.991
519 11.991
520 11.991
521 11.991
522 11.991
523 11.991
524 11.991
525 11.991
526 11.991
527 11.991
528 11.991
529 11.991
530 11.991
531 11.991
532 11.991
533 11.991
534 11.991
535 11.991
536 11.991
537 11.991
538 11.991
539 11.991
540 11.991
541 11.991
542 11.991
