1 11.9108
2 11.9108
3 11.9108
4 11.9108
5 11.9108
6 11.9108
7 11.9108
8 11.9108
9 11.9108
10 11.9108
11 11.9108
12 11.9108
13 11.9108
14 11.9108
15 11.9108
16 11.9108
17 11.9108
18 11.9108
19 11.9108
20 11.9108
21 11.9108
22 11.9108
23 11.9108
24 11.9108
25 11.9108
26 11.9108
27 11.9108
28 11.9108
29 11.9108
30 11.9108
31 11.9108
32 11.9108
33 11.9108
34 11.9108
35 11.9108
36 11.9108
37 11.9108
38 11.9108
39 11.9108
40 11.9108
41 11.9108
42 11.9108
43 11.9108
44 11.9108
45 11.9108
46 11.9108
47 11.9108
48 11.9108
49 11.9108
50 11.9108
51 11.9108
52 11.9108
53 11.9108
54 11.9108
55 11.9108
56 11.9108
57 11.9108
58 11.9108
59 11.9108
60 11.9108
61 11.9108
62 11.9108
63 11.9108
64 11.9108
65 11.9108
66 11.9108
67 11.9108
68 11.9108
69 11.9108
70 11.9108
71 11.9108
72 11.9108
73 11.9108
74 11.9108
75 11.9108
76 11.9108
77 11.9108
78 11.9108
79 11.9108
80 11.9108
81 11.9108
82 11.9108
83 11.9108
84 11.9108
85 11.9108
86 11.9108
87 11.9108
88 11.9108
89 11.9108
90 11.9108
91 11.9108
92 11.9108
93 11.9108
94 11.9108
95 11.9108
96 11.9108
97 11.9108
98 11.9108
99 11.9108
100 11.9108
101 11.9108
102 11.9108
103 11.9108
104 11.9108
105 11.9108
106 11.9108
107 11.9108
108 11.9108
109 11.9108
110 11.9108
111 11.9108
112 11.9108
113 11.9108
114 11.9108
115 11.9108
116 11.9108
117 11.9108
118 11.9108
119 11.9108
120 11.9108
121 11.9108
122 11.9108
123 11.9108
124 11.9108
125 11.9108
126 11.9108
127 11.9108
128 11.9108
129 11.9108
130 11.9108
131 11.9108
132 11.9108
133 11.9108
134 11.9108
135 11.9108
136 11.9108
137 11.9108
138 11.9108
139 11.9108
140 11.9108
141 11.9108
142 11.9108
143 11.9108
144 11.9108
145 11.9108
146 11.9108
147 11.9108
148 11.9108
149 11.9108
150 11.9108
151 11.9108
152 11.9108
153 11.9108
154 11.9108
155 11.9108
156 11.9108
157 11.9108
158 11.9108
159 11.9108
160 11.9108
161 11.9108
162 11.9108
163 11.9108
164 11.9108
165 11.9108
166 11.9108
167 11.9108
168 11.9108
169 11.9108
170 11.9108
171 11.9108
172 11.9108
173 11.9108
174 11.9108
175 11.9108
176 11.9108
177 11.9108
178 11.9108
179 11.9108
180 11.9108
181 11.9108
182 11.9108
183 11.9108
184 11.9108
185 11.9108
186 11.9108
187 11.9108
188 11.9108
189 11.9108
190 11.9108
191 11.9108
192 11.9108
193 11.9108
194 11.9108
195 11.9108
196 11.9108
197 11.9108
198 11.9108
199 11.9108
200 11.9108
201 11.9108
202 11.9108
203 11.9108
204 11.9108
205 11.9108
206 11.9108
207 11.9108
208 11.9108
209 11.9108
210 11.9108
211 11.9108
212 11.9108
213 11.9108
214 11.9108
215 11.9108
216 11.9108
217 11.9108
218 11.9108
219 11.9108
220 11.9108
221 11.9108
222 11.9108
223 11.9108
224 11.9108
225 11.9108
226 11.9108
227 11.9108
228 11.9108
229 11.9108
230 11.9108
231 11.9108
232 11.9108
233 11.9108
234 11.9108
235 11.9108
236 11.9108
237 11.9108
238 11.9108
239 11.9108
240 11.9108
241 11.9108
242 11.9108
243 11.9108
244 11.9349
245 12
246 11.8455
247 11.3683
248 10.6867
249 9.89133
250 9.0189
251 8.11161
252 8.04737
253 8.05152
254 7.72074
255 7.67113
256 7.26526
257 7.22076
258 7.23861
259 7.06366
260 7.04513
261 6.68691
262 5.82354
263 5.69531
264 5.66191
265 5.65735
266 5.66398
267 5.67399
268 5.68252
269 5.68659
270 5.68671
271 5.69297
272 5.68772
273 5.69133
274 5.63589
275 5.32307
276 5.24487
277 5.22777
278 5.22674
279 5.2265
280 5.22196
281 5.21204
282 5.19718
283 5.17868
284 5.16076
285 5.16
286 5.1165
287 5.06533
288 5.01855
289 5.02303
290 5.43565
291 5.44164
292 6.25306
293 7.09664
294 7.97084
295 8.87323
296 9.79743
297 10.7236
298 11.5704
299 11.9968
300 11.9108
301 11.9108
302 11.9108
303 11.9108
304 11.9108
305 11.9108
306 11.9108
307 11.9108
308 11.9108
309 11.9108
310 11.9108
311 11.9108
312 11.9108
313 11.9108
314 11.9108
315 11.9108
316 11.9108
317 11.9108
318 11.9108
319 11.9108
320 11.9108
321 11.9108
322 11.9108
323 11.9108
324 11.9108
325 11.9108
326 11.9108
327 11.9108
328 11.9108
329 11.9108
330 11.9108
331 11.9108
332 11.9108
333 11.9108
334 11.9108
335 11.9108
336 11.9108
337 11.9108
338 11.9108
339 11.9108
340 11.9108
341 11.9108
342 11.9108
343 11.9108
344 11.9108
345 11.9108
346 11.9108
347 11.9108
348 11.9108
349 11.9108
350 11.9108
351 11.9108
352 11.9108
353 11.9108
354 11.9108
355 11.9108
356 11.9108
357 11.9108
358 11.9108
359 11.9108
360 11.9108
361 11.9108
362 11.9108
363 11.9108
364 11.9108
365 11.9108
366 11.9108
367 11.9108
368 11.9108
369 11.9108
370 11.9108
371 11.9108
372 11.9108
373 11.9108
374 11.9108
375 11.9108
376 11.9108
377 11.9108
378 11.9108
379 11.9108
380 11.9108
381 11.9108
382 11.9108
383 11.9108
384 11.9108
385 11.9108
386 11.9108
387 11.9108
388 11.9108
389 11.9108
390 11.9108
391 11.9108
392 11.9108
393 11.9108
394 11.9108
395 11.9108
396 11.9108
397 11.9108
398 11.9108
399 11.9108
400 11.9108
401 11.9108
402 11.9108
403 11.9108
404 11.9108
405 11.9108
406 11.9108
407 11.9108
408 11.9108
409 11.9108
410 11.9108
411 11.9108
412 11.9108
413 11.9108
414 11.9108
415 11.9108
416 11.9108
417 11.9108
418 11.9108
419 11.9108
420 11.9108
421 11.9108
422 11.9108
423 11.9108
424 11.9108
425 11.9108
426 11.9108
427 11.9108
428 11.9108
429 11.9108
430 11.9108
431 11.9108
432 11.9108
433 11.9108
434 11.9108
435 11.9108
436 11.9108
437 11.9108
438 11.9108
439 11.9108
440 11.9108
441 11.9108
442 11.9108
443 11.9108
444 11.9108
445 11.9108
446 11.9108
447 11.9108
448 11.9108
449 11.9108
450 11.9108
451 11.9108
452 11.9108
453 11.9108
454 11.9108
455 11.9108
456 11.9108
457 11.9108
458 11.9108
459 11.9108
460 11.9108
461 11.9108
462 11.9108
463 11.9108
464 11.9108
465 11.9108
466 11.9108
467 11.9108
468 11.9108
469 11.9108
470 11.9108
471 11.9108
472 11.9108
473 11.9108
474 11.9108
475 11.9108
476 11.9108
477 11.9108
478 11.9108
479 11.9108
480 11.9108
481 11.9108
482 11.9108
483 11.9108
484 11.9108
485 11.9108
486 11.9108
487 11.9108
488 11.9108
489 11.9108
490 11.9108
491 11.9108
492 11.9108
493 11.9108
494 11.9108
495 11.9108
496 11.9108
497 11.9108
498 11.9108
499 11.9108
500 11.9108
501 11.9108
502 11.9108
503 11.9108
504 11.9108
505 11.9108
506 11.9108
507 11.9108
508 11.9108
509 11.9108
510 11.9108
511 11.9108
512 11.9108
513 11.9108
514 11.9108
515 11.9108
516 11.9108
517 11.9108
518 11.9108
519 11.9108
520 11.9108
521 11.9108
522 11.9108
523 11.9108
524 11.9108
525 11.9108
526 11.9108
527 11.9108
528 11.9108
529 11.9108
530 11.9108
531 11.9108
532 11.9108
533 11.9108
534 11.9108
535 11.9108
536 11.9108
537 11.9108
538 11.9108
539 11.9108
540 11.9108
541 11.9108
542 11.9108
