1 11.8901
2 11.8901
3 11.8901
4 11.8901
5 11.8901
6 11.8901
7 11.8901
8 11.8901
9 11.8901
10 11.8901
11 11.8901
12 11.8901
13 11.8901
14 11.8901
15 11.8901
16 11.8901
17 11.8901
18 11.8901
19 11.8901
20 11.8901
21 11.8901
22 11.8901
23 11.8901
24 11.8901
25 11.8901
26 11.8901
27 11.8901
28 11.8901
29 11.8901
30 11.8901
31 11.8901
32 11.8901
33 11.8901
34 11.8901
35 11.8901
36 11.8901
37 11.8901
38 11.8901
39 11.8901
40 11.8901
41 11.8901
42 11.8901
43 11.8901
44 11.8901
45 11.8901
46 11.8901
47 11.8901
48 11.8901
49 11.8901
50 11.8901
51 11.8901
52 11.8901
53 11.8901
54 11.8901
55 11.8901
56 11.8901
57 11.8901
58 11.8901
59 11.8901
60 11.8901
61 11.8901
62 11.8901
63 11.8901
64 11.8901
65 11.8901
66 11.8901
67 11.8901
68 11.8901
69 11.8901
70 11.8901
71 11.8901
72 11.8901
73 11.8901
74 11.8901
75 11.8901
76 11.8901
77 11.8901
78 11.8901
79 11.8901
80 11.8901
81 11.8901
82 11.8901
83 11.8901
84 11.8901
85 11.8901
86 11.8901
87 11.8901
88 11.8901
89 11.8901
90 11.8901
91 11.8901
92 11.8901
93 11.8901
94 11.8901
95 11.8901
96 11.8901
97 11.8901
98 11.8901
99 11.8901
100 11.8901
101 11.8901
102 11.8901
103 11.8901
104 11.8901
105 11.8901
106 11.8901
107 11.8901
108 11.8901
109 11.8901
110 11.8901
111 11.8901
112 11.8901
113 11.8901
114 11.8901
115 11.8901
116 11.8901
117 11.8901
118 11.8901
119 11.8901
120 11.8901
121 11.8901
122 11.8901
123 11.8901
124 11.8901
125 11.8901
126 11.8901
127 11.8901
128 11.8901
129 11.8901
130 11.8901
131 11.8901
132 11.8901
133 11.8901
134 11.8901
135 11.8901
136 11.8901
137 11.8901
138 11.8901
139 11.8901
140 11.8901
141 11.8901
142 11.8901
143 11.8901
144 11.8901
145 11.8901
146 11.8901
147 11.8901
148 11.8901
149 11.8901
150 11.8901
151 11.8901
152 11.8901
153 11.8901
154 11.8901
155 11.8901
156 11.8901
157 11.8901
158 11.8901
159 11.8901
160 11.8901
161 11.8901
162 11.8901
163 11.8901
164 11.8901
165 11.8901
166 11.8901
167 11.8901
168 11.8901
169 11.8901
170 11.8901
171 11.8901
172 11.8901
173 11.8901
174 11.8901
175 11.8901
176 11.8901
177 11.8901
178 11.8901
179 11.8901
180 11.8901
181 11.8901
182 11.8901
183 11.8901
184 11.8901
185 11.8901
186 11.8901
187 11.8901
188 11.8901
189 11.8901
190 11.8901
191 11.8901
192 11.8901
193 11.8901
194 11.8901
195 11.8901
196 11.8901
197 11.8901
198 11.8901
199 11.8901
200 11.8901
201 11.8901
202 11.8901
203 11.8901
204 11.8901
205 11.8901
206 11.8901
207 11.8901
208 11.8901
209 11.8901
210 11.8901
211 11.8901
212 11.8901
213 11.8901
214 11.8901
215 11.8901
216 11.8901
217 11.8901
218 11.8901
219 11.8901
220 11.8901
221 11.8901
222 11.8901
223 11.8901
224 11.8901
225 11.8901
226 11.8901
227 11.8901
228 11.8901
229 11.8901
230 11.8901
231 11.8901
232 11.8901
233 11.8901
234 11.8901
235 11.8901
236 11.8901
237 11.8901
238 11.8901
239 11.8901
240 11.8901
241 11.8901
242 11.8901
243 11.8901
244 11.8901
245 11.8901
246 11.9752
247 11.9117
248 11.5752
249 11.0579
250 10.4167
251 9.67483
252 9.62588
253 9.62294
254 9.26271
255 9.17207
256 8.64933
257 8.55212
258 8.53504
259 8.28322
260 8.24682
261 7.9276
262 7.22345
263 7.16248
264 7.17036
265 7.18801
266 7.20318
267 7.21318
268 7.21876
269 7.22573
270 7.25404
271 7.36893
272 7.36467
273 7.41017
274 7.26285
275 6.68183
276 6.55127
277 6.51812
278 6.5128
279 6.5125
280 6.508
281 6.49524
282 6.4728
283 6.44215
284 6.41136
285 6.4088
286 6.36984
287 6.32799
288 6.29961
289 6.33826
290 6.86193
291 6.90068
292 7.79665
293 8.71782
294 9.65476
295 10.5886
296 11.4597
297 12
298 11.8901
299 11.8901
300 11.8901
301 11.8901
302 11.8901
303 11.8901
304 11.8901
305 11.8901
306 11.8901
307 11.8901
308 11.8901
309 11.8901
310 11.8901
311 11.8901
312 11.8901
313 11.8901
314 11.8901
315 11.8901
316 11.8901
317 11.8901
318 11.8901
319 11.8901
320 11.8901
321 11.8901
322 11.8901
323 11.8901
324 11.8901
325 11.8901
326 11.8901
327 11.8901
328 11.8901
329 11.8901
330 11.8901
331 11.8901
332 11.8901
333 11.8901
334 11.8901
335 11.8901
336 11.8901
337 11.8901
338 11.8901
339 11.8901
340 11.8901
341 11.8901
342 11.8901
343 11.8901
344 11.8901
345 11.8901
346 11.8901
347 11.8901
348 11.8901
349 11.8901
350 11.8901
351 11.8901
352 11.8901
353 11.8901
354 11.8901
355 11.8901
356 11.8901
357 11.8901
358 11.8901
359 11.8901
360 11.8901
361 11.8901
362 11.8901
363 11.8901
364 11.8901
365 11.8901
366 11.8901
367 11.8901
368 11.8901
369 11.8901
370 11.8901
371 11.8901
372 11.8901
373 11.8901
374 11.8901
375 11.8901
376 11.8901
377 11.8901
378 11.8901
379 11.8901
380 11.8901
381 11.8901
382 11.8901
383 11.8901
384 11.8901
385 11.8901
386 11.8901
387 11.8901
388 11.8901
389 11.8901
390 11.8901
391 11.8901
392 11.8901
393 11.8901
394 11.8901
395 11.8901
396 11.8901
397 11.8901
398 11.8901
399 11.8901
400 11.8901
401 11.8901
402 11.8901
403 11.8901
404 11.8901
405 11.8901
406 11.8901
407 11.8901
408 11.8901
409 11.8901
410 11.8901
411 11.8901
412 11.8901
413 11.8901
414 11.8901
415 11.8901
416 11.8901
417 11.8901
418 11.8901
419 11.8901
420 11.8901
421 11.8901
422 11.8901
423 11.8901
424 11.8901
425 11.8901
426 11.8901
427 11.8901
428 11.8901
429 11.8901
430 11.8901
431 11.8901
432 11.8901
433 11.8901
434 11.8901
435 11.8901
436 11.8901
437 11.8901
438 11.8901
439 11.8901
440 11.8901
441 11.8901
442 11.8901
443 11.8901
444 11.8901
445 11.8901
446 11.8901
447 11.8901
448 11.8901
449 11.8901
450 11.8901
451 11.8901
452 11.8901
453 11.8901
454 11.8901
455 11.8901
456 11.8901
457 11.8901
458 11.8901
459 11.8901
460 11.8901
461 11.8901
462 11.8901
463 11.8901
464 11.8901
465 11.8901
466 11.8901
467 11.8901
468 11.8901
469 11.8901
470 11.8901
471 11.8901
472 11.8901
473 11.8901
474 11.8901
475 11.8901
476 11.8901
477 11.8901
478 11.8901
479 11.8901
480 11.8901
481 11.8901
482 11.8901
483 11.8901
484 11.8901
485 11.8901
486 11.8901
487 11.8901
488 11.8901
489 11.8901
490 11.8901
491 11.8901
492 11.8901
493 11.8901
494 11.8901
495 11.8901
496 11.8901
497 11.8901
498 11.8901
499 11.8901
500 11.8901
501 11.8901
502 11.8901
503 11.8901
504 11.8901
505 11.8901
506 11.8901
507 11.8901
508 11.8901
509 11.8901
510 11.8901
511 11.8901
512 11.8901
513 11.8901
514 11.8901
515 11.8901
516 11.8901
517 11.8901
518 11.8901
519 11.8901
520 11.8901
521 11.8901
522 11.8901
523 11.8901
524 11.8901
525 11.8901
526 11.8901
527 11.8901
528 11.8901
529 11.8901
530 11.8901
531 11.8901
532 11.8901
533 11.8901
534 11.8901
535 11.8901
536 11.8901
537 11.8901
538 11.8901
539 11.8901
540 11.8901
541 11.8901
542 11.8901
