1 11.9438
2 11.9438
3 11.9438
4 11.9438
5 11.9438
6 11.9438
7 11.9438
8 11.9438
9 11.9438
10 11.9438
11 11.9438
12 11.9438
13 11.9438
14 11.9438
15 11.9438
16 11.9438
17 11.9438
18 11.9438
19 11.9438
20 11.9438
21 11.9438
22 11.9438
23 11.9438
24 11.9438
25 11.9438
26 11.9438
27 11.9438
28 11.9438
29 11.9438
30 11.9438
31 11.9438
32 11.9438
33 11.9438
34 11.9438
35 11.9438
36 11.9438
37 11.9438
38 11.9438
39 11.9438
40 11.9438
41 11.9438
42 11.9438
43 11.9438
44 11.9438
45 11.9438
46 11.9438
47 11.9438
48 11.9438
49 11.9438
50 11.9438
51 11.9438
52 11.9438
53 11.9438
54 11.9438
55 11.9438
56 11.9438
57 11.9438
58 11.9438
59 11.9438
60 11.9438
61 11.9438
62 11.9438
63 11.9438
64 11.9438
65 11.9438
66 11.9438
67 11.9438
68 11.9438
69 11.9438
70 11.9438
71 11.9438
72 11.9438
73 11.9438
74 11.9438
75 11.9438
76 11.9438
77 11.9438
78 11.9438
79 11.9438
80 11.9438
81 11.9438
82 11.9438
83 11.9438
84 11.9438
85 11.9438
86 11.9438
87 11.9438
88 11.9438
89 11.9438
90 11.9438
91 11.9438
92 11.9438
93 11.9438
94 11.9438
95 11.9438
96 11.9438
97 11.9438
98 11.9438
99 11.9438
100 11.9438
101 11.9438
102 11.9438
103 11.9438
104 11.9438
105 11.9438
106 11.9438
107 11.9438
108 11.9438
109 11.9438
110 11.9438
111 11.9438
112 11.9438
113 11.9438
114 11.9438
115 11.9438
116 11.9438
117 11.9438
118 11.9438
119 11.9438
120 11.9438
121 11.9438
122 11.9438
123 11.9438
124 11.9438
125 11.9438
126 11.9438
127 11.9438
128 11.9438
129 11.9438
130 11.9438
131 11.9438
132 11.9438
133 11.9438
134 11.9438
135 11.9438
136 11.9438
137 11.9438
138 11.9438
139 11.9438
140 11.9438
141 11.9438
142 11.9438
143 11.9438
144 11.9438
145 11.9438
146 11.9438
147 11.9438
148 11.9438
149 11.9438
150 11.9438
151 11.9438
152 11.9438
153 11.9438
154 11.9438
155 11.9438
156 11.9438
157 11.9438
158 11.9438
159 11.9438
160 11.9438
161 11.9438
162 11.9438
163 11.9438
164 11.9438
165 11.9438
166 11.9438
167 11.9438
168 11.9438
169 11.9438
170 11.9438
171 11.9438
172 11.9438
173 11.9438
174 11.9438
175 11.9438
176 11.9438
177 11.9438
178 11.9438
179 11.9438
180 11.9438
181 11.9438
182 11.9438
183 11.9438
184 11.9438
185 11.9438
186 11.9438
187 11.9438
188 11.9438
189 11.9438
190 11.9438
191 11.9438
192 11.9438
193 11.9438
194 11.9438
195 11.9438
196 11.9438
197 11.9438
198 11.9438
199 11.9438
200 11.9438
201 11.9438
202 11.9438
203 11.9438
204 11.9438
205 11.9438
206 11.9438
207 11.9438
208 11.9438
209 11.9438
210 11.9438
211 11.9438
212 11.9438
213 11.9438
214 11.9438
215 11.9438
216 11.9438
217 11.9438
218 11.9438
219 11.9438
220 11.9438
221 11.9438
222 11.9438
223 11.9438
224 11.9438
225 11.9438
226 11.9438
227 11.9438
228 11.9438
229 11.9438
230 11.9438
231 11.9438
232 11.9438
233 11.9438
234 11.9438
235 11.9438
236 11.9438
237 11.9438
238 11.9438
239 11.9438
240 11.9438
241 11.9438
242 11.9438
243 11.9438
244 11.9438
245 12
246 11.9506
247 11.6283
248 11.0704
249 10.3632
250 9.55878
251 8.6795
252 8.60944
253 8.60311
254 8.24307
255 8.17502
256 7.72395
257 7.66289
258 7.67105
259 7.48296
260 7.46588
261 7.14592
262 6.35757
263 6.24957
264 6.22534
265 6.2238
266 6.22995
267 6.23766
268 6.24335
269 6.24576
270 6.24943
271 6.2755
272 6.26733
273 6.27806
274 6.19706
275 5.79896
276 5.70109
277 5.67769
278 5.67499
279 5.67477
280 5.6703
281 5.65927
282 5.64108
283 5.61636
284 5.58939
285 5.57838
286 5.53475
287 5.48478
288 5.44218
289 5.4564
290 5.9039
291 5.9205
292 6.76112
293 7.63262
294 8.53217
295 9.45353
296 10.3768
297 11.2754
298 11.9162
299 11.9438
300 11.9438
301 11.9438
302 11.9438
303 11.9438
304 11.9438
305 11.9438
306 11.9438
307 11.9438
308 11.9438
309 11.9438
310 11.9438
311 11.9438
312 11.9438
313 11.9438
314 11.9438
315 11.9438
316 11.9438
317 11.9438
318 11.9438
319 11.9438
320 11.9438
321 11.9438
322 11.9438
323 11.9438
324 11.9438
325 11.9438
326 11.9438
327 11.9438
328 11.9438
329 11.9438
330 11.9438
331 11.9438
332 11.9438
333 11.9438
334 11.9438
335 11.9438
336 11.9438
337 11.9438
338 11.9438
339 11.9438
340 11.9438
341 11.9438
342 11.9438
343 11.9438
344 11.9438
345 11.9438
346 11.9438
347 11.9438
348 11.9438
349 11.9438
350 11.9438
351 11.9438
352 11.9438
353 11.9438
354 11.9438
355 11.9438
356 11.9438
357 11.9438
358 11.9438
359 11.9438
360 11.9438
361 11.9438
362 11.9438
363 11.9438
364 11.9438
365 11.9438
366 11.9438
367 11.9438
368 11.9438
369 11.9438
370 11.9438
371 11.9438
372 11.9438
373 11.9438
374 11.9438
375 11.9438
376 11.9438
377 11.9438
378 11.9438
379 11.9438
380 11.9438
381 11.9438
382 11.9438
383 11.9438
384 11.9438
385 11.9438
386 11.9438
387 11.9438
388 11.9438
389 11.9438
390 11.9438
391 11.9438
392 11.9438
393 11.9438
394 11.9438
395 11.9438
396 11.9438
397 11.9438
398 11.9438
399 11.9438
400 11.9438
401 11.9438
402 11.9438
403 11.9438
404 11.9438
405 11.9438
406 11.9438
407 11.9438
408 11.9438
409 11.9438
410 11.9438
411 11.9438
412 11.9438
413 11.9438
414 11.9438
415 11.9438
416 11.9438
417 11.9438
418 11.9438
419 11.9438
420 11.9438
421 11.9438
422 11.9438
423 11.9438
424 11.9438
425 11.9438
426 11.9438
427 11.9438
428 11.9438
429 11.9438
430 11.9438
431 11.9438
432 11.9438
433 11.9438
434 11.9438
435 11.9438
436 11.9438
437 11.9438
438 11.9438
439 11.9438
440 11.9438
441 11.9438
442 11.9438
443 11.9438
444 11.9438
445 11.9438
446 11.9438
447 11.9438
448 11.9438
449 11.9438
450 11.9438
451 11.9438
452 11.9438
453 11.9438
454 11.9438
455 11.9438
456 11.9438
457 11.9438
458 11.9438
459 11.9438
460 11.9438
461 11.9438
462 11.9438
463 11.9438
464 11.9438
465 11.9438
466 11.9438
467 11.9438
468 11.9438
469 11.9438
470 11.9438
471 11.9438
472 11.9438
473 11.9438
474 11.9438
475 11.9438
476 11.9438
477 11.9438
478 11.9438
479 11.9438
480 11.9438
481 11.9438
482 11.9438
483 11.9438
484 11.9438
485 11.9438
486 11.9438
487 11.9438
488 11.9438
489 11.9438
490 11.9438
491 11.9438
492 11.9438
493 11.9438
494 11.9438
495 11.9438
496 11.9438
497 11.9438
498 11.9438
499 11.9438
500 11.9438
501 11.9438
502 11.9438
503 11.9438
504 11.9438
505 11.9438
506 11.9438
507 11.9438
508 11.9438
509 11.9438
510 11.9438
511 11.9438
512 11.9438
513 11.9438
514 11.9438
515 11.9438
516 11.9438
517 11.9438
518 11.9438
519 11.9438
520 11.9438
521 11.9438
522 11.9438
523 11.9438
524 11.9438
525 11.9438
526 11.9438
527 11.9438
528 11.9438
529 11.9438
530 11.9438
531 11.9438
532 11.9438
533 11.9438
534 11.9438
535 11.9438
536 11.9438
537 11.9438
538 11.9438
539 11.9438
540 11.9438
541 11.9438
542 11.9438
