1 11.9347
2 11.9347
3 11.9347
4 11.9347
5 11.9347
6 11.9347
7 11.9347
8 11.9347
9 11.9347
10 11.9347
11 11.9347
12 11.9347
13 11.9347
14 11.9347
15 11.9347
16 11.9347
17 11.9347
18 11.9347
19 11.9347
20 11.9347
21 11.9347
22 11.9347
23 11.9347
24 11.9347
25 11.9347
26 11.9347
27 11.9347
28 11.9347
29 11.9347
30 11.9347
31 11.9347
32 11.9347
33 11.9347
34 11.9347
35 11.9347
36 11.9347
37 11.9347
38 11.9347
39 11.9347
40 11.9347
41 11.9347
42 11.9347
43 11.9347
44 11.9347
45 11.9347
46 11.9347
47 11.9347
48 11.9347
49 11.9347
50 11.9347
51 11.9347
52 11.9347
53 11.9347
54 11.9347
55 11.9347
56 11.9347
57 11.9347
58 11.9347
59 11.9347
60 11.9347
61 11.9347
62 11.9347
63 11.9347
64 11.9347
65 11.9347
66 11.9347
67 11.9347
68 11.9347
69 11.9347
70 11.9347
71 11.9347
72 11.9347
73 11.9347
74 11.9347
75 11.9347
76 11.9347
77 11.9347
78 11.9347
79 11.9347
80 11.9347
81 11.9347
82 11.9347
83 11.9347
84 11.9347
85 11.9347
86 11.9347
87 11.9347
88 11.9347
89 11.9347
90 11.9347
91 11.9347
92 11.9347
93 11.9347
94 11.9347
95 11.9347
96 11.9347
97 11.9347
98 11.9347
99 11.9347
100 11.9347
101 11.9347
102 11.9347
103 11.9347
104 11.9347
105 11.9347
106 11.9347
107 11.9347
108 11.9347
109 11.9347
110 11.9347
111 11.9347
112 11.9347
113 11.9347
114 11.9347
115 11.9347
116 11.9347
117 11.9347
118 11.9347
119 11.9347
120 11.9347
121 11.9347
122 11.9347
123 11.9347
124 11.9347
125 11.9347
126 11.9347
127 11.9347
128 11.9347
129 11.9347
130 11.9347
131 11.9347
132 11.9347
133 11.9347
134 11.9347
135 11.9347
136 11.9347
137 11.9347
138 11.9347
139 11.9347
140 11.9347
141 11.9347
142 11.9347
143 11.9347
144 11.9347
145 11.9347
146 11.9347
147 11.9347
148 11.9347
149 11.9347
150 11.9347
151 11.9347
152 11.9347
153 11.9347
154 11.9347
155 11.9347
156 11.9347
157 11.9347
158 11.9347
159 11.9347
160 11.9347
161 11.9347
162 11.9347
163 11.9347
164 11.9347
165 11.9347
166 11.9347
167 11.9347
168 11.9347
169 11.9347
170 11.9347
171 11.9347
172 11.9347
173 11.9347
174 11.9347
175 11.9347
176 11.9347
177 11.9347
178 11.9347
179 11.9347
180 11.9347
181 11.9347
182 11.9347
183 11.9347
184 11.9347
185 11.9347
186 11.9347
187 11.9347
188 11.9347
189 11.9347
190 11.9347
191 11.9347
192 11.9347
193 11.9347
194 11.9347
195 11.9347
196 11.9347
197 11.9347
198 11.9347
199 11.9347
200 11.9347
201 11.9347
202 11.9347
203 11.9347
204 11.9347
205 11.9347
206 11.9347
207 11.9347
208 11.9347
209 11.9347
210 11.9347
211 11.9347
212 11.9347
213 11.9347
214 11.9347
215 11.9347
216 11.9347
217 11.9347
218 11.9347
219 11.9347
220 11.9347
221 11.9347
222 11.9347
223 11.9347
224 11.9347
225 11.9347
226 11.9347
227 11.9347
228 11.9347
229 11.9347
230 11.9347
231 11.9347
232 11.9347
233 11.9347
234 11.9347
235 11.9347
236 11.9347
237 11.9347
238 11.9347
239 11.9347
240 11.9347
241 11.9347
242 11.9347
243 11.9347
244 11.9347
245 11.9347
246 12
247 11.8732
248 11.5095
249 10.9658
250 10.2915
251 9.51514
252 9.45792
253 9.4505
254 9.08044
255 8.99228
256 8.48289
257 8.39443
258 8.38386
259 8.1512
260 8.12176
261 7.8111
262 7.09715
263 7.02566
264 7.02502
265 7.03683
266 7.04869
267 7.05722
268 7.06199
269 7.06663
270 7.08632
271 7.17184
272 7.16482
273 7.19842
274 7.06957
275 6.53484
276 6.41133
277 6.38014
278 6.37531
279 6.375
280 6.37049
281 6.35801
282 6.3362
283 6.30606
284 6.2744
285 6.26635
286 6.2257
287 6.18126
288 6.14882
289 6.18103
290 6.68538
291 6.7185
292 7.60092
293 8.50976
294 9.43666
295 10.3583
296 11.2443
297 11.9128
298 11.9347
299 11.9347
300 11.9347
301 11.9347
302 11.9347
303 11.9347
304 11.9347
305 11.9347
306 11.9347
307 11.9347
308 11.9347
309 11.9347
310 11.9347
311 11.9347
312 11.9347
313 11.9347
314 11.9347
315 11.9347
316 11.9347
317 11.9347
318 11.9347
319 11.9347
320 11.9347
321 11.9347
322 11.9347
323 11.9347
324 11.9347
325 11.9347
326 11.9347
327 11.9347
328 11.9347
329 11.9347
330 11.9347
331 11.9347
332 11.9347
333 11.9347
334 11.9347
335 11.9347
336 11.9347
337 11.9347
338 11.9347
339 11.9347
340 11.9347
341 11.9347
342 11.9347
343 11.9347
344 11.9347
345 11.9347
346 11.9347
347 11.9347
348 11.9347
349 11.9347
350 11.9347
351 11.9347
352 11.9347
353 11.9347
354 11.9347
355 11.9347
356 11.9347
357 11.9347
358 11.9347
359 11.9347
360 11.9347
361 11.9347
362 11.9347
363 11.9347
364 11.9347
365 11.9347
366 11.9347
367 11.9347
368 11.9347
369 11.9347
370 11.9347
371 11.9347
372 11.9347
373 11.9347
374 11.9347
375 11.9347
376 11.9347
377 11.9347
378 11.9347
379 11.9347
380 11.9347
381 11.9347
382 11.9347
383 11.9347
384 11.9347
385 11.9347
386 11.9347
387 11.9347
388 11.9347
389 11.9347
390 11.9347
391 11.9347
392 11.9347
393 11.9347
394 11.9347
395 11.9347
396 11.9347
397 11.9347
398 11.9347
399 11.9347
400 11.9347
401 11.9347
402 11.9347
403 11.9347
404 11.9347
405 11.9347
406 11.9347
407 11.9347
408 11.9347
409 11.9347
410 11.9347
411 11.9347
412 11.9347
413 11.9347
414 11.9347
415 11.9347
416 11.9347
417 11.9347
418 11.9347
419 11.9347
420 11.9347
421 11.9347
422 11.9347
423 11.9347
424 11.9347
425 11.9347
426 11.9347
427 11.9347
428 11.9347
429 11.9347
430 11.9347
431 11.9347
432 11.9347
433 11.9347
434 11.9347
435 11.9347
436 11.9347
437 11.9347
438 11.9347
439 11.9347
440 11.9347
441 11.9347
442 11.9347
443 11.9347
444 11.9347
445 11.9347
446 11.9347
447 11.9347
448 11.9347
449 11.9347
450 11.9347
451 11.9347
452 11.9347
453 11.9347
454 11.9347
455 11.9347
456 11.9347
457 11.9347
458 11.9347
459 11.9347
460 11.9347
461 11.9347
462 11.9347
463 11.9347
464 11.9347
465 11.9347
466 11.9347
467 11.9347
468 11.9347
469 11.9347
470 11.9347
471 11.9347
472 11.9347
473 11.9347
474 11.9347
475 11.9347
476 11.9347
477 11.9347
478 11.9347
479 11.9347
480 11.9347
481 11.9347
482 11.9347
483 11.9347
484 11.9347
485 11.9347
486 11.9347
487 11.9347
488 11.9347
489 11.9347
490 11.9347
491 11.9347
492 11.9347
493 11.9347
494 11.9347
495 11.9347
496 11.9347
497 11.9347
498 11.9347
499 11.9347
500 11.9347
501 11.9347
502 11.9347
503 11.9347
504 11.9347
505 11.9347
506 11.9347
507 11.9347
508 11.9347
509 11.9347
510 11.9347
511 11.9347
512 11.9347
513 11.9347
514 11.9347
515 11.9347
516 11.9347
517 11.9347
518 11.9347
519 11.9347
520 11.9347
521 11.9347
522 11.9347
523 11.9347
524 11.9347
525 11.9347
526 11.9347
527 11.9347
528 11.9347
529 11.9347
530 11.9347
531 11.9347
532 11.9347
533 11.9347
534 11.9347
535 11.9347
536 11.9347
537 11.9347
538 11.9347
539 11.9347
540 11.9347
541 11.9347
542 11.9347
