1 11.7829
2 11.7829
3 11.7829
4 11.7829
5 11.7829
6 11.7829
7 11.7829
8 11.7829
9 11.7829
10 11.7829
11 11.7829
12 11.7829
13 11.7829
14 11.7829
15 11.7829
16 11.7829
17 11.7829
18 11.7829
19 11.7829
20 11.7829
21 11.7829
22 11.7829
23 11.7829
24 11.7829
25 11.7829
26 11.7829
27 11.7829
28 11.7829
29 11.7829
30 11.7829
31 11.7829
32 11.7829
33 11.7829
34 11.7829
35 11.7829
36 11.7829
37 11.7829
38 11.7829
39 11.7829
40 11.7829
41 11.7829
42 11.7829
43 11.7829
44 11.7829
45 11.7829
46 11.7829
47 11.7829
48 11.7829
49 11.7829
50 11.7829
51 11.7829
52 11.7829
53 11.7829
54 11.7829
55 11.7829
56 11.7829
57 11.7829
58 11.7829
59 11.7829
60 11.7829
61 11.7829
62 11.7829
63 11.7829
64 11.7829
65 11.7829
66 11.7829
67 11.7829
68 11.7829
69 11.7829
70 11.7829
71 11.7829
72 11.7829
73 11.7829
74 11.7829
75 11.7829
76 11.7829
77 11.7829
78 11.7829
79 11.7829
80 11.7829
81 11.7829
82 11.7829
83 11.7829
84 11.7829
85 11.7829
86 11.7829
87 11.7829
88 11.7829
89 11.7829
90 11.7829
91 11.7829
92 11.7829
93 11.7829
94 11.7829
95 11.7829
96 11.7829
97 11.7829
98 11.7829
99 11.7829
100 11.7829
101 11.7829
102 11.7829
103 11.7829
104 11.7829
105 11.7829
106 11.7829
107 11.7829
108 11.7829
109 11.7829
110 11.7829
111 11.7829
112 11.7829
113 11.7829
114 11.7829
115 11.7829
116 11.7829
117 11.7829
118 11.7829
119 11.7829
120 11.7829
121 11.7829
122 11.7829
123 11.7829
124 11.7829
125 11.7829
126 11.7829
127 11.7829
128 11.7829
129 11.7829
130 11.7829
131 11.7829
132 11.7829
133 11.7829
134 11.7829
135 11.7829
136 11.7829
137 11.7829
138 11.7829
139 11.7829
140 11.7829
141 11.7829
142 11.7829
143 11.7829
144 11.7829
145 11.7829
146 11.7829
147 11.7829
148 11.7829
149 11.7829
150 11.7829
151 11.7829
152 11.7829
153 11.7829
154 11.7829
155 11.7829
156 11.7829
157 11.7829
158 11.7829
159 11.7829
160 11.7829
161 11.7829
162 11.7829
163 11.7829
164 11.7829
165 11.7829
166 11.7829
167 11.7829
168 11.7829
169 11.7829
170 11.7829
171 11.7829
172 11.7829
173 11.7829
174 11.7829
175 11.7829
176 11.7829
177 11.7829
178 11.7829
179 11.7829
180 11.7829
181 11.7829
182 11.7829
183 11.7829
184 11.7829
185 11.7829
186 11.7829
187 11.7829
188 11.7829
189 11.7829
190 11.7829
191 11.7829
192 11.7829
193 11.7829
194 11.7829
195 11.7829
196 11.7829
197 11.7829
198 11.7829
199 11.7829
200 11.7829
201 11.7829
202 11.7829
203 11.7829
204 11.7829
205 11.7829
206 11.7829
207 11.7829
208 11.7829
209 11.7829
210 11.7829
211 11.7829
212 11.7829
213 11.7829
214 11.7829
215 11.7829
216 11.7829
217 11.7829
218 11.7829
219 11.7829
220 11.7829
221 11.7829
222 11.7829
223 11.7829
224 11.7829
225 11.7829
226 11.7829
227 11.7829
228 11.7829
229 11.7829
230 11.7829
231 11.7829
232 11.7829
233 11.7829
234 11.7829
235 11.7829
236 11.7829
237 11.7829
238 11.7829
239 11.7829
240 11.7829
241 11.7829
242 11.7829
243 11.7829
244 11.7829
245 11.7829
246 11.7829
247 11.7829
248 11.7829
249 11.8814
250 11.5561
251 11.0016
252 11.0662
253 11.402
254 11.2578
255 11.4161
256 11.1741
257 11.2203
258 11.5801
259 11.2858
260 11.2659
261 10.5831
262 9.61988
263 9.53176
264 9.52428
265 9.53504
266 9.54851
267 9.56204
268 9.58208
269 9.62952
270 9.77754
271 10.5489
272 10.7698
273 11.3717
274 10.7754
275 9.64885
276 9.50483
277 9.46857
278 9.46214
279 9.4656
280 9.47249
281 9.48295
282 9.50296
283 9.54843
284 9.66007
285 9.99147
286 9.99619
287 10.019
288 10.0659
289 10.1851
290 10.868
291 10.9099
292 11.678
293 12
294 11.7829
295 11.7829
296 11.7829
297 11.7829
298 11.7829
299 11.7829
300 11.7829
301 11.7829
302 11.7829
303 11.7829
304 11.7829
305 11.7829
306 11.7829
307 11.7829
308 11.7829
309 11.7829
310 11.7829
311 11.7829
312 11.7829
313 11.7829
314 11.7829
315 11.7829
316 11.7829
317 11.7829
318 11.7829
319 11.7829
320 11.7829
321 11.7829
322 11.7829
323 11.7829
324 11.7829
325 11.7829
326 11.7829
327 11.7829
328 11.7829
329 11.7829
330 11.7829
331 11.7829
332 11.7829
333 11.7829
334 11.7829
335 11.7829
336 11.7829
337 11.7829
338 11.7829
339 11.7829
340 11.7829
341 11.7829
342 11.7829
343 11.7829
344 11.7829
345 11.7829
346 11.7829
347 11.7829
348 11.7829
349 11.7829
350 11.7829
351 11.7829
352 11.7829
353 11.7829
354 11.7829
355 11.7829
356 11.7829
357 11.7829
358 11.7829
359 11.7829
360 11.7829
361 11.7829
362 11.7829
363 11.7829
364 11.7829
365 11.7829
366 11.7829
367 11.7829
368 11.7829
369 11.7829
370 11.7829
371 11.7829
372 11.7829
373 11.7829
374 11.7829
375 11.7829
376 11.7829
377 11.7829
378 11.7829
379 11.7829
380 11.7829
381 11.7829
382 11.7829
383 11.7829
384 11.7829
385 11.7829
386 11.7829
387 11.7829
388 11.7829
389 11.7829
390 11.7829
391 11.7829
392 11.7829
393 11.7829
394 11.7829
395 11.7829
396 11.7829
397 11.7829
398 11.7829
399 11.7829
400 11.7829
401 11.7829
402 11.7829
403 11.7829
404 11.7829
405 11.7829
406 11.7829
407 11.7829
408 11.7829
409 11.7829
410 11.7829
411 11.7829
412 11.7829
413 11.7829
414 11.7829
415 11.7829
416 11.7829
417 11.7829
418 11.7829
419 11.7829
420 11.7829
421 11.7829
422 11.7829
423 11.7829
424 11.7829
425 11.7829
426 11.7829
427 11.7829
428 11.7829
429 11.7829
430 11.7829
431 11.7829
432 11.7829
433 11.7829
434 11.7829
435 11.7829
436 11.7829
437 11.7829
438 11.7829
439 11.7829
440 11.7829
441 11.7829
442 11.7829
443 11.7829
444 11.7829
445 11.7829
446 11.7829
447 11.7829
448 11.7829
449 11.7829
450 11.7829
451 11.7829
452 11.7829
453 11.7829
454 11.7829
455 11.7829
456 11.7829
457 11.7829
458 11.7829
459 11.7829
460 11.7829
461 11.7829
462 11.7829
463 11.7829
464 11.7829
465 11.7829
466 11.7829
467 11.7829
468 11.7829
469 11.7829
470 11.7829
471 11.7829
472 11.7829
473 11.7829
474 11.7829
475 11.7829
476 11.7829
477 11.7829
478 11.7829
479 11.7829
480 11.7829
481 11.7829
482 11.7829
483 11.7829
484 11.7829
485 11.7829
486 11.7829
487 11.7829
488 11.7829
489 11.7829
490 11.7829
491 11.7829
492 11.7829
493 11.7829
494 11.7829
495 11.7829
496 11.7829
497 11.7829
498 11.7829
499 11.7829
500 11.7829
501 11.7829
502 11.7829
503 11.7829
504 11.7829
505 11.7829
506 11.7829
507 11.7829
508 11.7829
509 11.7829
510 11.7829
511 11.7829
512 11.7829
513 11.7829
514 11.7829
515 11.7829
516 11.7829
517 11.7829
518 11.7829
519 11.7829
520 11.7829
521 11.7829
522 11.7829
523 11.7829
524 11.7829
525 11.7829
526 11.7829
527 11.7829
528 11.7829
529 11.7829
530 11.7829
531 11.7829
532 11.7829
533 11.7829
534 11.7829
535 11.7829
536 11.7829
537 11.7829
538 11.7829
539 11.7829
540 11.7829
541 11.7829
542 11.7829
