1 11.9898
2 11.9898
3 11.9898
4 11.9898
5 11.9898
6 11.9898
7 11.9898
8 11.9898
9 11.9898
10 11.9898
11 11.9898
12 11.9898
13 11.9898
14 11.9898
15 11.9898
16 11.9898
17 11.9898
18 11.9898
19 11.9898
20 11.9898
21 11.9898
22 11.9898
23 11.9898
24 11.9898
25 11.9898
26 11.9898
27 11.9898
28 11.9898
29 11.9898
30 11.9898
31 11.9898
32 11.9898
33 11.9898
34 11.9898
35 11.9898
36 11.9898
37 11.9898
38 11.9898
39 11.9898
40 11.9898
41 11.9898
42 11.9898
43 11.9898
44 11.9898
45 11.9898
46 11.9898
47 11.9898
48 11.9898
49 11.9898
50 11.9898
51 11.9898
52 11.9898
53 11.9898
54 11.9898
55 11.9898
56 11.9898
57 11.9898
58 11.9898
59 11.9898
60 11.9898
61 11.9898
62 11.9898
63 11.9898
64 11.9898
65 11.9898
66 11.9898
67 11.9898
68 11.9898
69 11.9898
70 11.9898
71 11.9898
72 11.9898
73 11.9898
74 11.9898
75 11.9898
76 11.9898
77 11.9898
78 11.9898
79 11.9898
80 11.9898
81 11.9898
82 11.9898
83 11.9898
84 11.9898
85 11.9898
86 11.9898
87 11.9898
88 11.9898
89 11.9898
90 11.9898
91 11.9898
92 11.9898
93 11.9898
94 11.9898
95 11.9898
96 11.9898
97 11.9898
98 11.9898
99 11.9898
100 11.9898
101 11.9898
102 11.9898
103 11.9898
104 11.9898
105 11.9898
106 11.9898
107 11.9898
108 11.9898
109 11.9898
110 11.9898
111 11.9898
112 11.9898
113 11.9898
114 11.9898
115 11.9898
116 11.9898
117 11.9898
118 11.9898
119 11.9898
120 11.9898
121 11.9898
122 11.9898
123 11.9898
124 11.9898
125 11.9898
126 11.9898
127 11.9898
128 11.9898
129 11.9898
130 11.9898
131 11.9898
132 11.9898
133 11.9898
134 11.9898
135 11.9898
136 11.9898
137 11.9898
138 11.9898
139 11.9898
140 11.9898
141 11.9898
142 11.9898
143 11.9898
144 11.9898
145 11.9898
146 11.9898
147 11.9898
148 11.9898
149 11.9898
150 11.9898
151 11.9898
152 11.9898
153 11.9898
154 11.9898
155 11.9898
156 11.9898
157 11.9898
158 11.9898
159 11.9898
160 11.9898
161 11.9898
162 11.9898
163 11.9898
164 11.9898
165 11.9898
166 11.9898
167 11.9898
168 11.9898
169 11.9898
170 11.9898
171 11.9898
172 11.9898
173 11.9898
174 11.9898
175 11.9898
176 11.9898
177 11.9898
178 11.9898
179 11.9898
180 11.9898
181 11.9898
182 11.9898
183 11.9898
184 11.9898
185 11.9898
186 11.9898
187 11.9898
188 11.9898
189 11.9898
190 11.9898
191 11.9898
192 11.9898
193 11.9898
194 11.9898
195 11.9898
196 11.9898
197 11.9898
198 11.9898
199 11.9898
200 11.9898
201 11.9898
202 11.9898
203 11.9898
204 11.9898
205 11.9898
206 11.9898
207 11.9898
208 11.9898
209 11.9898
210 11.9898
211 11.9898
212 11.9898
213 11.9898
214 11.9898
215 11.9898
216 11.9898
217 11.9898
218 11.9898
219 11.9898
220 11.9898
221 11.9898
222 11.9898
223 11.9898
224 11.9898
225 11.9898
226 11.9898
227 11.9898
228 11.9898
229 11.9898
230 11.9898
231 11.9898
232 12
233 11.8575
234 11.3194
235 10.6169
236 9.88753
237 9.16463
238 8.4558
239 7.76457
240 7.09221
241 6.44007
242 5.80911
243 5.20024
244 4.61424
245 4.05181
246 3.51357
247 3.0001
248 2.51193
249 2.04955
250 1.61345
251 1.20408
252 1.2434
253 1.28616
254 1.32681
255 1.35448
256 1.38679
257 1.40286
258 1.40912
259 1.41717
260 1.41985
261 1.42315
262 1.42705
263 1.42816
264 1.42845
265 1.42852
266 1.42853
267 1.42854
268 1.42854
269 1.42854
270 1.42854
271 1.42854
272 1.42854
273 1.42853
274 1.42854
275 1.42854
276 1.42854
277 1.42854
278 1.42854
279 1.42853
280 1.42852
281 1.42847
282 1.4283
283 1.42768
284 1.42569
285 1.41988
286 1.41556
287 1.40452
288 1.38079
289 1.34616
290 1.38858
291 1.3569
292 1.79395
293 2.25822
294 2.74822
295 3.262
296 3.79705
297 4.35013
298 4.91716
299 5.49338
300 6.07365
301 6.65314
302 7.22815
303 7.79679
304 8.35929
305 8.91759
306 9.47485
307 10.0325
308 10.5899
309 11.1281
310 11.6033
311 11.9215
312 11.9986
313 11.9898
314 11.9898
315 11.9898
316 11.9898
317 11.9898
318 11.9898
319 11.9898
320 11.9898
321 11.9898
322 11.9898
323 11.9898
324 11.9898
325 11.9898
326 11.9898
327 11.9898
328 11.9898
329 11.9898
330 11.9898
331 11.9898
332 11.9898
333 11.9898
334 11.9898
335 11.9898
336 11.9898
337 11.9898
338 11.9898
339 11.9898
340 11.9898
341 11.9898
342 11.9898
343 11.9898
344 11.9898
345 11.9898
346 11.9898
347 11.9898
348 11.9898
349 11.9898
350 11.9898
351 11.9898
352 11.9898
353 11.9898
354 11.9898
355 11.9898
356 11.9898
357 11.9898
358 11.9898
359 11.9898
360 11.9898
361 11.9898
362 11.9898
363 11.9898
364 11.9898
365 11.9898
366 11.9898
367 11.9898
368 11.9898
369 11.9898
370 11.9898
371 11.9898
372 11.9898
373 11.9898
374 11.9898
375 11.9898
376 11.9898
377 11.9898
378 11.9898
379 11.9898
380 11.9898
381 11.9898
382 11.9898
383 11.9898
384 11.9898
385 11.9898
386 11.9898
387 11.9898
388 11.9898
389 11.9898
390 11.9898
391 11.9898
392 11.9898
393 11.9898
394 11.9898
395 11.9898
396 11.9898
397 11.9898
398 11.9898
399 11.9898
400 11.9898
401 11.9898
402 11.9898
403 11.9898
404 11.9898
405 11.9898
406 11.9898
407 11.9898
408 11.9898
409 11.9898
410 11.9898
411 11.9898
412 11.9898
413 11.9898
414 11.9898
415 11.9898
416 11.9898
417 11.9898
418 11.9898
419 11.9898
420 11.9898
421 11.9898
422 11.9898
423 11.9898
424 11.9898
425 11.9898
426 11.9898
427 11.9898
428 11.9898
429 11.9898
430 11.9898
431 11.9898
432 11.9898
433 11.9898
434 11.9898
435 11.9898
436 11.9898
437 11.9898
438 11.9898
439 11.9898
440 11.9898
441 11.9898
442 11.9898
443 11.9898
444 11.9898
445 11.9898
446 11.9898
447 11.9898
448 11.9898
449 11.9898
450 11.9898
451 11.9898
452 11.9898
453 11.9898
454 11.9898
455 11.9898
456 11.9898
457 11.9898
458 11.9898
459 11.9898
460 11.9898
461 11.9898
462 11.9898
463 11.9898
464 11.9898
465 11.9898
466 11.9898
467 11.9898
468 11.9898
469 11.9898
470 11.9898
471 11.9898
472 11.9898
473 11.9898
474 11.9898
475 11.9898
476 11.9898
477 11.9898
478 11.9898
479 11.9898
480 11.9898
481 11.9898
482 11.9898
483 11.9898
484 11.9898
485 11.9898
486 11.9898
487 11.9898
488 11.9898
489 11.9898
490 11.9898
491 11.9898
492 11.9898
493 11.9898
494 11.9898
495 11.9898
496 11.9898
497 11.9898
498 11.9898
499 11.9898
500 11.9898
501 11.9898
502 11.9898
503 11.9898
504 11.9898
505 11.9898
506 11.9898
507 11.9898
508 11.9898
509 11.9898
510 11.9898
511 11.9898
512 11.9898
513 11.9898
514 11.9898
515 11.9898
516 11.9898
517 11.9898
518 11.9898
519 11.9898
520 11.9898
521 11.9898
522 11.9898
523 11.9898
524 11.9898
525 11.9898
526 11.9898
527 11.9898
528 11.9898
529 11.9898
530 11.9898
531 11.9898
532 11.9898
533 11.9898
534 11.9898
535 11.9898
536 11.9898
537 11.9898
538 11.9898
539 11.9898
540 11.9898
541 11.9898
542 11.9898
