1 11.9975
2 11.9975
3 11.9975
4 11.9975
5 11.9975
6 11.9975
7 11.9975
8 11.9975
9 11.9975
10 11.9975
11 11.9975
12 11.9975
13 11.9975
14 11.9975
15 11.9975
16 11.9975
17 11.9975
18 11.9975
19 11.9975
20 11.9975
21 11.9975
22 11.9975
23 11.9975
24 11.9975
25 11.9975
26 11.9975
27 11.9975
28 11.9975
29 11.9975
30 11.9975
31 11.9975
32 11.9975
33 11.9975
34 11.9975
35 11.9975
36 11.9975
37 11.9975
38 11.9975
39 11.9975
40 11.9975
41 11.9975
42 11.9975
43 11.9975
44 11.9975
45 11.9975
46 11.9975
47 11.9975
48 11.9975
49 11.9975
50 11.9975
51 11.9975
52 11.9975
53 11.9975
54 11.9975
55 11.9975
56 11.9975
57 11.9975
58 11.9975
59 11.9975
60 11.9975
61 11.9975
62 11.9975
63 11.9975
64 11.9975
65 11.9975
66 11.9975
67 11.9975
68 11.9975
69 11.9975
70 11.9975
71 11.9975
72 11.9975
73 11.9975
74 11.9975
75 11.9975
76 11.9975
77 11.9975
78 11.9975
79 11.9975
80 11.9975
81 11.9975
82 11.9975
83 11.9975
84 11.9975
85 11.9975
86 11.9975
87 11.9975
88 11.9975
89 11.9975
90 11.9975
91 11.9975
92 11.9975
93 11.9975
94 11.9975
95 11.9975
96 11.9975
97 11.9975
98 11.9975
99 11.9975
100 11.9975
101 11.9975
102 11.9975
103 11.9975
104 11.9975
105 11.9975
106 11.9975
107 11.9975
108 11.9975
109 11.9975
110 11.9975
111 11.9975
112 11.9975
113 11.9975
114 11.9975
115 11.9975
116 11.9975
117 11.9975
118 11.9975
119 11.9975
120 11.9975
121 11.9975
122 11.9975
123 11.9975
124 11.9975
125 11.9975
126 11.9975
127 11.9975
128 11.9975
129 11.9975
130 11.9975
131 11.9975
132 11.9975
133 11.9975
134 11.9975
135 11.9975
136 11.9975
137 11.9975
138 11.9975
139 11.9975
140 11.9975
141 11.9975
142 11.9975
143 11.9975
144 11.9975
145 11.9975
146 11.9975
147 11.9975
148 11.9975
149 11.9975
150 11.9975
151 11.9975
152 11.9975
153 11.9975
154 11.9975
155 11.9975
156 11.9975
157 11.9975
158 11.9975
159 11.9975
160 11.9975
161 11.9975
162 11.9975
163 11.9975
164 11.9975
165 11.9975
166 11.9975
167 11.9975
168 11.9975
169 11.9975
170 11.9975
171 11.9975
172 11.9975
173 11.9975
174 11.9975
175 11.9975
176 11.9975
177 11.9975
178 11.9975
179 11.9975
180 11.9975
181 11.9975
182 11.9975
183 11.9975
184 11.9975
185 11.9975
186 11.9975
187 11.9975
188 11.9975
189 11.9975
190 11.9975
191 11.9975
192 11.9975
193 11.9975
194 11.9975
195 11.9975
196 11.9975
197 11.9975
198 11.9975
199 11.9975
200 11.9975
201 11.9975
202 11.9975
203 11.9975
204 11.9975
205 11.9975
206 11.9975
207 11.9975
208 11.9975
209 11.9975
210 11.9975
211 11.9975
212 11.9975
213 11.9975
214 11.9975
215 11.9975
216 11.9975
217 11.9975
218 11.9975
219 11.9975
220 11.9975
221 11.9975
222 11.9982
223 11.9985
224 11.9732
225 11.8269
226 11.3784
227 10.5817
228 9.67982
229 8.87151
230 8.17657
231 7.55866
232 6.98998
233 6.45608
234 5.9504
235 5.47021
236 5.01452
237 4.5831
238 4.17603
239 3.79356
240 3.43596
241 3.10351
242 2.79646
243 2.51498
244 2.25918
245 2.02901
246 1.82424
247 1.64444
248 1.4889
249 1.35662
250 1.24625
251 1.15611
252 1.18807
253 1.2036
254 1.21999
255 1.22512
256 1.23045
257 1.23184
258 1.23217
259 1.2325
260 1.23258
261 1.23265
262 1.23273
263 1.23274
264 1.23275
265 1.23275
266 1.23275
267 1.23275
268 1.23275
269 1.23275
270 1.23275
271 1.23275
272 1.23275
273 1.23275
274 1.23275
275 1.23275
276 1.23275
277 1.23275
278 1.23275
279 1.23275
280 1.23275
281 1.23275
282 1.23274
283 1.23273
284 1.23265
285 1.23232
286 1.232
287 1.23066
288 1.22558
289 1.20947
290 1.17746
291 1.14464
292 1.23701
293 1.35082
294 1.48797
295 1.65002
296 1.83815
297 2.05322
298 2.29578
299 2.5661
300 2.86426
301 3.19009
302 3.5433
303 3.92345
304 4.32996
305 4.76215
306 5.21921
307 5.70024
308 6.20435
309 6.73088
310 7.28004
311 7.85417
312 8.46001
313 9.11092
314 9.8227
315 10.581
316 11.2782
317 11.7452
318 11.9464
319 11.997
320 12
321 11.9982
322 11.9975
323 11.9975
324 11.9975
325 11.9975
326 11.9975
327 11.9975
328 11.9975
329 11.9975
330 11.9975
331 11.9975
332 11.9975
333 11.9975
334 11.9975
335 11.9975
336 11.9975
337 11.9975
338 11.9975
339 11.9975
340 11.9975
341 11.9975
342 11.9975
343 11.9975
344 11.9975
345 11.9975
346 11.9975
347 11.9975
348 11.9975
349 11.9975
350 11.9975
351 11.9975
352 11.9975
353 11.9975
354 11.9975
355 11.9975
356 11.9975
357 11.9975
358 11.9975
359 11.9975
360 11.9975
361 11.9975
362 11.9975
363 11.9975
364 11.9975
365 11.9975
366 11.9975
367 11.9975
368 11.9975
369 11.9975
370 11.9975
371 11.9975
372 11.9975
373 11.9975
374 11.9975
375 11.9975
376 11.9975
377 11.9975
378 11.9975
379 11.9975
380 11.9975
381 11.9975
382 11.9975
383 11.9975
384 11.9975
385 11.9975
386 11.9975
387 11.9975
388 11.9975
389 11.9975
390 11.9975
391 11.9975
392 11.9975
393 11.9975
394 11.9975
395 11.9975
396 11.9975
397 11.9975
398 11.9975
399 11.9975
400 11.9975
401 11.9975
402 11.9975
403 11.9975
404 11.9975
405 11.9975
406 11.9975
407 11.9975
408 11.9975
409 11.9975
410 11.9975
411 11.9975
412 11.9975
413 11.9975
414 11.9975
415 11.9975
416 11.9975
417 11.9975
418 11.9975
419 11.9975
420 11.9975
421 11.9975
422 11.9975
423 11.9975
424 11.9975
425 11.9975
426 11.9975
427 11.9975
428 11.9975
429 11.9975
430 11.9975
431 11.9975
432 11.9975
433 11.9975
434 11.9975
435 11.9975
436 11.9975
437 11.9975
438 11.9975
439 11.9975
440 11.9975
441 11.9975
442 11.9975
443 11.9975
444 11.9975
445 11.9975
446 11.9975
447 11.9975
448 11.9975
449 11.9975
450 11.9975
451 11.9975
452 11.9975
453 11.9975
454 11.9975
455 11.9975
456 11.9975
457 11.9975
458 11.9975
459 11.9975
460 11.9975
461 11.9975
462 11.9975
463 11.9975
464 11.9975
465 11.9975
466 11.9975
467 11.9975
468 11.9975
469 11.9975
470 11.9975
471 11.9975
472 11.9975
473 11.9975
474 11.9975
475 11.9975
476 11.9975
477 11.9975
478 11.9975
479 11.9975
480 11.9975
481 11.9975
482 11.9975
483 11.9975
484 11.9975
485 11.9975
486 11.9975
487 11.9975
488 11.9975
489 11.9975
490 11.9975
491 11.9975
492 11.9975
493 11.9975
494 11.9975
495 11.9975
496 11.9975
497 11.9975
498 11.9975
499 11.9975
500 11.9975
501 11.9975
502 11.9975
503 11.9975
504 11.9975
505 11.9975
506 11.9975
507 11.9975
508 11.9975
509 11.9975
510 11.9975
511 11.9975
512 11.9975
513 11.9975
514 11.9975
515 11.9975
516 11.9975
517 11.9975
518 11.9975
519 11.9975
520 11.9975
521 11.9975
522 11.9975
523 11.9975
524 11.9975
525 11.9975
526 11.9975
527 11.9975
528 11.9975
529 11.9975
530 11.9975
531 11.9975
532 11.9975
533 11.9975
534 11.9975
535 11.9975
536 11.9975
537 11.9975
538 11.9975
539 11.9975
540 11.9975
541 11.9975
542 11.9975
