1 11.9552
2 11.9552
3 11.9552
4 11.9552
5 11.9552
6 11.9552
7 11.9552
8 11.9552
9 11.9552
10 11.9552
11 11.9552
12 11.9552
13 11.9552
14 11.9552
15 11.9552
16 11.9552
17 11.9552
18 11.9552
19 11.9552
20 11.9552
21 11.9552
22 11.9552
23 11.9552
24 11.9552
25 11.9552
26 11.9552
27 11.9552
28 11.9552
29 11.9552
30 11.9552
31 11.9552
32 11.9552
33 11.9552
34 11.9552
35 11.9552
36 11.9552
37 11.9552
38 11.9552
39 11.9552
40 11.9552
41 11.9552
42 11.9552
43 11.9552
44 11.9552
45 11.9552
46 11.9552
47 11.9552
48 11.9552
49 11.9552
50 11.9552
51 11.9552
52 11.9552
53 11.9552
54 11.9552
55 11.9552
56 11.9552
57 11.9552
58 11.9552
59 11.9552
60 11.9552
61 11.9552
62 11.9552
63 11.9552
64 11.9552
65 11.9552
66 11.9552
67 11.9552
68 11.9552
69 11.9552
70 11.9552
71 11.9552
72 11.9552
73 11.9552
74 11.9552
75 11.9552
76 11.9552
77 11.9552
78 11.9552
79 11.9552
80 11.9552
81 11.9552
82 11.9552
83 11.9552
84 11.9552
85 11.9552
86 11.9552
87 11.9552
88 11.9552
89 11.9552
90 11.9552
91 11.9552
92 11.9552
93 11.9552
94 11.9552
95 11.9552
96 11.9552
97 11.9552
98 11.9552
99 11.9552
100 11.9552
101 11.9552
102 11.9552
103 11.9552
104 11.9552
105 11.9552
106 11.9552
107 11.9552
108 11.9552
109 11.9552
110 11.9552
111 11.9552
112 11.9552
113 11.9552
114 11.9552
115 11.9552
116 11.9552
117 11.9552
118 11.9552
119 11.9552
120 11.9552
121 11.9552
122 11.9552
123 11.9552
124 11.9552
125 11.9552
126 11.9552
127 11.9552
128 11.9552
129 11.9552
130 11.9552
131 11.9552
132 11.9552
133 11.9552
134 11.9552
135 11.9552
136 11.9552
137 11.9552
138 11.9552
139 11.9552
140 11.9552
141 11.9552
142 11.9552
143 11.9552
144 11.9552
145 11.9552
146 11.9552
147 11.9552
148 11.9552
149 11.9552
150 11.9552
151 11.9552
152 11.9552
153 11.9552
154 11.9552
155 11.9552
156 11.9552
157 11.9552
158 11.9552
159 11.9552
160 11.9552
161 11.9552
162 11.9552
163 11.9552
164 11.9552
165 11.9552
166 11.9552
167 11.9552
168 11.9552
169 11.9552
170 11.9552
171 11.9552
172 11.9552
173 11.9552
174 11.9552
175 11.9552
176 11.9552
177 11.9552
178 11.9552
179 11.9552
180 11.9552
181 11.9552
182 11.9552
183 11.9552
184 11.9552
185 11.9552
186 11.9552
187 11.9552
188 11.9552
189 11.9552
190 11.9552
191 11.9552
192 11.9552
193 11.9552
194 11.9552
195 11.9552
196 11.9552
197 11.9552
198 11.9552
199 11.9552
200 11.9552
201 11.9552
202 11.9552
203 11.9552
204 11.9552
205 11.9552
206 11.9552
207 11.9552
208 11.9552
209 11.9552
210 11.9552
211 11.9552
212 11.9552
213 11.9552
214 11.9552
215 11.9552
216 11.9552
217 11.9552
218 11.9552
219 11.9552
220 11.9552
221 11.9552
222 11.9552
223 11.9552
224 11.9552
225 11.9552
226 11.9552
227 11.9552
228 11.9552
229 11.9552
230 11.9552
231 11.9552
232 11.9552
233 11.9552
234 11.9552
235 11.9552
236 11.9552
237 11.9552
238 11.9552
239 11.9552
240 11.9697
241 12
242 11.7915
243 11.157
244 10.304
245 9.39152
246 8.48181
247 7.59701
248 6.74718
249 5.93527
250 5.15949
251 4.41347
252 4.4266
253 4.48785
254 4.29797
255 4.28701
256 3.86673
257 3.77757
258 3.75432
259 3.33054
260 3.2139
261 2.58607
262 1.56629
263 1.45721
264 1.45103
265 1.47152
266 1.49833
267 1.52381
268 1.54472
269 1.55959
270 1.56756
271 1.56764
272 1.57882
273 1.58249
274 1.59384
275 1.5893
276 1.59845
277 1.60547
278 1.60638
279 1.60097
280 1.59027
281 1.57635
282 1.56348
283 1.56069
284 1.58845
285 1.70261
286 1.6839
287 1.67057
288 1.67406
289 1.73761
290 2.21481
291 2.22679
292 2.97051
293 3.69147
294 4.41044
295 5.14358
296 5.90084
297 6.68729
298 7.50539
299 8.35779
300 9.25122
301 10.1967
302 11.1578
303 11.8462
304 11.98
305 11.9552
306 11.9552
307 11.9552
308 11.9552
309 11.9552
310 11.9552
311 11.9552
312 11.9552
313 11.9552
314 11.9552
315 11.9552
316 11.9552
317 11.9552
318 11.9552
319 11.9552
320 11.9552
321 11.9552
322 11.9552
323 11.9552
324 11.9552
325 11.9552
326 11.9552
327 11.9552
328 11.9552
329 11.9552
330 11.9552
331 11.9552
332 11.9552
333 11.9552
334 11.9552
335 11.9552
336 11.9552
337 11.9552
338 11.9552
339 11.9552
340 11.9552
341 11.9552
342 11.9552
343 11.9552
344 11.9552
345 11.9552
346 11.9552
347 11.9552
348 11.9552
349 11.9552
350 11.9552
351 11.9552
352 11.9552
353 11.9552
354 11.9552
355 11.9552
356 11.9552
357 11.9552
358 11.9552
359 11.9552
360 11.9552
361 11.9552
362 11.9552
363 11.9552
364 11.9552
365 11.9552
366 11.9552
367 11.9552
368 11.9552
369 11.9552
370 11.9552
371 11.9552
372 11.9552
373 11.9552
374 11.9552
375 11.9552
376 11.9552
377 11.9552
378 11.9552
379 11.9552
380 11.9552
381 11.9552
382 11.9552
383 11.9552
384 11.9552
385 11.9552
386 11.9552
387 11.9552
388 11.9552
389 11.9552
390 11.9552
391 11.9552
392 11.9552
393 11.9552
394 11.9552
395 11.9552
396 11.9552
397 11.9552
398 11.9552
399 11.9552
400 11.9552
401 11.9552
402 11.9552
403 11.9552
404 11.9552
405 11.9552
406 11.9552
407 11.9552
408 11.9552
409 11.9552
410 11.9552
411 11.9552
412 11.9552
413 11.9552
414 11.9552
415 11.9552
416 11.9552
417 11.9552
418 11.9552
419 11.9552
420 11.9552
421 11.9552
422 11.9552
423 11.9552
424 11.9552
425 11.9552
426 11.9552
427 11.9552
428 11.9552
429 11.9552
430 11.9552
431 11.9552
432 11.9552
433 11.9552
434 11.9552
435 11.9552
436 11.9552
437 11.9552
438 11.9552
439 11.9552
440 11.9552
441 11.9552
442 11.9552
443 11.9552
444 11.9552
445 11.9552
446 11.9552
447 11.9552
448 11.9552
449 11.9552
450 11.9552
451 11.9552
452 11.9552
453 11.9552
454 11.9552
455 11.9552
456 11.9552
457 11.9552
458 11.9552
459 11.9552
460 11.9552
461 11.9552
462 11.9552
463 11.9552
464 11.9552
465 11.9552
466 11.9552
467 11.9552
468 11.9552
469 11.9552
470 11.9552
471 11.9552
472 11.9552
473 11.9552
474 11.9552
475 11.9552
476 11.9552
477 11.9552
478 11.9552
479 11.9552
480 11.9552
481 11.9552
482 11.9552
483 11.9552
484 11.9552
485 11.9552
486 11.9552
487 11.9552
488 11.9552
489 11.9552
490 11.9552
491 11.9552
492 11.9552
493 11.9552
494 11.9552
495 11.9552
496 11.9552
497 11.9552
498 11.9552
499 11.9552
500 11.9552
501 11.9552
502 11.9552
503 11.9552
504 11.9552
505 11.9552
506 11.9552
507 11.9552
508 11.9552
509 11.9552
510 11.9552
511 11.9552
512 11.9552
513 11.9552
514 11.9552
515 11.9552
516 11.9552
517 11.9552
518 11.9552
519 11.9552
520 11.9552
521 11.9552
522 11.9552
523 11.9552
524 11.9552
525 11.9552
526 11.9552
527 11.9552
528 11.9552
529 11.9552
530 11.9552
531 11.9552
532 11.9552
533 11.9552
534 11.9552
535 11.9552
536 11.9552
537 11.9552
538 11.9552
539 11.9552
540 11.9552
541 11.9552
542 11.9552
