1 11.9991
2 11.9991
3 11.9991
4 11.9991
5 11.9991
6 11.9991
7 11.9991
8 11.9991
9 11.9991
10 11.9991
11 11.9991
12 11.9991
13 11.9991
14 11.9991
15 11.9991
16 11.9991
17 11.9991
18 11.9991
19 11.9991
20 11.9991
21 11.9991
22 11.9991
23 11.9991
24 11.9991
25 11.9991
26 11.9991
27 11.9991
28 11.9991
29 11.9991
30 11.9991
31 11.9991
32 11.9991
33 11.9991
34 11.9991
35 11.9991
36 11.9991
37 11.9991
38 11.9991
39 11.9991
40 11.9991
41 11.9991
42 11.9991
43 11.9991
44 11.9991
45 11.9991
46 11.9991
47 11.9991
48 11.9991
49 11.9991
50 11.9991
51 11.9991
52 11.9991
53 11.9991
54 11.9991
55 11.9991
56 11.9991
57 11.9991
58 11.9991
59 11.9991
60 11.9991
61 11.9991
62 11.9991
63 11.9991
64 11.9991
65 11.9991
66 11.9991
67 11.9991
68 11.9991
69 11.9991
70 11.9991
71 11.9991
72 11.9991
73 11.9991
74 11.9991
75 11.9991
76 11.9991
77 11.9991
78 11.9991
79 11.9991
80 11.9991
81 11.9991
82 11.9991
83 11.9991
84 11.9991
85 11.9991
86 11.9991
87 11.9991
88 11.9991
89 11.9991
90 11.9991
91 11.9991
92 11.9991
93 11.9991
94 11.9991
95 11.9991
96 11.9991
97 11.9991
98 11.9991
99 11.9991
100 11.9991
101 11.9991
102 11.9991
103 11.9991
104 11.9991
105 11.9991
106 11.9991
107 11.9991
108 11.9991
109 11.9991
110 11.9991
111 11.9991
112 11.9991
113 11.9991
114 11.9991
115 11.9991
116 11.9991
117 11.9991
118 11.9991
119 11.9991
120 11.9991
121 11.9991
122 11.9991
123 11.9991
124 11.9991
125 11.9991
126 11.9991
127 11.9991
128 11.9991
129 11.9991
130 11.9991
131 11.9991
132 11.9991
133 11.9991
134 11.9991
135 11.9991
136 11.9991
137 11.9991
138 11.9991
139 11.9991
140 11.9991
141 11.9991
142 11.9991
143 11.9991
144 11.9991
145 11.9991
146 11.9991
147 11.9991
148 11.9991
149 11.9991
150 11.9991
151 11.9991
152 11.9991
153 11.9991
154 11.9991
155 11.9991
156 11.9991
157 11.9991
158 11.9991
159 11.9991
160 11.9991
161 11.9991
162 11.9991
163 11.9991
164 11.9991
165 11.9991
166 11.9991
167 11.9991
168 11.9991
169 11.9991
170 11.9991
171 11.9991
172 11.9991
173 11.9991
174 11.9991
175 11.9991
176 11.9991
177 11.9991
178 11.9991
179 11.9991
180 11.9991
181 11.9991
182 11.9991
183 11.9991
184 11.9991
185 11.9991
186 11.9991
187 11.9991
188 11.9991
189 11.9991
190 11.9991
191 11.9991
192 11.9991
193 11.9991
194 11.9991
195 11.9991
196 11.9991
197 11.9991
198 11.9991
199 11.9991
200 11.9991
201 11.9991
202 11.9991
203 11.9991
204 11.9991
205 11.9991
206 11.9991
207 11.9991
208 11.9991
209 11.9991
210 11.9991
211 11.9991
212 11.9991
213 11.9991
214 11.9991
215 11.9991
216 11.9991
217 11.9991
218 11.9991
219 11.9991
220 11.9991
221 11.9991
222 11.9991
223 11.9991
224 11.9991
225 11.9983
226 11.9474
227 11.6856
228 11.0686
229 10.2515
230 9.45951
231 8.75226
232 8.11178
233 7.51589
234 6.95258
235 6.41635
236 5.90495
237 5.41765
238 4.95438
239 4.51531
240 4.10074
241 3.711
242 3.34644
243 3.00737
244 2.69407
245 2.40675
246 2.14552
247 1.91037
248 1.70109
249 1.51729
250 1.35827
251 1.22302
252 1.25841
253 1.27786
254 1.29894
255 1.3061
256 1.31378
257 1.31589
258 1.31641
259 1.31695
260 1.31707
261 1.3172
262 1.31732
263 1.31735
264 1.31736
265 1.31736
266 1.31736
267 1.31736
268 1.31736
269 1.31736
270 1.31736
271 1.31736
272 1.31736
273 1.31736
274 1.31736
275 1.31736
276 1.31736
277 1.31736
278 1.31736
279 1.31736
280 1.31736
281 1.31736
282 1.31735
283 1.31732
284 1.3172
285 1.31668
286 1.31618
287 1.31421
288 1.3072
289 1.28677
290 1.25357
291 1.21754
292 1.35792
293 1.5238
294 1.71638
295 1.93648
296 2.18463
297 2.46108
298 2.76586
299 3.09876
300 3.45943
301 3.84735
302 4.26188
303 4.70218
304 5.16728
305 5.65593
306 6.16668
307 6.69779
308 7.24747
309 7.81433
310 8.39839
311 9.00269
312 9.63478
313 10.2997
314 10.9713
315 11.5443
316 11.8798
317 11.9875
318 12
319 11.9991
320 11.9991
321 11.9991
322 11.9991
323 11.9991
324 11.9991
325 11.9991
326 11.9991
327 11.9991
328 11.9991
329 11.9991
330 11.9991
331 11.9991
332 11.9991
333 11.9991
334 11.9991
335 11.9991
336 11.9991
337 11.9991
338 11.9991
339 11.9991
340 11.9991
341 11.9991
342 11.9991
343 11.9991
344 11.9991
345 11.9991
346 11.9991
347 11.9991
348 11.9991
349 11.9991
350 11.9991
351 11.9991
352 11.9991
353 11.9991
354 11.9991
355 11.9991
356 11.9991
357 11.9991
358 11.9991
359 11.9991
360 11.9991
361 11.9991
362 11.9991
363 11.9991
364 11.9991
365 11.9991
366 11.9991
367 11.9991
368 11.9991
369 11.9991
370 11.9991
371 11.9991
372 11.9991
373 11.9991
374 11.9991
375 11.9991
376 11.9991
377 11.9991
378 11.9991
379 11.9991
380 11.9991
381 11.9991
382 11.9991
383 11.9991
384 11.9991
385 11.9991
386 11.9991
387 11.9991
388 11.9991
389 11.9991
390 11.9991
391 11.9991
392 11.9991
393 11.9991
394 11.9991
395 11.9991
396 11.9991
397 11.9991
398 11.9991
399 11.9991
400 11.9991
401 11.9991
402 11.9991
403 11.9991
404 11.9991
405 11.9991
406 11.9991
407 11.9991
408 11.9991
409 11.9991
410 11.9991
411 11.9991
412 11.9991
413 11.9991
414 11.9991
415 11.9991
416 11.9991
417 11.9991
418 11.9991
419 11.9991
420 11.9991
421 11.9991
422 11.9991
423 11.9991
424 11.9991
425 11.9991
426 11.9991
427 11.9991
428 11.9991
429 11.9991
430 11.9991
431 11.9991
432 11.9991
433 11.9991
434 11.9991
435 11.9991
436 11.9991
437 11.9991
438 11.9991
439 11.9991
440 11.9991
441 11.9991
442 11.9991
443 11.9991
444 11.9991
445 11.9991
446 11.9991
447 11.9991
448 11.9991
449 11.9991
450 11.9991
451 11.9991
452 11.9991
453 11.9991
454 11.9991
455 11.9991
456 11.9991
457 11.9991
458 11.9991
459 11.9991
460 11.9991
461 11.9991
462 11.9991
463 11.9991
464 11.9991
465 11.9991
466 11.9991
467 11.9991
468 11.9991
469 11.9991
470 11.9991
471 11.9991
472 11.9991
473 11.9991
474 11.9991
475 11.9991
476 11.9991
477 11.9991
478 11.9991
479 11.9991
480 11.9991
481 11.9991
482 11.9991
483 11.9991
484 11.9991
485 11.9991
486 11.9991
487 11.9991
488 11.9991
489 11.9991
490 11.9991
491 11.9991
492 11.9991
493 11.9991
494 11.9991
495 11.9991
496 11.9991
497 11.9991
498 11.9991
499 11.9991
500 11.9991
501 11.9991
502 11.9991
503 11.9991
504 11.9991
505 11.9991
506 11.9991
507 11.9991
508 11.9991
509 11.9991
510 11.9991
511 11.9991
512 11.9991
513 11.9991
514 11.9991
515 11.9991
516 11.9991
517 11.9991
518 11.9991
519 11.9991
520 11.9991
521 11.9991
522 11.9991
523 11.9991
524 11.9991
525 11.9991
526 11.9991
527 11.9991
528 11.9991
529 11.9991
530 11.9991
531 11.9991
532 11.9991
533 11.9991
534 11.9991
535 11.9991
536 11.9991
537 11.9991
538 11.9991
539 11.9991
540 11.9991
541 11.9991
542 11.9991
