1 11.9175
2 11.9175
3 11.9175
4 11.9175
5 11.9175
6 11.9175
7 11.9175
8 11.9175
9 11.9175
10 11.9175
11 11.9175
12 11.9175
13 11.9175
14 11.9175
15 11.9175
16 11.9175
17 11.9175
18 11.9175
19 11.9175
20 11.9175
21 11.9175
22 11.9175
23 11.9175
24 11.9175
25 11.9175
26 11.9175
27 11.9175
28 11.9175
29 11.9175
30 11.9175
31 11.9175
32 11.9175
33 11.9175
34 11.9175
35 11.9175
36 11.9175
37 11.9175
38 11.9175
39 11.9175
40 11.9175
41 11.9175
42 11.9175
43 11.9175
44 11.9175
45 11.9175
46 11.9175
47 11.9175
48 11.9175
49 11.9175
50 11.9175
51 11.9175
52 11.9175
53 11.9175
54 11.9175
55 11.9175
56 11.9175
57 11.9175
58 11.9175
59 11.9175
60 11.9175
61 11.9175
62 11.9175
63 11.9175
64 11.9175
65 11.9175
66 11.9175
67 11.9175
68 11.9175
69 11.9175
70 11.9175
71 11.9175
72 11.9175
73 11.9175
74 11.9175
75 11.9175
76 11.9175
77 11.9175
78 11.9175
79 11.9175
80 11.9175
81 11.9175
82 11.9175
83 11.9175
84 11.9175
85 11.9175
86 11.9175
87 11.9175
88 11.9175
89 11.9175
90 11.9175
91 11.9175
92 11.9175
93 11.9175
94 11.9175
95 11.9175
96 11.9175
97 11.9175
98 11.9175
99 11.9175
100 11.9175
101 11.9175
102 11.9175
103 11.9175
104 11.9175
105 11.9175
106 11.9175
107 11.9175
108 11.9175
109 11.9175
110 11.9175
111 11.9175
112 11.9175
113 11.9175
114 11.9175
115 11.9175
116 11.9175
117 11.9175
118 11.9175
119 11.9175
120 11.9175
121 11.9175
122 11.9175
123 11.9175
124 11.9175
125 11.9175
126 11.9175
127 11.9175
128 11.9175
129 11.9175
130 11.9175
131 11.9175
132 11.9175
133 11.9175
134 11.9175
135 11.9175
136 11.9175
137 11.9175
138 11.9175
139 11.9175
140 11.9175
141 11.9175
142 11.9175
143 11.9175
144 11.9175
145 11.9175
146 11.9175
147 11.9175
148 11.9175
149 11.9175
150 11.9175
151 11.9175
152 11.9175
153 11.9175
154 11.9175
155 11.9175
156 11.9175
157 11.9175
158 11.9175
159 11.9175
160 11.9175
161 11.9175
162 11.9175
163 11.9175
164 11.9175
165 11.9175
166 11.9175
167 11.9175
168 11.9175
169 11.9175
170 11.9175
171 11.9175
172 11.9175
173 11.9175
174 11.9175
175 11.9175
176 11.9175
177 11.9175
178 11.9175
179 11.9175
180 11.9175
181 11.9175
182 11.9175
183 11.9175
184 11.9175
185 11.9175
186 11.9175
187 11.9175
188 11.9175
189 11.9175
190 11.9175
191 11.9175
192 11.9175
193 11.9175
194 11.9175
195 11.9175
196 11.9175
197 11.9175
198 11.9175
199 11.9175
200 11.9175
201 11.9175
202 11.9175
203 11.9175
204 11.9175
205 11.9175
206 11.9175
207 11.9175
208 11.9175
209 11.9175
210 11.9175
211 11.9175
212 11.9175
213 11.9175
214 11.9175
215 11.9175
216 11.9175
217 11.9175
218 11.9175
219 11.9175
220 11.9175
221 11.9175
222 11.9175
223 11.9175
224 11.9175
225 11.9175
226 11.9175
227 11.9175
228 11.9175
229 11.9175
230 11.9175
231 11.9175
232 11.9175
233 11.9175
234 11.9175
235 11.9175
236 11.9175
237 11.9175
238 11.9175
239 11.9175
240 11.9175
241 11.9175
242 11.9175
243 11.9175
244 11.9175
245 11.9749
246 11.8924
247 11.5006
248 10.8821
249 10.129
250 9.28706
251 8.38955
252 8.32135
253 8.31978
254 7.97276
255 7.91373
256 7.48515
257 7.43271
258 7.44612
259 7.26667
260 7.24998
261 6.91399
262 6.0894
263 5.97037
264 5.94069
265 5.93701
266 5.943
267 5.95164
268 5.95861
269 5.96162
270 5.96295
271 5.97749
272 5.97056
273 5.97709
274 5.9095
275 5.55486
276 5.46668
277 5.44637
278 5.44449
279 5.44428
280 5.4398
281 5.42934
282 5.41276
283 5.39096
284 5.36798
285 5.36084
286 5.31704
287 5.26617
288 5.22114
289 5.23016
290 5.65972
291 5.67095
292 6.49704
293 7.35481
294 8.2421
295 9.15522
296 10.0829
297 11.0084
298 11.7829
299 12
300 11.9175
301 11.9175
302 11.9175
303 11.9175
304 11.9175
305 11.9175
306 11.9175
307 11.9175
308 11.9175
309 11.9175
310 11.9175
311 11.9175
312 11.9175
313 11.9175
314 11.9175
315 11.9175
316 11.9175
317 11.9175
318 11.9175
319 11.9175
320 11.9175
321 11.9175
322 11.9175
323 11.9175
324 11.9175
325 11.9175
326 11.9175
327 11.9175
328 11.9175
329 11.9175
330 11.9175
331 11.9175
332 11.9175
333 11.9175
334 11.9175
335 11.9175
336 11.9175
337 11.9175
338 11.9175
339 11.9175
340 11.9175
341 11.9175
342 11.9175
343 11.9175
344 11.9175
345 11.9175
346 11.9175
347 11.9175
348 11.9175
349 11.9175
350 11.9175
351 11.9175
352 11.9175
353 11.9175
354 11.9175
355 11.9175
356 11.9175
357 11.9175
358 11.9175
359 11.9175
360 11.9175
361 11.9175
362 11.9175
363 11.9175
364 11.9175
365 11.9175
366 11.9175
367 11.9175
368 11.9175
369 11.9175
370 11.9175
371 11.9175
372 11.9175
373 11.9175
374 11.9175
375 11.9175
376 11.9175
377 11.9175
378 11.9175
379 11.9175
380 11.9175
381 11.9175
382 11.9175
383 11.9175
384 11.9175
385 11.9175
386 11.9175
387 11.9175
388 11.9175
389 11.9175
390 11.9175
391 11.9175
392 11.9175
393 11.9175
394 11.9175
395 11.9175
396 11.9175
397 11.9175
398 11.9175
399 11.9175
400 11.9175
401 11.9175
402 11.9175
403 11.9175
404 11.9175
405 11.9175
406 11.9175
407 11.9175
408 11.9175
409 11.9175
410 11.9175
411 11.9175
412 11.9175
413 11.9175
414 11.9175
415 11.9175
416 11.9175
417 11.9175
418 11.9175
419 11.9175
420 11.9175
421 11.9175
422 11.9175
423 11.9175
424 11.9175
425 11.9175
426 11.9175
427 11.9175
428 11.9175
429 11.9175
430 11.9175
431 11.9175
432 11.9175
433 11.9175
434 11.9175
435 11.9175
436 11.9175
437 11.9175
438 11.9175
439 11.9175
440 11.9175
441 11.9175
442 11.9175
443 11.9175
444 11.9175
445 11.9175
446 11.9175
447 11.9175
448 11.9175
449 11.9175
450 11.9175
451 11.9175
452 11.9175
453 11.9175
454 11.9175
455 11.9175
456 11.9175
457 11.9175
458 11.9175
459 11.9175
460 11.9175
461 11.9175
462 11.9175
463 11.9175
464 11.9175
465 11.9175
466 11.9175
467 11.9175
468 11.9175
469 11.9175
470 11.9175
471 11.9175
472 11.9175
473 11.9175
474 11.9175
475 11.9175
476 11.9175
477 11.9175
478 11.9175
479 11.9175
480 11.9175
481 11.9175
482 11.9175
483 11.9175
484 11.9175
485 11.9175
486 11.9175
487 11.9175
488 11.9175
489 11.9175
490 11.9175
491 11.9175
492 11.9175
493 11.9175
494 11.9175
495 11.9175
496 11.9175
497 11.9175
498 11.9175
499 11.9175
500 11.9175
501 11.9175
502 11.9175
503 11.9175
504 11.9175
505 11.9175
506 11.9175
507 11.9175
508 11.9175
509 11.9175
510 11.9175
511 11.9175
512 11.9175
513 11.9175
514 11.9175
515 11.9175
516 11.9175
517 11.9175
518 11.9175
519 11.9175
520 11.9175
521 11.9175
522 11.9175
523 11.9175
524 11.9175
525 11.9175
526 11.9175
527 11.9175
528 11.9175
529 11.9175
530 11.9175
531 11.9175
532 11.9175
533 11.9175
534 11.9175
535 11.9175
536 11.9175
537 11.9175
538 11.9175
539 11.9175
540 11.9175
541 11.9175
542 11.9175
