1 12
2 12
3 12
4 12
5 12
6 12
7 12
8 12
9 12
10 12
11 12
12 12
13 12
14 12
15 12
16 12
17 12
18 12
19 12
20 12
21 12
22 12
23 12
24 12
25 12
26 12
27 12
28 12
29 12
30 12
31 12
32 12
33 12
34 12
35 12
36 12
37 12
38 12
39 12
40 12
41 12
42 12
43 12
44 12
45 12
46 12
47 12
48 12
49 12
50 12
51 12
52 12
53 12
54 12
55 12
56 12
57 12
58 12
59 12
60 12
61 12
62 12
63 12
64 12
65 12
66 12
67 12
68 12
69 12
70 12
71 12
72 12
73 12
74 12
75 12
76 12
77 12
78 12
79 12
80 12
81 12
82 12
83 12
84 12
85 12
86 12
87 12
88 12
89 12
90 12
91 12
92 12
93 12
94 12
95 12
96 12
97 12
98 12
99 12
100 12
101 12
102 12
103 12
104 12
105 12
106 12
107 12
108 12
109 12
110 12
111 12
112 12
113 12
114 12
115 12
116 12
117 12
118 12
119 12
120 12
121 12
122 12
123 12
124 12
125 12
126 12
127 12
128 12
129 12
130 12
131 12
132 12
133 12
134 12
135 12
136 12
137 12
138 12
139 12
140 12
141 12
142 12
143 12
144 12
145 12
146 12
147 12
148 12
149 12
150 12
151 12
152 12
153 12
154 12
155 12
156 12
157 12
158 12
159 12
160 12
161 12
162 12
163 12
164 12
165 12
166 12
167 12
168 12
169 12
170 12
171 12
172 12
173 12
174 12
175 12
176 12
177 12
178 12
179 12
180 12
181 12
182 12
183 12
184 12
185 12
186 12
187 12
188 12
189 12
190 12
191 12
192 12
193 12
194 12
195 12
196 12
197 12
198 12
199 12
200 12
201 12
202 12
203 12
204 12
205 12
206 12
207 12
208 12
209 12
210 12
211 12
212 12
213 12
214 12
215 12
216 12
217 12
218 12
219 12
220 12
221 12
222 12
223 12
224 12
225 12
226 12
227 12
228 12
229 12
230 12
231 12
232 12
233 12
234 12
235 12
236 12
237 12
238 12
239 12
240 11.9574
241 11.6105
242 11.0006
243 10.233
244 9.37559
245 8.47496
246 7.55969
247 6.64773
248 5.74829
249 4.8651
250 3.99881
251 3.14871
252 3.11914
253 3.14953
254 2.87965
255 2.84785
256 2.47735
257 2.42707
258 2.43719
259 2.28013
260 2.2633
261 2.05553
262 1.52823
263 1.47441
264 1.48826
265 1.5096
266 1.52567
267 1.53541
268 1.5406
269 1.54309
270 1.54415
271 1.54445
272 1.54511
273 1.54516
274 1.54546
275 1.54602
276 1.54607
277 1.54578
278 1.54508
279 1.5436
280 1.5407
281 1.53518
282 1.52511
283 1.50757
284 1.47907
285 1.43782
286 1.41005
287 1.36944
288 1.32032
289 1.29583
290 1.54521
291 1.52358
292 2.20097
293 2.9075
294 3.64369
295 4.40981
296 5.20569
297 6.03018
298 6.8801
299 7.74849
300 8.62262
301 9.48269
302 10.3004
303 11.04
304 11.6359
305 11.9353
306 12
307 12
308 12
309 12
310 12
311 12
312 12
313 12
314 12
315 12
316 12
317 12
318 12
319 12
320 12
321 12
322 12
323 12
324 12
325 12
326 12
327 12
328 12
329 12
330 12
331 12
332 12
333 12
334 12
335 12
336 12
337 12
338 12
339 12
340 12
341 12
342 12
343 12
344 12
345 12
346 12
347 12
348 12
349 12
350 12
351 12
352 12
353 12
354 12
355 12
356 12
357 12
358 12
359 12
360 12
361 12
362 12
363 12
364 12
365 12
366 12
367 12
368 12
369 12
370 12
371 12
372 12
373 12
374 12
375 12
376 12
377 12
378 12
379 12
380 12
381 12
382 12
383 12
384 12
385 12
386 12
387 12
388 12
389 12
390 12
391 12
392 12
393 12
394 12
395 12
396 12
397 12
398 12
399 12
400 12
401 12
402 12
403 12
404 12
405 12
406 12
407 12
408 12
409 12
410 12
411 12
412 12
413 12
414 12
415 12
416 12
417 12
418 12
419 12
420 12
421 12
422 12
423 12
424 12
425 12
426 12
427 12
428 12
429 12
430 12
431 12
432 12
433 12
434 12
435 12
436 12
437 12
438 12
439 12
440 12
441 12
442 12
443 12
444 12
445 12
446 12
447 12
448 12
449 12
450 12
451 12
452 12
453 12
454 12
455 12
456 12
457 12
458 12
459 12
460 12
461 12
462 12
463 12
464 12
465 12
466 12
467 12
468 12
469 12
470 12
471 12
472 12
473 12
474 12
475 12
476 12
477 12
478 12
479 12
480 12
481 12
482 12
483 12
484 12
485 12
486 12
487 12
488 12
489 12
490 12
491 12
492 12
493 12
494 12
495 12
496 12
497 12
498 12
499 12
500 12
501 12
502 12
503 12
504 12
505 12
506 12
507 12
508 12
509 12
510 12
511 12
512 12
513 12
514 12
515 12
516 12
517 12
518 12
519 12
520 12
521 12
522 12
523 12
524 12
525 12
526 12
527 12
528 12
529 12
530 12
531 12
532 12
533 12
534 12
535 12
536 12
537 12
538 12
539 12
540 12
541 12
542 12
