1 11.9922
2 11.9922
3 11.9922
4 11.9922
5 11.9922
6 11.9922
7 11.9922
8 11.9922
9 11.9922
10 11.9922
11 11.9922
12 11.9922
13 11.9922
14 11.9922
15 11.9922
16 11.9922
17 11.9922
18 11.9922
19 11.9922
20 11.9922
21 11.9922
22 11.9922
23 11.9922
24 11.9922
25 11.9922
26 11.9922
27 11.9922
28 11.9922
29 11.9922
30 11.9922
31 11.9922
32 11.9922
33 11.9922
34 11.9922
35 11.9922
36 11.9922
37 11.9922
38 11.9922
39 11.9922
40 11.9922
41 11.9922
42 11.9922
43 11.9922
44 11.9922
45 11.9922
46 11.9922
47 11.9922
48 11.9922
49 11.9922
50 11.9922
51 11.9922
52 11.9922
53 11.9922
54 11.9922
55 11.9922
56 11.9922
57 11.9922
58 11.9922
59 11.9922
60 11.9922
61 11.9922
62 11.9922
63 11.9922
64 11.9922
65 11.9922
66 11.9922
67 11.9922
68 11.9922
69 11.9922
70 11.9922
71 11.9922
72 11.9922
73 11.9922
74 11.9922
75 11.9922
76 11.9922
77 11.9922
78 11.9922
79 11.9922
80 11.9922
81 11.9922
82 11.9922
83 11.9922
84 11.9922
85 11.9922
86 11.9922
87 11.9922
88 11.9922
89 11.9922
90 11.9922
91 11.9922
92 11.9922
93 11.9922
94 11.9922
95 11.9922
96 11.9922
97 11.9922
98 11.9922
99 11.9922
100 11.9922
101 11.9922
102 11.9922
103 11.9922
104 11.9922
105 11.9922
106 11.9922
107 11.9922
108 11.9922
109 11.9922
110 11.9922
111 11.9922
112 11.9922
113 11.9922
114 11.9922
115 11.9922
116 11.9922
117 11.9922
118 11.9922
119 11.9922
120 11.9922
121 11.9922
122 11.9922
123 11.9922
124 11.9922
125 11.9922
126 11.9922
127 11.9922
128 11.9922
129 11.9922
130 11.9922
131 11.9922
132 11.9922
133 11.9922
134 11.9922
135 11.9922
136 11.9922
137 11.9922
138 11.9922
139 11.9922
140 11.9922
141 11.9922
142 11.9922
143 11.9922
144 11.9922
145 11.9922
146 11.9922
147 11.9922
148 11.9922
149 11.9922
150 11.9922
151 11.9922
152 11.9922
153 11.9922
154 11.9922
155 11.9922
156 11.9922
157 11.9922
158 11.9922
159 11.9922
160 11.9922
161 11.9922
162 11.9922
163 11.9922
164 11.9922
165 11.9922
166 11.9922
167 11.9922
168 11.9922
169 11.9922
170 11.9922
171 11.9922
172 11.9922
173 11.9922
174 11.9922
175 11.9922
176 11.9922
177 11.9922
178 11.9922
179 11.9922
180 11.9922
181 11.9922
182 11.9922
183 11.9922
184 11.9922
185 11.9922
186 11.9922
187 11.9922
188 11.9922
189 11.9922
190 11.9922
191 11.9922
192 11.9922
193 11.9922
194 11.9922
195 11.9922
196 11.9922
197 11.9922
198 11.9922
199 11.9922
200 11.9922
201 11.9922
202 11.9922
203 11.9922
204 11.9922
205 11.9922
206 11.9922
207 11.9922
208 11.9922
209 11.9922
210 11.9922
211 11.9922
212 11.9922
213 11.9922
214 11.9922
215 11.9922
216 11.9922
217 11.9922
218 11.9922
219 11.9922
220 11.9922
221 11.9922
222 11.9922
223 11.9922
224 11.9922
225 11.9922
226 11.9922
227 11.9922
228 11.9922
229 11.9922
230 11.9922
231 11.9922
232 11.9922
233 11.9922
234 11.9922
235 11.9922
236 11.9922
237 11.9922
238 11.9917
239 11.6352
240 10.8844
241 10.0234
242 9.13898
243 8.25863
244 7.39123
245 6.53861
246 5.70085
247 4.87754
248 4.06842
249 3.27364
250 2.49375
251 1.72966
252 1.72172
253 1.76445
254 1.62185
255 1.62665
256 1.44024
257 1.43329
258 1.45555
259 1.42424
260 1.43941
261 1.40624
262 1.2464
263 1.24348
264 1.25938
265 1.27132
266 1.27771
267 1.28061
268 1.28179
269 1.28222
270 1.28236
271 1.28239
272 1.28245
273 1.28243
274 1.28244
275 1.28246
276 1.28243
277 1.28234
278 1.2821
279 1.28154
280 1.28027
281 1.27759
282 1.27221
283 1.26215
284 1.2448
285 1.21826
286 1.19902
287 1.16838
288 1.12675
289 1.0962
290 1.26117
291 1.22398
292 1.78405
293 2.35725
294 2.94863
295 3.56196
296 4.19978
297 4.86375
298 5.55491
299 6.27384
300 7.02078
301 7.7953
302 8.59538
303 9.41593
304 10.245
305 11.0451
306 11.7245
307 12
308 11.9922
309 11.9922
310 11.9922
311 11.9922
312 11.9922
313 11.9922
314 11.9922
315 11.9922
316 11.9922
317 11.9922
318 11.9922
319 11.9922
320 11.9922
321 11.9922
322 11.9922
323 11.9922
324 11.9922
325 11.9922
326 11.9922
327 11.9922
328 11.9922
329 11.9922
330 11.9922
331 11.9922
332 11.9922
333 11.9922
334 11.9922
335 11.9922
336 11.9922
337 11.9922
338 11.9922
339 11.9922
340 11.9922
341 11.9922
342 11.9922
343 11.9922
344 11.9922
345 11.9922
346 11.9922
347 11.9922
348 11.9922
349 11.9922
350 11.9922
351 11.9922
352 11.9922
353 11.9922
354 11.9922
355 11.9922
356 11.9922
357 11.9922
358 11.9922
359 11.9922
360 11.9922
361 11.9922
362 11.9922
363 11.9922
364 11.9922
365 11.9922
366 11.9922
367 11.9922
368 11.9922
369 11.9922
370 11.9922
371 11.9922
372 11.9922
373 11.9922
374 11.9922
375 11.9922
376 11.9922
377 11.9922
378 11.9922
379 11.9922
380 11.9922
381 11.9922
382 11.9922
383 11.9922
384 11.9922
385 11.9922
386 11.9922
387 11.9922
388 11.9922
389 11.9922
390 11.9922
391 11.9922
392 11.9922
393 11.9922
394 11.9922
395 11.9922
396 11.9922
397 11.9922
398 11.9922
399 11.9922
400 11.9922
401 11.9922
402 11.9922
403 11.9922
404 11.9922
405 11.9922
406 11.9922
407 11.9922
408 11.9922
409 11.9922
410 11.9922
411 11.9922
412 11.9922
413 11.9922
414 11.9922
415 11.9922
416 11.9922
417 11.9922
418 11.9922
419 11.9922
420 11.9922
421 11.9922
422 11.9922
423 11.9922
424 11.9922
425 11.9922
426 11.9922
427 11.9922
428 11.9922
429 11.9922
430 11.9922
431 11.9922
432 11.9922
433 11.9922
434 11.9922
435 11.9922
436 11.9922
437 11.9922
438 11.9922
439 11.9922
440 11.9922
441 11.9922
442 11.9922
443 11.9922
444 11.9922
445 11.9922
446 11.9922
447 11.9922
448 11.9922
449 11.9922
450 11.9922
451 11.9922
452 11.9922
453 11.9922
454 11.9922
455 11.9922
456 11.9922
457 11.9922
458 11.9922
459 11.9922
460 11.9922
461 11.9922
462 11.9922
463 11.9922
464 11.9922
465 11.9922
466 11.9922
467 11.9922
468 11.9922
469 11.9922
470 11.9922
471 11.9922
472 11.9922
473 11.9922
474 11.9922
475 11.9922
476 11.9922
477 11.9922
478 11.9922
479 11.9922
480 11.9922
481 11.9922
482 11.9922
483 11.9922
484 11.9922
485 11.9922
486 11.9922
487 11.9922
488 11.9922
489 11.9922
490 11.9922
491 11.9922
492 11.9922
493 11.9922
494 11.9922
495 11.9922
496 11.9922
497 11.9922
498 11.9922
499 11.9922
500 11.9922
501 11.9922
502 11.9922
503 11.9922
504 11.9922
505 11.9922
506 11.9922
507 11.9922
508 11.9922
509 11.9922
510 11.9922
511 11.9922
512 11.9922
513 11.9922
514 11.9922
515 11.9922
516 11.9922
517 11.9922
518 11.9922
519 11.9922
520 11.9922
521 11.9922
522 11.9922
523 11.9922
524 11.9922
525 11.9922
526 11.9922
527 11.9922
528 11.9922
529 11.9922
530 11.9922
531 11.9922
532 11.9922
533 11.9922
534 11.9922
535 11.9922
536 11.9922
537 11.9922
538 11.9922
539 11.9922
540 11.9922
541 11.9922
542 11.9922
