1 11.9863
2 11.9863
3 11.9863
4 11.9863
5 11.9863
6 11.9863
7 11.9863
8 11.9863
9 11.9863
10 11.9863
11 11.9863
12 11.9863
13 11.9863
14 11.9863
15 11.9863
16 11.9863
17 11.9863
18 11.9863
19 11.9863
20 11.9863
21 11.9863
22 11.9863
23 11.9863
24 11.9863
25 11.9863
26 11.9863
27 11.9863
28 11.9863
29 11.9863
30 11.9863
31 11.9863
32 11.9863
33 11.9863
34 11.9863
35 11.9863
36 11.9863
37 11.9863
38 11.9863
39 11.9863
40 11.9863
41 11.9863
42 11.9863
43 11.9863
44 11.9863
45 11.9863
46 11.9863
47 11.9863
48 11.9863
49 11.9863
50 11.9863
51 11.9863
52 11.9863
53 11.9863
54 11.9863
55 11.9863
56 11.9863
57 11.9863
58 11.9863
59 11.9863
60 11.9863
61 11.9863
62 11.9863
63 11.9863
64 11.9863
65 11.9863
66 11.9863
67 11.9863
68 11.9863
69 11.9863
70 11.9863
71 11.9863
72 11.9863
73 11.9863
74 11.9863
75 11.9863
76 11.9863
77 11.9863
78 11.9863
79 11.9863
80 11.9863
81 11.9863
82 11.9863
83 11.9863
84 11.9863
85 11.9863
86 11.9863
87 11.9863
88 11.9863
89 11.9863
90 11.9863
91 11.9863
92 11.9863
93 11.9863
94 11.9863
95 11.9863
96 11.9863
97 11.9863
98 11.9863
99 11.9863
100 11.9863
101 11.9863
102 11.9863
103 11.9863
104 11.9863
105 11.9863
106 11.9863
107 11.9863
108 11.9863
109 11.9863
110 11.9863
111 11.9863
112 11.9863
113 11.9863
114 11.9863
115 11.9863
116 11.9863
117 11.9863
118 11.9863
119 11.9863
120 11.9863
121 11.9863
122 11.9863
123 11.9863
124 11.9863
125 11.9863
126 11.9863
127 11.9863
128 11.9863
129 11.9863
130 11.9863
131 11.9863
132 11.9863
133 11.9863
134 11.9863
135 11.9863
136 11.9863
137 11.9863
138 11.9863
139 11.9863
140 11.9863
141 11.9863
142 11.9863
143 11.9863
144 11.9863
145 11.9863
146 11.9863
147 11.9863
148 11.9863
149 11.9863
150 11.9863
151 11.9863
152 11.9863
153 11.9863
154 11.9863
155 11.9863
156 11.9863
157 11.9863
158 11.9863
159 11.9863
160 11.9863
161 11.9863
162 11.9863
163 11.9863
164 11.9863
165 11.9863
166 11.9863
167 11.9863
168 11.9863
169 11.9863
170 11.9863
171 11.9863
172 11.9863
173 11.9863
174 11.9863
175 11.9863
176 11.9863
177 11.9863
178 11.9863
179 11.9863
180 11.9863
181 11.9863
182 11.9863
183 11.9863
184 11.9863
185 11.9863
186 11.9863
187 11.9863
188 11.9863
189 11.9863
190 11.9863
191 11.9863
192 11.9863
193 11.9863
194 11.9863
195 11.9863
196 11.9863
197 11.9863
198 11.9863
199 11.9863
200 11.9863
201 11.9863
202 11.9863
203 11.9863
204 11.9863
205 11.9863
206 11.9863
207 11.9863
208 11.9863
209 11.9863
210 11.9863
211 11.9863
212 11.9863
213 11.9863
214 11.9863
215 11.9863
216 11.9863
217 11.9863
218 11.9863
219 11.9863
220 11.9863
221 11.9863
222 11.9863
223 11.9863
224 11.9863
225 11.9863
226 11.9863
227 11.9863
228 11.9863
229 11.9931
230 11.8679
231 11.3848
232 10.7019
233 9.99403
234 9.30723
235 8.6469
236 8.00993
237 7.39545
238 6.80313
239 6.2333
240 5.68644
241 5.16304
242 4.66358
243 4.18855
244 3.73838
245 3.31352
246 2.91438
247 2.54135
248 2.19478
249 1.87501
250 1.58228
251 1.31671
252 1.35712
253 1.38785
254 1.42198
255 1.43727
256 1.45521
257 1.46139
258 1.4632
259 1.46526
260 1.46579
261 1.46636
262 1.46696
263 1.46711
264 1.46714
265 1.46714
266 1.46714
267 1.46714
268 1.46714
269 1.46714
270 1.46714
271 1.46714
272 1.46714
273 1.46714
274 1.46714
275 1.46714
276 1.46714
277 1.46714
278 1.46714
279 1.46714
280 1.46714
281 1.46714
282 1.46711
283 1.46699
284 1.46652
285 1.46474
286 1.46322
287 1.45822
288 1.44395
289 1.41281
290 1.39594
291 1.35725
292 1.63904
293 1.9504
294 2.29109
295 2.66068
296 3.05854
297 3.48388
298 3.9357
299 4.41277
300 4.91348
301 5.43578
302 5.97704
303 6.53392
304 7.10241
305 7.67805
306 8.25637
307 8.83373
308 9.40774
309 9.97753
310 10.5438
311 11.0956
312 11.5915
313 11.9091
314 12
315 11.9967
316 11.9863
317 11.9863
318 11.9863
319 11.9863
320 11.9863
321 11.9863
322 11.9863
323 11.9863
324 11.9863
325 11.9863
326 11.9863
327 11.9863
328 11.9863
329 11.9863
330 11.9863
331 11.9863
332 11.9863
333 11.9863
334 11.9863
335 11.9863
336 11.9863
337 11.9863
338 11.9863
339 11.9863
340 11.9863
341 11.9863
342 11.9863
343 11.9863
344 11.9863
345 11.9863
346 11.9863
347 11.9863
348 11.9863
349 11.9863
350 11.9863
351 11.9863
352 11.9863
353 11.9863
354 11.9863
355 11.9863
356 11.9863
357 11.9863
358 11.9863
359 11.9863
360 11.9863
361 11.9863
362 11.9863
363 11.9863
364 11.9863
365 11.9863
366 11.9863
367 11.9863
368 11.9863
369 11.9863
370 11.9863
371 11.9863
372 11.9863
373 11.9863
374 11.9863
375 11.9863
376 11.9863
377 11.9863
378 11.9863
379 11.9863
380 11.9863
381 11.9863
382 11.9863
383 11.9863
384 11.9863
385 11.9863
386 11.9863
387 11.9863
388 11.9863
389 11.9863
390 11.9863
391 11.9863
392 11.9863
393 11.9863
394 11.9863
395 11.9863
396 11.9863
397 11.9863
398 11.9863
399 11.9863
400 11.9863
401 11.9863
402 11.9863
403 11.9863
404 11.9863
405 11.9863
406 11.9863
407 11.9863
408 11.9863
409 11.9863
410 11.9863
411 11.9863
412 11.9863
413 11.9863
414 11.9863
415 11.9863
416 11.9863
417 11.9863
418 11.9863
419 11.9863
420 11.9863
421 11.9863
422 11.9863
423 11.9863
424 11.9863
425 11.9863
426 11.9863
427 11.9863
428 11.9863
429 11.9863
430 11.9863
431 11.9863
432 11.9863
433 11.9863
434 11.9863
435 11.9863
436 11.9863
437 11.9863
438 11.9863
439 11.9863
440 11.9863
441 11.9863
442 11.9863
443 11.9863
444 11.9863
445 11.9863
446 11.9863
447 11.9863
448 11.9863
449 11.9863
450 11.9863
451 11.9863
452 11.9863
453 11.9863
454 11.9863
455 11.9863
456 11.9863
457 11.9863
458 11.9863
459 11.9863
460 11.9863
461 11.9863
462 11.9863
463 11.9863
464 11.9863
465 11.9863
466 11.9863
467 11.9863
468 11.9863
469 11.9863
470 11.9863
471 11.9863
472 11.9863
473 11.9863
474 11.9863
475 11.9863
476 11.9863
477 11.9863
478 11.9863
479 11.9863
480 11.9863
481 11.9863
482 11.9863
483 11.9863
484 11.9863
485 11.9863
486 11.9863
487 11.9863
488 11.9863
489 11.9863
490 11.9863
491 11.9863
492 11.9863
493 11.9863
494 11.9863
495 11.9863
496 11.9863
497 11.9863
498 11.9863
499 11.9863
500 11.9863
501 11.9863
502 11.9863
503 11.9863
504 11.9863
505 11.9863
506 11.9863
507 11.9863
508 11.9863
509 11.9863
510 11.9863
511 11.9863
512 11.9863
513 11.9863
514 11.9863
515 11.9863
516 11.9863
517 11.9863
518 11.9863
519 11.9863
520 11.9863
521 11.9863
522 11.9863
523 11.9863
524 11.9863
525 11.9863
526 11.9863
527 11.9863
528 11.9863
529 11.9863
530 11.9863
531 11.9863
532 11.9863
533 11.9863
534 11.9863
535 11.9863
536 11.9863
537 11.9863
538 11.9863
539 11.9863
540 11.9863
541 11.9863
542 11.9863
