1 11.856
2 11.856
3 11.856
4 11.856
5 11.856
6 11.856
7 11.856
8 11.856
9 11.856
10 11.856
11 11.856
12 11.856
13 11.856
14 11.856
15 11.856
16 11.856
17 11.856
18 11.856
19 11.856
20 11.856
21 11.856
22 11.856
23 11.856
24 11.856
25 11.856
26 11.856
27 11.856
28 11.856
29 11.856
30 11.856
31 11.856
32 11.856
33 11.856
34 11.856
35 11.856
36 11.856
37 11.856
38 11.856
39 11.856
40 11.856
41 11.856
42 11.856
43 11.856
44 11.856
45 11.856
46 11.856
47 11.856
48 11.856
49 11.856
50 11.856
51 11.856
52 11.856
53 11.856
54 11.856
55 11.856
56 11.856
57 11.856
58 11.856
59 11.856
60 11.856
61 11.856
62 11.856
63 11.856
64 11.856
65 11.856
66 11.856
67 11.856
68 11.856
69 11.856
70 11.856
71 11.856
72 11.856
73 11.856
74 11.856
75 11.856
76 11.856
77 11.856
78 11.856
79 11.856
80 11.856
81 11.856
82 11.856
83 11.856
84 11.856
85 11.856
86 11.856
87 11.856
88 11.856
89 11.856
90 11.856
91 11.856
92 11.856
93 11.856
94 11.856
95 11.856
96 11.856
97 11.856
98 11.856
99 11.856
100 11.856
101 11.856
102 11.856
103 11.856
104 11.856
105 11.856
106 11.856
107 11.856
108 11.856
109 11.856
110 11.856
111 11.856
112 11.856
113 11.856
114 11.856
115 11.856
116 11.856
117 11.856
118 11.856
119 11.856
120 11.856
121 11.856
122 11.856
123 11.856
124 11.856
125 11.856
126 11.856
127 11.856
128 11.856
129 11.856
130 11.856
131 11.856
132 11.856
133 11.856
134 11.856
135 11.856
136 11.856
137 11.856
138 11.856
139 11.856
140 11.856
141 11.856
142 11.856
143 11.856
144 11.856
145 11.856
146 11.856
147 11.856
148 11.856
149 11.856
150 11.856
151 11.856
152 11.856
153 11.856
154 11.856
155 11.856
156 11.856
157 11.856
158 11.856
159 11.856
160 11.856
161 11.856
162 11.856
163 11.856
164 11.856
165 11.856
166 11.856
167 11.856
168 11.856
169 11.856
170 11.856
171 11.856
172 11.856
173 11.856
174 11.856
175 11.856
176 11.856
177 11.856
178 11.856
179 11.856
180 11.856
181 11.856
182 11.856
183 11.856
184 11.856
185 11.856
186 11.856
187 11.856
188 11.856
189 11.856
190 11.856
191 11.856
192 11.856
193 11.856
194 11.856
195 11.856
196 11.856
197 11.856
198 11.856
199 11.856
200 11.856
201 11.856
202 11.856
203 11.856
204 11.856
205 11.856
206 11.856
207 11.856
208 11.856
209 11.856
210 11.856
211 11.856
212 11.856
213 11.856
214 11.856
215 11.856
216 11.856
217 11.856
218 11.856
219 11.856
220 11.856
221 11.856
222 11.856
223 11.856
224 11.856
225 11.856
226 11.856
227 11.856
228 11.856
229 11.856
230 11.856
231 11.856
232 11.856
233 11.856
234 11.856
235 11.856
236 11.856
237 11.856
238 11.856
239 11.856
240 11.856
241 11.856
242 11.856
243 11.856
244 11.856
245 11.856
246 11.856
247 11.856
248 11.856
249 12
250 11.6281
251 11.0679
252 11.1211
253 11.4989
254 11.331
255 11.5143
256 11.2217
257 11.2637
258 11.698
259 11.4802
260 11.5559
261 10.862
262 9.87599
263 9.78017
264 9.76497
265 9.76901
266 9.77791
267 9.78817
268 9.80645
269 9.85224
270 9.99246
271 10.7632
272 10.9803
273 11.6395
274 10.9976
275 9.89172
276 9.76049
277 9.72766
278 9.72217
279 9.72707
280 9.73704
281 9.75337
282 9.78243
283 9.84038
284 9.9709
285 10.3463
286 10.3376
287 10.3516
288 10.3906
289 10.499
290 11.1577
291 11.1607
292 11.8675
293 11.9957
294 11.856
295 11.856
296 11.856
297 11.856
298 11.856
299 11.856
300 11.856
301 11.856
302 11.856
303 11.856
304 11.856
305 11.856
306 11.856
307 11.856
308 11.856
309 11.856
310 11.856
311 11.856
312 11.856
313 11.856
314 11.856
315 11.856
316 11.856
317 11.856
318 11.856
319 11.856
320 11.856
321 11.856
322 11.856
323 11.856
324 11.856
325 11.856
326 11.856
327 11.856
328 11.856
329 11.856
330 11.856
331 11.856
332 11.856
333 11.856
334 11.856
335 11.856
336 11.856
337 11.856
338 11.856
339 11.856
340 11.856
341 11.856
342 11.856
343 11.856
344 11.856
345 11.856
346 11.856
347 11.856
348 11.856
349 11.856
350 11.856
351 11.856
352 11.856
353 11.856
354 11.856
355 11.856
356 11.856
357 11.856
358 11.856
359 11.856
360 11.856
361 11.856
362 11.856
363 11.856
364 11.856
365 11.856
366 11.856
367 11.856
368 11.856
369 11.856
370 11.856
371 11.856
372 11.856
373 11.856
374 11.856
375 11.856
376 11.856
377 11.856
378 11.856
379 11.856
380 11.856
381 11.856
382 11.856
383 11.856
384 11.856
385 11.856
386 11.856
387 11.856
388 11.856
389 11.856
390 11.856
391 11.856
392 11.856
393 11.856
394 11.856
395 11.856
396 11.856
397 11.856
398 11.856
399 11.856
400 11.856
401 11.856
402 11.856
403 11.856
404 11.856
405 11.856
406 11.856
407 11.856
408 11.856
409 11.856
410 11.856
411 11.856
412 11.856
413 11.856
414 11.856
415 11.856
416 11.856
417 11.856
418 11.856
419 11.856
420 11.856
421 11.856
422 11.856
423 11.856
424 11.856
425 11.856
426 11.856
427 11.856
428 11.856
429 11.856
430 11.856
431 11.856
432 11.856
433 11.856
434 11.856
435 11.856
436 11.856
437 11.856
438 11.856
439 11.856
440 11.856
441 11.856
442 11.856
443 11.856
444 11.856
445 11.856
446 11.856
447 11.856
448 11.856
449 11.856
450 11.856
451 11.856
452 11.856
453 11.856
454 11.856
455 11.856
456 11.856
457 11.856
458 11.856
459 11.856
460 11.856
461 11.856
462 11.856
463 11.856
464 11.856
465 11.856
466 11.856
467 11.856
468 11.856
469 11.856
470 11.856
471 11.856
472 11.856
473 11.856
474 11.856
475 11.856
476 11.856
477 11.856
478 11.856
479 11.856
480 11.856
481 11.856
482 11.856
483 11.856
484 11.856
485 11.856
486 11.856
487 11.856
488 11.856
489 11.856
490 11.856
491 11.856
492 11.856
493 11.856
494 11.856
495 11.856
496 11.856
497 11.856
498 11.856
499 11.856
500 11.856
501 11.856
502 11.856
503 11.856
504 11.856
505 11.856
506 11.856
507 11.856
508 11.856
509 11.856
510 11.856
511 11.856
512 11.856
513 11.856
514 11.856
515 11.856
516 11.856
517 11.856
518 11.856
519 11.856
520 11.856
521 11.856
522 11.856
523 11.856
524 11.856
525 11.856
526 11.856
527 11.856
528 11.856
529 11.856
530 11.856
531 11.856
532 11.856
533 11.856
534 11.856
535 11.856
536 11.856
537 11.856
538 11.856
539 11.856
540 11.856
541 11.856
542 11.856
