1 11.9655
2 11.9655
3 11.9655
4 11.9655
5 11.9655
6 11.9655
7 11.9655
8 11.9655
9 11.9655
10 11.9655
11 11.9655
12 11.9655
13 11.9655
14 11.9655
15 11.9655
16 11.9655
17 11.9655
18 11.9655
19 11.9655
20 11.9655
21 11.9655
22 11.9655
23 11.9655
24 11.9655
25 11.9655
26 11.9655
27 11.9655
28 11.9655
29 11.9655
30 11.9655
31 11.9655
32 11.9655
33 11.9655
34 11.9655
35 11.9655
36 11.9655
37 11.9655
38 11.9655
39 11.9655
40 11.9655
41 11.9655
42 11.9655
43 11.9655
44 11.9655
45 11.9655
46 11.9655
47 11.9655
48 11.9655
49 11.9655
50 11.9655
51 11.9655
52 11.9655
53 11.9655
54 11.9655
55 11.9655
56 11.9655
57 11.9655
58 11.9655
59 11.9655
60 11.9655
61 11.9655
62 11.9655
63 11.9655
64 11.9655
65 11.9655
66 11.9655
67 11.9655
68 11.9655
69 11.9655
70 11.9655
71 11.9655
72 11.9655
73 11.9655
74 11.9655
75 11.9655
76 11.9655
77 11.9655
78 11.9655
79 11.9655
80 11.9655
81 11.9655
82 11.9655
83 11.9655
84 11.9655
85 11.9655
86 11.9655
87 11.9655
88 11.9655
89 11.9655
90 11.9655
91 11.9655
92 11.9655
93 11.9655
94 11.9655
95 11.9655
96 11.9655
97 11.9655
98 11.9655
99 11.9655
100 11.9655
101 11.9655
102 11.9655
103 11.9655
104 11.9655
105 11.9655
106 11.9655
107 11.9655
108 11.9655
109 11.9655
110 11.9655
111 11.9655
112 11.9655
113 11.9655
114 11.9655
115 11.9655
116 11.9655
117 11.9655
118 11.9655
119 11.9655
120 11.9655
121 11.9655
122 11.9655
123 11.9655
124 11.9655
125 11.9655
126 11.9655
127 11.9655
128 11.9655
129 11.9655
130 11.9655
131 11.9655
132 11.9655
133 11.9655
134 11.9655
135 11.9655
136 11.9655
137 11.9655
138 11.9655
139 11.9655
140 11.9655
141 11.9655
142 11.9655
143 11.9655
144 11.9655
145 11.9655
146 11.9655
147 11.9655
148 11.9655
149 11.9655
150 11.9655
151 11.9655
152 11.9655
153 11.9655
154 11.9655
155 11.9655
156 11.9655
157 11.9655
158 11.9655
159 11.9655
160 11.9655
161 11.9655
162 11.9655
163 11.9655
164 11.9655
165 11.9655
166 11.9655
167 11.9655
168 11.9655
169 11.9655
170 11.9655
171 11.9655
172 11.9655
173 11.9655
174 11.9655
175 11.9655
176 11.9655
177 11.9655
178 11.9655
179 11.9655
180 11.9655
181 11.9655
182 11.9655
183 11.9655
184 11.9655
185 11.9655
186 11.9655
187 11.9655
188 11.9655
189 11.9655
190 11.9655
191 11.9655
192 11.9655
193 11.9655
194 11.9655
195 11.9655
196 11.9655
197 11.9655
198 11.9655
199 11.9655
200 11.9655
201 11.9655
202 11.9655
203 11.9655
204 11.9655
205 11.9655
206 11.9655
207 11.9655
208 11.9655
209 11.9655
210 11.9655
211 11.9655
212 11.9655
213 11.9655
214 11.9655
215 11.9655
216 11.9655
217 11.9655
218 11.9655
219 11.9655
220 11.9655
221 11.9655
222 11.9655
223 11.9655
224 11.9655
225 11.9655
226 11.9655
227 11.9655
228 11.9655
229 11.9655
230 11.9655
231 11.9655
232 11.9655
233 11.9655
234 11.9655
235 11.9655
236 11.9655
237 11.9655
238 11.9655
239 11.9655
240 11.9655
241 11.9655
242 11.9655
243 11.9655
244 11.9655
245 11.9655
246 11.9655
247 11.9655
248 11.9655
249 11.9655
250 11.991
251 11.0307
252 11.0307
253 12
254 11.195
255 12
256 11.0307
257 11.0307
258 12
259 11.195
260 11.991
261 11.991
262 11.2122
263 11.1999
264 11.2115
265 11.2192
266 11.2219
267 11.2192
268 11.2115
269 11.1999
270 11.2122
271 12
272 11.195
273 11.991
274 11.991
275 11.2122
276 11.2147
277 11.2341
278 11.2474
279 11.2543
280 11.2543
281 11.2474
282 11.2341
283 11.2147
284 11.2122
285 12
286 11.0596
287 11.0114
288 11.0114
289 11.0596
290 12
291 11.195
292 11.991
293 11.9655
294 11.9655
295 11.9655
296 11.9655
297 11.9655
298 11.9655
299 11.9655
300 11.9655
301 11.9655
302 11.9655
303 11.9655
304 11.9655
305 11.9655
306 11.9655
307 11.9655
308 11.9655
309 11.9655
310 11.9655
311 11.9655
312 11.9655
313 11.9655
314 11.9655
315 11.9655
316 11.9655
317 11.9655
318 11.9655
319 11.9655
320 11.9655
321 11.9655
322 11.9655
323 11.9655
324 11.9655
325 11.9655
326 11.9655
327 11.9655
328 11.9655
329 11.9655
330 11.9655
331 11.9655
332 11.9655
333 11.9655
334 11.9655
335 11.9655
336 11.9655
337 11.9655
338 11.9655
339 11.9655
340 11.9655
341 11.9655
342 11.9655
343 11.9655
344 11.9655
345 11.9655
346 11.9655
347 11.9655
348 11.9655
349 11.9655
350 11.9655
351 11.9655
352 11.9655
353 11.9655
354 11.9655
355 11.9655
356 11.9655
357 11.9655
358 11.9655
359 11.9655
360 11.9655
361 11.9655
362 11.9655
363 11.9655
364 11.9655
365 11.9655
366 11.9655
367 11.9655
368 11.9655
369 11.9655
370 11.9655
371 11.9655
372 11.9655
373 11.9655
374 11.9655
375 11.9655
376 11.9655
377 11.9655
378 11.9655
379 11.9655
380 11.9655
381 11.9655
382 11.9655
383 11.9655
384 11.9655
385 11.9655
386 11.9655
387 11.9655
388 11.9655
389 11.9655
390 11.9655
391 11.9655
392 11.9655
393 11.9655
394 11.9655
395 11.9655
396 11.9655
397 11.9655
398 11.9655
399 11.9655
400 11.9655
401 11.9655
402 11.9655
403 11.9655
404 11.9655
405 11.9655
406 11.9655
407 11.9655
408 11.9655
409 11.9655
410 11.9655
411 11.9655
412 11.9655
413 11.9655
414 11.9655
415 11.9655
416 11.9655
417 11.9655
418 11.9655
419 11.9655
420 11.9655
421 11.9655
422 11.9655
423 11.9655
424 11.9655
425 11.9655
426 11.9655
427 11.9655
428 11.9655
429 11.9655
430 11.9655
431 11.9655
432 11.9655
433 11.9655
434 11.9655
435 11.9655
436 11.9655
437 11.9655
438 11.9655
439 11.9655
440 11.9655
441 11.9655
442 11.9655
443 11.9655
444 11.9655
445 11.9655
446 11.9655
447 11.9655
448 11.9655
449 11.9655
450 11.9655
451 11.9655
452 11.9655
453 11.9655
454 11.9655
455 11.9655
456 11.9655
457 11.9655
458 11.9655
459 11.9655
460 11.9655
461 11.9655
462 11.9655
463 11.9655
464 11.9655
465 11.9655
466 11.9655
467 11.9655
468 11.9655
469 11.9655
470 11.9655
471 11.9655
472 11.9655
473 11.9655
474 11.9655
475 11.9655
476 11.9655
477 11.9655
478 11.9655
479 11.9655
480 11.9655
481 11.9655
482 11.9655
483 11.9655
484 11.9655
485 11.9655
486 11.9655
487 11.9655
488 11.9655
489 11.9655
490 11.9655
491 11.9655
492 11.9655
493 11.9655
494 11.9655
495 11.9655
496 11.9655
497 11.9655
498 11.9655
499 11.9655
500 11.9655
501 11.9655
502 11.9655
503 11.9655
504 11.9655
505 11.9655
506 11.9655
507 11.9655
508 11.9655
509 11.9655
510 11.9655
511 11.9655
512 11.9655
513 11.9655
514 11.9655
515 11.9655
516 11.9655
517 11.9655
518 11.9655
519 11.9655
520 11.9655
521 11.9655
522 11.9655
523 11.9655
524 11.9655
525 11.9655
526 11.9655
527 11.9655
528 11.9655
529 11.9655
530 11.9655
531 11.9655
532 11.9655
533 11.9655
534 11.9655
535 11.9655
536 11.9655
537 11.9655
538 11.9655
539 11.9655
540 11.9655
541 11.9655
542 11.9655
