1 11.941
2 11.941
3 11.941
4 11.941
5 11.941
6 11.941
7 11.941
8 11.941
9 11.941
10 11.941
11 11.941
12 11.941
13 11.941
14 11.941
15 11.941
16 11.941
17 11.941
18 11.941
19 11.941
20 11.941
21 11.941
22 11.941
23 11.941
24 11.941
25 11.941
26 11.941
27 11.941
28 11.941
29 11.941
30 11.941
31 11.941
32 11.941
33 11.941
34 11.941
35 11.941
36 11.941
37 11.941
38 11.941
39 11.941
40 11.941
41 11.941
42 11.941
43 11.941
44 11.941
45 11.941
46 11.941
47 11.941
48 11.941
49 11.941
50 11.941
51 11.941
52 11.941
53 11.941
54 11.941
55 11.941
56 11.941
57 11.941
58 11.941
59 11.941
60 11.941
61 11.941
62 11.941
63 11.941
64 11.941
65 11.941
66 11.941
67 11.941
68 11.941
69 11.941
70 11.941
71 11.941
72 11.941
73 11.941
74 11.941
75 11.941
76 11.941
77 11.941
78 11.941
79 11.941
80 11.941
81 11.941
82 11.941
83 11.941
84 11.941
85 11.941
86 11.941
87 11.941
88 11.941
89 11.941
90 11.941
91 11.941
92 11.941
93 11.941
94 11.941
95 11.941
96 11.941
97 11.941
98 11.941
99 11.941
100 11.941
101 11.941
102 11.941
103 11.941
104 11.941
105 11.941
106 11.941
107 11.941
108 11.941
109 11.941
110 11.941
111 11.941
112 11.941
113 11.941
114 11.941
115 11.941
116 11.941
117 11.941
118 11.941
119 11.941
120 11.941
121 11.941
122 11.941
123 11.941
124 11.941
125 11.941
126 11.941
127 11.941
128 11.941
129 11.941
130 11.941
131 11.941
132 11.941
133 11.941
134 11.941
135 11.941
136 11.941
137 11.941
138 11.941
139 11.941
140 11.941
141 11.941
142 11.941
143 11.941
144 11.941
145 11.941
146 11.941
147 11.941
148 11.941
149 11.941
150 11.941
151 11.941
152 11.941
153 11.941
154 11.941
155 11.941
156 11.941
157 11.941
158 11.941
159 11.941
160 11.941
161 11.941
162 11.941
163 11.941
164 11.941
165 11.941
166 11.941
167 11.941
168 11.941
169 11.941
170 11.941
171 11.941
172 11.941
173 11.941
174 11.941
175 11.941
176 11.941
177 11.941
178 11.941
179 11.941
180 11.941
181 11.941
182 11.941
183 11.941
184 11.941
185 11.941
186 11.941
187 11.941
188 11.941
189 11.941
190 11.941
191 11.941
192 11.941
193 11.941
194 11.941
195 11.941
196 11.941
197 11.941
198 11.941
199 11.941
200 11.941
201 11.941
202 11.941
203 11.941
204 11.941
205 11.941
206 11.941
207 11.941
208 11.941
209 11.941
210 11.941
211 11.941
212 11.941
213 11.941
214 11.941
215 11.941
216 11.941
217 11.941
218 11.941
219 11.941
220 11.941
221 11.941
222 11.941
223 11.941
224 11.941
225 11.941
226 11.941
227 11.941
228 11.941
229 11.941
230 11.941
231 11.941
232 11.941
233 11.941
234 11.941
235 11.941
236 11.941
237 11.941
238 11.941
239 11.941
240 11.941
241 11.941
242 11.941
243 11.941
244 11.941
245 11.941
246 11.941
247 11.941
248 11.941
249 11.941
250 11.96
251 11.1758
252 11.2245
253 11.9774
254 11.4454
255 11.9774
256 11.2669
257 11.2669
258 11.9774
259 11.3356
260 11.9462
261 11.9812
262 11.1495
263 11.109
264 11.0944
265 11.0859
266 11.0864
267 11.0859
268 11.0944
269 11.1214
270 11.1895
271 11.9873
272 11.3356
273 11.9462
274 11.9812
275 11.1709
276 11.1355
277 11.1249
278 11.1196
279 11.1217
280 11.1217
281 11.1196
282 11.1249
283 11.1472
284 11.2264
285 12
286 11.1573
287 11.0409
288 11.0409
289 11.1274
290 11.9873
291 11.3356
292 11.9462
293 11.941
294 11.941
295 11.941
296 11.941
297 11.941
298 11.941
299 11.941
300 11.941
301 11.941
302 11.941
303 11.941
304 11.941
305 11.941
306 11.941
307 11.941
308 11.941
309 11.941
310 11.941
311 11.941
312 11.941
313 11.941
314 11.941
315 11.941
316 11.941
317 11.941
318 11.941
319 11.941
320 11.941
321 11.941
322 11.941
323 11.941
324 11.941
325 11.941
326 11.941
327 11.941
328 11.941
329 11.941
330 11.941
331 11.941
332 11.941
333 11.941
334 11.941
335 11.941
336 11.941
337 11.941
338 11.941
339 11.941
340 11.941
341 11.941
342 11.941
343 11.941
344 11.941
345 11.941
346 11.941
347 11.941
348 11.941
349 11.941
350 11.941
351 11.941
352 11.941
353 11.941
354 11.941
355 11.941
356 11.941
357 11.941
358 11.941
359 11.941
360 11.941
361 11.941
362 11.941
363 11.941
364 11.941
365 11.941
366 11.941
367 11.941
368 11.941
369 11.941
370 11.941
371 11.941
372 11.941
373 11.941
374 11.941
375 11.941
376 11.941
377 11.941
378 11.941
379 11.941
380 11.941
381 11.941
382 11.941
383 11.941
384 11.941
385 11.941
386 11.941
387 11.941
388 11.941
389 11.941
390 11.941
391 11.941
392 11.941
393 11.941
394 11.941
395 11.941
396 11.941
397 11.941
398 11.941
399 11.941
400 11.941
401 11.941
402 11.941
403 11.941
404 11.941
405 11.941
406 11.941
407 11.941
408 11.941
409 11.941
410 11.941
411 11.941
412 11.941
413 11.941
414 11.941
415 11.941
416 11.941
417 11.941
418 11.941
419 11.941
420 11.941
421 11.941
422 11.941
423 11.941
424 11.941
425 11.941
426 11.941
427 11.941
428 11.941
429 11.941
430 11.941
431 11.941
432 11.941
433 11.941
434 11.941
435 11.941
436 11.941
437 11.941
438 11.941
439 11.941
440 11.941
441 11.941
442 11.941
443 11.941
444 11.941
445 11.941
446 11.941
447 11.941
448 11.941
449 11.941
450 11.941
451 11.941
452 11.941
453 11.941
454 11.941
455 11.941
456 11.941
457 11.941
458 11.941
459 11.941
460 11.941
461 11.941
462 11.941
463 11.941
464 11.941
465 11.941
466 11.941
467 11.941
468 11.941
469 11.941
470 11.941
471 11.941
472 11.941
473 11.941
474 11.941
475 11.941
476 11.941
477 11.941
478 11.941
479 11.941
480 11.941
481 11.941
482 11.941
483 11.941
484 11.941
485 11.941
486 11.941
487 11.941
488 11.941
489 11.941
490 11.941
491 11.941
492 11.941
493 11.941
494 11.941
495 11.941
496 11.941
497 11.941
498 11.941
499 11.941
500 11.941
501 11.941
502 11.941
503 11.941
504 11.941
505 11.941
506 11.941
507 11.941
508 11.941
509 11.941
510 11.941
511 11.941
512 11.941
513 11.941
514 11.941
515 11.941
516 11.941
517 11.941
518 11.941
519 11.941
520 11.941
521 11.941
522 11.941
523 11.941
524 11.941
525 11.941
526 11.941
527 11.941
528 11.941
529 11.941
530 11.941
531 11.941
532 11.941
533 11.941
534 11.941
535 11.941
536 11.941
537 11.941
538 11.941
539 11.941
540 11.941
541 11.941
542 11.941
