1 11.992
2 11.992
3 11.992
4 11.992
5 11.992
6 11.992
7 11.992
8 11.992
9 11.992
10 11.992
11 11.992
12 11.992
13 11.992
14 11.992
15 11.992
16 11.992
17 11.992
18 11.992
19 11.992
20 11.992
21 11.992
22 11.992
23 11.992
24 11.992
25 11.992
26 11.992
27 11.992
28 11.992
29 11.992
30 11.992
31 11.992
32 11.992
33 11.992
34 11.992
35 11.992
36 11.992
37 11.992
38 11.992
39 11.992
40 11.992
41 11.992
42 11.992
43 11.992
44 11.992
45 11.992
46 11.992
47 11.992
48 11.992
49 11.992
50 11.992
51 11.992
52 11.992
53 11.992
54 11.992
55 11.992
56 11.992
57 11.992
58 11.992
59 11.992
60 11.992
61 11.992
62 11.992
63 11.992
64 11.992
65 11.992
66 11.992
67 11.992
68 11.992
69 11.992
70 11.992
71 11.992
72 11.992
73 11.992
74 11.992
75 11.992
76 11.992
77 11.992
78 11.992
79 11.992
80 11.992
81 11.992
82 11.992
83 11.992
84 11.992
85 11.992
86 11.992
87 11.992
88 11.992
89 11.992
90 11.992
91 11.992
92 11.992
93 11.992
94 11.992
95 11.992
96 11.992
97 11.992
98 11.992
99 11.992
100 11.992
101 11.992
102 11.992
103 11.992
104 11.992
105 11.992
106 11.992
107 11.992
108 11.992
109 11.992
110 11.992
111 11.992
112 11.992
113 11.992
114 11.992
115 11.992
116 11.992
117 11.992
118 11.992
119 11.992
120 11.992
121 11.992
122 11.992
123 11.992
124 11.992
125 11.992
126 11.992
127 11.992
128 11.992
129 11.992
130 11.992
131 11.992
132 11.992
133 11.992
134 11.992
135 11.992
136 11.992
137 11.992
138 11.992
139 11.992
140 11.992
141 11.992
142 11.992
143 11.992
144 11.992
145 11.992
146 11.992
147 11.992
148 11.992
149 11.992
150 11.992
151 11.992
152 11.992
153 11.992
154 11.992
155 11.992
156 11.992
157 11.992
158 11.992
159 11.992
160 11.992
161 11.992
162 11.992
163 11.992
164 11.992
165 11.992
166 11.992
167 11.992
168 11.992
169 11.992
170 11.992
171 11.992
172 11.992
173 11.992
174 11.992
175 11.992
176 11.992
177 11.992
178 11.992
179 11.992
180 11.992
181 11.992
182 11.992
183 11.992
184 11.992
185 11.992
186 11.992
187 11.992
188 11.992
189 11.992
190 11.992
191 11.992
192 11.992
193 11.992
194 11.992
195 11.992
196 11.992
197 11.992
198 11.992
199 11.992
200 11.992
201 11.992
202 11.992
203 11.992
204 11.992
205 11.992
206 11.992
207 11.992
208 11.992
209 11.992
210 11.992
211 11.992
212 11.992
213 11.992
214 11.992
215 11.992
216 11.992
217 11.992
218 11.992
219 11.992
220 11.992
221 11.992
222 11.992
223 11.992
224 11.992
225 11.992
226 11.992
227 11.992
228 11.992
229 11.992
230 11.9946
231 11.833
232 11.3043
233 10.6012
234 9.88385
235 9.18834
236 8.51609
237 7.86635
238 7.23819
239 6.63187
240 6.04787
241 5.48673
242 4.94902
243 4.43525
244 3.94594
245 3.48156
246 3.04257
247 2.62939
248 2.24244
249 1.88212
250 1.54877
251 1.24266
252 1.2835
253 1.31776
254 1.35517
255 1.37372
256 1.39585
257 1.40417
258 1.4068
259 1.40987
260 1.41072
261 1.41166
262 1.41269
263 1.41293
264 1.41299
265 1.413
266 1.413
267 1.41301
268 1.41301
269 1.41301
270 1.41301
271 1.41301
272 1.41301
273 1.413
274 1.413
275 1.41301
276 1.41301
277 1.41301
278 1.41301
279 1.413
280 1.413
281 1.41299
282 1.41295
283 1.41276
284 1.41203
285 1.4095
286 1.40741
287 1.401
288 1.38406
289 1.35068
290 1.34579
291 1.308
292 1.63412
293 1.98975
294 2.37436
295 2.78722
296 3.2274
297 3.69375
298 4.18482
299 4.69872
300 5.23304
301 5.78466
302 6.34975
303 6.92383
304 7.50219
305 8.08042
306 8.65519
307 9.22533
308 9.79114
309 10.3535
310 10.9105
311 11.4292
312 11.8156
313 11.9796
314 12
315 11.992
316 11.992
317 11.992
318 11.992
319 11.992
320 11.992
321 11.992
322 11.992
323 11.992
324 11.992
325 11.992
326 11.992
327 11.992
328 11.992
329 11.992
330 11.992
331 11.992
332 11.992
333 11.992
334 11.992
335 11.992
336 11.992
337 11.992
338 11.992
339 11.992
340 11.992
341 11.992
342 11.992
343 11.992
344 11.992
345 11.992
346 11.992
347 11.992
348 11.992
349 11.992
350 11.992
351 11.992
352 11.992
353 11.992
354 11.992
355 11.992
356 11.992
357 11.992
358 11.992
359 11.992
360 11.992
361 11.992
362 11.992
363 11.992
364 11.992
365 11.992
366 11.992
367 11.992
368 11.992
369 11.992
370 11.992
371 11.992
372 11.992
373 11.992
374 11.992
375 11.992
376 11.992
377 11.992
378 11.992
379 11.992
380 11.992
381 11.992
382 11.992
383 11.992
384 11.992
385 11.992
386 11.992
387 11.992
388 11.992
389 11.992
390 11.992
391 11.992
392 11.992
393 11.992
394 11.992
395 11.992
396 11.992
397 11.992
398 11.992
399 11.992
400 11.992
401 11.992
402 11.992
403 11.992
404 11.992
405 11.992
406 11.992
407 11.992
408 11.992
409 11.992
410 11.992
411 11.992
412 11.992
413 11.992
414 11.992
415 11.992
416 11.992
417 11.992
418 11.992
419 11.992
420 11.992
421 11.992
422 11.992
423 11.992
424 11.992
425 11.992
426 11.992
427 11.992
428 11.992
429 11.992
430 11.992
431 11.992
432 11.992
433 11.992
434 11.992
435 11.992
436 11.992
437 11.992
438 11.992
439 11.992
440 11.992
441 11.992
442 11.992
443 11.992
444 11.992
445 11.992
446 11.992
447 11.992
448 11.992
449 11.992
450 11.992
451 11.992
452 11.992
453 11.992
454 11.992
455 11.992
456 11.992
457 11.992
458 11.992
459 11.992
460 11.992
461 11.992
462 11.992
463 11.992
464 11.992
465 11.992
466 11.992
467 11.992
468 11.992
469 11.992
470 11.992
471 11.992
472 11.992
473 11.992
474 11.992
475 11.992
476 11.992
477 11.992
478 11.992
479 11.992
480 11.992
481 11.992
482 11.992
483 11.992
484 11.992
485 11.992
486 11.992
487 11.992
488 11.992
489 11.992
490 11.992
491 11.992
492 11.992
493 11.992
494 11.992
495 11.992
496 11.992
497 11.992
498 11.992
499 11.992
500 11.992
501 11.992
502 11.992
503 11.992
504 11.992
505 11.992
506 11.992
507 11.992
508 11.992
509 11.992
510 11.992
511 11.992
512 11.992
513 11.992
514 11.992
515 11.992
516 11.992
517 11.992
518 11.992
519 11.992
520 11.992
521 11.992
522 11.992
523 11.992
524 11.992
525 11.992
526 11.992
527 11.992
528 11.992
529 11.992
530 11.992
531 11.992
532 11.992
533 11.992
534 11.992
535 11.992
536 11.992
537 11.992
538 11.992
539 11.992
540 11.992
541 11.992
542 11.992
