1 11.8361
2 11.8361
3 11.8361
4 11.8361
5 11.8361
6 11.8361
7 11.8361
8 11.8361
9 11.8361
10 11.8361
11 11.8361
12 11.8361
13 11.8361
14 11.8361
15 11.8361
16 11.8361
17 11.8361
18 11.8361
19 11.8361
20 11.8361
21 11.8361
22 11.8361
23 11.8361
24 11.8361
25 11.8361
26 11.8361
27 11.8361
28 11.8361
29 11.8361
30 11.8361
31 11.8361
32 11.8361
33 11.8361
34 11.8361
35 11.8361
36 11.8361
37 11.8361
38 11.8361
39 11.8361
40 11.8361
41 11.8361
42 11.8361
43 11.8361
44 11.8361
45 11.8361
46 11.8361
47 11.8361
48 11.8361
49 11.8361
50 11.8361
51 11.8361
52 11.8361
53 11.8361
54 11.8361
55 11.8361
56 11.8361
57 11.8361
58 11.8361
59 11.8361
60 11.8361
61 11.8361
62 11.8361
63 11.8361
64 11.8361
65 11.8361
66 11.8361
67 11.8361
68 11.8361
69 11.8361
70 11.8361
71 11.8361
72 11.8361
73 11.8361
74 11.8361
75 11.8361
76 11.8361
77 11.8361
78 11.8361
79 11.8361
80 11.8361
81 11.8361
82 11.8361
83 11.8361
84 11.8361
85 11.8361
86 11.8361
87 11.8361
88 11.8361
89 11.8361
90 11.8361
91 11.8361
92 11.8361
93 11.8361
94 11.8361
95 11.8361
96 11.8361
97 11.8361
98 11.8361
99 11.8361
100 11.8361
101 11.8361
102 11.8361
103 11.8361
104 11.8361
105 11.8361
106 11.8361
107 11.8361
108 11.8361
109 11.8361
110 11.8361
111 11.8361
112 11.8361
113 11.8361
114 11.8361
115 11.8361
116 11.8361
117 11.8361
118 11.8361
119 11.8361
120 11.8361
121 11.8361
122 11.8361
123 11.8361
124 11.8361
125 11.8361
126 11.8361
127 11.8361
128 11.8361
129 11.8361
130 11.8361
131 11.8361
132 11.8361
133 11.8361
134 11.8361
135 11.8361
136 11.8361
137 11.8361
138 11.8361
139 11.8361
140 11.8361
141 11.8361
142 11.8361
143 11.8361
144 11.8361
145 11.8361
146 11.8361
147 11.8361
148 11.8361
149 11.8361
150 11.8361
151 11.8361
152 11.8361
153 11.8361
154 11.8361
155 11.8361
156 11.8361
157 11.8361
158 11.8361
159 11.8361
160 11.8361
161 11.8361
162 11.8361
163 11.8361
164 11.8361
165 11.8361
166 11.8361
167 11.8361
168 11.8361
169 11.8361
170 11.8361
171 11.8361
172 11.8361
173 11.8361
174 11.8361
175 11.8361
176 11.8361
177 11.8361
178 11.8361
179 11.8361
180 11.8361
181 11.8361
182 11.8361
183 11.8361
184 11.8361
185 11.8361
186 11.8361
187 11.8361
188 11.8361
189 11.8361
190 11.8361
191 11.8361
192 11.8361
193 11.8361
194 11.8361
195 11.8361
196 11.8361
197 11.8361
198 11.8361
199 11.8361
200 11.8361
201 11.8361
202 11.8361
203 11.8361
204 11.8361
205 11.8361
206 11.8361
207 11.8361
208 11.8361
209 11.8361
210 11.8361
211 11.8361
212 11.8361
213 11.8361
214 11.8361
215 11.8361
216 11.8361
217 11.8361
218 11.8361
219 11.8361
220 11.8361
221 11.8361
222 11.8361
223 11.8361
224 11.8361
225 11.8361
226 11.8361
227 11.8361
228 11.8361
229 11.8361
230 11.8361
231 11.8361
232 11.8361
233 11.8361
234 11.8361
235 11.8361
236 11.8361
237 11.8361
238 11.8361
239 11.8361
240 11.8361
241 11.8361
242 11.8361
243 11.8361
244 11.8361
245 11.8361
246 11.8361
247 11.8361
248 11.8361
249 12
250 11.639
251 11.049
252 11.1075
253 11.5111
254 11.3329
255 11.5299
256 11.1797
257 11.1982
258 11.651
259 11.4659
260 11.6083
261 10.9156
262 9.93087
263 9.8338
264 9.81481
265 9.81596
266 9.82126
267 9.82828
268 9.84151
269 9.8785
270 10.0017
271 10.7394
272 10.9326
273 11.6148
274 10.9563
275 9.91446
276 9.80485
277 9.77969
278 9.77838
279 9.78621
280 9.79989
281 9.81998
282 9.85381
283 9.91785
284 10.0561
285 10.4525
286 10.4353
287 10.4453
288 10.4812
289 10.5836
290 11.2251
291 11.1989
292 11.8442
293 11.9817
294 11.8361
295 11.8361
296 11.8361
297 11.8361
298 11.8361
299 11.8361
300 11.8361
301 11.8361
302 11.8361
303 11.8361
304 11.8361
305 11.8361
306 11.8361
307 11.8361
308 11.8361
309 11.8361
310 11.8361
311 11.8361
312 11.8361
313 11.8361
314 11.8361
315 11.8361
316 11.8361
317 11.8361
318 11.8361
319 11.8361
320 11.8361
321 11.8361
322 11.8361
323 11.8361
324 11.8361
325 11.8361
326 11.8361
327 11.8361
328 11.8361
329 11.8361
330 11.8361
331 11.8361
332 11.8361
333 11.8361
334 11.8361
335 11.8361
336 11.8361
337 11.8361
338 11.8361
339 11.8361
340 11.8361
341 11.8361
342 11.8361
343 11.8361
344 11.8361
345 11.8361
346 11.8361
347 11.8361
348 11.8361
349 11.8361
350 11.8361
351 11.8361
352 11.8361
353 11.8361
354 11.8361
355 11.8361
356 11.8361
357 11.8361
358 11.8361
359 11.8361
360 11.8361
361 11.8361
362 11.8361
363 11.8361
364 11.8361
365 11.8361
366 11.8361
367 11.8361
368 11.8361
369 11.8361
370 11.8361
371 11.8361
372 11.8361
373 11.8361
374 11.8361
375 11.8361
376 11.8361
377 11.8361
378 11.8361
379 11.8361
380 11.8361
381 11.8361
382 11.8361
383 11.8361
384 11.8361
385 11.8361
386 11.8361
387 11.8361
388 11.8361
389 11.8361
390 11.8361
391 11.8361
392 11.8361
393 11.8361
394 11.8361
395 11.8361
396 11.8361
397 11.8361
398 11.8361
399 11.8361
400 11.8361
401 11.8361
402 11.8361
403 11.8361
404 11.8361
405 11.8361
406 11.8361
407 11.8361
408 11.8361
409 11.8361
410 11.8361
411 11.8361
412 11.8361
413 11.8361
414 11.8361
415 11.8361
416 11.8361
417 11.8361
418 11.8361
419 11.8361
420 11.8361
421 11.8361
422 11.8361
423 11.8361
424 11.8361
425 11.8361
426 11.8361
427 11.8361
428 11.8361
429 11.8361
430 11.8361
431 11.8361
432 11.8361
433 11.8361
434 11.8361
435 11.8361
436 11.8361
437 11.8361
438 11.8361
439 11.8361
440 11.8361
441 11.8361
442 11.8361
443 11.8361
444 11.8361
445 11.8361
446 11.8361
447 11.8361
448 11.8361
449 11.8361
450 11.8361
451 11.8361
452 11.8361
453 11.8361
454 11.8361
455 11.8361
456 11.8361
457 11.8361
458 11.8361
459 11.8361
460 11.8361
461 11.8361
462 11.8361
463 11.8361
464 11.8361
465 11.8361
466 11.8361
467 11.8361
468 11.8361
469 11.8361
470 11.8361
471 11.8361
472 11.8361
473 11.8361
474 11.8361
475 11.8361
476 11.8361
477 11.8361
478 11.8361
479 11.8361
480 11.8361
481 11.8361
482 11.8361
483 11.8361
484 11.8361
485 11.8361
486 11.8361
487 11.8361
488 11.8361
489 11.8361
490 11.8361
491 11.8361
492 11.8361
493 11.8361
494 11.8361
495 11.8361
496 11.8361
497 11.8361
498 11.8361
499 11.8361
500 11.8361
501 11.8361
502 11.8361
503 11.8361
504 11.8361
505 11.8361
506 11.8361
507 11.8361
508 11.8361
509 11.8361
510 11.8361
511 11.8361
512 11.8361
513 11.8361
514 11.8361
515 11.8361
516 11.8361
517 11.8361
518 11.8361
519 11.8361
520 11.8361
521 11.8361
522 11.8361
523 11.8361
524 11.8361
525 11.8361
526 11.8361
527 11.8361
528 11.8361
529 11.8361
530 11.8361
531 11.8361
532 11.8361
533 11.8361
534 11.8361
535 11.8361
536 11.8361
537 11.8361
538 11.8361
539 11.8361
540 11.8361
541 11.8361
542 11.8361
