1 11.9972
2 11.9972
3 11.9972
4 11.9972
5 11.9972
6 11.9972
7 11.9972
8 11.9972
9 11.9972
10 11.9972
11 11.9972
12 11.9972
13 11.9972
14 11.9972
15 11.9972
16 11.9972
17 11.9972
18 11.9972
19 11.9972
20 11.9972
21 11.9972
22 11.9972
23 11.9972
24 11.9972
25 11.9972
26 11.9972
27 11.9972
28 11.9972
29 11.9972
30 11.9972
31 11.9972
32 11.9972
33 11.9972
34 11.9972
35 11.9972
36 11.9972
37 11.9972
38 11.9972
39 11.9972
40 11.9972
41 11.9972
42 11.9972
43 11.9972
44 11.9972
45 11.9972
46 11.9972
47 11.9972
48 11.9972
49 11.9972
50 11.9972
51 11.9972
52 11.9972
53 11.9972
54 11.9972
55 11.9972
56 11.9972
57 11.9972
58 11.9972
59 11.9972
60 11.9972
61 11.9972
62 11.9972
63 11.9972
64 11.9972
65 11.9972
66 11.9972
67 11.9972
68 11.9972
69 11.9972
70 11.9972
71 11.9972
72 11.9972
73 11.9972
74 11.9972
75 11.9972
76 11.9972
77 11.9972
78 11.9972
79 11.9972
80 11.9972
81 11.9972
82 11.9972
83 11.9972
84 11.9972
85 11.9972
86 11.9972
87 11.9972
88 11.9972
89 11.9972
90 11.9972
91 11.9972
92 11.9972
93 11.9972
94 11.9972
95 11.9972
96 11.9972
97 11.9972
98 11.9972
99 11.9972
100 11.9972
101 11.9972
102 11.9972
103 11.9972
104 11.9972
105 11.9972
106 11.9972
107 11.9972
108 11.9972
109 11.9972
110 11.9972
111 11.9972
112 11.9972
113 11.9972
114 11.9972
115 11.9972
116 11.9972
117 11.9972
118 11.9972
119 11.9972
120 11.9972
121 11.9972
122 11.9972
123 11.9972
124 11.9972
125 11.9972
126 11.9972
127 11.9972
128 11.9972
129 11.9972
130 11.9972
131 11.9972
132 11.9972
133 11.9972
134 11.9972
135 11.9972
136 11.9972
137 11.9972
138 11.9972
139 11.9972
140 11.9972
141 11.9972
142 11.9972
143 11.9972
144 11.9972
145 11.9972
146 11.9972
147 11.9972
148 11.9972
149 11.9972
150 11.9972
151 11.9972
152 11.9972
153 11.9972
154 11.9972
155 11.9972
156 11.9972
157 11.9972
158 11.9972
159 11.9972
160 11.9972
161 11.9972
162 11.9972
163 11.9972
164 11.9972
165 11.9972
166 11.9972
167 11.9972
168 11.9972
169 11.9972
170 11.9972
171 11.9972
172 11.9972
173 11.9972
174 11.9972
175 11.9972
176 11.9972
177 11.9972
178 11.9972
179 11.9972
180 11.9972
181 11.9972
182 11.9972
183 11.9972
184 11.9972
185 11.9972
186 11.9972
187 11.9972
188 11.9972
189 11.9972
190 11.9972
191 11.9972
192 11.9972
193 11.9972
194 11.9972
195 11.9972
196 11.9972
197 11.9972
198 11.9972
199 11.9972
200 11.9972
201 11.9972
202 11.9972
203 11.9972
204 11.9972
205 11.9972
206 11.9972
207 11.9972
208 11.9972
209 11.9972
210 11.9972
211 11.9972
212 11.9972
213 11.9972
214 11.9972
215 11.9972
216 11.9972
217 11.9972
218 11.9972
219 11.9972
220 11.9972
221 11.9972
222 11.9972
223 11.9972
224 11.9972
225 11.9972
226 11.9972
227 11.9972
228 11.9972
229 11.9972
230 11.9972
231 11.9972
232 11.9972
233 11.9972
234 11.9972
235 11.9972
236 11.9972
237 11.9972
238 11.9972
239 11.9972
240 12
241 11.5699
242 10.8663
243 10.0339
244 9.14401
245 8.23261
246 7.32111
247 6.42069
248 5.53593
249 4.66792
250 3.81613
251 2.97965
252 2.95375
253 2.9864
254 2.73631
255 2.7102
256 2.367
257 2.32301
258 2.33535
259 2.20045
260 2.18988
261 2.01433
262 1.54333
263 1.49623
264 1.51062
265 1.53063
266 1.54504
267 1.55343
268 1.55773
269 1.55972
270 1.56053
271 1.56075
272 1.56122
273 1.56124
274 1.56142
275 1.56178
276 1.56177
277 1.56152
278 1.56091
279 1.55962
280 1.55705
281 1.55209
282 1.54293
283 1.52678
284 1.5001
285 1.46047
286 1.43403
287 1.39444
288 1.34489
289 1.31596
290 1.54243
291 1.51574
292 2.16933
293 2.85114
294 3.56194
295 4.3022
296 5.07214
297 5.87146
298 6.69874
299 7.55024
300 8.41792
301 9.28652
302 10.132
303 10.9172
304 11.576
305 11.9875
306 11.9972
307 11.9972
308 11.9972
309 11.9972
310 11.9972
311 11.9972
312 11.9972
313 11.9972
314 11.9972
315 11.9972
316 11.9972
317 11.9972
318 11.9972
319 11.9972
320 11.9972
321 11.9972
322 11.9972
323 11.9972
324 11.9972
325 11.9972
326 11.9972
327 11.9972
328 11.9972
329 11.9972
330 11.9972
331 11.9972
332 11.9972
333 11.9972
334 11.9972
335 11.9972
336 11.9972
337 11.9972
338 11.9972
339 11.9972
340 11.9972
341 11.9972
342 11.9972
343 11.9972
344 11.9972
345 11.9972
346 11.9972
347 11.9972
348 11.9972
349 11.9972
350 11.9972
351 11.9972
352 11.9972
353 11.9972
354 11.9972
355 11.9972
356 11.9972
357 11.9972
358 11.9972
359 11.9972
360 11.9972
361 11.9972
362 11.9972
363 11.9972
364 11.9972
365 11.9972
366 11.9972
367 11.9972
368 11.9972
369 11.9972
370 11.9972
371 11.9972
372 11.9972
373 11.9972
374 11.9972
375 11.9972
376 11.9972
377 11.9972
378 11.9972
379 11.9972
380 11.9972
381 11.9972
382 11.9972
383 11.9972
384 11.9972
385 11.9972
386 11.9972
387 11.9972
388 11.9972
389 11.9972
390 11.9972
391 11.9972
392 11.9972
393 11.9972
394 11.9972
395 11.9972
396 11.9972
397 11.9972
398 11.9972
399 11.9972
400 11.9972
401 11.9972
402 11.9972
403 11.9972
404 11.9972
405 11.9972
406 11.9972
407 11.9972
408 11.9972
409 11.9972
410 11.9972
411 11.9972
412 11.9972
413 11.9972
414 11.9972
415 11.9972
416 11.9972
417 11.9972
418 11.9972
419 11.9972
420 11.9972
421 11.9972
422 11.9972
423 11.9972
424 11.9972
425 11.9972
426 11.9972
427 11.9972
428 11.9972
429 11.9972
430 11.9972
431 11.9972
432 11.9972
433 11.9972
434 11.9972
435 11.9972
436 11.9972
437 11.9972
438 11.9972
439 11.9972
440 11.9972
441 11.9972
442 11.9972
443 11.9972
444 11.9972
445 11.9972
446 11.9972
447 11.9972
448 11.9972
449 11.9972
450 11.9972
451 11.9972
452 11.9972
453 11.9972
454 11.9972
455 11.9972
456 11.9972
457 11.9972
458 11.9972
459 11.9972
460 11.9972
461 11.9972
462 11.9972
463 11.9972
464 11.9972
465 11.9972
466 11.9972
467 11.9972
468 11.9972
469 11.9972
470 11.9972
471 11.9972
472 11.9972
473 11.9972
474 11.9972
475 11.9972
476 11.9972
477 11.9972
478 11.9972
479 11.9972
480 11.9972
481 11.9972
482 11.9972
483 11.9972
484 11.9972
485 11.9972
486 11.9972
487 11.9972
488 11.9972
489 11.9972
490 11.9972
491 11.9972
492 11.9972
493 11.9972
494 11.9972
495 11.9972
496 11.9972
497 11.9972
498 11.9972
499 11.9972
500 11.9972
501 11.9972
502 11.9972
503 11.9972
504 11.9972
505 11.9972
506 11.9972
507 11.9972
508 11.9972
509 11.9972
510 11.9972
511 11.9972
512 11.9972
513 11.9972
514 11.9972
515 11.9972
516 11.9972
517 11.9972
518 11.9972
519 11.9972
520 11.9972
521 11.9972
522 11.9972
523 11.9972
524 11.9972
525 11.9972
526 11.9972
527 11.9972
528 11.9972
529 11.9972
530 11.9972
531 11.9972
532 11.9972
533 11.9972
534 11.9972
535 11.9972
536 11.9972
537 11.9972
538 11.9972
539 11.9972
540 11.9972
541 11.9972
542 11.9972
