1 11.7821
2 11.7821
3 11.7821
4 11.7821
5 11.7821
6 11.7821
7 11.7821
8 11.7821
9 11.7821
10 11.7821
11 11.7821
12 11.7821
13 11.7821
14 11.7821
15 11.7821
16 11.7821
17 11.7821
18 11.7821
19 11.7821
20 11.7821
21 11.7821
22 11.7821
23 11.7821
24 11.7821
25 11.7821
26 11.7821
27 11.7821
28 11.7821
29 11.7821
30 11.7821
31 11.7821
32 11.7821
33 11.7821
34 11.7821
35 11.7821
36 11.7821
37 11.7821
38 11.7821
39 11.7821
40 11.7821
41 11.7821
42 11.7821
43 11.7821
44 11.7821
45 11.7821
46 11.7821
47 11.7821
48 11.7821
49 11.7821
50 11.7821
51 11.7821
52 11.7821
53 11.7821
54 11.7821
55 11.7821
56 11.7821
57 11.7821
58 11.7821
59 11.7821
60 11.7821
61 11.7821
62 11.7821
63 11.7821
64 11.7821
65 11.7821
66 11.7821
67 11.7821
68 11.7821
69 11.7821
70 11.7821
71 11.7821
72 11.7821
73 11.7821
74 11.7821
75 11.7821
76 11.7821
77 11.7821
78 11.7821
79 11.7821
80 11.7821
81 11.7821
82 11.7821
83 11.7821
84 11.7821
85 11.7821
86 11.7821
87 11.7821
88 11.7821
89 11.7821
90 11.7821
91 11.7821
92 11.7821
93 11.7821
94 11.7821
95 11.7821
96 11.7821
97 11.7821
98 11.7821
99 11.7821
100 11.7821
101 11.7821
102 11.7821
103 11.7821
104 11.7821
105 11.7821
106 11.7821
107 11.7821
108 11.7821
109 11.7821
110 11.7821
111 11.7821
112 11.7821
113 11.7821
114 11.7821
115 11.7821
116 11.7821
117 11.7821
118 11.7821
119 11.7821
120 11.7821
121 11.7821
122 11.7821
123 11.7821
124 11.7821
125 11.7821
126 11.7821
127 11.7821
128 11.7821
129 11.7821
130 11.7821
131 11.7821
132 11.7821
133 11.7821
134 11.7821
135 11.7821
136 11.7821
137 11.7821
138 11.7821
139 11.7821
140 11.7821
141 11.7821
142 11.7821
143 11.7821
144 11.7821
145 11.7821
146 11.7821
147 11.7821
148 11.7821
149 11.7821
150 11.7821
151 11.7821
152 11.7821
153 11.7821
154 11.7821
155 11.7821
156 11.7821
157 11.7821
158 11.7821
159 11.7821
160 11.7821
161 11.7821
162 11.7821
163 11.7821
164 11.7821
165 11.7821
166 11.7821
167 11.7821
168 11.7821
169 11.7821
170 11.7821
171 11.7821
172 11.7821
173 11.7821
174 11.7821
175 11.7821
176 11.7821
177 11.7821
178 11.7821
179 11.7821
180 11.7821
181 11.7821
182 11.7821
183 11.7821
184 11.7821
185 11.7821
186 11.7821
187 11.7821
188 11.7821
189 11.7821
190 11.7821
191 11.7821
192 11.7821
193 11.7821
194 11.7821
195 11.7821
196 11.7821
197 11.7821
198 11.7821
199 11.7821
200 11.7821
201 11.7821
202 11.7821
203 11.7821
204 11.7821
205 11.7821
206 11.7821
207 11.7821
208 11.7821
209 11.7821
210 11.7821
211 11.7821
212 11.7821
213 11.7821
214 11.7821
215 11.7821
216 11.7821
217 11.7821
218 11.7821
219 11.7821
220 11.7821
221 11.7821
222 11.7821
223 11.7821
224 11.7821
225 11.7821
226 11.7821
227 11.7821
228 11.7821
229 11.7821
230 11.7821
231 11.7821
232 11.7821
233 11.7821
234 11.7821
235 11.7821
236 11.7821
237 11.7821
238 11.7821
239 11.7821
240 11.7821
241 11.7821
242 11.7821
243 11.7821
244 11.7821
245 11.7821
246 11.7821
247 11.7821
248 11.7821
249 11.9195
250 11.5731
251 11.0023
252 11.0591
253 11.378
254 11.2405
255 11.387
256 11.1581
257 11.205
258 11.5261
259 11.1974
260 11.1464
261 10.4705
262 9.52096
263 9.43781
264 9.43445
265 9.4484
266 9.46373
267 9.47763
268 9.49679
269 9.54347
270 9.69149
271 10.451
272 10.6658
273 11.2384
274 10.6631
275 9.54336
276 9.39773
277 9.36193
278 9.35648
279 9.36018
280 9.36619
281 9.37438
282 9.39057
283 9.42982
284 9.53121
285 9.83887
286 9.84652
287 9.87012
288 9.9184
289 10.0394
290 10.7295
291 10.784
292 11.5745
293 12
294 11.7821
295 11.7821
296 11.7821
297 11.7821
298 11.7821
299 11.7821
300 11.7821
301 11.7821
302 11.7821
303 11.7821
304 11.7821
305 11.7821
306 11.7821
307 11.7821
308 11.7821
309 11.7821
310 11.7821
311 11.7821
312 11.7821
313 11.7821
314 11.7821
315 11.7821
316 11.7821
317 11.7821
318 11.7821
319 11.7821
320 11.7821
321 11.7821
322 11.7821
323 11.7821
324 11.7821
325 11.7821
326 11.7821
327 11.7821
328 11.7821
329 11.7821
330 11.7821
331 11.7821
332 11.7821
333 11.7821
334 11.7821
335 11.7821
336 11.7821
337 11.7821
338 11.7821
339 11.7821
340 11.7821
341 11.7821
342 11.7821
343 11.7821
344 11.7821
345 11.7821
346 11.7821
347 11.7821
348 11.7821
349 11.7821
350 11.7821
351 11.7821
352 11.7821
353 11.7821
354 11.7821
355 11.7821
356 11.7821
357 11.7821
358 11.7821
359 11.7821
360 11.7821
361 11.7821
362 11.7821
363 11.7821
364 11.7821
365 11.7821
366 11.7821
367 11.7821
368 11.7821
369 11.7821
370 11.7821
371 11.7821
372 11.7821
373 11.7821
374 11.7821
375 11.7821
376 11.7821
377 11.7821
378 11.7821
379 11.7821
380 11.7821
381 11.7821
382 11.7821
383 11.7821
384 11.7821
385 11.7821
386 11.7821
387 11.7821
388 11.7821
389 11.7821
390 11.7821
391 11.7821
392 11.7821
393 11.7821
394 11.7821
395 11.7821
396 11.7821
397 11.7821
398 11.7821
399 11.7821
400 11.7821
401 11.7821
402 11.7821
403 11.7821
404 11.7821
405 11.7821
406 11.7821
407 11.7821
408 11.7821
409 11.7821
410 11.7821
411 11.7821
412 11.7821
413 11.7821
414 11.7821
415 11.7821
416 11.7821
417 11.7821
418 11.7821
419 11.7821
420 11.7821
421 11.7821
422 11.7821
423 11.7821
424 11.7821
425 11.7821
426 11.7821
427 11.7821
428 11.7821
429 11.7821
430 11.7821
431 11.7821
432 11.7821
433 11.7821
434 11.7821
435 11.7821
436 11.7821
437 11.7821
438 11.7821
439 11.7821
440 11.7821
441 11.7821
442 11.7821
443 11.7821
444 11.7821
445 11.7821
446 11.7821
447 11.7821
448 11.7821
449 11.7821
450 11.7821
451 11.7821
452 11.7821
453 11.7821
454 11.7821
455 11.7821
456 11.7821
457 11.7821
458 11.7821
459 11.7821
460 11.7821
461 11.7821
462 11.7821
463 11.7821
464 11.7821
465 11.7821
466 11.7821
467 11.7821
468 11.7821
469 11.7821
470 11.7821
471 11.7821
472 11.7821
473 11.7821
474 11.7821
475 11.7821
476 11.7821
477 11.7821
478 11.7821
479 11.7821
480 11.7821
481 11.7821
482 11.7821
483 11.7821
484 11.7821
485 11.7821
486 11.7821
487 11.7821
488 11.7821
489 11.7821
490 11.7821
491 11.7821
492 11.7821
493 11.7821
494 11.7821
495 11.7821
496 11.7821
497 11.7821
498 11.7821
499 11.7821
500 11.7821
501 11.7821
502 11.7821
503 11.7821
504 11.7821
505 11.7821
506 11.7821
507 11.7821
508 11.7821
509 11.7821
510 11.7821
511 11.7821
512 11.7821
513 11.7821
514 11.7821
515 11.7821
516 11.7821
517 11.7821
518 11.7821
519 11.7821
520 11.7821
521 11.7821
522 11.7821
523 11.7821
524 11.7821
525 11.7821
526 11.7821
527 11.7821
528 11.7821
529 11.7821
530 11.7821
531 11.7821
532 11.7821
533 11.7821
534 11.7821
535 11.7821
536 11.7821
537 11.7821
538 11.7821
539 11.7821
540 11.7821
541 11.7821
542 11.7821
