1 11.9933
2 11.9933
3 11.9933
4 11.9933
5 11.9933
6 11.9933
7 11.9933
8 11.9933
9 11.9933
10 11.9933
11 11.9933
12 11.9933
13 11.9933
14 11.9933
15 11.9933
16 11.9933
17 11.9933
18 11.9933
19 11.9933
20 11.9933
21 11.9933
22 11.9933
23 11.9933
24 11.9933
25 11.9933
26 11.9933
27 11.9933
28 11.9933
29 11.9933
30 11.9933
31 11.9933
32 11.9933
33 11.9933
34 11.9933
35 11.9933
36 11.9933
37 11.9933
38 11.9933
39 11.9933
40 11.9933
41 11.9933
42 11.9933
43 11.9933
44 11.9933
45 11.9933
46 11.9933
47 11.9933
48 11.9933
49 11.9933
50 11.9933
51 11.9933
52 11.9933
53 11.9933
54 11.9933
55 11.9933
56 11.9933
57 11.9933
58 11.9933
59 11.9933
60 11.9933
61 11.9933
62 11.9933
63 11.9933
64 11.9933
65 11.9933
66 11.9933
67 11.9933
68 11.9933
69 11.9933
70 11.9933
71 11.9933
72 11.9933
73 11.9933
74 11.9933
75 11.9933
76 11.9933
77 11.9933
78 11.9933
79 11.9933
80 11.9933
81 11.9933
82 11.9933
83 11.9933
84 11.9933
85 11.9933
86 11.9933
87 11.9933
88 11.9933
89 11.9933
90 11.9933
91 11.9933
92 11.9933
93 11.9933
94 11.9933
95 11.9933
96 11.9933
97 11.9933
98 11.9933
99 11.9933
100 11.9933
101 11.9933
102 11.9933
103 11.9933
104 11.9933
105 11.9933
106 11.9933
107 11.9933
108 11.9933
109 11.9933
110 11.9933
111 11.9933
112 11.9933
113 11.9933
114 11.9933
115 11.9933
116 11.9933
117 11.9933
118 11.9933
119 11.9933
120 11.9933
121 11.9933
122 11.9933
123 11.9933
124 11.9933
125 11.9933
126 11.9933
127 11.9933
128 11.9933
129 11.9933
130 11.9933
131 11.9933
132 11.9933
133 11.9933
134 11.9933
135 11.9933
136 11.9933
137 11.9933
138 11.9933
139 11.9933
140 11.9933
141 11.9933
142 11.9933
143 11.9933
144 11.9933
145 11.9933
146 11.9933
147 11.9933
148 11.9933
149 11.9933
150 11.9933
151 11.9933
152 11.9933
153 11.9933
154 11.9933
155 11.9933
156 11.9933
157 11.9933
158 11.9933
159 11.9933
160 11.9933
161 11.9933
162 11.9933
163 11.9933
164 11.9933
165 11.9933
166 11.9933
167 11.9933
168 11.9933
169 11.9933
170 11.9933
171 11.9933
172 11.9933
173 11.9933
174 11.9933
175 11.9933
176 11.9933
177 11.9933
178 11.9933
179 11.9933
180 11.9933
181 11.9933
182 11.9933
183 11.9933
184 11.9933
185 11.9933
186 11.9933
187 11.9933
188 11.9933
189 11.9933
190 11.9933
191 11.9933
192 11.9933
193 11.9933
194 11.9933
195 11.9933
196 11.9933
197 11.9933
198 11.9933
199 11.9933
200 11.9933
201 11.9933
202 11.9933
203 11.9933
204 11.9933
205 11.9933
206 11.9933
207 11.9933
208 11.9933
209 11.9933
210 11.9933
211 11.9933
212 11.9933
213 11.9933
214 11.9933
215 11.9933
216 11.9933
217 11.9933
218 11.9933
219 11.9933
220 11.9933
221 11.9933
222 11.9933
223 11.9933
224 11.9933
225 11.9933
226 11.9933
227 11.9933
228 11.9933
229 11.9933
230 11.9933
231 11.9933
232 11.9933
233 11.9933
234 11.9933
235 11.9372
236 11.4255
237 10.6792
238 9.89351
239 9.11049
240 8.33752
241 7.57751
242 6.8322
243 6.1034
244 5.39252
245 4.70091
246 4.02975
247 3.38015
248 2.7531
249 2.14951
250 1.57019
251 1.01588
252 1.04496
253 1.09576
254 1.11327
255 1.14961
256 1.17189
257 1.19944
258 1.21543
259 1.23653
260 1.2469
261 1.26084
262 1.27846
263 1.28597
264 1.28864
265 1.28948
266 1.28972
267 1.28978
268 1.2898
269 1.2898
270 1.2898
271 1.2898
272 1.2898
273 1.2898
274 1.2898
275 1.2898
276 1.2898
277 1.2898
278 1.28979
279 1.28976
280 1.28965
281 1.28933
282 1.28836
283 1.28578
284 1.27946
285 1.26585
286 1.25647
287 1.23806
288 1.20877
289 1.18589
290 1.32534
291 1.3092
292 1.87384
293 2.45019
294 3.03261
295 3.61548
296 4.19403
297 4.76541
298 5.32932
299 5.88802
300 6.44569
301 7.00744
302 7.57828
303 8.16232
304 8.76258
305 9.38011
306 10.0135
307 10.6559
308 11.2911
309 11.8004
310 12
311 11.9933
312 11.9933
313 11.9933
314 11.9933
315 11.9933
316 11.9933
317 11.9933
318 11.9933
319 11.9933
320 11.9933
321 11.9933
322 11.9933
323 11.9933
324 11.9933
325 11.9933
326 11.9933
327 11.9933
328 11.9933
329 11.9933
330 11.9933
331 11.9933
332 11.9933
333 11.9933
334 11.9933
335 11.9933
336 11.9933
337 11.9933
338 11.9933
339 11.9933
340 11.9933
341 11.9933
342 11.9933
343 11.9933
344 11.9933
345 11.9933
346 11.9933
347 11.9933
348 11.9933
349 11.9933
350 11.9933
351 11.9933
352 11.9933
353 11.9933
354 11.9933
355 11.9933
356 11.9933
357 11.9933
358 11.9933
359 11.9933
360 11.9933
361 11.9933
362 11.9933
363 11.9933
364 11.9933
365 11.9933
366 11.9933
367 11.9933
368 11.9933
369 11.9933
370 11.9933
371 11.9933
372 11.9933
373 11.9933
374 11.9933
375 11.9933
376 11.9933
377 11.9933
378 11.9933
379 11.9933
380 11.9933
381 11.9933
382 11.9933
383 11.9933
384 11.9933
385 11.9933
386 11.9933
387 11.9933
388 11.9933
389 11.9933
390 11.9933
391 11.9933
392 11.9933
393 11.9933
394 11.9933
395 11.9933
396 11.9933
397 11.9933
398 11.9933
399 11.9933
400 11.9933
401 11.9933
402 11.9933
403 11.9933
404 11.9933
405 11.9933
406 11.9933
407 11.9933
408 11.9933
409 11.9933
410 11.9933
411 11.9933
412 11.9933
413 11.9933
414 11.9933
415 11.9933
416 11.9933
417 11.9933
418 11.9933
419 11.9933
420 11.9933
421 11.9933
422 11.9933
423 11.9933
424 11.9933
425 11.9933
426 11.9933
427 11.9933
428 11.9933
429 11.9933
430 11.9933
431 11.9933
432 11.9933
433 11.9933
434 11.9933
435 11.9933
436 11.9933
437 11.9933
438 11.9933
439 11.9933
440 11.9933
441 11.9933
442 11.9933
443 11.9933
444 11.9933
445 11.9933
446 11.9933
447 11.9933
448 11.9933
449 11.9933
450 11.9933
451 11.9933
452 11.9933
453 11.9933
454 11.9933
455 11.9933
456 11.9933
457 11.9933
458 11.9933
459 11.9933
460 11.9933
461 11.9933
462 11.9933
463 11.9933
464 11.9933
465 11.9933
466 11.9933
467 11.9933
468 11.9933
469 11.9933
470 11.9933
471 11.9933
472 11.9933
473 11.9933
474 11.9933
475 11.9933
476 11.9933
477 11.9933
478 11.9933
479 11.9933
480 11.9933
481 11.9933
482 11.9933
483 11.9933
484 11.9933
485 11.9933
486 11.9933
487 11.9933
488 11.9933
489 11.9933
490 11.9933
491 11.9933
492 11.9933
493 11.9933
494 11.9933
495 11.9933
496 11.9933
497 11.9933
498 11.9933
499 11.9933
500 11.9933
501 11.9933
502 11.9933
503 11.9933
504 11.9933
505 11.9933
506 11.9933
507 11.9933
508 11.9933
509 11.9933
510 11.9933
511 11.9933
512 11.9933
513 11.9933
514 11.9933
515 11.9933
516 11.9933
517 11.9933
518 11.9933
519 11.9933
520 11.9933
521 11.9933
522 11.9933
523 11.9933
524 11.9933
525 11.9933
526 11.9933
527 11.9933
528 11.9933
529 11.9933
530 11.9933
531 11.9933
532 11.9933
533 11.9933
534 11.9933
535 11.9933
536 11.9933
537 11.9933
538 11.9933
539 11.9933
540 11.9933
541 11.9933
542 11.9933
