1 11.8753
2 11.8753
3 11.8753
4 11.8753
5 11.8753
6 11.8753
7 11.8753
8 11.8753
9 11.8753
10 11.8753
11 11.8753
12 11.8753
13 11.8753
14 11.8753
15 11.8753
16 11.8753
17 11.8753
18 11.8753
19 11.8753
20 11.8753
21 11.8753
22 11.8753
23 11.8753
24 11.8753
25 11.8753
26 11.8753
27 11.8753
28 11.8753
29 11.8753
30 11.8753
31 11.8753
32 11.8753
33 11.8753
34 11.8753
35 11.8753
36 11.8753
37 11.8753
38 11.8753
39 11.8753
40 11.8753
41 11.8753
42 11.8753
43 11.8753
44 11.8753
45 11.8753
46 11.8753
47 11.8753
48 11.8753
49 11.8753
50 11.8753
51 11.8753
52 11.8753
53 11.8753
54 11.8753
55 11.8753
56 11.8753
57 11.8753
58 11.8753
59 11.8753
60 11.8753
61 11.8753
62 11.8753
63 11.8753
64 11.8753
65 11.8753
66 11.8753
67 11.8753
68 11.8753
69 11.8753
70 11.8753
71 11.8753
72 11.8753
73 11.8753
74 11.8753
75 11.8753
76 11.8753
77 11.8753
78 11.8753
79 11.8753
80 11.8753
81 11.8753
82 11.8753
83 11.8753
84 11.8753
85 11.8753
86 11.8753
87 11.8753
88 11.8753
89 11.8753
90 11.8753
91 11.8753
92 11.8753
93 11.8753
94 11.8753
95 11.8753
96 11.8753
97 11.8753
98 11.8753
99 11.8753
100 11.8753
101 11.8753
102 11.8753
103 11.8753
104 11.8753
105 11.8753
106 11.8753
107 11.8753
108 11.8753
109 11.8753
110 11.8753
111 11.8753
112 11.8753
113 11.8753
114 11.8753
115 11.8753
116 11.8753
117 11.8753
118 11.8753
119 11.8753
120 11.8753
121 11.8753
122 11.8753
123 11.8753
124 11.8753
125 11.8753
126 11.8753
127 11.8753
128 11.8753
129 11.8753
130 11.8753
131 11.8753
132 11.8753
133 11.8753
134 11.8753
135 11.8753
136 11.8753
137 11.8753
138 11.8753
139 11.8753
140 11.8753
141 11.8753
142 11.8753
143 11.8753
144 11.8753
145 11.8753
146 11.8753
147 11.8753
148 11.8753
149 11.8753
150 11.8753
151 11.8753
152 11.8753
153 11.8753
154 11.8753
155 11.8753
156 11.8753
157 11.8753
158 11.8753
159 11.8753
160 11.8753
161 11.8753
162 11.8753
163 11.8753
164 11.8753
165 11.8753
166 11.8753
167 11.8753
168 11.8753
169 11.8753
170 11.8753
171 11.8753
172 11.8753
173 11.8753
174 11.8753
175 11.8753
176 11.8753
177 11.8753
178 11.8753
179 11.8753
180 11.8753
181 11.8753
182 11.8753
183 11.8753
184 11.8753
185 11.8753
186 11.8753
187 11.8753
188 11.8753
189 11.8753
190 11.8753
191 11.8753
192 11.8753
193 11.8753
194 11.8753
195 11.8753
196 11.8753
197 11.8753
198 11.8753
199 11.8753
200 11.8753
201 11.8753
202 11.8753
203 11.8753
204 11.8753
205 11.8753
206 11.8753
207 11.8753
208 11.8753
209 11.8753
210 11.8753
211 11.8753
212 11.8753
213 11.8753
214 11.8753
215 11.8753
216 11.8753
217 11.8753
218 11.8753
219 11.8753
220 11.8753
221 11.8753
222 11.8753
223 11.8753
224 11.8753
225 11.8753
226 11.8753
227 11.8753
228 11.8753
229 11.8753
230 11.8753
231 11.8753
232 11.8753
233 11.8753
234 11.8753
235 11.8753
236 11.8753
237 11.8753
238 11.8753
239 11.8753
240 11.8753
241 11.8753
242 11.8753
243 11.8753
244 11.8753
245 11.8753
246 11.9787
247 11.8135
248 11.3894
249 10.7829
250 10.0552
251 9.2362
252 9.17075
253 9.16071
254 8.7876
255 8.70433
256 8.21157
257 8.1321
258 8.12811
259 7.91273
260 7.88897
261 7.58134
262 6.84961
263 6.76621
264 6.75696
265 6.76338
266 6.7725
267 6.78013
268 6.78464
269 6.78775
270 6.80047
271 6.86156
272 6.85312
273 6.87712
274 6.76549
275 6.27694
276 6.16128
277 6.13239
278 6.12818
279 6.12789
280 6.12339
281 6.11132
282 6.09045
283 6.0615
284 6.03017
285 6.0188
286 5.97679
287 5.9301
288 5.89389
289 5.91984
290 6.40501
291 6.43263
292 7.30174
293 8.19938
294 9.12031
295 10.0499
296 10.9732
297 11.7578
298 12
299 11.8753
300 11.8753
301 11.8753
302 11.8753
303 11.8753
304 11.8753
305 11.8753
306 11.8753
307 11.8753
308 11.8753
309 11.8753
310 11.8753
311 11.8753
312 11.8753
313 11.8753
314 11.8753
315 11.8753
316 11.8753
317 11.8753
318 11.8753
319 11.8753
320 11.8753
321 11.8753
322 11.8753
323 11.8753
324 11.8753
325 11.8753
326 11.8753
327 11.8753
328 11.8753
329 11.8753
330 11.8753
331 11.8753
332 11.8753
333 11.8753
334 11.8753
335 11.8753
336 11.8753
337 11.8753
338 11.8753
339 11.8753
340 11.8753
341 11.8753
342 11.8753
343 11.8753
344 11.8753
345 11.8753
346 11.8753
347 11.8753
348 11.8753
349 11.8753
350 11.8753
351 11.8753
352 11.8753
353 11.8753
354 11.8753
355 11.8753
356 11.8753
357 11.8753
358 11.8753
359 11.8753
360 11.8753
361 11.8753
362 11.8753
363 11.8753
364 11.8753
365 11.8753
366 11.8753
367 11.8753
368 11.8753
369 11.8753
370 11.8753
371 11.8753
372 11.8753
373 11.8753
374 11.8753
375 11.8753
376 11.8753
377 11.8753
378 11.8753
379 11.8753
380 11.8753
381 11.8753
382 11.8753
383 11.8753
384 11.8753
385 11.8753
386 11.8753
387 11.8753
388 11.8753
389 11.8753
390 11.8753
391 11.8753
392 11.8753
393 11.8753
394 11.8753
395 11.8753
396 11.8753
397 11.8753
398 11.8753
399 11.8753
400 11.8753
401 11.8753
402 11.8753
403 11.8753
404 11.8753
405 11.8753
406 11.8753
407 11.8753
408 11.8753
409 11.8753
410 11.8753
411 11.8753
412 11.8753
413 11.8753
414 11.8753
415 11.8753
416 11.8753
417 11.8753
418 11.8753
419 11.8753
420 11.8753
421 11.8753
422 11.8753
423 11.8753
424 11.8753
425 11.8753
426 11.8753
427 11.8753
428 11.8753
429 11.8753
430 11.8753
431 11.8753
432 11.8753
433 11.8753
434 11.8753
435 11.8753
436 11.8753
437 11.8753
438 11.8753
439 11.8753
440 11.8753
441 11.8753
442 11.8753
443 11.8753
444 11.8753
445 11.8753
446 11.8753
447 11.8753
448 11.8753
449 11.8753
450 11.8753
451 11.8753
452 11.8753
453 11.8753
454 11.8753
455 11.8753
456 11.8753
457 11.8753
458 11.8753
459 11.8753
460 11.8753
461 11.8753
462 11.8753
463 11.8753
464 11.8753
465 11.8753
466 11.8753
467 11.8753
468 11.8753
469 11.8753
470 11.8753
471 11.8753
472 11.8753
473 11.8753
474 11.8753
475 11.8753
476 11.8753
477 11.8753
478 11.8753
479 11.8753
480 11.8753
481 11.8753
482 11.8753
483 11.8753
484 11.8753
485 11.8753
486 11.8753
487 11.8753
488 11.8753
489 11.8753
490 11.8753
491 11.8753
492 11.8753
493 11.8753
494 11.8753
495 11.8753
496 11.8753
497 11.8753
498 11.8753
499 11.8753
500 11.8753
501 11.8753
502 11.8753
503 11.8753
504 11.8753
505 11.8753
506 11.8753
507 11.8753
508 11.8753
509 11.8753
510 11.8753
511 11.8753
512 11.8753
513 11.8753
514 11.8753
515 11.8753
516 11.8753
517 11.8753
518 11.8753
519 11.8753
520 11.8753
521 11.8753
522 11.8753
523 11.8753
524 11.8753
525 11.8753
526 11.8753
527 11.8753
528 11.8753
529 11.8753
530 11.8753
531 11.8753
532 11.8753
533 11.8753
534 11.8753
535 11.8753
536 11.8753
537 11.8753
538 11.8753
539 11.8753
540 11.8753
541 11.8753
542 11.8753
