1 11.9984
2 11.9984
3 11.9984
4 11.9984
5 11.9984
6 11.9984
7 11.9984
8 11.9984
9 11.9984
10 11.9984
11 11.9984
12 11.9984
13 11.9984
14 11.9984
15 11.9984
16 11.9984
17 11.9984
18 11.9984
19 11.9984
20 11.9984
21 11.9984
22 11.9984
23 11.9984
24 11.9984
25 11.9984
26 11.9984
27 11.9984
28 11.9984
29 11.9984
30 11.9984
31 11.9984
32 11.9984
33 11.9984
34 11.9984
35 11.9984
36 11.9984
37 11.9984
38 11.9984
39 11.9984
40 11.9984
41 11.9984
42 11.9984
43 11.9984
44 11.9984
45 11.9984
46 11.9984
47 11.9984
48 11.9984
49 11.9984
50 11.9984
51 11.9984
52 11.9984
53 11.9984
54 11.9984
55 11.9984
56 11.9984
57 11.9984
58 11.9984
59 11.9984
60 11.9984
61 11.9984
62 11.9984
63 11.9984
64 11.9984
65 11.9984
66 11.9984
67 11.9984
68 11.9984
69 11.9984
70 11.9984
71 11.9984
72 11.9984
73 11.9984
74 11.9984
75 11.9984
76 11.9984
77 11.9984
78 11.9984
79 11.9984
80 11.9984
81 11.9984
82 11.9984
83 11.9984
84 11.9984
85 11.9984
86 11.9984
87 11.9984
88 11.9984
89 11.9984
90 11.9984
91 11.9984
92 11.9984
93 11.9984
94 11.9984
95 11.9984
96 11.9984
97 11.9984
98 11.9984
99 11.9984
100 11.9984
101 11.9984
102 11.9984
103 11.9984
104 11.9984
105 11.9984
106 11.9984
107 11.9984
108 11.9984
109 11.9984
110 11.9984
111 11.9984
112 11.9984
113 11.9984
114 11.9984
115 11.9984
116 11.9984
117 11.9984
118 11.9984
119 11.9984
120 11.9984
121 11.9984
122 11.9984
123 11.9984
124 11.9984
125 11.9984
126 11.9984
127 11.9984
128 11.9984
129 11.9984
130 11.9984
131 11.9984
132 11.9984
133 11.9984
134 11.9984
135 11.9984
136 11.9984
137 11.9984
138 11.9984
139 11.9984
140 11.9984
141 11.9984
142 11.9984
143 11.9984
144 11.9984
145 11.9984
146 11.9984
147 11.9984
148 11.9984
149 11.9984
150 11.9984
151 11.9984
152 11.9984
153 11.9984
154 11.9984
155 11.9984
156 11.9984
157 11.9984
158 11.9984
159 11.9984
160 11.9984
161 11.9984
162 11.9984
163 11.9984
164 11.9984
165 11.9984
166 11.9984
167 11.9984
168 11.9984
169 11.9984
170 11.9984
171 11.9984
172 11.9984
173 11.9984
174 11.9984
175 11.9984
176 11.9984
177 11.9984
178 11.9984
179 11.9984
180 11.9984
181 11.9984
182 11.9984
183 11.9984
184 11.9984
185 11.9984
186 11.9984
187 11.9984
188 11.9984
189 11.9984
190 11.9984
191 11.9984
192 11.9984
193 11.9984
194 11.9984
195 11.9984
196 11.9984
197 11.9984
198 11.9984
199 11.9984
200 11.9984
201 11.9984
202 11.9984
203 11.9984
204 11.9984
205 11.9984
206 11.9984
207 11.9984
208 11.9984
209 11.9984
210 11.9984
211 11.9984
212 11.9984
213 11.9984
214 11.9984
215 11.9984
216 11.9984
217 11.9984
218 11.9984
219 11.9984
220 11.9984
221 11.9988
222 11.9986
223 11.979
224 11.8665
225 11.4963
226 10.7505
227 9.81315
228 8.94359
229 8.20791
230 7.57068
231 6.99503
232 6.46019
233 5.9563
234 5.47911
235 5.0269
236 4.59909
237 4.19564
238 3.81668
239 3.46246
240 3.13323
241 2.82923
242 2.55061
243 2.29745
244 2.0697
245 1.86712
246 1.68927
247 1.53543
248 1.40459
249 1.29542
250 1.20622
251 1.135
252 1.16506
253 1.1789
254 1.19331
255 1.19768
256 1.20216
257 1.2033
258 1.20357
259 1.20384
260 1.2039
261 1.20397
262 1.20403
263 1.20404
264 1.20404
265 1.20404
266 1.20404
267 1.20404
268 1.20404
269 1.20404
270 1.20404
271 1.20404
272 1.20404
273 1.20404
274 1.20404
275 1.20404
276 1.20404
277 1.20404
278 1.20404
279 1.20404
280 1.20404
281 1.20404
282 1.20404
283 1.20403
284 1.20397
285 1.2037
286 1.20343
287 1.20231
288 1.19797
289 1.18374
290 1.15327
291 1.12233
292 1.19475
293 1.28611
294 1.39864
295 1.53422
296 1.69441
297 1.88038
298 2.09301
299 2.33285
300 2.6002
301 2.89513
302 3.21753
303 3.56711
304 3.94347
305 4.3461
306 4.77436
307 5.22759
308 5.70509
309 6.20639
310 6.73159
311 7.28238
312 7.86389
313 8.48764
314 9.17299
315 9.93507
316 10.7318
317 11.4069
318 11.8066
319 11.9612
320 11.9981
321 12
322 11.9988
323 11.9984
324 11.9984
325 11.9984
326 11.9984
327 11.9984
328 11.9984
329 11.9984
330 11.9984
331 11.9984
332 11.9984
333 11.9984
334 11.9984
335 11.9984
336 11.9984
337 11.9984
338 11.9984
339 11.9984
340 11.9984
341 11.9984
342 11.9984
343 11.9984
344 11.9984
345 11.9984
346 11.9984
347 11.9984
348 11.9984
349 11.9984
350 11.9984
351 11.9984
352 11.9984
353 11.9984
354 11.9984
355 11.9984
356 11.9984
357 11.9984
358 11.9984
359 11.9984
360 11.9984
361 11.9984
362 11.9984
363 11.9984
364 11.9984
365 11.9984
366 11.9984
367 11.9984
368 11.9984
369 11.9984
370 11.9984
371 11.9984
372 11.9984
373 11.9984
374 11.9984
375 11.9984
376 11.9984
377 11.9984
378 11.9984
379 11.9984
380 11.9984
381 11.9984
382 11.9984
383 11.9984
384 11.9984
385 11.9984
386 11.9984
387 11.9984
388 11.9984
389 11.9984
390 11.9984
391 11.9984
392 11.9984
393 11.9984
394 11.9984
395 11.9984
396 11.9984
397 11.9984
398 11.9984
399 11.9984
400 11.9984
401 11.9984
402 11.9984
403 11.9984
404 11.9984
405 11.9984
406 11.9984
407 11.9984
408 11.9984
409 11.9984
410 11.9984
411 11.9984
412 11.9984
413 11.9984
414 11.9984
415 11.9984
416 11.9984
417 11.9984
418 11.9984
419 11.9984
420 11.9984
421 11.9984
422 11.9984
423 11.9984
424 11.9984
425 11.9984
426 11.9984
427 11.9984
428 11.9984
429 11.9984
430 11.9984
431 11.9984
432 11.9984
433 11.9984
434 11.9984
435 11.9984
436 11.9984
437 11.9984
438 11.9984
439 11.9984
440 11.9984
441 11.9984
442 11.9984
443 11.9984
444 11.9984
445 11.9984
446 11.9984
447 11.9984
448 11.9984
449 11.9984
450 11.9984
451 11.9984
452 11.9984
453 11.9984
454 11.9984
455 11.9984
456 11.9984
457 11.9984
458 11.9984
459 11.9984
460 11.9984
461 11.9984
462 11.9984
463 11.9984
464 11.9984
465 11.9984
466 11.9984
467 11.9984
468 11.9984
469 11.9984
470 11.9984
471 11.9984
472 11.9984
473 11.9984
474 11.9984
475 11.9984
476 11.9984
477 11.9984
478 11.9984
479 11.9984
480 11.9984
481 11.9984
482 11.9984
483 11.9984
484 11.9984
485 11.9984
486 11.9984
487 11.9984
488 11.9984
489 11.9984
490 11.9984
491 11.9984
492 11.9984
493 11.9984
494 11.9984
495 11.9984
496 11.9984
497 11.9984
498 11.9984
499 11.9984
500 11.9984
501 11.9984
502 11.9984
503 11.9984
504 11.9984
505 11.9984
506 11.9984
507 11.9984
508 11.9984
509 11.9984
510 11.9984
511 11.9984
512 11.9984
513 11.9984
514 11.9984
515 11.9984
516 11.9984
517 11.9984
518 11.9984
519 11.9984
520 11.9984
521 11.9984
522 11.9984
523 11.9984
524 11.9984
525 11.9984
526 11.9984
527 11.9984
528 11.9984
529 11.9984
530 11.9984
531 11.9984
532 11.9984
533 11.9984
534 11.9984
535 11.9984
536 11.9984
537 11.9984
538 11.9984
539 11.9984
540 11.9984
541 11.9984
542 11.9984
