1 11.9789
2 11.9789
3 11.9789
4 11.9789
5 11.9789
6 11.9789
7 11.9789
8 11.9789
9 11.9789
10 11.9789
11 11.9789
12 11.9789
13 11.9789
14 11.9789
15 11.9789
16 11.9789
17 11.9789
18 11.9789
19 11.9789
20 11.9789
21 11.9789
22 11.9789
23 11.9789
24 11.9789
25 11.9789
26 11.9789
27 11.9789
28 11.9789
29 11.9789
30 11.9789
31 11.9789
32 11.9789
33 11.9789
34 11.9789
35 11.9789
36 11.9789
37 11.9789
38 11.9789
39 11.9789
40 11.9789
41 11.9789
42 11.9789
43 11.9789
44 11.9789
45 11.9789
46 11.9789
47 11.9789
48 11.9789
49 11.9789
50 11.9789
51 11.9789
52 11.9789
53 11.9789
54 11.9789
55 11.9789
56 11.9789
57 11.9789
58 11.9789
59 11.9789
60 11.9789
61 11.9789
62 11.9789
63 11.9789
64 11.9789
65 11.9789
66 11.9789
67 11.9789
68 11.9789
69 11.9789
70 11.9789
71 11.9789
72 11.9789
73 11.9789
74 11.9789
75 11.9789
76 11.9789
77 11.9789
78 11.9789
79 11.9789
80 11.9789
81 11.9789
82 11.9789
83 11.9789
84 11.9789
85 11.9789
86 11.9789
87 11.9789
88 11.9789
89 11.9789
90 11.9789
91 11.9789
92 11.9789
93 11.9789
94 11.9789
95 11.9789
96 11.9789
97 11.9789
98 11.9789
99 11.9789
100 11.9789
101 11.9789
102 11.9789
103 11.9789
104 11.9789
105 11.9789
106 11.9789
107 11.9789
108 11.9789
109 11.9789
110 11.9789
111 11.9789
112 11.9789
113 11.9789
114 11.9789
115 11.9789
116 11.9789
117 11.9789
118 11.9789
119 11.9789
120 11.9789
121 11.9789
122 11.9789
123 11.9789
124 11.9789
125 11.9789
126 11.9789
127 11.9789
128 11.9789
129 11.9789
130 11.9789
131 11.9789
132 11.9789
133 11.9789
134 11.9789
135 11.9789
136 11.9789
137 11.9789
138 11.9789
139 11.9789
140 11.9789
141 11.9789
142 11.9789
143 11.9789
144 11.9789
145 11.9789
146 11.9789
147 11.9789
148 11.9789
149 11.9789
150 11.9789
151 11.9789
152 11.9789
153 11.9789
154 11.9789
155 11.9789
156 11.9789
157 11.9789
158 11.9789
159 11.9789
160 11.9789
161 11.9789
162 11.9789
163 11.9789
164 11.9789
165 11.9789
166 11.9789
167 11.9789
168 11.9789
169 11.9789
170 11.9789
171 11.9789
172 11.9789
173 11.9789
174 11.9789
175 11.9789
176 11.9789
177 11.9789
178 11.9789
179 11.9789
180 11.9789
181 11.9789
182 11.9789
183 11.9789
184 11.9789
185 11.9789
186 11.9789
187 11.9789
188 11.9789
189 11.9789
190 11.9789
191 11.9789
192 11.9789
193 11.9789
194 11.9789
195 11.9789
196 11.9789
197 11.9789
198 11.9789
199 11.9789
200 11.9789
201 11.9789
202 11.9789
203 11.9789
204 11.9789
205 11.9789
206 11.9789
207 11.9789
208 11.9789
209 11.9789
210 11.9789
211 11.9789
212 11.9789
213 11.9789
214 11.9789
215 11.9789
216 11.9789
217 11.9789
218 11.9789
219 11.9789
220 11.9789
221 11.9789
222 11.9789
223 11.9789
224 11.9789
225 11.9789
226 11.9789
227 11.9789
228 11.9789
229 11.9789
230 11.9789
231 11.9789
232 11.9789
233 11.9789
234 11.9789
235 11.9789
236 11.9789
237 11.9789
238 11.9789
239 11.9887
240 11.5599
241 10.8111
242 9.95432
243 9.06091
244 8.16344
245 7.27617
246 6.40371
247 5.54704
248 4.70573
249 3.87911
250 3.06679
251 2.26878
252 2.25261
253 2.29098
254 2.09965
255 2.09054
256 1.83238
257 1.80849
258 1.82695
259 1.75372
260 1.75954
261 1.67134
262 1.37671
263 1.35345
264 1.36912
265 1.38478
266 1.39448
267 1.39944
268 1.40169
269 1.4026
270 1.40294
271 1.40302
272 1.40318
273 1.40316
274 1.40319
275 1.40327
276 1.40323
277 1.40308
278 1.4027
279 1.40186
280 1.40007
281 1.39648
282 1.3896
283 1.37709
284 1.35585
285 1.32325
286 1.30084
287 1.26568
288 1.21856
289 1.18382
290 1.36154
291 1.32481
292 1.91675
293 2.53143
294 3.17137
295 3.83819
296 4.53289
297 5.25607
298 6.00803
299 6.78864
300 7.59667
301 8.42843
302 9.2754
303 10.1198
304 10.9245
305 11.6208
306 12
307 11.9789
308 11.9789
309 11.9789
310 11.9789
311 11.9789
312 11.9789
313 11.9789
314 11.9789
315 11.9789
316 11.9789
317 11.9789
318 11.9789
319 11.9789
320 11.9789
321 11.9789
322 11.9789
323 11.9789
324 11.9789
325 11.9789
326 11.9789
327 11.9789
328 11.9789
329 11.9789
330 11.9789
331 11.9789
332 11.9789
333 11.9789
334 11.9789
335 11.9789
336 11.9789
337 11.9789
338 11.9789
339 11.9789
340 11.9789
341 11.9789
342 11.9789
343 11.9789
344 11.9789
345 11.9789
346 11.9789
347 11.9789
348 11.9789
349 11.9789
350 11.9789
351 11.9789
352 11.9789
353 11.9789
354 11.9789
355 11.9789
356 11.9789
357 11.9789
358 11.9789
359 11.9789
360 11.9789
361 11.9789
362 11.9789
363 11.9789
364 11.9789
365 11.9789
366 11.9789
367 11.9789
368 11.9789
369 11.9789
370 11.9789
371 11.9789
372 11.9789
373 11.9789
374 11.9789
375 11.9789
376 11.9789
377 11.9789
378 11.9789
379 11.9789
380 11.9789
381 11.9789
382 11.9789
383 11.9789
384 11.9789
385 11.9789
386 11.9789
387 11.9789
388 11.9789
389 11.9789
390 11.9789
391 11.9789
392 11.9789
393 11.9789
394 11.9789
395 11.9789
396 11.9789
397 11.9789
398 11.9789
399 11.9789
400 11.9789
401 11.9789
402 11.9789
403 11.9789
404 11.9789
405 11.9789
406 11.9789
407 11.9789
408 11.9789
409 11.9789
410 11.9789
411 11.9789
412 11.9789
413 11.9789
414 11.9789
415 11.9789
416 11.9789
417 11.9789
418 11.9789
419 11.9789
420 11.9789
421 11.9789
422 11.9789
423 11.9789
424 11.9789
425 11.9789
426 11.9789
427 11.9789
428 11.9789
429 11.9789
430 11.9789
431 11.9789
432 11.9789
433 11.9789
434 11.9789
435 11.9789
436 11.9789
437 11.9789
438 11.9789
439 11.9789
440 11.9789
441 11.9789
442 11.9789
443 11.9789
444 11.9789
445 11.9789
446 11.9789
447 11.9789
448 11.9789
449 11.9789
450 11.9789
451 11.9789
452 11.9789
453 11.9789
454 11.9789
455 11.9789
456 11.9789
457 11.9789
458 11.9789
459 11.9789
460 11.9789
461 11.9789
462 11.9789
463 11.9789
464 11.9789
465 11.9789
466 11.9789
467 11.9789
468 11.9789
469 11.9789
470 11.9789
471 11.9789
472 11.9789
473 11.9789
474 11.9789
475 11.9789
476 11.9789
477 11.9789
478 11.9789
479 11.9789
480 11.9789
481 11.9789
482 11.9789
483 11.9789
484 11.9789
485 11.9789
486 11.9789
487 11.9789
488 11.9789
489 11.9789
490 11.9789
491 11.9789
492 11.9789
493 11.9789
494 11.9789
495 11.9789
496 11.9789
497 11.9789
498 11.9789
499 11.9789
500 11.9789
501 11.9789
502 11.9789
503 11.9789
504 11.9789
505 11.9789
506 11.9789
507 11.9789
508 11.9789
509 11.9789
510 11.9789
511 11.9789
512 11.9789
513 11.9789
514 11.9789
515 11.9789
516 11.9789
517 11.9789
518 11.9789
519 11.9789
520 11.9789
521 11.9789
522 11.9789
523 11.9789
524 11.9789
525 11.9789
526 11.9789
527 11.9789
528 11.9789
529 11.9789
530 11.9789
531 11.9789
532 11.9789
533 11.9789
534 11.9789
535 11.9789
536 11.9789
537 11.9789
538 11.9789
539 11.9789
540 11.9789
541 11.9789
542 11.9789
