1 1.81931e-08
2 1.81931e-08
3 1.81931e-08
4 1.81931e-08
5 1.81931e-08
6 1.81931e-08
7 1.81931e-08
8 1.81931e-08
9 1.81931e-08
10 1.81931e-08
11 1.81931e-08
12 1.81931e-08
13 1.81931e-08
14 1.81931e-08
15 1.81931e-08
16 1.81931e-08
17 1.81931e-08
18 1.81931e-08
19 1.81931e-08
20 1.81931e-08
21 1.81931e-08
22 1.81931e-08
23 1.81931e-08
24 1.81931e-08
25 1.81931e-08
26 1.81931e-08
27 1.81931e-08
28 1.81931e-08
29 1.81931e-08
30 1.81931e-08
31 1.81931e-08
32 1.81931e-08
33 1.81931e-08
34 1.81931e-08
35 1.81931e-08
36 1.81931e-08
37 1.81931e-08
38 1.81931e-08
39 1.81931e-08
40 1.81931e-08
41 1.81931e-08
42 1.81931e-08
43 1.81931e-08
44 1.81931e-08
45 1.81931e-08
46 1.81931e-08
47 1.81931e-08
48 1.81931e-08
49 1.81931e-08
50 1.81931e-08
51 1.81931e-08
52 1.81931e-08
53 1.81931e-08
54 1.81931e-08
55 1.81931e-08
56 1.81931e-08
57 1.81931e-08
58 1.81931e-08
59 1.81931e-08
60 1.81931e-08
61 1.81931e-08
62 1.81931e-08
63 1.81931e-08
64 1.81931e-08
65 1.81931e-08
66 1.81931e-08
67 1.81931e-08
68 1.81931e-08
69 1.81931e-08
70 1.81931e-08
71 1.81931e-08
72 1.81931e-08
73 1.81931e-08
74 1.81931e-08
75 1.81931e-08
76 1.81931e-08
77 1.81931e-08
78 1.81931e-08
79 1.81931e-08
80 1.81931e-08
81 1.81931e-08
82 1.81931e-08
83 1.81931e-08
84 1.81931e-08
85 1.81931e-08
86 1.81931e-08
87 1.81931e-08
88 1.81931e-08
89 1.81931e-08
90 1.81931e-08
91 1.81931e-08
92 1.81931e-08
93 1.81931e-08
94 1.81931e-08
95 1.81931e-08
96 1.81931e-08
97 1.81931e-08
98 1.81931e-08
99 1.81931e-08
100 1.81931e-08
101 1.81931e-08
102 1.81931e-08
103 1.81931e-08
104 1.81931e-08
105 1.81931e-08
106 1.81931e-08
107 1.81931e-08
108 1.81931e-08
109 1.81931e-08
110 1.81931e-08
111 1.81931e-08
112 1.81931e-08
113 1.81931e-08
114 1.81931e-08
115 1.81931e-08
116 1.81931e-08
117 1.81931e-08
118 1.81931e-08
119 1.81931e-08
120 1.81931e-08
121 1.81931e-08
122 1.81931e-08
123 1.81931e-08
124 1.81931e-08
125 1.81931e-08
126 1.81931e-08
127 1.81931e-08
128 1.81931e-08
129 1.81931e-08
130 1.81931e-08
131 1.81931e-08
132 1.81931e-08
133 1.81931e-08
134 1.81931e-08
135 1.81931e-08
136 1.81931e-08
137 1.81931e-08
138 1.81931e-08
139 1.81931e-08
140 1.81931e-08
141 1.81931e-08
142 1.81931e-08
143 1.81931e-08
144 1.81931e-08
145 1.81931e-08
146 1.81931e-08
147 1.81931e-08
148 1.81931e-08
149 1.81931e-08
150 1.81931e-08
151 1.81931e-08
152 1.81931e-08
153 1.81931e-08
154 1.81931e-08
155 1.81931e-08
156 1.81931e-08
157 1.81931e-08
158 1.81931e-08
159 1.81931e-08
160 1.81931e-08
161 1.81931e-08
162 1.81931e-08
163 1.81931e-08
164 1.81931e-08
165 1.81931e-08
166 1.81931e-08
167 1.81931e-08
168 1.81931e-08
169 1.81931e-08
170 1.81931e-08
171 1.81931e-08
172 1.81931e-08
173 1.81931e-08
174 1.81931e-08
175 1.81931e-08
176 1.81931e-08
177 1.81931e-08
178 1.81931e-08
179 1.81931e-08
180 1.81931e-08
181 1.81931e-08
182 1.81931e-08
183 1.81931e-08
184 1.81931e-08
185 1.81931e-08
186 1.81931e-08
187 1.81931e-08
188 1.81931e-08
189 1.81931e-08
190 1.81931e-08
191 1.81931e-08
192 1.81931e-08
193 1.81931e-08
194 1.81931e-08
195 1.81931e-08
196 1.81931e-08
197 1.81931e-08
198 1.81931e-08
199 1.81931e-08
200 1.81931e-08
201 1.81931e-08
202 1.81931e-08
203 1.81931e-08
204 1.81931e-08
205 1.81931e-08
206 1.81931e-08
207 1.81931e-08
208 1.81931e-08
209 1.81931e-08
210 1.81931e-08
211 1.81931e-08
212 1.81931e-08
213 1.81931e-08
214 1.81931e-08
215 1.81931e-08
216 1.81931e-08
217 1.81931e-08
218 1.81931e-08
219 1.81931e-08
220 1.81931e-08
221 1.81931e-08
222 1.81931e-08
223 1.81931e-08
224 1.81931e-08
225 1.81931e-08
226 1.81931e-08
227 1.81931e-08
228 1.81931e-08
229 1.81931e-08
230 1.81931e-08
231 1.81931e-08
232 1.81931e-08
233 1.81931e-08
234 1.81931e-08
235 1.81931e-08
236 1.81931e-08
237 1.81931e-08
238 1.81931e-08
239 1.81931e-08
240 1.87143e-08
241 2.21268e-08
242 3.50848e-08
243 7.96188e-08
244 2.39129e-07
245 8.32048e-07
246 3.08151e-06
247 1.16682e-05
248 4.42652e-05
249 0.000166452
250 0.000617607
251 0.00226184
252 0.0033499
253 0.00407209
254 0.00673581
255 0.00857926
256 0.0157894
257 0.0211025
258 0.0251024
259 0.0417753
260 0.054458
261 0.106794
262 0.31939
263 0.474259
264 0.584641
265 0.661475
266 0.713607
267 0.747976
268 0.769812
269 0.782824
270 0.789302
271 0.790026
272 0.803728
273 0.808582
274 0.831306
275 0.897127
276 0.928041
277 0.940669
278 0.943127
279 0.938422
280 0.926273
281 0.903924
282 0.86632
283 0.805934
284 0.712397
285 0.571903
286 0.534296
287 0.480211
288 0.403115
289 0.29297
290 0.13353
291 0.0904601
292 0.0254203
293 0.00716485
294 0.00200555
295 0.000552975
296 0.000149317
297 3.93516e-05
298 1.0111e-05
299 2.5388e-06
300 6.30348e-07
301 1.61984e-07
302 5.02211e-08
303 2.44222e-08
304 1.89109e-08
305 1.81931e-08
306 1.81931e-08
307 1.81931e-08
308 1.81931e-08
309 1.81931e-08
310 1.81931e-08
311 1.81931e-08
312 1.81931e-08
313 1.81931e-08
314 1.81931e-08
315 1.81931e-08
316 1.81931e-08
317 1.81931e-08
318 1.81931e-08
319 1.81931e-08
320 1.81931e-08
321 1.81931e-08
322 1.81931e-08
323 1.81931e-08
324 1.81931e-08
325 1.81931e-08
326 1.81931e-08
327 1.81931e-08
328 1.81931e-08
329 1.81931e-08
330 1.81931e-08
331 1.81931e-08
332 1.81931e-08
333 1.81931e-08
334 1.81931e-08
335 1.81931e-08
336 1.81931e-08
337 1.81931e-08
338 1.81931e-08
339 1.81931e-08
340 1.81931e-08
341 1.81931e-08
342 1.81931e-08
343 1.81931e-08
344 1.81931e-08
345 1.81931e-08
346 1.81931e-08
347 1.81931e-08
348 1.81931e-08
349 1.81931e-08
350 1.81931e-08
351 1.81931e-08
352 1.81931e-08
353 1.81931e-08
354 1.81931e-08
355 1.81931e-08
356 1.81931e-08
357 1.81931e-08
358 1.81931e-08
359 1.81931e-08
360 1.81931e-08
361 1.81931e-08
362 1.81931e-08
363 1.81931e-08
364 1.81931e-08
365 1.81931e-08
366 1.81931e-08
367 1.81931e-08
368 1.81931e-08
369 1.81931e-08
370 1.81931e-08
371 1.81931e-08
372 1.81931e-08
373 1.81931e-08
374 1.81931e-08
375 1.81931e-08
376 1.81931e-08
377 1.81931e-08
378 1.81931e-08
379 1.81931e-08
380 1.81931e-08
381 1.81931e-08
382 1.81931e-08
383 1.81931e-08
384 1.81931e-08
385 1.81931e-08
386 1.81931e-08
387 1.81931e-08
388 1.81931e-08
389 1.81931e-08
390 1.81931e-08
391 1.81931e-08
392 1.81931e-08
393 1.81931e-08
394 1.81931e-08
395 1.81931e-08
396 1.81931e-08
397 1.81931e-08
398 1.81931e-08
399 1.81931e-08
400 1.81931e-08
401 1.81931e-08
402 1.81931e-08
403 1.81931e-08
404 1.81931e-08
405 1.81931e-08
406 1.81931e-08
407 1.81931e-08
408 1.81931e-08
409 1.81931e-08
410 1.81931e-08
411 1.81931e-08
412 1.81931e-08
413 1.81931e-08
414 1.81931e-08
415 1.81931e-08
416 1.81931e-08
417 1.81931e-08
418 1.81931e-08
419 1.81931e-08
420 1.81931e-08
421 1.81931e-08
422 1.81931e-08
423 1.81931e-08
424 1.81931e-08
425 1.81931e-08
426 1.81931e-08
427 1.81931e-08
428 1.81931e-08
429 1.81931e-08
430 1.81931e-08
431 1.81931e-08
432 1.81931e-08
433 1.81931e-08
434 1.81931e-08
435 1.81931e-08
436 1.81931e-08
437 1.81931e-08
438 1.81931e-08
439 1.81931e-08
440 1.81931e-08
441 1.81931e-08
442 1.81931e-08
443 1.81931e-08
444 1.81931e-08
445 1.81931e-08
446 1.81931e-08
447 1.81931e-08
448 1.81931e-08
449 1.81931e-08
450 1.81931e-08
451 1.81931e-08
452 1.81931e-08
453 1.81931e-08
454 1.81931e-08
455 1.81931e-08
456 1.81931e-08
457 1.81931e-08
458 1.81931e-08
459 1.81931e-08
460 1.81931e-08
461 1.81931e-08
462 1.81931e-08
463 1.81931e-08
464 1.81931e-08
465 1.81931e-08
466 1.81931e-08
467 1.81931e-08
468 1.81931e-08
469 1.81931e-08
470 1.81931e-08
471 1.81931e-08
472 1.81931e-08
473 1.81931e-08
474 1.81931e-08
475 1.81931e-08
476 1.81931e-08
477 1.81931e-08
478 1.81931e-08
479 1.81931e-08
480 1.81931e-08
481 1.81931e-08
482 1.81931e-08
483 1.81931e-08
484 1.81931e-08
485 1.81931e-08
486 1.81931e-08
487 1.81931e-08
488 1.81931e-08
489 1.81931e-08
490 1.81931e-08
491 1.81931e-08
492 1.81931e-08
493 1.81931e-08
494 1.81931e-08
495 1.81931e-08
496 1.81931e-08
497 1.81931e-08
498 1.81931e-08
499 1.81931e-08
500 1.81931e-08
501 1.81931e-08
502 1.81931e-08
503 1.81931e-08
504 1.81931e-08
505 1.81931e-08
506 1.81931e-08
507 1.81931e-08
508 1.81931e-08
509 1.81931e-08
510 1.81931e-08
511 1.81931e-08
512 1.81931e-08
513 1.81931e-08
514 1.81931e-08
515 1.81931e-08
516 1.81931e-08
517 1.81931e-08
518 1.81931e-08
519 1.81931e-08
520 1.81931e-08
521 1.81931e-08
522 1.81931e-08
523 1.81931e-08
524 1.81931e-08
525 1.81931e-08
526 1.81931e-08
527 1.81931e-08
528 1.81931e-08
529 1.81931e-08
530 1.81931e-08
531 1.81931e-08
532 1.81931e-08
533 1.81931e-08
534 1.81931e-08
535 1.81931e-08
536 1.81931e-08
537 1.81931e-08
538 1.81931e-08
539 1.81931e-08
540 1.81931e-08
541 1.81931e-08
542 1.81931e-08
