1 1.26705e-09
2 1.26705e-09
3 1.26705e-09
4 1.26705e-09
5 1.26705e-09
6 1.26705e-09
7 1.26705e-09
8 1.26705e-09
9 1.26705e-09
10 1.26705e-09
11 1.26705e-09
12 1.26705e-09
13 1.26705e-09
14 1.26705e-09
15 1.26705e-09
16 1.26705e-09
17 1.26705e-09
18 1.26705e-09
19 1.26705e-09
20 1.26705e-09
21 1.26705e-09
22 1.26705e-09
23 1.26705e-09
24 1.26705e-09
25 1.26705e-09
26 1.26705e-09
27 1.26705e-09
28 1.26705e-09
29 1.26705e-09
30 1.26705e-09
31 1.26705e-09
32 1.26705e-09
33 1.26705e-09
34 1.26705e-09
35 1.26705e-09
36 1.26705e-09
37 1.26705e-09
38 1.26705e-09
39 1.26705e-09
40 1.26705e-09
41 1.26705e-09
42 1.26705e-09
43 1.26705e-09
44 1.26705e-09
45 1.26705e-09
46 1.26705e-09
47 1.26705e-09
48 1.26705e-09
49 1.26705e-09
50 1.26705e-09
51 1.26705e-09
52 1.26705e-09
53 1.26705e-09
54 1.26705e-09
55 1.26705e-09
56 1.26705e-09
57 1.26705e-09
58 1.26705e-09
59 1.26705e-09
60 1.26705e-09
61 1.26705e-09
62 1.26705e-09
63 1.26705e-09
64 1.26705e-09
65 1.26705e-09
66 1.26705e-09
67 1.26705e-09
68 1.26705e-09
69 1.26705e-09
70 1.26705e-09
71 1.26705e-09
72 1.26705e-09
73 1.26705e-09
74 1.26705e-09
75 1.26705e-09
76 1.26705e-09
77 1.26705e-09
78 1.26705e-09
79 1.26705e-09
80 1.26705e-09
81 1.26705e-09
82 1.26705e-09
83 1.26705e-09
84 1.26705e-09
85 1.26705e-09
86 1.26705e-09
87 1.26705e-09
88 1.26705e-09
89 1.26705e-09
90 1.26705e-09
91 1.26705e-09
92 1.26705e-09
93 1.26705e-09
94 1.26705e-09
95 1.26705e-09
96 1.26705e-09
97 1.26705e-09
98 1.26705e-09
99 1.26705e-09
100 1.26705e-09
101 1.26705e-09
102 1.26705e-09
103 1.26705e-09
104 1.26705e-09
105 1.26705e-09
106 1.26705e-09
107 1.26705e-09
108 1.26705e-09
109 1.26705e-09
110 1.26705e-09
111 1.26705e-09
112 1.26705e-09
113 1.26705e-09
114 1.26705e-09
115 1.26705e-09
116 1.26705e-09
117 1.26705e-09
118 1.26705e-09
119 1.26705e-09
120 1.26705e-09
121 1.26705e-09
122 1.26705e-09
123 1.26705e-09
124 1.26705e-09
125 1.26705e-09
126 1.26705e-09
127 1.26705e-09
128 1.26705e-09
129 1.26705e-09
130 1.26705e-09
131 1.26705e-09
132 1.26705e-09
133 1.26705e-09
134 1.26705e-09
135 1.26705e-09
136 1.26705e-09
137 1.26705e-09
138 1.26705e-09
139 1.26705e-09
140 1.26705e-09
141 1.26705e-09
142 1.26705e-09
143 1.26705e-09
144 1.26705e-09
145 1.26705e-09
146 1.26705e-09
147 1.26705e-09
148 1.26705e-09
149 1.26705e-09
150 1.26705e-09
151 1.26705e-09
152 1.26705e-09
153 1.26705e-09
154 1.26705e-09
155 1.26705e-09
156 1.26705e-09
157 1.26705e-09
158 1.26705e-09
159 1.26705e-09
160 1.26705e-09
161 1.26705e-09
162 1.26705e-09
163 1.26705e-09
164 1.26705e-09
165 1.26705e-09
166 1.26705e-09
167 1.26705e-09
168 1.26705e-09
169 1.26705e-09
170 1.26705e-09
171 1.26705e-09
172 1.26705e-09
173 1.26705e-09
174 1.26705e-09
175 1.26705e-09
176 1.26705e-09
177 1.26705e-09
178 1.26705e-09
179 1.26705e-09
180 1.26705e-09
181 1.26705e-09
182 1.26705e-09
183 1.26705e-09
184 1.26705e-09
185 1.26705e-09
186 1.26705e-09
187 1.26705e-09
188 1.26705e-09
189 1.26705e-09
190 1.26705e-09
191 1.26705e-09
192 1.26705e-09
193 1.26705e-09
194 1.26705e-09
195 1.26705e-09
196 1.26705e-09
197 1.26705e-09
198 1.26705e-09
199 1.26705e-09
200 1.26705e-09
201 1.26705e-09
202 1.26705e-09
203 1.26705e-09
204 1.26705e-09
205 1.26705e-09
206 1.26705e-09
207 1.26705e-09
208 1.26705e-09
209 1.26705e-09
210 1.26705e-09
211 1.26705e-09
212 1.26705e-09
213 1.26705e-09
214 1.26705e-09
215 1.26705e-09
216 1.26705e-09
217 1.26705e-09
218 1.26705e-09
219 1.26705e-09
220 1.26705e-09
221 1.26705e-09
222 1.26705e-09
223 1.26705e-09
224 1.26705e-09
225 1.26705e-09
226 1.26705e-09
227 1.26705e-09
228 1.26705e-09
229 1.26705e-09
230 1.26705e-09
231 1.26705e-09
232 1.26705e-09
233 1.26705e-09
234 1.26705e-09
235 1.26705e-09
236 1.26705e-09
237 1.26705e-09
238 1.26705e-09
239 1.26705e-09
240 1.26705e-09
241 4.24288e-09
242 1.88537e-08
243 8.02678e-08
244 3.12529e-07
245 1.16646e-06
246 4.28372e-06
247 1.56846e-05
248 5.78924e-05
249 0.000217593
250 0.00083874
251 0.00332132
252 0.00517385
253 0.00657215
254 0.0123547
255 0.0166966
256 0.0342986
257 0.0471204
258 0.0562737
259 0.091234
260 0.115078
261 0.201849
262 0.509491
263 0.703509
264 0.822374
265 0.892996
266 0.93361
267 0.956167
268 0.968221
269 0.974354
270 0.977188
271 0.978053
272 0.981443
273 0.982454
274 0.985801
275 0.993416
276 0.996103
277 0.996704
278 0.996142
279 0.994335
280 0.990374
281 0.982224
282 0.965956
283 0.934414
284 0.875155
285 0.76748
286 0.732922
287 0.674328
288 0.578317
289 0.426063
290 0.191849
291 0.127714
292 0.0337041
293 0.00887246
294 0.00235088
295 0.000631457
296 0.000172476
297 4.78092e-05
298 1.3364e-05
299 3.734e-06
300 1.03256e-06
301 2.79407e-07
302 7.26929e-08
303 1.72313e-08
304 3.94091e-09
305 1.26705e-09
306 1.26705e-09
307 1.26705e-09
308 1.26705e-09
309 1.26705e-09
310 1.26705e-09
311 1.26705e-09
312 1.26705e-09
313 1.26705e-09
314 1.26705e-09
315 1.26705e-09
316 1.26705e-09
317 1.26705e-09
318 1.26705e-09
319 1.26705e-09
320 1.26705e-09
321 1.26705e-09
322 1.26705e-09
323 1.26705e-09
324 1.26705e-09
325 1.26705e-09
326 1.26705e-09
327 1.26705e-09
328 1.26705e-09
329 1.26705e-09
330 1.26705e-09
331 1.26705e-09
332 1.26705e-09
333 1.26705e-09
334 1.26705e-09
335 1.26705e-09
336 1.26705e-09
337 1.26705e-09
338 1.26705e-09
339 1.26705e-09
340 1.26705e-09
341 1.26705e-09
342 1.26705e-09
343 1.26705e-09
344 1.26705e-09
345 1.26705e-09
346 1.26705e-09
347 1.26705e-09
348 1.26705e-09
349 1.26705e-09
350 1.26705e-09
351 1.26705e-09
352 1.26705e-09
353 1.26705e-09
354 1.26705e-09
355 1.26705e-09
356 1.26705e-09
357 1.26705e-09
358 1.26705e-09
359 1.26705e-09
360 1.26705e-09
361 1.26705e-09
362 1.26705e-09
363 1.26705e-09
364 1.26705e-09
365 1.26705e-09
366 1.26705e-09
367 1.26705e-09
368 1.26705e-09
369 1.26705e-09
370 1.26705e-09
371 1.26705e-09
372 1.26705e-09
373 1.26705e-09
374 1.26705e-09
375 1.26705e-09
376 1.26705e-09
377 1.26705e-09
378 1.26705e-09
379 1.26705e-09
380 1.26705e-09
381 1.26705e-09
382 1.26705e-09
383 1.26705e-09
384 1.26705e-09
385 1.26705e-09
386 1.26705e-09
387 1.26705e-09
388 1.26705e-09
389 1.26705e-09
390 1.26705e-09
391 1.26705e-09
392 1.26705e-09
393 1.26705e-09
394 1.26705e-09
395 1.26705e-09
396 1.26705e-09
397 1.26705e-09
398 1.26705e-09
399 1.26705e-09
400 1.26705e-09
401 1.26705e-09
402 1.26705e-09
403 1.26705e-09
404 1.26705e-09
405 1.26705e-09
406 1.26705e-09
407 1.26705e-09
408 1.26705e-09
409 1.26705e-09
410 1.26705e-09
411 1.26705e-09
412 1.26705e-09
413 1.26705e-09
414 1.26705e-09
415 1.26705e-09
416 1.26705e-09
417 1.26705e-09
418 1.26705e-09
419 1.26705e-09
420 1.26705e-09
421 1.26705e-09
422 1.26705e-09
423 1.26705e-09
424 1.26705e-09
425 1.26705e-09
426 1.26705e-09
427 1.26705e-09
428 1.26705e-09
429 1.26705e-09
430 1.26705e-09
431 1.26705e-09
432 1.26705e-09
433 1.26705e-09
434 1.26705e-09
435 1.26705e-09
436 1.26705e-09
437 1.26705e-09
438 1.26705e-09
439 1.26705e-09
440 1.26705e-09
441 1.26705e-09
442 1.26705e-09
443 1.26705e-09
444 1.26705e-09
445 1.26705e-09
446 1.26705e-09
447 1.26705e-09
448 1.26705e-09
449 1.26705e-09
450 1.26705e-09
451 1.26705e-09
452 1.26705e-09
453 1.26705e-09
454 1.26705e-09
455 1.26705e-09
456 1.26705e-09
457 1.26705e-09
458 1.26705e-09
459 1.26705e-09
460 1.26705e-09
461 1.26705e-09
462 1.26705e-09
463 1.26705e-09
464 1.26705e-09
465 1.26705e-09
466 1.26705e-09
467 1.26705e-09
468 1.26705e-09
469 1.26705e-09
470 1.26705e-09
471 1.26705e-09
472 1.26705e-09
473 1.26705e-09
474 1.26705e-09
475 1.26705e-09
476 1.26705e-09
477 1.26705e-09
478 1.26705e-09
479 1.26705e-09
480 1.26705e-09
481 1.26705e-09
482 1.26705e-09
483 1.26705e-09
484 1.26705e-09
485 1.26705e-09
486 1.26705e-09
487 1.26705e-09
488 1.26705e-09
489 1.26705e-09
490 1.26705e-09
491 1.26705e-09
492 1.26705e-09
493 1.26705e-09
494 1.26705e-09
495 1.26705e-09
496 1.26705e-09
497 1.26705e-09
498 1.26705e-09
499 1.26705e-09
500 1.26705e-09
501 1.26705e-09
502 1.26705e-09
503 1.26705e-09
504 1.26705e-09
505 1.26705e-09
506 1.26705e-09
507 1.26705e-09
508 1.26705e-09
509 1.26705e-09
510 1.26705e-09
511 1.26705e-09
512 1.26705e-09
513 1.26705e-09
514 1.26705e-09
515 1.26705e-09
516 1.26705e-09
517 1.26705e-09
518 1.26705e-09
519 1.26705e-09
520 1.26705e-09
521 1.26705e-09
522 1.26705e-09
523 1.26705e-09
524 1.26705e-09
525 1.26705e-09
526 1.26705e-09
527 1.26705e-09
528 1.26705e-09
529 1.26705e-09
530 1.26705e-09
531 1.26705e-09
532 1.26705e-09
533 1.26705e-09
534 1.26705e-09
535 1.26705e-09
536 1.26705e-09
537 1.26705e-09
538 1.26705e-09
539 1.26705e-09
540 1.26705e-09
541 1.26705e-09
542 1.26705e-09
