1 6.59285e-08
2 6.59285e-08
3 6.59285e-08
4 6.59285e-08
5 6.59285e-08
6 6.59285e-08
7 6.59285e-08
8 6.59285e-08
9 6.59285e-08
10 6.59285e-08
11 6.59285e-08
12 6.59285e-08
13 6.59285e-08
14 6.59285e-08
15 6.59285e-08
16 6.59285e-08
17 6.59285e-08
18 6.59285e-08
19 6.59285e-08
20 6.59285e-08
21 6.59285e-08
22 6.59285e-08
23 6.59285e-08
24 6.59285e-08
25 6.59285e-08
26 6.59285e-08
27 6.59285e-08
28 6.59285e-08
29 6.59285e-08
30 6.59285e-08
31 6.59285e-08
32 6.59285e-08
33 6.59285e-08
34 6.59285e-08
35 6.59285e-08
36 6.59285e-08
37 6.59285e-08
38 6.59285e-08
39 6.59285e-08
40 6.59285e-08
41 6.59285e-08
42 6.59285e-08
43 6.59285e-08
44 6.59285e-08
45 6.59285e-08
46 6.59285e-08
47 6.59285e-08
48 6.59285e-08
49 6.59285e-08
50 6.59285e-08
51 6.59285e-08
52 6.59285e-08
53 6.59285e-08
54 6.59285e-08
55 6.59285e-08
56 6.59285e-08
57 6.59285e-08
58 6.59285e-08
59 6.59285e-08
60 6.59285e-08
61 6.59285e-08
62 6.59285e-08
63 6.59285e-08
64 6.59285e-08
65 6.59285e-08
66 6.59285e-08
67 6.59285e-08
68 6.59285e-08
69 6.59285e-08
70 6.59285e-08
71 6.59285e-08
72 6.59285e-08
73 6.59285e-08
74 6.59285e-08
75 6.59285e-08
76 6.59285e-08
77 6.59285e-08
78 6.59285e-08
79 6.59285e-08
80 6.59285e-08
81 6.59285e-08
82 6.59285e-08
83 6.59285e-08
84 6.59285e-08
85 6.59285e-08
86 6.59285e-08
87 6.59285e-08
88 6.59285e-08
89 6.59285e-08
90 6.59285e-08
91 6.59285e-08
92 6.59285e-08
93 6.59285e-08
94 6.59285e-08
95 6.59285e-08
96 6.59285e-08
97 6.59285e-08
98 6.59285e-08
99 6.59285e-08
100 6.59285e-08
101 6.59285e-08
102 6.59285e-08
103 6.59285e-08
104 6.59285e-08
105 6.59285e-08
106 6.59285e-08
107 6.59285e-08
108 6.59285e-08
109 6.59285e-08
110 6.59285e-08
111 6.59285e-08
112 6.59285e-08
113 6.59285e-08
114 6.59285e-08
115 6.59285e-08
116 6.59285e-08
117 6.59285e-08
118 6.59285e-08
119 6.59285e-08
120 6.59285e-08
121 6.59285e-08
122 6.59285e-08
123 6.59285e-08
124 6.59285e-08
125 6.59285e-08
126 6.59285e-08
127 6.59285e-08
128 6.59285e-08
129 6.59285e-08
130 6.59285e-08
131 6.59285e-08
132 6.59285e-08
133 6.59285e-08
134 6.59285e-08
135 6.59285e-08
136 6.59285e-08
137 6.59285e-08
138 6.59285e-08
139 6.59285e-08
140 6.59285e-08
141 6.59285e-08
142 6.59285e-08
143 6.59285e-08
144 6.59285e-08
145 6.59285e-08
146 6.59285e-08
147 6.59285e-08
148 6.59285e-08
149 6.59285e-08
150 6.59285e-08
151 6.59285e-08
152 6.59285e-08
153 6.59285e-08
154 6.59285e-08
155 6.59285e-08
156 6.59285e-08
157 6.59285e-08
158 6.59285e-08
159 6.59285e-08
160 6.59285e-08
161 6.59285e-08
162 6.59285e-08
163 6.59285e-08
164 6.59285e-08
165 6.59285e-08
166 6.59285e-08
167 6.59285e-08
168 6.59285e-08
169 6.59285e-08
170 6.59285e-08
171 6.59285e-08
172 6.59285e-08
173 6.59285e-08
174 6.59285e-08
175 6.59285e-08
176 6.59285e-08
177 6.59285e-08
178 6.59285e-08
179 6.59285e-08
180 6.59285e-08
181 6.59285e-08
182 6.59285e-08
183 6.59285e-08
184 6.59285e-08
185 6.59285e-08
186 6.59285e-08
187 6.59285e-08
188 6.59285e-08
189 6.59285e-08
190 6.59285e-08
191 6.59285e-08
192 6.59285e-08
193 6.59285e-08
194 6.59285e-08
195 6.59285e-08
196 6.59285e-08
197 6.59285e-08
198 6.59285e-08
199 6.59285e-08
200 6.59285e-08
201 6.59285e-08
202 6.59285e-08
203 6.59285e-08
204 6.59285e-08
205 6.59285e-08
206 6.59285e-08
207 6.59285e-08
208 6.59285e-08
209 6.59285e-08
210 6.59285e-08
211 6.59285e-08
212 6.59285e-08
213 6.59285e-08
214 6.59285e-08
215 6.59285e-08
216 6.59285e-08
217 6.59285e-08
218 6.59285e-08
219 6.59285e-08
220 6.59285e-08
221 6.59285e-08
222 6.59285e-08
223 6.60794e-08
224 6.74006e-08
225 7.2343e-08
226 8.83004e-08
227 1.34905e-07
228 2.67156e-07
229 6.30559e-07
230 1.59886e-06
231 4.1013e-06
232 1.03677e-05
233 2.55615e-05
234 6.12025e-05
235 0.000142021
236 0.000319033
237 0.000693214
238 0.00145603
239 0.00295469
240 0.00579016
241 0.0109531
242 0.0199953
243 0.0352185
244 0.0598453
245 0.0981138
246 0.155225
247 0.237082
248 0.349789
249 0.498948
250 0.688859
251 0.9218
252 0.972219
253 0.982778
254 0.994517
255 0.996841
256 0.999302
257 0.99977
258 0.999858
259 0.999947
260 0.999963
261 0.99998
262 0.999996
263 0.999999
264 1
265 1
266 1
267 1
268 1
269 1
270 1
271 1
272 1
273 1
274 1
275 1
276 1
277 1
278 1
279 1
280 1
281 1
282 0.999999
283 0.999996
284 0.99998
285 0.999892
286 0.999807
287 0.999359
288 0.997052
289 0.985436
290 0.928537
291 0.879136
292 0.652376
293 0.468891
294 0.325998
295 0.219029
296 0.142117
297 0.0890186
298 0.0538226
299 0.0314164
300 0.0177099
301 0.00964702
302 0.00508186
303 0.00259134
304 0.00128056
305 0.000614113
306 0.000286255
307 0.000129931
308 5.75513e-05
309 2.49407e-05
310 1.06106e-05
311 4.45409e-06
312 1.86166e-06
313 7.89256e-07
314 3.52433e-07
315 1.76948e-07
316 1.07479e-07
317 8.03189e-08
318 6.99763e-08
319 6.65938e-08
320 6.59285e-08
321 6.59285e-08
322 6.59285e-08
323 6.59285e-08
324 6.59285e-08
325 6.59285e-08
326 6.59285e-08
327 6.59285e-08
328 6.59285e-08
329 6.59285e-08
330 6.59285e-08
331 6.59285e-08
332 6.59285e-08
333 6.59285e-08
334 6.59285e-08
335 6.59285e-08
336 6.59285e-08
337 6.59285e-08
338 6.59285e-08
339 6.59285e-08
340 6.59285e-08
341 6.59285e-08
342 6.59285e-08
343 6.59285e-08
344 6.59285e-08
345 6.59285e-08
346 6.59285e-08
347 6.59285e-08
348 6.59285e-08
349 6.59285e-08
350 6.59285e-08
351 6.59285e-08
352 6.59285e-08
353 6.59285e-08
354 6.59285e-08
355 6.59285e-08
356 6.59285e-08
357 6.59285e-08
358 6.59285e-08
359 6.59285e-08
360 6.59285e-08
361 6.59285e-08
362 6.59285e-08
363 6.59285e-08
364 6.59285e-08
365 6.59285e-08
366 6.59285e-08
367 6.59285e-08
368 6.59285e-08
369 6.59285e-08
370 6.59285e-08
371 6.59285e-08
372 6.59285e-08
373 6.59285e-08
374 6.59285e-08
375 6.59285e-08
376 6.59285e-08
377 6.59285e-08
378 6.59285e-08
379 6.59285e-08
380 6.59285e-08
381 6.59285e-08
382 6.59285e-08
383 6.59285e-08
384 6.59285e-08
385 6.59285e-08
386 6.59285e-08
387 6.59285e-08
388 6.59285e-08
389 6.59285e-08
390 6.59285e-08
391 6.59285e-08
392 6.59285e-08
393 6.59285e-08
394 6.59285e-08
395 6.59285e-08
396 6.59285e-08
397 6.59285e-08
398 6.59285e-08
399 6.59285e-08
400 6.59285e-08
401 6.59285e-08
402 6.59285e-08
403 6.59285e-08
404 6.59285e-08
405 6.59285e-08
406 6.59285e-08
407 6.59285e-08
408 6.59285e-08
409 6.59285e-08
410 6.59285e-08
411 6.59285e-08
412 6.59285e-08
413 6.59285e-08
414 6.59285e-08
415 6.59285e-08
416 6.59285e-08
417 6.59285e-08
418 6.59285e-08
419 6.59285e-08
420 6.59285e-08
421 6.59285e-08
422 6.59285e-08
423 6.59285e-08
424 6.59285e-08
425 6.59285e-08
426 6.59285e-08
427 6.59285e-08
428 6.59285e-08
429 6.59285e-08
430 6.59285e-08
431 6.59285e-08
432 6.59285e-08
433 6.59285e-08
434 6.59285e-08
435 6.59285e-08
436 6.59285e-08
437 6.59285e-08
438 6.59285e-08
439 6.59285e-08
440 6.59285e-08
441 6.59285e-08
442 6.59285e-08
443 6.59285e-08
444 6.59285e-08
445 6.59285e-08
446 6.59285e-08
447 6.59285e-08
448 6.59285e-08
449 6.59285e-08
450 6.59285e-08
451 6.59285e-08
452 6.59285e-08
453 6.59285e-08
454 6.59285e-08
455 6.59285e-08
456 6.59285e-08
457 6.59285e-08
458 6.59285e-08
459 6.59285e-08
460 6.59285e-08
461 6.59285e-08
462 6.59285e-08
463 6.59285e-08
464 6.59285e-08
465 6.59285e-08
466 6.59285e-08
467 6.59285e-08
468 6.59285e-08
469 6.59285e-08
470 6.59285e-08
471 6.59285e-08
472 6.59285e-08
473 6.59285e-08
474 6.59285e-08
475 6.59285e-08
476 6.59285e-08
477 6.59285e-08
478 6.59285e-08
479 6.59285e-08
480 6.59285e-08
481 6.59285e-08
482 6.59285e-08
483 6.59285e-08
484 6.59285e-08
485 6.59285e-08
486 6.59285e-08
487 6.59285e-08
488 6.59285e-08
489 6.59285e-08
490 6.59285e-08
491 6.59285e-08
492 6.59285e-08
493 6.59285e-08
494 6.59285e-08
495 6.59285e-08
496 6.59285e-08
497 6.59285e-08
498 6.59285e-08
499 6.59285e-08
500 6.59285e-08
501 6.59285e-08
502 6.59285e-08
503 6.59285e-08
504 6.59285e-08
505 6.59285e-08
506 6.59285e-08
507 6.59285e-08
508 6.59285e-08
509 6.59285e-08
510 6.59285e-08
511 6.59285e-08
512 6.59285e-08
513 6.59285e-08
514 6.59285e-08
515 6.59285e-08
516 6.59285e-08
517 6.59285e-08
518 6.59285e-08
519 6.59285e-08
520 6.59285e-08
521 6.59285e-08
522 6.59285e-08
523 6.59285e-08
524 6.59285e-08
525 6.59285e-08
526 6.59285e-08
527 6.59285e-08
528 6.59285e-08
529 6.59285e-08
530 6.59285e-08
531 6.59285e-08
532 6.59285e-08
533 6.59285e-08
534 6.59285e-08
535 6.59285e-08
536 6.59285e-08
537 6.59285e-08
538 6.59285e-08
539 6.59285e-08
540 6.59285e-08
541 6.59285e-08
542 6.59285e-08
