1 3.07299e-09
2 3.07299e-09
3 3.07299e-09
4 3.07299e-09
5 3.07299e-09
6 3.07299e-09
7 3.07299e-09
8 3.07299e-09
9 3.07299e-09
10 3.07299e-09
11 3.07299e-09
12 3.07299e-09
13 3.07299e-09
14 3.07299e-09
15 3.07299e-09
16 3.07299e-09
17 3.07299e-09
18 3.07299e-09
19 3.07299e-09
20 3.07299e-09
21 3.07299e-09
22 3.07299e-09
23 3.07299e-09
24 3.07299e-09
25 3.07299e-09
26 3.07299e-09
27 3.07299e-09
28 3.07299e-09
29 3.07299e-09
30 3.07299e-09
31 3.07299e-09
32 3.07299e-09
33 3.07299e-09
34 3.07299e-09
35 3.07299e-09
36 3.07299e-09
37 3.07299e-09
38 3.07299e-09
39 3.07299e-09
40 3.07299e-09
41 3.07299e-09
42 3.07299e-09
43 3.07299e-09
44 3.07299e-09
45 3.07299e-09
46 3.07299e-09
47 3.07299e-09
48 3.07299e-09
49 3.07299e-09
50 3.07299e-09
51 3.07299e-09
52 3.07299e-09
53 3.07299e-09
54 3.07299e-09
55 3.07299e-09
56 3.07299e-09
57 3.07299e-09
58 3.07299e-09
59 3.07299e-09
60 3.07299e-09
61 3.07299e-09
62 3.07299e-09
63 3.07299e-09
64 3.07299e-09
65 3.07299e-09
66 3.07299e-09
67 3.07299e-09
68 3.07299e-09
69 3.07299e-09
70 3.07299e-09
71 3.07299e-09
72 3.07299e-09
73 3.07299e-09
74 3.07299e-09
75 3.07299e-09
76 3.07299e-09
77 3.07299e-09
78 3.07299e-09
79 3.07299e-09
80 3.07299e-09
81 3.07299e-09
82 3.07299e-09
83 3.07299e-09
84 3.07299e-09
85 3.07299e-09
86 3.07299e-09
87 3.07299e-09
88 3.07299e-09
89 3.07299e-09
90 3.07299e-09
91 3.07299e-09
92 3.07299e-09
93 3.07299e-09
94 3.07299e-09
95 3.07299e-09
96 3.07299e-09
97 3.07299e-09
98 3.07299e-09
99 3.07299e-09
100 3.07299e-09
101 3.07299e-09
102 3.07299e-09
103 3.07299e-09
104 3.07299e-09
105 3.07299e-09
106 3.07299e-09
107 3.07299e-09
108 3.07299e-09
109 3.07299e-09
110 3.07299e-09
111 3.07299e-09
112 3.07299e-09
113 3.07299e-09
114 3.07299e-09
115 3.07299e-09
116 3.07299e-09
117 3.07299e-09
118 3.07299e-09
119 3.07299e-09
120 3.07299e-09
121 3.07299e-09
122 3.07299e-09
123 3.07299e-09
124 3.07299e-09
125 3.07299e-09
126 3.07299e-09
127 3.07299e-09
128 3.07299e-09
129 3.07299e-09
130 3.07299e-09
131 3.07299e-09
132 3.07299e-09
133 3.07299e-09
134 3.07299e-09
135 3.07299e-09
136 3.07299e-09
137 3.07299e-09
138 3.07299e-09
139 3.07299e-09
140 3.07299e-09
141 3.07299e-09
142 3.07299e-09
143 3.07299e-09
144 3.07299e-09
145 3.07299e-09
146 3.07299e-09
147 3.07299e-09
148 3.07299e-09
149 3.07299e-09
150 3.07299e-09
151 3.07299e-09
152 3.07299e-09
153 3.07299e-09
154 3.07299e-09
155 3.07299e-09
156 3.07299e-09
157 3.07299e-09
158 3.07299e-09
159 3.07299e-09
160 3.07299e-09
161 3.07299e-09
162 3.07299e-09
163 3.07299e-09
164 3.07299e-09
165 3.07299e-09
166 3.07299e-09
167 3.07299e-09
168 3.07299e-09
169 3.07299e-09
170 3.07299e-09
171 3.07299e-09
172 3.07299e-09
173 3.07299e-09
174 3.07299e-09
175 3.07299e-09
176 3.07299e-09
177 3.07299e-09
178 3.07299e-09
179 3.07299e-09
180 3.07299e-09
181 3.07299e-09
182 3.07299e-09
183 3.07299e-09
184 3.07299e-09
185 3.07299e-09
186 3.07299e-09
187 3.07299e-09
188 3.07299e-09
189 3.07299e-09
190 3.07299e-09
191 3.07299e-09
192 3.07299e-09
193 3.07299e-09
194 3.07299e-09
195 3.07299e-09
196 3.07299e-09
197 3.07299e-09
198 3.07299e-09
199 3.07299e-09
200 3.07299e-09
201 3.07299e-09
202 3.07299e-09
203 3.07299e-09
204 3.07299e-09
205 3.07299e-09
206 3.07299e-09
207 3.07299e-09
208 3.07299e-09
209 3.07299e-09
210 3.07299e-09
211 3.07299e-09
212 3.07299e-09
213 3.07299e-09
214 3.07299e-09
215 3.07299e-09
216 3.07299e-09
217 3.07299e-09
218 3.07299e-09
219 3.07299e-09
220 3.07299e-09
221 3.07299e-09
222 3.07299e-09
223 3.07299e-09
224 3.07299e-09
225 3.07299e-09
226 3.07299e-09
227 3.07299e-09
228 3.07299e-09
229 3.07299e-09
230 3.07299e-09
231 3.07299e-09
232 3.07299e-09
233 3.07299e-09
234 3.07299e-09
235 3.07299e-09
236 3.07299e-09
237 3.07299e-09
238 3.07299e-09
239 6.30872e-09
240 2.60258e-08
241 1.09952e-07
242 4.5409e-07
243 1.85126e-06
244 7.45495e-06
245 2.95862e-05
246 0.00011542
247 0.000441678
248 0.00165522
249 0.00606689
250 0.0217234
251 0.0759026
252 0.109286
253 0.129293
254 0.19299
255 0.22895
256 0.336483
257 0.393326
258 0.422336
259 0.500393
260 0.537353
261 0.629351
262 0.849126
263 0.941128
264 0.977993
265 0.992116
266 0.997282
267 0.999084
268 0.999684
269 0.999873
270 0.999929
271 0.999941
272 0.999962
273 0.999959
274 0.999962
275 0.99997
276 0.999963
277 0.999936
278 0.999862
279 0.999667
280 0.999175
281 0.997976
282 0.995136
283 0.988587
284 0.973804
285 0.940998
286 0.927863
287 0.899392
288 0.83823
289 0.708059
290 0.434129
291 0.330251
292 0.118664
293 0.041565
294 0.0141633
295 0.00468815
296 0.00150624
297 0.000469629
298 0.000142154
299 4.18174e-05
300 1.19752e-05
301 3.34641e-06
302 9.15036e-07
303 2.4563e-07
304 6.48792e-08
305 1.72117e-08
306 5.36146e-09
307 3.07299e-09
308 3.07299e-09
309 3.07299e-09
310 3.07299e-09
311 3.07299e-09
312 3.07299e-09
313 3.07299e-09
314 3.07299e-09
315 3.07299e-09
316 3.07299e-09
317 3.07299e-09
318 3.07299e-09
319 3.07299e-09
320 3.07299e-09
321 3.07299e-09
322 3.07299e-09
323 3.07299e-09
324 3.07299e-09
325 3.07299e-09
326 3.07299e-09
327 3.07299e-09
328 3.07299e-09
329 3.07299e-09
330 3.07299e-09
331 3.07299e-09
332 3.07299e-09
333 3.07299e-09
334 3.07299e-09
335 3.07299e-09
336 3.07299e-09
337 3.07299e-09
338 3.07299e-09
339 3.07299e-09
340 3.07299e-09
341 3.07299e-09
342 3.07299e-09
343 3.07299e-09
344 3.07299e-09
345 3.07299e-09
346 3.07299e-09
347 3.07299e-09
348 3.07299e-09
349 3.07299e-09
350 3.07299e-09
351 3.07299e-09
352 3.07299e-09
353 3.07299e-09
354 3.07299e-09
355 3.07299e-09
356 3.07299e-09
357 3.07299e-09
358 3.07299e-09
359 3.07299e-09
360 3.07299e-09
361 3.07299e-09
362 3.07299e-09
363 3.07299e-09
364 3.07299e-09
365 3.07299e-09
366 3.07299e-09
367 3.07299e-09
368 3.07299e-09
369 3.07299e-09
370 3.07299e-09
371 3.07299e-09
372 3.07299e-09
373 3.07299e-09
374 3.07299e-09
375 3.07299e-09
376 3.07299e-09
377 3.07299e-09
378 3.07299e-09
379 3.07299e-09
380 3.07299e-09
381 3.07299e-09
382 3.07299e-09
383 3.07299e-09
384 3.07299e-09
385 3.07299e-09
386 3.07299e-09
387 3.07299e-09
388 3.07299e-09
389 3.07299e-09
390 3.07299e-09
391 3.07299e-09
392 3.07299e-09
393 3.07299e-09
394 3.07299e-09
395 3.07299e-09
396 3.07299e-09
397 3.07299e-09
398 3.07299e-09
399 3.07299e-09
400 3.07299e-09
401 3.07299e-09
402 3.07299e-09
403 3.07299e-09
404 3.07299e-09
405 3.07299e-09
406 3.07299e-09
407 3.07299e-09
408 3.07299e-09
409 3.07299e-09
410 3.07299e-09
411 3.07299e-09
412 3.07299e-09
413 3.07299e-09
414 3.07299e-09
415 3.07299e-09
416 3.07299e-09
417 3.07299e-09
418 3.07299e-09
419 3.07299e-09
420 3.07299e-09
421 3.07299e-09
422 3.07299e-09
423 3.07299e-09
424 3.07299e-09
425 3.07299e-09
426 3.07299e-09
427 3.07299e-09
428 3.07299e-09
429 3.07299e-09
430 3.07299e-09
431 3.07299e-09
432 3.07299e-09
433 3.07299e-09
434 3.07299e-09
435 3.07299e-09
436 3.07299e-09
437 3.07299e-09
438 3.07299e-09
439 3.07299e-09
440 3.07299e-09
441 3.07299e-09
442 3.07299e-09
443 3.07299e-09
444 3.07299e-09
445 3.07299e-09
446 3.07299e-09
447 3.07299e-09
448 3.07299e-09
449 3.07299e-09
450 3.07299e-09
451 3.07299e-09
452 3.07299e-09
453 3.07299e-09
454 3.07299e-09
455 3.07299e-09
456 3.07299e-09
457 3.07299e-09
458 3.07299e-09
459 3.07299e-09
460 3.07299e-09
461 3.07299e-09
462 3.07299e-09
463 3.07299e-09
464 3.07299e-09
465 3.07299e-09
466 3.07299e-09
467 3.07299e-09
468 3.07299e-09
469 3.07299e-09
470 3.07299e-09
471 3.07299e-09
472 3.07299e-09
473 3.07299e-09
474 3.07299e-09
475 3.07299e-09
476 3.07299e-09
477 3.07299e-09
478 3.07299e-09
479 3.07299e-09
480 3.07299e-09
481 3.07299e-09
482 3.07299e-09
483 3.07299e-09
484 3.07299e-09
485 3.07299e-09
486 3.07299e-09
487 3.07299e-09
488 3.07299e-09
489 3.07299e-09
490 3.07299e-09
491 3.07299e-09
492 3.07299e-09
493 3.07299e-09
494 3.07299e-09
495 3.07299e-09
496 3.07299e-09
497 3.07299e-09
498 3.07299e-09
499 3.07299e-09
500 3.07299e-09
501 3.07299e-09
502 3.07299e-09
503 3.07299e-09
504 3.07299e-09
505 3.07299e-09
506 3.07299e-09
507 3.07299e-09
508 3.07299e-09
509 3.07299e-09
510 3.07299e-09
511 3.07299e-09
512 3.07299e-09
513 3.07299e-09
514 3.07299e-09
515 3.07299e-09
516 3.07299e-09
517 3.07299e-09
518 3.07299e-09
519 3.07299e-09
520 3.07299e-09
521 3.07299e-09
522 3.07299e-09
523 3.07299e-09
524 3.07299e-09
525 3.07299e-09
526 3.07299e-09
527 3.07299e-09
528 3.07299e-09
529 3.07299e-09
530 3.07299e-09
531 3.07299e-09
532 3.07299e-09
533 3.07299e-09
534 3.07299e-09
535 3.07299e-09
536 3.07299e-09
537 3.07299e-09
538 3.07299e-09
539 3.07299e-09
540 3.07299e-09
541 3.07299e-09
542 3.07299e-09
