1 4.36161e-09
2 4.36161e-09
3 4.36161e-09
4 4.36161e-09
5 4.36161e-09
6 4.36161e-09
7 4.36161e-09
8 4.36161e-09
9 4.36161e-09
10 4.36161e-09
11 4.36161e-09
12 4.36161e-09
13 4.36161e-09
14 4.36161e-09
15 4.36161e-09
16 4.36161e-09
17 4.36161e-09
18 4.36161e-09
19 4.36161e-09
20 4.36161e-09
21 4.36161e-09
22 4.36161e-09
23 4.36161e-09
24 4.36161e-09
25 4.36161e-09
26 4.36161e-09
27 4.36161e-09
28 4.36161e-09
29 4.36161e-09
30 4.36161e-09
31 4.36161e-09
32 4.36161e-09
33 4.36161e-09
34 4.36161e-09
35 4.36161e-09
36 4.36161e-09
37 4.36161e-09
38 4.36161e-09
39 4.36161e-09
40 4.36161e-09
41 4.36161e-09
42 4.36161e-09
43 4.36161e-09
44 4.36161e-09
45 4.36161e-09
46 4.36161e-09
47 4.36161e-09
48 4.36161e-09
49 4.36161e-09
50 4.36161e-09
51 4.36161e-09
52 4.36161e-09
53 4.36161e-09
54 4.36161e-09
55 4.36161e-09
56 4.36161e-09
57 4.36161e-09
58 4.36161e-09
59 4.36161e-09
60 4.36161e-09
61 4.36161e-09
62 4.36161e-09
63 4.36161e-09
64 4.36161e-09
65 4.36161e-09
66 4.36161e-09
67 4.36161e-09
68 4.36161e-09
69 4.36161e-09
70 4.36161e-09
71 4.36161e-09
72 4.36161e-09
73 4.36161e-09
74 4.36161e-09
75 4.36161e-09
76 4.36161e-09
77 4.36161e-09
78 4.36161e-09
79 4.36161e-09
80 4.36161e-09
81 4.36161e-09
82 4.36161e-09
83 4.36161e-09
84 4.36161e-09
85 4.36161e-09
86 4.36161e-09
87 4.36161e-09
88 4.36161e-09
89 4.36161e-09
90 4.36161e-09
91 4.36161e-09
92 4.36161e-09
93 4.36161e-09
94 4.36161e-09
95 4.36161e-09
96 4.36161e-09
97 4.36161e-09
98 4.36161e-09
99 4.36161e-09
100 4.36161e-09
101 4.36161e-09
102 4.36161e-09
103 4.36161e-09
104 4.36161e-09
105 4.36161e-09
106 4.36161e-09
107 4.36161e-09
108 4.36161e-09
109 4.36161e-09
110 4.36161e-09
111 4.36161e-09
112 4.36161e-09
113 4.36161e-09
114 4.36161e-09
115 4.36161e-09
116 4.36161e-09
117 4.36161e-09
118 4.36161e-09
119 4.36161e-09
120 4.36161e-09
121 4.36161e-09
122 4.36161e-09
123 4.36161e-09
124 4.36161e-09
125 4.36161e-09
126 4.36161e-09
127 4.36161e-09
128 4.36161e-09
129 4.36161e-09
130 4.36161e-09
131 4.36161e-09
132 4.36161e-09
133 4.36161e-09
134 4.36161e-09
135 4.36161e-09
136 4.36161e-09
137 4.36161e-09
138 4.36161e-09
139 4.36161e-09
140 4.36161e-09
141 4.36161e-09
142 4.36161e-09
143 4.36161e-09
144 4.36161e-09
145 4.36161e-09
146 4.36161e-09
147 4.36161e-09
148 4.36161e-09
149 4.36161e-09
150 4.36161e-09
151 4.36161e-09
152 4.36161e-09
153 4.36161e-09
154 4.36161e-09
155 4.36161e-09
156 4.36161e-09
157 4.36161e-09
158 4.36161e-09
159 4.36161e-09
160 4.36161e-09
161 4.36161e-09
162 4.36161e-09
163 4.36161e-09
164 4.36161e-09
165 4.36161e-09
166 4.36161e-09
167 4.36161e-09
168 4.36161e-09
169 4.36161e-09
170 4.36161e-09
171 4.36161e-09
172 4.36161e-09
173 4.36161e-09
174 4.36161e-09
175 4.36161e-09
176 4.36161e-09
177 4.36161e-09
178 4.36161e-09
179 4.36161e-09
180 4.36161e-09
181 4.36161e-09
182 4.36161e-09
183 4.36161e-09
184 4.36161e-09
185 4.36161e-09
186 4.36161e-09
187 4.36161e-09
188 4.36161e-09
189 4.36161e-09
190 4.36161e-09
191 4.36161e-09
192 4.36161e-09
193 4.36161e-09
194 4.36161e-09
195 4.36161e-09
196 4.36161e-09
197 4.36161e-09
198 4.36161e-09
199 4.36161e-09
200 4.36161e-09
201 4.36161e-09
202 4.36161e-09
203 4.36161e-09
204 4.36161e-09
205 4.36161e-09
206 4.36161e-09
207 4.36161e-09
208 4.36161e-09
209 4.36161e-09
210 4.36161e-09
211 4.36161e-09
212 4.36161e-09
213 4.36161e-09
214 4.36161e-09
215 4.36161e-09
216 4.36161e-09
217 4.36161e-09
218 4.36161e-09
219 4.36161e-09
220 4.36161e-09
221 4.36161e-09
222 4.36161e-09
223 4.36161e-09
224 4.36161e-09
225 4.36161e-09
226 4.36161e-09
227 4.36161e-09
228 4.36161e-09
229 4.36161e-09
230 4.36161e-09
231 4.36161e-09
232 4.36161e-09
233 4.36161e-09
234 4.36161e-09
235 4.36161e-09
236 4.36161e-09
237 5.08316e-09
238 1.15797e-08
239 4.07797e-08
240 1.60058e-07
241 6.31278e-07
242 2.45563e-06
243 9.38051e-06
244 3.51153e-05
245 0.000128641
246 0.00046066
247 0.00161074
248 0.00549349
249 0.0182539
250 0.0590252
251 0.185505
252 0.255057
253 0.292087
254 0.396342
255 0.448152
256 0.583916
257 0.646539
258 0.674312
259 0.739006
260 0.76543
261 0.821977
262 0.937769
263 0.979203
264 0.99336
265 0.997975
266 0.999409
267 0.999833
268 0.999953
269 0.999985
270 0.999993
271 0.999994
272 0.999996
273 0.999995
274 0.999995
275 0.999995
276 0.999993
277 0.999986
278 0.999961
279 0.999885
280 0.999665
281 0.999053
282 0.997418
283 0.993209
284 0.982743
285 0.957519
286 0.946707
287 0.921949
288 0.866352
289 0.743431
290 0.474992
291 0.368896
292 0.141702
293 0.053669
294 0.019983
295 0.0072922
296 0.00260075
297 0.00090441
298 0.000306118
299 0.000100729
300 3.22026e-05
301 1.00018e-05
302 3.01961e-06
303 8.873e-07
304 2.54568e-07
305 7.21152e-08
306 2.12168e-08
307 7.92342e-09
308 4.77819e-09
309 4.36161e-09
310 4.36161e-09
311 4.36161e-09
312 4.36161e-09
313 4.36161e-09
314 4.36161e-09
315 4.36161e-09
316 4.36161e-09
317 4.36161e-09
318 4.36161e-09
319 4.36161e-09
320 4.36161e-09
321 4.36161e-09
322 4.36161e-09
323 4.36161e-09
324 4.36161e-09
325 4.36161e-09
326 4.36161e-09
327 4.36161e-09
328 4.36161e-09
329 4.36161e-09
330 4.36161e-09
331 4.36161e-09
332 4.36161e-09
333 4.36161e-09
334 4.36161e-09
335 4.36161e-09
336 4.36161e-09
337 4.36161e-09
338 4.36161e-09
339 4.36161e-09
340 4.36161e-09
341 4.36161e-09
342 4.36161e-09
343 4.36161e-09
344 4.36161e-09
345 4.36161e-09
346 4.36161e-09
347 4.36161e-09
348 4.36161e-09
349 4.36161e-09
350 4.36161e-09
351 4.36161e-09
352 4.36161e-09
353 4.36161e-09
354 4.36161e-09
355 4.36161e-09
356 4.36161e-09
357 4.36161e-09
358 4.36161e-09
359 4.36161e-09
360 4.36161e-09
361 4.36161e-09
362 4.36161e-09
363 4.36161e-09
364 4.36161e-09
365 4.36161e-09
366 4.36161e-09
367 4.36161e-09
368 4.36161e-09
369 4.36161e-09
370 4.36161e-09
371 4.36161e-09
372 4.36161e-09
373 4.36161e-09
374 4.36161e-09
375 4.36161e-09
376 4.36161e-09
377 4.36161e-09
378 4.36161e-09
379 4.36161e-09
380 4.36161e-09
381 4.36161e-09
382 4.36161e-09
383 4.36161e-09
384 4.36161e-09
385 4.36161e-09
386 4.36161e-09
387 4.36161e-09
388 4.36161e-09
389 4.36161e-09
390 4.36161e-09
391 4.36161e-09
392 4.36161e-09
393 4.36161e-09
394 4.36161e-09
395 4.36161e-09
396 4.36161e-09
397 4.36161e-09
398 4.36161e-09
399 4.36161e-09
400 4.36161e-09
401 4.36161e-09
402 4.36161e-09
403 4.36161e-09
404 4.36161e-09
405 4.36161e-09
406 4.36161e-09
407 4.36161e-09
408 4.36161e-09
409 4.36161e-09
410 4.36161e-09
411 4.36161e-09
412 4.36161e-09
413 4.36161e-09
414 4.36161e-09
415 4.36161e-09
416 4.36161e-09
417 4.36161e-09
418 4.36161e-09
419 4.36161e-09
420 4.36161e-09
421 4.36161e-09
422 4.36161e-09
423 4.36161e-09
424 4.36161e-09
425 4.36161e-09
426 4.36161e-09
427 4.36161e-09
428 4.36161e-09
429 4.36161e-09
430 4.36161e-09
431 4.36161e-09
432 4.36161e-09
433 4.36161e-09
434 4.36161e-09
435 4.36161e-09
436 4.36161e-09
437 4.36161e-09
438 4.36161e-09
439 4.36161e-09
440 4.36161e-09
441 4.36161e-09
442 4.36161e-09
443 4.36161e-09
444 4.36161e-09
445 4.36161e-09
446 4.36161e-09
447 4.36161e-09
448 4.36161e-09
449 4.36161e-09
450 4.36161e-09
451 4.36161e-09
452 4.36161e-09
453 4.36161e-09
454 4.36161e-09
455 4.36161e-09
456 4.36161e-09
457 4.36161e-09
458 4.36161e-09
459 4.36161e-09
460 4.36161e-09
461 4.36161e-09
462 4.36161e-09
463 4.36161e-09
464 4.36161e-09
465 4.36161e-09
466 4.36161e-09
467 4.36161e-09
468 4.36161e-09
469 4.36161e-09
470 4.36161e-09
471 4.36161e-09
472 4.36161e-09
473 4.36161e-09
474 4.36161e-09
475 4.36161e-09
476 4.36161e-09
477 4.36161e-09
478 4.36161e-09
479 4.36161e-09
480 4.36161e-09
481 4.36161e-09
482 4.36161e-09
483 4.36161e-09
484 4.36161e-09
485 4.36161e-09
486 4.36161e-09
487 4.36161e-09
488 4.36161e-09
489 4.36161e-09
490 4.36161e-09
491 4.36161e-09
492 4.36161e-09
493 4.36161e-09
494 4.36161e-09
495 4.36161e-09
496 4.36161e-09
497 4.36161e-09
498 4.36161e-09
499 4.36161e-09
500 4.36161e-09
501 4.36161e-09
502 4.36161e-09
503 4.36161e-09
504 4.36161e-09
505 4.36161e-09
506 4.36161e-09
507 4.36161e-09
508 4.36161e-09
509 4.36161e-09
510 4.36161e-09
511 4.36161e-09
512 4.36161e-09
513 4.36161e-09
514 4.36161e-09
515 4.36161e-09
516 4.36161e-09
517 4.36161e-09
518 4.36161e-09
519 4.36161e-09
520 4.36161e-09
521 4.36161e-09
522 4.36161e-09
523 4.36161e-09
524 4.36161e-09
525 4.36161e-09
526 4.36161e-09
527 4.36161e-09
528 4.36161e-09
529 4.36161e-09
530 4.36161e-09
531 4.36161e-09
532 4.36161e-09
533 4.36161e-09
534 4.36161e-09
535 4.36161e-09
536 4.36161e-09
537 4.36161e-09
538 4.36161e-09
539 4.36161e-09
540 4.36161e-09
541 4.36161e-09
542 4.36161e-09
