1 4.0762e-09
2 4.0762e-09
3 4.0762e-09
4 4.0762e-09
5 4.0762e-09
6 4.0762e-09
7 4.0762e-09
8 4.0762e-09
9 4.0762e-09
10 4.0762e-09
11 4.0762e-09
12 4.0762e-09
13 4.0762e-09
14 4.0762e-09
15 4.0762e-09
16 4.0762e-09
17 4.0762e-09
18 4.0762e-09
19 4.0762e-09
20 4.0762e-09
21 4.0762e-09
22 4.0762e-09
23 4.0762e-09
24 4.0762e-09
25 4.0762e-09
26 4.0762e-09
27 4.0762e-09
28 4.0762e-09
29 4.0762e-09
30 4.0762e-09
31 4.0762e-09
32 4.0762e-09
33 4.0762e-09
34 4.0762e-09
35 4.0762e-09
36 4.0762e-09
37 4.0762e-09
38 4.0762e-09
39 4.0762e-09
40 4.0762e-09
41 4.0762e-09
42 4.0762e-09
43 4.0762e-09
44 4.0762e-09
45 4.0762e-09
46 4.0762e-09
47 4.0762e-09
48 4.0762e-09
49 4.0762e-09
50 4.0762e-09
51 4.0762e-09
52 4.0762e-09
53 4.0762e-09
54 4.0762e-09
55 4.0762e-09
56 4.0762e-09
57 4.0762e-09
58 4.0762e-09
59 4.0762e-09
60 4.0762e-09
61 4.0762e-09
62 4.0762e-09
63 4.0762e-09
64 4.0762e-09
65 4.0762e-09
66 4.0762e-09
67 4.0762e-09
68 4.0762e-09
69 4.0762e-09
70 4.0762e-09
71 4.0762e-09
72 4.0762e-09
73 4.0762e-09
74 4.0762e-09
75 4.0762e-09
76 4.0762e-09
77 4.0762e-09
78 4.0762e-09
79 4.0762e-09
80 4.0762e-09
81 4.0762e-09
82 4.0762e-09
83 4.0762e-09
84 4.0762e-09
85 4.0762e-09
86 4.0762e-09
87 4.0762e-09
88 4.0762e-09
89 4.0762e-09
90 4.0762e-09
91 4.0762e-09
92 4.0762e-09
93 4.0762e-09
94 4.0762e-09
95 4.0762e-09
96 4.0762e-09
97 4.0762e-09
98 4.0762e-09
99 4.0762e-09
100 4.0762e-09
101 4.0762e-09
102 4.0762e-09
103 4.0762e-09
104 4.0762e-09
105 4.0762e-09
106 4.0762e-09
107 4.0762e-09
108 4.0762e-09
109 4.0762e-09
110 4.0762e-09
111 4.0762e-09
112 4.0762e-09
113 4.0762e-09
114 4.0762e-09
115 4.0762e-09
116 4.0762e-09
117 4.0762e-09
118 4.0762e-09
119 4.0762e-09
120 4.0762e-09
121 4.0762e-09
122 4.0762e-09
123 4.0762e-09
124 4.0762e-09
125 4.0762e-09
126 4.0762e-09
127 4.0762e-09
128 4.0762e-09
129 4.0762e-09
130 4.0762e-09
131 4.0762e-09
132 4.0762e-09
133 4.0762e-09
134 4.0762e-09
135 4.0762e-09
136 4.0762e-09
137 4.0762e-09
138 4.0762e-09
139 4.0762e-09
140 4.0762e-09
141 4.0762e-09
142 4.0762e-09
143 4.0762e-09
144 4.0762e-09
145 4.0762e-09
146 4.0762e-09
147 4.0762e-09
148 4.0762e-09
149 4.0762e-09
150 4.0762e-09
151 4.0762e-09
152 4.0762e-09
153 4.0762e-09
154 4.0762e-09
155 4.0762e-09
156 4.0762e-09
157 4.0762e-09
158 4.0762e-09
159 4.0762e-09
160 4.0762e-09
161 4.0762e-09
162 4.0762e-09
163 4.0762e-09
164 4.0762e-09
165 4.0762e-09
166 4.0762e-09
167 4.0762e-09
168 4.0762e-09
169 4.0762e-09
170 4.0762e-09
171 4.0762e-09
172 4.0762e-09
173 4.0762e-09
174 4.0762e-09
175 4.0762e-09
176 4.0762e-09
177 4.0762e-09
178 4.0762e-09
179 4.0762e-09
180 4.0762e-09
181 4.0762e-09
182 4.0762e-09
183 4.0762e-09
184 4.0762e-09
185 4.0762e-09
186 4.0762e-09
187 4.0762e-09
188 4.0762e-09
189 4.0762e-09
190 4.0762e-09
191 4.0762e-09
192 4.0762e-09
193 4.0762e-09
194 4.0762e-09
195 4.0762e-09
196 4.0762e-09
197 4.0762e-09
198 4.0762e-09
199 4.0762e-09
200 4.0762e-09
201 4.0762e-09
202 4.0762e-09
203 4.0762e-09
204 4.0762e-09
205 4.0762e-09
206 4.0762e-09
207 4.0762e-09
208 4.0762e-09
209 4.0762e-09
210 4.0762e-09
211 4.0762e-09
212 4.0762e-09
213 4.0762e-09
214 4.0762e-09
215 4.0762e-09
216 4.0762e-09
217 4.0762e-09
218 4.0762e-09
219 4.0762e-09
220 4.0762e-09
221 4.0762e-09
222 4.0762e-09
223 4.0762e-09
224 4.0762e-09
225 4.0762e-09
226 4.0762e-09
227 4.0762e-09
228 4.0762e-09
229 4.0762e-09
230 4.0762e-09
231 4.0762e-09
232 4.0762e-09
233 4.0762e-09
234 4.0762e-09
235 4.0762e-09
236 4.0762e-09
237 4.41777e-09
238 8.48397e-09
239 2.77077e-08
240 1.08307e-07
241 4.31539e-07
242 1.70366e-06
243 6.61927e-06
244 2.52395e-05
245 9.42819e-05
246 0.000344571
247 0.00123065
248 0.00429067
249 0.0145871
250 0.0483026
251 0.155597
252 0.216183
253 0.24934
254 0.34539
255 0.394548
256 0.527335
257 0.590527
258 0.619465
259 0.689116
260 0.718532
261 0.783667
262 0.921748
263 0.972927
264 0.991048
265 0.997171
266 0.999144
267 0.999749
268 0.999926
269 0.999975
270 0.999988
271 0.99999
272 0.999994
273 0.999992
274 0.999992
275 0.999993
276 0.99999
277 0.99998
278 0.999947
279 0.99985
280 0.99958
281 0.998851
282 0.996959
283 0.992223
284 0.980741
285 0.953689
286 0.942319
287 0.916704
288 0.859937
289 0.735735
290 0.466787
291 0.361302
292 0.137253
293 0.0512853
294 0.0187896
295 0.00673017
296 0.00235095
297 0.000799355
298 0.000264211
299 8.48326e-05
300 2.64553e-05
301 8.01665e-06
302 2.3631e-06
303 6.79008e-07
304 1.90945e-07
305 5.32648e-08
306 1.56885e-08
307 6.28194e-09
308 4.22822e-09
309 4.0762e-09
310 4.0762e-09
311 4.0762e-09
312 4.0762e-09
313 4.0762e-09
314 4.0762e-09
315 4.0762e-09
316 4.0762e-09
317 4.0762e-09
318 4.0762e-09
319 4.0762e-09
320 4.0762e-09
321 4.0762e-09
322 4.0762e-09
323 4.0762e-09
324 4.0762e-09
325 4.0762e-09
326 4.0762e-09
327 4.0762e-09
328 4.0762e-09
329 4.0762e-09
330 4.0762e-09
331 4.0762e-09
332 4.0762e-09
333 4.0762e-09
334 4.0762e-09
335 4.0762e-09
336 4.0762e-09
337 4.0762e-09
338 4.0762e-09
339 4.0762e-09
340 4.0762e-09
341 4.0762e-09
342 4.0762e-09
343 4.0762e-09
344 4.0762e-09
345 4.0762e-09
346 4.0762e-09
347 4.0762e-09
348 4.0762e-09
349 4.0762e-09
350 4.0762e-09
351 4.0762e-09
352 4.0762e-09
353 4.0762e-09
354 4.0762e-09
355 4.0762e-09
356 4.0762e-09
357 4.0762e-09
358 4.0762e-09
359 4.0762e-09
360 4.0762e-09
361 4.0762e-09
362 4.0762e-09
363 4.0762e-09
364 4.0762e-09
365 4.0762e-09
366 4.0762e-09
367 4.0762e-09
368 4.0762e-09
369 4.0762e-09
370 4.0762e-09
371 4.0762e-09
372 4.0762e-09
373 4.0762e-09
374 4.0762e-09
375 4.0762e-09
376 4.0762e-09
377 4.0762e-09
378 4.0762e-09
379 4.0762e-09
380 4.0762e-09
381 4.0762e-09
382 4.0762e-09
383 4.0762e-09
384 4.0762e-09
385 4.0762e-09
386 4.0762e-09
387 4.0762e-09
388 4.0762e-09
389 4.0762e-09
390 4.0762e-09
391 4.0762e-09
392 4.0762e-09
393 4.0762e-09
394 4.0762e-09
395 4.0762e-09
396 4.0762e-09
397 4.0762e-09
398 4.0762e-09
399 4.0762e-09
400 4.0762e-09
401 4.0762e-09
402 4.0762e-09
403 4.0762e-09
404 4.0762e-09
405 4.0762e-09
406 4.0762e-09
407 4.0762e-09
408 4.0762e-09
409 4.0762e-09
410 4.0762e-09
411 4.0762e-09
412 4.0762e-09
413 4.0762e-09
414 4.0762e-09
415 4.0762e-09
416 4.0762e-09
417 4.0762e-09
418 4.0762e-09
419 4.0762e-09
420 4.0762e-09
421 4.0762e-09
422 4.0762e-09
423 4.0762e-09
424 4.0762e-09
425 4.0762e-09
426 4.0762e-09
427 4.0762e-09
428 4.0762e-09
429 4.0762e-09
430 4.0762e-09
431 4.0762e-09
432 4.0762e-09
433 4.0762e-09
434 4.0762e-09
435 4.0762e-09
436 4.0762e-09
437 4.0762e-09
438 4.0762e-09
439 4.0762e-09
440 4.0762e-09
441 4.0762e-09
442 4.0762e-09
443 4.0762e-09
444 4.0762e-09
445 4.0762e-09
446 4.0762e-09
447 4.0762e-09
448 4.0762e-09
449 4.0762e-09
450 4.0762e-09
451 4.0762e-09
452 4.0762e-09
453 4.0762e-09
454 4.0762e-09
455 4.0762e-09
456 4.0762e-09
457 4.0762e-09
458 4.0762e-09
459 4.0762e-09
460 4.0762e-09
461 4.0762e-09
462 4.0762e-09
463 4.0762e-09
464 4.0762e-09
465 4.0762e-09
466 4.0762e-09
467 4.0762e-09
468 4.0762e-09
469 4.0762e-09
470 4.0762e-09
471 4.0762e-09
472 4.0762e-09
473 4.0762e-09
474 4.0762e-09
475 4.0762e-09
476 4.0762e-09
477 4.0762e-09
478 4.0762e-09
479 4.0762e-09
480 4.0762e-09
481 4.0762e-09
482 4.0762e-09
483 4.0762e-09
484 4.0762e-09
485 4.0762e-09
486 4.0762e-09
487 4.0762e-09
488 4.0762e-09
489 4.0762e-09
490 4.0762e-09
491 4.0762e-09
492 4.0762e-09
493 4.0762e-09
494 4.0762e-09
495 4.0762e-09
496 4.0762e-09
497 4.0762e-09
498 4.0762e-09
499 4.0762e-09
500 4.0762e-09
501 4.0762e-09
502 4.0762e-09
503 4.0762e-09
504 4.0762e-09
505 4.0762e-09
506 4.0762e-09
507 4.0762e-09
508 4.0762e-09
509 4.0762e-09
510 4.0762e-09
511 4.0762e-09
512 4.0762e-09
513 4.0762e-09
514 4.0762e-09
515 4.0762e-09
516 4.0762e-09
517 4.0762e-09
518 4.0762e-09
519 4.0762e-09
520 4.0762e-09
521 4.0762e-09
522 4.0762e-09
523 4.0762e-09
524 4.0762e-09
525 4.0762e-09
526 4.0762e-09
527 4.0762e-09
528 4.0762e-09
529 4.0762e-09
530 4.0762e-09
531 4.0762e-09
532 4.0762e-09
533 4.0762e-09
534 4.0762e-09
535 4.0762e-09
536 4.0762e-09
537 4.0762e-09
538 4.0762e-09
539 4.0762e-09
540 4.0762e-09
541 4.0762e-09
542 4.0762e-09
