1 6.3523e-09
2 6.3523e-09
3 6.3523e-09
4 6.3523e-09
5 6.3523e-09
6 6.3523e-09
7 6.3523e-09
8 6.3523e-09
9 6.3523e-09
10 6.3523e-09
11 6.3523e-09
12 6.3523e-09
13 6.3523e-09
14 6.3523e-09
15 6.3523e-09
16 6.3523e-09
17 6.3523e-09
18 6.3523e-09
19 6.3523e-09
20 6.3523e-09
21 6.3523e-09
22 6.3523e-09
23 6.3523e-09
24 6.3523e-09
25 6.3523e-09
26 6.3523e-09
27 6.3523e-09
28 6.3523e-09
29 6.3523e-09
30 6.3523e-09
31 6.3523e-09
32 6.3523e-09
33 6.3523e-09
34 6.3523e-09
35 6.3523e-09
36 6.3523e-09
37 6.3523e-09
38 6.3523e-09
39 6.3523e-09
40 6.3523e-09
41 6.3523e-09
42 6.3523e-09
43 6.3523e-09
44 6.3523e-09
45 6.3523e-09
46 6.3523e-09
47 6.3523e-09
48 6.3523e-09
49 6.3523e-09
50 6.3523e-09
51 6.3523e-09
52 6.3523e-09
53 6.3523e-09
54 6.3523e-09
55 6.3523e-09
56 6.3523e-09
57 6.3523e-09
58 6.3523e-09
59 6.3523e-09
60 6.3523e-09
61 6.3523e-09
62 6.3523e-09
63 6.3523e-09
64 6.3523e-09
65 6.3523e-09
66 6.3523e-09
67 6.3523e-09
68 6.3523e-09
69 6.3523e-09
70 6.3523e-09
71 6.3523e-09
72 6.3523e-09
73 6.3523e-09
74 6.3523e-09
75 6.3523e-09
76 6.3523e-09
77 6.3523e-09
78 6.3523e-09
79 6.3523e-09
80 6.3523e-09
81 6.3523e-09
82 6.3523e-09
83 6.3523e-09
84 6.3523e-09
85 6.3523e-09
86 6.3523e-09
87 6.3523e-09
88 6.3523e-09
89 6.3523e-09
90 6.3523e-09
91 6.3523e-09
92 6.3523e-09
93 6.3523e-09
94 6.3523e-09
95 6.3523e-09
96 6.3523e-09
97 6.3523e-09
98 6.3523e-09
99 6.3523e-09
100 6.3523e-09
101 6.3523e-09
102 6.3523e-09
103 6.3523e-09
104 6.3523e-09
105 6.3523e-09
106 6.3523e-09
107 6.3523e-09
108 6.3523e-09
109 6.3523e-09
110 6.3523e-09
111 6.3523e-09
112 6.3523e-09
113 6.3523e-09
114 6.3523e-09
115 6.3523e-09
116 6.3523e-09
117 6.3523e-09
118 6.3523e-09
119 6.3523e-09
120 6.3523e-09
121 6.3523e-09
122 6.3523e-09
123 6.3523e-09
124 6.3523e-09
125 6.3523e-09
126 6.3523e-09
127 6.3523e-09
128 6.3523e-09
129 6.3523e-09
130 6.3523e-09
131 6.3523e-09
132 6.3523e-09
133 6.3523e-09
134 6.3523e-09
135 6.3523e-09
136 6.3523e-09
137 6.3523e-09
138 6.3523e-09
139 6.3523e-09
140 6.3523e-09
141 6.3523e-09
142 6.3523e-09
143 6.3523e-09
144 6.3523e-09
145 6.3523e-09
146 6.3523e-09
147 6.3523e-09
148 6.3523e-09
149 6.3523e-09
150 6.3523e-09
151 6.3523e-09
152 6.3523e-09
153 6.3523e-09
154 6.3523e-09
155 6.3523e-09
156 6.3523e-09
157 6.3523e-09
158 6.3523e-09
159 6.3523e-09
160 6.3523e-09
161 6.3523e-09
162 6.3523e-09
163 6.3523e-09
164 6.3523e-09
165 6.3523e-09
166 6.3523e-09
167 6.3523e-09
168 6.3523e-09
169 6.3523e-09
170 6.3523e-09
171 6.3523e-09
172 6.3523e-09
173 6.3523e-09
174 6.3523e-09
175 6.3523e-09
176 6.3523e-09
177 6.3523e-09
178 6.3523e-09
179 6.3523e-09
180 6.3523e-09
181 6.3523e-09
182 6.3523e-09
183 6.3523e-09
184 6.3523e-09
185 6.3523e-09
186 6.3523e-09
187 6.3523e-09
188 6.3523e-09
189 6.3523e-09
190 6.3523e-09
191 6.3523e-09
192 6.3523e-09
193 6.3523e-09
194 6.3523e-09
195 6.3523e-09
196 6.3523e-09
197 6.3523e-09
198 6.3523e-09
199 6.3523e-09
200 6.3523e-09
201 6.3523e-09
202 6.3523e-09
203 6.3523e-09
204 6.3523e-09
205 6.3523e-09
206 6.3523e-09
207 6.3523e-09
208 6.3523e-09
209 6.3523e-09
210 6.3523e-09
211 6.3523e-09
212 6.3523e-09
213 6.3523e-09
214 6.3523e-09
215 6.3523e-09
216 6.3523e-09
217 6.3523e-09
218 6.3523e-09
219 6.3523e-09
220 6.3523e-09
221 6.3523e-09
222 6.3523e-09
223 6.3523e-09
224 6.3523e-09
225 6.3523e-09
226 6.3523e-09
227 6.3523e-09
228 6.3523e-09
229 6.3523e-09
230 6.3523e-09
231 6.3523e-09
232 6.3523e-09
233 6.3523e-09
234 9.33324e-09
235 2.50514e-08
236 8.25002e-08
237 2.83092e-07
238 9.6169e-07
239 3.19493e-06
240 1.03489e-05
241 3.26427e-05
242 0.000100162
243 0.000298666
244 0.000864525
245 0.00242671
246 0.00659859
247 0.0173633
248 0.0441705
249 0.108528
250 0.257317
251 0.588236
252 0.717552
253 0.766069
254 0.861568
255 0.894505
256 0.954003
257 0.972806
258 0.978488
259 0.987468
260 0.989947
261 0.993523
262 0.998457
263 0.999648
264 0.999923
265 0.999984
266 0.999997
267 0.999999
268 1
269 1
270 1
271 1
272 1
273 1
274 1
275 1
276 1
277 1
278 1
279 0.999998
280 0.999991
281 0.999962
282 0.99985
283 0.99943
284 0.997926
285 0.992785
286 0.989712
287 0.980094
288 0.951235
289 0.868089
290 0.63768
291 0.525173
292 0.23493
293 0.102365
294 0.0435704
295 0.0181703
296 0.00744665
297 0.00300721
298 0.0011992
299 0.000472829
300 0.000184377
301 7.10505e-05
302 2.70133e-05
303 1.01107e-05
304 3.7162e-06
305 1.33829e-06
306 4.71322e-07
307 1.62516e-07
308 5.55515e-08
309 2.02266e-08
310 9.56826e-09
311 6.75302e-09
312 6.3523e-09
313 6.3523e-09
314 6.3523e-09
315 6.3523e-09
316 6.3523e-09
317 6.3523e-09
318 6.3523e-09
319 6.3523e-09
320 6.3523e-09
321 6.3523e-09
322 6.3523e-09
323 6.3523e-09
324 6.3523e-09
325 6.3523e-09
326 6.3523e-09
327 6.3523e-09
328 6.3523e-09
329 6.3523e-09
330 6.3523e-09
331 6.3523e-09
332 6.3523e-09
333 6.3523e-09
334 6.3523e-09
335 6.3523e-09
336 6.3523e-09
337 6.3523e-09
338 6.3523e-09
339 6.3523e-09
340 6.3523e-09
341 6.3523e-09
342 6.3523e-09
343 6.3523e-09
344 6.3523e-09
345 6.3523e-09
346 6.3523e-09
347 6.3523e-09
348 6.3523e-09
349 6.3523e-09
350 6.3523e-09
351 6.3523e-09
352 6.3523e-09
353 6.3523e-09
354 6.3523e-09
355 6.3523e-09
356 6.3523e-09
357 6.3523e-09
358 6.3523e-09
359 6.3523e-09
360 6.3523e-09
361 6.3523e-09
362 6.3523e-09
363 6.3523e-09
364 6.3523e-09
365 6.3523e-09
366 6.3523e-09
367 6.3523e-09
368 6.3523e-09
369 6.3523e-09
370 6.3523e-09
371 6.3523e-09
372 6.3523e-09
373 6.3523e-09
374 6.3523e-09
375 6.3523e-09
376 6.3523e-09
377 6.3523e-09
378 6.3523e-09
379 6.3523e-09
380 6.3523e-09
381 6.3523e-09
382 6.3523e-09
383 6.3523e-09
384 6.3523e-09
385 6.3523e-09
386 6.3523e-09
387 6.3523e-09
388 6.3523e-09
389 6.3523e-09
390 6.3523e-09
391 6.3523e-09
392 6.3523e-09
393 6.3523e-09
394 6.3523e-09
395 6.3523e-09
396 6.3523e-09
397 6.3523e-09
398 6.3523e-09
399 6.3523e-09
400 6.3523e-09
401 6.3523e-09
402 6.3523e-09
403 6.3523e-09
404 6.3523e-09
405 6.3523e-09
406 6.3523e-09
407 6.3523e-09
408 6.3523e-09
409 6.3523e-09
410 6.3523e-09
411 6.3523e-09
412 6.3523e-09
413 6.3523e-09
414 6.3523e-09
415 6.3523e-09
416 6.3523e-09
417 6.3523e-09
418 6.3523e-09
419 6.3523e-09
420 6.3523e-09
421 6.3523e-09
422 6.3523e-09
423 6.3523e-09
424 6.3523e-09
425 6.3523e-09
426 6.3523e-09
427 6.3523e-09
428 6.3523e-09
429 6.3523e-09
430 6.3523e-09
431 6.3523e-09
432 6.3523e-09
433 6.3523e-09
434 6.3523e-09
435 6.3523e-09
436 6.3523e-09
437 6.3523e-09
438 6.3523e-09
439 6.3523e-09
440 6.3523e-09
441 6.3523e-09
442 6.3523e-09
443 6.3523e-09
444 6.3523e-09
445 6.3523e-09
446 6.3523e-09
447 6.3523e-09
448 6.3523e-09
449 6.3523e-09
450 6.3523e-09
451 6.3523e-09
452 6.3523e-09
453 6.3523e-09
454 6.3523e-09
455 6.3523e-09
456 6.3523e-09
457 6.3523e-09
458 6.3523e-09
459 6.3523e-09
460 6.3523e-09
461 6.3523e-09
462 6.3523e-09
463 6.3523e-09
464 6.3523e-09
465 6.3523e-09
466 6.3523e-09
467 6.3523e-09
468 6.3523e-09
469 6.3523e-09
470 6.3523e-09
471 6.3523e-09
472 6.3523e-09
473 6.3523e-09
474 6.3523e-09
475 6.3523e-09
476 6.3523e-09
477 6.3523e-09
478 6.3523e-09
479 6.3523e-09
480 6.3523e-09
481 6.3523e-09
482 6.3523e-09
483 6.3523e-09
484 6.3523e-09
485 6.3523e-09
486 6.3523e-09
487 6.3523e-09
488 6.3523e-09
489 6.3523e-09
490 6.3523e-09
491 6.3523e-09
492 6.3523e-09
493 6.3523e-09
494 6.3523e-09
495 6.3523e-09
496 6.3523e-09
497 6.3523e-09
498 6.3523e-09
499 6.3523e-09
500 6.3523e-09
501 6.3523e-09
502 6.3523e-09
503 6.3523e-09
504 6.3523e-09
505 6.3523e-09
506 6.3523e-09
507 6.3523e-09
508 6.3523e-09
509 6.3523e-09
510 6.3523e-09
511 6.3523e-09
512 6.3523e-09
513 6.3523e-09
514 6.3523e-09
515 6.3523e-09
516 6.3523e-09
517 6.3523e-09
518 6.3523e-09
519 6.3523e-09
520 6.3523e-09
521 6.3523e-09
522 6.3523e-09
523 6.3523e-09
524 6.3523e-09
525 6.3523e-09
526 6.3523e-09
527 6.3523e-09
528 6.3523e-09
529 6.3523e-09
530 6.3523e-09
531 6.3523e-09
532 6.3523e-09
533 6.3523e-09
534 6.3523e-09
535 6.3523e-09
536 6.3523e-09
537 6.3523e-09
538 6.3523e-09
539 6.3523e-09
540 6.3523e-09
541 6.3523e-09
542 6.3523e-09
