1 1.05247e-09
2 1.05247e-09
3 1.05247e-09
4 1.05247e-09
5 1.05247e-09
6 1.05247e-09
7 1.05247e-09
8 1.05247e-09
9 1.05247e-09
10 1.05247e-09
11 1.05247e-09
12 1.05247e-09
13 1.05247e-09
14 1.05247e-09
15 1.05247e-09
16 1.05247e-09
17 1.05247e-09
18 1.05247e-09
19 1.05247e-09
20 1.05247e-09
21 1.05247e-09
22 1.05247e-09
23 1.05247e-09
24 1.05247e-09
25 1.05247e-09
26 1.05247e-09
27 1.05247e-09
28 1.05247e-09
29 1.05247e-09
30 1.05247e-09
31 1.05247e-09
32 1.05247e-09
33 1.05247e-09
34 1.05247e-09
35 1.05247e-09
36 1.05247e-09
37 1.05247e-09
38 1.05247e-09
39 1.05247e-09
40 1.05247e-09
41 1.05247e-09
42 1.05247e-09
43 1.05247e-09
44 1.05247e-09
45 1.05247e-09
46 1.05247e-09
47 1.05247e-09
48 1.05247e-09
49 1.05247e-09
50 1.05247e-09
51 1.05247e-09
52 1.05247e-09
53 1.05247e-09
54 1.05247e-09
55 1.05247e-09
56 1.05247e-09
57 1.05247e-09
58 1.05247e-09
59 1.05247e-09
60 1.05247e-09
61 1.05247e-09
62 1.05247e-09
63 1.05247e-09
64 1.05247e-09
65 1.05247e-09
66 1.05247e-09
67 1.05247e-09
68 1.05247e-09
69 1.05247e-09
70 1.05247e-09
71 1.05247e-09
72 1.05247e-09
73 1.05247e-09
74 1.05247e-09
75 1.05247e-09
76 1.05247e-09
77 1.05247e-09
78 1.05247e-09
79 1.05247e-09
80 1.05247e-09
81 1.05247e-09
82 1.05247e-09
83 1.05247e-09
84 1.05247e-09
85 1.05247e-09
86 1.05247e-09
87 1.05247e-09
88 1.05247e-09
89 1.05247e-09
90 1.05247e-09
91 1.05247e-09
92 1.05247e-09
93 1.05247e-09
94 1.05247e-09
95 1.05247e-09
96 1.05247e-09
97 1.05247e-09
98 1.05247e-09
99 1.05247e-09
100 1.05247e-09
101 1.05247e-09
102 1.05247e-09
103 1.05247e-09
104 1.05247e-09
105 1.05247e-09
106 1.05247e-09
107 1.05247e-09
108 1.05247e-09
109 1.05247e-09
110 1.05247e-09
111 1.05247e-09
112 1.05247e-09
113 1.05247e-09
114 1.05247e-09
115 1.05247e-09
116 1.05247e-09
117 1.05247e-09
118 1.05247e-09
119 1.05247e-09
120 1.05247e-09
121 1.05247e-09
122 1.05247e-09
123 1.05247e-09
124 1.05247e-09
125 1.05247e-09
126 1.05247e-09
127 1.05247e-09
128 1.05247e-09
129 1.05247e-09
130 1.05247e-09
131 1.05247e-09
132 1.05247e-09
133 1.05247e-09
134 1.05247e-09
135 1.05247e-09
136 1.05247e-09
137 1.05247e-09
138 1.05247e-09
139 1.05247e-09
140 1.05247e-09
141 1.05247e-09
142 1.05247e-09
143 1.05247e-09
144 1.05247e-09
145 1.05247e-09
146 1.05247e-09
147 1.05247e-09
148 1.05247e-09
149 1.05247e-09
150 1.05247e-09
151 1.05247e-09
152 1.05247e-09
153 1.05247e-09
154 1.05247e-09
155 1.05247e-09
156 1.05247e-09
157 1.05247e-09
158 1.05247e-09
159 1.05247e-09
160 1.05247e-09
161 1.05247e-09
162 1.05247e-09
163 1.05247e-09
164 1.05247e-09
165 1.05247e-09
166 1.05247e-09
167 1.05247e-09
168 1.05247e-09
169 1.05247e-09
170 1.05247e-09
171 1.05247e-09
172 1.05247e-09
173 1.05247e-09
174 1.05247e-09
175 1.05247e-09
176 1.05247e-09
177 1.05247e-09
178 1.05247e-09
179 1.05247e-09
180 1.05247e-09
181 1.05247e-09
182 1.05247e-09
183 1.05247e-09
184 1.05247e-09
185 1.05247e-09
186 1.05247e-09
187 1.05247e-09
188 1.05247e-09
189 1.05247e-09
190 1.05247e-09
191 1.05247e-09
192 1.05247e-09
193 1.05247e-09
194 1.05247e-09
195 1.05247e-09
196 1.05247e-09
197 1.05247e-09
198 1.05247e-09
199 1.05247e-09
200 1.05247e-09
201 1.05247e-09
202 1.05247e-09
203 1.05247e-09
204 1.05247e-09
205 1.05247e-09
206 1.05247e-09
207 1.05247e-09
208 1.05247e-09
209 1.05247e-09
210 1.05247e-09
211 1.05247e-09
212 1.05247e-09
213 1.05247e-09
214 1.05247e-09
215 1.05247e-09
216 1.05247e-09
217 1.05247e-09
218 1.05247e-09
219 1.05247e-09
220 1.05247e-09
221 1.05247e-09
222 1.05247e-09
223 1.05247e-09
224 1.05247e-09
225 1.05247e-09
226 1.05247e-09
227 1.05247e-09
228 1.05247e-09
229 1.05247e-09
230 1.05247e-09
231 1.05247e-09
232 1.05247e-09
233 1.05247e-09
234 1.05247e-09
235 1.05247e-09
236 1.05247e-09
237 1.05247e-09
238 1.05247e-09
239 1.05247e-09
240 1.05247e-09
241 3.44653e-09
242 1.61556e-08
243 6.87867e-08
244 2.71155e-07
245 1.03182e-06
246 3.84563e-06
247 1.41385e-05
248 5.1599e-05
249 0.000188483
250 0.000696135
251 0.00262531
252 0.0040054
253 0.00502018
254 0.00918419
255 0.012338
256 0.0253972
257 0.0351988
258 0.0424495
259 0.0712537
260 0.0917389
261 0.169634
262 0.458769
263 0.650069
264 0.773304
265 0.850486
266 0.897401
267 0.925009
268 0.940669
269 0.949116
270 0.953208
271 0.954428
272 0.960203
273 0.962124
274 0.968837
275 0.985226
276 0.991604
277 0.99349
278 0.992969
279 0.990276
280 0.984299
281 0.97241
282 0.949774
283 0.908172
284 0.834363
285 0.707972
286 0.669767
287 0.608707
288 0.514173
289 0.37192
290 0.162846
291 0.107599
292 0.0283936
293 0.00759181
294 0.00206594
295 0.000571682
296 0.000159934
297 4.48486e-05
298 1.24935e-05
299 3.43011e-06
300 9.21943e-07
301 2.40817e-07
302 6.02234e-08
303 1.40517e-08
304 3.25356e-09
305 1.05247e-09
306 1.05247e-09
307 1.05247e-09
308 1.05247e-09
309 1.05247e-09
310 1.05247e-09
311 1.05247e-09
312 1.05247e-09
313 1.05247e-09
314 1.05247e-09
315 1.05247e-09
316 1.05247e-09
317 1.05247e-09
318 1.05247e-09
319 1.05247e-09
320 1.05247e-09
321 1.05247e-09
322 1.05247e-09
323 1.05247e-09
324 1.05247e-09
325 1.05247e-09
326 1.05247e-09
327 1.05247e-09
328 1.05247e-09
329 1.05247e-09
330 1.05247e-09
331 1.05247e-09
332 1.05247e-09
333 1.05247e-09
334 1.05247e-09
335 1.05247e-09
336 1.05247e-09
337 1.05247e-09
338 1.05247e-09
339 1.05247e-09
340 1.05247e-09
341 1.05247e-09
342 1.05247e-09
343 1.05247e-09
344 1.05247e-09
345 1.05247e-09
346 1.05247e-09
347 1.05247e-09
348 1.05247e-09
349 1.05247e-09
350 1.05247e-09
351 1.05247e-09
352 1.05247e-09
353 1.05247e-09
354 1.05247e-09
355 1.05247e-09
356 1.05247e-09
357 1.05247e-09
358 1.05247e-09
359 1.05247e-09
360 1.05247e-09
361 1.05247e-09
362 1.05247e-09
363 1.05247e-09
364 1.05247e-09
365 1.05247e-09
366 1.05247e-09
367 1.05247e-09
368 1.05247e-09
369 1.05247e-09
370 1.05247e-09
371 1.05247e-09
372 1.05247e-09
373 1.05247e-09
374 1.05247e-09
375 1.05247e-09
376 1.05247e-09
377 1.05247e-09
378 1.05247e-09
379 1.05247e-09
380 1.05247e-09
381 1.05247e-09
382 1.05247e-09
383 1.05247e-09
384 1.05247e-09
385 1.05247e-09
386 1.05247e-09
387 1.05247e-09
388 1.05247e-09
389 1.05247e-09
390 1.05247e-09
391 1.05247e-09
392 1.05247e-09
393 1.05247e-09
394 1.05247e-09
395 1.05247e-09
396 1.05247e-09
397 1.05247e-09
398 1.05247e-09
399 1.05247e-09
400 1.05247e-09
401 1.05247e-09
402 1.05247e-09
403 1.05247e-09
404 1.05247e-09
405 1.05247e-09
406 1.05247e-09
407 1.05247e-09
408 1.05247e-09
409 1.05247e-09
410 1.05247e-09
411 1.05247e-09
412 1.05247e-09
413 1.05247e-09
414 1.05247e-09
415 1.05247e-09
416 1.05247e-09
417 1.05247e-09
418 1.05247e-09
419 1.05247e-09
420 1.05247e-09
421 1.05247e-09
422 1.05247e-09
423 1.05247e-09
424 1.05247e-09
425 1.05247e-09
426 1.05247e-09
427 1.05247e-09
428 1.05247e-09
429 1.05247e-09
430 1.05247e-09
431 1.05247e-09
432 1.05247e-09
433 1.05247e-09
434 1.05247e-09
435 1.05247e-09
436 1.05247e-09
437 1.05247e-09
438 1.05247e-09
439 1.05247e-09
440 1.05247e-09
441 1.05247e-09
442 1.05247e-09
443 1.05247e-09
444 1.05247e-09
445 1.05247e-09
446 1.05247e-09
447 1.05247e-09
448 1.05247e-09
449 1.05247e-09
450 1.05247e-09
451 1.05247e-09
452 1.05247e-09
453 1.05247e-09
454 1.05247e-09
455 1.05247e-09
456 1.05247e-09
457 1.05247e-09
458 1.05247e-09
459 1.05247e-09
460 1.05247e-09
461 1.05247e-09
462 1.05247e-09
463 1.05247e-09
464 1.05247e-09
465 1.05247e-09
466 1.05247e-09
467 1.05247e-09
468 1.05247e-09
469 1.05247e-09
470 1.05247e-09
471 1.05247e-09
472 1.05247e-09
473 1.05247e-09
474 1.05247e-09
475 1.05247e-09
476 1.05247e-09
477 1.05247e-09
478 1.05247e-09
479 1.05247e-09
480 1.05247e-09
481 1.05247e-09
482 1.05247e-09
483 1.05247e-09
484 1.05247e-09
485 1.05247e-09
486 1.05247e-09
487 1.05247e-09
488 1.05247e-09
489 1.05247e-09
490 1.05247e-09
491 1.05247e-09
492 1.05247e-09
493 1.05247e-09
494 1.05247e-09
495 1.05247e-09
496 1.05247e-09
497 1.05247e-09
498 1.05247e-09
499 1.05247e-09
500 1.05247e-09
501 1.05247e-09
502 1.05247e-09
503 1.05247e-09
504 1.05247e-09
505 1.05247e-09
506 1.05247e-09
507 1.05247e-09
508 1.05247e-09
509 1.05247e-09
510 1.05247e-09
511 1.05247e-09
512 1.05247e-09
513 1.05247e-09
514 1.05247e-09
515 1.05247e-09
516 1.05247e-09
517 1.05247e-09
518 1.05247e-09
519 1.05247e-09
520 1.05247e-09
521 1.05247e-09
522 1.05247e-09
523 1.05247e-09
524 1.05247e-09
525 1.05247e-09
526 1.05247e-09
527 1.05247e-09
528 1.05247e-09
529 1.05247e-09
530 1.05247e-09
531 1.05247e-09
532 1.05247e-09
533 1.05247e-09
534 1.05247e-09
535 1.05247e-09
536 1.05247e-09
537 1.05247e-09
538 1.05247e-09
539 1.05247e-09
540 1.05247e-09
541 1.05247e-09
542 1.05247e-09
