1 4.1457e-09
2 4.1457e-09
3 4.1457e-09
4 4.1457e-09
5 4.1457e-09
6 4.1457e-09
7 4.1457e-09
8 4.1457e-09
9 4.1457e-09
10 4.1457e-09
11 4.1457e-09
12 4.1457e-09
13 4.1457e-09
14 4.1457e-09
15 4.1457e-09
16 4.1457e-09
17 4.1457e-09
18 4.1457e-09
19 4.1457e-09
20 4.1457e-09
21 4.1457e-09
22 4.1457e-09
23 4.1457e-09
24 4.1457e-09
25 4.1457e-09
26 4.1457e-09
27 4.1457e-09
28 4.1457e-09
29 4.1457e-09
30 4.1457e-09
31 4.1457e-09
32 4.1457e-09
33 4.1457e-09
34 4.1457e-09
35 4.1457e-09
36 4.1457e-09
37 4.1457e-09
38 4.1457e-09
39 4.1457e-09
40 4.1457e-09
41 4.1457e-09
42 4.1457e-09
43 4.1457e-09
44 4.1457e-09
45 4.1457e-09
46 4.1457e-09
47 4.1457e-09
48 4.1457e-09
49 4.1457e-09
50 4.1457e-09
51 4.1457e-09
52 4.1457e-09
53 4.1457e-09
54 4.1457e-09
55 4.1457e-09
56 4.1457e-09
57 4.1457e-09
58 4.1457e-09
59 4.1457e-09
60 4.1457e-09
61 4.1457e-09
62 4.1457e-09
63 4.1457e-09
64 4.1457e-09
65 4.1457e-09
66 4.1457e-09
67 4.1457e-09
68 4.1457e-09
69 4.1457e-09
70 4.1457e-09
71 4.1457e-09
72 4.1457e-09
73 4.1457e-09
74 4.1457e-09
75 4.1457e-09
76 4.1457e-09
77 4.1457e-09
78 4.1457e-09
79 4.1457e-09
80 4.1457e-09
81 4.1457e-09
82 4.1457e-09
83 4.1457e-09
84 4.1457e-09
85 4.1457e-09
86 4.1457e-09
87 4.1457e-09
88 4.1457e-09
89 4.1457e-09
90 4.1457e-09
91 4.1457e-09
92 4.1457e-09
93 4.1457e-09
94 4.1457e-09
95 4.1457e-09
96 4.1457e-09
97 4.1457e-09
98 4.1457e-09
99 4.1457e-09
100 4.1457e-09
101 4.1457e-09
102 4.1457e-09
103 4.1457e-09
104 4.1457e-09
105 4.1457e-09
106 4.1457e-09
107 4.1457e-09
108 4.1457e-09
109 4.1457e-09
110 4.1457e-09
111 4.1457e-09
112 4.1457e-09
113 4.1457e-09
114 4.1457e-09
115 4.1457e-09
116 4.1457e-09
117 4.1457e-09
118 4.1457e-09
119 4.1457e-09
120 4.1457e-09
121 4.1457e-09
122 4.1457e-09
123 4.1457e-09
124 4.1457e-09
125 4.1457e-09
126 4.1457e-09
127 4.1457e-09
128 4.1457e-09
129 4.1457e-09
130 4.1457e-09
131 4.1457e-09
132 4.1457e-09
133 4.1457e-09
134 4.1457e-09
135 4.1457e-09
136 4.1457e-09
137 4.1457e-09
138 4.1457e-09
139 4.1457e-09
140 4.1457e-09
141 4.1457e-09
142 4.1457e-09
143 4.1457e-09
144 4.1457e-09
145 4.1457e-09
146 4.1457e-09
147 4.1457e-09
148 4.1457e-09
149 4.1457e-09
150 4.1457e-09
151 4.1457e-09
152 4.1457e-09
153 4.1457e-09
154 4.1457e-09
155 4.1457e-09
156 4.1457e-09
157 4.1457e-09
158 4.1457e-09
159 4.1457e-09
160 4.1457e-09
161 4.1457e-09
162 4.1457e-09
163 4.1457e-09
164 4.1457e-09
165 4.1457e-09
166 4.1457e-09
167 4.1457e-09
168 4.1457e-09
169 4.1457e-09
170 4.1457e-09
171 4.1457e-09
172 4.1457e-09
173 4.1457e-09
174 4.1457e-09
175 4.1457e-09
176 4.1457e-09
177 4.1457e-09
178 4.1457e-09
179 4.1457e-09
180 4.1457e-09
181 4.1457e-09
182 4.1457e-09
183 4.1457e-09
184 4.1457e-09
185 4.1457e-09
186 4.1457e-09
187 4.1457e-09
188 4.1457e-09
189 4.1457e-09
190 4.1457e-09
191 4.1457e-09
192 4.1457e-09
193 4.1457e-09
194 4.1457e-09
195 4.1457e-09
196 4.1457e-09
197 4.1457e-09
198 4.1457e-09
199 4.1457e-09
200 4.1457e-09
201 4.1457e-09
202 4.1457e-09
203 4.1457e-09
204 4.1457e-09
205 4.1457e-09
206 4.1457e-09
207 4.1457e-09
208 4.1457e-09
209 4.1457e-09
210 4.1457e-09
211 4.1457e-09
212 4.1457e-09
213 4.1457e-09
214 4.1457e-09
215 4.1457e-09
216 4.1457e-09
217 4.1457e-09
218 4.1457e-09
219 4.1457e-09
220 4.1457e-09
221 4.1457e-09
222 4.1457e-09
223 4.1457e-09
224 4.1457e-09
225 4.1457e-09
226 4.1457e-09
227 4.1457e-09
228 4.1457e-09
229 4.1457e-09
230 4.1457e-09
231 4.1457e-09
232 4.1457e-09
233 4.1457e-09
234 4.1457e-09
235 4.1457e-09
236 4.1457e-09
237 4.1457e-09
238 7.08943e-09
239 2.26986e-08
240 8.8847e-08
241 3.55938e-07
242 1.41509e-06
243 5.54267e-06
244 2.13226e-05
245 8.04085e-05
246 0.000296806
247 0.00107111
248 0.00377495
249 0.0129785
250 0.0434791
251 0.141763
252 0.197988
253 0.229177
254 0.320799
255 0.368376
256 0.498833
257 0.561882
258 0.591214
259 0.662975
260 0.693789
261 0.763188
262 0.912869
263 0.969329
264 0.989679
265 0.996679
266 0.998976
267 0.999694
268 0.999908
269 0.999969
270 0.999984
271 0.999987
272 0.999992
273 0.99999
274 0.99999
275 0.999991
276 0.999988
277 0.999976
278 0.999938
279 0.99983
280 0.999532
281 0.998741
282 0.996718
283 0.991719
284 0.979744
285 0.951823
286 0.94019
287 0.914175
288 0.85685
289 0.731991
290 0.462664
291 0.357437
292 0.134936
293 0.0500381
294 0.0181704
295 0.00644325
296 0.00222606
297 0.000748058
298 0.000244251
299 7.74519e-05
300 2.38539e-05
301 7.1401e-06
302 2.07996e-06
303 5.90965e-07
304 1.64355e-07
305 4.5244e-08
306 1.3222e-08
307 5.56715e-09
308 4.1457e-09
309 4.1457e-09
310 4.1457e-09
311 4.1457e-09
312 4.1457e-09
313 4.1457e-09
314 4.1457e-09
315 4.1457e-09
316 4.1457e-09
317 4.1457e-09
318 4.1457e-09
319 4.1457e-09
320 4.1457e-09
321 4.1457e-09
322 4.1457e-09
323 4.1457e-09
324 4.1457e-09
325 4.1457e-09
326 4.1457e-09
327 4.1457e-09
328 4.1457e-09
329 4.1457e-09
330 4.1457e-09
331 4.1457e-09
332 4.1457e-09
333 4.1457e-09
334 4.1457e-09
335 4.1457e-09
336 4.1457e-09
337 4.1457e-09
338 4.1457e-09
339 4.1457e-09
340 4.1457e-09
341 4.1457e-09
342 4.1457e-09
343 4.1457e-09
344 4.1457e-09
345 4.1457e-09
346 4.1457e-09
347 4.1457e-09
348 4.1457e-09
349 4.1457e-09
350 4.1457e-09
351 4.1457e-09
352 4.1457e-09
353 4.1457e-09
354 4.1457e-09
355 4.1457e-09
356 4.1457e-09
357 4.1457e-09
358 4.1457e-09
359 4.1457e-09
360 4.1457e-09
361 4.1457e-09
362 4.1457e-09
363 4.1457e-09
364 4.1457e-09
365 4.1457e-09
366 4.1457e-09
367 4.1457e-09
368 4.1457e-09
369 4.1457e-09
370 4.1457e-09
371 4.1457e-09
372 4.1457e-09
373 4.1457e-09
374 4.1457e-09
375 4.1457e-09
376 4.1457e-09
377 4.1457e-09
378 4.1457e-09
379 4.1457e-09
380 4.1457e-09
381 4.1457e-09
382 4.1457e-09
383 4.1457e-09
384 4.1457e-09
385 4.1457e-09
386 4.1457e-09
387 4.1457e-09
388 4.1457e-09
389 4.1457e-09
390 4.1457e-09
391 4.1457e-09
392 4.1457e-09
393 4.1457e-09
394 4.1457e-09
395 4.1457e-09
396 4.1457e-09
397 4.1457e-09
398 4.1457e-09
399 4.1457e-09
400 4.1457e-09
401 4.1457e-09
402 4.1457e-09
403 4.1457e-09
404 4.1457e-09
405 4.1457e-09
406 4.1457e-09
407 4.1457e-09
408 4.1457e-09
409 4.1457e-09
410 4.1457e-09
411 4.1457e-09
412 4.1457e-09
413 4.1457e-09
414 4.1457e-09
415 4.1457e-09
416 4.1457e-09
417 4.1457e-09
418 4.1457e-09
419 4.1457e-09
420 4.1457e-09
421 4.1457e-09
422 4.1457e-09
423 4.1457e-09
424 4.1457e-09
425 4.1457e-09
426 4.1457e-09
427 4.1457e-09
428 4.1457e-09
429 4.1457e-09
430 4.1457e-09
431 4.1457e-09
432 4.1457e-09
433 4.1457e-09
434 4.1457e-09
435 4.1457e-09
436 4.1457e-09
437 4.1457e-09
438 4.1457e-09
439 4.1457e-09
440 4.1457e-09
441 4.1457e-09
442 4.1457e-09
443 4.1457e-09
444 4.1457e-09
445 4.1457e-09
446 4.1457e-09
447 4.1457e-09
448 4.1457e-09
449 4.1457e-09
450 4.1457e-09
451 4.1457e-09
452 4.1457e-09
453 4.1457e-09
454 4.1457e-09
455 4.1457e-09
456 4.1457e-09
457 4.1457e-09
458 4.1457e-09
459 4.1457e-09
460 4.1457e-09
461 4.1457e-09
462 4.1457e-09
463 4.1457e-09
464 4.1457e-09
465 4.1457e-09
466 4.1457e-09
467 4.1457e-09
468 4.1457e-09
469 4.1457e-09
470 4.1457e-09
471 4.1457e-09
472 4.1457e-09
473 4.1457e-09
474 4.1457e-09
475 4.1457e-09
476 4.1457e-09
477 4.1457e-09
478 4.1457e-09
479 4.1457e-09
480 4.1457e-09
481 4.1457e-09
482 4.1457e-09
483 4.1457e-09
484 4.1457e-09
485 4.1457e-09
486 4.1457e-09
487 4.1457e-09
488 4.1457e-09
489 4.1457e-09
490 4.1457e-09
491 4.1457e-09
492 4.1457e-09
493 4.1457e-09
494 4.1457e-09
495 4.1457e-09
496 4.1457e-09
497 4.1457e-09
498 4.1457e-09
499 4.1457e-09
500 4.1457e-09
501 4.1457e-09
502 4.1457e-09
503 4.1457e-09
504 4.1457e-09
505 4.1457e-09
506 4.1457e-09
507 4.1457e-09
508 4.1457e-09
509 4.1457e-09
510 4.1457e-09
511 4.1457e-09
512 4.1457e-09
513 4.1457e-09
514 4.1457e-09
515 4.1457e-09
516 4.1457e-09
517 4.1457e-09
518 4.1457e-09
519 4.1457e-09
520 4.1457e-09
521 4.1457e-09
522 4.1457e-09
523 4.1457e-09
524 4.1457e-09
525 4.1457e-09
526 4.1457e-09
527 4.1457e-09
528 4.1457e-09
529 4.1457e-09
530 4.1457e-09
531 4.1457e-09
532 4.1457e-09
533 4.1457e-09
534 4.1457e-09
535 4.1457e-09
536 4.1457e-09
537 4.1457e-09
538 4.1457e-09
539 4.1457e-09
540 4.1457e-09
541 4.1457e-09
542 4.1457e-09
