1 3.74788e-08
2 3.74788e-08
3 3.74788e-08
4 3.74788e-08
5 3.74788e-08
6 3.74788e-08
7 3.74788e-08
8 3.74788e-08
9 3.74788e-08
10 3.74788e-08
11 3.74788e-08
12 3.74788e-08
13 3.74788e-08
14 3.74788e-08
15 3.74788e-08
16 3.74788e-08
17 3.74788e-08
18 3.74788e-08
19 3.74788e-08
20 3.74788e-08
21 3.74788e-08
22 3.74788e-08
23 3.74788e-08
24 3.74788e-08
25 3.74788e-08
26 3.74788e-08
27 3.74788e-08
28 3.74788e-08
29 3.74788e-08
30 3.74788e-08
31 3.74788e-08
32 3.74788e-08
33 3.74788e-08
34 3.74788e-08
35 3.74788e-08
36 3.74788e-08
37 3.74788e-08
38 3.74788e-08
39 3.74788e-08
40 3.74788e-08
41 3.74788e-08
42 3.74788e-08
43 3.74788e-08
44 3.74788e-08
45 3.74788e-08
46 3.74788e-08
47 3.74788e-08
48 3.74788e-08
49 3.74788e-08
50 3.74788e-08
51 3.74788e-08
52 3.74788e-08
53 3.74788e-08
54 3.74788e-08
55 3.74788e-08
56 3.74788e-08
57 3.74788e-08
58 3.74788e-08
59 3.74788e-08
60 3.74788e-08
61 3.74788e-08
62 3.74788e-08
63 3.74788e-08
64 3.74788e-08
65 3.74788e-08
66 3.74788e-08
67 3.74788e-08
68 3.74788e-08
69 3.74788e-08
70 3.74788e-08
71 3.74788e-08
72 3.74788e-08
73 3.74788e-08
74 3.74788e-08
75 3.74788e-08
76 3.74788e-08
77 3.74788e-08
78 3.74788e-08
79 3.74788e-08
80 3.74788e-08
81 3.74788e-08
82 3.74788e-08
83 3.74788e-08
84 3.74788e-08
85 3.74788e-08
86 3.74788e-08
87 3.74788e-08
88 3.74788e-08
89 3.74788e-08
90 3.74788e-08
91 3.74788e-08
92 3.74788e-08
93 3.74788e-08
94 3.74788e-08
95 3.74788e-08
96 3.74788e-08
97 3.74788e-08
98 3.74788e-08
99 3.74788e-08
100 3.74788e-08
101 3.74788e-08
102 3.74788e-08
103 3.74788e-08
104 3.74788e-08
105 3.74788e-08
106 3.74788e-08
107 3.74788e-08
108 3.74788e-08
109 3.74788e-08
110 3.74788e-08
111 3.74788e-08
112 3.74788e-08
113 3.74788e-08
114 3.74788e-08
115 3.74788e-08
116 3.74788e-08
117 3.74788e-08
118 3.74788e-08
119 3.74788e-08
120 3.74788e-08
121 3.74788e-08
122 3.74788e-08
123 3.74788e-08
124 3.74788e-08
125 3.74788e-08
126 3.74788e-08
127 3.74788e-08
128 3.74788e-08
129 3.74788e-08
130 3.74788e-08
131 3.74788e-08
132 3.74788e-08
133 3.74788e-08
134 3.74788e-08
135 3.74788e-08
136 3.74788e-08
137 3.74788e-08
138 3.74788e-08
139 3.74788e-08
140 3.74788e-08
141 3.74788e-08
142 3.74788e-08
143 3.74788e-08
144 3.74788e-08
145 3.74788e-08
146 3.74788e-08
147 3.74788e-08
148 3.74788e-08
149 3.74788e-08
150 3.74788e-08
151 3.74788e-08
152 3.74788e-08
153 3.74788e-08
154 3.74788e-08
155 3.74788e-08
156 3.74788e-08
157 3.74788e-08
158 3.74788e-08
159 3.74788e-08
160 3.74788e-08
161 3.74788e-08
162 3.74788e-08
163 3.74788e-08
164 3.74788e-08
165 3.74788e-08
166 3.74788e-08
167 3.74788e-08
168 3.74788e-08
169 3.74788e-08
170 3.74788e-08
171 3.74788e-08
172 3.74788e-08
173 3.74788e-08
174 3.74788e-08
175 3.74788e-08
176 3.74788e-08
177 3.74788e-08
178 3.74788e-08
179 3.74788e-08
180 3.74788e-08
181 3.74788e-08
182 3.74788e-08
183 3.74788e-08
184 3.74788e-08
185 3.74788e-08
186 3.74788e-08
187 3.74788e-08
188 3.74788e-08
189 3.74788e-08
190 3.74788e-08
191 3.74788e-08
192 3.74788e-08
193 3.74788e-08
194 3.74788e-08
195 3.74788e-08
196 3.74788e-08
197 3.74788e-08
198 3.74788e-08
199 3.74788e-08
200 3.74788e-08
201 3.74788e-08
202 3.74788e-08
203 3.74788e-08
204 3.74788e-08
205 3.74788e-08
206 3.74788e-08
207 3.74788e-08
208 3.74788e-08
209 3.74788e-08
210 3.74788e-08
211 3.74788e-08
212 3.74788e-08
213 3.74788e-08
214 3.74788e-08
215 3.74788e-08
216 3.74788e-08
217 3.74788e-08
218 3.74788e-08
219 3.74788e-08
220 3.74788e-08
221 3.74788e-08
222 3.74788e-08
223 3.74788e-08
224 3.74788e-08
225 3.74788e-08
226 3.74788e-08
227 3.74788e-08
228 3.74788e-08
229 3.74788e-08
230 3.74788e-08
231 3.74788e-08
232 3.74788e-08
233 3.74788e-08
234 3.74788e-08
235 3.74788e-08
236 3.74788e-08
237 3.74788e-08
238 3.74788e-08
239 3.74788e-08
240 3.74788e-08
241 3.98743e-08
242 5.23318e-08
243 9.62141e-08
244 2.46493e-07
245 7.89905e-07
246 2.81812e-06
247 1.05375e-05
248 4.00392e-05
249 0.000151988
250 0.000570996
251 0.00211498
252 0.00314153
253 0.00381957
254 0.00628174
255 0.00794276
256 0.014251
257 0.0187751
258 0.0221157
259 0.0359476
260 0.0464879
261 0.0904325
262 0.271629
263 0.406034
264 0.503772
265 0.573265
266 0.621463
267 0.653946
268 0.675006
269 0.687703
270 0.693836
271 0.693678
272 0.708253
273 0.713214
274 0.739439
275 0.818445
276 0.856995
277 0.873598
278 0.87776
279 0.873413
280 0.860921
281 0.838104
282 0.800661
283 0.742215
284 0.654104
285 0.524834
286 0.490845
287 0.442427
288 0.373396
289 0.273757
290 0.126949
291 0.0864927
292 0.0244119
293 0.0068491
294 0.00189381
295 0.000512906
296 0.000135554
297 3.49058e-05
298 8.76765e-06
299 2.16366e-06
300 5.39457e-07
301 1.50454e-07
302 6.0691e-08
303 4.07764e-08
304 3.74788e-08
305 3.74788e-08
306 3.74788e-08
307 3.74788e-08
308 3.74788e-08
309 3.74788e-08
310 3.74788e-08
311 3.74788e-08
312 3.74788e-08
313 3.74788e-08
314 3.74788e-08
315 3.74788e-08
316 3.74788e-08
317 3.74788e-08
318 3.74788e-08
319 3.74788e-08
320 3.74788e-08
321 3.74788e-08
322 3.74788e-08
323 3.74788e-08
324 3.74788e-08
325 3.74788e-08
326 3.74788e-08
327 3.74788e-08
328 3.74788e-08
329 3.74788e-08
330 3.74788e-08
331 3.74788e-08
332 3.74788e-08
333 3.74788e-08
334 3.74788e-08
335 3.74788e-08
336 3.74788e-08
337 3.74788e-08
338 3.74788e-08
339 3.74788e-08
340 3.74788e-08
341 3.74788e-08
342 3.74788e-08
343 3.74788e-08
344 3.74788e-08
345 3.74788e-08
346 3.74788e-08
347 3.74788e-08
348 3.74788e-08
349 3.74788e-08
350 3.74788e-08
351 3.74788e-08
352 3.74788e-08
353 3.74788e-08
354 3.74788e-08
355 3.74788e-08
356 3.74788e-08
357 3.74788e-08
358 3.74788e-08
359 3.74788e-08
360 3.74788e-08
361 3.74788e-08
362 3.74788e-08
363 3.74788e-08
364 3.74788e-08
365 3.74788e-08
366 3.74788e-08
367 3.74788e-08
368 3.74788e-08
369 3.74788e-08
370 3.74788e-08
371 3.74788e-08
372 3.74788e-08
373 3.74788e-08
374 3.74788e-08
375 3.74788e-08
376 3.74788e-08
377 3.74788e-08
378 3.74788e-08
379 3.74788e-08
380 3.74788e-08
381 3.74788e-08
382 3.74788e-08
383 3.74788e-08
384 3.74788e-08
385 3.74788e-08
386 3.74788e-08
387 3.74788e-08
388 3.74788e-08
389 3.74788e-08
390 3.74788e-08
391 3.74788e-08
392 3.74788e-08
393 3.74788e-08
394 3.74788e-08
395 3.74788e-08
396 3.74788e-08
397 3.74788e-08
398 3.74788e-08
399 3.74788e-08
400 3.74788e-08
401 3.74788e-08
402 3.74788e-08
403 3.74788e-08
404 3.74788e-08
405 3.74788e-08
406 3.74788e-08
407 3.74788e-08
408 3.74788e-08
409 3.74788e-08
410 3.74788e-08
411 3.74788e-08
412 3.74788e-08
413 3.74788e-08
414 3.74788e-08
415 3.74788e-08
416 3.74788e-08
417 3.74788e-08
418 3.74788e-08
419 3.74788e-08
420 3.74788e-08
421 3.74788e-08
422 3.74788e-08
423 3.74788e-08
424 3.74788e-08
425 3.74788e-08
426 3.74788e-08
427 3.74788e-08
428 3.74788e-08
429 3.74788e-08
430 3.74788e-08
431 3.74788e-08
432 3.74788e-08
433 3.74788e-08
434 3.74788e-08
435 3.74788e-08
436 3.74788e-08
437 3.74788e-08
438 3.74788e-08
439 3.74788e-08
440 3.74788e-08
441 3.74788e-08
442 3.74788e-08
443 3.74788e-08
444 3.74788e-08
445 3.74788e-08
446 3.74788e-08
447 3.74788e-08
448 3.74788e-08
449 3.74788e-08
450 3.74788e-08
451 3.74788e-08
452 3.74788e-08
453 3.74788e-08
454 3.74788e-08
455 3.74788e-08
456 3.74788e-08
457 3.74788e-08
458 3.74788e-08
459 3.74788e-08
460 3.74788e-08
461 3.74788e-08
462 3.74788e-08
463 3.74788e-08
464 3.74788e-08
465 3.74788e-08
466 3.74788e-08
467 3.74788e-08
468 3.74788e-08
469 3.74788e-08
470 3.74788e-08
471 3.74788e-08
472 3.74788e-08
473 3.74788e-08
474 3.74788e-08
475 3.74788e-08
476 3.74788e-08
477 3.74788e-08
478 3.74788e-08
479 3.74788e-08
480 3.74788e-08
481 3.74788e-08
482 3.74788e-08
483 3.74788e-08
484 3.74788e-08
485 3.74788e-08
486 3.74788e-08
487 3.74788e-08
488 3.74788e-08
489 3.74788e-08
490 3.74788e-08
491 3.74788e-08
492 3.74788e-08
493 3.74788e-08
494 3.74788e-08
495 3.74788e-08
496 3.74788e-08
497 3.74788e-08
498 3.74788e-08
499 3.74788e-08
500 3.74788e-08
501 3.74788e-08
502 3.74788e-08
503 3.74788e-08
504 3.74788e-08
505 3.74788e-08
506 3.74788e-08
507 3.74788e-08
508 3.74788e-08
509 3.74788e-08
510 3.74788e-08
511 3.74788e-08
512 3.74788e-08
513 3.74788e-08
514 3.74788e-08
515 3.74788e-08
516 3.74788e-08
517 3.74788e-08
518 3.74788e-08
519 3.74788e-08
520 3.74788e-08
521 3.74788e-08
522 3.74788e-08
523 3.74788e-08
524 3.74788e-08
525 3.74788e-08
526 3.74788e-08
527 3.74788e-08
528 3.74788e-08
529 3.74788e-08
530 3.74788e-08
531 3.74788e-08
532 3.74788e-08
533 3.74788e-08
534 3.74788e-08
535 3.74788e-08
536 3.74788e-08
537 3.74788e-08
538 3.74788e-08
539 3.74788e-08
540 3.74788e-08
541 3.74788e-08
542 3.74788e-08
