1 3.01294e-09
2 3.01294e-09
3 3.01294e-09
4 3.01294e-09
5 3.01294e-09
6 3.01294e-09
7 3.01294e-09
8 3.01294e-09
9 3.01294e-09
10 3.01294e-09
11 3.01294e-09
12 3.01294e-09
13 3.01294e-09
14 3.01294e-09
15 3.01294e-09
16 3.01294e-09
17 3.01294e-09
18 3.01294e-09
19 3.01294e-09
20 3.01294e-09
21 3.01294e-09
22 3.01294e-09
23 3.01294e-09
24 3.01294e-09
25 3.01294e-09
26 3.01294e-09
27 3.01294e-09
28 3.01294e-09
29 3.01294e-09
30 3.01294e-09
31 3.01294e-09
32 3.01294e-09
33 3.01294e-09
34 3.01294e-09
35 3.01294e-09
36 3.01294e-09
37 3.01294e-09
38 3.01294e-09
39 3.01294e-09
40 3.01294e-09
41 3.01294e-09
42 3.01294e-09
43 3.01294e-09
44 3.01294e-09
45 3.01294e-09
46 3.01294e-09
47 3.01294e-09
48 3.01294e-09
49 3.01294e-09
50 3.01294e-09
51 3.01294e-09
52 3.01294e-09
53 3.01294e-09
54 3.01294e-09
55 3.01294e-09
56 3.01294e-09
57 3.01294e-09
58 3.01294e-09
59 3.01294e-09
60 3.01294e-09
61 3.01294e-09
62 3.01294e-09
63 3.01294e-09
64 3.01294e-09
65 3.01294e-09
66 3.01294e-09
67 3.01294e-09
68 3.01294e-09
69 3.01294e-09
70 3.01294e-09
71 3.01294e-09
72 3.01294e-09
73 3.01294e-09
74 3.01294e-09
75 3.01294e-09
76 3.01294e-09
77 3.01294e-09
78 3.01294e-09
79 3.01294e-09
80 3.01294e-09
81 3.01294e-09
82 3.01294e-09
83 3.01294e-09
84 3.01294e-09
85 3.01294e-09
86 3.01294e-09
87 3.01294e-09
88 3.01294e-09
89 3.01294e-09
90 3.01294e-09
91 3.01294e-09
92 3.01294e-09
93 3.01294e-09
94 3.01294e-09
95 3.01294e-09
96 3.01294e-09
97 3.01294e-09
98 3.01294e-09
99 3.01294e-09
100 3.01294e-09
101 3.01294e-09
102 3.01294e-09
103 3.01294e-09
104 3.01294e-09
105 3.01294e-09
106 3.01294e-09
107 3.01294e-09
108 3.01294e-09
109 3.01294e-09
110 3.01294e-09
111 3.01294e-09
112 3.01294e-09
113 3.01294e-09
114 3.01294e-09
115 3.01294e-09
116 3.01294e-09
117 3.01294e-09
118 3.01294e-09
119 3.01294e-09
120 3.01294e-09
121 3.01294e-09
122 3.01294e-09
123 3.01294e-09
124 3.01294e-09
125 3.01294e-09
126 3.01294e-09
127 3.01294e-09
128 3.01294e-09
129 3.01294e-09
130 3.01294e-09
131 3.01294e-09
132 3.01294e-09
133 3.01294e-09
134 3.01294e-09
135 3.01294e-09
136 3.01294e-09
137 3.01294e-09
138 3.01294e-09
139 3.01294e-09
140 3.01294e-09
141 3.01294e-09
142 3.01294e-09
143 3.01294e-09
144 3.01294e-09
145 3.01294e-09
146 3.01294e-09
147 3.01294e-09
148 3.01294e-09
149 3.01294e-09
150 3.01294e-09
151 3.01294e-09
152 3.01294e-09
153 3.01294e-09
154 3.01294e-09
155 3.01294e-09
156 3.01294e-09
157 3.01294e-09
158 3.01294e-09
159 3.01294e-09
160 3.01294e-09
161 3.01294e-09
162 3.01294e-09
163 3.01294e-09
164 3.01294e-09
165 3.01294e-09
166 3.01294e-09
167 3.01294e-09
168 3.01294e-09
169 3.01294e-09
170 3.01294e-09
171 3.01294e-09
172 3.01294e-09
173 3.01294e-09
174 3.01294e-09
175 3.01294e-09
176 3.01294e-09
177 3.01294e-09
178 3.01294e-09
179 3.01294e-09
180 3.01294e-09
181 3.01294e-09
182 3.01294e-09
183 3.01294e-09
184 3.01294e-09
185 3.01294e-09
186 3.01294e-09
187 3.01294e-09
188 3.01294e-09
189 3.01294e-09
190 3.01294e-09
191 3.01294e-09
192 3.01294e-09
193 3.01294e-09
194 3.01294e-09
195 3.01294e-09
196 3.01294e-09
197 3.01294e-09
198 3.01294e-09
199 3.01294e-09
200 3.01294e-09
201 3.01294e-09
202 3.01294e-09
203 3.01294e-09
204 3.01294e-09
205 3.01294e-09
206 3.01294e-09
207 3.01294e-09
208 3.01294e-09
209 3.01294e-09
210 3.01294e-09
211 3.01294e-09
212 3.01294e-09
213 3.01294e-09
214 3.01294e-09
215 3.01294e-09
216 3.01294e-09
217 3.01294e-09
218 3.01294e-09
219 3.01294e-09
220 3.01294e-09
221 3.01294e-09
222 3.01294e-09
223 3.01294e-09
224 3.01294e-09
225 3.01294e-09
226 3.01294e-09
227 3.01294e-09
228 3.01294e-09
229 3.01294e-09
230 3.01294e-09
231 3.01294e-09
232 3.01294e-09
233 3.01294e-09
234 3.01294e-09
235 3.01294e-09
236 3.01294e-09
237 3.01294e-09
238 3.01294e-09
239 4.70833e-09
240 1.78812e-08
241 7.53609e-08
242 3.12415e-07
243 1.2814e-06
244 5.21138e-06
245 2.09597e-05
246 8.30736e-05
247 0.000323567
248 0.00123585
249 0.00462142
250 0.0168976
251 0.0603414
252 0.0877416
253 0.104567
254 0.15951
255 0.191359
256 0.289254
257 0.342505
258 0.3705
259 0.448172
260 0.486133
261 0.583746
262 0.824857
263 0.929299
264 0.972635
265 0.989836
266 0.99636
267 0.998721
268 0.999536
269 0.999803
270 0.999885
271 0.999903
272 0.999937
273 0.999933
274 0.99994
275 0.999955
276 0.999947
277 0.999914
278 0.999823
279 0.999593
280 0.999026
281 0.997678
282 0.994554
283 0.987477
284 0.971733
285 0.937187
286 0.923475
287 0.893971
288 0.831055
289 0.698322
290 0.422131
291 0.318883
292 0.112214
293 0.0384174
294 0.012776
295 0.00412332
296 0.00129109
297 0.000392341
298 0.00011582
299 3.32692e-05
300 9.32203e-06
301 2.55622e-06
302 6.88507e-07
303 1.82692e-07
304 4.77278e-08
305 1.25794e-08
306 4.28197e-09
307 3.01294e-09
308 3.01294e-09
309 3.01294e-09
310 3.01294e-09
311 3.01294e-09
312 3.01294e-09
313 3.01294e-09
314 3.01294e-09
315 3.01294e-09
316 3.01294e-09
317 3.01294e-09
318 3.01294e-09
319 3.01294e-09
320 3.01294e-09
321 3.01294e-09
322 3.01294e-09
323 3.01294e-09
324 3.01294e-09
325 3.01294e-09
326 3.01294e-09
327 3.01294e-09
328 3.01294e-09
329 3.01294e-09
330 3.01294e-09
331 3.01294e-09
332 3.01294e-09
333 3.01294e-09
334 3.01294e-09
335 3.01294e-09
336 3.01294e-09
337 3.01294e-09
338 3.01294e-09
339 3.01294e-09
340 3.01294e-09
341 3.01294e-09
342 3.01294e-09
343 3.01294e-09
344 3.01294e-09
345 3.01294e-09
346 3.01294e-09
347 3.01294e-09
348 3.01294e-09
349 3.01294e-09
350 3.01294e-09
351 3.01294e-09
352 3.01294e-09
353 3.01294e-09
354 3.01294e-09
355 3.01294e-09
356 3.01294e-09
357 3.01294e-09
358 3.01294e-09
359 3.01294e-09
360 3.01294e-09
361 3.01294e-09
362 3.01294e-09
363 3.01294e-09
364 3.01294e-09
365 3.01294e-09
366 3.01294e-09
367 3.01294e-09
368 3.01294e-09
369 3.01294e-09
370 3.01294e-09
371 3.01294e-09
372 3.01294e-09
373 3.01294e-09
374 3.01294e-09
375 3.01294e-09
376 3.01294e-09
377 3.01294e-09
378 3.01294e-09
379 3.01294e-09
380 3.01294e-09
381 3.01294e-09
382 3.01294e-09
383 3.01294e-09
384 3.01294e-09
385 3.01294e-09
386 3.01294e-09
387 3.01294e-09
388 3.01294e-09
389 3.01294e-09
390 3.01294e-09
391 3.01294e-09
392 3.01294e-09
393 3.01294e-09
394 3.01294e-09
395 3.01294e-09
396 3.01294e-09
397 3.01294e-09
398 3.01294e-09
399 3.01294e-09
400 3.01294e-09
401 3.01294e-09
402 3.01294e-09
403 3.01294e-09
404 3.01294e-09
405 3.01294e-09
406 3.01294e-09
407 3.01294e-09
408 3.01294e-09
409 3.01294e-09
410 3.01294e-09
411 3.01294e-09
412 3.01294e-09
413 3.01294e-09
414 3.01294e-09
415 3.01294e-09
416 3.01294e-09
417 3.01294e-09
418 3.01294e-09
419 3.01294e-09
420 3.01294e-09
421 3.01294e-09
422 3.01294e-09
423 3.01294e-09
424 3.01294e-09
425 3.01294e-09
426 3.01294e-09
427 3.01294e-09
428 3.01294e-09
429 3.01294e-09
430 3.01294e-09
431 3.01294e-09
432 3.01294e-09
433 3.01294e-09
434 3.01294e-09
435 3.01294e-09
436 3.01294e-09
437 3.01294e-09
438 3.01294e-09
439 3.01294e-09
440 3.01294e-09
441 3.01294e-09
442 3.01294e-09
443 3.01294e-09
444 3.01294e-09
445 3.01294e-09
446 3.01294e-09
447 3.01294e-09
448 3.01294e-09
449 3.01294e-09
450 3.01294e-09
451 3.01294e-09
452 3.01294e-09
453 3.01294e-09
454 3.01294e-09
455 3.01294e-09
456 3.01294e-09
457 3.01294e-09
458 3.01294e-09
459 3.01294e-09
460 3.01294e-09
461 3.01294e-09
462 3.01294e-09
463 3.01294e-09
464 3.01294e-09
465 3.01294e-09
466 3.01294e-09
467 3.01294e-09
468 3.01294e-09
469 3.01294e-09
470 3.01294e-09
471 3.01294e-09
472 3.01294e-09
473 3.01294e-09
474 3.01294e-09
475 3.01294e-09
476 3.01294e-09
477 3.01294e-09
478 3.01294e-09
479 3.01294e-09
480 3.01294e-09
481 3.01294e-09
482 3.01294e-09
483 3.01294e-09
484 3.01294e-09
485 3.01294e-09
486 3.01294e-09
487 3.01294e-09
488 3.01294e-09
489 3.01294e-09
490 3.01294e-09
491 3.01294e-09
492 3.01294e-09
493 3.01294e-09
494 3.01294e-09
495 3.01294e-09
496 3.01294e-09
497 3.01294e-09
498 3.01294e-09
499 3.01294e-09
500 3.01294e-09
501 3.01294e-09
502 3.01294e-09
503 3.01294e-09
504 3.01294e-09
505 3.01294e-09
506 3.01294e-09
507 3.01294e-09
508 3.01294e-09
509 3.01294e-09
510 3.01294e-09
511 3.01294e-09
512 3.01294e-09
513 3.01294e-09
514 3.01294e-09
515 3.01294e-09
516 3.01294e-09
517 3.01294e-09
518 3.01294e-09
519 3.01294e-09
520 3.01294e-09
521 3.01294e-09
522 3.01294e-09
523 3.01294e-09
524 3.01294e-09
525 3.01294e-09
526 3.01294e-09
527 3.01294e-09
528 3.01294e-09
529 3.01294e-09
530 3.01294e-09
531 3.01294e-09
532 3.01294e-09
533 3.01294e-09
534 3.01294e-09
535 3.01294e-09
536 3.01294e-09
537 3.01294e-09
538 3.01294e-09
539 3.01294e-09
540 3.01294e-09
541 3.01294e-09
542 3.01294e-09
