1 5.7525e-09
2 5.7525e-09
3 5.7525e-09
4 5.7525e-09
5 5.7525e-09
6 5.7525e-09
7 5.7525e-09
8 5.7525e-09
9 5.7525e-09
10 5.7525e-09
11 5.7525e-09
12 5.7525e-09
13 5.7525e-09
14 5.7525e-09
15 5.7525e-09
16 5.7525e-09
17 5.7525e-09
18 5.7525e-09
19 5.7525e-09
20 5.7525e-09
21 5.7525e-09
22 5.7525e-09
23 5.7525e-09
24 5.7525e-09
25 5.7525e-09
26 5.7525e-09
27 5.7525e-09
28 5.7525e-09
29 5.7525e-09
30 5.7525e-09
31 5.7525e-09
32 5.7525e-09
33 5.7525e-09
34 5.7525e-09
35 5.7525e-09
36 5.7525e-09
37 5.7525e-09
38 5.7525e-09
39 5.7525e-09
40 5.7525e-09
41 5.7525e-09
42 5.7525e-09
43 5.7525e-09
44 5.7525e-09
45 5.7525e-09
46 5.7525e-09
47 5.7525e-09
48 5.7525e-09
49 5.7525e-09
50 5.7525e-09
51 5.7525e-09
52 5.7525e-09
53 5.7525e-09
54 5.7525e-09
55 5.7525e-09
56 5.7525e-09
57 5.7525e-09
58 5.7525e-09
59 5.7525e-09
60 5.7525e-09
61 5.7525e-09
62 5.7525e-09
63 5.7525e-09
64 5.7525e-09
65 5.7525e-09
66 5.7525e-09
67 5.7525e-09
68 5.7525e-09
69 5.7525e-09
70 5.7525e-09
71 5.7525e-09
72 5.7525e-09
73 5.7525e-09
74 5.7525e-09
75 5.7525e-09
76 5.7525e-09
77 5.7525e-09
78 5.7525e-09
79 5.7525e-09
80 5.7525e-09
81 5.7525e-09
82 5.7525e-09
83 5.7525e-09
84 5.7525e-09
85 5.7525e-09
86 5.7525e-09
87 5.7525e-09
88 5.7525e-09
89 5.7525e-09
90 5.7525e-09
91 5.7525e-09
92 5.7525e-09
93 5.7525e-09
94 5.7525e-09
95 5.7525e-09
96 5.7525e-09
97 5.7525e-09
98 5.7525e-09
99 5.7525e-09
100 5.7525e-09
101 5.7525e-09
102 5.7525e-09
103 5.7525e-09
104 5.7525e-09
105 5.7525e-09
106 5.7525e-09
107 5.7525e-09
108 5.7525e-09
109 5.7525e-09
110 5.7525e-09
111 5.7525e-09
112 5.7525e-09
113 5.7525e-09
114 5.7525e-09
115 5.7525e-09
116 5.7525e-09
117 5.7525e-09
118 5.7525e-09
119 5.7525e-09
120 5.7525e-09
121 5.7525e-09
122 5.7525e-09
123 5.7525e-09
124 5.7525e-09
125 5.7525e-09
126 5.7525e-09
127 5.7525e-09
128 5.7525e-09
129 5.7525e-09
130 5.7525e-09
131 5.7525e-09
132 5.7525e-09
133 5.7525e-09
134 5.7525e-09
135 5.7525e-09
136 5.7525e-09
137 5.7525e-09
138 5.7525e-09
139 5.7525e-09
140 5.7525e-09
141 5.7525e-09
142 5.7525e-09
143 5.7525e-09
144 5.7525e-09
145 5.7525e-09
146 5.7525e-09
147 5.7525e-09
148 5.7525e-09
149 5.7525e-09
150 5.7525e-09
151 5.7525e-09
152 5.7525e-09
153 5.7525e-09
154 5.7525e-09
155 5.7525e-09
156 5.7525e-09
157 5.7525e-09
158 5.7525e-09
159 5.7525e-09
160 5.7525e-09
161 5.7525e-09
162 5.7525e-09
163 5.7525e-09
164 5.7525e-09
165 5.7525e-09
166 5.7525e-09
167 5.7525e-09
168 5.7525e-09
169 5.7525e-09
170 5.7525e-09
171 5.7525e-09
172 5.7525e-09
173 5.7525e-09
174 5.7525e-09
175 5.7525e-09
176 5.7525e-09
177 5.7525e-09
178 5.7525e-09
179 5.7525e-09
180 5.7525e-09
181 5.7525e-09
182 5.7525e-09
183 5.7525e-09
184 5.7525e-09
185 5.7525e-09
186 5.7525e-09
187 5.7525e-09
188 5.7525e-09
189 5.7525e-09
190 5.7525e-09
191 5.7525e-09
192 5.7525e-09
193 5.7525e-09
194 5.7525e-09
195 5.7525e-09
196 5.7525e-09
197 5.7525e-09
198 5.7525e-09
199 5.7525e-09
200 5.7525e-09
201 5.7525e-09
202 5.7525e-09
203 5.7525e-09
204 5.7525e-09
205 5.7525e-09
206 5.7525e-09
207 5.7525e-09
208 5.7525e-09
209 5.7525e-09
210 5.7525e-09
211 5.7525e-09
212 5.7525e-09
213 5.7525e-09
214 5.7525e-09
215 5.7525e-09
216 5.7525e-09
217 5.7525e-09
218 5.7525e-09
219 5.7525e-09
220 5.7525e-09
221 5.7525e-09
222 5.7525e-09
223 5.7525e-09
224 5.7525e-09
225 5.7525e-09
226 5.7525e-09
227 5.7525e-09
228 5.7525e-09
229 5.7525e-09
230 5.7525e-09
231 5.7525e-09
232 5.7525e-09
233 6.12783e-09
234 1.22243e-08
235 3.72269e-08
236 1.25387e-07
237 4.25352e-07
238 1.41673e-06
239 4.60492e-06
240 1.45805e-05
241 4.4923e-05
242 0.000134547
243 0.000391327
244 0.0011041
245 0.00301878
246 0.00799038
247 0.0204547
248 0.0505938
249 0.120807
250 0.278237
251 0.617622
252 0.74611
253 0.792792
254 0.881739
255 0.911423
256 0.963298
257 0.979155
258 0.98379
259 0.990873
260 0.992765
261 0.995408
262 0.998938
263 0.999764
264 0.99995
265 0.99999
266 0.999998
267 1
268 1
269 1
270 1
271 1
272 1
273 1
274 1
275 1
276 1
277 1
278 1
279 0.999999
280 0.999994
281 0.999973
282 0.999889
283 0.999566
284 0.998368
285 0.994136
286 0.991522
287 0.983068
288 0.956881
289 0.87907
290 0.656927
291 0.545325
292 0.249556
293 0.111026
294 0.0481469
295 0.02041
296 0.00848282
297 0.00346675
298 0.0013967
299 0.000555813
300 0.000218706
301 8.50988e-05
302 3.27121e-05
303 1.2401e-05
304 4.62585e-06
305 1.69353e-06
306 6.06831e-07
307 2.12363e-07
308 7.26585e-08
309 2.49865e-08
310 1.01813e-08
311 6.32591e-09
312 5.7525e-09
313 5.7525e-09
314 5.7525e-09
315 5.7525e-09
316 5.7525e-09
317 5.7525e-09
318 5.7525e-09
319 5.7525e-09
320 5.7525e-09
321 5.7525e-09
322 5.7525e-09
323 5.7525e-09
324 5.7525e-09
325 5.7525e-09
326 5.7525e-09
327 5.7525e-09
328 5.7525e-09
329 5.7525e-09
330 5.7525e-09
331 5.7525e-09
332 5.7525e-09
333 5.7525e-09
334 5.7525e-09
335 5.7525e-09
336 5.7525e-09
337 5.7525e-09
338 5.7525e-09
339 5.7525e-09
340 5.7525e-09
341 5.7525e-09
342 5.7525e-09
343 5.7525e-09
344 5.7525e-09
345 5.7525e-09
346 5.7525e-09
347 5.7525e-09
348 5.7525e-09
349 5.7525e-09
350 5.7525e-09
351 5.7525e-09
352 5.7525e-09
353 5.7525e-09
354 5.7525e-09
355 5.7525e-09
356 5.7525e-09
357 5.7525e-09
358 5.7525e-09
359 5.7525e-09
360 5.7525e-09
361 5.7525e-09
362 5.7525e-09
363 5.7525e-09
364 5.7525e-09
365 5.7525e-09
366 5.7525e-09
367 5.7525e-09
368 5.7525e-09
369 5.7525e-09
370 5.7525e-09
371 5.7525e-09
372 5.7525e-09
373 5.7525e-09
374 5.7525e-09
375 5.7525e-09
376 5.7525e-09
377 5.7525e-09
378 5.7525e-09
379 5.7525e-09
380 5.7525e-09
381 5.7525e-09
382 5.7525e-09
383 5.7525e-09
384 5.7525e-09
385 5.7525e-09
386 5.7525e-09
387 5.7525e-09
388 5.7525e-09
389 5.7525e-09
390 5.7525e-09
391 5.7525e-09
392 5.7525e-09
393 5.7525e-09
394 5.7525e-09
395 5.7525e-09
396 5.7525e-09
397 5.7525e-09
398 5.7525e-09
399 5.7525e-09
400 5.7525e-09
401 5.7525e-09
402 5.7525e-09
403 5.7525e-09
404 5.7525e-09
405 5.7525e-09
406 5.7525e-09
407 5.7525e-09
408 5.7525e-09
409 5.7525e-09
410 5.7525e-09
411 5.7525e-09
412 5.7525e-09
413 5.7525e-09
414 5.7525e-09
415 5.7525e-09
416 5.7525e-09
417 5.7525e-09
418 5.7525e-09
419 5.7525e-09
420 5.7525e-09
421 5.7525e-09
422 5.7525e-09
423 5.7525e-09
424 5.7525e-09
425 5.7525e-09
426 5.7525e-09
427 5.7525e-09
428 5.7525e-09
429 5.7525e-09
430 5.7525e-09
431 5.7525e-09
432 5.7525e-09
433 5.7525e-09
434 5.7525e-09
435 5.7525e-09
436 5.7525e-09
437 5.7525e-09
438 5.7525e-09
439 5.7525e-09
440 5.7525e-09
441 5.7525e-09
442 5.7525e-09
443 5.7525e-09
444 5.7525e-09
445 5.7525e-09
446 5.7525e-09
447 5.7525e-09
448 5.7525e-09
449 5.7525e-09
450 5.7525e-09
451 5.7525e-09
452 5.7525e-09
453 5.7525e-09
454 5.7525e-09
455 5.7525e-09
456 5.7525e-09
457 5.7525e-09
458 5.7525e-09
459 5.7525e-09
460 5.7525e-09
461 5.7525e-09
462 5.7525e-09
463 5.7525e-09
464 5.7525e-09
465 5.7525e-09
466 5.7525e-09
467 5.7525e-09
468 5.7525e-09
469 5.7525e-09
470 5.7525e-09
471 5.7525e-09
472 5.7525e-09
473 5.7525e-09
474 5.7525e-09
475 5.7525e-09
476 5.7525e-09
477 5.7525e-09
478 5.7525e-09
479 5.7525e-09
480 5.7525e-09
481 5.7525e-09
482 5.7525e-09
483 5.7525e-09
484 5.7525e-09
485 5.7525e-09
486 5.7525e-09
487 5.7525e-09
488 5.7525e-09
489 5.7525e-09
490 5.7525e-09
491 5.7525e-09
492 5.7525e-09
493 5.7525e-09
494 5.7525e-09
495 5.7525e-09
496 5.7525e-09
497 5.7525e-09
498 5.7525e-09
499 5.7525e-09
500 5.7525e-09
501 5.7525e-09
502 5.7525e-09
503 5.7525e-09
504 5.7525e-09
505 5.7525e-09
506 5.7525e-09
507 5.7525e-09
508 5.7525e-09
509 5.7525e-09
510 5.7525e-09
511 5.7525e-09
512 5.7525e-09
513 5.7525e-09
514 5.7525e-09
515 5.7525e-09
516 5.7525e-09
517 5.7525e-09
518 5.7525e-09
519 5.7525e-09
520 5.7525e-09
521 5.7525e-09
522 5.7525e-09
523 5.7525e-09
524 5.7525e-09
525 5.7525e-09
526 5.7525e-09
527 5.7525e-09
528 5.7525e-09
529 5.7525e-09
530 5.7525e-09
531 5.7525e-09
532 5.7525e-09
533 5.7525e-09
534 5.7525e-09
535 5.7525e-09
536 5.7525e-09
537 5.7525e-09
538 5.7525e-09
539 5.7525e-09
540 5.7525e-09
541 5.7525e-09
542 5.7525e-09
