1 5.01739e-08
2 5.01739e-08
3 5.01739e-08
4 5.01739e-08
5 5.01739e-08
6 5.01739e-08
7 5.01739e-08
8 5.01739e-08
9 5.01739e-08
10 5.01739e-08
11 5.01739e-08
12 5.01739e-08
13 5.01739e-08
14 5.01739e-08
15 5.01739e-08
16 5.01739e-08
17 5.01739e-08
18 5.01739e-08
19 5.01739e-08
20 5.01739e-08
21 5.01739e-08
22 5.01739e-08
23 5.01739e-08
24 5.01739e-08
25 5.01739e-08
26 5.01739e-08
27 5.01739e-08
28 5.01739e-08
29 5.01739e-08
30 5.01739e-08
31 5.01739e-08
32 5.01739e-08
33 5.01739e-08
34 5.01739e-08
35 5.01739e-08
36 5.01739e-08
37 5.01739e-08
38 5.01739e-08
39 5.01739e-08
40 5.01739e-08
41 5.01739e-08
42 5.01739e-08
43 5.01739e-08
44 5.01739e-08
45 5.01739e-08
46 5.01739e-08
47 5.01739e-08
48 5.01739e-08
49 5.01739e-08
50 5.01739e-08
51 5.01739e-08
52 5.01739e-08
53 5.01739e-08
54 5.01739e-08
55 5.01739e-08
56 5.01739e-08
57 5.01739e-08
58 5.01739e-08
59 5.01739e-08
60 5.01739e-08
61 5.01739e-08
62 5.01739e-08
63 5.01739e-08
64 5.01739e-08
65 5.01739e-08
66 5.01739e-08
67 5.01739e-08
68 5.01739e-08
69 5.01739e-08
70 5.01739e-08
71 5.01739e-08
72 5.01739e-08
73 5.01739e-08
74 5.01739e-08
75 5.01739e-08
76 5.01739e-08
77 5.01739e-08
78 5.01739e-08
79 5.01739e-08
80 5.01739e-08
81 5.01739e-08
82 5.01739e-08
83 5.01739e-08
84 5.01739e-08
85 5.01739e-08
86 5.01739e-08
87 5.01739e-08
88 5.01739e-08
89 5.01739e-08
90 5.01739e-08
91 5.01739e-08
92 5.01739e-08
93 5.01739e-08
94 5.01739e-08
95 5.01739e-08
96 5.01739e-08
97 5.01739e-08
98 5.01739e-08
99 5.01739e-08
100 5.01739e-08
101 5.01739e-08
102 5.01739e-08
103 5.01739e-08
104 5.01739e-08
105 5.01739e-08
106 5.01739e-08
107 5.01739e-08
108 5.01739e-08
109 5.01739e-08
110 5.01739e-08
111 5.01739e-08
112 5.01739e-08
113 5.01739e-08
114 5.01739e-08
115 5.01739e-08
116 5.01739e-08
117 5.01739e-08
118 5.01739e-08
119 5.01739e-08
120 5.01739e-08
121 5.01739e-08
122 5.01739e-08
123 5.01739e-08
124 5.01739e-08
125 5.01739e-08
126 5.01739e-08
127 5.01739e-08
128 5.01739e-08
129 5.01739e-08
130 5.01739e-08
131 5.01739e-08
132 5.01739e-08
133 5.01739e-08
134 5.01739e-08
135 5.01739e-08
136 5.01739e-08
137 5.01739e-08
138 5.01739e-08
139 5.01739e-08
140 5.01739e-08
141 5.01739e-08
142 5.01739e-08
143 5.01739e-08
144 5.01739e-08
145 5.01739e-08
146 5.01739e-08
147 5.01739e-08
148 5.01739e-08
149 5.01739e-08
150 5.01739e-08
151 5.01739e-08
152 5.01739e-08
153 5.01739e-08
154 5.01739e-08
155 5.01739e-08
156 5.01739e-08
157 5.01739e-08
158 5.01739e-08
159 5.01739e-08
160 5.01739e-08
161 5.01739e-08
162 5.01739e-08
163 5.01739e-08
164 5.01739e-08
165 5.01739e-08
166 5.01739e-08
167 5.01739e-08
168 5.01739e-08
169 5.01739e-08
170 5.01739e-08
171 5.01739e-08
172 5.01739e-08
173 5.01739e-08
174 5.01739e-08
175 5.01739e-08
176 5.01739e-08
177 5.01739e-08
178 5.01739e-08
179 5.01739e-08
180 5.01739e-08
181 5.01739e-08
182 5.01739e-08
183 5.01739e-08
184 5.01739e-08
185 5.01739e-08
186 5.01739e-08
187 5.01739e-08
188 5.01739e-08
189 5.01739e-08
190 5.01739e-08
191 5.01739e-08
192 5.01739e-08
193 5.01739e-08
194 5.01739e-08
195 5.01739e-08
196 5.01739e-08
197 5.01739e-08
198 5.01739e-08
199 5.01739e-08
200 5.01739e-08
201 5.01739e-08
202 5.01739e-08
203 5.01739e-08
204 5.01739e-08
205 5.01739e-08
206 5.01739e-08
207 5.01739e-08
208 5.01739e-08
209 5.01739e-08
210 5.01739e-08
211 5.01739e-08
212 5.01739e-08
213 5.01739e-08
214 5.01739e-08
215 5.01739e-08
216 5.01739e-08
217 5.01739e-08
218 5.01739e-08
219 5.01739e-08
220 5.01739e-08
221 5.01739e-08
222 5.01739e-08
223 5.01739e-08
224 5.04162e-08
225 5.27126e-08
226 6.09721e-08
227 8.61778e-08
228 1.59679e-07
229 3.66665e-07
230 9.32558e-07
231 2.4324e-06
232 6.28657e-06
233 1.588e-05
234 3.89933e-05
235 9.28483e-05
236 0.000214106
237 0.000477714
238 0.0010306
239 0.00214851
240 0.00432599
241 0.00840899
242 0.0157744
243 0.0285491
244 0.0498409
245 0.0839293
246 0.136337
247 0.213701
248 0.323359
249 0.472662
250 0.66805
251 0.914081
252 0.968664
253 0.980357
254 0.993625
255 0.996298
256 0.999171
257 0.999724
258 0.999829
259 0.999936
260 0.999956
261 0.999975
262 0.999996
263 0.999999
264 1
265 1
266 1
267 1
268 1
269 1
270 1
271 1
272 1
273 1
274 1
275 1
276 1
277 1
278 1
279 1
280 1
281 1
282 0.999999
283 0.999996
284 0.999976
285 0.999872
286 0.999771
287 0.999249
288 0.9966
289 0.98351
290 0.920728
291 0.867483
292 0.629215
293 0.44155
294 0.299457
295 0.196125
296 0.123987
297 0.0756458
298 0.0445447
299 0.0253247
300 0.0139078
301 0.00738338
302 0.00379264
303 0.00188714
304 0.000910794
305 0.00042703
306 0.000194844
307 8.66932e-05
308 3.77025e-05
309 1.60715e-05
310 6.73963e-06
311 2.79602e-06
312 1.15966e-06
313 4.91367e-07
314 2.22265e-07
315 1.1549e-07
316 7.36534e-08
317 5.76789e-08
318 5.18257e-08
319 5.0397e-08
320 5.01739e-08
321 5.01739e-08
322 5.01739e-08
323 5.01739e-08
324 5.01739e-08
325 5.01739e-08
326 5.01739e-08
327 5.01739e-08
328 5.01739e-08
329 5.01739e-08
330 5.01739e-08
331 5.01739e-08
332 5.01739e-08
333 5.01739e-08
334 5.01739e-08
335 5.01739e-08
336 5.01739e-08
337 5.01739e-08
338 5.01739e-08
339 5.01739e-08
340 5.01739e-08
341 5.01739e-08
342 5.01739e-08
343 5.01739e-08
344 5.01739e-08
345 5.01739e-08
346 5.01739e-08
347 5.01739e-08
348 5.01739e-08
349 5.01739e-08
350 5.01739e-08
351 5.01739e-08
352 5.01739e-08
353 5.01739e-08
354 5.01739e-08
355 5.01739e-08
356 5.01739e-08
357 5.01739e-08
358 5.01739e-08
359 5.01739e-08
360 5.01739e-08
361 5.01739e-08
362 5.01739e-08
363 5.01739e-08
364 5.01739e-08
365 5.01739e-08
366 5.01739e-08
367 5.01739e-08
368 5.01739e-08
369 5.01739e-08
370 5.01739e-08
371 5.01739e-08
372 5.01739e-08
373 5.01739e-08
374 5.01739e-08
375 5.01739e-08
376 5.01739e-08
377 5.01739e-08
378 5.01739e-08
379 5.01739e-08
380 5.01739e-08
381 5.01739e-08
382 5.01739e-08
383 5.01739e-08
384 5.01739e-08
385 5.01739e-08
386 5.01739e-08
387 5.01739e-08
388 5.01739e-08
389 5.01739e-08
390 5.01739e-08
391 5.01739e-08
392 5.01739e-08
393 5.01739e-08
394 5.01739e-08
395 5.01739e-08
396 5.01739e-08
397 5.01739e-08
398 5.01739e-08
399 5.01739e-08
400 5.01739e-08
401 5.01739e-08
402 5.01739e-08
403 5.01739e-08
404 5.01739e-08
405 5.01739e-08
406 5.01739e-08
407 5.01739e-08
408 5.01739e-08
409 5.01739e-08
410 5.01739e-08
411 5.01739e-08
412 5.01739e-08
413 5.01739e-08
414 5.01739e-08
415 5.01739e-08
416 5.01739e-08
417 5.01739e-08
418 5.01739e-08
419 5.01739e-08
420 5.01739e-08
421 5.01739e-08
422 5.01739e-08
423 5.01739e-08
424 5.01739e-08
425 5.01739e-08
426 5.01739e-08
427 5.01739e-08
428 5.01739e-08
429 5.01739e-08
430 5.01739e-08
431 5.01739e-08
432 5.01739e-08
433 5.01739e-08
434 5.01739e-08
435 5.01739e-08
436 5.01739e-08
437 5.01739e-08
438 5.01739e-08
439 5.01739e-08
440 5.01739e-08
441 5.01739e-08
442 5.01739e-08
443 5.01739e-08
444 5.01739e-08
445 5.01739e-08
446 5.01739e-08
447 5.01739e-08
448 5.01739e-08
449 5.01739e-08
450 5.01739e-08
451 5.01739e-08
452 5.01739e-08
453 5.01739e-08
454 5.01739e-08
455 5.01739e-08
456 5.01739e-08
457 5.01739e-08
458 5.01739e-08
459 5.01739e-08
460 5.01739e-08
461 5.01739e-08
462 5.01739e-08
463 5.01739e-08
464 5.01739e-08
465 5.01739e-08
466 5.01739e-08
467 5.01739e-08
468 5.01739e-08
469 5.01739e-08
470 5.01739e-08
471 5.01739e-08
472 5.01739e-08
473 5.01739e-08
474 5.01739e-08
475 5.01739e-08
476 5.01739e-08
477 5.01739e-08
478 5.01739e-08
479 5.01739e-08
480 5.01739e-08
481 5.01739e-08
482 5.01739e-08
483 5.01739e-08
484 5.01739e-08
485 5.01739e-08
486 5.01739e-08
487 5.01739e-08
488 5.01739e-08
489 5.01739e-08
490 5.01739e-08
491 5.01739e-08
492 5.01739e-08
493 5.01739e-08
494 5.01739e-08
495 5.01739e-08
496 5.01739e-08
497 5.01739e-08
498 5.01739e-08
499 5.01739e-08
500 5.01739e-08
501 5.01739e-08
502 5.01739e-08
503 5.01739e-08
504 5.01739e-08
505 5.01739e-08
506 5.01739e-08
507 5.01739e-08
508 5.01739e-08
509 5.01739e-08
510 5.01739e-08
511 5.01739e-08
512 5.01739e-08
513 5.01739e-08
514 5.01739e-08
515 5.01739e-08
516 5.01739e-08
517 5.01739e-08
518 5.01739e-08
519 5.01739e-08
520 5.01739e-08
521 5.01739e-08
522 5.01739e-08
523 5.01739e-08
524 5.01739e-08
525 5.01739e-08
526 5.01739e-08
527 5.01739e-08
528 5.01739e-08
529 5.01739e-08
530 5.01739e-08
531 5.01739e-08
532 5.01739e-08
533 5.01739e-08
534 5.01739e-08
535 5.01739e-08
536 5.01739e-08
537 5.01739e-08
538 5.01739e-08
539 5.01739e-08
540 5.01739e-08
541 5.01739e-08
542 5.01739e-08
