1 7.28163e-09
2 7.28163e-09
3 7.28163e-09
4 7.28163e-09
5 7.28163e-09
6 7.28163e-09
7 7.28163e-09
8 7.28163e-09
9 7.28163e-09
10 7.28163e-09
11 7.28163e-09
12 7.28163e-09
13 7.28163e-09
14 7.28163e-09
15 7.28163e-09
16 7.28163e-09
17 7.28163e-09
18 7.28163e-09
19 7.28163e-09
20 7.28163e-09
21 7.28163e-09
22 7.28163e-09
23 7.28163e-09
24 7.28163e-09
25 7.28163e-09
26 7.28163e-09
27 7.28163e-09
28 7.28163e-09
29 7.28163e-09
30 7.28163e-09
31 7.28163e-09
32 7.28163e-09
33 7.28163e-09
34 7.28163e-09
35 7.28163e-09
36 7.28163e-09
37 7.28163e-09
38 7.28163e-09
39 7.28163e-09
40 7.28163e-09
41 7.28163e-09
42 7.28163e-09
43 7.28163e-09
44 7.28163e-09
45 7.28163e-09
46 7.28163e-09
47 7.28163e-09
48 7.28163e-09
49 7.28163e-09
50 7.28163e-09
51 7.28163e-09
52 7.28163e-09
53 7.28163e-09
54 7.28163e-09
55 7.28163e-09
56 7.28163e-09
57 7.28163e-09
58 7.28163e-09
59 7.28163e-09
60 7.28163e-09
61 7.28163e-09
62 7.28163e-09
63 7.28163e-09
64 7.28163e-09
65 7.28163e-09
66 7.28163e-09
67 7.28163e-09
68 7.28163e-09
69 7.28163e-09
70 7.28163e-09
71 7.28163e-09
72 7.28163e-09
73 7.28163e-09
74 7.28163e-09
75 7.28163e-09
76 7.28163e-09
77 7.28163e-09
78 7.28163e-09
79 7.28163e-09
80 7.28163e-09
81 7.28163e-09
82 7.28163e-09
83 7.28163e-09
84 7.28163e-09
85 7.28163e-09
86 7.28163e-09
87 7.28163e-09
88 7.28163e-09
89 7.28163e-09
90 7.28163e-09
91 7.28163e-09
92 7.28163e-09
93 7.28163e-09
94 7.28163e-09
95 7.28163e-09
96 7.28163e-09
97 7.28163e-09
98 7.28163e-09
99 7.28163e-09
100 7.28163e-09
101 7.28163e-09
102 7.28163e-09
103 7.28163e-09
104 7.28163e-09
105 7.28163e-09
106 7.28163e-09
107 7.28163e-09
108 7.28163e-09
109 7.28163e-09
110 7.28163e-09
111 7.28163e-09
112 7.28163e-09
113 7.28163e-09
114 7.28163e-09
115 7.28163e-09
116 7.28163e-09
117 7.28163e-09
118 7.28163e-09
119 7.28163e-09
120 7.28163e-09
121 7.28163e-09
122 7.28163e-09
123 7.28163e-09
124 7.28163e-09
125 7.28163e-09
126 7.28163e-09
127 7.28163e-09
128 7.28163e-09
129 7.28163e-09
130 7.28163e-09
131 7.28163e-09
132 7.28163e-09
133 7.28163e-09
134 7.28163e-09
135 7.28163e-09
136 7.28163e-09
137 7.28163e-09
138 7.28163e-09
139 7.28163e-09
140 7.28163e-09
141 7.28163e-09
142 7.28163e-09
143 7.28163e-09
144 7.28163e-09
145 7.28163e-09
146 7.28163e-09
147 7.28163e-09
148 7.28163e-09
149 7.28163e-09
150 7.28163e-09
151 7.28163e-09
152 7.28163e-09
153 7.28163e-09
154 7.28163e-09
155 7.28163e-09
156 7.28163e-09
157 7.28163e-09
158 7.28163e-09
159 7.28163e-09
160 7.28163e-09
161 7.28163e-09
162 7.28163e-09
163 7.28163e-09
164 7.28163e-09
165 7.28163e-09
166 7.28163e-09
167 7.28163e-09
168 7.28163e-09
169 7.28163e-09
170 7.28163e-09
171 7.28163e-09
172 7.28163e-09
173 7.28163e-09
174 7.28163e-09
175 7.28163e-09
176 7.28163e-09
177 7.28163e-09
178 7.28163e-09
179 7.28163e-09
180 7.28163e-09
181 7.28163e-09
182 7.28163e-09
183 7.28163e-09
184 7.28163e-09
185 7.28163e-09
186 7.28163e-09
187 7.28163e-09
188 7.28163e-09
189 7.28163e-09
190 7.28163e-09
191 7.28163e-09
192 7.28163e-09
193 7.28163e-09
194 7.28163e-09
195 7.28163e-09
196 7.28163e-09
197 7.28163e-09
198 7.28163e-09
199 7.28163e-09
200 7.28163e-09
201 7.28163e-09
202 7.28163e-09
203 7.28163e-09
204 7.28163e-09
205 7.28163e-09
206 7.28163e-09
207 7.28163e-09
208 7.28163e-09
209 7.28163e-09
210 7.28163e-09
211 7.28163e-09
212 7.28163e-09
213 7.28163e-09
214 7.28163e-09
215 7.28163e-09
216 7.28163e-09
217 7.28163e-09
218 7.28163e-09
219 7.28163e-09
220 7.28163e-09
221 7.28163e-09
222 7.28163e-09
223 7.28163e-09
224 7.28163e-09
225 7.28163e-09
226 7.28163e-09
227 7.28163e-09
228 7.28163e-09
229 7.28163e-09
230 7.28163e-09
231 7.28163e-09
232 1.08689e-08
233 2.80001e-08
234 8.59698e-08
235 2.7432e-07
236 8.67239e-07
237 2.6804e-06
238 8.06725e-06
239 2.36071e-05
240 6.70864e-05
241 0.000184954
242 0.000494214
243 0.00127873
244 0.00320088
245 0.00774481
246 0.0180988
247 0.0408184
248 0.0887808
249 0.186106
250 0.375776
251 0.730486
252 0.846784
253 0.883324
254 0.943461
255 0.960785
256 0.986908
257 0.993802
258 0.995543
259 0.997848
260 0.998383
261 0.999035
262 0.999801
263 0.99996
264 0.999992
265 0.999999
266 1
267 1
268 1
269 1
270 1
271 1
272 1
273 1
274 1
275 1
276 1
277 1
278 1
279 1
280 0.999999
281 0.999994
282 0.999973
283 0.999878
284 0.999474
285 0.997822
286 0.996639
287 0.992208
288 0.976329
289 0.921863
290 0.742924
291 0.63988
292 0.32834
293 0.162811
294 0.0781367
295 0.0363598
296 0.0164395
297 0.00723886
298 0.00311234
299 0.00131017
300 0.000541495
301 0.000220299
302 8.84154e-05
303 3.50585e-05
304 1.37432e-05
305 5.32483e-06
306 2.03689e-06
307 7.67994e-07
308 2.85203e-07
309 1.04368e-07
310 3.81412e-08
311 1.52183e-08
312 8.69076e-09
313 7.28163e-09
314 7.28163e-09
315 7.28163e-09
316 7.28163e-09
317 7.28163e-09
318 7.28163e-09
319 7.28163e-09
320 7.28163e-09
321 7.28163e-09
322 7.28163e-09
323 7.28163e-09
324 7.28163e-09
325 7.28163e-09
326 7.28163e-09
327 7.28163e-09
328 7.28163e-09
329 7.28163e-09
330 7.28163e-09
331 7.28163e-09
332 7.28163e-09
333 7.28163e-09
334 7.28163e-09
335 7.28163e-09
336 7.28163e-09
337 7.28163e-09
338 7.28163e-09
339 7.28163e-09
340 7.28163e-09
341 7.28163e-09
342 7.28163e-09
343 7.28163e-09
344 7.28163e-09
345 7.28163e-09
346 7.28163e-09
347 7.28163e-09
348 7.28163e-09
349 7.28163e-09
350 7.28163e-09
351 7.28163e-09
352 7.28163e-09
353 7.28163e-09
354 7.28163e-09
355 7.28163e-09
356 7.28163e-09
357 7.28163e-09
358 7.28163e-09
359 7.28163e-09
360 7.28163e-09
361 7.28163e-09
362 7.28163e-09
363 7.28163e-09
364 7.28163e-09
365 7.28163e-09
366 7.28163e-09
367 7.28163e-09
368 7.28163e-09
369 7.28163e-09
370 7.28163e-09
371 7.28163e-09
372 7.28163e-09
373 7.28163e-09
374 7.28163e-09
375 7.28163e-09
376 7.28163e-09
377 7.28163e-09
378 7.28163e-09
379 7.28163e-09
380 7.28163e-09
381 7.28163e-09
382 7.28163e-09
383 7.28163e-09
384 7.28163e-09
385 7.28163e-09
386 7.28163e-09
387 7.28163e-09
388 7.28163e-09
389 7.28163e-09
390 7.28163e-09
391 7.28163e-09
392 7.28163e-09
393 7.28163e-09
394 7.28163e-09
395 7.28163e-09
396 7.28163e-09
397 7.28163e-09
398 7.28163e-09
399 7.28163e-09
400 7.28163e-09
401 7.28163e-09
402 7.28163e-09
403 7.28163e-09
404 7.28163e-09
405 7.28163e-09
406 7.28163e-09
407 7.28163e-09
408 7.28163e-09
409 7.28163e-09
410 7.28163e-09
411 7.28163e-09
412 7.28163e-09
413 7.28163e-09
414 7.28163e-09
415 7.28163e-09
416 7.28163e-09
417 7.28163e-09
418 7.28163e-09
419 7.28163e-09
420 7.28163e-09
421 7.28163e-09
422 7.28163e-09
423 7.28163e-09
424 7.28163e-09
425 7.28163e-09
426 7.28163e-09
427 7.28163e-09
428 7.28163e-09
429 7.28163e-09
430 7.28163e-09
431 7.28163e-09
432 7.28163e-09
433 7.28163e-09
434 7.28163e-09
435 7.28163e-09
436 7.28163e-09
437 7.28163e-09
438 7.28163e-09
439 7.28163e-09
440 7.28163e-09
441 7.28163e-09
442 7.28163e-09
443 7.28163e-09
444 7.28163e-09
445 7.28163e-09
446 7.28163e-09
447 7.28163e-09
448 7.28163e-09
449 7.28163e-09
450 7.28163e-09
451 7.28163e-09
452 7.28163e-09
453 7.28163e-09
454 7.28163e-09
455 7.28163e-09
456 7.28163e-09
457 7.28163e-09
458 7.28163e-09
459 7.28163e-09
460 7.28163e-09
461 7.28163e-09
462 7.28163e-09
463 7.28163e-09
464 7.28163e-09
465 7.28163e-09
466 7.28163e-09
467 7.28163e-09
468 7.28163e-09
469 7.28163e-09
470 7.28163e-09
471 7.28163e-09
472 7.28163e-09
473 7.28163e-09
474 7.28163e-09
475 7.28163e-09
476 7.28163e-09
477 7.28163e-09
478 7.28163e-09
479 7.28163e-09
480 7.28163e-09
481 7.28163e-09
482 7.28163e-09
483 7.28163e-09
484 7.28163e-09
485 7.28163e-09
486 7.28163e-09
487 7.28163e-09
488 7.28163e-09
489 7.28163e-09
490 7.28163e-09
491 7.28163e-09
492 7.28163e-09
493 7.28163e-09
494 7.28163e-09
495 7.28163e-09
496 7.28163e-09
497 7.28163e-09
498 7.28163e-09
499 7.28163e-09
500 7.28163e-09
501 7.28163e-09
502 7.28163e-09
503 7.28163e-09
504 7.28163e-09
505 7.28163e-09
506 7.28163e-09
507 7.28163e-09
508 7.28163e-09
509 7.28163e-09
510 7.28163e-09
511 7.28163e-09
512 7.28163e-09
513 7.28163e-09
514 7.28163e-09
515 7.28163e-09
516 7.28163e-09
517 7.28163e-09
518 7.28163e-09
519 7.28163e-09
520 7.28163e-09
521 7.28163e-09
522 7.28163e-09
523 7.28163e-09
524 7.28163e-09
525 7.28163e-09
526 7.28163e-09
527 7.28163e-09
528 7.28163e-09
529 7.28163e-09
530 7.28163e-09
531 7.28163e-09
532 7.28163e-09
533 7.28163e-09
534 7.28163e-09
535 7.28163e-09
536 7.28163e-09
537 7.28163e-09
538 7.28163e-09
539 7.28163e-09
540 7.28163e-09
541 7.28163e-09
542 7.28163e-09
