1 7.25213e-08
2 7.25213e-08
3 7.25213e-08
4 7.25213e-08
5 7.25213e-08
6 7.25213e-08
7 7.25213e-08
8 7.25213e-08
9 7.25213e-08
10 7.25213e-08
11 7.25213e-08
12 7.25213e-08
13 7.25213e-08
14 7.25213e-08
15 7.25213e-08
16 7.25213e-08
17 7.25213e-08
18 7.25213e-08
19 7.25213e-08
20 7.25213e-08
21 7.25213e-08
22 7.25213e-08
23 7.25213e-08
24 7.25213e-08
25 7.25213e-08
26 7.25213e-08
27 7.25213e-08
28 7.25213e-08
29 7.25213e-08
30 7.25213e-08
31 7.25213e-08
32 7.25213e-08
33 7.25213e-08
34 7.25213e-08
35 7.25213e-08
36 7.25213e-08
37 7.25213e-08
38 7.25213e-08
39 7.25213e-08
40 7.25213e-08
41 7.25213e-08
42 7.25213e-08
43 7.25213e-08
44 7.25213e-08
45 7.25213e-08
46 7.25213e-08
47 7.25213e-08
48 7.25213e-08
49 7.25213e-08
50 7.25213e-08
51 7.25213e-08
52 7.25213e-08
53 7.25213e-08
54 7.25213e-08
55 7.25213e-08
56 7.25213e-08
57 7.25213e-08
58 7.25213e-08
59 7.25213e-08
60 7.25213e-08
61 7.25213e-08
62 7.25213e-08
63 7.25213e-08
64 7.25213e-08
65 7.25213e-08
66 7.25213e-08
67 7.25213e-08
68 7.25213e-08
69 7.25213e-08
70 7.25213e-08
71 7.25213e-08
72 7.25213e-08
73 7.25213e-08
74 7.25213e-08
75 7.25213e-08
76 7.25213e-08
77 7.25213e-08
78 7.25213e-08
79 7.25213e-08
80 7.25213e-08
81 7.25213e-08
82 7.25213e-08
83 7.25213e-08
84 7.25213e-08
85 7.25213e-08
86 7.25213e-08
87 7.25213e-08
88 7.25213e-08
89 7.25213e-08
90 7.25213e-08
91 7.25213e-08
92 7.25213e-08
93 7.25213e-08
94 7.25213e-08
95 7.25213e-08
96 7.25213e-08
97 7.25213e-08
98 7.25213e-08
99 7.25213e-08
100 7.25213e-08
101 7.25213e-08
102 7.25213e-08
103 7.25213e-08
104 7.25213e-08
105 7.25213e-08
106 7.25213e-08
107 7.25213e-08
108 7.25213e-08
109 7.25213e-08
110 7.25213e-08
111 7.25213e-08
112 7.25213e-08
113 7.25213e-08
114 7.25213e-08
115 7.25213e-08
116 7.25213e-08
117 7.25213e-08
118 7.25213e-08
119 7.25213e-08
120 7.25213e-08
121 7.25213e-08
122 7.25213e-08
123 7.25213e-08
124 7.25213e-08
125 7.25213e-08
126 7.25213e-08
127 7.25213e-08
128 7.25213e-08
129 7.25213e-08
130 7.25213e-08
131 7.25213e-08
132 7.25213e-08
133 7.25213e-08
134 7.25213e-08
135 7.25213e-08
136 7.25213e-08
137 7.25213e-08
138 7.25213e-08
139 7.25213e-08
140 7.25213e-08
141 7.25213e-08
142 7.25213e-08
143 7.25213e-08
144 7.25213e-08
145 7.25213e-08
146 7.25213e-08
147 7.25213e-08
148 7.25213e-08
149 7.25213e-08
150 7.25213e-08
151 7.25213e-08
152 7.25213e-08
153 7.25213e-08
154 7.25213e-08
155 7.25213e-08
156 7.25213e-08
157 7.25213e-08
158 7.25213e-08
159 7.25213e-08
160 7.25213e-08
161 7.25213e-08
162 7.25213e-08
163 7.25213e-08
164 7.25213e-08
165 7.25213e-08
166 7.25213e-08
167 7.25213e-08
168 7.25213e-08
169 7.25213e-08
170 7.25213e-08
171 7.25213e-08
172 7.25213e-08
173 7.25213e-08
174 7.25213e-08
175 7.25213e-08
176 7.25213e-08
177 7.25213e-08
178 7.25213e-08
179 7.25213e-08
180 7.25213e-08
181 7.25213e-08
182 7.25213e-08
183 7.25213e-08
184 7.25213e-08
185 7.25213e-08
186 7.25213e-08
187 7.25213e-08
188 7.25213e-08
189 7.25213e-08
190 7.25213e-08
191 7.25213e-08
192 7.25213e-08
193 7.25213e-08
194 7.25213e-08
195 7.25213e-08
196 7.25213e-08
197 7.25213e-08
198 7.25213e-08
199 7.25213e-08
200 7.25213e-08
201 7.25213e-08
202 7.25213e-08
203 7.25213e-08
204 7.25213e-08
205 7.25213e-08
206 7.25213e-08
207 7.25213e-08
208 7.25213e-08
209 7.25213e-08
210 7.25213e-08
211 7.25213e-08
212 7.25213e-08
213 7.25213e-08
214 7.25213e-08
215 7.25213e-08
216 7.25213e-08
217 7.25213e-08
218 7.25213e-08
219 7.25213e-08
220 7.25213e-08
221 7.25213e-08
222 7.25213e-08
223 7.25213e-08
224 7.25213e-08
225 7.25213e-08
226 7.25213e-08
227 7.25213e-08
228 7.25213e-08
229 7.25213e-08
230 7.25213e-08
231 7.25213e-08
232 7.25213e-08
233 7.25213e-08
234 7.25213e-08
235 7.25213e-08
236 7.25213e-08
237 7.25213e-08
238 7.25213e-08
239 7.25213e-08
240 7.25213e-08
241 7.25213e-08
242 7.25213e-08
243 7.25213e-08
244 7.25213e-08
245 8.67015e-08
246 1.60434e-07
247 4.391e-07
248 1.36332e-06
249 4.49728e-06
250 1.57525e-05
251 5.77789e-05
252 8.69666e-05
253 0.000106857
254 0.000185759
255 0.000238936
256 0.000440582
257 0.000572802
258 0.000655175
259 0.000969002
260 0.00117282
261 0.00195448
262 0.00499023
263 0.00721889
264 0.00889997
265 0.0101826
266 0.0111529
267 0.011859
268 0.0123174
269 0.0125043
270 0.0123298
271 0.0115914
272 0.0120464
273 0.0119479
274 0.0136087
275 0.0199577
276 0.0237548
277 0.0258806
278 0.0269207
279 0.0272413
280 0.0270493
281 0.0264353
282 0.0253969
283 0.0238393
284 0.0215483
285 0.0181302
286 0.0171907
287 0.0157153
288 0.0134059
289 0.00982431
290 0.00436608
291 0.00288155
292 0.000733096
293 0.000181236
294 4.36052e-05
295 1.02368e-05
296 2.35322e-06
297 5.48814e-07
298 1.48491e-07
299 7.25213e-08
300 7.25213e-08
301 7.25213e-08
302 7.25213e-08
303 7.25213e-08
304 7.25213e-08
305 7.25213e-08
306 7.25213e-08
307 7.25213e-08
308 7.25213e-08
309 7.25213e-08
310 7.25213e-08
311 7.25213e-08
312 7.25213e-08
313 7.25213e-08
314 7.25213e-08
315 7.25213e-08
316 7.25213e-08
317 7.25213e-08
318 7.25213e-08
319 7.25213e-08
320 7.25213e-08
321 7.25213e-08
322 7.25213e-08
323 7.25213e-08
324 7.25213e-08
325 7.25213e-08
326 7.25213e-08
327 7.25213e-08
328 7.25213e-08
329 7.25213e-08
330 7.25213e-08
331 7.25213e-08
332 7.25213e-08
333 7.25213e-08
334 7.25213e-08
335 7.25213e-08
336 7.25213e-08
337 7.25213e-08
338 7.25213e-08
339 7.25213e-08
340 7.25213e-08
341 7.25213e-08
342 7.25213e-08
343 7.25213e-08
344 7.25213e-08
345 7.25213e-08
346 7.25213e-08
347 7.25213e-08
348 7.25213e-08
349 7.25213e-08
350 7.25213e-08
351 7.25213e-08
352 7.25213e-08
353 7.25213e-08
354 7.25213e-08
355 7.25213e-08
356 7.25213e-08
357 7.25213e-08
358 7.25213e-08
359 7.25213e-08
360 7.25213e-08
361 7.25213e-08
362 7.25213e-08
363 7.25213e-08
364 7.25213e-08
365 7.25213e-08
366 7.25213e-08
367 7.25213e-08
368 7.25213e-08
369 7.25213e-08
370 7.25213e-08
371 7.25213e-08
372 7.25213e-08
373 7.25213e-08
374 7.25213e-08
375 7.25213e-08
376 7.25213e-08
377 7.25213e-08
378 7.25213e-08
379 7.25213e-08
380 7.25213e-08
381 7.25213e-08
382 7.25213e-08
383 7.25213e-08
384 7.25213e-08
385 7.25213e-08
386 7.25213e-08
387 7.25213e-08
388 7.25213e-08
389 7.25213e-08
390 7.25213e-08
391 7.25213e-08
392 7.25213e-08
393 7.25213e-08
394 7.25213e-08
395 7.25213e-08
396 7.25213e-08
397 7.25213e-08
398 7.25213e-08
399 7.25213e-08
400 7.25213e-08
401 7.25213e-08
402 7.25213e-08
403 7.25213e-08
404 7.25213e-08
405 7.25213e-08
406 7.25213e-08
407 7.25213e-08
408 7.25213e-08
409 7.25213e-08
410 7.25213e-08
411 7.25213e-08
412 7.25213e-08
413 7.25213e-08
414 7.25213e-08
415 7.25213e-08
416 7.25213e-08
417 7.25213e-08
418 7.25213e-08
419 7.25213e-08
420 7.25213e-08
421 7.25213e-08
422 7.25213e-08
423 7.25213e-08
424 7.25213e-08
425 7.25213e-08
426 7.25213e-08
427 7.25213e-08
428 7.25213e-08
429 7.25213e-08
430 7.25213e-08
431 7.25213e-08
432 7.25213e-08
433 7.25213e-08
434 7.25213e-08
435 7.25213e-08
436 7.25213e-08
437 7.25213e-08
438 7.25213e-08
439 7.25213e-08
440 7.25213e-08
441 7.25213e-08
442 7.25213e-08
443 7.25213e-08
444 7.25213e-08
445 7.25213e-08
446 7.25213e-08
447 7.25213e-08
448 7.25213e-08
449 7.25213e-08
450 7.25213e-08
451 7.25213e-08
452 7.25213e-08
453 7.25213e-08
454 7.25213e-08
455 7.25213e-08
456 7.25213e-08
457 7.25213e-08
458 7.25213e-08
459 7.25213e-08
460 7.25213e-08
461 7.25213e-08
462 7.25213e-08
463 7.25213e-08
464 7.25213e-08
465 7.25213e-08
466 7.25213e-08
467 7.25213e-08
468 7.25213e-08
469 7.25213e-08
470 7.25213e-08
471 7.25213e-08
472 7.25213e-08
473 7.25213e-08
474 7.25213e-08
475 7.25213e-08
476 7.25213e-08
477 7.25213e-08
478 7.25213e-08
479 7.25213e-08
480 7.25213e-08
481 7.25213e-08
482 7.25213e-08
483 7.25213e-08
484 7.25213e-08
485 7.25213e-08
486 7.25213e-08
487 7.25213e-08
488 7.25213e-08
489 7.25213e-08
490 7.25213e-08
491 7.25213e-08
492 7.25213e-08
493 7.25213e-08
494 7.25213e-08
495 7.25213e-08
496 7.25213e-08
497 7.25213e-08
498 7.25213e-08
499 7.25213e-08
500 7.25213e-08
501 7.25213e-08
502 7.25213e-08
503 7.25213e-08
504 7.25213e-08
505 7.25213e-08
506 7.25213e-08
507 7.25213e-08
508 7.25213e-08
509 7.25213e-08
510 7.25213e-08
511 7.25213e-08
512 7.25213e-08
513 7.25213e-08
514 7.25213e-08
515 7.25213e-08
516 7.25213e-08
517 7.25213e-08
518 7.25213e-08
519 7.25213e-08
520 7.25213e-08
521 7.25213e-08
522 7.25213e-08
523 7.25213e-08
524 7.25213e-08
525 7.25213e-08
526 7.25213e-08
527 7.25213e-08
528 7.25213e-08
529 7.25213e-08
530 7.25213e-08
531 7.25213e-08
532 7.25213e-08
533 7.25213e-08
534 7.25213e-08
535 7.25213e-08
536 7.25213e-08
537 7.25213e-08
538 7.25213e-08
539 7.25213e-08
540 7.25213e-08
541 7.25213e-08
542 7.25213e-08
