1 7.40185e-09
2 7.40185e-09
3 7.40185e-09
4 7.40185e-09
5 7.40185e-09
6 7.40185e-09
7 7.40185e-09
8 7.40185e-09
9 7.40185e-09
10 7.40185e-09
11 7.40185e-09
12 7.40185e-09
13 7.40185e-09
14 7.40185e-09
15 7.40185e-09
16 7.40185e-09
17 7.40185e-09
18 7.40185e-09
19 7.40185e-09
20 7.40185e-09
21 7.40185e-09
22 7.40185e-09
23 7.40185e-09
24 7.40185e-09
25 7.40185e-09
26 7.40185e-09
27 7.40185e-09
28 7.40185e-09
29 7.40185e-09
30 7.40185e-09
31 7.40185e-09
32 7.40185e-09
33 7.40185e-09
34 7.40185e-09
35 7.40185e-09
36 7.40185e-09
37 7.40185e-09
38 7.40185e-09
39 7.40185e-09
40 7.40185e-09
41 7.40185e-09
42 7.40185e-09
43 7.40185e-09
44 7.40185e-09
45 7.40185e-09
46 7.40185e-09
47 7.40185e-09
48 7.40185e-09
49 7.40185e-09
50 7.40185e-09
51 7.40185e-09
52 7.40185e-09
53 7.40185e-09
54 7.40185e-09
55 7.40185e-09
56 7.40185e-09
57 7.40185e-09
58 7.40185e-09
59 7.40185e-09
60 7.40185e-09
61 7.40185e-09
62 7.40185e-09
63 7.40185e-09
64 7.40185e-09
65 7.40185e-09
66 7.40185e-09
67 7.40185e-09
68 7.40185e-09
69 7.40185e-09
70 7.40185e-09
71 7.40185e-09
72 7.40185e-09
73 7.40185e-09
74 7.40185e-09
75 7.40185e-09
76 7.40185e-09
77 7.40185e-09
78 7.40185e-09
79 7.40185e-09
80 7.40185e-09
81 7.40185e-09
82 7.40185e-09
83 7.40185e-09
84 7.40185e-09
85 7.40185e-09
86 7.40185e-09
87 7.40185e-09
88 7.40185e-09
89 7.40185e-09
90 7.40185e-09
91 7.40185e-09
92 7.40185e-09
93 7.40185e-09
94 7.40185e-09
95 7.40185e-09
96 7.40185e-09
97 7.40185e-09
98 7.40185e-09
99 7.40185e-09
100 7.40185e-09
101 7.40185e-09
102 7.40185e-09
103 7.40185e-09
104 7.40185e-09
105 7.40185e-09
106 7.40185e-09
107 7.40185e-09
108 7.40185e-09
109 7.40185e-09
110 7.40185e-09
111 7.40185e-09
112 7.40185e-09
113 7.40185e-09
114 7.40185e-09
115 7.40185e-09
116 7.40185e-09
117 7.40185e-09
118 7.40185e-09
119 7.40185e-09
120 7.40185e-09
121 7.40185e-09
122 7.40185e-09
123 7.40185e-09
124 7.40185e-09
125 7.40185e-09
126 7.40185e-09
127 7.40185e-09
128 7.40185e-09
129 7.40185e-09
130 7.40185e-09
131 7.40185e-09
132 7.40185e-09
133 7.40185e-09
134 7.40185e-09
135 7.40185e-09
136 7.40185e-09
137 7.40185e-09
138 7.40185e-09
139 7.40185e-09
140 7.40185e-09
141 7.40185e-09
142 7.40185e-09
143 7.40185e-09
144 7.40185e-09
145 7.40185e-09
146 7.40185e-09
147 7.40185e-09
148 7.40185e-09
149 7.40185e-09
150 7.40185e-09
151 7.40185e-09
152 7.40185e-09
153 7.40185e-09
154 7.40185e-09
155 7.40185e-09
156 7.40185e-09
157 7.40185e-09
158 7.40185e-09
159 7.40185e-09
160 7.40185e-09
161 7.40185e-09
162 7.40185e-09
163 7.40185e-09
164 7.40185e-09
165 7.40185e-09
166 7.40185e-09
167 7.40185e-09
168 7.40185e-09
169 7.40185e-09
170 7.40185e-09
171 7.40185e-09
172 7.40185e-09
173 7.40185e-09
174 7.40185e-09
175 7.40185e-09
176 7.40185e-09
177 7.40185e-09
178 7.40185e-09
179 7.40185e-09
180 7.40185e-09
181 7.40185e-09
182 7.40185e-09
183 7.40185e-09
184 7.40185e-09
185 7.40185e-09
186 7.40185e-09
187 7.40185e-09
188 7.40185e-09
189 7.40185e-09
190 7.40185e-09
191 7.40185e-09
192 7.40185e-09
193 7.40185e-09
194 7.40185e-09
195 7.40185e-09
196 7.40185e-09
197 7.40185e-09
198 7.40185e-09
199 7.40185e-09
200 7.40185e-09
201 7.40185e-09
202 7.40185e-09
203 7.40185e-09
204 7.40185e-09
205 7.40185e-09
206 7.40185e-09
207 7.40185e-09
208 7.40185e-09
209 7.40185e-09
210 7.40185e-09
211 7.40185e-09
212 7.40185e-09
213 7.40185e-09
214 7.40185e-09
215 7.40185e-09
216 7.40185e-09
217 7.40185e-09
218 7.40185e-09
219 7.40185e-09
220 7.40185e-09
221 7.40185e-09
222 7.40185e-09
223 7.40185e-09
224 7.40185e-09
225 7.40185e-09
226 7.40185e-09
227 7.40185e-09
228 7.40185e-09
229 7.40185e-09
230 7.40185e-09
231 7.84566e-09
232 1.33615e-08
233 3.52799e-08
234 1.08564e-07
235 3.43901e-07
236 1.07609e-06
237 3.28853e-06
238 9.7814e-06
239 2.82764e-05
240 7.93556e-05
241 0.00021599
242 0.000569618
243 0.00145422
244 0.00359081
245 0.00856854
246 0.0197438
247 0.0438979
248 0.0941128
249 0.194437
250 0.3869
251 0.741161
252 0.855465
253 0.890804
254 0.948034
255 0.964256
256 0.98833
257 0.994582
258 0.996137
259 0.998165
260 0.998629
261 0.999187
262 0.999834
263 0.999967
264 0.999994
265 0.999999
266 1
267 1
268 1
269 1
270 1
271 1
272 1
273 1
274 1
275 1
276 1
277 1
278 1
279 1
280 0.999999
281 0.999995
282 0.999977
283 0.999895
284 0.999538
285 0.998056
286 0.996979
287 0.992878
288 0.977943
289 0.925881
290 0.752089
291 0.650424
292 0.338297
293 0.16996
294 0.0825992
295 0.0388973
296 0.017784
297 0.0079118
298 0.00343343
299 0.00145729
300 0.000606633
301 0.000248328
302 0.0001002
303 3.99227e-05
304 1.57226e-05
305 6.12082e-06
306 2.35353e-06
307 8.9243e-07
308 3.33315e-07
309 1.2252e-07
310 4.47187e-08
311 1.71829e-08
312 9.07204e-09
313 7.40185e-09
314 7.40185e-09
315 7.40185e-09
316 7.40185e-09
317 7.40185e-09
318 7.40185e-09
319 7.40185e-09
320 7.40185e-09
321 7.40185e-09
322 7.40185e-09
323 7.40185e-09
324 7.40185e-09
325 7.40185e-09
326 7.40185e-09
327 7.40185e-09
328 7.40185e-09
329 7.40185e-09
330 7.40185e-09
331 7.40185e-09
332 7.40185e-09
333 7.40185e-09
334 7.40185e-09
335 7.40185e-09
336 7.40185e-09
337 7.40185e-09
338 7.40185e-09
339 7.40185e-09
340 7.40185e-09
341 7.40185e-09
342 7.40185e-09
343 7.40185e-09
344 7.40185e-09
345 7.40185e-09
346 7.40185e-09
347 7.40185e-09
348 7.40185e-09
349 7.40185e-09
350 7.40185e-09
351 7.40185e-09
352 7.40185e-09
353 7.40185e-09
354 7.40185e-09
355 7.40185e-09
356 7.40185e-09
357 7.40185e-09
358 7.40185e-09
359 7.40185e-09
360 7.40185e-09
361 7.40185e-09
362 7.40185e-09
363 7.40185e-09
364 7.40185e-09
365 7.40185e-09
366 7.40185e-09
367 7.40185e-09
368 7.40185e-09
369 7.40185e-09
370 7.40185e-09
371 7.40185e-09
372 7.40185e-09
373 7.40185e-09
374 7.40185e-09
375 7.40185e-09
376 7.40185e-09
377 7.40185e-09
378 7.40185e-09
379 7.40185e-09
380 7.40185e-09
381 7.40185e-09
382 7.40185e-09
383 7.40185e-09
384 7.40185e-09
385 7.40185e-09
386 7.40185e-09
387 7.40185e-09
388 7.40185e-09
389 7.40185e-09
390 7.40185e-09
391 7.40185e-09
392 7.40185e-09
393 7.40185e-09
394 7.40185e-09
395 7.40185e-09
396 7.40185e-09
397 7.40185e-09
398 7.40185e-09
399 7.40185e-09
400 7.40185e-09
401 7.40185e-09
402 7.40185e-09
403 7.40185e-09
404 7.40185e-09
405 7.40185e-09
406 7.40185e-09
407 7.40185e-09
408 7.40185e-09
409 7.40185e-09
410 7.40185e-09
411 7.40185e-09
412 7.40185e-09
413 7.40185e-09
414 7.40185e-09
415 7.40185e-09
416 7.40185e-09
417 7.40185e-09
418 7.40185e-09
419 7.40185e-09
420 7.40185e-09
421 7.40185e-09
422 7.40185e-09
423 7.40185e-09
424 7.40185e-09
425 7.40185e-09
426 7.40185e-09
427 7.40185e-09
428 7.40185e-09
429 7.40185e-09
430 7.40185e-09
431 7.40185e-09
432 7.40185e-09
433 7.40185e-09
434 7.40185e-09
435 7.40185e-09
436 7.40185e-09
437 7.40185e-09
438 7.40185e-09
439 7.40185e-09
440 7.40185e-09
441 7.40185e-09
442 7.40185e-09
443 7.40185e-09
444 7.40185e-09
445 7.40185e-09
446 7.40185e-09
447 7.40185e-09
448 7.40185e-09
449 7.40185e-09
450 7.40185e-09
451 7.40185e-09
452 7.40185e-09
453 7.40185e-09
454 7.40185e-09
455 7.40185e-09
456 7.40185e-09
457 7.40185e-09
458 7.40185e-09
459 7.40185e-09
460 7.40185e-09
461 7.40185e-09
462 7.40185e-09
463 7.40185e-09
464 7.40185e-09
465 7.40185e-09
466 7.40185e-09
467 7.40185e-09
468 7.40185e-09
469 7.40185e-09
470 7.40185e-09
471 7.40185e-09
472 7.40185e-09
473 7.40185e-09
474 7.40185e-09
475 7.40185e-09
476 7.40185e-09
477 7.40185e-09
478 7.40185e-09
479 7.40185e-09
480 7.40185e-09
481 7.40185e-09
482 7.40185e-09
483 7.40185e-09
484 7.40185e-09
485 7.40185e-09
486 7.40185e-09
487 7.40185e-09
488 7.40185e-09
489 7.40185e-09
490 7.40185e-09
491 7.40185e-09
492 7.40185e-09
493 7.40185e-09
494 7.40185e-09
495 7.40185e-09
496 7.40185e-09
497 7.40185e-09
498 7.40185e-09
499 7.40185e-09
500 7.40185e-09
501 7.40185e-09
502 7.40185e-09
503 7.40185e-09
504 7.40185e-09
505 7.40185e-09
506 7.40185e-09
507 7.40185e-09
508 7.40185e-09
509 7.40185e-09
510 7.40185e-09
511 7.40185e-09
512 7.40185e-09
513 7.40185e-09
514 7.40185e-09
515 7.40185e-09
516 7.40185e-09
517 7.40185e-09
518 7.40185e-09
519 7.40185e-09
520 7.40185e-09
521 7.40185e-09
522 7.40185e-09
523 7.40185e-09
524 7.40185e-09
525 7.40185e-09
526 7.40185e-09
527 7.40185e-09
528 7.40185e-09
529 7.40185e-09
530 7.40185e-09
531 7.40185e-09
532 7.40185e-09
533 7.40185e-09
534 7.40185e-09
535 7.40185e-09
536 7.40185e-09
537 7.40185e-09
538 7.40185e-09
539 7.40185e-09
540 7.40185e-09
541 7.40185e-09
542 7.40185e-09
