1 6.33732e-09
2 6.33732e-09
3 6.33732e-09
4 6.33732e-09
5 6.33732e-09
6 6.33732e-09
7 6.33732e-09
8 6.33732e-09
9 6.33732e-09
10 6.33732e-09
11 6.33732e-09
12 6.33732e-09
13 6.33732e-09
14 6.33732e-09
15 6.33732e-09
16 6.33732e-09
17 6.33732e-09
18 6.33732e-09
19 6.33732e-09
20 6.33732e-09
21 6.33732e-09
22 6.33732e-09
23 6.33732e-09
24 6.33732e-09
25 6.33732e-09
26 6.33732e-09
27 6.33732e-09
28 6.33732e-09
29 6.33732e-09
30 6.33732e-09
31 6.33732e-09
32 6.33732e-09
33 6.33732e-09
34 6.33732e-09
35 6.33732e-09
36 6.33732e-09
37 6.33732e-09
38 6.33732e-09
39 6.33732e-09
40 6.33732e-09
41 6.33732e-09
42 6.33732e-09
43 6.33732e-09
44 6.33732e-09
45 6.33732e-09
46 6.33732e-09
47 6.33732e-09
48 6.33732e-09
49 6.33732e-09
50 6.33732e-09
51 6.33732e-09
52 6.33732e-09
53 6.33732e-09
54 6.33732e-09
55 6.33732e-09
56 6.33732e-09
57 6.33732e-09
58 6.33732e-09
59 6.33732e-09
60 6.33732e-09
61 6.33732e-09
62 6.33732e-09
63 6.33732e-09
64 6.33732e-09
65 6.33732e-09
66 6.33732e-09
67 6.33732e-09
68 6.33732e-09
69 6.33732e-09
70 6.33732e-09
71 6.33732e-09
72 6.33732e-09
73 6.33732e-09
74 6.33732e-09
75 6.33732e-09
76 6.33732e-09
77 6.33732e-09
78 6.33732e-09
79 6.33732e-09
80 6.33732e-09
81 6.33732e-09
82 6.33732e-09
83 6.33732e-09
84 6.33732e-09
85 6.33732e-09
86 6.33732e-09
87 6.33732e-09
88 6.33732e-09
89 6.33732e-09
90 6.33732e-09
91 6.33732e-09
92 6.33732e-09
93 6.33732e-09
94 6.33732e-09
95 6.33732e-09
96 6.33732e-09
97 6.33732e-09
98 6.33732e-09
99 6.33732e-09
100 6.33732e-09
101 6.33732e-09
102 6.33732e-09
103 6.33732e-09
104 6.33732e-09
105 6.33732e-09
106 6.33732e-09
107 6.33732e-09
108 6.33732e-09
109 6.33732e-09
110 6.33732e-09
111 6.33732e-09
112 6.33732e-09
113 6.33732e-09
114 6.33732e-09
115 6.33732e-09
116 6.33732e-09
117 6.33732e-09
118 6.33732e-09
119 6.33732e-09
120 6.33732e-09
121 6.33732e-09
122 6.33732e-09
123 6.33732e-09
124 6.33732e-09
125 6.33732e-09
126 6.33732e-09
127 6.33732e-09
128 6.33732e-09
129 6.33732e-09
130 6.33732e-09
131 6.33732e-09
132 6.33732e-09
133 6.33732e-09
134 6.33732e-09
135 6.33732e-09
136 6.33732e-09
137 6.33732e-09
138 6.33732e-09
139 6.33732e-09
140 6.33732e-09
141 6.33732e-09
142 6.33732e-09
143 6.33732e-09
144 6.33732e-09
145 6.33732e-09
146 6.33732e-09
147 6.33732e-09
148 6.33732e-09
149 6.33732e-09
150 6.33732e-09
151 6.33732e-09
152 6.33732e-09
153 6.33732e-09
154 6.33732e-09
155 6.33732e-09
156 6.33732e-09
157 6.33732e-09
158 6.33732e-09
159 6.33732e-09
160 6.33732e-09
161 6.33732e-09
162 6.33732e-09
163 6.33732e-09
164 6.33732e-09
165 6.33732e-09
166 6.33732e-09
167 6.33732e-09
168 6.33732e-09
169 6.33732e-09
170 6.33732e-09
171 6.33732e-09
172 6.33732e-09
173 6.33732e-09
174 6.33732e-09
175 6.33732e-09
176 6.33732e-09
177 6.33732e-09
178 6.33732e-09
179 6.33732e-09
180 6.33732e-09
181 6.33732e-09
182 6.33732e-09
183 6.33732e-09
184 6.33732e-09
185 6.33732e-09
186 6.33732e-09
187 6.33732e-09
188 6.33732e-09
189 6.33732e-09
190 6.33732e-09
191 6.33732e-09
192 6.33732e-09
193 6.33732e-09
194 6.33732e-09
195 6.33732e-09
196 6.33732e-09
197 6.33732e-09
198 6.33732e-09
199 6.33732e-09
200 6.33732e-09
201 6.33732e-09
202 6.33732e-09
203 6.33732e-09
204 6.33732e-09
205 6.33732e-09
206 6.33732e-09
207 6.33732e-09
208 6.33732e-09
209 6.33732e-09
210 6.33732e-09
211 6.33732e-09
212 6.33732e-09
213 6.33732e-09
214 6.33732e-09
215 6.33732e-09
216 6.33732e-09
217 6.33732e-09
218 6.33732e-09
219 6.33732e-09
220 6.33732e-09
221 6.33732e-09
222 6.33732e-09
223 6.33732e-09
224 6.33732e-09
225 6.33732e-09
226 6.33732e-09
227 6.33732e-09
228 6.33732e-09
229 6.33732e-09
230 6.33732e-09
231 6.33732e-09
232 6.33732e-09
233 8.73298e-09
234 2.22989e-08
235 7.10907e-08
236 2.37741e-07
237 7.84915e-07
238 2.53124e-06
239 7.95386e-06
240 2.43183e-05
241 7.22725e-05
242 0.000208572
243 0.000583911
244 0.00158419
245 0.00416116
246 0.0105719
247 0.0259553
248 0.0615259
249 0.1407
250 0.310178
251 0.65872
252 0.784519
253 0.828065
254 0.907078
255 0.93218
256 0.973924
257 0.986065
258 0.989442
259 0.994356
260 0.995605
261 0.99727
262 0.999395
263 0.999871
264 0.999973
265 0.999995
266 0.999999
267 1
268 1
269 1
270 1
271 1
272 1
273 1
274 1
275 1
276 1
277 1
278 1
279 0.999999
280 0.999996
281 0.999984
282 0.999931
283 0.999714
284 0.998872
285 0.995746
286 0.993717
287 0.986824
288 0.964416
289 0.894611
290 0.685972
291 0.576415
292 0.273531
293 0.125878
294 0.0563048
295 0.0245411
296 0.0104519
297 0.00436224
298 0.00178929
299 0.000723156
300 0.000288569
301 0.000113832
302 4.44008e-05
303 1.71126e-05
304 6.50662e-06
305 2.43531e-06
306 8.95259e-07
307 3.22504e-07
308 1.14035e-07
309 3.98856e-08
310 1.48558e-08
311 7.82886e-09
312 6.33732e-09
313 6.33732e-09
314 6.33732e-09
315 6.33732e-09
316 6.33732e-09
317 6.33732e-09
318 6.33732e-09
319 6.33732e-09
320 6.33732e-09
321 6.33732e-09
322 6.33732e-09
323 6.33732e-09
324 6.33732e-09
325 6.33732e-09
326 6.33732e-09
327 6.33732e-09
328 6.33732e-09
329 6.33732e-09
330 6.33732e-09
331 6.33732e-09
332 6.33732e-09
333 6.33732e-09
334 6.33732e-09
335 6.33732e-09
336 6.33732e-09
337 6.33732e-09
338 6.33732e-09
339 6.33732e-09
340 6.33732e-09
341 6.33732e-09
342 6.33732e-09
343 6.33732e-09
344 6.33732e-09
345 6.33732e-09
346 6.33732e-09
347 6.33732e-09
348 6.33732e-09
349 6.33732e-09
350 6.33732e-09
351 6.33732e-09
352 6.33732e-09
353 6.33732e-09
354 6.33732e-09
355 6.33732e-09
356 6.33732e-09
357 6.33732e-09
358 6.33732e-09
359 6.33732e-09
360 6.33732e-09
361 6.33732e-09
362 6.33732e-09
363 6.33732e-09
364 6.33732e-09
365 6.33732e-09
366 6.33732e-09
367 6.33732e-09
368 6.33732e-09
369 6.33732e-09
370 6.33732e-09
371 6.33732e-09
372 6.33732e-09
373 6.33732e-09
374 6.33732e-09
375 6.33732e-09
376 6.33732e-09
377 6.33732e-09
378 6.33732e-09
379 6.33732e-09
380 6.33732e-09
381 6.33732e-09
382 6.33732e-09
383 6.33732e-09
384 6.33732e-09
385 6.33732e-09
386 6.33732e-09
387 6.33732e-09
388 6.33732e-09
389 6.33732e-09
390 6.33732e-09
391 6.33732e-09
392 6.33732e-09
393 6.33732e-09
394 6.33732e-09
395 6.33732e-09
396 6.33732e-09
397 6.33732e-09
398 6.33732e-09
399 6.33732e-09
400 6.33732e-09
401 6.33732e-09
402 6.33732e-09
403 6.33732e-09
404 6.33732e-09
405 6.33732e-09
406 6.33732e-09
407 6.33732e-09
408 6.33732e-09
409 6.33732e-09
410 6.33732e-09
411 6.33732e-09
412 6.33732e-09
413 6.33732e-09
414 6.33732e-09
415 6.33732e-09
416 6.33732e-09
417 6.33732e-09
418 6.33732e-09
419 6.33732e-09
420 6.33732e-09
421 6.33732e-09
422 6.33732e-09
423 6.33732e-09
424 6.33732e-09
425 6.33732e-09
426 6.33732e-09
427 6.33732e-09
428 6.33732e-09
429 6.33732e-09
430 6.33732e-09
431 6.33732e-09
432 6.33732e-09
433 6.33732e-09
434 6.33732e-09
435 6.33732e-09
436 6.33732e-09
437 6.33732e-09
438 6.33732e-09
439 6.33732e-09
440 6.33732e-09
441 6.33732e-09
442 6.33732e-09
443 6.33732e-09
444 6.33732e-09
445 6.33732e-09
446 6.33732e-09
447 6.33732e-09
448 6.33732e-09
449 6.33732e-09
450 6.33732e-09
451 6.33732e-09
452 6.33732e-09
453 6.33732e-09
454 6.33732e-09
455 6.33732e-09
456 6.33732e-09
457 6.33732e-09
458 6.33732e-09
459 6.33732e-09
460 6.33732e-09
461 6.33732e-09
462 6.33732e-09
463 6.33732e-09
464 6.33732e-09
465 6.33732e-09
466 6.33732e-09
467 6.33732e-09
468 6.33732e-09
469 6.33732e-09
470 6.33732e-09
471 6.33732e-09
472 6.33732e-09
473 6.33732e-09
474 6.33732e-09
475 6.33732e-09
476 6.33732e-09
477 6.33732e-09
478 6.33732e-09
479 6.33732e-09
480 6.33732e-09
481 6.33732e-09
482 6.33732e-09
483 6.33732e-09
484 6.33732e-09
485 6.33732e-09
486 6.33732e-09
487 6.33732e-09
488 6.33732e-09
489 6.33732e-09
490 6.33732e-09
491 6.33732e-09
492 6.33732e-09
493 6.33732e-09
494 6.33732e-09
495 6.33732e-09
496 6.33732e-09
497 6.33732e-09
498 6.33732e-09
499 6.33732e-09
500 6.33732e-09
501 6.33732e-09
502 6.33732e-09
503 6.33732e-09
504 6.33732e-09
505 6.33732e-09
506 6.33732e-09
507 6.33732e-09
508 6.33732e-09
509 6.33732e-09
510 6.33732e-09
511 6.33732e-09
512 6.33732e-09
513 6.33732e-09
514 6.33732e-09
515 6.33732e-09
516 6.33732e-09
517 6.33732e-09
518 6.33732e-09
519 6.33732e-09
520 6.33732e-09
521 6.33732e-09
522 6.33732e-09
523 6.33732e-09
524 6.33732e-09
525 6.33732e-09
526 6.33732e-09
527 6.33732e-09
528 6.33732e-09
529 6.33732e-09
530 6.33732e-09
531 6.33732e-09
532 6.33732e-09
533 6.33732e-09
534 6.33732e-09
535 6.33732e-09
536 6.33732e-09
537 6.33732e-09
538 6.33732e-09
539 6.33732e-09
540 6.33732e-09
541 6.33732e-09
542 6.33732e-09
