1 3.13917e-09
2 3.13917e-09
3 3.13917e-09
4 3.13917e-09
5 3.13917e-09
6 3.13917e-09
7 3.13917e-09
8 3.13917e-09
9 3.13917e-09
10 3.13917e-09
11 3.13917e-09
12 3.13917e-09
13 3.13917e-09
14 3.13917e-09
15 3.13917e-09
16 3.13917e-09
17 3.13917e-09
18 3.13917e-09
19 3.13917e-09
20 3.13917e-09
21 3.13917e-09
22 3.13917e-09
23 3.13917e-09
24 3.13917e-09
25 3.13917e-09
26 3.13917e-09
27 3.13917e-09
28 3.13917e-09
29 3.13917e-09
30 3.13917e-09
31 3.13917e-09
32 3.13917e-09
33 3.13917e-09
34 3.13917e-09
35 3.13917e-09
36 3.13917e-09
37 3.13917e-09
38 3.13917e-09
39 3.13917e-09
40 3.13917e-09
41 3.13917e-09
42 3.13917e-09
43 3.13917e-09
44 3.13917e-09
45 3.13917e-09
46 3.13917e-09
47 3.13917e-09
48 3.13917e-09
49 3.13917e-09
50 3.13917e-09
51 3.13917e-09
52 3.13917e-09
53 3.13917e-09
54 3.13917e-09
55 3.13917e-09
56 3.13917e-09
57 3.13917e-09
58 3.13917e-09
59 3.13917e-09
60 3.13917e-09
61 3.13917e-09
62 3.13917e-09
63 3.13917e-09
64 3.13917e-09
65 3.13917e-09
66 3.13917e-09
67 3.13917e-09
68 3.13917e-09
69 3.13917e-09
70 3.13917e-09
71 3.13917e-09
72 3.13917e-09
73 3.13917e-09
74 3.13917e-09
75 3.13917e-09
76 3.13917e-09
77 3.13917e-09
78 3.13917e-09
79 3.13917e-09
80 3.13917e-09
81 3.13917e-09
82 3.13917e-09
83 3.13917e-09
84 3.13917e-09
85 3.13917e-09
86 3.13917e-09
87 3.13917e-09
88 3.13917e-09
89 3.13917e-09
90 3.13917e-09
91 3.13917e-09
92 3.13917e-09
93 3.13917e-09
94 3.13917e-09
95 3.13917e-09
96 3.13917e-09
97 3.13917e-09
98 3.13917e-09
99 3.13917e-09
100 3.13917e-09
101 3.13917e-09
102 3.13917e-09
103 3.13917e-09
104 3.13917e-09
105 3.13917e-09
106 3.13917e-09
107 3.13917e-09
108 3.13917e-09
109 3.13917e-09
110 3.13917e-09
111 3.13917e-09
112 3.13917e-09
113 3.13917e-09
114 3.13917e-09
115 3.13917e-09
116 3.13917e-09
117 3.13917e-09
118 3.13917e-09
119 3.13917e-09
120 3.13917e-09
121 3.13917e-09
122 3.13917e-09
123 3.13917e-09
124 3.13917e-09
125 3.13917e-09
126 3.13917e-09
127 3.13917e-09
128 3.13917e-09
129 3.13917e-09
130 3.13917e-09
131 3.13917e-09
132 3.13917e-09
133 3.13917e-09
134 3.13917e-09
135 3.13917e-09
136 3.13917e-09
137 3.13917e-09
138 3.13917e-09
139 3.13917e-09
140 3.13917e-09
141 3.13917e-09
142 3.13917e-09
143 3.13917e-09
144 3.13917e-09
145 3.13917e-09
146 3.13917e-09
147 3.13917e-09
148 3.13917e-09
149 3.13917e-09
150 3.13917e-09
151 3.13917e-09
152 3.13917e-09
153 3.13917e-09
154 3.13917e-09
155 3.13917e-09
156 3.13917e-09
157 3.13917e-09
158 3.13917e-09
159 3.13917e-09
160 3.13917e-09
161 3.13917e-09
162 3.13917e-09
163 3.13917e-09
164 3.13917e-09
165 3.13917e-09
166 3.13917e-09
167 3.13917e-09
168 3.13917e-09
169 3.13917e-09
170 3.13917e-09
171 3.13917e-09
172 3.13917e-09
173 3.13917e-09
174 3.13917e-09
175 3.13917e-09
176 3.13917e-09
177 3.13917e-09
178 3.13917e-09
179 3.13917e-09
180 3.13917e-09
181 3.13917e-09
182 3.13917e-09
183 3.13917e-09
184 3.13917e-09
185 3.13917e-09
186 3.13917e-09
187 3.13917e-09
188 3.13917e-09
189 3.13917e-09
190 3.13917e-09
191 3.13917e-09
192 3.13917e-09
193 3.13917e-09
194 3.13917e-09
195 3.13917e-09
196 3.13917e-09
197 3.13917e-09
198 3.13917e-09
199 3.13917e-09
200 3.13917e-09
201 3.13917e-09
202 3.13917e-09
203 3.13917e-09
204 3.13917e-09
205 3.13917e-09
206 3.13917e-09
207 3.13917e-09
208 3.13917e-09
209 3.13917e-09
210 3.13917e-09
211 3.13917e-09
212 3.13917e-09
213 3.13917e-09
214 3.13917e-09
215 3.13917e-09
216 3.13917e-09
217 3.13917e-09
218 3.13917e-09
219 3.13917e-09
220 3.13917e-09
221 3.13917e-09
222 3.13917e-09
223 3.13917e-09
224 3.13917e-09
225 3.13917e-09
226 3.13917e-09
227 3.13917e-09
228 3.13917e-09
229 3.13917e-09
230 3.13917e-09
231 3.13917e-09
232 3.13917e-09
233 3.13917e-09
234 3.13917e-09
235 3.13917e-09
236 3.13917e-09
237 3.13917e-09
238 3.13917e-09
239 3.47038e-09
240 1.21705e-08
241 5.22206e-08
242 2.17057e-07
243 8.92096e-07
244 3.65e-06
245 1.48311e-05
246 5.95947e-05
247 0.000235912
248 0.000917395
249 0.00349722
250 0.0130488
251 0.0475931
252 0.0698791
253 0.0838904
254 0.130785
255 0.158675
256 0.246726
257 0.295977
258 0.322629
259 0.398835
260 0.437254
261 0.539266
262 0.799684
263 0.916368
264 0.966487
265 0.987095
266 0.995197
267 0.998238
268 0.999327
269 0.999697
270 0.999815
271 0.999842
272 0.999895
273 0.999892
274 0.999905
275 0.999933
276 0.999925
277 0.999885
278 0.999776
279 0.999505
280 0.998858
281 0.997352
282 0.993927
283 0.986287
284 0.969489
285 0.932963
286 0.918572
287 0.887826
288 0.822805
289 0.687094
290 0.408566
291 0.306196
292 0.105328
293 0.0351933
294 0.0114105
295 0.00358836
296 0.00109481
297 0.000324346
298 9.3454e-05
299 2.6252e-05
300 7.21372e-06
301 1.94704e-06
302 5.18077e-07
303 1.35925e-07
304 3.49426e-08
305 9.14784e-09
306 3.47038e-09
307 3.13917e-09
308 3.13917e-09
309 3.13917e-09
310 3.13917e-09
311 3.13917e-09
312 3.13917e-09
313 3.13917e-09
314 3.13917e-09
315 3.13917e-09
316 3.13917e-09
317 3.13917e-09
318 3.13917e-09
319 3.13917e-09
320 3.13917e-09
321 3.13917e-09
322 3.13917e-09
323 3.13917e-09
324 3.13917e-09
325 3.13917e-09
326 3.13917e-09
327 3.13917e-09
328 3.13917e-09
329 3.13917e-09
330 3.13917e-09
331 3.13917e-09
332 3.13917e-09
333 3.13917e-09
334 3.13917e-09
335 3.13917e-09
336 3.13917e-09
337 3.13917e-09
338 3.13917e-09
339 3.13917e-09
340 3.13917e-09
341 3.13917e-09
342 3.13917e-09
343 3.13917e-09
344 3.13917e-09
345 3.13917e-09
346 3.13917e-09
347 3.13917e-09
348 3.13917e-09
349 3.13917e-09
350 3.13917e-09
351 3.13917e-09
352 3.13917e-09
353 3.13917e-09
354 3.13917e-09
355 3.13917e-09
356 3.13917e-09
357 3.13917e-09
358 3.13917e-09
359 3.13917e-09
360 3.13917e-09
361 3.13917e-09
362 3.13917e-09
363 3.13917e-09
364 3.13917e-09
365 3.13917e-09
366 3.13917e-09
367 3.13917e-09
368 3.13917e-09
369 3.13917e-09
370 3.13917e-09
371 3.13917e-09
372 3.13917e-09
373 3.13917e-09
374 3.13917e-09
375 3.13917e-09
376 3.13917e-09
377 3.13917e-09
378 3.13917e-09
379 3.13917e-09
380 3.13917e-09
381 3.13917e-09
382 3.13917e-09
383 3.13917e-09
384 3.13917e-09
385 3.13917e-09
386 3.13917e-09
387 3.13917e-09
388 3.13917e-09
389 3.13917e-09
390 3.13917e-09
391 3.13917e-09
392 3.13917e-09
393 3.13917e-09
394 3.13917e-09
395 3.13917e-09
396 3.13917e-09
397 3.13917e-09
398 3.13917e-09
399 3.13917e-09
400 3.13917e-09
401 3.13917e-09
402 3.13917e-09
403 3.13917e-09
404 3.13917e-09
405 3.13917e-09
406 3.13917e-09
407 3.13917e-09
408 3.13917e-09
409 3.13917e-09
410 3.13917e-09
411 3.13917e-09
412 3.13917e-09
413 3.13917e-09
414 3.13917e-09
415 3.13917e-09
416 3.13917e-09
417 3.13917e-09
418 3.13917e-09
419 3.13917e-09
420 3.13917e-09
421 3.13917e-09
422 3.13917e-09
423 3.13917e-09
424 3.13917e-09
425 3.13917e-09
426 3.13917e-09
427 3.13917e-09
428 3.13917e-09
429 3.13917e-09
430 3.13917e-09
431 3.13917e-09
432 3.13917e-09
433 3.13917e-09
434 3.13917e-09
435 3.13917e-09
436 3.13917e-09
437 3.13917e-09
438 3.13917e-09
439 3.13917e-09
440 3.13917e-09
441 3.13917e-09
442 3.13917e-09
443 3.13917e-09
444 3.13917e-09
445 3.13917e-09
446 3.13917e-09
447 3.13917e-09
448 3.13917e-09
449 3.13917e-09
450 3.13917e-09
451 3.13917e-09
452 3.13917e-09
453 3.13917e-09
454 3.13917e-09
455 3.13917e-09
456 3.13917e-09
457 3.13917e-09
458 3.13917e-09
459 3.13917e-09
460 3.13917e-09
461 3.13917e-09
462 3.13917e-09
463 3.13917e-09
464 3.13917e-09
465 3.13917e-09
466 3.13917e-09
467 3.13917e-09
468 3.13917e-09
469 3.13917e-09
470 3.13917e-09
471 3.13917e-09
472 3.13917e-09
473 3.13917e-09
474 3.13917e-09
475 3.13917e-09
476 3.13917e-09
477 3.13917e-09
478 3.13917e-09
479 3.13917e-09
480 3.13917e-09
481 3.13917e-09
482 3.13917e-09
483 3.13917e-09
484 3.13917e-09
485 3.13917e-09
486 3.13917e-09
487 3.13917e-09
488 3.13917e-09
489 3.13917e-09
490 3.13917e-09
491 3.13917e-09
492 3.13917e-09
493 3.13917e-09
494 3.13917e-09
495 3.13917e-09
496 3.13917e-09
497 3.13917e-09
498 3.13917e-09
499 3.13917e-09
500 3.13917e-09
501 3.13917e-09
502 3.13917e-09
503 3.13917e-09
504 3.13917e-09
505 3.13917e-09
506 3.13917e-09
507 3.13917e-09
508 3.13917e-09
509 3.13917e-09
510 3.13917e-09
511 3.13917e-09
512 3.13917e-09
513 3.13917e-09
514 3.13917e-09
515 3.13917e-09
516 3.13917e-09
517 3.13917e-09
518 3.13917e-09
519 3.13917e-09
520 3.13917e-09
521 3.13917e-09
522 3.13917e-09
523 3.13917e-09
524 3.13917e-09
525 3.13917e-09
526 3.13917e-09
527 3.13917e-09
528 3.13917e-09
529 3.13917e-09
530 3.13917e-09
531 3.13917e-09
532 3.13917e-09
533 3.13917e-09
534 3.13917e-09
535 3.13917e-09
536 3.13917e-09
537 3.13917e-09
538 3.13917e-09
539 3.13917e-09
540 3.13917e-09
541 3.13917e-09
542 3.13917e-09
