1 6.37214e-09
2 6.37214e-09
3 6.37214e-09
4 6.37214e-09
5 6.37214e-09
6 6.37214e-09
7 6.37214e-09
8 6.37214e-09
9 6.37214e-09
10 6.37214e-09
11 6.37214e-09
12 6.37214e-09
13 6.37214e-09
14 6.37214e-09
15 6.37214e-09
16 6.37214e-09
17 6.37214e-09
18 6.37214e-09
19 6.37214e-09
20 6.37214e-09
21 6.37214e-09
22 6.37214e-09
23 6.37214e-09
24 6.37214e-09
25 6.37214e-09
26 6.37214e-09
27 6.37214e-09
28 6.37214e-09
29 6.37214e-09
30 6.37214e-09
31 6.37214e-09
32 6.37214e-09
33 6.37214e-09
34 6.37214e-09
35 6.37214e-09
36 6.37214e-09
37 6.37214e-09
38 6.37214e-09
39 6.37214e-09
40 6.37214e-09
41 6.37214e-09
42 6.37214e-09
43 6.37214e-09
44 6.37214e-09
45 6.37214e-09
46 6.37214e-09
47 6.37214e-09
48 6.37214e-09
49 6.37214e-09
50 6.37214e-09
51 6.37214e-09
52 6.37214e-09
53 6.37214e-09
54 6.37214e-09
55 6.37214e-09
56 6.37214e-09
57 6.37214e-09
58 6.37214e-09
59 6.37214e-09
60 6.37214e-09
61 6.37214e-09
62 6.37214e-09
63 6.37214e-09
64 6.37214e-09
65 6.37214e-09
66 6.37214e-09
67 6.37214e-09
68 6.37214e-09
69 6.37214e-09
70 6.37214e-09
71 6.37214e-09
72 6.37214e-09
73 6.37214e-09
74 6.37214e-09
75 6.37214e-09
76 6.37214e-09
77 6.37214e-09
78 6.37214e-09
79 6.37214e-09
80 6.37214e-09
81 6.37214e-09
82 6.37214e-09
83 6.37214e-09
84 6.37214e-09
85 6.37214e-09
86 6.37214e-09
87 6.37214e-09
88 6.37214e-09
89 6.37214e-09
90 6.37214e-09
91 6.37214e-09
92 6.37214e-09
93 6.37214e-09
94 6.37214e-09
95 6.37214e-09
96 6.37214e-09
97 6.37214e-09
98 6.37214e-09
99 6.37214e-09
100 6.37214e-09
101 6.37214e-09
102 6.37214e-09
103 6.37214e-09
104 6.37214e-09
105 6.37214e-09
106 6.37214e-09
107 6.37214e-09
108 6.37214e-09
109 6.37214e-09
110 6.37214e-09
111 6.37214e-09
112 6.37214e-09
113 6.37214e-09
114 6.37214e-09
115 6.37214e-09
116 6.37214e-09
117 6.37214e-09
118 6.37214e-09
119 6.37214e-09
120 6.37214e-09
121 6.37214e-09
122 6.37214e-09
123 6.37214e-09
124 6.37214e-09
125 6.37214e-09
126 6.37214e-09
127 6.37214e-09
128 6.37214e-09
129 6.37214e-09
130 6.37214e-09
131 6.37214e-09
132 6.37214e-09
133 6.37214e-09
134 6.37214e-09
135 6.37214e-09
136 6.37214e-09
137 6.37214e-09
138 6.37214e-09
139 6.37214e-09
140 6.37214e-09
141 6.37214e-09
142 6.37214e-09
143 6.37214e-09
144 6.37214e-09
145 6.37214e-09
146 6.37214e-09
147 6.37214e-09
148 6.37214e-09
149 6.37214e-09
150 6.37214e-09
151 6.37214e-09
152 6.37214e-09
153 6.37214e-09
154 6.37214e-09
155 6.37214e-09
156 6.37214e-09
157 6.37214e-09
158 6.37214e-09
159 6.37214e-09
160 6.37214e-09
161 6.37214e-09
162 6.37214e-09
163 6.37214e-09
164 6.37214e-09
165 6.37214e-09
166 6.37214e-09
167 6.37214e-09
168 6.37214e-09
169 6.37214e-09
170 6.37214e-09
171 6.37214e-09
172 6.37214e-09
173 6.37214e-09
174 6.37214e-09
175 6.37214e-09
176 6.37214e-09
177 6.37214e-09
178 6.37214e-09
179 6.37214e-09
180 6.37214e-09
181 6.37214e-09
182 6.37214e-09
183 6.37214e-09
184 6.37214e-09
185 6.37214e-09
186 6.37214e-09
187 6.37214e-09
188 6.37214e-09
189 6.37214e-09
190 6.37214e-09
191 6.37214e-09
192 6.37214e-09
193 6.37214e-09
194 6.37214e-09
195 6.37214e-09
196 6.37214e-09
197 6.37214e-09
198 6.37214e-09
199 6.37214e-09
200 6.37214e-09
201 6.37214e-09
202 6.37214e-09
203 6.37214e-09
204 6.37214e-09
205 6.37214e-09
206 6.37214e-09
207 6.37214e-09
208 6.37214e-09
209 6.37214e-09
210 6.37214e-09
211 6.37214e-09
212 6.37214e-09
213 6.37214e-09
214 6.37214e-09
215 6.37214e-09
216 6.37214e-09
217 6.37214e-09
218 6.37214e-09
219 6.37214e-09
220 6.37214e-09
221 6.37214e-09
222 6.37214e-09
223 6.37214e-09
224 6.37214e-09
225 6.37214e-09
226 6.37214e-09
227 6.37214e-09
228 6.37214e-09
229 6.37214e-09
230 6.37214e-09
231 6.37214e-09
232 6.37214e-09
233 6.37214e-09
234 6.37214e-09
235 6.37214e-09
236 6.37214e-09
237 6.37214e-09
238 6.37214e-09
239 6.37214e-09
240 6.53941e-09
241 9.24848e-09
242 2.16244e-08
243 6.64239e-08
244 2.33103e-07
245 8.63733e-07
246 3.26823e-06
247 1.23975e-05
248 4.66622e-05
249 0.000173421
250 0.000636318
251 0.0023145
252 0.00342917
253 0.00417983
254 0.00701549
255 0.00903566
256 0.0171518
257 0.0232488
258 0.0278811
259 0.047158
260 0.0616947
261 0.120817
262 0.356773
263 0.525296
264 0.642902
265 0.722976
266 0.77608
267 0.810287
268 0.831541
269 0.843996
270 0.850263
271 0.851482
272 0.863474
273 0.867782
274 0.886151
275 0.937324
276 0.960432
277 0.969347
278 0.970499
279 0.965968
280 0.955008
281 0.934576
282 0.899253
283 0.840813
284 0.747612
285 0.603826
286 0.564452
287 0.506879
288 0.424115
289 0.30602
290 0.136929
291 0.0920519
292 0.0255695
293 0.0071837
294 0.0020218
295 0.000564606
296 0.000155234
297 4.17912e-05
298 1.09808e-05
299 2.81293e-06
300 7.03814e-07
301 1.73737e-07
302 4.42714e-08
303 1.39132e-08
304 7.32599e-09
305 6.37214e-09
306 6.37214e-09
307 6.37214e-09
308 6.37214e-09
309 6.37214e-09
310 6.37214e-09
311 6.37214e-09
312 6.37214e-09
313 6.37214e-09
314 6.37214e-09
315 6.37214e-09
316 6.37214e-09
317 6.37214e-09
318 6.37214e-09
319 6.37214e-09
320 6.37214e-09
321 6.37214e-09
322 6.37214e-09
323 6.37214e-09
324 6.37214e-09
325 6.37214e-09
326 6.37214e-09
327 6.37214e-09
328 6.37214e-09
329 6.37214e-09
330 6.37214e-09
331 6.37214e-09
332 6.37214e-09
333 6.37214e-09
334 6.37214e-09
335 6.37214e-09
336 6.37214e-09
337 6.37214e-09
338 6.37214e-09
339 6.37214e-09
340 6.37214e-09
341 6.37214e-09
342 6.37214e-09
343 6.37214e-09
344 6.37214e-09
345 6.37214e-09
346 6.37214e-09
347 6.37214e-09
348 6.37214e-09
349 6.37214e-09
350 6.37214e-09
351 6.37214e-09
352 6.37214e-09
353 6.37214e-09
354 6.37214e-09
355 6.37214e-09
356 6.37214e-09
357 6.37214e-09
358 6.37214e-09
359 6.37214e-09
360 6.37214e-09
361 6.37214e-09
362 6.37214e-09
363 6.37214e-09
364 6.37214e-09
365 6.37214e-09
366 6.37214e-09
367 6.37214e-09
368 6.37214e-09
369 6.37214e-09
370 6.37214e-09
371 6.37214e-09
372 6.37214e-09
373 6.37214e-09
374 6.37214e-09
375 6.37214e-09
376 6.37214e-09
377 6.37214e-09
378 6.37214e-09
379 6.37214e-09
380 6.37214e-09
381 6.37214e-09
382 6.37214e-09
383 6.37214e-09
384 6.37214e-09
385 6.37214e-09
386 6.37214e-09
387 6.37214e-09
388 6.37214e-09
389 6.37214e-09
390 6.37214e-09
391 6.37214e-09
392 6.37214e-09
393 6.37214e-09
394 6.37214e-09
395 6.37214e-09
396 6.37214e-09
397 6.37214e-09
398 6.37214e-09
399 6.37214e-09
400 6.37214e-09
401 6.37214e-09
402 6.37214e-09
403 6.37214e-09
404 6.37214e-09
405 6.37214e-09
406 6.37214e-09
407 6.37214e-09
408 6.37214e-09
409 6.37214e-09
410 6.37214e-09
411 6.37214e-09
412 6.37214e-09
413 6.37214e-09
414 6.37214e-09
415 6.37214e-09
416 6.37214e-09
417 6.37214e-09
418 6.37214e-09
419 6.37214e-09
420 6.37214e-09
421 6.37214e-09
422 6.37214e-09
423 6.37214e-09
424 6.37214e-09
425 6.37214e-09
426 6.37214e-09
427 6.37214e-09
428 6.37214e-09
429 6.37214e-09
430 6.37214e-09
431 6.37214e-09
432 6.37214e-09
433 6.37214e-09
434 6.37214e-09
435 6.37214e-09
436 6.37214e-09
437 6.37214e-09
438 6.37214e-09
439 6.37214e-09
440 6.37214e-09
441 6.37214e-09
442 6.37214e-09
443 6.37214e-09
444 6.37214e-09
445 6.37214e-09
446 6.37214e-09
447 6.37214e-09
448 6.37214e-09
449 6.37214e-09
450 6.37214e-09
451 6.37214e-09
452 6.37214e-09
453 6.37214e-09
454 6.37214e-09
455 6.37214e-09
456 6.37214e-09
457 6.37214e-09
458 6.37214e-09
459 6.37214e-09
460 6.37214e-09
461 6.37214e-09
462 6.37214e-09
463 6.37214e-09
464 6.37214e-09
465 6.37214e-09
466 6.37214e-09
467 6.37214e-09
468 6.37214e-09
469 6.37214e-09
470 6.37214e-09
471 6.37214e-09
472 6.37214e-09
473 6.37214e-09
474 6.37214e-09
475 6.37214e-09
476 6.37214e-09
477 6.37214e-09
478 6.37214e-09
479 6.37214e-09
480 6.37214e-09
481 6.37214e-09
482 6.37214e-09
483 6.37214e-09
484 6.37214e-09
485 6.37214e-09
486 6.37214e-09
487 6.37214e-09
488 6.37214e-09
489 6.37214e-09
490 6.37214e-09
491 6.37214e-09
492 6.37214e-09
493 6.37214e-09
494 6.37214e-09
495 6.37214e-09
496 6.37214e-09
497 6.37214e-09
498 6.37214e-09
499 6.37214e-09
500 6.37214e-09
501 6.37214e-09
502 6.37214e-09
503 6.37214e-09
504 6.37214e-09
505 6.37214e-09
506 6.37214e-09
507 6.37214e-09
508 6.37214e-09
509 6.37214e-09
510 6.37214e-09
511 6.37214e-09
512 6.37214e-09
513 6.37214e-09
514 6.37214e-09
515 6.37214e-09
516 6.37214e-09
517 6.37214e-09
518 6.37214e-09
519 6.37214e-09
520 6.37214e-09
521 6.37214e-09
522 6.37214e-09
523 6.37214e-09
524 6.37214e-09
525 6.37214e-09
526 6.37214e-09
527 6.37214e-09
528 6.37214e-09
529 6.37214e-09
530 6.37214e-09
531 6.37214e-09
532 6.37214e-09
533 6.37214e-09
534 6.37214e-09
535 6.37214e-09
536 6.37214e-09
537 6.37214e-09
538 6.37214e-09
539 6.37214e-09
540 6.37214e-09
541 6.37214e-09
542 6.37214e-09
