1 7.03801e-08
2 7.03801e-08
3 7.03801e-08
4 7.03801e-08
5 7.03801e-08
6 7.03801e-08
7 7.03801e-08
8 7.03801e-08
9 7.03801e-08
10 7.03801e-08
11 7.03801e-08
12 7.03801e-08
13 7.03801e-08
14 7.03801e-08
15 7.03801e-08
16 7.03801e-08
17 7.03801e-08
18 7.03801e-08
19 7.03801e-08
20 7.03801e-08
21 7.03801e-08
22 7.03801e-08
23 7.03801e-08
24 7.03801e-08
25 7.03801e-08
26 7.03801e-08
27 7.03801e-08
28 7.03801e-08
29 7.03801e-08
30 7.03801e-08
31 7.03801e-08
32 7.03801e-08
33 7.03801e-08
34 7.03801e-08
35 7.03801e-08
36 7.03801e-08
37 7.03801e-08
38 7.03801e-08
39 7.03801e-08
40 7.03801e-08
41 7.03801e-08
42 7.03801e-08
43 7.03801e-08
44 7.03801e-08
45 7.03801e-08
46 7.03801e-08
47 7.03801e-08
48 7.03801e-08
49 7.03801e-08
50 7.03801e-08
51 7.03801e-08
52 7.03801e-08
53 7.03801e-08
54 7.03801e-08
55 7.03801e-08
56 7.03801e-08
57 7.03801e-08
58 7.03801e-08
59 7.03801e-08
60 7.03801e-08
61 7.03801e-08
62 7.03801e-08
63 7.03801e-08
64 7.03801e-08
65 7.03801e-08
66 7.03801e-08
67 7.03801e-08
68 7.03801e-08
69 7.03801e-08
70 7.03801e-08
71 7.03801e-08
72 7.03801e-08
73 7.03801e-08
74 7.03801e-08
75 7.03801e-08
76 7.03801e-08
77 7.03801e-08
78 7.03801e-08
79 7.03801e-08
80 7.03801e-08
81 7.03801e-08
82 7.03801e-08
83 7.03801e-08
84 7.03801e-08
85 7.03801e-08
86 7.03801e-08
87 7.03801e-08
88 7.03801e-08
89 7.03801e-08
90 7.03801e-08
91 7.03801e-08
92 7.03801e-08
93 7.03801e-08
94 7.03801e-08
95 7.03801e-08
96 7.03801e-08
97 7.03801e-08
98 7.03801e-08
99 7.03801e-08
100 7.03801e-08
101 7.03801e-08
102 7.03801e-08
103 7.03801e-08
104 7.03801e-08
105 7.03801e-08
106 7.03801e-08
107 7.03801e-08
108 7.03801e-08
109 7.03801e-08
110 7.03801e-08
111 7.03801e-08
112 7.03801e-08
113 7.03801e-08
114 7.03801e-08
115 7.03801e-08
116 7.03801e-08
117 7.03801e-08
118 7.03801e-08
119 7.03801e-08
120 7.03801e-08
121 7.03801e-08
122 7.03801e-08
123 7.03801e-08
124 7.03801e-08
125 7.03801e-08
126 7.03801e-08
127 7.03801e-08
128 7.03801e-08
129 7.03801e-08
130 7.03801e-08
131 7.03801e-08
132 7.03801e-08
133 7.03801e-08
134 7.03801e-08
135 7.03801e-08
136 7.03801e-08
137 7.03801e-08
138 7.03801e-08
139 7.03801e-08
140 7.03801e-08
141 7.03801e-08
142 7.03801e-08
143 7.03801e-08
144 7.03801e-08
145 7.03801e-08
146 7.03801e-08
147 7.03801e-08
148 7.03801e-08
149 7.03801e-08
150 7.03801e-08
151 7.03801e-08
152 7.03801e-08
153 7.03801e-08
154 7.03801e-08
155 7.03801e-08
156 7.03801e-08
157 7.03801e-08
158 7.03801e-08
159 7.03801e-08
160 7.03801e-08
161 7.03801e-08
162 7.03801e-08
163 7.03801e-08
164 7.03801e-08
165 7.03801e-08
166 7.03801e-08
167 7.03801e-08
168 7.03801e-08
169 7.03801e-08
170 7.03801e-08
171 7.03801e-08
172 7.03801e-08
173 7.03801e-08
174 7.03801e-08
175 7.03801e-08
176 7.03801e-08
177 7.03801e-08
178 7.03801e-08
179 7.03801e-08
180 7.03801e-08
181 7.03801e-08
182 7.03801e-08
183 7.03801e-08
184 7.03801e-08
185 7.03801e-08
186 7.03801e-08
187 7.03801e-08
188 7.03801e-08
189 7.03801e-08
190 7.03801e-08
191 7.03801e-08
192 7.03801e-08
193 7.03801e-08
194 7.03801e-08
195 7.03801e-08
196 7.03801e-08
197 7.03801e-08
198 7.03801e-08
199 7.03801e-08
200 7.03801e-08
201 7.03801e-08
202 7.03801e-08
203 7.03801e-08
204 7.03801e-08
205 7.03801e-08
206 7.03801e-08
207 7.03801e-08
208 7.03801e-08
209 7.03801e-08
210 7.03801e-08
211 7.03801e-08
212 7.03801e-08
213 7.03801e-08
214 7.03801e-08
215 7.03801e-08
216 7.03801e-08
217 7.03801e-08
218 7.03801e-08
219 7.03801e-08
220 7.03801e-08
221 7.03801e-08
222 7.03801e-08
223 7.05965e-08
224 7.26219e-08
225 7.98361e-08
226 1.01688e-07
227 1.64949e-07
228 3.4183e-07
229 8.21961e-07
230 2.0855e-06
231 5.30968e-06
232 1.32795e-05
233 3.23501e-05
234 7.64882e-05
235 0.000175217
236 0.000388477
237 0.000832988
238 0.00172637
239 0.00345641
240 0.00668237
241 0.0124708
242 0.0224595
243 0.0390287
244 0.0654374
245 0.10587
246 0.165329
247 0.249317
248 0.363316
249 0.512101
250 0.699018
251 0.925398
252 0.973822
253 0.983855
254 0.994904
255 0.997074
256 0.999357
257 0.999789
258 0.99987
259 0.999951
260 0.999966
261 0.999981
262 0.999997
263 0.999999
264 1
265 1
266 1
267 1
268 1
269 1
270 1
271 1
272 1
273 1
274 1
275 1
276 1
277 1
278 1
279 1
280 1
281 1
282 0.999999
283 0.999997
284 0.999982
285 0.999901
286 0.999822
287 0.999407
288 0.99725
289 0.986303
290 0.932151
291 0.884609
292 0.663711
293 0.482622
294 0.339644
295 0.231078
296 0.151872
297 0.0963776
298 0.0590427
299 0.0349197
300 0.019944
301 0.0110055
302 0.00587163
303 0.00303144
304 0.00151618
305 0.000735557
306 0.000346655
307 0.000158981
308 7.10951e-05
309 3.10772e-05
310 1.33205e-05
311 5.62436e-06
312 2.35817e-06
313 9.97682e-07
314 4.40152e-07
315 2.14972e-07
316 1.25372e-07
317 9.01773e-08
318 7.67011e-08
319 7.17599e-08
320 7.05659e-08
321 7.03801e-08
322 7.03801e-08
323 7.03801e-08
324 7.03801e-08
325 7.03801e-08
326 7.03801e-08
327 7.03801e-08
328 7.03801e-08
329 7.03801e-08
330 7.03801e-08
331 7.03801e-08
332 7.03801e-08
333 7.03801e-08
334 7.03801e-08
335 7.03801e-08
336 7.03801e-08
337 7.03801e-08
338 7.03801e-08
339 7.03801e-08
340 7.03801e-08
341 7.03801e-08
342 7.03801e-08
343 7.03801e-08
344 7.03801e-08
345 7.03801e-08
346 7.03801e-08
347 7.03801e-08
348 7.03801e-08
349 7.03801e-08
350 7.03801e-08
351 7.03801e-08
352 7.03801e-08
353 7.03801e-08
354 7.03801e-08
355 7.03801e-08
356 7.03801e-08
357 7.03801e-08
358 7.03801e-08
359 7.03801e-08
360 7.03801e-08
361 7.03801e-08
362 7.03801e-08
363 7.03801e-08
364 7.03801e-08
365 7.03801e-08
366 7.03801e-08
367 7.03801e-08
368 7.03801e-08
369 7.03801e-08
370 7.03801e-08
371 7.03801e-08
372 7.03801e-08
373 7.03801e-08
374 7.03801e-08
375 7.03801e-08
376 7.03801e-08
377 7.03801e-08
378 7.03801e-08
379 7.03801e-08
380 7.03801e-08
381 7.03801e-08
382 7.03801e-08
383 7.03801e-08
384 7.03801e-08
385 7.03801e-08
386 7.03801e-08
387 7.03801e-08
388 7.03801e-08
389 7.03801e-08
390 7.03801e-08
391 7.03801e-08
392 7.03801e-08
393 7.03801e-08
394 7.03801e-08
395 7.03801e-08
396 7.03801e-08
397 7.03801e-08
398 7.03801e-08
399 7.03801e-08
400 7.03801e-08
401 7.03801e-08
402 7.03801e-08
403 7.03801e-08
404 7.03801e-08
405 7.03801e-08
406 7.03801e-08
407 7.03801e-08
408 7.03801e-08
409 7.03801e-08
410 7.03801e-08
411 7.03801e-08
412 7.03801e-08
413 7.03801e-08
414 7.03801e-08
415 7.03801e-08
416 7.03801e-08
417 7.03801e-08
418 7.03801e-08
419 7.03801e-08
420 7.03801e-08
421 7.03801e-08
422 7.03801e-08
423 7.03801e-08
424 7.03801e-08
425 7.03801e-08
426 7.03801e-08
427 7.03801e-08
428 7.03801e-08
429 7.03801e-08
430 7.03801e-08
431 7.03801e-08
432 7.03801e-08
433 7.03801e-08
434 7.03801e-08
435 7.03801e-08
436 7.03801e-08
437 7.03801e-08
438 7.03801e-08
439 7.03801e-08
440 7.03801e-08
441 7.03801e-08
442 7.03801e-08
443 7.03801e-08
444 7.03801e-08
445 7.03801e-08
446 7.03801e-08
447 7.03801e-08
448 7.03801e-08
449 7.03801e-08
450 7.03801e-08
451 7.03801e-08
452 7.03801e-08
453 7.03801e-08
454 7.03801e-08
455 7.03801e-08
456 7.03801e-08
457 7.03801e-08
458 7.03801e-08
459 7.03801e-08
460 7.03801e-08
461 7.03801e-08
462 7.03801e-08
463 7.03801e-08
464 7.03801e-08
465 7.03801e-08
466 7.03801e-08
467 7.03801e-08
468 7.03801e-08
469 7.03801e-08
470 7.03801e-08
471 7.03801e-08
472 7.03801e-08
473 7.03801e-08
474 7.03801e-08
475 7.03801e-08
476 7.03801e-08
477 7.03801e-08
478 7.03801e-08
479 7.03801e-08
480 7.03801e-08
481 7.03801e-08
482 7.03801e-08
483 7.03801e-08
484 7.03801e-08
485 7.03801e-08
486 7.03801e-08
487 7.03801e-08
488 7.03801e-08
489 7.03801e-08
490 7.03801e-08
491 7.03801e-08
492 7.03801e-08
493 7.03801e-08
494 7.03801e-08
495 7.03801e-08
496 7.03801e-08
497 7.03801e-08
498 7.03801e-08
499 7.03801e-08
500 7.03801e-08
501 7.03801e-08
502 7.03801e-08
503 7.03801e-08
504 7.03801e-08
505 7.03801e-08
506 7.03801e-08
507 7.03801e-08
508 7.03801e-08
509 7.03801e-08
510 7.03801e-08
511 7.03801e-08
512 7.03801e-08
513 7.03801e-08
514 7.03801e-08
515 7.03801e-08
516 7.03801e-08
517 7.03801e-08
518 7.03801e-08
519 7.03801e-08
520 7.03801e-08
521 7.03801e-08
522 7.03801e-08
523 7.03801e-08
524 7.03801e-08
525 7.03801e-08
526 7.03801e-08
527 7.03801e-08
528 7.03801e-08
529 7.03801e-08
530 7.03801e-08
531 7.03801e-08
532 7.03801e-08
533 7.03801e-08
534 7.03801e-08
535 7.03801e-08
536 7.03801e-08
537 7.03801e-08
538 7.03801e-08
539 7.03801e-08
540 7.03801e-08
541 7.03801e-08
542 7.03801e-08
