1 4.93178e-08
2 4.93178e-08
3 4.93178e-08
4 4.93178e-08
5 4.93178e-08
6 4.93178e-08
7 4.93178e-08
8 4.93178e-08
9 4.93178e-08
10 4.93178e-08
11 4.93178e-08
12 4.93178e-08
13 4.93178e-08
14 4.93178e-08
15 4.93178e-08
16 4.93178e-08
17 4.93178e-08
18 4.93178e-08
19 4.93178e-08
20 4.93178e-08
21 4.93178e-08
22 4.93178e-08
23 4.93178e-08
24 4.93178e-08
25 4.93178e-08
26 4.93178e-08
27 4.93178e-08
28 4.93178e-08
29 4.93178e-08
30 4.93178e-08
31 4.93178e-08
32 4.93178e-08
33 4.93178e-08
34 4.93178e-08
35 4.93178e-08
36 4.93178e-08
37 4.93178e-08
38 4.93178e-08
39 4.93178e-08
40 4.93178e-08
41 4.93178e-08
42 4.93178e-08
43 4.93178e-08
44 4.93178e-08
45 4.93178e-08
46 4.93178e-08
47 4.93178e-08
48 4.93178e-08
49 4.93178e-08
50 4.93178e-08
51 4.93178e-08
52 4.93178e-08
53 4.93178e-08
54 4.93178e-08
55 4.93178e-08
56 4.93178e-08
57 4.93178e-08
58 4.93178e-08
59 4.93178e-08
60 4.93178e-08
61 4.93178e-08
62 4.93178e-08
63 4.93178e-08
64 4.93178e-08
65 4.93178e-08
66 4.93178e-08
67 4.93178e-08
68 4.93178e-08
69 4.93178e-08
70 4.93178e-08
71 4.93178e-08
72 4.93178e-08
73 4.93178e-08
74 4.93178e-08
75 4.93178e-08
76 4.93178e-08
77 4.93178e-08
78 4.93178e-08
79 4.93178e-08
80 4.93178e-08
81 4.93178e-08
82 4.93178e-08
83 4.93178e-08
84 4.93178e-08
85 4.93178e-08
86 4.93178e-08
87 4.93178e-08
88 4.93178e-08
89 4.93178e-08
90 4.93178e-08
91 4.93178e-08
92 4.93178e-08
93 4.93178e-08
94 4.93178e-08
95 4.93178e-08
96 4.93178e-08
97 4.93178e-08
98 4.93178e-08
99 4.93178e-08
100 4.93178e-08
101 4.93178e-08
102 4.93178e-08
103 4.93178e-08
104 4.93178e-08
105 4.93178e-08
106 4.93178e-08
107 4.93178e-08
108 4.93178e-08
109 4.93178e-08
110 4.93178e-08
111 4.93178e-08
112 4.93178e-08
113 4.93178e-08
114 4.93178e-08
115 4.93178e-08
116 4.93178e-08
117 4.93178e-08
118 4.93178e-08
119 4.93178e-08
120 4.93178e-08
121 4.93178e-08
122 4.93178e-08
123 4.93178e-08
124 4.93178e-08
125 4.93178e-08
126 4.93178e-08
127 4.93178e-08
128 4.93178e-08
129 4.93178e-08
130 4.93178e-08
131 4.93178e-08
132 4.93178e-08
133 4.93178e-08
134 4.93178e-08
135 4.93178e-08
136 4.93178e-08
137 4.93178e-08
138 4.93178e-08
139 4.93178e-08
140 4.93178e-08
141 4.93178e-08
142 4.93178e-08
143 4.93178e-08
144 4.93178e-08
145 4.93178e-08
146 4.93178e-08
147 4.93178e-08
148 4.93178e-08
149 4.93178e-08
150 4.93178e-08
151 4.93178e-08
152 4.93178e-08
153 4.93178e-08
154 4.93178e-08
155 4.93178e-08
156 4.93178e-08
157 4.93178e-08
158 4.93178e-08
159 4.93178e-08
160 4.93178e-08
161 4.93178e-08
162 4.93178e-08
163 4.93178e-08
164 4.93178e-08
165 4.93178e-08
166 4.93178e-08
167 4.93178e-08
168 4.93178e-08
169 4.93178e-08
170 4.93178e-08
171 4.93178e-08
172 4.93178e-08
173 4.93178e-08
174 4.93178e-08
175 4.93178e-08
176 4.93178e-08
177 4.93178e-08
178 4.93178e-08
179 4.93178e-08
180 4.93178e-08
181 4.93178e-08
182 4.93178e-08
183 4.93178e-08
184 4.93178e-08
185 4.93178e-08
186 4.93178e-08
187 4.93178e-08
188 4.93178e-08
189 4.93178e-08
190 4.93178e-08
191 4.93178e-08
192 4.93178e-08
193 4.93178e-08
194 4.93178e-08
195 4.93178e-08
196 4.93178e-08
197 4.93178e-08
198 4.93178e-08
199 4.93178e-08
200 4.93178e-08
201 4.93178e-08
202 4.93178e-08
203 4.93178e-08
204 4.93178e-08
205 4.93178e-08
206 4.93178e-08
207 4.93178e-08
208 4.93178e-08
209 4.93178e-08
210 4.93178e-08
211 4.93178e-08
212 4.93178e-08
213 4.93178e-08
214 4.93178e-08
215 4.93178e-08
216 4.93178e-08
217 4.93178e-08
218 4.93178e-08
219 4.93178e-08
220 4.93178e-08
221 4.93178e-08
222 4.93178e-08
223 4.93178e-08
224 4.93178e-08
225 4.93178e-08
226 4.93178e-08
227 4.93178e-08
228 4.93178e-08
229 4.93178e-08
230 4.93178e-08
231 4.93178e-08
232 4.93178e-08
233 4.93178e-08
234 4.93178e-08
235 4.93178e-08
236 4.93178e-08
237 4.93178e-08
238 4.93178e-08
239 4.93178e-08
240 4.93178e-08
241 5.11432e-08
242 6.17168e-08
243 1.03773e-07
244 2.47783e-07
245 7.55125e-07
246 2.62896e-06
247 9.71661e-06
248 3.68181e-05
249 0.000140151
250 0.000529558
251 0.00197427
252 0.00293947
253 0.00357758
254 0.00588549
255 0.00742697
256 0.0132008
257 0.0172788
258 0.0202502
259 0.0324705
260 0.0417601
261 0.0806063
262 0.241744
263 0.362248
264 0.450712
265 0.514259
266 0.558805
267 0.589144
268 0.608995
269 0.621006
270 0.626657
271 0.625931
272 0.64031
273 0.645047
274 0.672031
275 0.754946
276 0.796165
277 0.814371
278 0.819396
279 0.815511
280 0.803423
281 0.781351
282 0.745538
283 0.690371
284 0.608231
285 0.488925
286 0.457762
287 0.413437
288 0.350012
289 0.257721
290 0.120338
291 0.0821269
292 0.0231601
293 0.00646517
294 0.00177295
295 0.000475202
296 0.000124142
297 3.15891e-05
298 7.8479e-06
299 1.9232e-06
300 4.83448e-07
301 1.44241e-07
302 6.6349e-08
303 5.04382e-08
304 4.93178e-08
305 4.93178e-08
306 4.93178e-08
307 4.93178e-08
308 4.93178e-08
309 4.93178e-08
310 4.93178e-08
311 4.93178e-08
312 4.93178e-08
313 4.93178e-08
314 4.93178e-08
315 4.93178e-08
316 4.93178e-08
317 4.93178e-08
318 4.93178e-08
319 4.93178e-08
320 4.93178e-08
321 4.93178e-08
322 4.93178e-08
323 4.93178e-08
324 4.93178e-08
325 4.93178e-08
326 4.93178e-08
327 4.93178e-08
328 4.93178e-08
329 4.93178e-08
330 4.93178e-08
331 4.93178e-08
332 4.93178e-08
333 4.93178e-08
334 4.93178e-08
335 4.93178e-08
336 4.93178e-08
337 4.93178e-08
338 4.93178e-08
339 4.93178e-08
340 4.93178e-08
341 4.93178e-08
342 4.93178e-08
343 4.93178e-08
344 4.93178e-08
345 4.93178e-08
346 4.93178e-08
347 4.93178e-08
348 4.93178e-08
349 4.93178e-08
350 4.93178e-08
351 4.93178e-08
352 4.93178e-08
353 4.93178e-08
354 4.93178e-08
355 4.93178e-08
356 4.93178e-08
357 4.93178e-08
358 4.93178e-08
359 4.93178e-08
360 4.93178e-08
361 4.93178e-08
362 4.93178e-08
363 4.93178e-08
364 4.93178e-08
365 4.93178e-08
366 4.93178e-08
367 4.93178e-08
368 4.93178e-08
369 4.93178e-08
370 4.93178e-08
371 4.93178e-08
372 4.93178e-08
373 4.93178e-08
374 4.93178e-08
375 4.93178e-08
376 4.93178e-08
377 4.93178e-08
378 4.93178e-08
379 4.93178e-08
380 4.93178e-08
381 4.93178e-08
382 4.93178e-08
383 4.93178e-08
384 4.93178e-08
385 4.93178e-08
386 4.93178e-08
387 4.93178e-08
388 4.93178e-08
389 4.93178e-08
390 4.93178e-08
391 4.93178e-08
392 4.93178e-08
393 4.93178e-08
394 4.93178e-08
395 4.93178e-08
396 4.93178e-08
397 4.93178e-08
398 4.93178e-08
399 4.93178e-08
400 4.93178e-08
401 4.93178e-08
402 4.93178e-08
403 4.93178e-08
404 4.93178e-08
405 4.93178e-08
406 4.93178e-08
407 4.93178e-08
408 4.93178e-08
409 4.93178e-08
410 4.93178e-08
411 4.93178e-08
412 4.93178e-08
413 4.93178e-08
414 4.93178e-08
415 4.93178e-08
416 4.93178e-08
417 4.93178e-08
418 4.93178e-08
419 4.93178e-08
420 4.93178e-08
421 4.93178e-08
422 4.93178e-08
423 4.93178e-08
424 4.93178e-08
425 4.93178e-08
426 4.93178e-08
427 4.93178e-08
428 4.93178e-08
429 4.93178e-08
430 4.93178e-08
431 4.93178e-08
432 4.93178e-08
433 4.93178e-08
434 4.93178e-08
435 4.93178e-08
436 4.93178e-08
437 4.93178e-08
438 4.93178e-08
439 4.93178e-08
440 4.93178e-08
441 4.93178e-08
442 4.93178e-08
443 4.93178e-08
444 4.93178e-08
445 4.93178e-08
446 4.93178e-08
447 4.93178e-08
448 4.93178e-08
449 4.93178e-08
450 4.93178e-08
451 4.93178e-08
452 4.93178e-08
453 4.93178e-08
454 4.93178e-08
455 4.93178e-08
456 4.93178e-08
457 4.93178e-08
458 4.93178e-08
459 4.93178e-08
460 4.93178e-08
461 4.93178e-08
462 4.93178e-08
463 4.93178e-08
464 4.93178e-08
465 4.93178e-08
466 4.93178e-08
467 4.93178e-08
468 4.93178e-08
469 4.93178e-08
470 4.93178e-08
471 4.93178e-08
472 4.93178e-08
473 4.93178e-08
474 4.93178e-08
475 4.93178e-08
476 4.93178e-08
477 4.93178e-08
478 4.93178e-08
479 4.93178e-08
480 4.93178e-08
481 4.93178e-08
482 4.93178e-08
483 4.93178e-08
484 4.93178e-08
485 4.93178e-08
486 4.93178e-08
487 4.93178e-08
488 4.93178e-08
489 4.93178e-08
490 4.93178e-08
491 4.93178e-08
492 4.93178e-08
493 4.93178e-08
494 4.93178e-08
495 4.93178e-08
496 4.93178e-08
497 4.93178e-08
498 4.93178e-08
499 4.93178e-08
500 4.93178e-08
501 4.93178e-08
502 4.93178e-08
503 4.93178e-08
504 4.93178e-08
505 4.93178e-08
506 4.93178e-08
507 4.93178e-08
508 4.93178e-08
509 4.93178e-08
510 4.93178e-08
511 4.93178e-08
512 4.93178e-08
513 4.93178e-08
514 4.93178e-08
515 4.93178e-08
516 4.93178e-08
517 4.93178e-08
518 4.93178e-08
519 4.93178e-08
520 4.93178e-08
521 4.93178e-08
522 4.93178e-08
523 4.93178e-08
524 4.93178e-08
525 4.93178e-08
526 4.93178e-08
527 4.93178e-08
528 4.93178e-08
529 4.93178e-08
530 4.93178e-08
531 4.93178e-08
532 4.93178e-08
533 4.93178e-08
534 4.93178e-08
535 4.93178e-08
536 4.93178e-08
537 4.93178e-08
538 4.93178e-08
539 4.93178e-08
540 4.93178e-08
541 4.93178e-08
542 4.93178e-08
