1 8.34069e-10
2 8.34069e-10
3 8.34069e-10
4 8.34069e-10
5 8.34069e-10
6 8.34069e-10
7 8.34069e-10
8 8.34069e-10
9 8.34069e-10
10 8.34069e-10
11 8.34069e-10
12 8.34069e-10
13 8.34069e-10
14 8.34069e-10
15 8.34069e-10
16 8.34069e-10
17 8.34069e-10
18 8.34069e-10
19 8.34069e-10
20 8.34069e-10
21 8.34069e-10
22 8.34069e-10
23 8.34069e-10
24 8.34069e-10
25 8.34069e-10
26 8.34069e-10
27 8.34069e-10
28 8.34069e-10
29 8.34069e-10
30 8.34069e-10
31 8.34069e-10
32 8.34069e-10
33 8.34069e-10
34 8.34069e-10
35 8.34069e-10
36 8.34069e-10
37 8.34069e-10
38 8.34069e-10
39 8.34069e-10
40 8.34069e-10
41 8.34069e-10
42 8.34069e-10
43 8.34069e-10
44 8.34069e-10
45 8.34069e-10
46 8.34069e-10
47 8.34069e-10
48 8.34069e-10
49 8.34069e-10
50 8.34069e-10
51 8.34069e-10
52 8.34069e-10
53 8.34069e-10
54 8.34069e-10
55 8.34069e-10
56 8.34069e-10
57 8.34069e-10
58 8.34069e-10
59 8.34069e-10
60 8.34069e-10
61 8.34069e-10
62 8.34069e-10
63 8.34069e-10
64 8.34069e-10
65 8.34069e-10
66 8.34069e-10
67 8.34069e-10
68 8.34069e-10
69 8.34069e-10
70 8.34069e-10
71 8.34069e-10
72 8.34069e-10
73 8.34069e-10
74 8.34069e-10
75 8.34069e-10
76 8.34069e-10
77 8.34069e-10
78 8.34069e-10
79 8.34069e-10
80 8.34069e-10
81 8.34069e-10
82 8.34069e-10
83 8.34069e-10
84 8.34069e-10
85 8.34069e-10
86 8.34069e-10
87 8.34069e-10
88 8.34069e-10
89 8.34069e-10
90 8.34069e-10
91 8.34069e-10
92 8.34069e-10
93 8.34069e-10
94 8.34069e-10
95 8.34069e-10
96 8.34069e-10
97 8.34069e-10
98 8.34069e-10
99 8.34069e-10
100 8.34069e-10
101 8.34069e-10
102 8.34069e-10
103 8.34069e-10
104 8.34069e-10
105 8.34069e-10
106 8.34069e-10
107 8.34069e-10
108 8.34069e-10
109 8.34069e-10
110 8.34069e-10
111 8.34069e-10
112 8.34069e-10
113 8.34069e-10
114 8.34069e-10
115 8.34069e-10
116 8.34069e-10
117 8.34069e-10
118 8.34069e-10
119 8.34069e-10
120 8.34069e-10
121 8.34069e-10
122 8.34069e-10
123 8.34069e-10
124 8.34069e-10
125 8.34069e-10
126 8.34069e-10
127 8.34069e-10
128 8.34069e-10
129 8.34069e-10
130 8.34069e-10
131 8.34069e-10
132 8.34069e-10
133 8.34069e-10
134 8.34069e-10
135 8.34069e-10
136 8.34069e-10
137 8.34069e-10
138 8.34069e-10
139 8.34069e-10
140 8.34069e-10
141 8.34069e-10
142 8.34069e-10
143 8.34069e-10
144 8.34069e-10
145 8.34069e-10
146 8.34069e-10
147 8.34069e-10
148 8.34069e-10
149 8.34069e-10
150 8.34069e-10
151 8.34069e-10
152 8.34069e-10
153 8.34069e-10
154 8.34069e-10
155 8.34069e-10
156 8.34069e-10
157 8.34069e-10
158 8.34069e-10
159 8.34069e-10
160 8.34069e-10
161 8.34069e-10
162 8.34069e-10
163 8.34069e-10
164 8.34069e-10
165 8.34069e-10
166 8.34069e-10
167 8.34069e-10
168 8.34069e-10
169 8.34069e-10
170 8.34069e-10
171 8.34069e-10
172 8.34069e-10
173 8.34069e-10
174 8.34069e-10
175 8.34069e-10
176 8.34069e-10
177 8.34069e-10
178 8.34069e-10
179 8.34069e-10
180 8.34069e-10
181 8.34069e-10
182 8.34069e-10
183 8.34069e-10
184 8.34069e-10
185 8.34069e-10
186 8.34069e-10
187 8.34069e-10
188 8.34069e-10
189 8.34069e-10
190 8.34069e-10
191 8.34069e-10
192 8.34069e-10
193 8.34069e-10
194 8.34069e-10
195 8.34069e-10
196 8.34069e-10
197 8.34069e-10
198 8.34069e-10
199 8.34069e-10
200 8.34069e-10
201 8.34069e-10
202 8.34069e-10
203 8.34069e-10
204 8.34069e-10
205 8.34069e-10
206 8.34069e-10
207 8.34069e-10
208 8.34069e-10
209 8.34069e-10
210 8.34069e-10
211 8.34069e-10
212 8.34069e-10
213 8.34069e-10
214 8.34069e-10
215 8.34069e-10
216 8.34069e-10
217 8.34069e-10
218 8.34069e-10
219 8.34069e-10
220 8.34069e-10
221 8.34069e-10
222 8.34069e-10
223 8.34069e-10
224 8.34069e-10
225 8.34069e-10
226 8.34069e-10
227 8.34069e-10
228 8.34069e-10
229 8.34069e-10
230 8.34069e-10
231 8.34069e-10
232 8.34069e-10
233 8.34069e-10
234 8.34069e-10
235 8.34069e-10
236 8.34069e-10
237 8.34069e-10
238 8.34069e-10
239 8.34069e-10
240 8.34069e-10
241 3.42922e-09
242 1.55694e-08
243 6.13447e-08
244 2.3646e-07
245 9.02776e-07
246 3.43361e-06
247 1.29438e-05
248 4.81894e-05
249 0.000177149
250 0.000645401
251 0.0023477
252 0.00349331
253 0.00428254
254 0.00734859
255 0.00959249
256 0.018787
257 0.0257618
258 0.0310612
259 0.0529327
260 0.0692055
261 0.134253
262 0.38886
263 0.56695
264 0.688536
265 0.769451
266 0.821855
267 0.854799
268 0.87478
269 0.886253
270 0.892016
271 0.893427
272 0.903489
273 0.907087
274 0.921334
275 0.95953
276 0.976092
277 0.982092
278 0.982391
279 0.978312
280 0.968835
281 0.950864
282 0.918913
283 0.864416
284 0.774831
285 0.632587
286 0.592605
287 0.532859
288 0.445626
289 0.320241
290 0.141126
291 0.0941322
292 0.0257271
293 0.00715318
294 0.00200893
295 0.000564521
296 0.000157271
297 4.31163e-05
298 1.15709e-05
299 3.02913e-06
300 7.71421e-07
301 1.90157e-07
302 4.45195e-08
303 9.89307e-09
304 2.22304e-09
305 8.34069e-10
306 8.34069e-10
307 8.34069e-10
308 8.34069e-10
309 8.34069e-10
310 8.34069e-10
311 8.34069e-10
312 8.34069e-10
313 8.34069e-10
314 8.34069e-10
315 8.34069e-10
316 8.34069e-10
317 8.34069e-10
318 8.34069e-10
319 8.34069e-10
320 8.34069e-10
321 8.34069e-10
322 8.34069e-10
323 8.34069e-10
324 8.34069e-10
325 8.34069e-10
326 8.34069e-10
327 8.34069e-10
328 8.34069e-10
329 8.34069e-10
330 8.34069e-10
331 8.34069e-10
332 8.34069e-10
333 8.34069e-10
334 8.34069e-10
335 8.34069e-10
336 8.34069e-10
337 8.34069e-10
338 8.34069e-10
339 8.34069e-10
340 8.34069e-10
341 8.34069e-10
342 8.34069e-10
343 8.34069e-10
344 8.34069e-10
345 8.34069e-10
346 8.34069e-10
347 8.34069e-10
348 8.34069e-10
349 8.34069e-10
350 8.34069e-10
351 8.34069e-10
352 8.34069e-10
353 8.34069e-10
354 8.34069e-10
355 8.34069e-10
356 8.34069e-10
357 8.34069e-10
358 8.34069e-10
359 8.34069e-10
360 8.34069e-10
361 8.34069e-10
362 8.34069e-10
363 8.34069e-10
364 8.34069e-10
365 8.34069e-10
366 8.34069e-10
367 8.34069e-10
368 8.34069e-10
369 8.34069e-10
370 8.34069e-10
371 8.34069e-10
372 8.34069e-10
373 8.34069e-10
374 8.34069e-10
375 8.34069e-10
376 8.34069e-10
377 8.34069e-10
378 8.34069e-10
379 8.34069e-10
380 8.34069e-10
381 8.34069e-10
382 8.34069e-10
383 8.34069e-10
384 8.34069e-10
385 8.34069e-10
386 8.34069e-10
387 8.34069e-10
388 8.34069e-10
389 8.34069e-10
390 8.34069e-10
391 8.34069e-10
392 8.34069e-10
393 8.34069e-10
394 8.34069e-10
395 8.34069e-10
396 8.34069e-10
397 8.34069e-10
398 8.34069e-10
399 8.34069e-10
400 8.34069e-10
401 8.34069e-10
402 8.34069e-10
403 8.34069e-10
404 8.34069e-10
405 8.34069e-10
406 8.34069e-10
407 8.34069e-10
408 8.34069e-10
409 8.34069e-10
410 8.34069e-10
411 8.34069e-10
412 8.34069e-10
413 8.34069e-10
414 8.34069e-10
415 8.34069e-10
416 8.34069e-10
417 8.34069e-10
418 8.34069e-10
419 8.34069e-10
420 8.34069e-10
421 8.34069e-10
422 8.34069e-10
423 8.34069e-10
424 8.34069e-10
425 8.34069e-10
426 8.34069e-10
427 8.34069e-10
428 8.34069e-10
429 8.34069e-10
430 8.34069e-10
431 8.34069e-10
432 8.34069e-10
433 8.34069e-10
434 8.34069e-10
435 8.34069e-10
436 8.34069e-10
437 8.34069e-10
438 8.34069e-10
439 8.34069e-10
440 8.34069e-10
441 8.34069e-10
442 8.34069e-10
443 8.34069e-10
444 8.34069e-10
445 8.34069e-10
446 8.34069e-10
447 8.34069e-10
448 8.34069e-10
449 8.34069e-10
450 8.34069e-10
451 8.34069e-10
452 8.34069e-10
453 8.34069e-10
454 8.34069e-10
455 8.34069e-10
456 8.34069e-10
457 8.34069e-10
458 8.34069e-10
459 8.34069e-10
460 8.34069e-10
461 8.34069e-10
462 8.34069e-10
463 8.34069e-10
464 8.34069e-10
465 8.34069e-10
466 8.34069e-10
467 8.34069e-10
468 8.34069e-10
469 8.34069e-10
470 8.34069e-10
471 8.34069e-10
472 8.34069e-10
473 8.34069e-10
474 8.34069e-10
475 8.34069e-10
476 8.34069e-10
477 8.34069e-10
478 8.34069e-10
479 8.34069e-10
480 8.34069e-10
481 8.34069e-10
482 8.34069e-10
483 8.34069e-10
484 8.34069e-10
485 8.34069e-10
486 8.34069e-10
487 8.34069e-10
488 8.34069e-10
489 8.34069e-10
490 8.34069e-10
491 8.34069e-10
492 8.34069e-10
493 8.34069e-10
494 8.34069e-10
495 8.34069e-10
496 8.34069e-10
497 8.34069e-10
498 8.34069e-10
499 8.34069e-10
500 8.34069e-10
501 8.34069e-10
502 8.34069e-10
503 8.34069e-10
504 8.34069e-10
505 8.34069e-10
506 8.34069e-10
507 8.34069e-10
508 8.34069e-10
509 8.34069e-10
510 8.34069e-10
511 8.34069e-10
512 8.34069e-10
513 8.34069e-10
514 8.34069e-10
515 8.34069e-10
516 8.34069e-10
517 8.34069e-10
518 8.34069e-10
519 8.34069e-10
520 8.34069e-10
521 8.34069e-10
522 8.34069e-10
523 8.34069e-10
524 8.34069e-10
525 8.34069e-10
526 8.34069e-10
527 8.34069e-10
528 8.34069e-10
529 8.34069e-10
530 8.34069e-10
531 8.34069e-10
532 8.34069e-10
533 8.34069e-10
534 8.34069e-10
535 8.34069e-10
536 8.34069e-10
537 8.34069e-10
538 8.34069e-10
539 8.34069e-10
540 8.34069e-10
541 8.34069e-10
542 8.34069e-10
