1 1.16311e-09
2 1.16311e-09
3 1.16311e-09
4 1.16311e-09
5 1.16311e-09
6 1.16311e-09
7 1.16311e-09
8 1.16311e-09
9 1.16311e-09
10 1.16311e-09
11 1.16311e-09
12 1.16311e-09
13 1.16311e-09
14 1.16311e-09
15 1.16311e-09
16 1.16311e-09
17 1.16311e-09
18 1.16311e-09
19 1.16311e-09
20 1.16311e-09
21 1.16311e-09
22 1.16311e-09
23 1.16311e-09
24 1.16311e-09
25 1.16311e-09
26 1.16311e-09
27 1.16311e-09
28 1.16311e-09
29 1.16311e-09
30 1.16311e-09
31 1.16311e-09
32 1.16311e-09
33 1.16311e-09
34 1.16311e-09
35 1.16311e-09
36 1.16311e-09
37 1.16311e-09
38 1.16311e-09
39 1.16311e-09
40 1.16311e-09
41 1.16311e-09
42 1.16311e-09
43 1.16311e-09
44 1.16311e-09
45 1.16311e-09
46 1.16311e-09
47 1.16311e-09
48 1.16311e-09
49 1.16311e-09
50 1.16311e-09
51 1.16311e-09
52 1.16311e-09
53 1.16311e-09
54 1.16311e-09
55 1.16311e-09
56 1.16311e-09
57 1.16311e-09
58 1.16311e-09
59 1.16311e-09
60 1.16311e-09
61 1.16311e-09
62 1.16311e-09
63 1.16311e-09
64 1.16311e-09
65 1.16311e-09
66 1.16311e-09
67 1.16311e-09
68 1.16311e-09
69 1.16311e-09
70 1.16311e-09
71 1.16311e-09
72 1.16311e-09
73 1.16311e-09
74 1.16311e-09
75 1.16311e-09
76 1.16311e-09
77 1.16311e-09
78 1.16311e-09
79 1.16311e-09
80 1.16311e-09
81 1.16311e-09
82 1.16311e-09
83 1.16311e-09
84 1.16311e-09
85 1.16311e-09
86 1.16311e-09
87 1.16311e-09
88 1.16311e-09
89 1.16311e-09
90 1.16311e-09
91 1.16311e-09
92 1.16311e-09
93 1.16311e-09
94 1.16311e-09
95 1.16311e-09
96 1.16311e-09
97 1.16311e-09
98 1.16311e-09
99 1.16311e-09
100 1.16311e-09
101 1.16311e-09
102 1.16311e-09
103 1.16311e-09
104 1.16311e-09
105 1.16311e-09
106 1.16311e-09
107 1.16311e-09
108 1.16311e-09
109 1.16311e-09
110 1.16311e-09
111 1.16311e-09
112 1.16311e-09
113 1.16311e-09
114 1.16311e-09
115 1.16311e-09
116 1.16311e-09
117 1.16311e-09
118 1.16311e-09
119 1.16311e-09
120 1.16311e-09
121 1.16311e-09
122 1.16311e-09
123 1.16311e-09
124 1.16311e-09
125 1.16311e-09
126 1.16311e-09
127 1.16311e-09
128 1.16311e-09
129 1.16311e-09
130 1.16311e-09
131 1.16311e-09
132 1.16311e-09
133 1.16311e-09
134 1.16311e-09
135 1.16311e-09
136 1.16311e-09
137 1.16311e-09
138 1.16311e-09
139 1.16311e-09
140 1.16311e-09
141 1.16311e-09
142 1.16311e-09
143 1.16311e-09
144 1.16311e-09
145 1.16311e-09
146 1.16311e-09
147 1.16311e-09
148 1.16311e-09
149 1.16311e-09
150 1.16311e-09
151 1.16311e-09
152 1.16311e-09
153 1.16311e-09
154 1.16311e-09
155 1.16311e-09
156 1.16311e-09
157 1.16311e-09
158 1.16311e-09
159 1.16311e-09
160 1.16311e-09
161 1.16311e-09
162 1.16311e-09
163 1.16311e-09
164 1.16311e-09
165 1.16311e-09
166 1.16311e-09
167 1.16311e-09
168 1.16311e-09
169 1.16311e-09
170 1.16311e-09
171 1.16311e-09
172 1.16311e-09
173 1.16311e-09
174 1.16311e-09
175 1.16311e-09
176 1.16311e-09
177 1.16311e-09
178 1.16311e-09
179 1.16311e-09
180 1.16311e-09
181 1.16311e-09
182 1.16311e-09
183 1.16311e-09
184 1.16311e-09
185 1.16311e-09
186 1.16311e-09
187 1.16311e-09
188 1.16311e-09
189 1.16311e-09
190 1.16311e-09
191 1.16311e-09
192 1.16311e-09
193 1.16311e-09
194 1.16311e-09
195 1.16311e-09
196 1.16311e-09
197 1.16311e-09
198 1.16311e-09
199 1.16311e-09
200 1.16311e-09
201 1.16311e-09
202 1.16311e-09
203 1.16311e-09
204 1.16311e-09
205 1.16311e-09
206 1.16311e-09
207 1.16311e-09
208 1.16311e-09
209 1.16311e-09
210 1.16311e-09
211 1.16311e-09
212 1.16311e-09
213 1.16311e-09
214 1.16311e-09
215 1.16311e-09
216 1.16311e-09
217 1.16311e-09
218 1.16311e-09
219 1.16311e-09
220 1.16311e-09
221 1.16311e-09
222 1.16311e-09
223 1.16311e-09
224 1.16311e-09
225 1.16311e-09
226 1.16311e-09
227 1.16311e-09
228 1.16311e-09
229 1.16311e-09
230 1.16311e-09
231 1.16311e-09
232 1.16311e-09
233 1.16311e-09
234 1.16311e-09
235 1.16311e-09
236 1.16311e-09
237 1.16311e-09
238 1.16311e-09
239 1.16311e-09
240 1.16311e-09
241 3.95237e-09
242 1.77088e-08
243 7.50115e-08
244 2.91055e-07
245 1.09431e-06
246 4.03963e-06
247 1.47735e-05
248 5.40097e-05
249 0.000199381
250 0.00075057
251 0.00290077
252 0.00447684
253 0.00565599
254 0.0105331
255 0.0142229
256 0.0293749
257 0.0405948
258 0.0487558
259 0.0805635
260 0.102726
261 0.185197
262 0.484485
263 0.677892
264 0.799451
265 0.87364
266 0.917525
267 0.942628
268 0.956457
269 0.963707
270 0.967143
271 0.968187
272 0.972649
273 0.974063
274 0.978847
275 0.990118
276 0.994301
277 0.995401
278 0.994827
279 0.992615
280 0.987742
281 0.977874
282 0.958612
283 0.922216
284 0.855719
285 0.738374
286 0.701819
287 0.641656
288 0.545883
289 0.39809
290 0.176231
291 0.116699
292 0.0306809
293 0.0081127
294 0.00217422
295 0.000592812
296 0.000164199
297 4.59238e-05
298 1.28588e-05
299 3.57292e-06
300 9.7707e-07
301 2.60544e-07
302 6.67538e-08
303 1.57801e-08
304 3.71732e-09
305 1.16311e-09
306 1.16311e-09
307 1.16311e-09
308 1.16311e-09
309 1.16311e-09
310 1.16311e-09
311 1.16311e-09
312 1.16311e-09
313 1.16311e-09
314 1.16311e-09
315 1.16311e-09
316 1.16311e-09
317 1.16311e-09
318 1.16311e-09
319 1.16311e-09
320 1.16311e-09
321 1.16311e-09
322 1.16311e-09
323 1.16311e-09
324 1.16311e-09
325 1.16311e-09
326 1.16311e-09
327 1.16311e-09
328 1.16311e-09
329 1.16311e-09
330 1.16311e-09
331 1.16311e-09
332 1.16311e-09
333 1.16311e-09
334 1.16311e-09
335 1.16311e-09
336 1.16311e-09
337 1.16311e-09
338 1.16311e-09
339 1.16311e-09
340 1.16311e-09
341 1.16311e-09
342 1.16311e-09
343 1.16311e-09
344 1.16311e-09
345 1.16311e-09
346 1.16311e-09
347 1.16311e-09
348 1.16311e-09
349 1.16311e-09
350 1.16311e-09
351 1.16311e-09
352 1.16311e-09
353 1.16311e-09
354 1.16311e-09
355 1.16311e-09
356 1.16311e-09
357 1.16311e-09
358 1.16311e-09
359 1.16311e-09
360 1.16311e-09
361 1.16311e-09
362 1.16311e-09
363 1.16311e-09
364 1.16311e-09
365 1.16311e-09
366 1.16311e-09
367 1.16311e-09
368 1.16311e-09
369 1.16311e-09
370 1.16311e-09
371 1.16311e-09
372 1.16311e-09
373 1.16311e-09
374 1.16311e-09
375 1.16311e-09
376 1.16311e-09
377 1.16311e-09
378 1.16311e-09
379 1.16311e-09
380 1.16311e-09
381 1.16311e-09
382 1.16311e-09
383 1.16311e-09
384 1.16311e-09
385 1.16311e-09
386 1.16311e-09
387 1.16311e-09
388 1.16311e-09
389 1.16311e-09
390 1.16311e-09
391 1.16311e-09
392 1.16311e-09
393 1.16311e-09
394 1.16311e-09
395 1.16311e-09
396 1.16311e-09
397 1.16311e-09
398 1.16311e-09
399 1.16311e-09
400 1.16311e-09
401 1.16311e-09
402 1.16311e-09
403 1.16311e-09
404 1.16311e-09
405 1.16311e-09
406 1.16311e-09
407 1.16311e-09
408 1.16311e-09
409 1.16311e-09
410 1.16311e-09
411 1.16311e-09
412 1.16311e-09
413 1.16311e-09
414 1.16311e-09
415 1.16311e-09
416 1.16311e-09
417 1.16311e-09
418 1.16311e-09
419 1.16311e-09
420 1.16311e-09
421 1.16311e-09
422 1.16311e-09
423 1.16311e-09
424 1.16311e-09
425 1.16311e-09
426 1.16311e-09
427 1.16311e-09
428 1.16311e-09
429 1.16311e-09
430 1.16311e-09
431 1.16311e-09
432 1.16311e-09
433 1.16311e-09
434 1.16311e-09
435 1.16311e-09
436 1.16311e-09
437 1.16311e-09
438 1.16311e-09
439 1.16311e-09
440 1.16311e-09
441 1.16311e-09
442 1.16311e-09
443 1.16311e-09
444 1.16311e-09
445 1.16311e-09
446 1.16311e-09
447 1.16311e-09
448 1.16311e-09
449 1.16311e-09
450 1.16311e-09
451 1.16311e-09
452 1.16311e-09
453 1.16311e-09
454 1.16311e-09
455 1.16311e-09
456 1.16311e-09
457 1.16311e-09
458 1.16311e-09
459 1.16311e-09
460 1.16311e-09
461 1.16311e-09
462 1.16311e-09
463 1.16311e-09
464 1.16311e-09
465 1.16311e-09
466 1.16311e-09
467 1.16311e-09
468 1.16311e-09
469 1.16311e-09
470 1.16311e-09
471 1.16311e-09
472 1.16311e-09
473 1.16311e-09
474 1.16311e-09
475 1.16311e-09
476 1.16311e-09
477 1.16311e-09
478 1.16311e-09
479 1.16311e-09
480 1.16311e-09
481 1.16311e-09
482 1.16311e-09
483 1.16311e-09
484 1.16311e-09
485 1.16311e-09
486 1.16311e-09
487 1.16311e-09
488 1.16311e-09
489 1.16311e-09
490 1.16311e-09
491 1.16311e-09
492 1.16311e-09
493 1.16311e-09
494 1.16311e-09
495 1.16311e-09
496 1.16311e-09
497 1.16311e-09
498 1.16311e-09
499 1.16311e-09
500 1.16311e-09
501 1.16311e-09
502 1.16311e-09
503 1.16311e-09
504 1.16311e-09
505 1.16311e-09
506 1.16311e-09
507 1.16311e-09
508 1.16311e-09
509 1.16311e-09
510 1.16311e-09
511 1.16311e-09
512 1.16311e-09
513 1.16311e-09
514 1.16311e-09
515 1.16311e-09
516 1.16311e-09
517 1.16311e-09
518 1.16311e-09
519 1.16311e-09
520 1.16311e-09
521 1.16311e-09
522 1.16311e-09
523 1.16311e-09
524 1.16311e-09
525 1.16311e-09
526 1.16311e-09
527 1.16311e-09
528 1.16311e-09
529 1.16311e-09
530 1.16311e-09
531 1.16311e-09
532 1.16311e-09
533 1.16311e-09
534 1.16311e-09
535 1.16311e-09
536 1.16311e-09
537 1.16311e-09
538 1.16311e-09
539 1.16311e-09
540 1.16311e-09
541 1.16311e-09
542 1.16311e-09
