1 7.50979e-09
2 7.50979e-09
3 7.50979e-09
4 7.50979e-09
5 7.50979e-09
6 7.50979e-09
7 7.50979e-09
8 7.50979e-09
9 7.50979e-09
10 7.50979e-09
11 7.50979e-09
12 7.50979e-09
13 7.50979e-09
14 7.50979e-09
15 7.50979e-09
16 7.50979e-09
17 7.50979e-09
18 7.50979e-09
19 7.50979e-09
20 7.50979e-09
21 7.50979e-09
22 7.50979e-09
23 7.50979e-09
24 7.50979e-09
25 7.50979e-09
26 7.50979e-09
27 7.50979e-09
28 7.50979e-09
29 7.50979e-09
30 7.50979e-09
31 7.50979e-09
32 7.50979e-09
33 7.50979e-09
34 7.50979e-09
35 7.50979e-09
36 7.50979e-09
37 7.50979e-09
38 7.50979e-09
39 7.50979e-09
40 7.50979e-09
41 7.50979e-09
42 7.50979e-09
43 7.50979e-09
44 7.50979e-09
45 7.50979e-09
46 7.50979e-09
47 7.50979e-09
48 7.50979e-09
49 7.50979e-09
50 7.50979e-09
51 7.50979e-09
52 7.50979e-09
53 7.50979e-09
54 7.50979e-09
55 7.50979e-09
56 7.50979e-09
57 7.50979e-09
58 7.50979e-09
59 7.50979e-09
60 7.50979e-09
61 7.50979e-09
62 7.50979e-09
63 7.50979e-09
64 7.50979e-09
65 7.50979e-09
66 7.50979e-09
67 7.50979e-09
68 7.50979e-09
69 7.50979e-09
70 7.50979e-09
71 7.50979e-09
72 7.50979e-09
73 7.50979e-09
74 7.50979e-09
75 7.50979e-09
76 7.50979e-09
77 7.50979e-09
78 7.50979e-09
79 7.50979e-09
80 7.50979e-09
81 7.50979e-09
82 7.50979e-09
83 7.50979e-09
84 7.50979e-09
85 7.50979e-09
86 7.50979e-09
87 7.50979e-09
88 7.50979e-09
89 7.50979e-09
90 7.50979e-09
91 7.50979e-09
92 7.50979e-09
93 7.50979e-09
94 7.50979e-09
95 7.50979e-09
96 7.50979e-09
97 7.50979e-09
98 7.50979e-09
99 7.50979e-09
100 7.50979e-09
101 7.50979e-09
102 7.50979e-09
103 7.50979e-09
104 7.50979e-09
105 7.50979e-09
106 7.50979e-09
107 7.50979e-09
108 7.50979e-09
109 7.50979e-09
110 7.50979e-09
111 7.50979e-09
112 7.50979e-09
113 7.50979e-09
114 7.50979e-09
115 7.50979e-09
116 7.50979e-09
117 7.50979e-09
118 7.50979e-09
119 7.50979e-09
120 7.50979e-09
121 7.50979e-09
122 7.50979e-09
123 7.50979e-09
124 7.50979e-09
125 7.50979e-09
126 7.50979e-09
127 7.50979e-09
128 7.50979e-09
129 7.50979e-09
130 7.50979e-09
131 7.50979e-09
132 7.50979e-09
133 7.50979e-09
134 7.50979e-09
135 7.50979e-09
136 7.50979e-09
137 7.50979e-09
138 7.50979e-09
139 7.50979e-09
140 7.50979e-09
141 7.50979e-09
142 7.50979e-09
143 7.50979e-09
144 7.50979e-09
145 7.50979e-09
146 7.50979e-09
147 7.50979e-09
148 7.50979e-09
149 7.50979e-09
150 7.50979e-09
151 7.50979e-09
152 7.50979e-09
153 7.50979e-09
154 7.50979e-09
155 7.50979e-09
156 7.50979e-09
157 7.50979e-09
158 7.50979e-09
159 7.50979e-09
160 7.50979e-09
161 7.50979e-09
162 7.50979e-09
163 7.50979e-09
164 7.50979e-09
165 7.50979e-09
166 7.50979e-09
167 7.50979e-09
168 7.50979e-09
169 7.50979e-09
170 7.50979e-09
171 7.50979e-09
172 7.50979e-09
173 7.50979e-09
174 7.50979e-09
175 7.50979e-09
176 7.50979e-09
177 7.50979e-09
178 7.50979e-09
179 7.50979e-09
180 7.50979e-09
181 7.50979e-09
182 7.50979e-09
183 7.50979e-09
184 7.50979e-09
185 7.50979e-09
186 7.50979e-09
187 7.50979e-09
188 7.50979e-09
189 7.50979e-09
190 7.50979e-09
191 7.50979e-09
192 7.50979e-09
193 7.50979e-09
194 7.50979e-09
195 7.50979e-09
196 7.50979e-09
197 7.50979e-09
198 7.50979e-09
199 7.50979e-09
200 7.50979e-09
201 7.50979e-09
202 7.50979e-09
203 7.50979e-09
204 7.50979e-09
205 7.50979e-09
206 7.50979e-09
207 7.50979e-09
208 7.50979e-09
209 7.50979e-09
210 7.50979e-09
211 7.50979e-09
212 7.50979e-09
213 7.50979e-09
214 7.50979e-09
215 7.50979e-09
216 7.50979e-09
217 7.50979e-09
218 7.50979e-09
219 7.50979e-09
220 7.50979e-09
221 7.50979e-09
222 7.50979e-09
223 7.50979e-09
224 7.50979e-09
225 7.50979e-09
226 7.50979e-09
227 7.50979e-09
228 7.50979e-09
229 7.50979e-09
230 7.50979e-09
231 8.49586e-09
232 1.61531e-08
233 4.41949e-08
234 1.3684e-07
235 4.30875e-07
236 1.33495e-06
237 4.03398e-06
238 1.18573e-05
239 3.38597e-05
240 9.38342e-05
241 0.000252121
242 0.000656187
243 0.00165283
244 0.00402568
245 0.00947347
246 0.0215231
247 0.0471754
248 0.0996918
249 0.202993
250 0.398073
251 0.751486
252 0.863706
253 0.897847
254 0.952253
255 0.96743
256 0.989595
257 0.995263
258 0.996651
259 0.998434
260 0.998836
261 0.999314
262 0.999862
263 0.999973
264 0.999995
265 0.999999
266 1
267 1
268 1
269 1
270 1
271 1
272 1
273 1
274 1
275 1
276 1
277 1
278 1
279 1
280 0.999999
281 0.999996
282 0.99998
283 0.999909
284 0.999594
285 0.998267
286 0.997286
287 0.993495
288 0.979461
289 0.929748
290 0.761125
291 0.660917
292 0.34847
293 0.177404
294 0.0873231
295 0.0416246
296 0.0192499
297 0.00865527
298 0.00379256
299 0.0016237
300 0.00068105
301 0.000280625
302 0.000113875
303 4.55997e-05
304 1.80429e-05
305 7.05772e-06
306 2.72805e-06
307 1.04083e-06
308 3.91701e-07
309 1.45467e-07
310 5.39227e-08
311 2.08957e-08
312 1.04226e-08
313 7.97806e-09
314 7.50979e-09
315 7.50979e-09
316 7.50979e-09
317 7.50979e-09
318 7.50979e-09
319 7.50979e-09
320 7.50979e-09
321 7.50979e-09
322 7.50979e-09
323 7.50979e-09
324 7.50979e-09
325 7.50979e-09
326 7.50979e-09
327 7.50979e-09
328 7.50979e-09
329 7.50979e-09
330 7.50979e-09
331 7.50979e-09
332 7.50979e-09
333 7.50979e-09
334 7.50979e-09
335 7.50979e-09
336 7.50979e-09
337 7.50979e-09
338 7.50979e-09
339 7.50979e-09
340 7.50979e-09
341 7.50979e-09
342 7.50979e-09
343 7.50979e-09
344 7.50979e-09
345 7.50979e-09
346 7.50979e-09
347 7.50979e-09
348 7.50979e-09
349 7.50979e-09
350 7.50979e-09
351 7.50979e-09
352 7.50979e-09
353 7.50979e-09
354 7.50979e-09
355 7.50979e-09
356 7.50979e-09
357 7.50979e-09
358 7.50979e-09
359 7.50979e-09
360 7.50979e-09
361 7.50979e-09
362 7.50979e-09
363 7.50979e-09
364 7.50979e-09
365 7.50979e-09
366 7.50979e-09
367 7.50979e-09
368 7.50979e-09
369 7.50979e-09
370 7.50979e-09
371 7.50979e-09
372 7.50979e-09
373 7.50979e-09
374 7.50979e-09
375 7.50979e-09
376 7.50979e-09
377 7.50979e-09
378 7.50979e-09
379 7.50979e-09
380 7.50979e-09
381 7.50979e-09
382 7.50979e-09
383 7.50979e-09
384 7.50979e-09
385 7.50979e-09
386 7.50979e-09
387 7.50979e-09
388 7.50979e-09
389 7.50979e-09
390 7.50979e-09
391 7.50979e-09
392 7.50979e-09
393 7.50979e-09
394 7.50979e-09
395 7.50979e-09
396 7.50979e-09
397 7.50979e-09
398 7.50979e-09
399 7.50979e-09
400 7.50979e-09
401 7.50979e-09
402 7.50979e-09
403 7.50979e-09
404 7.50979e-09
405 7.50979e-09
406 7.50979e-09
407 7.50979e-09
408 7.50979e-09
409 7.50979e-09
410 7.50979e-09
411 7.50979e-09
412 7.50979e-09
413 7.50979e-09
414 7.50979e-09
415 7.50979e-09
416 7.50979e-09
417 7.50979e-09
418 7.50979e-09
419 7.50979e-09
420 7.50979e-09
421 7.50979e-09
422 7.50979e-09
423 7.50979e-09
424 7.50979e-09
425 7.50979e-09
426 7.50979e-09
427 7.50979e-09
428 7.50979e-09
429 7.50979e-09
430 7.50979e-09
431 7.50979e-09
432 7.50979e-09
433 7.50979e-09
434 7.50979e-09
435 7.50979e-09
436 7.50979e-09
437 7.50979e-09
438 7.50979e-09
439 7.50979e-09
440 7.50979e-09
441 7.50979e-09
442 7.50979e-09
443 7.50979e-09
444 7.50979e-09
445 7.50979e-09
446 7.50979e-09
447 7.50979e-09
448 7.50979e-09
449 7.50979e-09
450 7.50979e-09
451 7.50979e-09
452 7.50979e-09
453 7.50979e-09
454 7.50979e-09
455 7.50979e-09
456 7.50979e-09
457 7.50979e-09
458 7.50979e-09
459 7.50979e-09
460 7.50979e-09
461 7.50979e-09
462 7.50979e-09
463 7.50979e-09
464 7.50979e-09
465 7.50979e-09
466 7.50979e-09
467 7.50979e-09
468 7.50979e-09
469 7.50979e-09
470 7.50979e-09
471 7.50979e-09
472 7.50979e-09
473 7.50979e-09
474 7.50979e-09
475 7.50979e-09
476 7.50979e-09
477 7.50979e-09
478 7.50979e-09
479 7.50979e-09
480 7.50979e-09
481 7.50979e-09
482 7.50979e-09
483 7.50979e-09
484 7.50979e-09
485 7.50979e-09
486 7.50979e-09
487 7.50979e-09
488 7.50979e-09
489 7.50979e-09
490 7.50979e-09
491 7.50979e-09
492 7.50979e-09
493 7.50979e-09
494 7.50979e-09
495 7.50979e-09
496 7.50979e-09
497 7.50979e-09
498 7.50979e-09
499 7.50979e-09
500 7.50979e-09
501 7.50979e-09
502 7.50979e-09
503 7.50979e-09
504 7.50979e-09
505 7.50979e-09
506 7.50979e-09
507 7.50979e-09
508 7.50979e-09
509 7.50979e-09
510 7.50979e-09
511 7.50979e-09
512 7.50979e-09
513 7.50979e-09
514 7.50979e-09
515 7.50979e-09
516 7.50979e-09
517 7.50979e-09
518 7.50979e-09
519 7.50979e-09
520 7.50979e-09
521 7.50979e-09
522 7.50979e-09
523 7.50979e-09
524 7.50979e-09
525 7.50979e-09
526 7.50979e-09
527 7.50979e-09
528 7.50979e-09
529 7.50979e-09
530 7.50979e-09
531 7.50979e-09
532 7.50979e-09
533 7.50979e-09
534 7.50979e-09
535 7.50979e-09
536 7.50979e-09
537 7.50979e-09
538 7.50979e-09
539 7.50979e-09
540 7.50979e-09
541 7.50979e-09
542 7.50979e-09
