1 1.1236e-08
2 1.1236e-08
3 1.1236e-08
4 1.1236e-08
5 1.1236e-08
6 1.1236e-08
7 1.1236e-08
8 1.1236e-08
9 1.1236e-08
10 1.1236e-08
11 1.1236e-08
12 1.1236e-08
13 1.1236e-08
14 1.1236e-08
15 1.1236e-08
16 1.1236e-08
17 1.1236e-08
18 1.1236e-08
19 1.1236e-08
20 1.1236e-08
21 1.1236e-08
22 1.1236e-08
23 1.1236e-08
24 1.1236e-08
25 1.1236e-08
26 1.1236e-08
27 1.1236e-08
28 1.1236e-08
29 1.1236e-08
30 1.1236e-08
31 1.1236e-08
32 1.1236e-08
33 1.1236e-08
34 1.1236e-08
35 1.1236e-08
36 1.1236e-08
37 1.1236e-08
38 1.1236e-08
39 1.1236e-08
40 1.1236e-08
41 1.1236e-08
42 1.1236e-08
43 1.1236e-08
44 1.1236e-08
45 1.1236e-08
46 1.1236e-08
47 1.1236e-08
48 1.1236e-08
49 1.1236e-08
50 1.1236e-08
51 1.1236e-08
52 1.1236e-08
53 1.1236e-08
54 1.1236e-08
55 1.1236e-08
56 1.1236e-08
57 1.1236e-08
58 1.1236e-08
59 1.1236e-08
60 1.1236e-08
61 1.1236e-08
62 1.1236e-08
63 1.1236e-08
64 1.1236e-08
65 1.1236e-08
66 1.1236e-08
67 1.1236e-08
68 1.1236e-08
69 1.1236e-08
70 1.1236e-08
71 1.1236e-08
72 1.1236e-08
73 1.1236e-08
74 1.1236e-08
75 1.1236e-08
76 1.1236e-08
77 1.1236e-08
78 1.1236e-08
79 1.1236e-08
80 1.1236e-08
81 1.1236e-08
82 1.1236e-08
83 1.1236e-08
84 1.1236e-08
85 1.1236e-08
86 1.1236e-08
87 1.1236e-08
88 1.1236e-08
89 1.1236e-08
90 1.1236e-08
91 1.1236e-08
92 1.1236e-08
93 1.1236e-08
94 1.1236e-08
95 1.1236e-08
96 1.1236e-08
97 1.1236e-08
98 1.1236e-08
99 1.1236e-08
100 1.1236e-08
101 1.1236e-08
102 1.1236e-08
103 1.1236e-08
104 1.1236e-08
105 1.1236e-08
106 1.1236e-08
107 1.1236e-08
108 1.1236e-08
109 1.1236e-08
110 1.1236e-08
111 1.1236e-08
112 1.1236e-08
113 1.1236e-08
114 1.1236e-08
115 1.1236e-08
116 1.1236e-08
117 1.1236e-08
118 1.1236e-08
119 1.1236e-08
120 1.1236e-08
121 1.1236e-08
122 1.1236e-08
123 1.1236e-08
124 1.1236e-08
125 1.1236e-08
126 1.1236e-08
127 1.1236e-08
128 1.1236e-08
129 1.1236e-08
130 1.1236e-08
131 1.1236e-08
132 1.1236e-08
133 1.1236e-08
134 1.1236e-08
135 1.1236e-08
136 1.1236e-08
137 1.1236e-08
138 1.1236e-08
139 1.1236e-08
140 1.1236e-08
141 1.1236e-08
142 1.1236e-08
143 1.1236e-08
144 1.1236e-08
145 1.1236e-08
146 1.1236e-08
147 1.1236e-08
148 1.1236e-08
149 1.1236e-08
150 1.1236e-08
151 1.1236e-08
152 1.1236e-08
153 1.1236e-08
154 1.1236e-08
155 1.1236e-08
156 1.1236e-08
157 1.1236e-08
158 1.1236e-08
159 1.1236e-08
160 1.1236e-08
161 1.1236e-08
162 1.1236e-08
163 1.1236e-08
164 1.1236e-08
165 1.1236e-08
166 1.1236e-08
167 1.1236e-08
168 1.1236e-08
169 1.1236e-08
170 1.1236e-08
171 1.1236e-08
172 1.1236e-08
173 1.1236e-08
174 1.1236e-08
175 1.1236e-08
176 1.1236e-08
177 1.1236e-08
178 1.1236e-08
179 1.1236e-08
180 1.1236e-08
181 1.1236e-08
182 1.1236e-08
183 1.1236e-08
184 1.1236e-08
185 1.1236e-08
186 1.1236e-08
187 1.1236e-08
188 1.1236e-08
189 1.1236e-08
190 1.1236e-08
191 1.1236e-08
192 1.1236e-08
193 1.1236e-08
194 1.1236e-08
195 1.1236e-08
196 1.1236e-08
197 1.1236e-08
198 1.1236e-08
199 1.1236e-08
200 1.1236e-08
201 1.1236e-08
202 1.1236e-08
203 1.1236e-08
204 1.1236e-08
205 1.1236e-08
206 1.1236e-08
207 1.1236e-08
208 1.1236e-08
209 1.1236e-08
210 1.1236e-08
211 1.1236e-08
212 1.1236e-08
213 1.1236e-08
214 1.1236e-08
215 1.1236e-08
216 1.1236e-08
217 1.1236e-08
218 1.1236e-08
219 1.1236e-08
220 1.1236e-08
221 1.1236e-08
222 1.1236e-08
223 1.1236e-08
224 1.1236e-08
225 1.1236e-08
226 1.1236e-08
227 1.1236e-08
228 1.1236e-08
229 1.1236e-08
230 1.1236e-08
231 1.1236e-08
232 1.1236e-08
233 1.1236e-08
234 1.1236e-08
235 1.1236e-08
236 1.1236e-08
237 1.1236e-08
238 1.1236e-08
239 1.1236e-08
240 1.15642e-08
241 1.45245e-08
242 2.72406e-08
243 7.18494e-08
244 2.34959e-07
245 8.47359e-07
246 3.17952e-06
247 1.20655e-05
248 4.56195e-05
249 0.000170558
250 0.000629103
251 0.00229442
252 0.00339721
253 0.00413364
254 0.00688025
255 0.00880865
256 0.0164579
257 0.0221557
258 0.0264702
259 0.0444568
260 0.0580893
261 0.113962
262 0.338988
263 0.501327
264 0.615832
265 0.694668
266 0.747557
267 0.782028
268 0.803691
269 0.816499
270 0.822922
271 0.823939
272 0.836841
273 0.841457
274 0.862018
275 0.920423
276 0.947324
277 0.958009
278 0.959755
279 0.955088
280 0.943471
281 0.921969
282 0.885304
283 0.82555
284 0.731649
285 0.588755
286 0.550088
287 0.494057
288 0.41393
289 0.299655
290 0.135305
291 0.0913234
292 0.0255345
293 0.00719245
294 0.00202062
295 0.000561105
296 0.000152964
297 4.07565e-05
298 1.05905e-05
299 2.68484e-06
300 6.67924e-07
301 1.67116e-07
302 4.62459e-08
303 1.81953e-08
304 1.20689e-08
305 1.1236e-08
306 1.1236e-08
307 1.1236e-08
308 1.1236e-08
309 1.1236e-08
310 1.1236e-08
311 1.1236e-08
312 1.1236e-08
313 1.1236e-08
314 1.1236e-08
315 1.1236e-08
316 1.1236e-08
317 1.1236e-08
318 1.1236e-08
319 1.1236e-08
320 1.1236e-08
321 1.1236e-08
322 1.1236e-08
323 1.1236e-08
324 1.1236e-08
325 1.1236e-08
326 1.1236e-08
327 1.1236e-08
328 1.1236e-08
329 1.1236e-08
330 1.1236e-08
331 1.1236e-08
332 1.1236e-08
333 1.1236e-08
334 1.1236e-08
335 1.1236e-08
336 1.1236e-08
337 1.1236e-08
338 1.1236e-08
339 1.1236e-08
340 1.1236e-08
341 1.1236e-08
342 1.1236e-08
343 1.1236e-08
344 1.1236e-08
345 1.1236e-08
346 1.1236e-08
347 1.1236e-08
348 1.1236e-08
349 1.1236e-08
350 1.1236e-08
351 1.1236e-08
352 1.1236e-08
353 1.1236e-08
354 1.1236e-08
355 1.1236e-08
356 1.1236e-08
357 1.1236e-08
358 1.1236e-08
359 1.1236e-08
360 1.1236e-08
361 1.1236e-08
362 1.1236e-08
363 1.1236e-08
364 1.1236e-08
365 1.1236e-08
366 1.1236e-08
367 1.1236e-08
368 1.1236e-08
369 1.1236e-08
370 1.1236e-08
371 1.1236e-08
372 1.1236e-08
373 1.1236e-08
374 1.1236e-08
375 1.1236e-08
376 1.1236e-08
377 1.1236e-08
378 1.1236e-08
379 1.1236e-08
380 1.1236e-08
381 1.1236e-08
382 1.1236e-08
383 1.1236e-08
384 1.1236e-08
385 1.1236e-08
386 1.1236e-08
387 1.1236e-08
388 1.1236e-08
389 1.1236e-08
390 1.1236e-08
391 1.1236e-08
392 1.1236e-08
393 1.1236e-08
394 1.1236e-08
395 1.1236e-08
396 1.1236e-08
397 1.1236e-08
398 1.1236e-08
399 1.1236e-08
400 1.1236e-08
401 1.1236e-08
402 1.1236e-08
403 1.1236e-08
404 1.1236e-08
405 1.1236e-08
406 1.1236e-08
407 1.1236e-08
408 1.1236e-08
409 1.1236e-08
410 1.1236e-08
411 1.1236e-08
412 1.1236e-08
413 1.1236e-08
414 1.1236e-08
415 1.1236e-08
416 1.1236e-08
417 1.1236e-08
418 1.1236e-08
419 1.1236e-08
420 1.1236e-08
421 1.1236e-08
422 1.1236e-08
423 1.1236e-08
424 1.1236e-08
425 1.1236e-08
426 1.1236e-08
427 1.1236e-08
428 1.1236e-08
429 1.1236e-08
430 1.1236e-08
431 1.1236e-08
432 1.1236e-08
433 1.1236e-08
434 1.1236e-08
435 1.1236e-08
436 1.1236e-08
437 1.1236e-08
438 1.1236e-08
439 1.1236e-08
440 1.1236e-08
441 1.1236e-08
442 1.1236e-08
443 1.1236e-08
444 1.1236e-08
445 1.1236e-08
446 1.1236e-08
447 1.1236e-08
448 1.1236e-08
449 1.1236e-08
450 1.1236e-08
451 1.1236e-08
452 1.1236e-08
453 1.1236e-08
454 1.1236e-08
455 1.1236e-08
456 1.1236e-08
457 1.1236e-08
458 1.1236e-08
459 1.1236e-08
460 1.1236e-08
461 1.1236e-08
462 1.1236e-08
463 1.1236e-08
464 1.1236e-08
465 1.1236e-08
466 1.1236e-08
467 1.1236e-08
468 1.1236e-08
469 1.1236e-08
470 1.1236e-08
471 1.1236e-08
472 1.1236e-08
473 1.1236e-08
474 1.1236e-08
475 1.1236e-08
476 1.1236e-08
477 1.1236e-08
478 1.1236e-08
479 1.1236e-08
480 1.1236e-08
481 1.1236e-08
482 1.1236e-08
483 1.1236e-08
484 1.1236e-08
485 1.1236e-08
486 1.1236e-08
487 1.1236e-08
488 1.1236e-08
489 1.1236e-08
490 1.1236e-08
491 1.1236e-08
492 1.1236e-08
493 1.1236e-08
494 1.1236e-08
495 1.1236e-08
496 1.1236e-08
497 1.1236e-08
498 1.1236e-08
499 1.1236e-08
500 1.1236e-08
501 1.1236e-08
502 1.1236e-08
503 1.1236e-08
504 1.1236e-08
505 1.1236e-08
506 1.1236e-08
507 1.1236e-08
508 1.1236e-08
509 1.1236e-08
510 1.1236e-08
511 1.1236e-08
512 1.1236e-08
513 1.1236e-08
514 1.1236e-08
515 1.1236e-08
516 1.1236e-08
517 1.1236e-08
518 1.1236e-08
519 1.1236e-08
520 1.1236e-08
521 1.1236e-08
522 1.1236e-08
523 1.1236e-08
524 1.1236e-08
525 1.1236e-08
526 1.1236e-08
527 1.1236e-08
528 1.1236e-08
529 1.1236e-08
530 1.1236e-08
531 1.1236e-08
532 1.1236e-08
533 1.1236e-08
534 1.1236e-08
535 1.1236e-08
536 1.1236e-08
537 1.1236e-08
538 1.1236e-08
539 1.1236e-08
540 1.1236e-08
541 1.1236e-08
542 1.1236e-08
