1 2.1361e-08
2 2.1361e-08
3 2.1361e-08
4 2.1361e-08
5 2.1361e-08
6 2.1361e-08
7 2.1361e-08
8 2.1361e-08
9 2.1361e-08
10 2.1361e-08
11 2.1361e-08
12 2.1361e-08
13 2.1361e-08
14 2.1361e-08
15 2.1361e-08
16 2.1361e-08
17 2.1361e-08
18 2.1361e-08
19 2.1361e-08
20 2.1361e-08
21 2.1361e-08
22 2.1361e-08
23 2.1361e-08
24 2.1361e-08
25 2.1361e-08
26 2.1361e-08
27 2.1361e-08
28 2.1361e-08
29 2.1361e-08
30 2.1361e-08
31 2.1361e-08
32 2.1361e-08
33 2.1361e-08
34 2.1361e-08
35 2.1361e-08
36 2.1361e-08
37 2.1361e-08
38 2.1361e-08
39 2.1361e-08
40 2.1361e-08
41 2.1361e-08
42 2.1361e-08
43 2.1361e-08
44 2.1361e-08
45 2.1361e-08
46 2.1361e-08
47 2.1361e-08
48 2.1361e-08
49 2.1361e-08
50 2.1361e-08
51 2.1361e-08
52 2.1361e-08
53 2.1361e-08
54 2.1361e-08
55 2.1361e-08
56 2.1361e-08
57 2.1361e-08
58 2.1361e-08
59 2.1361e-08
60 2.1361e-08
61 2.1361e-08
62 2.1361e-08
63 2.1361e-08
64 2.1361e-08
65 2.1361e-08
66 2.1361e-08
67 2.1361e-08
68 2.1361e-08
69 2.1361e-08
70 2.1361e-08
71 2.1361e-08
72 2.1361e-08
73 2.1361e-08
74 2.1361e-08
75 2.1361e-08
76 2.1361e-08
77 2.1361e-08
78 2.1361e-08
79 2.1361e-08
80 2.1361e-08
81 2.1361e-08
82 2.1361e-08
83 2.1361e-08
84 2.1361e-08
85 2.1361e-08
86 2.1361e-08
87 2.1361e-08
88 2.1361e-08
89 2.1361e-08
90 2.1361e-08
91 2.1361e-08
92 2.1361e-08
93 2.1361e-08
94 2.1361e-08
95 2.1361e-08
96 2.1361e-08
97 2.1361e-08
98 2.1361e-08
99 2.1361e-08
100 2.1361e-08
101 2.1361e-08
102 2.1361e-08
103 2.1361e-08
104 2.1361e-08
105 2.1361e-08
106 2.1361e-08
107 2.1361e-08
108 2.1361e-08
109 2.1361e-08
110 2.1361e-08
111 2.1361e-08
112 2.1361e-08
113 2.1361e-08
114 2.1361e-08
115 2.1361e-08
116 2.1361e-08
117 2.1361e-08
118 2.1361e-08
119 2.1361e-08
120 2.1361e-08
121 2.1361e-08
122 2.1361e-08
123 2.1361e-08
124 2.1361e-08
125 2.1361e-08
126 2.1361e-08
127 2.1361e-08
128 2.1361e-08
129 2.1361e-08
130 2.1361e-08
131 2.1361e-08
132 2.1361e-08
133 2.1361e-08
134 2.1361e-08
135 2.1361e-08
136 2.1361e-08
137 2.1361e-08
138 2.1361e-08
139 2.1361e-08
140 2.1361e-08
141 2.1361e-08
142 2.1361e-08
143 2.1361e-08
144 2.1361e-08
145 2.1361e-08
146 2.1361e-08
147 2.1361e-08
148 2.1361e-08
149 2.1361e-08
150 2.1361e-08
151 2.1361e-08
152 2.1361e-08
153 2.1361e-08
154 2.1361e-08
155 2.1361e-08
156 2.1361e-08
157 2.1361e-08
158 2.1361e-08
159 2.1361e-08
160 2.1361e-08
161 2.1361e-08
162 2.1361e-08
163 2.1361e-08
164 2.1361e-08
165 2.1361e-08
166 2.1361e-08
167 2.1361e-08
168 2.1361e-08
169 2.1361e-08
170 2.1361e-08
171 2.1361e-08
172 2.1361e-08
173 2.1361e-08
174 2.1361e-08
175 2.1361e-08
176 2.1361e-08
177 2.1361e-08
178 2.1361e-08
179 2.1361e-08
180 2.1361e-08
181 2.1361e-08
182 2.1361e-08
183 2.1361e-08
184 2.1361e-08
185 2.1361e-08
186 2.1361e-08
187 2.1361e-08
188 2.1361e-08
189 2.1361e-08
190 2.1361e-08
191 2.1361e-08
192 2.1361e-08
193 2.1361e-08
194 2.1361e-08
195 2.1361e-08
196 2.1361e-08
197 2.1361e-08
198 2.1361e-08
199 2.1361e-08
200 2.1361e-08
201 2.1361e-08
202 2.1361e-08
203 2.1361e-08
204 2.1361e-08
205 2.1361e-08
206 2.1361e-08
207 2.1361e-08
208 2.1361e-08
209 2.1361e-08
210 2.1361e-08
211 2.1361e-08
212 2.1361e-08
213 2.1361e-08
214 2.1361e-08
215 2.1361e-08
216 2.1361e-08
217 2.1361e-08
218 2.1361e-08
219 2.1361e-08
220 2.1361e-08
221 2.1361e-08
222 2.1361e-08
223 2.1361e-08
224 2.1361e-08
225 2.1361e-08
226 2.1361e-08
227 2.16588e-08
228 2.43653e-08
229 3.53768e-08
230 7.11099e-08
231 1.78957e-07
232 4.93437e-07
233 1.38237e-06
234 3.8211e-06
235 1.03069e-05
236 2.70181e-05
237 6.86925e-05
238 0.000169193
239 0.00040335
240 0.000929987
241 0.00207234
242 0.00446025
243 0.00926652
244 0.0185742
245 0.0359042
246 0.0669063
247 0.12016
248 0.207952
249 0.346794
250 0.55739
251 0.86373
252 0.941875
253 0.961006
254 0.98561
255 0.991175
256 0.997808
257 0.999205
258 0.99949
259 0.999799
260 0.999859
261 0.999921
262 0.999985
263 0.999997
264 1
265 1
266 1
267 1
268 1
269 1
270 1
271 1
272 1
273 1
274 1
275 1
276 1
277 1
278 1
279 1
280 1
281 1
282 0.999997
283 0.999987
284 0.99993
285 0.999648
286 0.999397
287 0.99821
288 0.9928
289 0.969071
290 0.869065
291 0.795115
292 0.508291
293 0.313296
294 0.186188
295 0.106712
296 0.0590149
297 0.0315141
298 0.0162651
299 0.00812297
300 0.00393076
301 0.001846
302 0.000842897
303 0.000374966
304 0.000162881
305 6.92577e-05
306 2.89002e-05
307 1.18661e-05
308 4.80729e-06
309 1.92814e-06
310 7.69895e-07
311 3.09917e-07
312 1.29393e-07
313 5.96844e-08
314 3.3131e-08
315 2.38742e-08
316 2.17441e-08
317 2.1361e-08
318 2.1361e-08
319 2.1361e-08
320 2.1361e-08
321 2.1361e-08
322 2.1361e-08
323 2.1361e-08
324 2.1361e-08
325 2.1361e-08
326 2.1361e-08
327 2.1361e-08
328 2.1361e-08
329 2.1361e-08
330 2.1361e-08
331 2.1361e-08
332 2.1361e-08
333 2.1361e-08
334 2.1361e-08
335 2.1361e-08
336 2.1361e-08
337 2.1361e-08
338 2.1361e-08
339 2.1361e-08
340 2.1361e-08
341 2.1361e-08
342 2.1361e-08
343 2.1361e-08
344 2.1361e-08
345 2.1361e-08
346 2.1361e-08
347 2.1361e-08
348 2.1361e-08
349 2.1361e-08
350 2.1361e-08
351 2.1361e-08
352 2.1361e-08
353 2.1361e-08
354 2.1361e-08
355 2.1361e-08
356 2.1361e-08
357 2.1361e-08
358 2.1361e-08
359 2.1361e-08
360 2.1361e-08
361 2.1361e-08
362 2.1361e-08
363 2.1361e-08
364 2.1361e-08
365 2.1361e-08
366 2.1361e-08
367 2.1361e-08
368 2.1361e-08
369 2.1361e-08
370 2.1361e-08
371 2.1361e-08
372 2.1361e-08
373 2.1361e-08
374 2.1361e-08
375 2.1361e-08
376 2.1361e-08
377 2.1361e-08
378 2.1361e-08
379 2.1361e-08
380 2.1361e-08
381 2.1361e-08
382 2.1361e-08
383 2.1361e-08
384 2.1361e-08
385 2.1361e-08
386 2.1361e-08
387 2.1361e-08
388 2.1361e-08
389 2.1361e-08
390 2.1361e-08
391 2.1361e-08
392 2.1361e-08
393 2.1361e-08
394 2.1361e-08
395 2.1361e-08
396 2.1361e-08
397 2.1361e-08
398 2.1361e-08
399 2.1361e-08
400 2.1361e-08
401 2.1361e-08
402 2.1361e-08
403 2.1361e-08
404 2.1361e-08
405 2.1361e-08
406 2.1361e-08
407 2.1361e-08
408 2.1361e-08
409 2.1361e-08
410 2.1361e-08
411 2.1361e-08
412 2.1361e-08
413 2.1361e-08
414 2.1361e-08
415 2.1361e-08
416 2.1361e-08
417 2.1361e-08
418 2.1361e-08
419 2.1361e-08
420 2.1361e-08
421 2.1361e-08
422 2.1361e-08
423 2.1361e-08
424 2.1361e-08
425 2.1361e-08
426 2.1361e-08
427 2.1361e-08
428 2.1361e-08
429 2.1361e-08
430 2.1361e-08
431 2.1361e-08
432 2.1361e-08
433 2.1361e-08
434 2.1361e-08
435 2.1361e-08
436 2.1361e-08
437 2.1361e-08
438 2.1361e-08
439 2.1361e-08
440 2.1361e-08
441 2.1361e-08
442 2.1361e-08
443 2.1361e-08
444 2.1361e-08
445 2.1361e-08
446 2.1361e-08
447 2.1361e-08
448 2.1361e-08
449 2.1361e-08
450 2.1361e-08
451 2.1361e-08
452 2.1361e-08
453 2.1361e-08
454 2.1361e-08
455 2.1361e-08
456 2.1361e-08
457 2.1361e-08
458 2.1361e-08
459 2.1361e-08
460 2.1361e-08
461 2.1361e-08
462 2.1361e-08
463 2.1361e-08
464 2.1361e-08
465 2.1361e-08
466 2.1361e-08
467 2.1361e-08
468 2.1361e-08
469 2.1361e-08
470 2.1361e-08
471 2.1361e-08
472 2.1361e-08
473 2.1361e-08
474 2.1361e-08
475 2.1361e-08
476 2.1361e-08
477 2.1361e-08
478 2.1361e-08
479 2.1361e-08
480 2.1361e-08
481 2.1361e-08
482 2.1361e-08
483 2.1361e-08
484 2.1361e-08
485 2.1361e-08
486 2.1361e-08
487 2.1361e-08
488 2.1361e-08
489 2.1361e-08
490 2.1361e-08
491 2.1361e-08
492 2.1361e-08
493 2.1361e-08
494 2.1361e-08
495 2.1361e-08
496 2.1361e-08
497 2.1361e-08
498 2.1361e-08
499 2.1361e-08
500 2.1361e-08
501 2.1361e-08
502 2.1361e-08
503 2.1361e-08
504 2.1361e-08
505 2.1361e-08
506 2.1361e-08
507 2.1361e-08
508 2.1361e-08
509 2.1361e-08
510 2.1361e-08
511 2.1361e-08
512 2.1361e-08
513 2.1361e-08
514 2.1361e-08
515 2.1361e-08
516 2.1361e-08
517 2.1361e-08
518 2.1361e-08
519 2.1361e-08
520 2.1361e-08
521 2.1361e-08
522 2.1361e-08
523 2.1361e-08
524 2.1361e-08
525 2.1361e-08
526 2.1361e-08
527 2.1361e-08
528 2.1361e-08
529 2.1361e-08
530 2.1361e-08
531 2.1361e-08
532 2.1361e-08
533 2.1361e-08
534 2.1361e-08
535 2.1361e-08
536 2.1361e-08
537 2.1361e-08
538 2.1361e-08
539 2.1361e-08
540 2.1361e-08
541 2.1361e-08
542 2.1361e-08
