1 7.2639e-09
2 7.2639e-09
3 7.2639e-09
4 7.2639e-09
5 7.2639e-09
6 7.2639e-09
7 7.2639e-09
8 7.2639e-09
9 7.2639e-09
10 7.2639e-09
11 7.2639e-09
12 7.2639e-09
13 7.2639e-09
14 7.2639e-09
15 7.2639e-09
16 7.2639e-09
17 7.2639e-09
18 7.2639e-09
19 7.2639e-09
20 7.2639e-09
21 7.2639e-09
22 7.2639e-09
23 7.2639e-09
24 7.2639e-09
25 7.2639e-09
26 7.2639e-09
27 7.2639e-09
28 7.2639e-09
29 7.2639e-09
30 7.2639e-09
31 7.2639e-09
32 7.2639e-09
33 7.2639e-09
34 7.2639e-09
35 7.2639e-09
36 7.2639e-09
37 7.2639e-09
38 7.2639e-09
39 7.2639e-09
40 7.2639e-09
41 7.2639e-09
42 7.2639e-09
43 7.2639e-09
44 7.2639e-09
45 7.2639e-09
46 7.2639e-09
47 7.2639e-09
48 7.2639e-09
49 7.2639e-09
50 7.2639e-09
51 7.2639e-09
52 7.2639e-09
53 7.2639e-09
54 7.2639e-09
55 7.2639e-09
56 7.2639e-09
57 7.2639e-09
58 7.2639e-09
59 7.2639e-09
60 7.2639e-09
61 7.2639e-09
62 7.2639e-09
63 7.2639e-09
64 7.2639e-09
65 7.2639e-09
66 7.2639e-09
67 7.2639e-09
68 7.2639e-09
69 7.2639e-09
70 7.2639e-09
71 7.2639e-09
72 7.2639e-09
73 7.2639e-09
74 7.2639e-09
75 7.2639e-09
76 7.2639e-09
77 7.2639e-09
78 7.2639e-09
79 7.2639e-09
80 7.2639e-09
81 7.2639e-09
82 7.2639e-09
83 7.2639e-09
84 7.2639e-09
85 7.2639e-09
86 7.2639e-09
87 7.2639e-09
88 7.2639e-09
89 7.2639e-09
90 7.2639e-09
91 7.2639e-09
92 7.2639e-09
93 7.2639e-09
94 7.2639e-09
95 7.2639e-09
96 7.2639e-09
97 7.2639e-09
98 7.2639e-09
99 7.2639e-09
100 7.2639e-09
101 7.2639e-09
102 7.2639e-09
103 7.2639e-09
104 7.2639e-09
105 7.2639e-09
106 7.2639e-09
107 7.2639e-09
108 7.2639e-09
109 7.2639e-09
110 7.2639e-09
111 7.2639e-09
112 7.2639e-09
113 7.2639e-09
114 7.2639e-09
115 7.2639e-09
116 7.2639e-09
117 7.2639e-09
118 7.2639e-09
119 7.2639e-09
120 7.2639e-09
121 7.2639e-09
122 7.2639e-09
123 7.2639e-09
124 7.2639e-09
125 7.2639e-09
126 7.2639e-09
127 7.2639e-09
128 7.2639e-09
129 7.2639e-09
130 7.2639e-09
131 7.2639e-09
132 7.2639e-09
133 7.2639e-09
134 7.2639e-09
135 7.2639e-09
136 7.2639e-09
137 7.2639e-09
138 7.2639e-09
139 7.2639e-09
140 7.2639e-09
141 7.2639e-09
142 7.2639e-09
143 7.2639e-09
144 7.2639e-09
145 7.2639e-09
146 7.2639e-09
147 7.2639e-09
148 7.2639e-09
149 7.2639e-09
150 7.2639e-09
151 7.2639e-09
152 7.2639e-09
153 7.2639e-09
154 7.2639e-09
155 7.2639e-09
156 7.2639e-09
157 7.2639e-09
158 7.2639e-09
159 7.2639e-09
160 7.2639e-09
161 7.2639e-09
162 7.2639e-09
163 7.2639e-09
164 7.2639e-09
165 7.2639e-09
166 7.2639e-09
167 7.2639e-09
168 7.2639e-09
169 7.2639e-09
170 7.2639e-09
171 7.2639e-09
172 7.2639e-09
173 7.2639e-09
174 7.2639e-09
175 7.2639e-09
176 7.2639e-09
177 7.2639e-09
178 7.2639e-09
179 7.2639e-09
180 7.2639e-09
181 7.2639e-09
182 7.2639e-09
183 7.2639e-09
184 7.2639e-09
185 7.2639e-09
186 7.2639e-09
187 7.2639e-09
188 7.2639e-09
189 7.2639e-09
190 7.2639e-09
191 7.2639e-09
192 7.2639e-09
193 7.2639e-09
194 7.2639e-09
195 7.2639e-09
196 7.2639e-09
197 7.2639e-09
198 7.2639e-09
199 7.2639e-09
200 7.2639e-09
201 7.2639e-09
202 7.2639e-09
203 7.2639e-09
204 7.2639e-09
205 7.2639e-09
206 7.2639e-09
207 7.2639e-09
208 7.2639e-09
209 7.2639e-09
210 7.2639e-09
211 7.2639e-09
212 7.2639e-09
213 7.2639e-09
214 7.2639e-09
215 7.2639e-09
216 7.2639e-09
217 7.2639e-09
218 7.2639e-09
219 7.2639e-09
220 7.2639e-09
221 7.2639e-09
222 7.2639e-09
223 7.2639e-09
224 7.2639e-09
225 7.2639e-09
226 7.2639e-09
227 7.2639e-09
228 7.2639e-09
229 7.2639e-09
230 7.2639e-09
231 7.2639e-09
232 7.2639e-09
233 7.2639e-09
234 7.2639e-09
235 7.2639e-09
236 7.2639e-09
237 7.2639e-09
238 7.2639e-09
239 7.2639e-09
240 7.2639e-09
241 7.2639e-09
242 7.2639e-09
243 7.2639e-09
244 7.2639e-09
245 7.2639e-09
246 7.2639e-09
247 7.2639e-09
248 7.2639e-09
249 1.20997e-08
250 5.36799e-08
251 2.21655e-07
252 2.59983e-07
253 1.62848e-07
254 2.32175e-07
255 1.78095e-07
256 3.03474e-07
257 2.88226e-07
258 1.32121e-07
259 2.38093e-07
260 2.21719e-07
261 6.55262e-07
262 2.74938e-06
263 4.36608e-06
264 5.51582e-06
265 6.21568e-06
266 6.47637e-06
267 6.30177e-06
268 5.6875e-06
269 4.62219e-06
270 3.09118e-06
271 1.07827e-06
272 7.98779e-07
273 3.43305e-07
274 8.03847e-07
275 3.56923e-06
276 5.85622e-06
277 7.65247e-06
278 8.95427e-06
279 9.75567e-06
280 1.00494e-05
281 9.82606e-06
282 9.07491e-06
283 7.78674e-06
284 5.95756e-06
285 3.59217e-06
286 3.50183e-06
287 3.12869e-06
288 2.50452e-06
289 1.64653e-06
290 5.52634e-07
291 3.6299e-07
292 4.98607e-08
293 7.2639e-09
294 7.2639e-09
295 7.2639e-09
296 7.2639e-09
297 7.2639e-09
298 7.2639e-09
299 7.2639e-09
300 7.2639e-09
301 7.2639e-09
302 7.2639e-09
303 7.2639e-09
304 7.2639e-09
305 7.2639e-09
306 7.2639e-09
307 7.2639e-09
308 7.2639e-09
309 7.2639e-09
310 7.2639e-09
311 7.2639e-09
312 7.2639e-09
313 7.2639e-09
314 7.2639e-09
315 7.2639e-09
316 7.2639e-09
317 7.2639e-09
318 7.2639e-09
319 7.2639e-09
320 7.2639e-09
321 7.2639e-09
322 7.2639e-09
323 7.2639e-09
324 7.2639e-09
325 7.2639e-09
326 7.2639e-09
327 7.2639e-09
328 7.2639e-09
329 7.2639e-09
330 7.2639e-09
331 7.2639e-09
332 7.2639e-09
333 7.2639e-09
334 7.2639e-09
335 7.2639e-09
336 7.2639e-09
337 7.2639e-09
338 7.2639e-09
339 7.2639e-09
340 7.2639e-09
341 7.2639e-09
342 7.2639e-09
343 7.2639e-09
344 7.2639e-09
345 7.2639e-09
346 7.2639e-09
347 7.2639e-09
348 7.2639e-09
349 7.2639e-09
350 7.2639e-09
351 7.2639e-09
352 7.2639e-09
353 7.2639e-09
354 7.2639e-09
355 7.2639e-09
356 7.2639e-09
357 7.2639e-09
358 7.2639e-09
359 7.2639e-09
360 7.2639e-09
361 7.2639e-09
362 7.2639e-09
363 7.2639e-09
364 7.2639e-09
365 7.2639e-09
366 7.2639e-09
367 7.2639e-09
368 7.2639e-09
369 7.2639e-09
370 7.2639e-09
371 7.2639e-09
372 7.2639e-09
373 7.2639e-09
374 7.2639e-09
375 7.2639e-09
376 7.2639e-09
377 7.2639e-09
378 7.2639e-09
379 7.2639e-09
380 7.2639e-09
381 7.2639e-09
382 7.2639e-09
383 7.2639e-09
384 7.2639e-09
385 7.2639e-09
386 7.2639e-09
387 7.2639e-09
388 7.2639e-09
389 7.2639e-09
390 7.2639e-09
391 7.2639e-09
392 7.2639e-09
393 7.2639e-09
394 7.2639e-09
395 7.2639e-09
396 7.2639e-09
397 7.2639e-09
398 7.2639e-09
399 7.2639e-09
400 7.2639e-09
401 7.2639e-09
402 7.2639e-09
403 7.2639e-09
404 7.2639e-09
405 7.2639e-09
406 7.2639e-09
407 7.2639e-09
408 7.2639e-09
409 7.2639e-09
410 7.2639e-09
411 7.2639e-09
412 7.2639e-09
413 7.2639e-09
414 7.2639e-09
415 7.2639e-09
416 7.2639e-09
417 7.2639e-09
418 7.2639e-09
419 7.2639e-09
420 7.2639e-09
421 7.2639e-09
422 7.2639e-09
423 7.2639e-09
424 7.2639e-09
425 7.2639e-09
426 7.2639e-09
427 7.2639e-09
428 7.2639e-09
429 7.2639e-09
430 7.2639e-09
431 7.2639e-09
432 7.2639e-09
433 7.2639e-09
434 7.2639e-09
435 7.2639e-09
436 7.2639e-09
437 7.2639e-09
438 7.2639e-09
439 7.2639e-09
440 7.2639e-09
441 7.2639e-09
442 7.2639e-09
443 7.2639e-09
444 7.2639e-09
445 7.2639e-09
446 7.2639e-09
447 7.2639e-09
448 7.2639e-09
449 7.2639e-09
450 7.2639e-09
451 7.2639e-09
452 7.2639e-09
453 7.2639e-09
454 7.2639e-09
455 7.2639e-09
456 7.2639e-09
457 7.2639e-09
458 7.2639e-09
459 7.2639e-09
460 7.2639e-09
461 7.2639e-09
462 7.2639e-09
463 7.2639e-09
464 7.2639e-09
465 7.2639e-09
466 7.2639e-09
467 7.2639e-09
468 7.2639e-09
469 7.2639e-09
470 7.2639e-09
471 7.2639e-09
472 7.2639e-09
473 7.2639e-09
474 7.2639e-09
475 7.2639e-09
476 7.2639e-09
477 7.2639e-09
478 7.2639e-09
479 7.2639e-09
480 7.2639e-09
481 7.2639e-09
482 7.2639e-09
483 7.2639e-09
484 7.2639e-09
485 7.2639e-09
486 7.2639e-09
487 7.2639e-09
488 7.2639e-09
489 7.2639e-09
490 7.2639e-09
491 7.2639e-09
492 7.2639e-09
493 7.2639e-09
494 7.2639e-09
495 7.2639e-09
496 7.2639e-09
497 7.2639e-09
498 7.2639e-09
499 7.2639e-09
500 7.2639e-09
501 7.2639e-09
502 7.2639e-09
503 7.2639e-09
504 7.2639e-09
505 7.2639e-09
506 7.2639e-09
507 7.2639e-09
508 7.2639e-09
509 7.2639e-09
510 7.2639e-09
511 7.2639e-09
512 7.2639e-09
513 7.2639e-09
514 7.2639e-09
515 7.2639e-09
516 7.2639e-09
517 7.2639e-09
518 7.2639e-09
519 7.2639e-09
520 7.2639e-09
521 7.2639e-09
522 7.2639e-09
523 7.2639e-09
524 7.2639e-09
525 7.2639e-09
526 7.2639e-09
527 7.2639e-09
528 7.2639e-09
529 7.2639e-09
530 7.2639e-09
531 7.2639e-09
532 7.2639e-09
533 7.2639e-09
534 7.2639e-09
535 7.2639e-09
536 7.2639e-09
537 7.2639e-09
538 7.2639e-09
539 7.2639e-09
540 7.2639e-09
541 7.2639e-09
542 7.2639e-09
