1 1.9002e-08
2 1.9002e-08
3 1.9002e-08
4 1.9002e-08
5 1.9002e-08
6 1.9002e-08
7 1.9002e-08
8 1.9002e-08
9 1.9002e-08
10 1.9002e-08
11 1.9002e-08
12 1.9002e-08
13 1.9002e-08
14 1.9002e-08
15 1.9002e-08
16 1.9002e-08
17 1.9002e-08
18 1.9002e-08
19 1.9002e-08
20 1.9002e-08
21 1.9002e-08
22 1.9002e-08
23 1.9002e-08
24 1.9002e-08
25 1.9002e-08
26 1.9002e-08
27 1.9002e-08
28 1.9002e-08
29 1.9002e-08
30 1.9002e-08
31 1.9002e-08
32 1.9002e-08
33 1.9002e-08
34 1.9002e-08
35 1.9002e-08
36 1.9002e-08
37 1.9002e-08
38 1.9002e-08
39 1.9002e-08
40 1.9002e-08
41 1.9002e-08
42 1.9002e-08
43 1.9002e-08
44 1.9002e-08
45 1.9002e-08
46 1.9002e-08
47 1.9002e-08
48 1.9002e-08
49 1.9002e-08
50 1.9002e-08
51 1.9002e-08
52 1.9002e-08
53 1.9002e-08
54 1.9002e-08
55 1.9002e-08
56 1.9002e-08
57 1.9002e-08
58 1.9002e-08
59 1.9002e-08
60 1.9002e-08
61 1.9002e-08
62 1.9002e-08
63 1.9002e-08
64 1.9002e-08
65 1.9002e-08
66 1.9002e-08
67 1.9002e-08
68 1.9002e-08
69 1.9002e-08
70 1.9002e-08
71 1.9002e-08
72 1.9002e-08
73 1.9002e-08
74 1.9002e-08
75 1.9002e-08
76 1.9002e-08
77 1.9002e-08
78 1.9002e-08
79 1.9002e-08
80 1.9002e-08
81 1.9002e-08
82 1.9002e-08
83 1.9002e-08
84 1.9002e-08
85 1.9002e-08
86 1.9002e-08
87 1.9002e-08
88 1.9002e-08
89 1.9002e-08
90 1.9002e-08
91 1.9002e-08
92 1.9002e-08
93 1.9002e-08
94 1.9002e-08
95 1.9002e-08
96 1.9002e-08
97 1.9002e-08
98 1.9002e-08
99 1.9002e-08
100 1.9002e-08
101 1.9002e-08
102 1.9002e-08
103 1.9002e-08
104 1.9002e-08
105 1.9002e-08
106 1.9002e-08
107 1.9002e-08
108 1.9002e-08
109 1.9002e-08
110 1.9002e-08
111 1.9002e-08
112 1.9002e-08
113 1.9002e-08
114 1.9002e-08
115 1.9002e-08
116 1.9002e-08
117 1.9002e-08
118 1.9002e-08
119 1.9002e-08
120 1.9002e-08
121 1.9002e-08
122 1.9002e-08
123 1.9002e-08
124 1.9002e-08
125 1.9002e-08
126 1.9002e-08
127 1.9002e-08
128 1.9002e-08
129 1.9002e-08
130 1.9002e-08
131 1.9002e-08
132 1.9002e-08
133 1.9002e-08
134 1.9002e-08
135 1.9002e-08
136 1.9002e-08
137 1.9002e-08
138 1.9002e-08
139 1.9002e-08
140 1.9002e-08
141 1.9002e-08
142 1.9002e-08
143 1.9002e-08
144 1.9002e-08
145 1.9002e-08
146 1.9002e-08
147 1.9002e-08
148 1.9002e-08
149 1.9002e-08
150 1.9002e-08
151 1.9002e-08
152 1.9002e-08
153 1.9002e-08
154 1.9002e-08
155 1.9002e-08
156 1.9002e-08
157 1.9002e-08
158 1.9002e-08
159 1.9002e-08
160 1.9002e-08
161 1.9002e-08
162 1.9002e-08
163 1.9002e-08
164 1.9002e-08
165 1.9002e-08
166 1.9002e-08
167 1.9002e-08
168 1.9002e-08
169 1.9002e-08
170 1.9002e-08
171 1.9002e-08
172 1.9002e-08
173 1.9002e-08
174 1.9002e-08
175 1.9002e-08
176 1.9002e-08
177 1.9002e-08
178 1.9002e-08
179 1.9002e-08
180 1.9002e-08
181 1.9002e-08
182 1.9002e-08
183 1.9002e-08
184 1.9002e-08
185 1.9002e-08
186 1.9002e-08
187 1.9002e-08
188 1.9002e-08
189 1.9002e-08
190 1.9002e-08
191 1.9002e-08
192 1.9002e-08
193 1.9002e-08
194 1.9002e-08
195 1.9002e-08
196 1.9002e-08
197 1.9002e-08
198 1.9002e-08
199 1.9002e-08
200 1.9002e-08
201 1.9002e-08
202 1.9002e-08
203 1.9002e-08
204 1.9002e-08
205 1.9002e-08
206 1.9002e-08
207 1.9002e-08
208 1.9002e-08
209 1.9002e-08
210 1.9002e-08
211 1.9002e-08
212 1.9002e-08
213 1.9002e-08
214 1.9002e-08
215 1.9002e-08
216 1.9002e-08
217 1.9002e-08
218 1.9002e-08
219 1.9002e-08
220 1.9002e-08
221 1.9002e-08
222 1.9002e-08
223 1.9002e-08
224 1.9002e-08
225 1.9002e-08
226 1.9002e-08
227 1.9002e-08
228 1.9002e-08
229 1.9002e-08
230 1.9002e-08
231 1.9002e-08
232 1.9002e-08
233 1.9002e-08
234 1.9002e-08
235 1.9002e-08
236 1.9002e-08
237 1.9002e-08
238 1.9002e-08
239 1.9002e-08
240 1.9002e-08
241 1.9002e-08
242 1.9002e-08
243 1.9002e-08
244 1.9002e-08
245 1.9002e-08
246 1.9002e-08
247 1.9002e-08
248 2.53376e-08
249 8.36631e-08
250 2.84051e-07
251 9.28519e-07
252 1.17615e-06
253 1.07719e-06
254 1.52332e-06
255 1.57224e-06
256 2.67497e-06
257 3.23717e-06
258 3.24227e-06
259 5.3847e-06
260 6.64213e-06
261 1.3079e-05
262 3.79938e-05
263 5.46117e-05
264 6.52448e-05
265 7.15733e-05
266 7.46208e-05
267 7.47558e-05
268 7.16847e-05
269 6.44568e-05
270 5.14557e-05
271 3.0417e-05
272 2.80449e-05
273 2.2286e-05
274 3.18982e-05
275 8.00026e-05
276 0.000115025
277 0.000139573
278 0.000155841
279 0.000165495
280 0.000169593
281 0.000168508
282 0.000161888
283 0.000148605
284 0.000126787
285 9.38807e-05
286 8.69025e-05
287 7.5863e-05
288 6.04577e-05
289 4.02311e-05
290 1.46312e-05
291 8.95956e-06
292 1.94856e-06
293 4.08007e-07
294 7.42155e-08
295 1.9002e-08
296 1.9002e-08
297 1.9002e-08
298 1.9002e-08
299 1.9002e-08
300 1.9002e-08
301 1.9002e-08
302 1.9002e-08
303 1.9002e-08
304 1.9002e-08
305 1.9002e-08
306 1.9002e-08
307 1.9002e-08
308 1.9002e-08
309 1.9002e-08
310 1.9002e-08
311 1.9002e-08
312 1.9002e-08
313 1.9002e-08
314 1.9002e-08
315 1.9002e-08
316 1.9002e-08
317 1.9002e-08
318 1.9002e-08
319 1.9002e-08
320 1.9002e-08
321 1.9002e-08
322 1.9002e-08
323 1.9002e-08
324 1.9002e-08
325 1.9002e-08
326 1.9002e-08
327 1.9002e-08
328 1.9002e-08
329 1.9002e-08
330 1.9002e-08
331 1.9002e-08
332 1.9002e-08
333 1.9002e-08
334 1.9002e-08
335 1.9002e-08
336 1.9002e-08
337 1.9002e-08
338 1.9002e-08
339 1.9002e-08
340 1.9002e-08
341 1.9002e-08
342 1.9002e-08
343 1.9002e-08
344 1.9002e-08
345 1.9002e-08
346 1.9002e-08
347 1.9002e-08
348 1.9002e-08
349 1.9002e-08
350 1.9002e-08
351 1.9002e-08
352 1.9002e-08
353 1.9002e-08
354 1.9002e-08
355 1.9002e-08
356 1.9002e-08
357 1.9002e-08
358 1.9002e-08
359 1.9002e-08
360 1.9002e-08
361 1.9002e-08
362 1.9002e-08
363 1.9002e-08
364 1.9002e-08
365 1.9002e-08
366 1.9002e-08
367 1.9002e-08
368 1.9002e-08
369 1.9002e-08
370 1.9002e-08
371 1.9002e-08
372 1.9002e-08
373 1.9002e-08
374 1.9002e-08
375 1.9002e-08
376 1.9002e-08
377 1.9002e-08
378 1.9002e-08
379 1.9002e-08
380 1.9002e-08
381 1.9002e-08
382 1.9002e-08
383 1.9002e-08
384 1.9002e-08
385 1.9002e-08
386 1.9002e-08
387 1.9002e-08
388 1.9002e-08
389 1.9002e-08
390 1.9002e-08
391 1.9002e-08
392 1.9002e-08
393 1.9002e-08
394 1.9002e-08
395 1.9002e-08
396 1.9002e-08
397 1.9002e-08
398 1.9002e-08
399 1.9002e-08
400 1.9002e-08
401 1.9002e-08
402 1.9002e-08
403 1.9002e-08
404 1.9002e-08
405 1.9002e-08
406 1.9002e-08
407 1.9002e-08
408 1.9002e-08
409 1.9002e-08
410 1.9002e-08
411 1.9002e-08
412 1.9002e-08
413 1.9002e-08
414 1.9002e-08
415 1.9002e-08
416 1.9002e-08
417 1.9002e-08
418 1.9002e-08
419 1.9002e-08
420 1.9002e-08
421 1.9002e-08
422 1.9002e-08
423 1.9002e-08
424 1.9002e-08
425 1.9002e-08
426 1.9002e-08
427 1.9002e-08
428 1.9002e-08
429 1.9002e-08
430 1.9002e-08
431 1.9002e-08
432 1.9002e-08
433 1.9002e-08
434 1.9002e-08
435 1.9002e-08
436 1.9002e-08
437 1.9002e-08
438 1.9002e-08
439 1.9002e-08
440 1.9002e-08
441 1.9002e-08
442 1.9002e-08
443 1.9002e-08
444 1.9002e-08
445 1.9002e-08
446 1.9002e-08
447 1.9002e-08
448 1.9002e-08
449 1.9002e-08
450 1.9002e-08
451 1.9002e-08
452 1.9002e-08
453 1.9002e-08
454 1.9002e-08
455 1.9002e-08
456 1.9002e-08
457 1.9002e-08
458 1.9002e-08
459 1.9002e-08
460 1.9002e-08
461 1.9002e-08
462 1.9002e-08
463 1.9002e-08
464 1.9002e-08
465 1.9002e-08
466 1.9002e-08
467 1.9002e-08
468 1.9002e-08
469 1.9002e-08
470 1.9002e-08
471 1.9002e-08
472 1.9002e-08
473 1.9002e-08
474 1.9002e-08
475 1.9002e-08
476 1.9002e-08
477 1.9002e-08
478 1.9002e-08
479 1.9002e-08
480 1.9002e-08
481 1.9002e-08
482 1.9002e-08
483 1.9002e-08
484 1.9002e-08
485 1.9002e-08
486 1.9002e-08
487 1.9002e-08
488 1.9002e-08
489 1.9002e-08
490 1.9002e-08
491 1.9002e-08
492 1.9002e-08
493 1.9002e-08
494 1.9002e-08
495 1.9002e-08
496 1.9002e-08
497 1.9002e-08
498 1.9002e-08
499 1.9002e-08
500 1.9002e-08
501 1.9002e-08
502 1.9002e-08
503 1.9002e-08
504 1.9002e-08
505 1.9002e-08
506 1.9002e-08
507 1.9002e-08
508 1.9002e-08
509 1.9002e-08
510 1.9002e-08
511 1.9002e-08
512 1.9002e-08
513 1.9002e-08
514 1.9002e-08
515 1.9002e-08
516 1.9002e-08
517 1.9002e-08
518 1.9002e-08
519 1.9002e-08
520 1.9002e-08
521 1.9002e-08
522 1.9002e-08
523 1.9002e-08
524 1.9002e-08
525 1.9002e-08
526 1.9002e-08
527 1.9002e-08
528 1.9002e-08
529 1.9002e-08
530 1.9002e-08
531 1.9002e-08
532 1.9002e-08
533 1.9002e-08
534 1.9002e-08
535 1.9002e-08
536 1.9002e-08
537 1.9002e-08
538 1.9002e-08
539 1.9002e-08
540 1.9002e-08
541 1.9002e-08
542 1.9002e-08
