1 7.73653e-08
2 7.73653e-08
3 7.73653e-08
4 7.73653e-08
5 7.73653e-08
6 7.73653e-08
7 7.73653e-08
8 7.73653e-08
9 7.73653e-08
10 7.73653e-08
11 7.73653e-08
12 7.73653e-08
13 7.73653e-08
14 7.73653e-08
15 7.73653e-08
16 7.73653e-08
17 7.73653e-08
18 7.73653e-08
19 7.73653e-08
20 7.73653e-08
21 7.73653e-08
22 7.73653e-08
23 7.73653e-08
24 7.73653e-08
25 7.73653e-08
26 7.73653e-08
27 7.73653e-08
28 7.73653e-08
29 7.73653e-08
30 7.73653e-08
31 7.73653e-08
32 7.73653e-08
33 7.73653e-08
34 7.73653e-08
35 7.73653e-08
36 7.73653e-08
37 7.73653e-08
38 7.73653e-08
39 7.73653e-08
40 7.73653e-08
41 7.73653e-08
42 7.73653e-08
43 7.73653e-08
44 7.73653e-08
45 7.73653e-08
46 7.73653e-08
47 7.73653e-08
48 7.73653e-08
49 7.73653e-08
50 7.73653e-08
51 7.73653e-08
52 7.73653e-08
53 7.73653e-08
54 7.73653e-08
55 7.73653e-08
56 7.73653e-08
57 7.73653e-08
58 7.73653e-08
59 7.73653e-08
60 7.73653e-08
61 7.73653e-08
62 7.73653e-08
63 7.73653e-08
64 7.73653e-08
65 7.73653e-08
66 7.73653e-08
67 7.73653e-08
68 7.73653e-08
69 7.73653e-08
70 7.73653e-08
71 7.73653e-08
72 7.73653e-08
73 7.73653e-08
74 7.73653e-08
75 7.73653e-08
76 7.73653e-08
77 7.73653e-08
78 7.73653e-08
79 7.73653e-08
80 7.73653e-08
81 7.73653e-08
82 7.73653e-08
83 7.73653e-08
84 7.73653e-08
85 7.73653e-08
86 7.73653e-08
87 7.73653e-08
88 7.73653e-08
89 7.73653e-08
90 7.73653e-08
91 7.73653e-08
92 7.73653e-08
93 7.73653e-08
94 7.73653e-08
95 7.73653e-08
96 7.73653e-08
97 7.73653e-08
98 7.73653e-08
99 7.73653e-08
100 7.73653e-08
101 7.73653e-08
102 7.73653e-08
103 7.73653e-08
104 7.73653e-08
105 7.73653e-08
106 7.73653e-08
107 7.73653e-08
108 7.73653e-08
109 7.73653e-08
110 7.73653e-08
111 7.73653e-08
112 7.73653e-08
113 7.73653e-08
114 7.73653e-08
115 7.73653e-08
116 7.73653e-08
117 7.73653e-08
118 7.73653e-08
119 7.73653e-08
120 7.73653e-08
121 7.73653e-08
122 7.73653e-08
123 7.73653e-08
124 7.73653e-08
125 7.73653e-08
126 7.73653e-08
127 7.73653e-08
128 7.73653e-08
129 7.73653e-08
130 7.73653e-08
131 7.73653e-08
132 7.73653e-08
133 7.73653e-08
134 7.73653e-08
135 7.73653e-08
136 7.73653e-08
137 7.73653e-08
138 7.73653e-08
139 7.73653e-08
140 7.73653e-08
141 7.73653e-08
142 7.73653e-08
143 7.73653e-08
144 7.73653e-08
145 7.73653e-08
146 7.73653e-08
147 7.73653e-08
148 7.73653e-08
149 7.73653e-08
150 7.73653e-08
151 7.73653e-08
152 7.73653e-08
153 7.73653e-08
154 7.73653e-08
155 7.73653e-08
156 7.73653e-08
157 7.73653e-08
158 7.73653e-08
159 7.73653e-08
160 7.73653e-08
161 7.73653e-08
162 7.73653e-08
163 7.73653e-08
164 7.73653e-08
165 7.73653e-08
166 7.73653e-08
167 7.73653e-08
168 7.73653e-08
169 7.73653e-08
170 7.73653e-08
171 7.73653e-08
172 7.73653e-08
173 7.73653e-08
174 7.73653e-08
175 7.73653e-08
176 7.73653e-08
177 7.73653e-08
178 7.73653e-08
179 7.73653e-08
180 7.73653e-08
181 7.73653e-08
182 7.73653e-08
183 7.73653e-08
184 7.73653e-08
185 7.73653e-08
186 7.73653e-08
187 7.73653e-08
188 7.73653e-08
189 7.73653e-08
190 7.73653e-08
191 7.73653e-08
192 7.73653e-08
193 7.73653e-08
194 7.73653e-08
195 7.73653e-08
196 7.73653e-08
197 7.73653e-08
198 7.73653e-08
199 7.73653e-08
200 7.73653e-08
201 7.73653e-08
202 7.73653e-08
203 7.73653e-08
204 7.73653e-08
205 7.73653e-08
206 7.73653e-08
207 7.73653e-08
208 7.73653e-08
209 7.73653e-08
210 7.73653e-08
211 7.73653e-08
212 7.73653e-08
213 7.73653e-08
214 7.73653e-08
215 7.73653e-08
216 7.73653e-08
217 7.73653e-08
218 7.73653e-08
219 7.73653e-08
220 7.73653e-08
221 7.73653e-08
222 7.73653e-08
223 7.73653e-08
224 7.73653e-08
225 7.73653e-08
226 7.73653e-08
227 7.73653e-08
228 7.73653e-08
229 7.73653e-08
230 7.73653e-08
231 7.73653e-08
232 7.73653e-08
233 7.73653e-08
234 7.73653e-08
235 7.73653e-08
236 7.73653e-08
237 7.73653e-08
238 7.73653e-08
239 7.73653e-08
240 7.73653e-08
241 7.73653e-08
242 7.73653e-08
243 7.73653e-08
244 7.73653e-08
245 9.98699e-08
246 2.12817e-07
247 6.16183e-07
248 1.95024e-06
249 6.58172e-06
250 2.35215e-05
251 8.75644e-05
252 0.000132347
253 0.000163102
254 0.000283006
255 0.000363587
256 0.000664727
257 0.000861569
258 0.000985287
259 0.00145311
260 0.0017616
261 0.00295798
262 0.00768171
263 0.0111979
264 0.0138721
265 0.0159179
266 0.0174652
267 0.0185934
268 0.0193399
269 0.0196869
270 0.0195256
271 0.0185885
272 0.0193201
273 0.0192456
274 0.0216807
275 0.0308085
276 0.0361851
277 0.0391391
278 0.0405374
279 0.0409099
280 0.0405459
281 0.0395632
282 0.0379468
283 0.0355537
284 0.0320769
285 0.0269576
286 0.0255625
287 0.0233927
288 0.0200042
289 0.0147296
290 0.00662684
291 0.00439882
292 0.00113384
293 0.00028397
294 6.91755e-05
295 1.643e-05
296 3.82147e-06
297 8.93713e-07
298 2.32352e-07
299 9.31003e-08
300 7.73653e-08
301 7.73653e-08
302 7.73653e-08
303 7.73653e-08
304 7.73653e-08
305 7.73653e-08
306 7.73653e-08
307 7.73653e-08
308 7.73653e-08
309 7.73653e-08
310 7.73653e-08
311 7.73653e-08
312 7.73653e-08
313 7.73653e-08
314 7.73653e-08
315 7.73653e-08
316 7.73653e-08
317 7.73653e-08
318 7.73653e-08
319 7.73653e-08
320 7.73653e-08
321 7.73653e-08
322 7.73653e-08
323 7.73653e-08
324 7.73653e-08
325 7.73653e-08
326 7.73653e-08
327 7.73653e-08
328 7.73653e-08
329 7.73653e-08
330 7.73653e-08
331 7.73653e-08
332 7.73653e-08
333 7.73653e-08
334 7.73653e-08
335 7.73653e-08
336 7.73653e-08
337 7.73653e-08
338 7.73653e-08
339 7.73653e-08
340 7.73653e-08
341 7.73653e-08
342 7.73653e-08
343 7.73653e-08
344 7.73653e-08
345 7.73653e-08
346 7.73653e-08
347 7.73653e-08
348 7.73653e-08
349 7.73653e-08
350 7.73653e-08
351 7.73653e-08
352 7.73653e-08
353 7.73653e-08
354 7.73653e-08
355 7.73653e-08
356 7.73653e-08
357 7.73653e-08
358 7.73653e-08
359 7.73653e-08
360 7.73653e-08
361 7.73653e-08
362 7.73653e-08
363 7.73653e-08
364 7.73653e-08
365 7.73653e-08
366 7.73653e-08
367 7.73653e-08
368 7.73653e-08
369 7.73653e-08
370 7.73653e-08
371 7.73653e-08
372 7.73653e-08
373 7.73653e-08
374 7.73653e-08
375 7.73653e-08
376 7.73653e-08
377 7.73653e-08
378 7.73653e-08
379 7.73653e-08
380 7.73653e-08
381 7.73653e-08
382 7.73653e-08
383 7.73653e-08
384 7.73653e-08
385 7.73653e-08
386 7.73653e-08
387 7.73653e-08
388 7.73653e-08
389 7.73653e-08
390 7.73653e-08
391 7.73653e-08
392 7.73653e-08
393 7.73653e-08
394 7.73653e-08
395 7.73653e-08
396 7.73653e-08
397 7.73653e-08
398 7.73653e-08
399 7.73653e-08
400 7.73653e-08
401 7.73653e-08
402 7.73653e-08
403 7.73653e-08
404 7.73653e-08
405 7.73653e-08
406 7.73653e-08
407 7.73653e-08
408 7.73653e-08
409 7.73653e-08
410 7.73653e-08
411 7.73653e-08
412 7.73653e-08
413 7.73653e-08
414 7.73653e-08
415 7.73653e-08
416 7.73653e-08
417 7.73653e-08
418 7.73653e-08
419 7.73653e-08
420 7.73653e-08
421 7.73653e-08
422 7.73653e-08
423 7.73653e-08
424 7.73653e-08
425 7.73653e-08
426 7.73653e-08
427 7.73653e-08
428 7.73653e-08
429 7.73653e-08
430 7.73653e-08
431 7.73653e-08
432 7.73653e-08
433 7.73653e-08
434 7.73653e-08
435 7.73653e-08
436 7.73653e-08
437 7.73653e-08
438 7.73653e-08
439 7.73653e-08
440 7.73653e-08
441 7.73653e-08
442 7.73653e-08
443 7.73653e-08
444 7.73653e-08
445 7.73653e-08
446 7.73653e-08
447 7.73653e-08
448 7.73653e-08
449 7.73653e-08
450 7.73653e-08
451 7.73653e-08
452 7.73653e-08
453 7.73653e-08
454 7.73653e-08
455 7.73653e-08
456 7.73653e-08
457 7.73653e-08
458 7.73653e-08
459 7.73653e-08
460 7.73653e-08
461 7.73653e-08
462 7.73653e-08
463 7.73653e-08
464 7.73653e-08
465 7.73653e-08
466 7.73653e-08
467 7.73653e-08
468 7.73653e-08
469 7.73653e-08
470 7.73653e-08
471 7.73653e-08
472 7.73653e-08
473 7.73653e-08
474 7.73653e-08
475 7.73653e-08
476 7.73653e-08
477 7.73653e-08
478 7.73653e-08
479 7.73653e-08
480 7.73653e-08
481 7.73653e-08
482 7.73653e-08
483 7.73653e-08
484 7.73653e-08
485 7.73653e-08
486 7.73653e-08
487 7.73653e-08
488 7.73653e-08
489 7.73653e-08
490 7.73653e-08
491 7.73653e-08
492 7.73653e-08
493 7.73653e-08
494 7.73653e-08
495 7.73653e-08
496 7.73653e-08
497 7.73653e-08
498 7.73653e-08
499 7.73653e-08
500 7.73653e-08
501 7.73653e-08
502 7.73653e-08
503 7.73653e-08
504 7.73653e-08
505 7.73653e-08
506 7.73653e-08
507 7.73653e-08
508 7.73653e-08
509 7.73653e-08
510 7.73653e-08
511 7.73653e-08
512 7.73653e-08
513 7.73653e-08
514 7.73653e-08
515 7.73653e-08
516 7.73653e-08
517 7.73653e-08
518 7.73653e-08
519 7.73653e-08
520 7.73653e-08
521 7.73653e-08
522 7.73653e-08
523 7.73653e-08
524 7.73653e-08
525 7.73653e-08
526 7.73653e-08
527 7.73653e-08
528 7.73653e-08
529 7.73653e-08
530 7.73653e-08
531 7.73653e-08
532 7.73653e-08
533 7.73653e-08
534 7.73653e-08
535 7.73653e-08
536 7.73653e-08
537 7.73653e-08
538 7.73653e-08
539 7.73653e-08
540 7.73653e-08
541 7.73653e-08
542 7.73653e-08
