1 5.08768e-08
2 5.08768e-08
3 5.08768e-08
4 5.08768e-08
5 5.08768e-08
6 5.08768e-08
7 5.08768e-08
8 5.08768e-08
9 5.08768e-08
10 5.08768e-08
11 5.08768e-08
12 5.08768e-08
13 5.08768e-08
14 5.08768e-08
15 5.08768e-08
16 5.08768e-08
17 5.08768e-08
18 5.08768e-08
19 5.08768e-08
20 5.08768e-08
21 5.08768e-08
22 5.08768e-08
23 5.08768e-08
24 5.08768e-08
25 5.08768e-08
26 5.08768e-08
27 5.08768e-08
28 5.08768e-08
29 5.08768e-08
30 5.08768e-08
31 5.08768e-08
32 5.08768e-08
33 5.08768e-08
34 5.08768e-08
35 5.08768e-08
36 5.08768e-08
37 5.08768e-08
38 5.08768e-08
39 5.08768e-08
40 5.08768e-08
41 5.08768e-08
42 5.08768e-08
43 5.08768e-08
44 5.08768e-08
45 5.08768e-08
46 5.08768e-08
47 5.08768e-08
48 5.08768e-08
49 5.08768e-08
50 5.08768e-08
51 5.08768e-08
52 5.08768e-08
53 5.08768e-08
54 5.08768e-08
55 5.08768e-08
56 5.08768e-08
57 5.08768e-08
58 5.08768e-08
59 5.08768e-08
60 5.08768e-08
61 5.08768e-08
62 5.08768e-08
63 5.08768e-08
64 5.08768e-08
65 5.08768e-08
66 5.08768e-08
67 5.08768e-08
68 5.08768e-08
69 5.08768e-08
70 5.08768e-08
71 5.08768e-08
72 5.08768e-08
73 5.08768e-08
74 5.08768e-08
75 5.08768e-08
76 5.08768e-08
77 5.08768e-08
78 5.08768e-08
79 5.08768e-08
80 5.08768e-08
81 5.08768e-08
82 5.08768e-08
83 5.08768e-08
84 5.08768e-08
85 5.08768e-08
86 5.08768e-08
87 5.08768e-08
88 5.08768e-08
89 5.08768e-08
90 5.08768e-08
91 5.08768e-08
92 5.08768e-08
93 5.08768e-08
94 5.08768e-08
95 5.08768e-08
96 5.08768e-08
97 5.08768e-08
98 5.08768e-08
99 5.08768e-08
100 5.08768e-08
101 5.08768e-08
102 5.08768e-08
103 5.08768e-08
104 5.08768e-08
105 5.08768e-08
106 5.08768e-08
107 5.08768e-08
108 5.08768e-08
109 5.08768e-08
110 5.08768e-08
111 5.08768e-08
112 5.08768e-08
113 5.08768e-08
114 5.08768e-08
115 5.08768e-08
116 5.08768e-08
117 5.08768e-08
118 5.08768e-08
119 5.08768e-08
120 5.08768e-08
121 5.08768e-08
122 5.08768e-08
123 5.08768e-08
124 5.08768e-08
125 5.08768e-08
126 5.08768e-08
127 5.08768e-08
128 5.08768e-08
129 5.08768e-08
130 5.08768e-08
131 5.08768e-08
132 5.08768e-08
133 5.08768e-08
134 5.08768e-08
135 5.08768e-08
136 5.08768e-08
137 5.08768e-08
138 5.08768e-08
139 5.08768e-08
140 5.08768e-08
141 5.08768e-08
142 5.08768e-08
143 5.08768e-08
144 5.08768e-08
145 5.08768e-08
146 5.08768e-08
147 5.08768e-08
148 5.08768e-08
149 5.08768e-08
150 5.08768e-08
151 5.08768e-08
152 5.08768e-08
153 5.08768e-08
154 5.08768e-08
155 5.08768e-08
156 5.08768e-08
157 5.08768e-08
158 5.08768e-08
159 5.08768e-08
160 5.08768e-08
161 5.08768e-08
162 5.08768e-08
163 5.08768e-08
164 5.08768e-08
165 5.08768e-08
166 5.08768e-08
167 5.08768e-08
168 5.08768e-08
169 5.08768e-08
170 5.08768e-08
171 5.08768e-08
172 5.08768e-08
173 5.08768e-08
174 5.08768e-08
175 5.08768e-08
176 5.08768e-08
177 5.08768e-08
178 5.08768e-08
179 5.08768e-08
180 5.08768e-08
181 5.08768e-08
182 5.08768e-08
183 5.08768e-08
184 5.08768e-08
185 5.08768e-08
186 5.08768e-08
187 5.08768e-08
188 5.08768e-08
189 5.08768e-08
190 5.08768e-08
191 5.08768e-08
192 5.08768e-08
193 5.08768e-08
194 5.08768e-08
195 5.08768e-08
196 5.08768e-08
197 5.08768e-08
198 5.08768e-08
199 5.08768e-08
200 5.08768e-08
201 5.08768e-08
202 5.08768e-08
203 5.08768e-08
204 5.08768e-08
205 5.08768e-08
206 5.08768e-08
207 5.08768e-08
208 5.08768e-08
209 5.08768e-08
210 5.08768e-08
211 5.08768e-08
212 5.08768e-08
213 5.08768e-08
214 5.08768e-08
215 5.08768e-08
216 5.08768e-08
217 5.08768e-08
218 5.08768e-08
219 5.08768e-08
220 5.08768e-08
221 5.08768e-08
222 5.08768e-08
223 5.08768e-08
224 5.1591e-08
225 5.51395e-08
226 6.66525e-08
227 1.01028e-07
228 1.99766e-07
229 4.74401e-07
230 1.21527e-06
231 3.15429e-06
232 8.07281e-06
233 2.01562e-05
234 4.88831e-05
235 0.000114916
236 0.000261557
237 0.000575917
238 0.00122596
239 0.00252157
240 0.00500877
241 0.0096046
242 0.0177734
243 0.0317321
244 0.0546525
245 0.0908037
246 0.145561
247 0.225206
248 0.336463
249 0.485794
250 0.678532
251 0.918029
252 0.970501
253 0.981614
254 0.994091
255 0.996583
256 0.99924
257 0.999748
258 0.999844
259 0.999942
260 0.99996
261 0.999978
262 0.999996
263 0.999999
264 1
265 1
266 1
267 1
268 1
269 1
270 1
271 1
272 1
273 1
274 1
275 1
276 1
277 1
278 1
279 1
280 1
281 1
282 0.999999
283 0.999996
284 0.999978
285 0.999883
286 0.99979
287 0.999307
288 0.996835
289 0.984506
290 0.924731
291 0.873427
292 0.640871
293 0.455192
294 0.312594
295 0.207374
296 0.132822
297 0.0821123
298 0.0489964
299 0.0282252
300 0.0157043
301 0.00844488
302 0.00439271
303 0.00221253
304 0.00108044
305 0.000512271
306 0.000236217
307 0.000106137
308 4.65733e-05
309 2.00108e-05
310 8.44736e-06
311 3.52112e-06
312 1.46218e-06
313 6.16041e-07
314 2.7336e-07
315 1.36403e-07
316 8.24609e-08
317 6.14708e-08
318 5.35243e-08
319 5.11592e-08
320 5.08768e-08
321 5.08768e-08
322 5.08768e-08
323 5.08768e-08
324 5.08768e-08
325 5.08768e-08
326 5.08768e-08
327 5.08768e-08
328 5.08768e-08
329 5.08768e-08
330 5.08768e-08
331 5.08768e-08
332 5.08768e-08
333 5.08768e-08
334 5.08768e-08
335 5.08768e-08
336 5.08768e-08
337 5.08768e-08
338 5.08768e-08
339 5.08768e-08
340 5.08768e-08
341 5.08768e-08
342 5.08768e-08
343 5.08768e-08
344 5.08768e-08
345 5.08768e-08
346 5.08768e-08
347 5.08768e-08
348 5.08768e-08
349 5.08768e-08
350 5.08768e-08
351 5.08768e-08
352 5.08768e-08
353 5.08768e-08
354 5.08768e-08
355 5.08768e-08
356 5.08768e-08
357 5.08768e-08
358 5.08768e-08
359 5.08768e-08
360 5.08768e-08
361 5.08768e-08
362 5.08768e-08
363 5.08768e-08
364 5.08768e-08
365 5.08768e-08
366 5.08768e-08
367 5.08768e-08
368 5.08768e-08
369 5.08768e-08
370 5.08768e-08
371 5.08768e-08
372 5.08768e-08
373 5.08768e-08
374 5.08768e-08
375 5.08768e-08
376 5.08768e-08
377 5.08768e-08
378 5.08768e-08
379 5.08768e-08
380 5.08768e-08
381 5.08768e-08
382 5.08768e-08
383 5.08768e-08
384 5.08768e-08
385 5.08768e-08
386 5.08768e-08
387 5.08768e-08
388 5.08768e-08
389 5.08768e-08
390 5.08768e-08
391 5.08768e-08
392 5.08768e-08
393 5.08768e-08
394 5.08768e-08
395 5.08768e-08
396 5.08768e-08
397 5.08768e-08
398 5.08768e-08
399 5.08768e-08
400 5.08768e-08
401 5.08768e-08
402 5.08768e-08
403 5.08768e-08
404 5.08768e-08
405 5.08768e-08
406 5.08768e-08
407 5.08768e-08
408 5.08768e-08
409 5.08768e-08
410 5.08768e-08
411 5.08768e-08
412 5.08768e-08
413 5.08768e-08
414 5.08768e-08
415 5.08768e-08
416 5.08768e-08
417 5.08768e-08
418 5.08768e-08
419 5.08768e-08
420 5.08768e-08
421 5.08768e-08
422 5.08768e-08
423 5.08768e-08
424 5.08768e-08
425 5.08768e-08
426 5.08768e-08
427 5.08768e-08
428 5.08768e-08
429 5.08768e-08
430 5.08768e-08
431 5.08768e-08
432 5.08768e-08
433 5.08768e-08
434 5.08768e-08
435 5.08768e-08
436 5.08768e-08
437 5.08768e-08
438 5.08768e-08
439 5.08768e-08
440 5.08768e-08
441 5.08768e-08
442 5.08768e-08
443 5.08768e-08
444 5.08768e-08
445 5.08768e-08
446 5.08768e-08
447 5.08768e-08
448 5.08768e-08
449 5.08768e-08
450 5.08768e-08
451 5.08768e-08
452 5.08768e-08
453 5.08768e-08
454 5.08768e-08
455 5.08768e-08
456 5.08768e-08
457 5.08768e-08
458 5.08768e-08
459 5.08768e-08
460 5.08768e-08
461 5.08768e-08
462 5.08768e-08
463 5.08768e-08
464 5.08768e-08
465 5.08768e-08
466 5.08768e-08
467 5.08768e-08
468 5.08768e-08
469 5.08768e-08
470 5.08768e-08
471 5.08768e-08
472 5.08768e-08
473 5.08768e-08
474 5.08768e-08
475 5.08768e-08
476 5.08768e-08
477 5.08768e-08
478 5.08768e-08
479 5.08768e-08
480 5.08768e-08
481 5.08768e-08
482 5.08768e-08
483 5.08768e-08
484 5.08768e-08
485 5.08768e-08
486 5.08768e-08
487 5.08768e-08
488 5.08768e-08
489 5.08768e-08
490 5.08768e-08
491 5.08768e-08
492 5.08768e-08
493 5.08768e-08
494 5.08768e-08
495 5.08768e-08
496 5.08768e-08
497 5.08768e-08
498 5.08768e-08
499 5.08768e-08
500 5.08768e-08
501 5.08768e-08
502 5.08768e-08
503 5.08768e-08
504 5.08768e-08
505 5.08768e-08
506 5.08768e-08
507 5.08768e-08
508 5.08768e-08
509 5.08768e-08
510 5.08768e-08
511 5.08768e-08
512 5.08768e-08
513 5.08768e-08
514 5.08768e-08
515 5.08768e-08
516 5.08768e-08
517 5.08768e-08
518 5.08768e-08
519 5.08768e-08
520 5.08768e-08
521 5.08768e-08
522 5.08768e-08
523 5.08768e-08
524 5.08768e-08
525 5.08768e-08
526 5.08768e-08
527 5.08768e-08
528 5.08768e-08
529 5.08768e-08
530 5.08768e-08
531 5.08768e-08
532 5.08768e-08
533 5.08768e-08
534 5.08768e-08
535 5.08768e-08
536 5.08768e-08
537 5.08768e-08
538 5.08768e-08
539 5.08768e-08
540 5.08768e-08
541 5.08768e-08
542 5.08768e-08
