1 9.45342e-08
2 9.45342e-08
3 9.45342e-08
4 9.45342e-08
5 9.45342e-08
6 9.45342e-08
7 9.45342e-08
8 9.45342e-08
9 9.45342e-08
10 9.45342e-08
11 9.45342e-08
12 9.45342e-08
13 9.45342e-08
14 9.45342e-08
15 9.45342e-08
16 9.45342e-08
17 9.45342e-08
18 9.45342e-08
19 9.45342e-08
20 9.45342e-08
21 9.45342e-08
22 9.45342e-08
23 9.45342e-08
24 9.45342e-08
25 9.45342e-08
26 9.45342e-08
27 9.45342e-08
28 9.45342e-08
29 9.45342e-08
30 9.45342e-08
31 9.45342e-08
32 9.45342e-08
33 9.45342e-08
34 9.45342e-08
35 9.45342e-08
36 9.45342e-08
37 9.45342e-08
38 9.45342e-08
39 9.45342e-08
40 9.45342e-08
41 9.45342e-08
42 9.45342e-08
43 9.45342e-08
44 9.45342e-08
45 9.45342e-08
46 9.45342e-08
47 9.45342e-08
48 9.45342e-08
49 9.45342e-08
50 9.45342e-08
51 9.45342e-08
52 9.45342e-08
53 9.45342e-08
54 9.45342e-08
55 9.45342e-08
56 9.45342e-08
57 9.45342e-08
58 9.45342e-08
59 9.45342e-08
60 9.45342e-08
61 9.45342e-08
62 9.45342e-08
63 9.45342e-08
64 9.45342e-08
65 9.45342e-08
66 9.45342e-08
67 9.45342e-08
68 9.45342e-08
69 9.45342e-08
70 9.45342e-08
71 9.45342e-08
72 9.45342e-08
73 9.45342e-08
74 9.45342e-08
75 9.45342e-08
76 9.45342e-08
77 9.45342e-08
78 9.45342e-08
79 9.45342e-08
80 9.45342e-08
81 9.45342e-08
82 9.45342e-08
83 9.45342e-08
84 9.45342e-08
85 9.45342e-08
86 9.45342e-08
87 9.45342e-08
88 9.45342e-08
89 9.45342e-08
90 9.45342e-08
91 9.45342e-08
92 9.45342e-08
93 9.45342e-08
94 9.45342e-08
95 9.45342e-08
96 9.45342e-08
97 9.45342e-08
98 9.45342e-08
99 9.45342e-08
100 9.45342e-08
101 9.45342e-08
102 9.45342e-08
103 9.45342e-08
104 9.45342e-08
105 9.45342e-08
106 9.45342e-08
107 9.45342e-08
108 9.45342e-08
109 9.45342e-08
110 9.45342e-08
111 9.45342e-08
112 9.45342e-08
113 9.45342e-08
114 9.45342e-08
115 9.45342e-08
116 9.45342e-08
117 9.45342e-08
118 9.45342e-08
119 9.45342e-08
120 9.45342e-08
121 9.45342e-08
122 9.45342e-08
123 9.45342e-08
124 9.45342e-08
125 9.45342e-08
126 9.45342e-08
127 9.45342e-08
128 9.45342e-08
129 9.45342e-08
130 9.45342e-08
131 9.45342e-08
132 9.45342e-08
133 9.45342e-08
134 9.45342e-08
135 9.45342e-08
136 9.45342e-08
137 9.45342e-08
138 9.45342e-08
139 9.45342e-08
140 9.45342e-08
141 9.45342e-08
142 9.45342e-08
143 9.45342e-08
144 9.45342e-08
145 9.45342e-08
146 9.45342e-08
147 9.45342e-08
148 9.45342e-08
149 9.45342e-08
150 9.45342e-08
151 9.45342e-08
152 9.45342e-08
153 9.45342e-08
154 9.45342e-08
155 9.45342e-08
156 9.45342e-08
157 9.45342e-08
158 9.45342e-08
159 9.45342e-08
160 9.45342e-08
161 9.45342e-08
162 9.45342e-08
163 9.45342e-08
164 9.45342e-08
165 9.45342e-08
166 9.45342e-08
167 9.45342e-08
168 9.45342e-08
169 9.45342e-08
170 9.45342e-08
171 9.45342e-08
172 9.45342e-08
173 9.45342e-08
174 9.45342e-08
175 9.45342e-08
176 9.45342e-08
177 9.45342e-08
178 9.45342e-08
179 9.45342e-08
180 9.45342e-08
181 9.45342e-08
182 9.45342e-08
183 9.45342e-08
184 9.45342e-08
185 9.45342e-08
186 9.45342e-08
187 9.45342e-08
188 9.45342e-08
189 9.45342e-08
190 9.45342e-08
191 9.45342e-08
192 9.45342e-08
193 9.45342e-08
194 9.45342e-08
195 9.45342e-08
196 9.45342e-08
197 9.45342e-08
198 9.45342e-08
199 9.45342e-08
200 9.45342e-08
201 9.45342e-08
202 9.45342e-08
203 9.45342e-08
204 9.45342e-08
205 9.45342e-08
206 9.45342e-08
207 9.45342e-08
208 9.45342e-08
209 9.45342e-08
210 9.45342e-08
211 9.45342e-08
212 9.45342e-08
213 9.45342e-08
214 9.45342e-08
215 9.45342e-08
216 9.45342e-08
217 9.45342e-08
218 9.45342e-08
219 9.45342e-08
220 9.45342e-08
221 9.45342e-08
222 9.48478e-08
223 9.66865e-08
224 1.03173e-07
225 1.22678e-07
226 1.78739e-07
227 3.34387e-07
228 7.53893e-07
229 1.85017e-06
230 4.62816e-06
231 1.14481e-05
232 2.76572e-05
233 6.49249e-05
234 0.000147747
235 0.000325521
236 0.000693797
237 0.00142957
238 0.00284628
239 0.00547346
240 0.0101628
241 0.0182147
242 0.0315082
243 0.052603
244 0.0847683
245 0.131892
246 0.19823
247 0.287999
248 0.40485
249 0.551315
250 0.728368
251 0.93521
252 0.978017
253 0.986629
254 0.995874
255 0.997652
256 0.999491
257 0.999834
258 0.999898
259 0.999962
260 0.999974
261 0.999986
262 0.999997
263 1
264 1
265 1
266 1
267 1
268 1
269 1
270 1
271 1
272 1
273 1
274 1
275 1
276 1
277 1
278 1
279 1
280 1
281 1
282 1
283 0.999997
284 0.999986
285 0.999922
286 0.999859
287 0.999524
288 0.997753
289 0.988564
290 0.941893
291 0.899647
292 0.696536
293 0.523722
294 0.381769
295 0.269422
296 0.183877
297 0.121267
298 0.0772448
299 0.0475129
300 0.0282217
301 0.0161917
302 0.00897719
303 0.00481301
304 0.0024974
305 0.00125547
306 0.000612222
307 0.00029002
308 0.000133692
309 6.0095e-05
310 2.64095e-05
311 1.13882e-05
312 4.84735e-06
313 2.05945e-06
314 8.93645e-07
315 4.14227e-07
316 2.19997e-07
317 1.42491e-07
318 1.11969e-07
319 1.0025e-07
320 9.58362e-08
321 9.46935e-08
322 9.45342e-08
323 9.45342e-08
324 9.45342e-08
325 9.45342e-08
326 9.45342e-08
327 9.45342e-08
328 9.45342e-08
329 9.45342e-08
330 9.45342e-08
331 9.45342e-08
332 9.45342e-08
333 9.45342e-08
334 9.45342e-08
335 9.45342e-08
336 9.45342e-08
337 9.45342e-08
338 9.45342e-08
339 9.45342e-08
340 9.45342e-08
341 9.45342e-08
342 9.45342e-08
343 9.45342e-08
344 9.45342e-08
345 9.45342e-08
346 9.45342e-08
347 9.45342e-08
348 9.45342e-08
349 9.45342e-08
350 9.45342e-08
351 9.45342e-08
352 9.45342e-08
353 9.45342e-08
354 9.45342e-08
355 9.45342e-08
356 9.45342e-08
357 9.45342e-08
358 9.45342e-08
359 9.45342e-08
360 9.45342e-08
361 9.45342e-08
362 9.45342e-08
363 9.45342e-08
364 9.45342e-08
365 9.45342e-08
366 9.45342e-08
367 9.45342e-08
368 9.45342e-08
369 9.45342e-08
370 9.45342e-08
371 9.45342e-08
372 9.45342e-08
373 9.45342e-08
374 9.45342e-08
375 9.45342e-08
376 9.45342e-08
377 9.45342e-08
378 9.45342e-08
379 9.45342e-08
380 9.45342e-08
381 9.45342e-08
382 9.45342e-08
383 9.45342e-08
384 9.45342e-08
385 9.45342e-08
386 9.45342e-08
387 9.45342e-08
388 9.45342e-08
389 9.45342e-08
390 9.45342e-08
391 9.45342e-08
392 9.45342e-08
393 9.45342e-08
394 9.45342e-08
395 9.45342e-08
396 9.45342e-08
397 9.45342e-08
398 9.45342e-08
399 9.45342e-08
400 9.45342e-08
401 9.45342e-08
402 9.45342e-08
403 9.45342e-08
404 9.45342e-08
405 9.45342e-08
406 9.45342e-08
407 9.45342e-08
408 9.45342e-08
409 9.45342e-08
410 9.45342e-08
411 9.45342e-08
412 9.45342e-08
413 9.45342e-08
414 9.45342e-08
415 9.45342e-08
416 9.45342e-08
417 9.45342e-08
418 9.45342e-08
419 9.45342e-08
420 9.45342e-08
421 9.45342e-08
422 9.45342e-08
423 9.45342e-08
424 9.45342e-08
425 9.45342e-08
426 9.45342e-08
427 9.45342e-08
428 9.45342e-08
429 9.45342e-08
430 9.45342e-08
431 9.45342e-08
432 9.45342e-08
433 9.45342e-08
434 9.45342e-08
435 9.45342e-08
436 9.45342e-08
437 9.45342e-08
438 9.45342e-08
439 9.45342e-08
440 9.45342e-08
441 9.45342e-08
442 9.45342e-08
443 9.45342e-08
444 9.45342e-08
445 9.45342e-08
446 9.45342e-08
447 9.45342e-08
448 9.45342e-08
449 9.45342e-08
450 9.45342e-08
451 9.45342e-08
452 9.45342e-08
453 9.45342e-08
454 9.45342e-08
455 9.45342e-08
456 9.45342e-08
457 9.45342e-08
458 9.45342e-08
459 9.45342e-08
460 9.45342e-08
461 9.45342e-08
462 9.45342e-08
463 9.45342e-08
464 9.45342e-08
465 9.45342e-08
466 9.45342e-08
467 9.45342e-08
468 9.45342e-08
469 9.45342e-08
470 9.45342e-08
471 9.45342e-08
472 9.45342e-08
473 9.45342e-08
474 9.45342e-08
475 9.45342e-08
476 9.45342e-08
477 9.45342e-08
478 9.45342e-08
479 9.45342e-08
480 9.45342e-08
481 9.45342e-08
482 9.45342e-08
483 9.45342e-08
484 9.45342e-08
485 9.45342e-08
486 9.45342e-08
487 9.45342e-08
488 9.45342e-08
489 9.45342e-08
490 9.45342e-08
491 9.45342e-08
492 9.45342e-08
493 9.45342e-08
494 9.45342e-08
495 9.45342e-08
496 9.45342e-08
497 9.45342e-08
498 9.45342e-08
499 9.45342e-08
500 9.45342e-08
501 9.45342e-08
502 9.45342e-08
503 9.45342e-08
504 9.45342e-08
505 9.45342e-08
506 9.45342e-08
507 9.45342e-08
508 9.45342e-08
509 9.45342e-08
510 9.45342e-08
511 9.45342e-08
512 9.45342e-08
513 9.45342e-08
514 9.45342e-08
515 9.45342e-08
516 9.45342e-08
517 9.45342e-08
518 9.45342e-08
519 9.45342e-08
520 9.45342e-08
521 9.45342e-08
522 9.45342e-08
523 9.45342e-08
524 9.45342e-08
525 9.45342e-08
526 9.45342e-08
527 9.45342e-08
528 9.45342e-08
529 9.45342e-08
530 9.45342e-08
531 9.45342e-08
532 9.45342e-08
533 9.45342e-08
534 9.45342e-08
535 9.45342e-08
536 9.45342e-08
537 9.45342e-08
538 9.45342e-08
539 9.45342e-08
540 9.45342e-08
541 9.45342e-08
542 9.45342e-08
