1 7.84091e-08
2 7.84091e-08
3 7.84091e-08
4 7.84091e-08
5 7.84091e-08
6 7.84091e-08
7 7.84091e-08
8 7.84091e-08
9 7.84091e-08
10 7.84091e-08
11 7.84091e-08
12 7.84091e-08
13 7.84091e-08
14 7.84091e-08
15 7.84091e-08
16 7.84091e-08
17 7.84091e-08
18 7.84091e-08
19 7.84091e-08
20 7.84091e-08
21 7.84091e-08
22 7.84091e-08
23 7.84091e-08
24 7.84091e-08
25 7.84091e-08
26 7.84091e-08
27 7.84091e-08
28 7.84091e-08
29 7.84091e-08
30 7.84091e-08
31 7.84091e-08
32 7.84091e-08
33 7.84091e-08
34 7.84091e-08
35 7.84091e-08
36 7.84091e-08
37 7.84091e-08
38 7.84091e-08
39 7.84091e-08
40 7.84091e-08
41 7.84091e-08
42 7.84091e-08
43 7.84091e-08
44 7.84091e-08
45 7.84091e-08
46 7.84091e-08
47 7.84091e-08
48 7.84091e-08
49 7.84091e-08
50 7.84091e-08
51 7.84091e-08
52 7.84091e-08
53 7.84091e-08
54 7.84091e-08
55 7.84091e-08
56 7.84091e-08
57 7.84091e-08
58 7.84091e-08
59 7.84091e-08
60 7.84091e-08
61 7.84091e-08
62 7.84091e-08
63 7.84091e-08
64 7.84091e-08
65 7.84091e-08
66 7.84091e-08
67 7.84091e-08
68 7.84091e-08
69 7.84091e-08
70 7.84091e-08
71 7.84091e-08
72 7.84091e-08
73 7.84091e-08
74 7.84091e-08
75 7.84091e-08
76 7.84091e-08
77 7.84091e-08
78 7.84091e-08
79 7.84091e-08
80 7.84091e-08
81 7.84091e-08
82 7.84091e-08
83 7.84091e-08
84 7.84091e-08
85 7.84091e-08
86 7.84091e-08
87 7.84091e-08
88 7.84091e-08
89 7.84091e-08
90 7.84091e-08
91 7.84091e-08
92 7.84091e-08
93 7.84091e-08
94 7.84091e-08
95 7.84091e-08
96 7.84091e-08
97 7.84091e-08
98 7.84091e-08
99 7.84091e-08
100 7.84091e-08
101 7.84091e-08
102 7.84091e-08
103 7.84091e-08
104 7.84091e-08
105 7.84091e-08
106 7.84091e-08
107 7.84091e-08
108 7.84091e-08
109 7.84091e-08
110 7.84091e-08
111 7.84091e-08
112 7.84091e-08
113 7.84091e-08
114 7.84091e-08
115 7.84091e-08
116 7.84091e-08
117 7.84091e-08
118 7.84091e-08
119 7.84091e-08
120 7.84091e-08
121 7.84091e-08
122 7.84091e-08
123 7.84091e-08
124 7.84091e-08
125 7.84091e-08
126 7.84091e-08
127 7.84091e-08
128 7.84091e-08
129 7.84091e-08
130 7.84091e-08
131 7.84091e-08
132 7.84091e-08
133 7.84091e-08
134 7.84091e-08
135 7.84091e-08
136 7.84091e-08
137 7.84091e-08
138 7.84091e-08
139 7.84091e-08
140 7.84091e-08
141 7.84091e-08
142 7.84091e-08
143 7.84091e-08
144 7.84091e-08
145 7.84091e-08
146 7.84091e-08
147 7.84091e-08
148 7.84091e-08
149 7.84091e-08
150 7.84091e-08
151 7.84091e-08
152 7.84091e-08
153 7.84091e-08
154 7.84091e-08
155 7.84091e-08
156 7.84091e-08
157 7.84091e-08
158 7.84091e-08
159 7.84091e-08
160 7.84091e-08
161 7.84091e-08
162 7.84091e-08
163 7.84091e-08
164 7.84091e-08
165 7.84091e-08
166 7.84091e-08
167 7.84091e-08
168 7.84091e-08
169 7.84091e-08
170 7.84091e-08
171 7.84091e-08
172 7.84091e-08
173 7.84091e-08
174 7.84091e-08
175 7.84091e-08
176 7.84091e-08
177 7.84091e-08
178 7.84091e-08
179 7.84091e-08
180 7.84091e-08
181 7.84091e-08
182 7.84091e-08
183 7.84091e-08
184 7.84091e-08
185 7.84091e-08
186 7.84091e-08
187 7.84091e-08
188 7.84091e-08
189 7.84091e-08
190 7.84091e-08
191 7.84091e-08
192 7.84091e-08
193 7.84091e-08
194 7.84091e-08
195 7.84091e-08
196 7.84091e-08
197 7.84091e-08
198 7.84091e-08
199 7.84091e-08
200 7.84091e-08
201 7.84091e-08
202 7.84091e-08
203 7.84091e-08
204 7.84091e-08
205 7.84091e-08
206 7.84091e-08
207 7.84091e-08
208 7.84091e-08
209 7.84091e-08
210 7.84091e-08
211 7.84091e-08
212 7.84091e-08
213 7.84091e-08
214 7.84091e-08
215 7.84091e-08
216 7.84091e-08
217 7.84091e-08
218 7.84091e-08
219 7.84091e-08
220 7.84091e-08
221 7.84091e-08
222 7.84091e-08
223 7.84091e-08
224 7.84091e-08
225 7.84091e-08
226 7.84091e-08
227 7.84091e-08
228 7.84091e-08
229 7.84091e-08
230 7.84091e-08
231 7.84091e-08
232 7.84091e-08
233 7.84091e-08
234 7.84091e-08
235 7.84091e-08
236 7.84091e-08
237 7.84091e-08
238 7.84091e-08
239 7.84091e-08
240 7.84091e-08
241 7.84091e-08
242 8.34283e-08
243 1.15375e-07
244 2.34607e-07
245 6.40663e-07
246 2.08347e-06
247 7.43339e-06
248 2.77466e-05
249 0.000105549
250 0.000402186
251 0.00151864
252 0.00227424
253 0.00277735
254 0.00459641
255 0.00579587
256 0.0101893
257 0.0131991
258 0.0153231
259 0.0238875
260 0.0303156
261 0.0572076
262 0.16964
263 0.254876
264 0.318546
265 0.365184
266 0.398551
267 0.421734
268 0.437149
269 0.446478
270 0.450496
271 0.448659
272 0.460799
273 0.464407
274 0.489289
275 0.56884
276 0.609854
277 0.628865
278 0.634997
279 0.63258
280 0.622833
281 0.604886
282 0.576312
283 0.533334
284 0.470706
285 0.381139
286 0.357913
287 0.324737
288 0.276602
289 0.20514
290 0.0965896
291 0.0659617
292 0.0184615
293 0.00507796
294 0.00136521
295 0.000357653
296 9.12049e-05
297 2.26662e-05
298 5.52103e-06
299 1.34644e-06
300 3.58792e-07
301 1.32241e-07
302 8.44288e-08
303 7.84091e-08
304 7.84091e-08
305 7.84091e-08
306 7.84091e-08
307 7.84091e-08
308 7.84091e-08
309 7.84091e-08
310 7.84091e-08
311 7.84091e-08
312 7.84091e-08
313 7.84091e-08
314 7.84091e-08
315 7.84091e-08
316 7.84091e-08
317 7.84091e-08
318 7.84091e-08
319 7.84091e-08
320 7.84091e-08
321 7.84091e-08
322 7.84091e-08
323 7.84091e-08
324 7.84091e-08
325 7.84091e-08
326 7.84091e-08
327 7.84091e-08
328 7.84091e-08
329 7.84091e-08
330 7.84091e-08
331 7.84091e-08
332 7.84091e-08
333 7.84091e-08
334 7.84091e-08
335 7.84091e-08
336 7.84091e-08
337 7.84091e-08
338 7.84091e-08
339 7.84091e-08
340 7.84091e-08
341 7.84091e-08
342 7.84091e-08
343 7.84091e-08
344 7.84091e-08
345 7.84091e-08
346 7.84091e-08
347 7.84091e-08
348 7.84091e-08
349 7.84091e-08
350 7.84091e-08
351 7.84091e-08
352 7.84091e-08
353 7.84091e-08
354 7.84091e-08
355 7.84091e-08
356 7.84091e-08
357 7.84091e-08
358 7.84091e-08
359 7.84091e-08
360 7.84091e-08
361 7.84091e-08
362 7.84091e-08
363 7.84091e-08
364 7.84091e-08
365 7.84091e-08
366 7.84091e-08
367 7.84091e-08
368 7.84091e-08
369 7.84091e-08
370 7.84091e-08
371 7.84091e-08
372 7.84091e-08
373 7.84091e-08
374 7.84091e-08
375 7.84091e-08
376 7.84091e-08
377 7.84091e-08
378 7.84091e-08
379 7.84091e-08
380 7.84091e-08
381 7.84091e-08
382 7.84091e-08
383 7.84091e-08
384 7.84091e-08
385 7.84091e-08
386 7.84091e-08
387 7.84091e-08
388 7.84091e-08
389 7.84091e-08
390 7.84091e-08
391 7.84091e-08
392 7.84091e-08
393 7.84091e-08
394 7.84091e-08
395 7.84091e-08
396 7.84091e-08
397 7.84091e-08
398 7.84091e-08
399 7.84091e-08
400 7.84091e-08
401 7.84091e-08
402 7.84091e-08
403 7.84091e-08
404 7.84091e-08
405 7.84091e-08
406 7.84091e-08
407 7.84091e-08
408 7.84091e-08
409 7.84091e-08
410 7.84091e-08
411 7.84091e-08
412 7.84091e-08
413 7.84091e-08
414 7.84091e-08
415 7.84091e-08
416 7.84091e-08
417 7.84091e-08
418 7.84091e-08
419 7.84091e-08
420 7.84091e-08
421 7.84091e-08
422 7.84091e-08
423 7.84091e-08
424 7.84091e-08
425 7.84091e-08
426 7.84091e-08
427 7.84091e-08
428 7.84091e-08
429 7.84091e-08
430 7.84091e-08
431 7.84091e-08
432 7.84091e-08
433 7.84091e-08
434 7.84091e-08
435 7.84091e-08
436 7.84091e-08
437 7.84091e-08
438 7.84091e-08
439 7.84091e-08
440 7.84091e-08
441 7.84091e-08
442 7.84091e-08
443 7.84091e-08
444 7.84091e-08
445 7.84091e-08
446 7.84091e-08
447 7.84091e-08
448 7.84091e-08
449 7.84091e-08
450 7.84091e-08
451 7.84091e-08
452 7.84091e-08
453 7.84091e-08
454 7.84091e-08
455 7.84091e-08
456 7.84091e-08
457 7.84091e-08
458 7.84091e-08
459 7.84091e-08
460 7.84091e-08
461 7.84091e-08
462 7.84091e-08
463 7.84091e-08
464 7.84091e-08
465 7.84091e-08
466 7.84091e-08
467 7.84091e-08
468 7.84091e-08
469 7.84091e-08
470 7.84091e-08
471 7.84091e-08
472 7.84091e-08
473 7.84091e-08
474 7.84091e-08
475 7.84091e-08
476 7.84091e-08
477 7.84091e-08
478 7.84091e-08
479 7.84091e-08
480 7.84091e-08
481 7.84091e-08
482 7.84091e-08
483 7.84091e-08
484 7.84091e-08
485 7.84091e-08
486 7.84091e-08
487 7.84091e-08
488 7.84091e-08
489 7.84091e-08
490 7.84091e-08
491 7.84091e-08
492 7.84091e-08
493 7.84091e-08
494 7.84091e-08
495 7.84091e-08
496 7.84091e-08
497 7.84091e-08
498 7.84091e-08
499 7.84091e-08
500 7.84091e-08
501 7.84091e-08
502 7.84091e-08
503 7.84091e-08
504 7.84091e-08
505 7.84091e-08
506 7.84091e-08
507 7.84091e-08
508 7.84091e-08
509 7.84091e-08
510 7.84091e-08
511 7.84091e-08
512 7.84091e-08
513 7.84091e-08
514 7.84091e-08
515 7.84091e-08
516 7.84091e-08
517 7.84091e-08
518 7.84091e-08
519 7.84091e-08
520 7.84091e-08
521 7.84091e-08
522 7.84091e-08
523 7.84091e-08
524 7.84091e-08
525 7.84091e-08
526 7.84091e-08
527 7.84091e-08
528 7.84091e-08
529 7.84091e-08
530 7.84091e-08
531 7.84091e-08
532 7.84091e-08
533 7.84091e-08
534 7.84091e-08
535 7.84091e-08
536 7.84091e-08
537 7.84091e-08
538 7.84091e-08
539 7.84091e-08
540 7.84091e-08
541 7.84091e-08
542 7.84091e-08
