1 1.25038e-08
2 1.25038e-08
3 1.25038e-08
4 1.25038e-08
5 1.25038e-08
6 1.25038e-08
7 1.25038e-08
8 1.25038e-08
9 1.25038e-08
10 1.25038e-08
11 1.25038e-08
12 1.25038e-08
13 1.25038e-08
14 1.25038e-08
15 1.25038e-08
16 1.25038e-08
17 1.25038e-08
18 1.25038e-08
19 1.25038e-08
20 1.25038e-08
21 1.25038e-08
22 1.25038e-08
23 1.25038e-08
24 1.25038e-08
25 1.25038e-08
26 1.25038e-08
27 1.25038e-08
28 1.25038e-08
29 1.25038e-08
30 1.25038e-08
31 1.25038e-08
32 1.25038e-08
33 1.25038e-08
34 1.25038e-08
35 1.25038e-08
36 1.25038e-08
37 1.25038e-08
38 1.25038e-08
39 1.25038e-08
40 1.25038e-08
41 1.25038e-08
42 1.25038e-08
43 1.25038e-08
44 1.25038e-08
45 1.25038e-08
46 1.25038e-08
47 1.25038e-08
48 1.25038e-08
49 1.25038e-08
50 1.25038e-08
51 1.25038e-08
52 1.25038e-08
53 1.25038e-08
54 1.25038e-08
55 1.25038e-08
56 1.25038e-08
57 1.25038e-08
58 1.25038e-08
59 1.25038e-08
60 1.25038e-08
61 1.25038e-08
62 1.25038e-08
63 1.25038e-08
64 1.25038e-08
65 1.25038e-08
66 1.25038e-08
67 1.25038e-08
68 1.25038e-08
69 1.25038e-08
70 1.25038e-08
71 1.25038e-08
72 1.25038e-08
73 1.25038e-08
74 1.25038e-08
75 1.25038e-08
76 1.25038e-08
77 1.25038e-08
78 1.25038e-08
79 1.25038e-08
80 1.25038e-08
81 1.25038e-08
82 1.25038e-08
83 1.25038e-08
84 1.25038e-08
85 1.25038e-08
86 1.25038e-08
87 1.25038e-08
88 1.25038e-08
89 1.25038e-08
90 1.25038e-08
91 1.25038e-08
92 1.25038e-08
93 1.25038e-08
94 1.25038e-08
95 1.25038e-08
96 1.25038e-08
97 1.25038e-08
98 1.25038e-08
99 1.25038e-08
100 1.25038e-08
101 1.25038e-08
102 1.25038e-08
103 1.25038e-08
104 1.25038e-08
105 1.25038e-08
106 1.25038e-08
107 1.25038e-08
108 1.25038e-08
109 1.25038e-08
110 1.25038e-08
111 1.25038e-08
112 1.25038e-08
113 1.25038e-08
114 1.25038e-08
115 1.25038e-08
116 1.25038e-08
117 1.25038e-08
118 1.25038e-08
119 1.25038e-08
120 1.25038e-08
121 1.25038e-08
122 1.25038e-08
123 1.25038e-08
124 1.25038e-08
125 1.25038e-08
126 1.25038e-08
127 1.25038e-08
128 1.25038e-08
129 1.25038e-08
130 1.25038e-08
131 1.25038e-08
132 1.25038e-08
133 1.25038e-08
134 1.25038e-08
135 1.25038e-08
136 1.25038e-08
137 1.25038e-08
138 1.25038e-08
139 1.25038e-08
140 1.25038e-08
141 1.25038e-08
142 1.25038e-08
143 1.25038e-08
144 1.25038e-08
145 1.25038e-08
146 1.25038e-08
147 1.25038e-08
148 1.25038e-08
149 1.25038e-08
150 1.25038e-08
151 1.25038e-08
152 1.25038e-08
153 1.25038e-08
154 1.25038e-08
155 1.25038e-08
156 1.25038e-08
157 1.25038e-08
158 1.25038e-08
159 1.25038e-08
160 1.25038e-08
161 1.25038e-08
162 1.25038e-08
163 1.25038e-08
164 1.25038e-08
165 1.25038e-08
166 1.25038e-08
167 1.25038e-08
168 1.25038e-08
169 1.25038e-08
170 1.25038e-08
171 1.25038e-08
172 1.25038e-08
173 1.25038e-08
174 1.25038e-08
175 1.25038e-08
176 1.25038e-08
177 1.25038e-08
178 1.25038e-08
179 1.25038e-08
180 1.25038e-08
181 1.25038e-08
182 1.25038e-08
183 1.25038e-08
184 1.25038e-08
185 1.25038e-08
186 1.25038e-08
187 1.25038e-08
188 1.25038e-08
189 1.25038e-08
190 1.25038e-08
191 1.25038e-08
192 1.25038e-08
193 1.25038e-08
194 1.25038e-08
195 1.25038e-08
196 1.25038e-08
197 1.25038e-08
198 1.25038e-08
199 1.25038e-08
200 1.25038e-08
201 1.25038e-08
202 1.25038e-08
203 1.25038e-08
204 1.25038e-08
205 1.25038e-08
206 1.25038e-08
207 1.25038e-08
208 1.25038e-08
209 1.25038e-08
210 1.25038e-08
211 1.25038e-08
212 1.25038e-08
213 1.25038e-08
214 1.25038e-08
215 1.25038e-08
216 1.25038e-08
217 1.25038e-08
218 1.25038e-08
219 1.25038e-08
220 1.25038e-08
221 1.25038e-08
222 1.25038e-08
223 1.25038e-08
224 1.25038e-08
225 1.25038e-08
226 1.25038e-08
227 1.25038e-08
228 1.25038e-08
229 1.25038e-08
230 1.36944e-08
231 2.23327e-08
232 5.28528e-08
233 1.5055e-07
234 4.5106e-07
235 1.34634e-06
236 3.93434e-06
237 1.11948e-05
238 3.09417e-05
239 8.29642e-05
240 0.000215586
241 0.000542424
242 0.00132033
243 0.00310677
244 0.00706145
245 0.015493
246 0.0327913
247 0.0669132
248 0.131577
249 0.249217
250 0.454543
251 0.798149
252 0.8989
253 0.927203
254 0.96886
255 0.9796
256 0.994116
257 0.997557
258 0.99834
259 0.999279
260 0.999478
261 0.9997
262 0.999942
263 0.999989
264 0.999998
265 1
266 1
267 1
268 1
269 1
270 1
271 1
272 1
273 1
274 1
275 1
276 1
277 1
278 1
279 1
280 1
281 0.999998
282 0.999991
283 0.999955
284 0.999787
285 0.999026
286 0.99842
287 0.995889
288 0.98575
289 0.946858
290 0.803996
291 0.712103
292 0.402292
293 0.219148
294 0.115214
295 0.0585217
296 0.0287572
297 0.0136921
298 0.00632811
299 0.00284477
300 0.00124676
301 0.000534035
302 0.000224152
303 9.24343e-05
304 3.75393e-05
305 1.50442e-05
306 5.95808e-06
307 2.33425e-06
308 9.05614e-07
309 3.48967e-07
310 1.35173e-07
311 5.42895e-08
312 2.45606e-08
313 1.51128e-08
314 1.2939e-08
315 1.25038e-08
316 1.25038e-08
317 1.25038e-08
318 1.25038e-08
319 1.25038e-08
320 1.25038e-08
321 1.25038e-08
322 1.25038e-08
323 1.25038e-08
324 1.25038e-08
325 1.25038e-08
326 1.25038e-08
327 1.25038e-08
328 1.25038e-08
329 1.25038e-08
330 1.25038e-08
331 1.25038e-08
332 1.25038e-08
333 1.25038e-08
334 1.25038e-08
335 1.25038e-08
336 1.25038e-08
337 1.25038e-08
338 1.25038e-08
339 1.25038e-08
340 1.25038e-08
341 1.25038e-08
342 1.25038e-08
343 1.25038e-08
344 1.25038e-08
345 1.25038e-08
346 1.25038e-08
347 1.25038e-08
348 1.25038e-08
349 1.25038e-08
350 1.25038e-08
351 1.25038e-08
352 1.25038e-08
353 1.25038e-08
354 1.25038e-08
355 1.25038e-08
356 1.25038e-08
357 1.25038e-08
358 1.25038e-08
359 1.25038e-08
360 1.25038e-08
361 1.25038e-08
362 1.25038e-08
363 1.25038e-08
364 1.25038e-08
365 1.25038e-08
366 1.25038e-08
367 1.25038e-08
368 1.25038e-08
369 1.25038e-08
370 1.25038e-08
371 1.25038e-08
372 1.25038e-08
373 1.25038e-08
374 1.25038e-08
375 1.25038e-08
376 1.25038e-08
377 1.25038e-08
378 1.25038e-08
379 1.25038e-08
380 1.25038e-08
381 1.25038e-08
382 1.25038e-08
383 1.25038e-08
384 1.25038e-08
385 1.25038e-08
386 1.25038e-08
387 1.25038e-08
388 1.25038e-08
389 1.25038e-08
390 1.25038e-08
391 1.25038e-08
392 1.25038e-08
393 1.25038e-08
394 1.25038e-08
395 1.25038e-08
396 1.25038e-08
397 1.25038e-08
398 1.25038e-08
399 1.25038e-08
400 1.25038e-08
401 1.25038e-08
402 1.25038e-08
403 1.25038e-08
404 1.25038e-08
405 1.25038e-08
406 1.25038e-08
407 1.25038e-08
408 1.25038e-08
409 1.25038e-08
410 1.25038e-08
411 1.25038e-08
412 1.25038e-08
413 1.25038e-08
414 1.25038e-08
415 1.25038e-08
416 1.25038e-08
417 1.25038e-08
418 1.25038e-08
419 1.25038e-08
420 1.25038e-08
421 1.25038e-08
422 1.25038e-08
423 1.25038e-08
424 1.25038e-08
425 1.25038e-08
426 1.25038e-08
427 1.25038e-08
428 1.25038e-08
429 1.25038e-08
430 1.25038e-08
431 1.25038e-08
432 1.25038e-08
433 1.25038e-08
434 1.25038e-08
435 1.25038e-08
436 1.25038e-08
437 1.25038e-08
438 1.25038e-08
439 1.25038e-08
440 1.25038e-08
441 1.25038e-08
442 1.25038e-08
443 1.25038e-08
444 1.25038e-08
445 1.25038e-08
446 1.25038e-08
447 1.25038e-08
448 1.25038e-08
449 1.25038e-08
450 1.25038e-08
451 1.25038e-08
452 1.25038e-08
453 1.25038e-08
454 1.25038e-08
455 1.25038e-08
456 1.25038e-08
457 1.25038e-08
458 1.25038e-08
459 1.25038e-08
460 1.25038e-08
461 1.25038e-08
462 1.25038e-08
463 1.25038e-08
464 1.25038e-08
465 1.25038e-08
466 1.25038e-08
467 1.25038e-08
468 1.25038e-08
469 1.25038e-08
470 1.25038e-08
471 1.25038e-08
472 1.25038e-08
473 1.25038e-08
474 1.25038e-08
475 1.25038e-08
476 1.25038e-08
477 1.25038e-08
478 1.25038e-08
479 1.25038e-08
480 1.25038e-08
481 1.25038e-08
482 1.25038e-08
483 1.25038e-08
484 1.25038e-08
485 1.25038e-08
486 1.25038e-08
487 1.25038e-08
488 1.25038e-08
489 1.25038e-08
490 1.25038e-08
491 1.25038e-08
492 1.25038e-08
493 1.25038e-08
494 1.25038e-08
495 1.25038e-08
496 1.25038e-08
497 1.25038e-08
498 1.25038e-08
499 1.25038e-08
500 1.25038e-08
501 1.25038e-08
502 1.25038e-08
503 1.25038e-08
504 1.25038e-08
505 1.25038e-08
506 1.25038e-08
507 1.25038e-08
508 1.25038e-08
509 1.25038e-08
510 1.25038e-08
511 1.25038e-08
512 1.25038e-08
513 1.25038e-08
514 1.25038e-08
515 1.25038e-08
516 1.25038e-08
517 1.25038e-08
518 1.25038e-08
519 1.25038e-08
520 1.25038e-08
521 1.25038e-08
522 1.25038e-08
523 1.25038e-08
524 1.25038e-08
525 1.25038e-08
526 1.25038e-08
527 1.25038e-08
528 1.25038e-08
529 1.25038e-08
530 1.25038e-08
531 1.25038e-08
532 1.25038e-08
533 1.25038e-08
534 1.25038e-08
535 1.25038e-08
536 1.25038e-08
537 1.25038e-08
538 1.25038e-08
539 1.25038e-08
540 1.25038e-08
541 1.25038e-08
542 1.25038e-08
