1 4.84774e-08
2 4.84774e-08
3 4.84774e-08
4 4.84774e-08
5 4.84774e-08
6 4.84774e-08
7 4.84774e-08
8 4.84774e-08
9 4.84774e-08
10 4.84774e-08
11 4.84774e-08
12 4.84774e-08
13 4.84774e-08
14 4.84774e-08
15 4.84774e-08
16 4.84774e-08
17 4.84774e-08
18 4.84774e-08
19 4.84774e-08
20 4.84774e-08
21 4.84774e-08
22 4.84774e-08
23 4.84774e-08
24 4.84774e-08
25 4.84774e-08
26 4.84774e-08
27 4.84774e-08
28 4.84774e-08
29 4.84774e-08
30 4.84774e-08
31 4.84774e-08
32 4.84774e-08
33 4.84774e-08
34 4.84774e-08
35 4.84774e-08
36 4.84774e-08
37 4.84774e-08
38 4.84774e-08
39 4.84774e-08
40 4.84774e-08
41 4.84774e-08
42 4.84774e-08
43 4.84774e-08
44 4.84774e-08
45 4.84774e-08
46 4.84774e-08
47 4.84774e-08
48 4.84774e-08
49 4.84774e-08
50 4.84774e-08
51 4.84774e-08
52 4.84774e-08
53 4.84774e-08
54 4.84774e-08
55 4.84774e-08
56 4.84774e-08
57 4.84774e-08
58 4.84774e-08
59 4.84774e-08
60 4.84774e-08
61 4.84774e-08
62 4.84774e-08
63 4.84774e-08
64 4.84774e-08
65 4.84774e-08
66 4.84774e-08
67 4.84774e-08
68 4.84774e-08
69 4.84774e-08
70 4.84774e-08
71 4.84774e-08
72 4.84774e-08
73 4.84774e-08
74 4.84774e-08
75 4.84774e-08
76 4.84774e-08
77 4.84774e-08
78 4.84774e-08
79 4.84774e-08
80 4.84774e-08
81 4.84774e-08
82 4.84774e-08
83 4.84774e-08
84 4.84774e-08
85 4.84774e-08
86 4.84774e-08
87 4.84774e-08
88 4.84774e-08
89 4.84774e-08
90 4.84774e-08
91 4.84774e-08
92 4.84774e-08
93 4.84774e-08
94 4.84774e-08
95 4.84774e-08
96 4.84774e-08
97 4.84774e-08
98 4.84774e-08
99 4.84774e-08
100 4.84774e-08
101 4.84774e-08
102 4.84774e-08
103 4.84774e-08
104 4.84774e-08
105 4.84774e-08
106 4.84774e-08
107 4.84774e-08
108 4.84774e-08
109 4.84774e-08
110 4.84774e-08
111 4.84774e-08
112 4.84774e-08
113 4.84774e-08
114 4.84774e-08
115 4.84774e-08
116 4.84774e-08
117 4.84774e-08
118 4.84774e-08
119 4.84774e-08
120 4.84774e-08
121 4.84774e-08
122 4.84774e-08
123 4.84774e-08
124 4.84774e-08
125 4.84774e-08
126 4.84774e-08
127 4.84774e-08
128 4.84774e-08
129 4.84774e-08
130 4.84774e-08
131 4.84774e-08
132 4.84774e-08
133 4.84774e-08
134 4.84774e-08
135 4.84774e-08
136 4.84774e-08
137 4.84774e-08
138 4.84774e-08
139 4.84774e-08
140 4.84774e-08
141 4.84774e-08
142 4.84774e-08
143 4.84774e-08
144 4.84774e-08
145 4.84774e-08
146 4.84774e-08
147 4.84774e-08
148 4.84774e-08
149 4.84774e-08
150 4.84774e-08
151 4.84774e-08
152 4.84774e-08
153 4.84774e-08
154 4.84774e-08
155 4.84774e-08
156 4.84774e-08
157 4.84774e-08
158 4.84774e-08
159 4.84774e-08
160 4.84774e-08
161 4.84774e-08
162 4.84774e-08
163 4.84774e-08
164 4.84774e-08
165 4.84774e-08
166 4.84774e-08
167 4.84774e-08
168 4.84774e-08
169 4.84774e-08
170 4.84774e-08
171 4.84774e-08
172 4.84774e-08
173 4.84774e-08
174 4.84774e-08
175 4.84774e-08
176 4.84774e-08
177 4.84774e-08
178 4.84774e-08
179 4.84774e-08
180 4.84774e-08
181 4.84774e-08
182 4.84774e-08
183 4.84774e-08
184 4.84774e-08
185 4.84774e-08
186 4.84774e-08
187 4.84774e-08
188 4.84774e-08
189 4.84774e-08
190 4.84774e-08
191 4.84774e-08
192 4.84774e-08
193 4.84774e-08
194 4.84774e-08
195 4.84774e-08
196 4.84774e-08
197 4.84774e-08
198 4.84774e-08
199 4.84774e-08
200 4.84774e-08
201 4.84774e-08
202 4.84774e-08
203 4.84774e-08
204 4.84774e-08
205 4.84774e-08
206 4.84774e-08
207 4.84774e-08
208 4.84774e-08
209 4.84774e-08
210 4.84774e-08
211 4.84774e-08
212 4.84774e-08
213 4.84774e-08
214 4.84774e-08
215 4.84774e-08
216 4.84774e-08
217 4.84774e-08
218 4.84774e-08
219 4.84774e-08
220 4.84774e-08
221 4.84774e-08
222 4.84774e-08
223 4.84774e-08
224 4.84774e-08
225 4.91037e-08
226 5.30299e-08
227 6.63233e-08
228 1.0671e-07
229 2.2394e-07
230 5.52733e-07
231 1.44642e-06
232 3.80248e-06
233 9.82148e-06
234 2.47122e-05
235 6.03567e-05
236 0.000142844
237 0.000327235
238 0.000725062
239 0.00155283
240 0.00321264
241 0.00641752
242 0.0123725
243 0.0230132
244 0.0412876
245 0.0714368
246 0.1192
247 0.191843
248 0.297898
249 0.44655
250 0.646671
251 0.905635
252 0.964597
253 0.977539
254 0.992551
255 0.995636
256 0.999008
257 0.999666
258 0.999792
259 0.999921
260 0.999946
261 0.99997
262 0.999994
263 0.999999
264 1
265 1
266 1
267 1
268 1
269 1
270 1
271 1
272 1
273 1
274 1
275 1
276 1
277 1
278 1
279 1
280 1
281 1
282 0.999999
283 0.999995
284 0.999971
285 0.999846
286 0.999726
287 0.999114
288 0.996066
289 0.981305
290 0.912113
291 0.854881
292 0.60552
293 0.414541
294 0.274062
295 0.174878
296 0.107675
297 0.0639729
298 0.0366848
299 0.020314
300 0.0108698
301 0.00562543
302 0.00281883
303 0.00136938
304 0.000645913
305 0.000296326
306 0.000132485
307 5.78551e-05
308 2.47409e-05
309 1.03934e-05
310 4.30778e-06
311 1.77438e-06
312 7.37015e-07
313 3.18311e-07
314 1.51552e-07
315 8.61683e-08
316 6.09079e-08
317 5.14939e-08
318 4.88248e-08
319 4.84774e-08
320 4.84774e-08
321 4.84774e-08
322 4.84774e-08
323 4.84774e-08
324 4.84774e-08
325 4.84774e-08
326 4.84774e-08
327 4.84774e-08
328 4.84774e-08
329 4.84774e-08
330 4.84774e-08
331 4.84774e-08
332 4.84774e-08
333 4.84774e-08
334 4.84774e-08
335 4.84774e-08
336 4.84774e-08
337 4.84774e-08
338 4.84774e-08
339 4.84774e-08
340 4.84774e-08
341 4.84774e-08
342 4.84774e-08
343 4.84774e-08
344 4.84774e-08
345 4.84774e-08
346 4.84774e-08
347 4.84774e-08
348 4.84774e-08
349 4.84774e-08
350 4.84774e-08
351 4.84774e-08
352 4.84774e-08
353 4.84774e-08
354 4.84774e-08
355 4.84774e-08
356 4.84774e-08
357 4.84774e-08
358 4.84774e-08
359 4.84774e-08
360 4.84774e-08
361 4.84774e-08
362 4.84774e-08
363 4.84774e-08
364 4.84774e-08
365 4.84774e-08
366 4.84774e-08
367 4.84774e-08
368 4.84774e-08
369 4.84774e-08
370 4.84774e-08
371 4.84774e-08
372 4.84774e-08
373 4.84774e-08
374 4.84774e-08
375 4.84774e-08
376 4.84774e-08
377 4.84774e-08
378 4.84774e-08
379 4.84774e-08
380 4.84774e-08
381 4.84774e-08
382 4.84774e-08
383 4.84774e-08
384 4.84774e-08
385 4.84774e-08
386 4.84774e-08
387 4.84774e-08
388 4.84774e-08
389 4.84774e-08
390 4.84774e-08
391 4.84774e-08
392 4.84774e-08
393 4.84774e-08
394 4.84774e-08
395 4.84774e-08
396 4.84774e-08
397 4.84774e-08
398 4.84774e-08
399 4.84774e-08
400 4.84774e-08
401 4.84774e-08
402 4.84774e-08
403 4.84774e-08
404 4.84774e-08
405 4.84774e-08
406 4.84774e-08
407 4.84774e-08
408 4.84774e-08
409 4.84774e-08
410 4.84774e-08
411 4.84774e-08
412 4.84774e-08
413 4.84774e-08
414 4.84774e-08
415 4.84774e-08
416 4.84774e-08
417 4.84774e-08
418 4.84774e-08
419 4.84774e-08
420 4.84774e-08
421 4.84774e-08
422 4.84774e-08
423 4.84774e-08
424 4.84774e-08
425 4.84774e-08
426 4.84774e-08
427 4.84774e-08
428 4.84774e-08
429 4.84774e-08
430 4.84774e-08
431 4.84774e-08
432 4.84774e-08
433 4.84774e-08
434 4.84774e-08
435 4.84774e-08
436 4.84774e-08
437 4.84774e-08
438 4.84774e-08
439 4.84774e-08
440 4.84774e-08
441 4.84774e-08
442 4.84774e-08
443 4.84774e-08
444 4.84774e-08
445 4.84774e-08
446 4.84774e-08
447 4.84774e-08
448 4.84774e-08
449 4.84774e-08
450 4.84774e-08
451 4.84774e-08
452 4.84774e-08
453 4.84774e-08
454 4.84774e-08
455 4.84774e-08
456 4.84774e-08
457 4.84774e-08
458 4.84774e-08
459 4.84774e-08
460 4.84774e-08
461 4.84774e-08
462 4.84774e-08
463 4.84774e-08
464 4.84774e-08
465 4.84774e-08
466 4.84774e-08
467 4.84774e-08
468 4.84774e-08
469 4.84774e-08
470 4.84774e-08
471 4.84774e-08
472 4.84774e-08
473 4.84774e-08
474 4.84774e-08
475 4.84774e-08
476 4.84774e-08
477 4.84774e-08
478 4.84774e-08
479 4.84774e-08
480 4.84774e-08
481 4.84774e-08
482 4.84774e-08
483 4.84774e-08
484 4.84774e-08
485 4.84774e-08
486 4.84774e-08
487 4.84774e-08
488 4.84774e-08
489 4.84774e-08
490 4.84774e-08
491 4.84774e-08
492 4.84774e-08
493 4.84774e-08
494 4.84774e-08
495 4.84774e-08
496 4.84774e-08
497 4.84774e-08
498 4.84774e-08
499 4.84774e-08
500 4.84774e-08
501 4.84774e-08
502 4.84774e-08
503 4.84774e-08
504 4.84774e-08
505 4.84774e-08
506 4.84774e-08
507 4.84774e-08
508 4.84774e-08
509 4.84774e-08
510 4.84774e-08
511 4.84774e-08
512 4.84774e-08
513 4.84774e-08
514 4.84774e-08
515 4.84774e-08
516 4.84774e-08
517 4.84774e-08
518 4.84774e-08
519 4.84774e-08
520 4.84774e-08
521 4.84774e-08
522 4.84774e-08
523 4.84774e-08
524 4.84774e-08
525 4.84774e-08
526 4.84774e-08
527 4.84774e-08
528 4.84774e-08
529 4.84774e-08
530 4.84774e-08
531 4.84774e-08
532 4.84774e-08
533 4.84774e-08
534 4.84774e-08
535 4.84774e-08
536 4.84774e-08
537 4.84774e-08
538 4.84774e-08
539 4.84774e-08
540 4.84774e-08
541 4.84774e-08
542 4.84774e-08
