1 4.54427e-08
2 4.54427e-08
3 4.54427e-08
4 4.54427e-08
5 4.54427e-08
6 4.54427e-08
7 4.54427e-08
8 4.54427e-08
9 4.54427e-08
10 4.54427e-08
11 4.54427e-08
12 4.54427e-08
13 4.54427e-08
14 4.54427e-08
15 4.54427e-08
16 4.54427e-08
17 4.54427e-08
18 4.54427e-08
19 4.54427e-08
20 4.54427e-08
21 4.54427e-08
22 4.54427e-08
23 4.54427e-08
24 4.54427e-08
25 4.54427e-08
26 4.54427e-08
27 4.54427e-08
28 4.54427e-08
29 4.54427e-08
30 4.54427e-08
31 4.54427e-08
32 4.54427e-08
33 4.54427e-08
34 4.54427e-08
35 4.54427e-08
36 4.54427e-08
37 4.54427e-08
38 4.54427e-08
39 4.54427e-08
40 4.54427e-08
41 4.54427e-08
42 4.54427e-08
43 4.54427e-08
44 4.54427e-08
45 4.54427e-08
46 4.54427e-08
47 4.54427e-08
48 4.54427e-08
49 4.54427e-08
50 4.54427e-08
51 4.54427e-08
52 4.54427e-08
53 4.54427e-08
54 4.54427e-08
55 4.54427e-08
56 4.54427e-08
57 4.54427e-08
58 4.54427e-08
59 4.54427e-08
60 4.54427e-08
61 4.54427e-08
62 4.54427e-08
63 4.54427e-08
64 4.54427e-08
65 4.54427e-08
66 4.54427e-08
67 4.54427e-08
68 4.54427e-08
69 4.54427e-08
70 4.54427e-08
71 4.54427e-08
72 4.54427e-08
73 4.54427e-08
74 4.54427e-08
75 4.54427e-08
76 4.54427e-08
77 4.54427e-08
78 4.54427e-08
79 4.54427e-08
80 4.54427e-08
81 4.54427e-08
82 4.54427e-08
83 4.54427e-08
84 4.54427e-08
85 4.54427e-08
86 4.54427e-08
87 4.54427e-08
88 4.54427e-08
89 4.54427e-08
90 4.54427e-08
91 4.54427e-08
92 4.54427e-08
93 4.54427e-08
94 4.54427e-08
95 4.54427e-08
96 4.54427e-08
97 4.54427e-08
98 4.54427e-08
99 4.54427e-08
100 4.54427e-08
101 4.54427e-08
102 4.54427e-08
103 4.54427e-08
104 4.54427e-08
105 4.54427e-08
106 4.54427e-08
107 4.54427e-08
108 4.54427e-08
109 4.54427e-08
110 4.54427e-08
111 4.54427e-08
112 4.54427e-08
113 4.54427e-08
114 4.54427e-08
115 4.54427e-08
116 4.54427e-08
117 4.54427e-08
118 4.54427e-08
119 4.54427e-08
120 4.54427e-08
121 4.54427e-08
122 4.54427e-08
123 4.54427e-08
124 4.54427e-08
125 4.54427e-08
126 4.54427e-08
127 4.54427e-08
128 4.54427e-08
129 4.54427e-08
130 4.54427e-08
131 4.54427e-08
132 4.54427e-08
133 4.54427e-08
134 4.54427e-08
135 4.54427e-08
136 4.54427e-08
137 4.54427e-08
138 4.54427e-08
139 4.54427e-08
140 4.54427e-08
141 4.54427e-08
142 4.54427e-08
143 4.54427e-08
144 4.54427e-08
145 4.54427e-08
146 4.54427e-08
147 4.54427e-08
148 4.54427e-08
149 4.54427e-08
150 4.54427e-08
151 4.54427e-08
152 4.54427e-08
153 4.54427e-08
154 4.54427e-08
155 4.54427e-08
156 4.54427e-08
157 4.54427e-08
158 4.54427e-08
159 4.54427e-08
160 4.54427e-08
161 4.54427e-08
162 4.54427e-08
163 4.54427e-08
164 4.54427e-08
165 4.54427e-08
166 4.54427e-08
167 4.54427e-08
168 4.54427e-08
169 4.54427e-08
170 4.54427e-08
171 4.54427e-08
172 4.54427e-08
173 4.54427e-08
174 4.54427e-08
175 4.54427e-08
176 4.54427e-08
177 4.54427e-08
178 4.54427e-08
179 4.54427e-08
180 4.54427e-08
181 4.54427e-08
182 4.54427e-08
183 4.54427e-08
184 4.54427e-08
185 4.54427e-08
186 4.54427e-08
187 4.54427e-08
188 4.54427e-08
189 4.54427e-08
190 4.54427e-08
191 4.54427e-08
192 4.54427e-08
193 4.54427e-08
194 4.54427e-08
195 4.54427e-08
196 4.54427e-08
197 4.54427e-08
198 4.54427e-08
199 4.54427e-08
200 4.54427e-08
201 4.54427e-08
202 4.54427e-08
203 4.54427e-08
204 4.54427e-08
205 4.54427e-08
206 4.54427e-08
207 4.54427e-08
208 4.54427e-08
209 4.54427e-08
210 4.54427e-08
211 4.54427e-08
212 4.54427e-08
213 4.54427e-08
214 4.54427e-08
215 4.54427e-08
216 4.54427e-08
217 4.54427e-08
218 4.54427e-08
219 4.54427e-08
220 4.54427e-08
221 4.54427e-08
222 4.54427e-08
223 4.54427e-08
224 4.54427e-08
225 4.54427e-08
226 4.54427e-08
227 4.54427e-08
228 4.54427e-08
229 4.54427e-08
230 4.54427e-08
231 4.54427e-08
232 4.54427e-08
233 4.54427e-08
234 4.54427e-08
235 4.54427e-08
236 4.54427e-08
237 4.54427e-08
238 4.54427e-08
239 4.54427e-08
240 4.54427e-08
241 4.54427e-08
242 4.54427e-08
243 4.54427e-08
244 4.54427e-08
245 4.54427e-08
246 5.9087e-08
247 1.30786e-07
248 3.78047e-07
249 1.17588e-06
250 3.77606e-06
251 1.2735e-05
252 1.84922e-05
253 2.19724e-05
254 3.74257e-05
255 4.76331e-05
256 8.99191e-05
257 0.000118092
258 0.000134946
259 0.000205139
260 0.000249058
261 0.000415028
262 0.00102239
263 0.00143843
264 0.00173394
265 0.00194994
266 0.00210809
267 0.00221695
268 0.00227403
269 0.00226398
270 0.00215263
271 0.00187696
272 0.00193476
273 0.00186525
274 0.00223329
275 0.00375307
276 0.00471584
277 0.00529412
278 0.00561065
279 0.00574842
280 0.00575889
281 0.00566774
282 0.00547692
283 0.00516268
284 0.00466853
285 0.00389355
286 0.00367864
287 0.00333459
288 0.00280319
289 0.00200564
290 0.000843305
291 0.000543069
292 0.000131137
293 3.08522e-05
294 7.08979e-06
295 1.59903e-06
296 3.60709e-07
297 9.12152e-08
298 4.54427e-08
299 4.54427e-08
300 4.54427e-08
301 4.54427e-08
302 4.54427e-08
303 4.54427e-08
304 4.54427e-08
305 4.54427e-08
306 4.54427e-08
307 4.54427e-08
308 4.54427e-08
309 4.54427e-08
310 4.54427e-08
311 4.54427e-08
312 4.54427e-08
313 4.54427e-08
314 4.54427e-08
315 4.54427e-08
316 4.54427e-08
317 4.54427e-08
318 4.54427e-08
319 4.54427e-08
320 4.54427e-08
321 4.54427e-08
322 4.54427e-08
323 4.54427e-08
324 4.54427e-08
325 4.54427e-08
326 4.54427e-08
327 4.54427e-08
328 4.54427e-08
329 4.54427e-08
330 4.54427e-08
331 4.54427e-08
332 4.54427e-08
333 4.54427e-08
334 4.54427e-08
335 4.54427e-08
336 4.54427e-08
337 4.54427e-08
338 4.54427e-08
339 4.54427e-08
340 4.54427e-08
341 4.54427e-08
342 4.54427e-08
343 4.54427e-08
344 4.54427e-08
345 4.54427e-08
346 4.54427e-08
347 4.54427e-08
348 4.54427e-08
349 4.54427e-08
350 4.54427e-08
351 4.54427e-08
352 4.54427e-08
353 4.54427e-08
354 4.54427e-08
355 4.54427e-08
356 4.54427e-08
357 4.54427e-08
358 4.54427e-08
359 4.54427e-08
360 4.54427e-08
361 4.54427e-08
362 4.54427e-08
363 4.54427e-08
364 4.54427e-08
365 4.54427e-08
366 4.54427e-08
367 4.54427e-08
368 4.54427e-08
369 4.54427e-08
370 4.54427e-08
371 4.54427e-08
372 4.54427e-08
373 4.54427e-08
374 4.54427e-08
375 4.54427e-08
376 4.54427e-08
377 4.54427e-08
378 4.54427e-08
379 4.54427e-08
380 4.54427e-08
381 4.54427e-08
382 4.54427e-08
383 4.54427e-08
384 4.54427e-08
385 4.54427e-08
386 4.54427e-08
387 4.54427e-08
388 4.54427e-08
389 4.54427e-08
390 4.54427e-08
391 4.54427e-08
392 4.54427e-08
393 4.54427e-08
394 4.54427e-08
395 4.54427e-08
396 4.54427e-08
397 4.54427e-08
398 4.54427e-08
399 4.54427e-08
400 4.54427e-08
401 4.54427e-08
402 4.54427e-08
403 4.54427e-08
404 4.54427e-08
405 4.54427e-08
406 4.54427e-08
407 4.54427e-08
408 4.54427e-08
409 4.54427e-08
410 4.54427e-08
411 4.54427e-08
412 4.54427e-08
413 4.54427e-08
414 4.54427e-08
415 4.54427e-08
416 4.54427e-08
417 4.54427e-08
418 4.54427e-08
419 4.54427e-08
420 4.54427e-08
421 4.54427e-08
422 4.54427e-08
423 4.54427e-08
424 4.54427e-08
425 4.54427e-08
426 4.54427e-08
427 4.54427e-08
428 4.54427e-08
429 4.54427e-08
430 4.54427e-08
431 4.54427e-08
432 4.54427e-08
433 4.54427e-08
434 4.54427e-08
435 4.54427e-08
436 4.54427e-08
437 4.54427e-08
438 4.54427e-08
439 4.54427e-08
440 4.54427e-08
441 4.54427e-08
442 4.54427e-08
443 4.54427e-08
444 4.54427e-08
445 4.54427e-08
446 4.54427e-08
447 4.54427e-08
448 4.54427e-08
449 4.54427e-08
450 4.54427e-08
451 4.54427e-08
452 4.54427e-08
453 4.54427e-08
454 4.54427e-08
455 4.54427e-08
456 4.54427e-08
457 4.54427e-08
458 4.54427e-08
459 4.54427e-08
460 4.54427e-08
461 4.54427e-08
462 4.54427e-08
463 4.54427e-08
464 4.54427e-08
465 4.54427e-08
466 4.54427e-08
467 4.54427e-08
468 4.54427e-08
469 4.54427e-08
470 4.54427e-08
471 4.54427e-08
472 4.54427e-08
473 4.54427e-08
474 4.54427e-08
475 4.54427e-08
476 4.54427e-08
477 4.54427e-08
478 4.54427e-08
479 4.54427e-08
480 4.54427e-08
481 4.54427e-08
482 4.54427e-08
483 4.54427e-08
484 4.54427e-08
485 4.54427e-08
486 4.54427e-08
487 4.54427e-08
488 4.54427e-08
489 4.54427e-08
490 4.54427e-08
491 4.54427e-08
492 4.54427e-08
493 4.54427e-08
494 4.54427e-08
495 4.54427e-08
496 4.54427e-08
497 4.54427e-08
498 4.54427e-08
499 4.54427e-08
500 4.54427e-08
501 4.54427e-08
502 4.54427e-08
503 4.54427e-08
504 4.54427e-08
505 4.54427e-08
506 4.54427e-08
507 4.54427e-08
508 4.54427e-08
509 4.54427e-08
510 4.54427e-08
511 4.54427e-08
512 4.54427e-08
513 4.54427e-08
514 4.54427e-08
515 4.54427e-08
516 4.54427e-08
517 4.54427e-08
518 4.54427e-08
519 4.54427e-08
520 4.54427e-08
521 4.54427e-08
522 4.54427e-08
523 4.54427e-08
524 4.54427e-08
525 4.54427e-08
526 4.54427e-08
527 4.54427e-08
528 4.54427e-08
529 4.54427e-08
530 4.54427e-08
531 4.54427e-08
532 4.54427e-08
533 4.54427e-08
534 4.54427e-08
535 4.54427e-08
536 4.54427e-08
537 4.54427e-08
538 4.54427e-08
539 4.54427e-08
540 4.54427e-08
541 4.54427e-08
542 4.54427e-08
