1 8.87632e-08
2 8.87632e-08
3 8.87632e-08
4 8.87632e-08
5 8.87632e-08
6 8.87632e-08
7 8.87632e-08
8 8.87632e-08
9 8.87632e-08
10 8.87632e-08
11 8.87632e-08
12 8.87632e-08
13 8.87632e-08
14 8.87632e-08
15 8.87632e-08
16 8.87632e-08
17 8.87632e-08
18 8.87632e-08
19 8.87632e-08
20 8.87632e-08
21 8.87632e-08
22 8.87632e-08
23 8.87632e-08
24 8.87632e-08
25 8.87632e-08
26 8.87632e-08
27 8.87632e-08
28 8.87632e-08
29 8.87632e-08
30 8.87632e-08
31 8.87632e-08
32 8.87632e-08
33 8.87632e-08
34 8.87632e-08
35 8.87632e-08
36 8.87632e-08
37 8.87632e-08
38 8.87632e-08
39 8.87632e-08
40 8.87632e-08
41 8.87632e-08
42 8.87632e-08
43 8.87632e-08
44 8.87632e-08
45 8.87632e-08
46 8.87632e-08
47 8.87632e-08
48 8.87632e-08
49 8.87632e-08
50 8.87632e-08
51 8.87632e-08
52 8.87632e-08
53 8.87632e-08
54 8.87632e-08
55 8.87632e-08
56 8.87632e-08
57 8.87632e-08
58 8.87632e-08
59 8.87632e-08
60 8.87632e-08
61 8.87632e-08
62 8.87632e-08
63 8.87632e-08
64 8.87632e-08
65 8.87632e-08
66 8.87632e-08
67 8.87632e-08
68 8.87632e-08
69 8.87632e-08
70 8.87632e-08
71 8.87632e-08
72 8.87632e-08
73 8.87632e-08
74 8.87632e-08
75 8.87632e-08
76 8.87632e-08
77 8.87632e-08
78 8.87632e-08
79 8.87632e-08
80 8.87632e-08
81 8.87632e-08
82 8.87632e-08
83 8.87632e-08
84 8.87632e-08
85 8.87632e-08
86 8.87632e-08
87 8.87632e-08
88 8.87632e-08
89 8.87632e-08
90 8.87632e-08
91 8.87632e-08
92 8.87632e-08
93 8.87632e-08
94 8.87632e-08
95 8.87632e-08
96 8.87632e-08
97 8.87632e-08
98 8.87632e-08
99 8.87632e-08
100 8.87632e-08
101 8.87632e-08
102 8.87632e-08
103 8.87632e-08
104 8.87632e-08
105 8.87632e-08
106 8.87632e-08
107 8.87632e-08
108 8.87632e-08
109 8.87632e-08
110 8.87632e-08
111 8.87632e-08
112 8.87632e-08
113 8.87632e-08
114 8.87632e-08
115 8.87632e-08
116 8.87632e-08
117 8.87632e-08
118 8.87632e-08
119 8.87632e-08
120 8.87632e-08
121 8.87632e-08
122 8.87632e-08
123 8.87632e-08
124 8.87632e-08
125 8.87632e-08
126 8.87632e-08
127 8.87632e-08
128 8.87632e-08
129 8.87632e-08
130 8.87632e-08
131 8.87632e-08
132 8.87632e-08
133 8.87632e-08
134 8.87632e-08
135 8.87632e-08
136 8.87632e-08
137 8.87632e-08
138 8.87632e-08
139 8.87632e-08
140 8.87632e-08
141 8.87632e-08
142 8.87632e-08
143 8.87632e-08
144 8.87632e-08
145 8.87632e-08
146 8.87632e-08
147 8.87632e-08
148 8.87632e-08
149 8.87632e-08
150 8.87632e-08
151 8.87632e-08
152 8.87632e-08
153 8.87632e-08
154 8.87632e-08
155 8.87632e-08
156 8.87632e-08
157 8.87632e-08
158 8.87632e-08
159 8.87632e-08
160 8.87632e-08
161 8.87632e-08
162 8.87632e-08
163 8.87632e-08
164 8.87632e-08
165 8.87632e-08
166 8.87632e-08
167 8.87632e-08
168 8.87632e-08
169 8.87632e-08
170 8.87632e-08
171 8.87632e-08
172 8.87632e-08
173 8.87632e-08
174 8.87632e-08
175 8.87632e-08
176 8.87632e-08
177 8.87632e-08
178 8.87632e-08
179 8.87632e-08
180 8.87632e-08
181 8.87632e-08
182 8.87632e-08
183 8.87632e-08
184 8.87632e-08
185 8.87632e-08
186 8.87632e-08
187 8.87632e-08
188 8.87632e-08
189 8.87632e-08
190 8.87632e-08
191 8.87632e-08
192 8.87632e-08
193 8.87632e-08
194 8.87632e-08
195 8.87632e-08
196 8.87632e-08
197 8.87632e-08
198 8.87632e-08
199 8.87632e-08
200 8.87632e-08
201 8.87632e-08
202 8.87632e-08
203 8.87632e-08
204 8.87632e-08
205 8.87632e-08
206 8.87632e-08
207 8.87632e-08
208 8.87632e-08
209 8.87632e-08
210 8.87632e-08
211 8.87632e-08
212 8.87632e-08
213 8.87632e-08
214 8.87632e-08
215 8.87632e-08
216 8.87632e-08
217 8.87632e-08
218 8.87632e-08
219 8.87632e-08
220 8.87632e-08
221 8.87632e-08
222 8.89009e-08
223 9.00966e-08
224 9.46432e-08
225 1.08787e-07
226 1.49806e-07
227 2.65361e-07
228 5.80625e-07
229 1.41475e-06
230 3.55535e-06
231 8.87869e-06
232 2.16982e-05
233 5.1569e-05
234 0.00011886
235 0.000265302
236 0.000572939
237 0.00119632
238 0.00241392
239 0.00470474
240 0.00885369
241 0.0160829
242 0.0281953
243 0.0477012
244 0.0778844
245 0.122755
246 0.186839
247 0.274796
248 0.390874
249 0.538309
250 0.718785
251 0.932099
252 0.976715
253 0.985776
254 0.99558
255 0.997478
256 0.999451
257 0.999821
258 0.99989
259 0.999959
260 0.999972
261 0.999984
262 0.999997
263 0.999999
264 1
265 1
266 1
267 1
268 1
269 1
270 1
271 1
272 1
273 1
274 1
275 1
276 1
277 1
278 1
279 1
280 1
281 1
282 0.999999
283 0.999997
284 0.999984
285 0.999916
286 0.999848
287 0.999489
288 0.9976
289 0.987864
290 0.938823
291 0.894862
292 0.685808
293 0.510066
294 0.367558
295 0.256295
296 0.172758
297 0.112495
298 0.0707373
299 0.042947
300 0.0251788
301 0.0142594
302 0.00780489
303 0.00413191
304 0.00211765
305 0.00105188
306 0.000507054
307 0.000237572
308 0.000108387
309 4.82567e-05
310 2.1026e-05
311 9.00168e-06
312 3.81225e-06
313 1.61796e-06
314 7.06845e-07
315 3.34481e-07
316 1.84447e-07
317 1.24887e-07
318 1.01542e-07
319 9.26266e-08
320 8.95783e-08
321 8.88869e-08
322 8.87632e-08
323 8.87632e-08
324 8.87632e-08
325 8.87632e-08
326 8.87632e-08
327 8.87632e-08
328 8.87632e-08
329 8.87632e-08
330 8.87632e-08
331 8.87632e-08
332 8.87632e-08
333 8.87632e-08
334 8.87632e-08
335 8.87632e-08
336 8.87632e-08
337 8.87632e-08
338 8.87632e-08
339 8.87632e-08
340 8.87632e-08
341 8.87632e-08
342 8.87632e-08
343 8.87632e-08
344 8.87632e-08
345 8.87632e-08
346 8.87632e-08
347 8.87632e-08
348 8.87632e-08
349 8.87632e-08
350 8.87632e-08
351 8.87632e-08
352 8.87632e-08
353 8.87632e-08
354 8.87632e-08
355 8.87632e-08
356 8.87632e-08
357 8.87632e-08
358 8.87632e-08
359 8.87632e-08
360 8.87632e-08
361 8.87632e-08
362 8.87632e-08
363 8.87632e-08
364 8.87632e-08
365 8.87632e-08
366 8.87632e-08
367 8.87632e-08
368 8.87632e-08
369 8.87632e-08
370 8.87632e-08
371 8.87632e-08
372 8.87632e-08
373 8.87632e-08
374 8.87632e-08
375 8.87632e-08
376 8.87632e-08
377 8.87632e-08
378 8.87632e-08
379 8.87632e-08
380 8.87632e-08
381 8.87632e-08
382 8.87632e-08
383 8.87632e-08
384 8.87632e-08
385 8.87632e-08
386 8.87632e-08
387 8.87632e-08
388 8.87632e-08
389 8.87632e-08
390 8.87632e-08
391 8.87632e-08
392 8.87632e-08
393 8.87632e-08
394 8.87632e-08
395 8.87632e-08
396 8.87632e-08
397 8.87632e-08
398 8.87632e-08
399 8.87632e-08
400 8.87632e-08
401 8.87632e-08
402 8.87632e-08
403 8.87632e-08
404 8.87632e-08
405 8.87632e-08
406 8.87632e-08
407 8.87632e-08
408 8.87632e-08
409 8.87632e-08
410 8.87632e-08
411 8.87632e-08
412 8.87632e-08
413 8.87632e-08
414 8.87632e-08
415 8.87632e-08
416 8.87632e-08
417 8.87632e-08
418 8.87632e-08
419 8.87632e-08
420 8.87632e-08
421 8.87632e-08
422 8.87632e-08
423 8.87632e-08
424 8.87632e-08
425 8.87632e-08
426 8.87632e-08
427 8.87632e-08
428 8.87632e-08
429 8.87632e-08
430 8.87632e-08
431 8.87632e-08
432 8.87632e-08
433 8.87632e-08
434 8.87632e-08
435 8.87632e-08
436 8.87632e-08
437 8.87632e-08
438 8.87632e-08
439 8.87632e-08
440 8.87632e-08
441 8.87632e-08
442 8.87632e-08
443 8.87632e-08
444 8.87632e-08
445 8.87632e-08
446 8.87632e-08
447 8.87632e-08
448 8.87632e-08
449 8.87632e-08
450 8.87632e-08
451 8.87632e-08
452 8.87632e-08
453 8.87632e-08
454 8.87632e-08
455 8.87632e-08
456 8.87632e-08
457 8.87632e-08
458 8.87632e-08
459 8.87632e-08
460 8.87632e-08
461 8.87632e-08
462 8.87632e-08
463 8.87632e-08
464 8.87632e-08
465 8.87632e-08
466 8.87632e-08
467 8.87632e-08
468 8.87632e-08
469 8.87632e-08
470 8.87632e-08
471 8.87632e-08
472 8.87632e-08
473 8.87632e-08
474 8.87632e-08
475 8.87632e-08
476 8.87632e-08
477 8.87632e-08
478 8.87632e-08
479 8.87632e-08
480 8.87632e-08
481 8.87632e-08
482 8.87632e-08
483 8.87632e-08
484 8.87632e-08
485 8.87632e-08
486 8.87632e-08
487 8.87632e-08
488 8.87632e-08
489 8.87632e-08
490 8.87632e-08
491 8.87632e-08
492 8.87632e-08
493 8.87632e-08
494 8.87632e-08
495 8.87632e-08
496 8.87632e-08
497 8.87632e-08
498 8.87632e-08
499 8.87632e-08
500 8.87632e-08
501 8.87632e-08
502 8.87632e-08
503 8.87632e-08
504 8.87632e-08
505 8.87632e-08
506 8.87632e-08
507 8.87632e-08
508 8.87632e-08
509 8.87632e-08
510 8.87632e-08
511 8.87632e-08
512 8.87632e-08
513 8.87632e-08
514 8.87632e-08
515 8.87632e-08
516 8.87632e-08
517 8.87632e-08
518 8.87632e-08
519 8.87632e-08
520 8.87632e-08
521 8.87632e-08
522 8.87632e-08
523 8.87632e-08
524 8.87632e-08
525 8.87632e-08
526 8.87632e-08
527 8.87632e-08
528 8.87632e-08
529 8.87632e-08
530 8.87632e-08
531 8.87632e-08
532 8.87632e-08
533 8.87632e-08
534 8.87632e-08
535 8.87632e-08
536 8.87632e-08
537 8.87632e-08
538 8.87632e-08
539 8.87632e-08
540 8.87632e-08
541 8.87632e-08
542 8.87632e-08
