1 2.02336e-08
2 2.02336e-08
3 2.02336e-08
4 2.02336e-08
5 2.02336e-08
6 2.02336e-08
7 2.02336e-08
8 2.02336e-08
9 2.02336e-08
10 2.02336e-08
11 2.02336e-08
12 2.02336e-08
13 2.02336e-08
14 2.02336e-08
15 2.02336e-08
16 2.02336e-08
17 2.02336e-08
18 2.02336e-08
19 2.02336e-08
20 2.02336e-08
21 2.02336e-08
22 2.02336e-08
23 2.02336e-08
24 2.02336e-08
25 2.02336e-08
26 2.02336e-08
27 2.02336e-08
28 2.02336e-08
29 2.02336e-08
30 2.02336e-08
31 2.02336e-08
32 2.02336e-08
33 2.02336e-08
34 2.02336e-08
35 2.02336e-08
36 2.02336e-08
37 2.02336e-08
38 2.02336e-08
39 2.02336e-08
40 2.02336e-08
41 2.02336e-08
42 2.02336e-08
43 2.02336e-08
44 2.02336e-08
45 2.02336e-08
46 2.02336e-08
47 2.02336e-08
48 2.02336e-08
49 2.02336e-08
50 2.02336e-08
51 2.02336e-08
52 2.02336e-08
53 2.02336e-08
54 2.02336e-08
55 2.02336e-08
56 2.02336e-08
57 2.02336e-08
58 2.02336e-08
59 2.02336e-08
60 2.02336e-08
61 2.02336e-08
62 2.02336e-08
63 2.02336e-08
64 2.02336e-08
65 2.02336e-08
66 2.02336e-08
67 2.02336e-08
68 2.02336e-08
69 2.02336e-08
70 2.02336e-08
71 2.02336e-08
72 2.02336e-08
73 2.02336e-08
74 2.02336e-08
75 2.02336e-08
76 2.02336e-08
77 2.02336e-08
78 2.02336e-08
79 2.02336e-08
80 2.02336e-08
81 2.02336e-08
82 2.02336e-08
83 2.02336e-08
84 2.02336e-08
85 2.02336e-08
86 2.02336e-08
87 2.02336e-08
88 2.02336e-08
89 2.02336e-08
90 2.02336e-08
91 2.02336e-08
92 2.02336e-08
93 2.02336e-08
94 2.02336e-08
95 2.02336e-08
96 2.02336e-08
97 2.02336e-08
98 2.02336e-08
99 2.02336e-08
100 2.02336e-08
101 2.02336e-08
102 2.02336e-08
103 2.02336e-08
104 2.02336e-08
105 2.02336e-08
106 2.02336e-08
107 2.02336e-08
108 2.02336e-08
109 2.02336e-08
110 2.02336e-08
111 2.02336e-08
112 2.02336e-08
113 2.02336e-08
114 2.02336e-08
115 2.02336e-08
116 2.02336e-08
117 2.02336e-08
118 2.02336e-08
119 2.02336e-08
120 2.02336e-08
121 2.02336e-08
122 2.02336e-08
123 2.02336e-08
124 2.02336e-08
125 2.02336e-08
126 2.02336e-08
127 2.02336e-08
128 2.02336e-08
129 2.02336e-08
130 2.02336e-08
131 2.02336e-08
132 2.02336e-08
133 2.02336e-08
134 2.02336e-08
135 2.02336e-08
136 2.02336e-08
137 2.02336e-08
138 2.02336e-08
139 2.02336e-08
140 2.02336e-08
141 2.02336e-08
142 2.02336e-08
143 2.02336e-08
144 2.02336e-08
145 2.02336e-08
146 2.02336e-08
147 2.02336e-08
148 2.02336e-08
149 2.02336e-08
150 2.02336e-08
151 2.02336e-08
152 2.02336e-08
153 2.02336e-08
154 2.02336e-08
155 2.02336e-08
156 2.02336e-08
157 2.02336e-08
158 2.02336e-08
159 2.02336e-08
160 2.02336e-08
161 2.02336e-08
162 2.02336e-08
163 2.02336e-08
164 2.02336e-08
165 2.02336e-08
166 2.02336e-08
167 2.02336e-08
168 2.02336e-08
169 2.02336e-08
170 2.02336e-08
171 2.02336e-08
172 2.02336e-08
173 2.02336e-08
174 2.02336e-08
175 2.02336e-08
176 2.02336e-08
177 2.02336e-08
178 2.02336e-08
179 2.02336e-08
180 2.02336e-08
181 2.02336e-08
182 2.02336e-08
183 2.02336e-08
184 2.02336e-08
185 2.02336e-08
186 2.02336e-08
187 2.02336e-08
188 2.02336e-08
189 2.02336e-08
190 2.02336e-08
191 2.02336e-08
192 2.02336e-08
193 2.02336e-08
194 2.02336e-08
195 2.02336e-08
196 2.02336e-08
197 2.02336e-08
198 2.02336e-08
199 2.02336e-08
200 2.02336e-08
201 2.02336e-08
202 2.02336e-08
203 2.02336e-08
204 2.02336e-08
205 2.02336e-08
206 2.02336e-08
207 2.02336e-08
208 2.02336e-08
209 2.02336e-08
210 2.02336e-08
211 2.02336e-08
212 2.02336e-08
213 2.02336e-08
214 2.02336e-08
215 2.02336e-08
216 2.02336e-08
217 2.02336e-08
218 2.02336e-08
219 2.02336e-08
220 2.02336e-08
221 2.02336e-08
222 2.02336e-08
223 2.02336e-08
224 2.02336e-08
225 2.02336e-08
226 2.02336e-08
227 2.02336e-08
228 2.06196e-08
229 2.4561e-08
230 3.95894e-08
231 8.74884e-08
232 2.33171e-07
233 6.61196e-07
234 1.88047e-06
235 5.24957e-06
236 1.42763e-05
237 3.77055e-05
238 9.65582e-05
239 0.000239502
240 0.000574892
241 0.0013344
242 0.00299293
243 0.00648239
244 0.01355
245 0.02732
246 0.0531074
247 0.0994943
248 0.179593
249 0.312291
250 0.523118
251 0.844255
252 0.92999
253 0.951937
254 0.981413
255 0.988363
256 0.996978
257 0.998859
258 0.999256
259 0.999699
260 0.999787
261 0.99988
262 0.999978
263 0.999996
264 0.999999
265 1
266 1
267 1
268 1
269 1
270 1
271 1
272 1
273 1
274 1
275 1
276 1
277 1
278 1
279 1
280 1
281 0.999999
282 0.999996
283 0.99998
284 0.9999
285 0.99951
286 0.999173
287 0.997642
288 0.990943
289 0.962788
290 0.849282
291 0.769083
292 0.472057
293 0.279284
294 0.159313
295 0.0876689
296 0.0465758
297 0.0239125
298 0.0118786
299 0.00571741
300 0.00267086
301 0.00121322
302 0.000537024
303 0.000232181
304 9.82928e-05
305 4.08504e-05
306 1.67093e-05
307 6.7434e-06
308 2.69214e-06
309 1.06715e-06
310 4.23542e-07
311 1.71587e-07
312 7.42243e-08
313 3.73652e-08
314 2.41436e-08
315 2.07686e-08
316 2.02336e-08
317 2.02336e-08
318 2.02336e-08
319 2.02336e-08
320 2.02336e-08
321 2.02336e-08
322 2.02336e-08
323 2.02336e-08
324 2.02336e-08
325 2.02336e-08
326 2.02336e-08
327 2.02336e-08
328 2.02336e-08
329 2.02336e-08
330 2.02336e-08
331 2.02336e-08
332 2.02336e-08
333 2.02336e-08
334 2.02336e-08
335 2.02336e-08
336 2.02336e-08
337 2.02336e-08
338 2.02336e-08
339 2.02336e-08
340 2.02336e-08
341 2.02336e-08
342 2.02336e-08
343 2.02336e-08
344 2.02336e-08
345 2.02336e-08
346 2.02336e-08
347 2.02336e-08
348 2.02336e-08
349 2.02336e-08
350 2.02336e-08
351 2.02336e-08
352 2.02336e-08
353 2.02336e-08
354 2.02336e-08
355 2.02336e-08
356 2.02336e-08
357 2.02336e-08
358 2.02336e-08
359 2.02336e-08
360 2.02336e-08
361 2.02336e-08
362 2.02336e-08
363 2.02336e-08
364 2.02336e-08
365 2.02336e-08
366 2.02336e-08
367 2.02336e-08
368 2.02336e-08
369 2.02336e-08
370 2.02336e-08
371 2.02336e-08
372 2.02336e-08
373 2.02336e-08
374 2.02336e-08
375 2.02336e-08
376 2.02336e-08
377 2.02336e-08
378 2.02336e-08
379 2.02336e-08
380 2.02336e-08
381 2.02336e-08
382 2.02336e-08
383 2.02336e-08
384 2.02336e-08
385 2.02336e-08
386 2.02336e-08
387 2.02336e-08
388 2.02336e-08
389 2.02336e-08
390 2.02336e-08
391 2.02336e-08
392 2.02336e-08
393 2.02336e-08
394 2.02336e-08
395 2.02336e-08
396 2.02336e-08
397 2.02336e-08
398 2.02336e-08
399 2.02336e-08
400 2.02336e-08
401 2.02336e-08
402 2.02336e-08
403 2.02336e-08
404 2.02336e-08
405 2.02336e-08
406 2.02336e-08
407 2.02336e-08
408 2.02336e-08
409 2.02336e-08
410 2.02336e-08
411 2.02336e-08
412 2.02336e-08
413 2.02336e-08
414 2.02336e-08
415 2.02336e-08
416 2.02336e-08
417 2.02336e-08
418 2.02336e-08
419 2.02336e-08
420 2.02336e-08
421 2.02336e-08
422 2.02336e-08
423 2.02336e-08
424 2.02336e-08
425 2.02336e-08
426 2.02336e-08
427 2.02336e-08
428 2.02336e-08
429 2.02336e-08
430 2.02336e-08
431 2.02336e-08
432 2.02336e-08
433 2.02336e-08
434 2.02336e-08
435 2.02336e-08
436 2.02336e-08
437 2.02336e-08
438 2.02336e-08
439 2.02336e-08
440 2.02336e-08
441 2.02336e-08
442 2.02336e-08
443 2.02336e-08
444 2.02336e-08
445 2.02336e-08
446 2.02336e-08
447 2.02336e-08
448 2.02336e-08
449 2.02336e-08
450 2.02336e-08
451 2.02336e-08
452 2.02336e-08
453 2.02336e-08
454 2.02336e-08
455 2.02336e-08
456 2.02336e-08
457 2.02336e-08
458 2.02336e-08
459 2.02336e-08
460 2.02336e-08
461 2.02336e-08
462 2.02336e-08
463 2.02336e-08
464 2.02336e-08
465 2.02336e-08
466 2.02336e-08
467 2.02336e-08
468 2.02336e-08
469 2.02336e-08
470 2.02336e-08
471 2.02336e-08
472 2.02336e-08
473 2.02336e-08
474 2.02336e-08
475 2.02336e-08
476 2.02336e-08
477 2.02336e-08
478 2.02336e-08
479 2.02336e-08
480 2.02336e-08
481 2.02336e-08
482 2.02336e-08
483 2.02336e-08
484 2.02336e-08
485 2.02336e-08
486 2.02336e-08
487 2.02336e-08
488 2.02336e-08
489 2.02336e-08
490 2.02336e-08
491 2.02336e-08
492 2.02336e-08
493 2.02336e-08
494 2.02336e-08
495 2.02336e-08
496 2.02336e-08
497 2.02336e-08
498 2.02336e-08
499 2.02336e-08
500 2.02336e-08
501 2.02336e-08
502 2.02336e-08
503 2.02336e-08
504 2.02336e-08
505 2.02336e-08
506 2.02336e-08
507 2.02336e-08
508 2.02336e-08
509 2.02336e-08
510 2.02336e-08
511 2.02336e-08
512 2.02336e-08
513 2.02336e-08
514 2.02336e-08
515 2.02336e-08
516 2.02336e-08
517 2.02336e-08
518 2.02336e-08
519 2.02336e-08
520 2.02336e-08
521 2.02336e-08
522 2.02336e-08
523 2.02336e-08
524 2.02336e-08
525 2.02336e-08
526 2.02336e-08
527 2.02336e-08
528 2.02336e-08
529 2.02336e-08
530 2.02336e-08
531 2.02336e-08
532 2.02336e-08
533 2.02336e-08
534 2.02336e-08
535 2.02336e-08
536 2.02336e-08
537 2.02336e-08
538 2.02336e-08
539 2.02336e-08
540 2.02336e-08
541 2.02336e-08
542 2.02336e-08
