1 9.51834e-08
2 9.51834e-08
3 9.51834e-08
4 9.51834e-08
5 9.51834e-08
6 9.51834e-08
7 9.51834e-08
8 9.51834e-08
9 9.51834e-08
10 9.51834e-08
11 9.51834e-08
12 9.51834e-08
13 9.51834e-08
14 9.51834e-08
15 9.51834e-08
16 9.51834e-08
17 9.51834e-08
18 9.51834e-08
19 9.51834e-08
20 9.51834e-08
21 9.51834e-08
22 9.51834e-08
23 9.51834e-08
24 9.51834e-08
25 9.51834e-08
26 9.51834e-08
27 9.51834e-08
28 9.51834e-08
29 9.51834e-08
30 9.51834e-08
31 9.51834e-08
32 9.51834e-08
33 9.51834e-08
34 9.51834e-08
35 9.51834e-08
36 9.51834e-08
37 9.51834e-08
38 9.51834e-08
39 9.51834e-08
40 9.51834e-08
41 9.51834e-08
42 9.51834e-08
43 9.51834e-08
44 9.51834e-08
45 9.51834e-08
46 9.51834e-08
47 9.51834e-08
48 9.51834e-08
49 9.51834e-08
50 9.51834e-08
51 9.51834e-08
52 9.51834e-08
53 9.51834e-08
54 9.51834e-08
55 9.51834e-08
56 9.51834e-08
57 9.51834e-08
58 9.51834e-08
59 9.51834e-08
60 9.51834e-08
61 9.51834e-08
62 9.51834e-08
63 9.51834e-08
64 9.51834e-08
65 9.51834e-08
66 9.51834e-08
67 9.51834e-08
68 9.51834e-08
69 9.51834e-08
70 9.51834e-08
71 9.51834e-08
72 9.51834e-08
73 9.51834e-08
74 9.51834e-08
75 9.51834e-08
76 9.51834e-08
77 9.51834e-08
78 9.51834e-08
79 9.51834e-08
80 9.51834e-08
81 9.51834e-08
82 9.51834e-08
83 9.51834e-08
84 9.51834e-08
85 9.51834e-08
86 9.51834e-08
87 9.51834e-08
88 9.51834e-08
89 9.51834e-08
90 9.51834e-08
91 9.51834e-08
92 9.51834e-08
93 9.51834e-08
94 9.51834e-08
95 9.51834e-08
96 9.51834e-08
97 9.51834e-08
98 9.51834e-08
99 9.51834e-08
100 9.51834e-08
101 9.51834e-08
102 9.51834e-08
103 9.51834e-08
104 9.51834e-08
105 9.51834e-08
106 9.51834e-08
107 9.51834e-08
108 9.51834e-08
109 9.51834e-08
110 9.51834e-08
111 9.51834e-08
112 9.51834e-08
113 9.51834e-08
114 9.51834e-08
115 9.51834e-08
116 9.51834e-08
117 9.51834e-08
118 9.51834e-08
119 9.51834e-08
120 9.51834e-08
121 9.51834e-08
122 9.51834e-08
123 9.51834e-08
124 9.51834e-08
125 9.51834e-08
126 9.51834e-08
127 9.51834e-08
128 9.51834e-08
129 9.51834e-08
130 9.51834e-08
131 9.51834e-08
132 9.51834e-08
133 9.51834e-08
134 9.51834e-08
135 9.51834e-08
136 9.51834e-08
137 9.51834e-08
138 9.51834e-08
139 9.51834e-08
140 9.51834e-08
141 9.51834e-08
142 9.51834e-08
143 9.51834e-08
144 9.51834e-08
145 9.51834e-08
146 9.51834e-08
147 9.51834e-08
148 9.51834e-08
149 9.51834e-08
150 9.51834e-08
151 9.51834e-08
152 9.51834e-08
153 9.51834e-08
154 9.51834e-08
155 9.51834e-08
156 9.51834e-08
157 9.51834e-08
158 9.51834e-08
159 9.51834e-08
160 9.51834e-08
161 9.51834e-08
162 9.51834e-08
163 9.51834e-08
164 9.51834e-08
165 9.51834e-08
166 9.51834e-08
167 9.51834e-08
168 9.51834e-08
169 9.51834e-08
170 9.51834e-08
171 9.51834e-08
172 9.51834e-08
173 9.51834e-08
174 9.51834e-08
175 9.51834e-08
176 9.51834e-08
177 9.51834e-08
178 9.51834e-08
179 9.51834e-08
180 9.51834e-08
181 9.51834e-08
182 9.51834e-08
183 9.51834e-08
184 9.51834e-08
185 9.51834e-08
186 9.51834e-08
187 9.51834e-08
188 9.51834e-08
189 9.51834e-08
190 9.51834e-08
191 9.51834e-08
192 9.51834e-08
193 9.51834e-08
194 9.51834e-08
195 9.51834e-08
196 9.51834e-08
197 9.51834e-08
198 9.51834e-08
199 9.51834e-08
200 9.51834e-08
201 9.51834e-08
202 9.51834e-08
203 9.51834e-08
204 9.51834e-08
205 9.51834e-08
206 9.51834e-08
207 9.51834e-08
208 9.51834e-08
209 9.51834e-08
210 9.51834e-08
211 9.51834e-08
212 9.51834e-08
213 9.51834e-08
214 9.51834e-08
215 9.51834e-08
216 9.51834e-08
217 9.51834e-08
218 9.51834e-08
219 9.51834e-08
220 9.51834e-08
221 9.51834e-08
222 9.51834e-08
223 9.51834e-08
224 9.51834e-08
225 9.51834e-08
226 9.51834e-08
227 9.51834e-08
228 9.51834e-08
229 9.51834e-08
230 9.51834e-08
231 9.51834e-08
232 9.51834e-08
233 9.51834e-08
234 9.51834e-08
235 9.51834e-08
236 9.51834e-08
237 9.51834e-08
238 9.51834e-08
239 9.51834e-08
240 9.51834e-08
241 9.51834e-08
242 9.84454e-08
243 1.21192e-07
244 2.20017e-07
245 5.59888e-07
246 1.73928e-06
247 6.06321e-06
248 2.23422e-05
249 8.46318e-05
250 0.000323066
251 0.00122655
252 0.00184251
253 0.0022549
254 0.00375095
255 0.00473472
256 0.00831113
257 0.010728
258 0.0124038
259 0.0190794
260 0.0240374
261 0.0447173
262 0.131291
263 0.197256
264 0.246907
265 0.283608
266 0.310122
267 0.328715
268 0.341161
269 0.34866
270 0.351663
271 0.349466
272 0.359645
273 0.362443
274 0.384306
275 0.455613
276 0.493035
277 0.510788
278 0.516899
279 0.515327
280 0.507381
281 0.492597
282 0.469227
283 0.43443
284 0.384158
285 0.312615
286 0.294068
287 0.267421
288 0.228385
289 0.169801
290 0.0800346
291 0.0545983
292 0.0151833
293 0.00413746
294 0.00109999
295 0.000284701
296 7.17182e-05
297 1.76218e-05
298 4.25765e-06
299 1.04216e-06
300 2.95386e-07
301 1.28278e-07
302 9.51834e-08
303 9.51834e-08
304 9.51834e-08
305 9.51834e-08
306 9.51834e-08
307 9.51834e-08
308 9.51834e-08
309 9.51834e-08
310 9.51834e-08
311 9.51834e-08
312 9.51834e-08
313 9.51834e-08
314 9.51834e-08
315 9.51834e-08
316 9.51834e-08
317 9.51834e-08
318 9.51834e-08
319 9.51834e-08
320 9.51834e-08
321 9.51834e-08
322 9.51834e-08
323 9.51834e-08
324 9.51834e-08
325 9.51834e-08
326 9.51834e-08
327 9.51834e-08
328 9.51834e-08
329 9.51834e-08
330 9.51834e-08
331 9.51834e-08
332 9.51834e-08
333 9.51834e-08
334 9.51834e-08
335 9.51834e-08
336 9.51834e-08
337 9.51834e-08
338 9.51834e-08
339 9.51834e-08
340 9.51834e-08
341 9.51834e-08
342 9.51834e-08
343 9.51834e-08
344 9.51834e-08
345 9.51834e-08
346 9.51834e-08
347 9.51834e-08
348 9.51834e-08
349 9.51834e-08
350 9.51834e-08
351 9.51834e-08
352 9.51834e-08
353 9.51834e-08
354 9.51834e-08
355 9.51834e-08
356 9.51834e-08
357 9.51834e-08
358 9.51834e-08
359 9.51834e-08
360 9.51834e-08
361 9.51834e-08
362 9.51834e-08
363 9.51834e-08
364 9.51834e-08
365 9.51834e-08
366 9.51834e-08
367 9.51834e-08
368 9.51834e-08
369 9.51834e-08
370 9.51834e-08
371 9.51834e-08
372 9.51834e-08
373 9.51834e-08
374 9.51834e-08
375 9.51834e-08
376 9.51834e-08
377 9.51834e-08
378 9.51834e-08
379 9.51834e-08
380 9.51834e-08
381 9.51834e-08
382 9.51834e-08
383 9.51834e-08
384 9.51834e-08
385 9.51834e-08
386 9.51834e-08
387 9.51834e-08
388 9.51834e-08
389 9.51834e-08
390 9.51834e-08
391 9.51834e-08
392 9.51834e-08
393 9.51834e-08
394 9.51834e-08
395 9.51834e-08
396 9.51834e-08
397 9.51834e-08
398 9.51834e-08
399 9.51834e-08
400 9.51834e-08
401 9.51834e-08
402 9.51834e-08
403 9.51834e-08
404 9.51834e-08
405 9.51834e-08
406 9.51834e-08
407 9.51834e-08
408 9.51834e-08
409 9.51834e-08
410 9.51834e-08
411 9.51834e-08
412 9.51834e-08
413 9.51834e-08
414 9.51834e-08
415 9.51834e-08
416 9.51834e-08
417 9.51834e-08
418 9.51834e-08
419 9.51834e-08
420 9.51834e-08
421 9.51834e-08
422 9.51834e-08
423 9.51834e-08
424 9.51834e-08
425 9.51834e-08
426 9.51834e-08
427 9.51834e-08
428 9.51834e-08
429 9.51834e-08
430 9.51834e-08
431 9.51834e-08
432 9.51834e-08
433 9.51834e-08
434 9.51834e-08
435 9.51834e-08
436 9.51834e-08
437 9.51834e-08
438 9.51834e-08
439 9.51834e-08
440 9.51834e-08
441 9.51834e-08
442 9.51834e-08
443 9.51834e-08
444 9.51834e-08
445 9.51834e-08
446 9.51834e-08
447 9.51834e-08
448 9.51834e-08
449 9.51834e-08
450 9.51834e-08
451 9.51834e-08
452 9.51834e-08
453 9.51834e-08
454 9.51834e-08
455 9.51834e-08
456 9.51834e-08
457 9.51834e-08
458 9.51834e-08
459 9.51834e-08
460 9.51834e-08
461 9.51834e-08
462 9.51834e-08
463 9.51834e-08
464 9.51834e-08
465 9.51834e-08
466 9.51834e-08
467 9.51834e-08
468 9.51834e-08
469 9.51834e-08
470 9.51834e-08
471 9.51834e-08
472 9.51834e-08
473 9.51834e-08
474 9.51834e-08
475 9.51834e-08
476 9.51834e-08
477 9.51834e-08
478 9.51834e-08
479 9.51834e-08
480 9.51834e-08
481 9.51834e-08
482 9.51834e-08
483 9.51834e-08
484 9.51834e-08
485 9.51834e-08
486 9.51834e-08
487 9.51834e-08
488 9.51834e-08
489 9.51834e-08
490 9.51834e-08
491 9.51834e-08
492 9.51834e-08
493 9.51834e-08
494 9.51834e-08
495 9.51834e-08
496 9.51834e-08
497 9.51834e-08
498 9.51834e-08
499 9.51834e-08
500 9.51834e-08
501 9.51834e-08
502 9.51834e-08
503 9.51834e-08
504 9.51834e-08
505 9.51834e-08
506 9.51834e-08
507 9.51834e-08
508 9.51834e-08
509 9.51834e-08
510 9.51834e-08
511 9.51834e-08
512 9.51834e-08
513 9.51834e-08
514 9.51834e-08
515 9.51834e-08
516 9.51834e-08
517 9.51834e-08
518 9.51834e-08
519 9.51834e-08
520 9.51834e-08
521 9.51834e-08
522 9.51834e-08
523 9.51834e-08
524 9.51834e-08
525 9.51834e-08
526 9.51834e-08
527 9.51834e-08
528 9.51834e-08
529 9.51834e-08
530 9.51834e-08
531 9.51834e-08
532 9.51834e-08
533 9.51834e-08
534 9.51834e-08
535 9.51834e-08
536 9.51834e-08
537 9.51834e-08
538 9.51834e-08
539 9.51834e-08
540 9.51834e-08
541 9.51834e-08
542 9.51834e-08
