1 6.14907e-09
2 6.14907e-09
3 6.14907e-09
4 6.14907e-09
5 6.14907e-09
6 6.14907e-09
7 6.14907e-09
8 6.14907e-09
9 6.14907e-09
10 6.14907e-09
11 6.14907e-09
12 6.14907e-09
13 6.14907e-09
14 6.14907e-09
15 6.14907e-09
16 6.14907e-09
17 6.14907e-09
18 6.14907e-09
19 6.14907e-09
20 6.14907e-09
21 6.14907e-09
22 6.14907e-09
23 6.14907e-09
24 6.14907e-09
25 6.14907e-09
26 6.14907e-09
27 6.14907e-09
28 6.14907e-09
29 6.14907e-09
30 6.14907e-09
31 6.14907e-09
32 6.14907e-09
33 6.14907e-09
34 6.14907e-09
35 6.14907e-09
36 6.14907e-09
37 6.14907e-09
38 6.14907e-09
39 6.14907e-09
40 6.14907e-09
41 6.14907e-09
42 6.14907e-09
43 6.14907e-09
44 6.14907e-09
45 6.14907e-09
46 6.14907e-09
47 6.14907e-09
48 6.14907e-09
49 6.14907e-09
50 6.14907e-09
51 6.14907e-09
52 6.14907e-09
53 6.14907e-09
54 6.14907e-09
55 6.14907e-09
56 6.14907e-09
57 6.14907e-09
58 6.14907e-09
59 6.14907e-09
60 6.14907e-09
61 6.14907e-09
62 6.14907e-09
63 6.14907e-09
64 6.14907e-09
65 6.14907e-09
66 6.14907e-09
67 6.14907e-09
68 6.14907e-09
69 6.14907e-09
70 6.14907e-09
71 6.14907e-09
72 6.14907e-09
73 6.14907e-09
74 6.14907e-09
75 6.14907e-09
76 6.14907e-09
77 6.14907e-09
78 6.14907e-09
79 6.14907e-09
80 6.14907e-09
81 6.14907e-09
82 6.14907e-09
83 6.14907e-09
84 6.14907e-09
85 6.14907e-09
86 6.14907e-09
87 6.14907e-09
88 6.14907e-09
89 6.14907e-09
90 6.14907e-09
91 6.14907e-09
92 6.14907e-09
93 6.14907e-09
94 6.14907e-09
95 6.14907e-09
96 6.14907e-09
97 6.14907e-09
98 6.14907e-09
99 6.14907e-09
100 6.14907e-09
101 6.14907e-09
102 6.14907e-09
103 6.14907e-09
104 6.14907e-09
105 6.14907e-09
106 6.14907e-09
107 6.14907e-09
108 6.14907e-09
109 6.14907e-09
110 6.14907e-09
111 6.14907e-09
112 6.14907e-09
113 6.14907e-09
114 6.14907e-09
115 6.14907e-09
116 6.14907e-09
117 6.14907e-09
118 6.14907e-09
119 6.14907e-09
120 6.14907e-09
121 6.14907e-09
122 6.14907e-09
123 6.14907e-09
124 6.14907e-09
125 6.14907e-09
126 6.14907e-09
127 6.14907e-09
128 6.14907e-09
129 6.14907e-09
130 6.14907e-09
131 6.14907e-09
132 6.14907e-09
133 6.14907e-09
134 6.14907e-09
135 6.14907e-09
136 6.14907e-09
137 6.14907e-09
138 6.14907e-09
139 6.14907e-09
140 6.14907e-09
141 6.14907e-09
142 6.14907e-09
143 6.14907e-09
144 6.14907e-09
145 6.14907e-09
146 6.14907e-09
147 6.14907e-09
148 6.14907e-09
149 6.14907e-09
150 6.14907e-09
151 6.14907e-09
152 6.14907e-09
153 6.14907e-09
154 6.14907e-09
155 6.14907e-09
156 6.14907e-09
157 6.14907e-09
158 6.14907e-09
159 6.14907e-09
160 6.14907e-09
161 6.14907e-09
162 6.14907e-09
163 6.14907e-09
164 6.14907e-09
165 6.14907e-09
166 6.14907e-09
167 6.14907e-09
168 6.14907e-09
169 6.14907e-09
170 6.14907e-09
171 6.14907e-09
172 6.14907e-09
173 6.14907e-09
174 6.14907e-09
175 6.14907e-09
176 6.14907e-09
177 6.14907e-09
178 6.14907e-09
179 6.14907e-09
180 6.14907e-09
181 6.14907e-09
182 6.14907e-09
183 6.14907e-09
184 6.14907e-09
185 6.14907e-09
186 6.14907e-09
187 6.14907e-09
188 6.14907e-09
189 6.14907e-09
190 6.14907e-09
191 6.14907e-09
192 6.14907e-09
193 6.14907e-09
194 6.14907e-09
195 6.14907e-09
196 6.14907e-09
197 6.14907e-09
198 6.14907e-09
199 6.14907e-09
200 6.14907e-09
201 6.14907e-09
202 6.14907e-09
203 6.14907e-09
204 6.14907e-09
205 6.14907e-09
206 6.14907e-09
207 6.14907e-09
208 6.14907e-09
209 6.14907e-09
210 6.14907e-09
211 6.14907e-09
212 6.14907e-09
213 6.14907e-09
214 6.14907e-09
215 6.14907e-09
216 6.14907e-09
217 6.14907e-09
218 6.14907e-09
219 6.14907e-09
220 6.14907e-09
221 6.14907e-09
222 6.14907e-09
223 6.14907e-09
224 6.14907e-09
225 6.14907e-09
226 6.14907e-09
227 6.14907e-09
228 6.14907e-09
229 6.14907e-09
230 6.14907e-09
231 6.14907e-09
232 6.14907e-09
233 7.70111e-09
234 1.84342e-08
235 5.7483e-08
236 1.92433e-07
237 6.40475e-07
238 2.08678e-06
239 6.63113e-06
240 2.0513e-05
241 6.17065e-05
242 0.000180316
243 0.00051132
244 0.00140561
245 0.00374206
246 0.00963858
247 0.0239973
248 0.0576996
249 0.133869
250 0.29946
251 0.645417
252 0.77229
253 0.816923
254 0.899239
255 0.925823
256 0.970767
257 0.984057
258 0.987815
259 0.993372
260 0.994809
261 0.996752
262 0.99927
263 0.999842
264 0.999967
265 0.999993
266 0.999999
267 1
268 1
269 1
270 1
271 1
272 1
273 1
274 1
275 1
276 1
277 1
278 1
279 0.999999
280 0.999996
281 0.999981
282 0.999919
283 0.999671
284 0.998723
285 0.99526
286 0.993049
287 0.985661
288 0.962027
289 0.889563
290 0.676293
291 0.565962
292 0.265274
293 0.120672
294 0.053402
295 0.0230516
296 0.00973367
297 0.00403234
298 0.00164348
299 0.000660615
300 0.000262346
301 0.000103018
302 3.99948e-05
303 1.53347e-05
304 5.79604e-06
305 2.15455e-06
306 7.86002e-07
307 2.80832e-07
308 9.85434e-08
309 3.42947e-08
310 1.30892e-08
311 7.41183e-09
312 6.14907e-09
313 6.14907e-09
314 6.14907e-09
315 6.14907e-09
316 6.14907e-09
317 6.14907e-09
318 6.14907e-09
319 6.14907e-09
320 6.14907e-09
321 6.14907e-09
322 6.14907e-09
323 6.14907e-09
324 6.14907e-09
325 6.14907e-09
326 6.14907e-09
327 6.14907e-09
328 6.14907e-09
329 6.14907e-09
330 6.14907e-09
331 6.14907e-09
332 6.14907e-09
333 6.14907e-09
334 6.14907e-09
335 6.14907e-09
336 6.14907e-09
337 6.14907e-09
338 6.14907e-09
339 6.14907e-09
340 6.14907e-09
341 6.14907e-09
342 6.14907e-09
343 6.14907e-09
344 6.14907e-09
345 6.14907e-09
346 6.14907e-09
347 6.14907e-09
348 6.14907e-09
349 6.14907e-09
350 6.14907e-09
351 6.14907e-09
352 6.14907e-09
353 6.14907e-09
354 6.14907e-09
355 6.14907e-09
356 6.14907e-09
357 6.14907e-09
358 6.14907e-09
359 6.14907e-09
360 6.14907e-09
361 6.14907e-09
362 6.14907e-09
363 6.14907e-09
364 6.14907e-09
365 6.14907e-09
366 6.14907e-09
367 6.14907e-09
368 6.14907e-09
369 6.14907e-09
370 6.14907e-09
371 6.14907e-09
372 6.14907e-09
373 6.14907e-09
374 6.14907e-09
375 6.14907e-09
376 6.14907e-09
377 6.14907e-09
378 6.14907e-09
379 6.14907e-09
380 6.14907e-09
381 6.14907e-09
382 6.14907e-09
383 6.14907e-09
384 6.14907e-09
385 6.14907e-09
386 6.14907e-09
387 6.14907e-09
388 6.14907e-09
389 6.14907e-09
390 6.14907e-09
391 6.14907e-09
392 6.14907e-09
393 6.14907e-09
394 6.14907e-09
395 6.14907e-09
396 6.14907e-09
397 6.14907e-09
398 6.14907e-09
399 6.14907e-09
400 6.14907e-09
401 6.14907e-09
402 6.14907e-09
403 6.14907e-09
404 6.14907e-09
405 6.14907e-09
406 6.14907e-09
407 6.14907e-09
408 6.14907e-09
409 6.14907e-09
410 6.14907e-09
411 6.14907e-09
412 6.14907e-09
413 6.14907e-09
414 6.14907e-09
415 6.14907e-09
416 6.14907e-09
417 6.14907e-09
418 6.14907e-09
419 6.14907e-09
420 6.14907e-09
421 6.14907e-09
422 6.14907e-09
423 6.14907e-09
424 6.14907e-09
425 6.14907e-09
426 6.14907e-09
427 6.14907e-09
428 6.14907e-09
429 6.14907e-09
430 6.14907e-09
431 6.14907e-09
432 6.14907e-09
433 6.14907e-09
434 6.14907e-09
435 6.14907e-09
436 6.14907e-09
437 6.14907e-09
438 6.14907e-09
439 6.14907e-09
440 6.14907e-09
441 6.14907e-09
442 6.14907e-09
443 6.14907e-09
444 6.14907e-09
445 6.14907e-09
446 6.14907e-09
447 6.14907e-09
448 6.14907e-09
449 6.14907e-09
450 6.14907e-09
451 6.14907e-09
452 6.14907e-09
453 6.14907e-09
454 6.14907e-09
455 6.14907e-09
456 6.14907e-09
457 6.14907e-09
458 6.14907e-09
459 6.14907e-09
460 6.14907e-09
461 6.14907e-09
462 6.14907e-09
463 6.14907e-09
464 6.14907e-09
465 6.14907e-09
466 6.14907e-09
467 6.14907e-09
468 6.14907e-09
469 6.14907e-09
470 6.14907e-09
471 6.14907e-09
472 6.14907e-09
473 6.14907e-09
474 6.14907e-09
475 6.14907e-09
476 6.14907e-09
477 6.14907e-09
478 6.14907e-09
479 6.14907e-09
480 6.14907e-09
481 6.14907e-09
482 6.14907e-09
483 6.14907e-09
484 6.14907e-09
485 6.14907e-09
486 6.14907e-09
487 6.14907e-09
488 6.14907e-09
489 6.14907e-09
490 6.14907e-09
491 6.14907e-09
492 6.14907e-09
493 6.14907e-09
494 6.14907e-09
495 6.14907e-09
496 6.14907e-09
497 6.14907e-09
498 6.14907e-09
499 6.14907e-09
500 6.14907e-09
501 6.14907e-09
502 6.14907e-09
503 6.14907e-09
504 6.14907e-09
505 6.14907e-09
506 6.14907e-09
507 6.14907e-09
508 6.14907e-09
509 6.14907e-09
510 6.14907e-09
511 6.14907e-09
512 6.14907e-09
513 6.14907e-09
514 6.14907e-09
515 6.14907e-09
516 6.14907e-09
517 6.14907e-09
518 6.14907e-09
519 6.14907e-09
520 6.14907e-09
521 6.14907e-09
522 6.14907e-09
523 6.14907e-09
524 6.14907e-09
525 6.14907e-09
526 6.14907e-09
527 6.14907e-09
528 6.14907e-09
529 6.14907e-09
530 6.14907e-09
531 6.14907e-09
532 6.14907e-09
533 6.14907e-09
534 6.14907e-09
535 6.14907e-09
536 6.14907e-09
537 6.14907e-09
538 6.14907e-09
539 6.14907e-09
540 6.14907e-09
541 6.14907e-09
542 6.14907e-09
