1 2.56925e-09
2 2.56925e-09
3 2.56925e-09
4 2.56925e-09
5 2.56925e-09
6 2.56925e-09
7 2.56925e-09
8 2.56925e-09
9 2.56925e-09
10 2.56925e-09
11 2.56925e-09
12 2.56925e-09
13 2.56925e-09
14 2.56925e-09
15 2.56925e-09
16 2.56925e-09
17 2.56925e-09
18 2.56925e-09
19 2.56925e-09
20 2.56925e-09
21 2.56925e-09
22 2.56925e-09
23 2.56925e-09
24 2.56925e-09
25 2.56925e-09
26 2.56925e-09
27 2.56925e-09
28 2.56925e-09
29 2.56925e-09
30 2.56925e-09
31 2.56925e-09
32 2.56925e-09
33 2.56925e-09
34 2.56925e-09
35 2.56925e-09
36 2.56925e-09
37 2.56925e-09
38 2.56925e-09
39 2.56925e-09
40 2.56925e-09
41 2.56925e-09
42 2.56925e-09
43 2.56925e-09
44 2.56925e-09
45 2.56925e-09
46 2.56925e-09
47 2.56925e-09
48 2.56925e-09
49 2.56925e-09
50 2.56925e-09
51 2.56925e-09
52 2.56925e-09
53 2.56925e-09
54 2.56925e-09
55 2.56925e-09
56 2.56925e-09
57 2.56925e-09
58 2.56925e-09
59 2.56925e-09
60 2.56925e-09
61 2.56925e-09
62 2.56925e-09
63 2.56925e-09
64 2.56925e-09
65 2.56925e-09
66 2.56925e-09
67 2.56925e-09
68 2.56925e-09
69 2.56925e-09
70 2.56925e-09
71 2.56925e-09
72 2.56925e-09
73 2.56925e-09
74 2.56925e-09
75 2.56925e-09
76 2.56925e-09
77 2.56925e-09
78 2.56925e-09
79 2.56925e-09
80 2.56925e-09
81 2.56925e-09
82 2.56925e-09
83 2.56925e-09
84 2.56925e-09
85 2.56925e-09
86 2.56925e-09
87 2.56925e-09
88 2.56925e-09
89 2.56925e-09
90 2.56925e-09
91 2.56925e-09
92 2.56925e-09
93 2.56925e-09
94 2.56925e-09
95 2.56925e-09
96 2.56925e-09
97 2.56925e-09
98 2.56925e-09
99 2.56925e-09
100 2.56925e-09
101 2.56925e-09
102 2.56925e-09
103 2.56925e-09
104 2.56925e-09
105 2.56925e-09
106 2.56925e-09
107 2.56925e-09
108 2.56925e-09
109 2.56925e-09
110 2.56925e-09
111 2.56925e-09
112 2.56925e-09
113 2.56925e-09
114 2.56925e-09
115 2.56925e-09
116 2.56925e-09
117 2.56925e-09
118 2.56925e-09
119 2.56925e-09
120 2.56925e-09
121 2.56925e-09
122 2.56925e-09
123 2.56925e-09
124 2.56925e-09
125 2.56925e-09
126 2.56925e-09
127 2.56925e-09
128 2.56925e-09
129 2.56925e-09
130 2.56925e-09
131 2.56925e-09
132 2.56925e-09
133 2.56925e-09
134 2.56925e-09
135 2.56925e-09
136 2.56925e-09
137 2.56925e-09
138 2.56925e-09
139 2.56925e-09
140 2.56925e-09
141 2.56925e-09
142 2.56925e-09
143 2.56925e-09
144 2.56925e-09
145 2.56925e-09
146 2.56925e-09
147 2.56925e-09
148 2.56925e-09
149 2.56925e-09
150 2.56925e-09
151 2.56925e-09
152 2.56925e-09
153 2.56925e-09
154 2.56925e-09
155 2.56925e-09
156 2.56925e-09
157 2.56925e-09
158 2.56925e-09
159 2.56925e-09
160 2.56925e-09
161 2.56925e-09
162 2.56925e-09
163 2.56925e-09
164 2.56925e-09
165 2.56925e-09
166 2.56925e-09
167 2.56925e-09
168 2.56925e-09
169 2.56925e-09
170 2.56925e-09
171 2.56925e-09
172 2.56925e-09
173 2.56925e-09
174 2.56925e-09
175 2.56925e-09
176 2.56925e-09
177 2.56925e-09
178 2.56925e-09
179 2.56925e-09
180 2.56925e-09
181 2.56925e-09
182 2.56925e-09
183 2.56925e-09
184 2.56925e-09
185 2.56925e-09
186 2.56925e-09
187 2.56925e-09
188 2.56925e-09
189 2.56925e-09
190 2.56925e-09
191 2.56925e-09
192 2.56925e-09
193 2.56925e-09
194 2.56925e-09
195 2.56925e-09
196 2.56925e-09
197 2.56925e-09
198 2.56925e-09
199 2.56925e-09
200 2.56925e-09
201 2.56925e-09
202 2.56925e-09
203 2.56925e-09
204 2.56925e-09
205 2.56925e-09
206 2.56925e-09
207 2.56925e-09
208 2.56925e-09
209 2.56925e-09
210 2.56925e-09
211 2.56925e-09
212 2.56925e-09
213 2.56925e-09
214 2.56925e-09
215 2.56925e-09
216 2.56925e-09
217 2.56925e-09
218 2.56925e-09
219 2.56925e-09
220 2.56925e-09
221 2.56925e-09
222 2.56925e-09
223 2.56925e-09
224 2.56925e-09
225 2.56925e-09
226 2.56925e-09
227 2.56925e-09
228 2.56925e-09
229 2.56925e-09
230 2.56925e-09
231 2.56925e-09
232 2.56925e-09
233 2.56925e-09
234 2.56925e-09
235 2.56925e-09
236 2.56925e-09
237 5.12215e-09
238 1.80735e-08
239 7.18603e-08
240 2.84513e-07
241 1.10273e-06
242 4.18636e-06
243 1.55601e-05
244 5.65767e-05
245 0.000201043
246 0.000697457
247 0.00235973
248 0.00777747
249 0.0249424
250 0.0777378
251 0.23517
252 0.318265
253 0.360667
254 0.474926
255 0.529199
256 0.664969
257 0.724682
258 0.749906
259 0.805811
260 0.827517
261 0.871636
262 0.957378
263 0.986478
264 0.995904
265 0.998815
266 0.999672
267 0.999913
268 0.999977
269 0.999993
270 0.999997
271 0.999997
272 0.999998
273 0.999998
274 0.999997
275 0.999998
276 0.999997
277 0.999992
278 0.999976
279 0.999925
280 0.999769
281 0.999313
282 0.998036
283 0.994602
284 0.985705
285 0.96344
286 0.95357
287 0.930299
288 0.876748
289 0.755979
290 0.48804
291 0.38076
292 0.148313
293 0.0571168
294 0.0217004
295 0.00811114
296 0.00297382
297 0.00106647
298 0.0003732
299 0.000127199
300 4.21702e-05
301 1.35883e-05
302 4.25431e-06
303 1.29417e-06
304 3.82422e-07
305 1.09646e-07
306 3.06229e-08
307 8.89139e-09
308 3.56223e-09
309 2.56925e-09
310 2.56925e-09
311 2.56925e-09
312 2.56925e-09
313 2.56925e-09
314 2.56925e-09
315 2.56925e-09
316 2.56925e-09
317 2.56925e-09
318 2.56925e-09
319 2.56925e-09
320 2.56925e-09
321 2.56925e-09
322 2.56925e-09
323 2.56925e-09
324 2.56925e-09
325 2.56925e-09
326 2.56925e-09
327 2.56925e-09
328 2.56925e-09
329 2.56925e-09
330 2.56925e-09
331 2.56925e-09
332 2.56925e-09
333 2.56925e-09
334 2.56925e-09
335 2.56925e-09
336 2.56925e-09
337 2.56925e-09
338 2.56925e-09
339 2.56925e-09
340 2.56925e-09
341 2.56925e-09
342 2.56925e-09
343 2.56925e-09
344 2.56925e-09
345 2.56925e-09
346 2.56925e-09
347 2.56925e-09
348 2.56925e-09
349 2.56925e-09
350 2.56925e-09
351 2.56925e-09
352 2.56925e-09
353 2.56925e-09
354 2.56925e-09
355 2.56925e-09
356 2.56925e-09
357 2.56925e-09
358 2.56925e-09
359 2.56925e-09
360 2.56925e-09
361 2.56925e-09
362 2.56925e-09
363 2.56925e-09
364 2.56925e-09
365 2.56925e-09
366 2.56925e-09
367 2.56925e-09
368 2.56925e-09
369 2.56925e-09
370 2.56925e-09
371 2.56925e-09
372 2.56925e-09
373 2.56925e-09
374 2.56925e-09
375 2.56925e-09
376 2.56925e-09
377 2.56925e-09
378 2.56925e-09
379 2.56925e-09
380 2.56925e-09
381 2.56925e-09
382 2.56925e-09
383 2.56925e-09
384 2.56925e-09
385 2.56925e-09
386 2.56925e-09
387 2.56925e-09
388 2.56925e-09
389 2.56925e-09
390 2.56925e-09
391 2.56925e-09
392 2.56925e-09
393 2.56925e-09
394 2.56925e-09
395 2.56925e-09
396 2.56925e-09
397 2.56925e-09
398 2.56925e-09
399 2.56925e-09
400 2.56925e-09
401 2.56925e-09
402 2.56925e-09
403 2.56925e-09
404 2.56925e-09
405 2.56925e-09
406 2.56925e-09
407 2.56925e-09
408 2.56925e-09
409 2.56925e-09
410 2.56925e-09
411 2.56925e-09
412 2.56925e-09
413 2.56925e-09
414 2.56925e-09
415 2.56925e-09
416 2.56925e-09
417 2.56925e-09
418 2.56925e-09
419 2.56925e-09
420 2.56925e-09
421 2.56925e-09
422 2.56925e-09
423 2.56925e-09
424 2.56925e-09
425 2.56925e-09
426 2.56925e-09
427 2.56925e-09
428 2.56925e-09
429 2.56925e-09
430 2.56925e-09
431 2.56925e-09
432 2.56925e-09
433 2.56925e-09
434 2.56925e-09
435 2.56925e-09
436 2.56925e-09
437 2.56925e-09
438 2.56925e-09
439 2.56925e-09
440 2.56925e-09
441 2.56925e-09
442 2.56925e-09
443 2.56925e-09
444 2.56925e-09
445 2.56925e-09
446 2.56925e-09
447 2.56925e-09
448 2.56925e-09
449 2.56925e-09
450 2.56925e-09
451 2.56925e-09
452 2.56925e-09
453 2.56925e-09
454 2.56925e-09
455 2.56925e-09
456 2.56925e-09
457 2.56925e-09
458 2.56925e-09
459 2.56925e-09
460 2.56925e-09
461 2.56925e-09
462 2.56925e-09
463 2.56925e-09
464 2.56925e-09
465 2.56925e-09
466 2.56925e-09
467 2.56925e-09
468 2.56925e-09
469 2.56925e-09
470 2.56925e-09
471 2.56925e-09
472 2.56925e-09
473 2.56925e-09
474 2.56925e-09
475 2.56925e-09
476 2.56925e-09
477 2.56925e-09
478 2.56925e-09
479 2.56925e-09
480 2.56925e-09
481 2.56925e-09
482 2.56925e-09
483 2.56925e-09
484 2.56925e-09
485 2.56925e-09
486 2.56925e-09
487 2.56925e-09
488 2.56925e-09
489 2.56925e-09
490 2.56925e-09
491 2.56925e-09
492 2.56925e-09
493 2.56925e-09
494 2.56925e-09
495 2.56925e-09
496 2.56925e-09
497 2.56925e-09
498 2.56925e-09
499 2.56925e-09
500 2.56925e-09
501 2.56925e-09
502 2.56925e-09
503 2.56925e-09
504 2.56925e-09
505 2.56925e-09
506 2.56925e-09
507 2.56925e-09
508 2.56925e-09
509 2.56925e-09
510 2.56925e-09
511 2.56925e-09
512 2.56925e-09
513 2.56925e-09
514 2.56925e-09
515 2.56925e-09
516 2.56925e-09
517 2.56925e-09
518 2.56925e-09
519 2.56925e-09
520 2.56925e-09
521 2.56925e-09
522 2.56925e-09
523 2.56925e-09
524 2.56925e-09
525 2.56925e-09
526 2.56925e-09
527 2.56925e-09
528 2.56925e-09
529 2.56925e-09
530 2.56925e-09
531 2.56925e-09
532 2.56925e-09
533 2.56925e-09
534 2.56925e-09
535 2.56925e-09
536 2.56925e-09
537 2.56925e-09
538 2.56925e-09
539 2.56925e-09
540 2.56925e-09
541 2.56925e-09
542 2.56925e-09
