1 7.68773e-09
2 7.68773e-09
3 7.68773e-09
4 7.68773e-09
5 7.68773e-09
6 7.68773e-09
7 7.68773e-09
8 7.68773e-09
9 7.68773e-09
10 7.68773e-09
11 7.68773e-09
12 7.68773e-09
13 7.68773e-09
14 7.68773e-09
15 7.68773e-09
16 7.68773e-09
17 7.68773e-09
18 7.68773e-09
19 7.68773e-09
20 7.68773e-09
21 7.68773e-09
22 7.68773e-09
23 7.68773e-09
24 7.68773e-09
25 7.68773e-09
26 7.68773e-09
27 7.68773e-09
28 7.68773e-09
29 7.68773e-09
30 7.68773e-09
31 7.68773e-09
32 7.68773e-09
33 7.68773e-09
34 7.68773e-09
35 7.68773e-09
36 7.68773e-09
37 7.68773e-09
38 7.68773e-09
39 7.68773e-09
40 7.68773e-09
41 7.68773e-09
42 7.68773e-09
43 7.68773e-09
44 7.68773e-09
45 7.68773e-09
46 7.68773e-09
47 7.68773e-09
48 7.68773e-09
49 7.68773e-09
50 7.68773e-09
51 7.68773e-09
52 7.68773e-09
53 7.68773e-09
54 7.68773e-09
55 7.68773e-09
56 7.68773e-09
57 7.68773e-09
58 7.68773e-09
59 7.68773e-09
60 7.68773e-09
61 7.68773e-09
62 7.68773e-09
63 7.68773e-09
64 7.68773e-09
65 7.68773e-09
66 7.68773e-09
67 7.68773e-09
68 7.68773e-09
69 7.68773e-09
70 7.68773e-09
71 7.68773e-09
72 7.68773e-09
73 7.68773e-09
74 7.68773e-09
75 7.68773e-09
76 7.68773e-09
77 7.68773e-09
78 7.68773e-09
79 7.68773e-09
80 7.68773e-09
81 7.68773e-09
82 7.68773e-09
83 7.68773e-09
84 7.68773e-09
85 7.68773e-09
86 7.68773e-09
87 7.68773e-09
88 7.68773e-09
89 7.68773e-09
90 7.68773e-09
91 7.68773e-09
92 7.68773e-09
93 7.68773e-09
94 7.68773e-09
95 7.68773e-09
96 7.68773e-09
97 7.68773e-09
98 7.68773e-09
99 7.68773e-09
100 7.68773e-09
101 7.68773e-09
102 7.68773e-09
103 7.68773e-09
104 7.68773e-09
105 7.68773e-09
106 7.68773e-09
107 7.68773e-09
108 7.68773e-09
109 7.68773e-09
110 7.68773e-09
111 7.68773e-09
112 7.68773e-09
113 7.68773e-09
114 7.68773e-09
115 7.68773e-09
116 7.68773e-09
117 7.68773e-09
118 7.68773e-09
119 7.68773e-09
120 7.68773e-09
121 7.68773e-09
122 7.68773e-09
123 7.68773e-09
124 7.68773e-09
125 7.68773e-09
126 7.68773e-09
127 7.68773e-09
128 7.68773e-09
129 7.68773e-09
130 7.68773e-09
131 7.68773e-09
132 7.68773e-09
133 7.68773e-09
134 7.68773e-09
135 7.68773e-09
136 7.68773e-09
137 7.68773e-09
138 7.68773e-09
139 7.68773e-09
140 7.68773e-09
141 7.68773e-09
142 7.68773e-09
143 7.68773e-09
144 7.68773e-09
145 7.68773e-09
146 7.68773e-09
147 7.68773e-09
148 7.68773e-09
149 7.68773e-09
150 7.68773e-09
151 7.68773e-09
152 7.68773e-09
153 7.68773e-09
154 7.68773e-09
155 7.68773e-09
156 7.68773e-09
157 7.68773e-09
158 7.68773e-09
159 7.68773e-09
160 7.68773e-09
161 7.68773e-09
162 7.68773e-09
163 7.68773e-09
164 7.68773e-09
165 7.68773e-09
166 7.68773e-09
167 7.68773e-09
168 7.68773e-09
169 7.68773e-09
170 7.68773e-09
171 7.68773e-09
172 7.68773e-09
173 7.68773e-09
174 7.68773e-09
175 7.68773e-09
176 7.68773e-09
177 7.68773e-09
178 7.68773e-09
179 7.68773e-09
180 7.68773e-09
181 7.68773e-09
182 7.68773e-09
183 7.68773e-09
184 7.68773e-09
185 7.68773e-09
186 7.68773e-09
187 7.68773e-09
188 7.68773e-09
189 7.68773e-09
190 7.68773e-09
191 7.68773e-09
192 7.68773e-09
193 7.68773e-09
194 7.68773e-09
195 7.68773e-09
196 7.68773e-09
197 7.68773e-09
198 7.68773e-09
199 7.68773e-09
200 7.68773e-09
201 7.68773e-09
202 7.68773e-09
203 7.68773e-09
204 7.68773e-09
205 7.68773e-09
206 7.68773e-09
207 7.68773e-09
208 7.68773e-09
209 7.68773e-09
210 7.68773e-09
211 7.68773e-09
212 7.68773e-09
213 7.68773e-09
214 7.68773e-09
215 7.68773e-09
216 7.68773e-09
217 7.68773e-09
218 7.68773e-09
219 7.68773e-09
220 7.68773e-09
221 7.68773e-09
222 7.68773e-09
223 7.68773e-09
224 7.68773e-09
225 7.68773e-09
226 7.68773e-09
227 7.68773e-09
228 7.68773e-09
229 7.68773e-09
230 7.68773e-09
231 7.68773e-09
232 7.68773e-09
233 7.68773e-09
234 7.68773e-09
235 7.68773e-09
236 7.68773e-09
237 7.68773e-09
238 7.68773e-09
239 7.68773e-09
240 7.68773e-09
241 7.68773e-09
242 7.68773e-09
243 7.68773e-09
244 7.68773e-09
245 7.68773e-09
246 7.68773e-09
247 7.68773e-09
248 7.68773e-09
249 1.76258e-08
250 6.70719e-08
251 2.68177e-07
252 3.12227e-07
253 2.09619e-07
254 2.91282e-07
255 2.30083e-07
256 4.00493e-07
257 4.08059e-07
258 2.5155e-07
259 4.24618e-07
260 4.46005e-07
261 1.09548e-06
262 4.11562e-06
263 6.40082e-06
264 8.00773e-06
265 8.98298e-06
266 9.36203e-06
267 9.15428e-06
268 8.35158e-06
269 6.9191e-06
270 4.80257e-06
271 1.94625e-06
272 1.53982e-06
273 8.83634e-07
274 1.59194e-06
275 5.75247e-06
276 9.1269e-06
277 1.174e-05
278 1.36107e-05
279 1.47596e-05
280 1.51912e-05
281 1.48982e-05
282 1.38546e-05
283 1.20249e-05
284 9.37166e-06
285 5.86207e-06
286 5.58878e-06
287 4.91788e-06
288 3.89581e-06
289 2.54921e-06
290 8.76378e-07
291 5.69678e-07
292 1.06671e-07
293 1.16213e-08
294 7.68773e-09
295 7.68773e-09
296 7.68773e-09
297 7.68773e-09
298 7.68773e-09
299 7.68773e-09
300 7.68773e-09
301 7.68773e-09
302 7.68773e-09
303 7.68773e-09
304 7.68773e-09
305 7.68773e-09
306 7.68773e-09
307 7.68773e-09
308 7.68773e-09
309 7.68773e-09
310 7.68773e-09
311 7.68773e-09
312 7.68773e-09
313 7.68773e-09
314 7.68773e-09
315 7.68773e-09
316 7.68773e-09
317 7.68773e-09
318 7.68773e-09
319 7.68773e-09
320 7.68773e-09
321 7.68773e-09
322 7.68773e-09
323 7.68773e-09
324 7.68773e-09
325 7.68773e-09
326 7.68773e-09
327 7.68773e-09
328 7.68773e-09
329 7.68773e-09
330 7.68773e-09
331 7.68773e-09
332 7.68773e-09
333 7.68773e-09
334 7.68773e-09
335 7.68773e-09
336 7.68773e-09
337 7.68773e-09
338 7.68773e-09
339 7.68773e-09
340 7.68773e-09
341 7.68773e-09
342 7.68773e-09
343 7.68773e-09
344 7.68773e-09
345 7.68773e-09
346 7.68773e-09
347 7.68773e-09
348 7.68773e-09
349 7.68773e-09
350 7.68773e-09
351 7.68773e-09
352 7.68773e-09
353 7.68773e-09
354 7.68773e-09
355 7.68773e-09
356 7.68773e-09
357 7.68773e-09
358 7.68773e-09
359 7.68773e-09
360 7.68773e-09
361 7.68773e-09
362 7.68773e-09
363 7.68773e-09
364 7.68773e-09
365 7.68773e-09
366 7.68773e-09
367 7.68773e-09
368 7.68773e-09
369 7.68773e-09
370 7.68773e-09
371 7.68773e-09
372 7.68773e-09
373 7.68773e-09
374 7.68773e-09
375 7.68773e-09
376 7.68773e-09
377 7.68773e-09
378 7.68773e-09
379 7.68773e-09
380 7.68773e-09
381 7.68773e-09
382 7.68773e-09
383 7.68773e-09
384 7.68773e-09
385 7.68773e-09
386 7.68773e-09
387 7.68773e-09
388 7.68773e-09
389 7.68773e-09
390 7.68773e-09
391 7.68773e-09
392 7.68773e-09
393 7.68773e-09
394 7.68773e-09
395 7.68773e-09
396 7.68773e-09
397 7.68773e-09
398 7.68773e-09
399 7.68773e-09
400 7.68773e-09
401 7.68773e-09
402 7.68773e-09
403 7.68773e-09
404 7.68773e-09
405 7.68773e-09
406 7.68773e-09
407 7.68773e-09
408 7.68773e-09
409 7.68773e-09
410 7.68773e-09
411 7.68773e-09
412 7.68773e-09
413 7.68773e-09
414 7.68773e-09
415 7.68773e-09
416 7.68773e-09
417 7.68773e-09
418 7.68773e-09
419 7.68773e-09
420 7.68773e-09
421 7.68773e-09
422 7.68773e-09
423 7.68773e-09
424 7.68773e-09
425 7.68773e-09
426 7.68773e-09
427 7.68773e-09
428 7.68773e-09
429 7.68773e-09
430 7.68773e-09
431 7.68773e-09
432 7.68773e-09
433 7.68773e-09
434 7.68773e-09
435 7.68773e-09
436 7.68773e-09
437 7.68773e-09
438 7.68773e-09
439 7.68773e-09
440 7.68773e-09
441 7.68773e-09
442 7.68773e-09
443 7.68773e-09
444 7.68773e-09
445 7.68773e-09
446 7.68773e-09
447 7.68773e-09
448 7.68773e-09
449 7.68773e-09
450 7.68773e-09
451 7.68773e-09
452 7.68773e-09
453 7.68773e-09
454 7.68773e-09
455 7.68773e-09
456 7.68773e-09
457 7.68773e-09
458 7.68773e-09
459 7.68773e-09
460 7.68773e-09
461 7.68773e-09
462 7.68773e-09
463 7.68773e-09
464 7.68773e-09
465 7.68773e-09
466 7.68773e-09
467 7.68773e-09
468 7.68773e-09
469 7.68773e-09
470 7.68773e-09
471 7.68773e-09
472 7.68773e-09
473 7.68773e-09
474 7.68773e-09
475 7.68773e-09
476 7.68773e-09
477 7.68773e-09
478 7.68773e-09
479 7.68773e-09
480 7.68773e-09
481 7.68773e-09
482 7.68773e-09
483 7.68773e-09
484 7.68773e-09
485 7.68773e-09
486 7.68773e-09
487 7.68773e-09
488 7.68773e-09
489 7.68773e-09
490 7.68773e-09
491 7.68773e-09
492 7.68773e-09
493 7.68773e-09
494 7.68773e-09
495 7.68773e-09
496 7.68773e-09
497 7.68773e-09
498 7.68773e-09
499 7.68773e-09
500 7.68773e-09
501 7.68773e-09
502 7.68773e-09
503 7.68773e-09
504 7.68773e-09
505 7.68773e-09
506 7.68773e-09
507 7.68773e-09
508 7.68773e-09
509 7.68773e-09
510 7.68773e-09
511 7.68773e-09
512 7.68773e-09
513 7.68773e-09
514 7.68773e-09
515 7.68773e-09
516 7.68773e-09
517 7.68773e-09
518 7.68773e-09
519 7.68773e-09
520 7.68773e-09
521 7.68773e-09
522 7.68773e-09
523 7.68773e-09
524 7.68773e-09
525 7.68773e-09
526 7.68773e-09
527 7.68773e-09
528 7.68773e-09
529 7.68773e-09
530 7.68773e-09
531 7.68773e-09
532 7.68773e-09
533 7.68773e-09
534 7.68773e-09
535 7.68773e-09
536 7.68773e-09
537 7.68773e-09
538 7.68773e-09
539 7.68773e-09
540 7.68773e-09
541 7.68773e-09
542 7.68773e-09
