1 6.69015e-09
2 6.69015e-09
3 6.69015e-09
4 6.69015e-09
5 6.69015e-09
6 6.69015e-09
7 6.69015e-09
8 6.69015e-09
9 6.69015e-09
10 6.69015e-09
11 6.69015e-09
12 6.69015e-09
13 6.69015e-09
14 6.69015e-09
15 6.69015e-09
16 6.69015e-09
17 6.69015e-09
18 6.69015e-09
19 6.69015e-09
20 6.69015e-09
21 6.69015e-09
22 6.69015e-09
23 6.69015e-09
24 6.69015e-09
25 6.69015e-09
26 6.69015e-09
27 6.69015e-09
28 6.69015e-09
29 6.69015e-09
30 6.69015e-09
31 6.69015e-09
32 6.69015e-09
33 6.69015e-09
34 6.69015e-09
35 6.69015e-09
36 6.69015e-09
37 6.69015e-09
38 6.69015e-09
39 6.69015e-09
40 6.69015e-09
41 6.69015e-09
42 6.69015e-09
43 6.69015e-09
44 6.69015e-09
45 6.69015e-09
46 6.69015e-09
47 6.69015e-09
48 6.69015e-09
49 6.69015e-09
50 6.69015e-09
51 6.69015e-09
52 6.69015e-09
53 6.69015e-09
54 6.69015e-09
55 6.69015e-09
56 6.69015e-09
57 6.69015e-09
58 6.69015e-09
59 6.69015e-09
60 6.69015e-09
61 6.69015e-09
62 6.69015e-09
63 6.69015e-09
64 6.69015e-09
65 6.69015e-09
66 6.69015e-09
67 6.69015e-09
68 6.69015e-09
69 6.69015e-09
70 6.69015e-09
71 6.69015e-09
72 6.69015e-09
73 6.69015e-09
74 6.69015e-09
75 6.69015e-09
76 6.69015e-09
77 6.69015e-09
78 6.69015e-09
79 6.69015e-09
80 6.69015e-09
81 6.69015e-09
82 6.69015e-09
83 6.69015e-09
84 6.69015e-09
85 6.69015e-09
86 6.69015e-09
87 6.69015e-09
88 6.69015e-09
89 6.69015e-09
90 6.69015e-09
91 6.69015e-09
92 6.69015e-09
93 6.69015e-09
94 6.69015e-09
95 6.69015e-09
96 6.69015e-09
97 6.69015e-09
98 6.69015e-09
99 6.69015e-09
100 6.69015e-09
101 6.69015e-09
102 6.69015e-09
103 6.69015e-09
104 6.69015e-09
105 6.69015e-09
106 6.69015e-09
107 6.69015e-09
108 6.69015e-09
109 6.69015e-09
110 6.69015e-09
111 6.69015e-09
112 6.69015e-09
113 6.69015e-09
114 6.69015e-09
115 6.69015e-09
116 6.69015e-09
117 6.69015e-09
118 6.69015e-09
119 6.69015e-09
120 6.69015e-09
121 6.69015e-09
122 6.69015e-09
123 6.69015e-09
124 6.69015e-09
125 6.69015e-09
126 6.69015e-09
127 6.69015e-09
128 6.69015e-09
129 6.69015e-09
130 6.69015e-09
131 6.69015e-09
132 6.69015e-09
133 6.69015e-09
134 6.69015e-09
135 6.69015e-09
136 6.69015e-09
137 6.69015e-09
138 6.69015e-09
139 6.69015e-09
140 6.69015e-09
141 6.69015e-09
142 6.69015e-09
143 6.69015e-09
144 6.69015e-09
145 6.69015e-09
146 6.69015e-09
147 6.69015e-09
148 6.69015e-09
149 6.69015e-09
150 6.69015e-09
151 6.69015e-09
152 6.69015e-09
153 6.69015e-09
154 6.69015e-09
155 6.69015e-09
156 6.69015e-09
157 6.69015e-09
158 6.69015e-09
159 6.69015e-09
160 6.69015e-09
161 6.69015e-09
162 6.69015e-09
163 6.69015e-09
164 6.69015e-09
165 6.69015e-09
166 6.69015e-09
167 6.69015e-09
168 6.69015e-09
169 6.69015e-09
170 6.69015e-09
171 6.69015e-09
172 6.69015e-09
173 6.69015e-09
174 6.69015e-09
175 6.69015e-09
176 6.69015e-09
177 6.69015e-09
178 6.69015e-09
179 6.69015e-09
180 6.69015e-09
181 6.69015e-09
182 6.69015e-09
183 6.69015e-09
184 6.69015e-09
185 6.69015e-09
186 6.69015e-09
187 6.69015e-09
188 6.69015e-09
189 6.69015e-09
190 6.69015e-09
191 6.69015e-09
192 6.69015e-09
193 6.69015e-09
194 6.69015e-09
195 6.69015e-09
196 6.69015e-09
197 6.69015e-09
198 6.69015e-09
199 6.69015e-09
200 6.69015e-09
201 6.69015e-09
202 6.69015e-09
203 6.69015e-09
204 6.69015e-09
205 6.69015e-09
206 6.69015e-09
207 6.69015e-09
208 6.69015e-09
209 6.69015e-09
210 6.69015e-09
211 6.69015e-09
212 6.69015e-09
213 6.69015e-09
214 6.69015e-09
215 6.69015e-09
216 6.69015e-09
217 6.69015e-09
218 6.69015e-09
219 6.69015e-09
220 6.69015e-09
221 6.69015e-09
222 6.69015e-09
223 6.69015e-09
224 6.69015e-09
225 6.69015e-09
226 6.69015e-09
227 6.69015e-09
228 6.69015e-09
229 6.69015e-09
230 6.69015e-09
231 6.69015e-09
232 7.08371e-09
233 1.28404e-08
234 3.50487e-08
235 1.12206e-07
236 3.66879e-07
237 1.18327e-06
238 3.7281e-06
239 1.14419e-05
240 3.41512e-05
241 9.90229e-05
242 0.000278631
243 0.000760072
244 0.0020081
245 0.00513348
246 0.0126864
247 0.0302825
248 0.0697616
249 0.154982
250 0.331808
251 0.684156
252 0.807325
253 0.848606
254 0.921106
255 0.943396
256 0.979266
257 0.989362
258 0.99208
259 0.995909
260 0.996853
261 0.998072
262 0.999584
263 0.999913
264 0.999982
265 0.999997
266 0.999999
267 1
268 1
269 1
270 1
271 1
272 1
273 1
274 1
275 1
276 1
277 1
278 1
279 0.999999
280 0.999998
281 0.999989
282 0.999949
283 0.999784
284 0.999123
285 0.996585
286 0.994882
287 0.988905
288 0.968835
289 0.904284
290 0.705234
291 0.597498
292 0.29082
293 0.137084
294 0.0627044
295 0.0278965
296 0.0121019
297 0.0051334
298 0.00213526
299 0.000873373
300 0.000352142
301 0.000140222
302 5.52006e-05
303 2.1485e-05
304 8.26082e-06
305 3.13262e-06
306 1.1695e-06
307 4.29054e-07
308 1.54916e-07
309 5.54106e-08
310 2.06207e-08
311 9.66761e-09
312 7.14421e-09
313 6.69015e-09
314 6.69015e-09
315 6.69015e-09
316 6.69015e-09
317 6.69015e-09
318 6.69015e-09
319 6.69015e-09
320 6.69015e-09
321 6.69015e-09
322 6.69015e-09
323 6.69015e-09
324 6.69015e-09
325 6.69015e-09
326 6.69015e-09
327 6.69015e-09
328 6.69015e-09
329 6.69015e-09
330 6.69015e-09
331 6.69015e-09
332 6.69015e-09
333 6.69015e-09
334 6.69015e-09
335 6.69015e-09
336 6.69015e-09
337 6.69015e-09
338 6.69015e-09
339 6.69015e-09
340 6.69015e-09
341 6.69015e-09
342 6.69015e-09
343 6.69015e-09
344 6.69015e-09
345 6.69015e-09
346 6.69015e-09
347 6.69015e-09
348 6.69015e-09
349 6.69015e-09
350 6.69015e-09
351 6.69015e-09
352 6.69015e-09
353 6.69015e-09
354 6.69015e-09
355 6.69015e-09
356 6.69015e-09
357 6.69015e-09
358 6.69015e-09
359 6.69015e-09
360 6.69015e-09
361 6.69015e-09
362 6.69015e-09
363 6.69015e-09
364 6.69015e-09
365 6.69015e-09
366 6.69015e-09
367 6.69015e-09
368 6.69015e-09
369 6.69015e-09
370 6.69015e-09
371 6.69015e-09
372 6.69015e-09
373 6.69015e-09
374 6.69015e-09
375 6.69015e-09
376 6.69015e-09
377 6.69015e-09
378 6.69015e-09
379 6.69015e-09
380 6.69015e-09
381 6.69015e-09
382 6.69015e-09
383 6.69015e-09
384 6.69015e-09
385 6.69015e-09
386 6.69015e-09
387 6.69015e-09
388 6.69015e-09
389 6.69015e-09
390 6.69015e-09
391 6.69015e-09
392 6.69015e-09
393 6.69015e-09
394 6.69015e-09
395 6.69015e-09
396 6.69015e-09
397 6.69015e-09
398 6.69015e-09
399 6.69015e-09
400 6.69015e-09
401 6.69015e-09
402 6.69015e-09
403 6.69015e-09
404 6.69015e-09
405 6.69015e-09
406 6.69015e-09
407 6.69015e-09
408 6.69015e-09
409 6.69015e-09
410 6.69015e-09
411 6.69015e-09
412 6.69015e-09
413 6.69015e-09
414 6.69015e-09
415 6.69015e-09
416 6.69015e-09
417 6.69015e-09
418 6.69015e-09
419 6.69015e-09
420 6.69015e-09
421 6.69015e-09
422 6.69015e-09
423 6.69015e-09
424 6.69015e-09
425 6.69015e-09
426 6.69015e-09
427 6.69015e-09
428 6.69015e-09
429 6.69015e-09
430 6.69015e-09
431 6.69015e-09
432 6.69015e-09
433 6.69015e-09
434 6.69015e-09
435 6.69015e-09
436 6.69015e-09
437 6.69015e-09
438 6.69015e-09
439 6.69015e-09
440 6.69015e-09
441 6.69015e-09
442 6.69015e-09
443 6.69015e-09
444 6.69015e-09
445 6.69015e-09
446 6.69015e-09
447 6.69015e-09
448 6.69015e-09
449 6.69015e-09
450 6.69015e-09
451 6.69015e-09
452 6.69015e-09
453 6.69015e-09
454 6.69015e-09
455 6.69015e-09
456 6.69015e-09
457 6.69015e-09
458 6.69015e-09
459 6.69015e-09
460 6.69015e-09
461 6.69015e-09
462 6.69015e-09
463 6.69015e-09
464 6.69015e-09
465 6.69015e-09
466 6.69015e-09
467 6.69015e-09
468 6.69015e-09
469 6.69015e-09
470 6.69015e-09
471 6.69015e-09
472 6.69015e-09
473 6.69015e-09
474 6.69015e-09
475 6.69015e-09
476 6.69015e-09
477 6.69015e-09
478 6.69015e-09
479 6.69015e-09
480 6.69015e-09
481 6.69015e-09
482 6.69015e-09
483 6.69015e-09
484 6.69015e-09
485 6.69015e-09
486 6.69015e-09
487 6.69015e-09
488 6.69015e-09
489 6.69015e-09
490 6.69015e-09
491 6.69015e-09
492 6.69015e-09
493 6.69015e-09
494 6.69015e-09
495 6.69015e-09
496 6.69015e-09
497 6.69015e-09
498 6.69015e-09
499 6.69015e-09
500 6.69015e-09
501 6.69015e-09
502 6.69015e-09
503 6.69015e-09
504 6.69015e-09
505 6.69015e-09
506 6.69015e-09
507 6.69015e-09
508 6.69015e-09
509 6.69015e-09
510 6.69015e-09
511 6.69015e-09
512 6.69015e-09
513 6.69015e-09
514 6.69015e-09
515 6.69015e-09
516 6.69015e-09
517 6.69015e-09
518 6.69015e-09
519 6.69015e-09
520 6.69015e-09
521 6.69015e-09
522 6.69015e-09
523 6.69015e-09
524 6.69015e-09
525 6.69015e-09
526 6.69015e-09
527 6.69015e-09
528 6.69015e-09
529 6.69015e-09
530 6.69015e-09
531 6.69015e-09
532 6.69015e-09
533 6.69015e-09
534 6.69015e-09
535 6.69015e-09
536 6.69015e-09
537 6.69015e-09
538 6.69015e-09
539 6.69015e-09
540 6.69015e-09
541 6.69015e-09
542 6.69015e-09
