1 7.14964e-08
2 7.14964e-08
3 7.14964e-08
4 7.14964e-08
5 7.14964e-08
6 7.14964e-08
7 7.14964e-08
8 7.14964e-08
9 7.14964e-08
10 7.14964e-08
11 7.14964e-08
12 7.14964e-08
13 7.14964e-08
14 7.14964e-08
15 7.14964e-08
16 7.14964e-08
17 7.14964e-08
18 7.14964e-08
19 7.14964e-08
20 7.14964e-08
21 7.14964e-08
22 7.14964e-08
23 7.14964e-08
24 7.14964e-08
25 7.14964e-08
26 7.14964e-08
27 7.14964e-08
28 7.14964e-08
29 7.14964e-08
30 7.14964e-08
31 7.14964e-08
32 7.14964e-08
33 7.14964e-08
34 7.14964e-08
35 7.14964e-08
36 7.14964e-08
37 7.14964e-08
38 7.14964e-08
39 7.14964e-08
40 7.14964e-08
41 7.14964e-08
42 7.14964e-08
43 7.14964e-08
44 7.14964e-08
45 7.14964e-08
46 7.14964e-08
47 7.14964e-08
48 7.14964e-08
49 7.14964e-08
50 7.14964e-08
51 7.14964e-08
52 7.14964e-08
53 7.14964e-08
54 7.14964e-08
55 7.14964e-08
56 7.14964e-08
57 7.14964e-08
58 7.14964e-08
59 7.14964e-08
60 7.14964e-08
61 7.14964e-08
62 7.14964e-08
63 7.14964e-08
64 7.14964e-08
65 7.14964e-08
66 7.14964e-08
67 7.14964e-08
68 7.14964e-08
69 7.14964e-08
70 7.14964e-08
71 7.14964e-08
72 7.14964e-08
73 7.14964e-08
74 7.14964e-08
75 7.14964e-08
76 7.14964e-08
77 7.14964e-08
78 7.14964e-08
79 7.14964e-08
80 7.14964e-08
81 7.14964e-08
82 7.14964e-08
83 7.14964e-08
84 7.14964e-08
85 7.14964e-08
86 7.14964e-08
87 7.14964e-08
88 7.14964e-08
89 7.14964e-08
90 7.14964e-08
91 7.14964e-08
92 7.14964e-08
93 7.14964e-08
94 7.14964e-08
95 7.14964e-08
96 7.14964e-08
97 7.14964e-08
98 7.14964e-08
99 7.14964e-08
100 7.14964e-08
101 7.14964e-08
102 7.14964e-08
103 7.14964e-08
104 7.14964e-08
105 7.14964e-08
106 7.14964e-08
107 7.14964e-08
108 7.14964e-08
109 7.14964e-08
110 7.14964e-08
111 7.14964e-08
112 7.14964e-08
113 7.14964e-08
114 7.14964e-08
115 7.14964e-08
116 7.14964e-08
117 7.14964e-08
118 7.14964e-08
119 7.14964e-08
120 7.14964e-08
121 7.14964e-08
122 7.14964e-08
123 7.14964e-08
124 7.14964e-08
125 7.14964e-08
126 7.14964e-08
127 7.14964e-08
128 7.14964e-08
129 7.14964e-08
130 7.14964e-08
131 7.14964e-08
132 7.14964e-08
133 7.14964e-08
134 7.14964e-08
135 7.14964e-08
136 7.14964e-08
137 7.14964e-08
138 7.14964e-08
139 7.14964e-08
140 7.14964e-08
141 7.14964e-08
142 7.14964e-08
143 7.14964e-08
144 7.14964e-08
145 7.14964e-08
146 7.14964e-08
147 7.14964e-08
148 7.14964e-08
149 7.14964e-08
150 7.14964e-08
151 7.14964e-08
152 7.14964e-08
153 7.14964e-08
154 7.14964e-08
155 7.14964e-08
156 7.14964e-08
157 7.14964e-08
158 7.14964e-08
159 7.14964e-08
160 7.14964e-08
161 7.14964e-08
162 7.14964e-08
163 7.14964e-08
164 7.14964e-08
165 7.14964e-08
166 7.14964e-08
167 7.14964e-08
168 7.14964e-08
169 7.14964e-08
170 7.14964e-08
171 7.14964e-08
172 7.14964e-08
173 7.14964e-08
174 7.14964e-08
175 7.14964e-08
176 7.14964e-08
177 7.14964e-08
178 7.14964e-08
179 7.14964e-08
180 7.14964e-08
181 7.14964e-08
182 7.14964e-08
183 7.14964e-08
184 7.14964e-08
185 7.14964e-08
186 7.14964e-08
187 7.14964e-08
188 7.14964e-08
189 7.14964e-08
190 7.14964e-08
191 7.14964e-08
192 7.14964e-08
193 7.14964e-08
194 7.14964e-08
195 7.14964e-08
196 7.14964e-08
197 7.14964e-08
198 7.14964e-08
199 7.14964e-08
200 7.14964e-08
201 7.14964e-08
202 7.14964e-08
203 7.14964e-08
204 7.14964e-08
205 7.14964e-08
206 7.14964e-08
207 7.14964e-08
208 7.14964e-08
209 7.14964e-08
210 7.14964e-08
211 7.14964e-08
212 7.14964e-08
213 7.14964e-08
214 7.14964e-08
215 7.14964e-08
216 7.14964e-08
217 7.14964e-08
218 7.14964e-08
219 7.14964e-08
220 7.14964e-08
221 7.14964e-08
222 7.14964e-08
223 7.21395e-08
224 7.52929e-08
225 8.54299e-08
226 1.15465e-07
227 2.01105e-07
228 4.37602e-07
229 1.07107e-06
230 2.71734e-06
231 6.8642e-06
232 1.6982e-05
233 4.08735e-05
234 9.54282e-05
235 0.000215796
236 0.000472207
237 0.00099918
238 0.00204328
239 0.00403626
240 0.00769874
241 0.0141747
242 0.0251861
243 0.0431829
244 0.0714453
245 0.114082
246 0.175869
247 0.261895
248 0.37702
249 0.52523
250 0.708997
251 0.928829
252 0.975319
253 0.984853
254 0.995258
255 0.997286
256 0.999406
257 0.999806
258 0.99988
259 0.999955
260 0.999969
261 0.999983
262 0.999997
263 0.999999
264 1
265 1
266 1
267 1
268 1
269 1
270 1
271 1
272 1
273 1
274 1
275 1
276 1
277 1
278 1
279 1
280 1
281 1
282 0.999999
283 0.999997
284 0.999983
285 0.999909
286 0.999836
287 0.99945
288 0.997432
289 0.987111
290 0.935577
291 0.88985
292 0.674861
293 0.496356
294 0.353507
295 0.243506
296 0.162088
297 0.1042
298 0.0646752
299 0.0387562
300 0.0224268
301 0.012537
302 0.0067747
303 0.00354168
304 0.00179303
305 0.000880122
306 0.000419454
307 0.000194412
308 8.77985e-05
309 3.87231e-05
310 1.67275e-05
311 7.10654e-06
312 2.98976e-06
313 1.26224e-06
314 5.49739e-07
315 2.60263e-07
316 1.4424e-07
317 9.84169e-08
318 8.05406e-08
319 7.37522e-08
320 7.17332e-08
321 7.14964e-08
322 7.14964e-08
323 7.14964e-08
324 7.14964e-08
325 7.14964e-08
326 7.14964e-08
327 7.14964e-08
328 7.14964e-08
329 7.14964e-08
330 7.14964e-08
331 7.14964e-08
332 7.14964e-08
333 7.14964e-08
334 7.14964e-08
335 7.14964e-08
336 7.14964e-08
337 7.14964e-08
338 7.14964e-08
339 7.14964e-08
340 7.14964e-08
341 7.14964e-08
342 7.14964e-08
343 7.14964e-08
344 7.14964e-08
345 7.14964e-08
346 7.14964e-08
347 7.14964e-08
348 7.14964e-08
349 7.14964e-08
350 7.14964e-08
351 7.14964e-08
352 7.14964e-08
353 7.14964e-08
354 7.14964e-08
355 7.14964e-08
356 7.14964e-08
357 7.14964e-08
358 7.14964e-08
359 7.14964e-08
360 7.14964e-08
361 7.14964e-08
362 7.14964e-08
363 7.14964e-08
364 7.14964e-08
365 7.14964e-08
366 7.14964e-08
367 7.14964e-08
368 7.14964e-08
369 7.14964e-08
370 7.14964e-08
371 7.14964e-08
372 7.14964e-08
373 7.14964e-08
374 7.14964e-08
375 7.14964e-08
376 7.14964e-08
377 7.14964e-08
378 7.14964e-08
379 7.14964e-08
380 7.14964e-08
381 7.14964e-08
382 7.14964e-08
383 7.14964e-08
384 7.14964e-08
385 7.14964e-08
386 7.14964e-08
387 7.14964e-08
388 7.14964e-08
389 7.14964e-08
390 7.14964e-08
391 7.14964e-08
392 7.14964e-08
393 7.14964e-08
394 7.14964e-08
395 7.14964e-08
396 7.14964e-08
397 7.14964e-08
398 7.14964e-08
399 7.14964e-08
400 7.14964e-08
401 7.14964e-08
402 7.14964e-08
403 7.14964e-08
404 7.14964e-08
405 7.14964e-08
406 7.14964e-08
407 7.14964e-08
408 7.14964e-08
409 7.14964e-08
410 7.14964e-08
411 7.14964e-08
412 7.14964e-08
413 7.14964e-08
414 7.14964e-08
415 7.14964e-08
416 7.14964e-08
417 7.14964e-08
418 7.14964e-08
419 7.14964e-08
420 7.14964e-08
421 7.14964e-08
422 7.14964e-08
423 7.14964e-08
424 7.14964e-08
425 7.14964e-08
426 7.14964e-08
427 7.14964e-08
428 7.14964e-08
429 7.14964e-08
430 7.14964e-08
431 7.14964e-08
432 7.14964e-08
433 7.14964e-08
434 7.14964e-08
435 7.14964e-08
436 7.14964e-08
437 7.14964e-08
438 7.14964e-08
439 7.14964e-08
440 7.14964e-08
441 7.14964e-08
442 7.14964e-08
443 7.14964e-08
444 7.14964e-08
445 7.14964e-08
446 7.14964e-08
447 7.14964e-08
448 7.14964e-08
449 7.14964e-08
450 7.14964e-08
451 7.14964e-08
452 7.14964e-08
453 7.14964e-08
454 7.14964e-08
455 7.14964e-08
456 7.14964e-08
457 7.14964e-08
458 7.14964e-08
459 7.14964e-08
460 7.14964e-08
461 7.14964e-08
462 7.14964e-08
463 7.14964e-08
464 7.14964e-08
465 7.14964e-08
466 7.14964e-08
467 7.14964e-08
468 7.14964e-08
469 7.14964e-08
470 7.14964e-08
471 7.14964e-08
472 7.14964e-08
473 7.14964e-08
474 7.14964e-08
475 7.14964e-08
476 7.14964e-08
477 7.14964e-08
478 7.14964e-08
479 7.14964e-08
480 7.14964e-08
481 7.14964e-08
482 7.14964e-08
483 7.14964e-08
484 7.14964e-08
485 7.14964e-08
486 7.14964e-08
487 7.14964e-08
488 7.14964e-08
489 7.14964e-08
490 7.14964e-08
491 7.14964e-08
492 7.14964e-08
493 7.14964e-08
494 7.14964e-08
495 7.14964e-08
496 7.14964e-08
497 7.14964e-08
498 7.14964e-08
499 7.14964e-08
500 7.14964e-08
501 7.14964e-08
502 7.14964e-08
503 7.14964e-08
504 7.14964e-08
505 7.14964e-08
506 7.14964e-08
507 7.14964e-08
508 7.14964e-08
509 7.14964e-08
510 7.14964e-08
511 7.14964e-08
512 7.14964e-08
513 7.14964e-08
514 7.14964e-08
515 7.14964e-08
516 7.14964e-08
517 7.14964e-08
518 7.14964e-08
519 7.14964e-08
520 7.14964e-08
521 7.14964e-08
522 7.14964e-08
523 7.14964e-08
524 7.14964e-08
525 7.14964e-08
526 7.14964e-08
527 7.14964e-08
528 7.14964e-08
529 7.14964e-08
530 7.14964e-08
531 7.14964e-08
532 7.14964e-08
533 7.14964e-08
534 7.14964e-08
535 7.14964e-08
536 7.14964e-08
537 7.14964e-08
538 7.14964e-08
539 7.14964e-08
540 7.14964e-08
541 7.14964e-08
542 7.14964e-08
