1 7.60485e-09
2 7.60485e-09
3 7.60485e-09
4 7.60485e-09
5 7.60485e-09
6 7.60485e-09
7 7.60485e-09
8 7.60485e-09
9 7.60485e-09
10 7.60485e-09
11 7.60485e-09
12 7.60485e-09
13 7.60485e-09
14 7.60485e-09
15 7.60485e-09
16 7.60485e-09
17 7.60485e-09
18 7.60485e-09
19 7.60485e-09
20 7.60485e-09
21 7.60485e-09
22 7.60485e-09
23 7.60485e-09
24 7.60485e-09
25 7.60485e-09
26 7.60485e-09
27 7.60485e-09
28 7.60485e-09
29 7.60485e-09
30 7.60485e-09
31 7.60485e-09
32 7.60485e-09
33 7.60485e-09
34 7.60485e-09
35 7.60485e-09
36 7.60485e-09
37 7.60485e-09
38 7.60485e-09
39 7.60485e-09
40 7.60485e-09
41 7.60485e-09
42 7.60485e-09
43 7.60485e-09
44 7.60485e-09
45 7.60485e-09
46 7.60485e-09
47 7.60485e-09
48 7.60485e-09
49 7.60485e-09
50 7.60485e-09
51 7.60485e-09
52 7.60485e-09
53 7.60485e-09
54 7.60485e-09
55 7.60485e-09
56 7.60485e-09
57 7.60485e-09
58 7.60485e-09
59 7.60485e-09
60 7.60485e-09
61 7.60485e-09
62 7.60485e-09
63 7.60485e-09
64 7.60485e-09
65 7.60485e-09
66 7.60485e-09
67 7.60485e-09
68 7.60485e-09
69 7.60485e-09
70 7.60485e-09
71 7.60485e-09
72 7.60485e-09
73 7.60485e-09
74 7.60485e-09
75 7.60485e-09
76 7.60485e-09
77 7.60485e-09
78 7.60485e-09
79 7.60485e-09
80 7.60485e-09
81 7.60485e-09
82 7.60485e-09
83 7.60485e-09
84 7.60485e-09
85 7.60485e-09
86 7.60485e-09
87 7.60485e-09
88 7.60485e-09
89 7.60485e-09
90 7.60485e-09
91 7.60485e-09
92 7.60485e-09
93 7.60485e-09
94 7.60485e-09
95 7.60485e-09
96 7.60485e-09
97 7.60485e-09
98 7.60485e-09
99 7.60485e-09
100 7.60485e-09
101 7.60485e-09
102 7.60485e-09
103 7.60485e-09
104 7.60485e-09
105 7.60485e-09
106 7.60485e-09
107 7.60485e-09
108 7.60485e-09
109 7.60485e-09
110 7.60485e-09
111 7.60485e-09
112 7.60485e-09
113 7.60485e-09
114 7.60485e-09
115 7.60485e-09
116 7.60485e-09
117 7.60485e-09
118 7.60485e-09
119 7.60485e-09
120 7.60485e-09
121 7.60485e-09
122 7.60485e-09
123 7.60485e-09
124 7.60485e-09
125 7.60485e-09
126 7.60485e-09
127 7.60485e-09
128 7.60485e-09
129 7.60485e-09
130 7.60485e-09
131 7.60485e-09
132 7.60485e-09
133 7.60485e-09
134 7.60485e-09
135 7.60485e-09
136 7.60485e-09
137 7.60485e-09
138 7.60485e-09
139 7.60485e-09
140 7.60485e-09
141 7.60485e-09
142 7.60485e-09
143 7.60485e-09
144 7.60485e-09
145 7.60485e-09
146 7.60485e-09
147 7.60485e-09
148 7.60485e-09
149 7.60485e-09
150 7.60485e-09
151 7.60485e-09
152 7.60485e-09
153 7.60485e-09
154 7.60485e-09
155 7.60485e-09
156 7.60485e-09
157 7.60485e-09
158 7.60485e-09
159 7.60485e-09
160 7.60485e-09
161 7.60485e-09
162 7.60485e-09
163 7.60485e-09
164 7.60485e-09
165 7.60485e-09
166 7.60485e-09
167 7.60485e-09
168 7.60485e-09
169 7.60485e-09
170 7.60485e-09
171 7.60485e-09
172 7.60485e-09
173 7.60485e-09
174 7.60485e-09
175 7.60485e-09
176 7.60485e-09
177 7.60485e-09
178 7.60485e-09
179 7.60485e-09
180 7.60485e-09
181 7.60485e-09
182 7.60485e-09
183 7.60485e-09
184 7.60485e-09
185 7.60485e-09
186 7.60485e-09
187 7.60485e-09
188 7.60485e-09
189 7.60485e-09
190 7.60485e-09
191 7.60485e-09
192 7.60485e-09
193 7.60485e-09
194 7.60485e-09
195 7.60485e-09
196 7.60485e-09
197 7.60485e-09
198 7.60485e-09
199 7.60485e-09
200 7.60485e-09
201 7.60485e-09
202 7.60485e-09
203 7.60485e-09
204 7.60485e-09
205 7.60485e-09
206 7.60485e-09
207 7.60485e-09
208 7.60485e-09
209 7.60485e-09
210 7.60485e-09
211 7.60485e-09
212 7.60485e-09
213 7.60485e-09
214 7.60485e-09
215 7.60485e-09
216 7.60485e-09
217 7.60485e-09
218 7.60485e-09
219 7.60485e-09
220 7.60485e-09
221 7.60485e-09
222 7.60485e-09
223 7.60485e-09
224 7.60485e-09
225 7.60485e-09
226 7.60485e-09
227 7.60485e-09
228 7.60485e-09
229 7.60485e-09
230 7.60485e-09
231 8.9175e-09
232 1.88472e-08
233 5.47209e-08
234 1.71838e-07
235 5.39191e-07
236 1.65533e-06
237 4.94714e-06
238 1.43701e-05
239 4.05325e-05
240 0.000110911
241 0.00029416
242 0.000755511
243 0.00187746
244 0.00451035
245 0.0104669
246 0.0234463
247 0.0506616
248 0.105526
249 0.211777
250 0.40929
251 0.76147
252 0.871524
253 0.904473
254 0.956144
255 0.970329
256 0.990722
257 0.995856
258 0.997094
259 0.998663
260 0.999012
261 0.999421
262 0.999884
263 0.999977
264 0.999996
265 0.999999
266 1
267 1
268 1
269 1
270 1
271 1
272 1
273 1
274 1
275 1
276 1
277 1
278 1
279 1
280 0.999999
281 0.999997
282 0.999983
283 0.999921
284 0.999643
285 0.998455
286 0.997564
287 0.994061
288 0.980887
289 0.933465
290 0.77002
291 0.671342
292 0.358851
293 0.185147
294 0.0923186
295 0.0445531
296 0.0208467
297 0.00947614
298 0.0041941
299 0.00181191
300 0.000766092
301 0.000317867
302 0.000129762
303 5.22341e-05
304 2.07661e-05
305 8.15994e-06
306 3.16865e-06
307 1.2146e-06
308 4.58965e-07
309 1.70683e-07
310 6.27781e-08
311 2.35405e-08
312 1.10695e-08
313 8.16989e-09
314 7.60485e-09
315 7.60485e-09
316 7.60485e-09
317 7.60485e-09
318 7.60485e-09
319 7.60485e-09
320 7.60485e-09
321 7.60485e-09
322 7.60485e-09
323 7.60485e-09
324 7.60485e-09
325 7.60485e-09
326 7.60485e-09
327 7.60485e-09
328 7.60485e-09
329 7.60485e-09
330 7.60485e-09
331 7.60485e-09
332 7.60485e-09
333 7.60485e-09
334 7.60485e-09
335 7.60485e-09
336 7.60485e-09
337 7.60485e-09
338 7.60485e-09
339 7.60485e-09
340 7.60485e-09
341 7.60485e-09
342 7.60485e-09
343 7.60485e-09
344 7.60485e-09
345 7.60485e-09
346 7.60485e-09
347 7.60485e-09
348 7.60485e-09
349 7.60485e-09
350 7.60485e-09
351 7.60485e-09
352 7.60485e-09
353 7.60485e-09
354 7.60485e-09
355 7.60485e-09
356 7.60485e-09
357 7.60485e-09
358 7.60485e-09
359 7.60485e-09
360 7.60485e-09
361 7.60485e-09
362 7.60485e-09
363 7.60485e-09
364 7.60485e-09
365 7.60485e-09
366 7.60485e-09
367 7.60485e-09
368 7.60485e-09
369 7.60485e-09
370 7.60485e-09
371 7.60485e-09
372 7.60485e-09
373 7.60485e-09
374 7.60485e-09
375 7.60485e-09
376 7.60485e-09
377 7.60485e-09
378 7.60485e-09
379 7.60485e-09
380 7.60485e-09
381 7.60485e-09
382 7.60485e-09
383 7.60485e-09
384 7.60485e-09
385 7.60485e-09
386 7.60485e-09
387 7.60485e-09
388 7.60485e-09
389 7.60485e-09
390 7.60485e-09
391 7.60485e-09
392 7.60485e-09
393 7.60485e-09
394 7.60485e-09
395 7.60485e-09
396 7.60485e-09
397 7.60485e-09
398 7.60485e-09
399 7.60485e-09
400 7.60485e-09
401 7.60485e-09
402 7.60485e-09
403 7.60485e-09
404 7.60485e-09
405 7.60485e-09
406 7.60485e-09
407 7.60485e-09
408 7.60485e-09
409 7.60485e-09
410 7.60485e-09
411 7.60485e-09
412 7.60485e-09
413 7.60485e-09
414 7.60485e-09
415 7.60485e-09
416 7.60485e-09
417 7.60485e-09
418 7.60485e-09
419 7.60485e-09
420 7.60485e-09
421 7.60485e-09
422 7.60485e-09
423 7.60485e-09
424 7.60485e-09
425 7.60485e-09
426 7.60485e-09
427 7.60485e-09
428 7.60485e-09
429 7.60485e-09
430 7.60485e-09
431 7.60485e-09
432 7.60485e-09
433 7.60485e-09
434 7.60485e-09
435 7.60485e-09
436 7.60485e-09
437 7.60485e-09
438 7.60485e-09
439 7.60485e-09
440 7.60485e-09
441 7.60485e-09
442 7.60485e-09
443 7.60485e-09
444 7.60485e-09
445 7.60485e-09
446 7.60485e-09
447 7.60485e-09
448 7.60485e-09
449 7.60485e-09
450 7.60485e-09
451 7.60485e-09
452 7.60485e-09
453 7.60485e-09
454 7.60485e-09
455 7.60485e-09
456 7.60485e-09
457 7.60485e-09
458 7.60485e-09
459 7.60485e-09
460 7.60485e-09
461 7.60485e-09
462 7.60485e-09
463 7.60485e-09
464 7.60485e-09
465 7.60485e-09
466 7.60485e-09
467 7.60485e-09
468 7.60485e-09
469 7.60485e-09
470 7.60485e-09
471 7.60485e-09
472 7.60485e-09
473 7.60485e-09
474 7.60485e-09
475 7.60485e-09
476 7.60485e-09
477 7.60485e-09
478 7.60485e-09
479 7.60485e-09
480 7.60485e-09
481 7.60485e-09
482 7.60485e-09
483 7.60485e-09
484 7.60485e-09
485 7.60485e-09
486 7.60485e-09
487 7.60485e-09
488 7.60485e-09
489 7.60485e-09
490 7.60485e-09
491 7.60485e-09
492 7.60485e-09
493 7.60485e-09
494 7.60485e-09
495 7.60485e-09
496 7.60485e-09
497 7.60485e-09
498 7.60485e-09
499 7.60485e-09
500 7.60485e-09
501 7.60485e-09
502 7.60485e-09
503 7.60485e-09
504 7.60485e-09
505 7.60485e-09
506 7.60485e-09
507 7.60485e-09
508 7.60485e-09
509 7.60485e-09
510 7.60485e-09
511 7.60485e-09
512 7.60485e-09
513 7.60485e-09
514 7.60485e-09
515 7.60485e-09
516 7.60485e-09
517 7.60485e-09
518 7.60485e-09
519 7.60485e-09
520 7.60485e-09
521 7.60485e-09
522 7.60485e-09
523 7.60485e-09
524 7.60485e-09
525 7.60485e-09
526 7.60485e-09
527 7.60485e-09
528 7.60485e-09
529 7.60485e-09
530 7.60485e-09
531 7.60485e-09
532 7.60485e-09
533 7.60485e-09
534 7.60485e-09
535 7.60485e-09
536 7.60485e-09
537 7.60485e-09
538 7.60485e-09
539 7.60485e-09
540 7.60485e-09
541 7.60485e-09
542 7.60485e-09
