1 2.61335e-08
2 2.61335e-08
3 2.61335e-08
4 2.61335e-08
5 2.61335e-08
6 2.61335e-08
7 2.61335e-08
8 2.61335e-08
9 2.61335e-08
10 2.61335e-08
11 2.61335e-08
12 2.61335e-08
13 2.61335e-08
14 2.61335e-08
15 2.61335e-08
16 2.61335e-08
17 2.61335e-08
18 2.61335e-08
19 2.61335e-08
20 2.61335e-08
21 2.61335e-08
22 2.61335e-08
23 2.61335e-08
24 2.61335e-08
25 2.61335e-08
26 2.61335e-08
27 2.61335e-08
28 2.61335e-08
29 2.61335e-08
30 2.61335e-08
31 2.61335e-08
32 2.61335e-08
33 2.61335e-08
34 2.61335e-08
35 2.61335e-08
36 2.61335e-08
37 2.61335e-08
38 2.61335e-08
39 2.61335e-08
40 2.61335e-08
41 2.61335e-08
42 2.61335e-08
43 2.61335e-08
44 2.61335e-08
45 2.61335e-08
46 2.61335e-08
47 2.61335e-08
48 2.61335e-08
49 2.61335e-08
50 2.61335e-08
51 2.61335e-08
52 2.61335e-08
53 2.61335e-08
54 2.61335e-08
55 2.61335e-08
56 2.61335e-08
57 2.61335e-08
58 2.61335e-08
59 2.61335e-08
60 2.61335e-08
61 2.61335e-08
62 2.61335e-08
63 2.61335e-08
64 2.61335e-08
65 2.61335e-08
66 2.61335e-08
67 2.61335e-08
68 2.61335e-08
69 2.61335e-08
70 2.61335e-08
71 2.61335e-08
72 2.61335e-08
73 2.61335e-08
74 2.61335e-08
75 2.61335e-08
76 2.61335e-08
77 2.61335e-08
78 2.61335e-08
79 2.61335e-08
80 2.61335e-08
81 2.61335e-08
82 2.61335e-08
83 2.61335e-08
84 2.61335e-08
85 2.61335e-08
86 2.61335e-08
87 2.61335e-08
88 2.61335e-08
89 2.61335e-08
90 2.61335e-08
91 2.61335e-08
92 2.61335e-08
93 2.61335e-08
94 2.61335e-08
95 2.61335e-08
96 2.61335e-08
97 2.61335e-08
98 2.61335e-08
99 2.61335e-08
100 2.61335e-08
101 2.61335e-08
102 2.61335e-08
103 2.61335e-08
104 2.61335e-08
105 2.61335e-08
106 2.61335e-08
107 2.61335e-08
108 2.61335e-08
109 2.61335e-08
110 2.61335e-08
111 2.61335e-08
112 2.61335e-08
113 2.61335e-08
114 2.61335e-08
115 2.61335e-08
116 2.61335e-08
117 2.61335e-08
118 2.61335e-08
119 2.61335e-08
120 2.61335e-08
121 2.61335e-08
122 2.61335e-08
123 2.61335e-08
124 2.61335e-08
125 2.61335e-08
126 2.61335e-08
127 2.61335e-08
128 2.61335e-08
129 2.61335e-08
130 2.61335e-08
131 2.61335e-08
132 2.61335e-08
133 2.61335e-08
134 2.61335e-08
135 2.61335e-08
136 2.61335e-08
137 2.61335e-08
138 2.61335e-08
139 2.61335e-08
140 2.61335e-08
141 2.61335e-08
142 2.61335e-08
143 2.61335e-08
144 2.61335e-08
145 2.61335e-08
146 2.61335e-08
147 2.61335e-08
148 2.61335e-08
149 2.61335e-08
150 2.61335e-08
151 2.61335e-08
152 2.61335e-08
153 2.61335e-08
154 2.61335e-08
155 2.61335e-08
156 2.61335e-08
157 2.61335e-08
158 2.61335e-08
159 2.61335e-08
160 2.61335e-08
161 2.61335e-08
162 2.61335e-08
163 2.61335e-08
164 2.61335e-08
165 2.61335e-08
166 2.61335e-08
167 2.61335e-08
168 2.61335e-08
169 2.61335e-08
170 2.61335e-08
171 2.61335e-08
172 2.61335e-08
173 2.61335e-08
174 2.61335e-08
175 2.61335e-08
176 2.61335e-08
177 2.61335e-08
178 2.61335e-08
179 2.61335e-08
180 2.61335e-08
181 2.61335e-08
182 2.61335e-08
183 2.61335e-08
184 2.61335e-08
185 2.61335e-08
186 2.61335e-08
187 2.61335e-08
188 2.61335e-08
189 2.61335e-08
190 2.61335e-08
191 2.61335e-08
192 2.61335e-08
193 2.61335e-08
194 2.61335e-08
195 2.61335e-08
196 2.61335e-08
197 2.61335e-08
198 2.61335e-08
199 2.61335e-08
200 2.61335e-08
201 2.61335e-08
202 2.61335e-08
203 2.61335e-08
204 2.61335e-08
205 2.61335e-08
206 2.61335e-08
207 2.61335e-08
208 2.61335e-08
209 2.61335e-08
210 2.61335e-08
211 2.61335e-08
212 2.61335e-08
213 2.61335e-08
214 2.61335e-08
215 2.61335e-08
216 2.61335e-08
217 2.61335e-08
218 2.61335e-08
219 2.61335e-08
220 2.61335e-08
221 2.61335e-08
222 2.61335e-08
223 2.61335e-08
224 2.61335e-08
225 2.61335e-08
226 2.61335e-08
227 2.61335e-08
228 2.61335e-08
229 2.61335e-08
230 2.61335e-08
231 2.61335e-08
232 2.61335e-08
233 2.61335e-08
234 2.61335e-08
235 2.61335e-08
236 2.61335e-08
237 2.61335e-08
238 2.61335e-08
239 2.61335e-08
240 2.61335e-08
241 2.61335e-08
242 2.61335e-08
243 2.61335e-08
244 2.61335e-08
245 2.61335e-08
246 2.61335e-08
247 4.14434e-08
248 1.23034e-07
249 3.88496e-07
250 1.22869e-06
251 3.87384e-06
252 5.32097e-06
253 5.87765e-06
254 9.34532e-06
255 1.13281e-05
256 2.11433e-05
257 2.76339e-05
258 3.11092e-05
259 4.92125e-05
260 6.04387e-05
261 0.000105004
262 0.000265322
263 0.000369759
264 0.000438695
265 0.000484841
266 0.00051511
267 0.000531896
268 0.000533561
269 0.000514066
270 0.000461774
271 0.000357621
272 0.000359475
273 0.000329601
274 0.000418496
275 0.000813707
276 0.00107774
277 0.00124651
278 0.00134724
279 0.00139936
280 0.00141544
281 0.00140166
282 0.00135766
283 0.00127584
284 0.00113989
285 0.000923011
286 0.00086562
287 0.000774335
288 0.000638407
289 0.000444226
290 0.000176201
291 0.000110778
292 2.55144e-05
293 5.74528e-06
294 1.2663e-06
295 2.69702e-07
296 5.69456e-08
297 2.61335e-08
298 2.61335e-08
299 2.61335e-08
300 2.61335e-08
301 2.61335e-08
302 2.61335e-08
303 2.61335e-08
304 2.61335e-08
305 2.61335e-08
306 2.61335e-08
307 2.61335e-08
308 2.61335e-08
309 2.61335e-08
310 2.61335e-08
311 2.61335e-08
312 2.61335e-08
313 2.61335e-08
314 2.61335e-08
315 2.61335e-08
316 2.61335e-08
317 2.61335e-08
318 2.61335e-08
319 2.61335e-08
320 2.61335e-08
321 2.61335e-08
322 2.61335e-08
323 2.61335e-08
324 2.61335e-08
325 2.61335e-08
326 2.61335e-08
327 2.61335e-08
328 2.61335e-08
329 2.61335e-08
330 2.61335e-08
331 2.61335e-08
332 2.61335e-08
333 2.61335e-08
334 2.61335e-08
335 2.61335e-08
336 2.61335e-08
337 2.61335e-08
338 2.61335e-08
339 2.61335e-08
340 2.61335e-08
341 2.61335e-08
342 2.61335e-08
343 2.61335e-08
344 2.61335e-08
345 2.61335e-08
346 2.61335e-08
347 2.61335e-08
348 2.61335e-08
349 2.61335e-08
350 2.61335e-08
351 2.61335e-08
352 2.61335e-08
353 2.61335e-08
354 2.61335e-08
355 2.61335e-08
356 2.61335e-08
357 2.61335e-08
358 2.61335e-08
359 2.61335e-08
360 2.61335e-08
361 2.61335e-08
362 2.61335e-08
363 2.61335e-08
364 2.61335e-08
365 2.61335e-08
366 2.61335e-08
367 2.61335e-08
368 2.61335e-08
369 2.61335e-08
370 2.61335e-08
371 2.61335e-08
372 2.61335e-08
373 2.61335e-08
374 2.61335e-08
375 2.61335e-08
376 2.61335e-08
377 2.61335e-08
378 2.61335e-08
379 2.61335e-08
380 2.61335e-08
381 2.61335e-08
382 2.61335e-08
383 2.61335e-08
384 2.61335e-08
385 2.61335e-08
386 2.61335e-08
387 2.61335e-08
388 2.61335e-08
389 2.61335e-08
390 2.61335e-08
391 2.61335e-08
392 2.61335e-08
393 2.61335e-08
394 2.61335e-08
395 2.61335e-08
396 2.61335e-08
397 2.61335e-08
398 2.61335e-08
399 2.61335e-08
400 2.61335e-08
401 2.61335e-08
402 2.61335e-08
403 2.61335e-08
404 2.61335e-08
405 2.61335e-08
406 2.61335e-08
407 2.61335e-08
408 2.61335e-08
409 2.61335e-08
410 2.61335e-08
411 2.61335e-08
412 2.61335e-08
413 2.61335e-08
414 2.61335e-08
415 2.61335e-08
416 2.61335e-08
417 2.61335e-08
418 2.61335e-08
419 2.61335e-08
420 2.61335e-08
421 2.61335e-08
422 2.61335e-08
423 2.61335e-08
424 2.61335e-08
425 2.61335e-08
426 2.61335e-08
427 2.61335e-08
428 2.61335e-08
429 2.61335e-08
430 2.61335e-08
431 2.61335e-08
432 2.61335e-08
433 2.61335e-08
434 2.61335e-08
435 2.61335e-08
436 2.61335e-08
437 2.61335e-08
438 2.61335e-08
439 2.61335e-08
440 2.61335e-08
441 2.61335e-08
442 2.61335e-08
443 2.61335e-08
444 2.61335e-08
445 2.61335e-08
446 2.61335e-08
447 2.61335e-08
448 2.61335e-08
449 2.61335e-08
450 2.61335e-08
451 2.61335e-08
452 2.61335e-08
453 2.61335e-08
454 2.61335e-08
455 2.61335e-08
456 2.61335e-08
457 2.61335e-08
458 2.61335e-08
459 2.61335e-08
460 2.61335e-08
461 2.61335e-08
462 2.61335e-08
463 2.61335e-08
464 2.61335e-08
465 2.61335e-08
466 2.61335e-08
467 2.61335e-08
468 2.61335e-08
469 2.61335e-08
470 2.61335e-08
471 2.61335e-08
472 2.61335e-08
473 2.61335e-08
474 2.61335e-08
475 2.61335e-08
476 2.61335e-08
477 2.61335e-08
478 2.61335e-08
479 2.61335e-08
480 2.61335e-08
481 2.61335e-08
482 2.61335e-08
483 2.61335e-08
484 2.61335e-08
485 2.61335e-08
486 2.61335e-08
487 2.61335e-08
488 2.61335e-08
489 2.61335e-08
490 2.61335e-08
491 2.61335e-08
492 2.61335e-08
493 2.61335e-08
494 2.61335e-08
495 2.61335e-08
496 2.61335e-08
497 2.61335e-08
498 2.61335e-08
499 2.61335e-08
500 2.61335e-08
501 2.61335e-08
502 2.61335e-08
503 2.61335e-08
504 2.61335e-08
505 2.61335e-08
506 2.61335e-08
507 2.61335e-08
508 2.61335e-08
509 2.61335e-08
510 2.61335e-08
511 2.61335e-08
512 2.61335e-08
513 2.61335e-08
514 2.61335e-08
515 2.61335e-08
516 2.61335e-08
517 2.61335e-08
518 2.61335e-08
519 2.61335e-08
520 2.61335e-08
521 2.61335e-08
522 2.61335e-08
523 2.61335e-08
524 2.61335e-08
525 2.61335e-08
526 2.61335e-08
527 2.61335e-08
528 2.61335e-08
529 2.61335e-08
530 2.61335e-08
531 2.61335e-08
532 2.61335e-08
533 2.61335e-08
534 2.61335e-08
535 2.61335e-08
536 2.61335e-08
537 2.61335e-08
538 2.61335e-08
539 2.61335e-08
540 2.61335e-08
541 2.61335e-08
542 2.61335e-08
