1 5.44152e-08
2 5.44152e-08
3 5.44152e-08
4 5.44152e-08
5 5.44152e-08
6 5.44152e-08
7 5.44152e-08
8 5.44152e-08
9 5.44152e-08
10 5.44152e-08
11 5.44152e-08
12 5.44152e-08
13 5.44152e-08
14 5.44152e-08
15 5.44152e-08
16 5.44152e-08
17 5.44152e-08
18 5.44152e-08
19 5.44152e-08
20 5.44152e-08
21 5.44152e-08
22 5.44152e-08
23 5.44152e-08
24 5.44152e-08
25 5.44152e-08
26 5.44152e-08
27 5.44152e-08
28 5.44152e-08
29 5.44152e-08
30 5.44152e-08
31 5.44152e-08
32 5.44152e-08
33 5.44152e-08
34 5.44152e-08
35 5.44152e-08
36 5.44152e-08
37 5.44152e-08
38 5.44152e-08
39 5.44152e-08
40 5.44152e-08
41 5.44152e-08
42 5.44152e-08
43 5.44152e-08
44 5.44152e-08
45 5.44152e-08
46 5.44152e-08
47 5.44152e-08
48 5.44152e-08
49 5.44152e-08
50 5.44152e-08
51 5.44152e-08
52 5.44152e-08
53 5.44152e-08
54 5.44152e-08
55 5.44152e-08
56 5.44152e-08
57 5.44152e-08
58 5.44152e-08
59 5.44152e-08
60 5.44152e-08
61 5.44152e-08
62 5.44152e-08
63 5.44152e-08
64 5.44152e-08
65 5.44152e-08
66 5.44152e-08
67 5.44152e-08
68 5.44152e-08
69 5.44152e-08
70 5.44152e-08
71 5.44152e-08
72 5.44152e-08
73 5.44152e-08
74 5.44152e-08
75 5.44152e-08
76 5.44152e-08
77 5.44152e-08
78 5.44152e-08
79 5.44152e-08
80 5.44152e-08
81 5.44152e-08
82 5.44152e-08
83 5.44152e-08
84 5.44152e-08
85 5.44152e-08
86 5.44152e-08
87 5.44152e-08
88 5.44152e-08
89 5.44152e-08
90 5.44152e-08
91 5.44152e-08
92 5.44152e-08
93 5.44152e-08
94 5.44152e-08
95 5.44152e-08
96 5.44152e-08
97 5.44152e-08
98 5.44152e-08
99 5.44152e-08
100 5.44152e-08
101 5.44152e-08
102 5.44152e-08
103 5.44152e-08
104 5.44152e-08
105 5.44152e-08
106 5.44152e-08
107 5.44152e-08
108 5.44152e-08
109 5.44152e-08
110 5.44152e-08
111 5.44152e-08
112 5.44152e-08
113 5.44152e-08
114 5.44152e-08
115 5.44152e-08
116 5.44152e-08
117 5.44152e-08
118 5.44152e-08
119 5.44152e-08
120 5.44152e-08
121 5.44152e-08
122 5.44152e-08
123 5.44152e-08
124 5.44152e-08
125 5.44152e-08
126 5.44152e-08
127 5.44152e-08
128 5.44152e-08
129 5.44152e-08
130 5.44152e-08
131 5.44152e-08
132 5.44152e-08
133 5.44152e-08
134 5.44152e-08
135 5.44152e-08
136 5.44152e-08
137 5.44152e-08
138 5.44152e-08
139 5.44152e-08
140 5.44152e-08
141 5.44152e-08
142 5.44152e-08
143 5.44152e-08
144 5.44152e-08
145 5.44152e-08
146 5.44152e-08
147 5.44152e-08
148 5.44152e-08
149 5.44152e-08
150 5.44152e-08
151 5.44152e-08
152 5.44152e-08
153 5.44152e-08
154 5.44152e-08
155 5.44152e-08
156 5.44152e-08
157 5.44152e-08
158 5.44152e-08
159 5.44152e-08
160 5.44152e-08
161 5.44152e-08
162 5.44152e-08
163 5.44152e-08
164 5.44152e-08
165 5.44152e-08
166 5.44152e-08
167 5.44152e-08
168 5.44152e-08
169 5.44152e-08
170 5.44152e-08
171 5.44152e-08
172 5.44152e-08
173 5.44152e-08
174 5.44152e-08
175 5.44152e-08
176 5.44152e-08
177 5.44152e-08
178 5.44152e-08
179 5.44152e-08
180 5.44152e-08
181 5.44152e-08
182 5.44152e-08
183 5.44152e-08
184 5.44152e-08
185 5.44152e-08
186 5.44152e-08
187 5.44152e-08
188 5.44152e-08
189 5.44152e-08
190 5.44152e-08
191 5.44152e-08
192 5.44152e-08
193 5.44152e-08
194 5.44152e-08
195 5.44152e-08
196 5.44152e-08
197 5.44152e-08
198 5.44152e-08
199 5.44152e-08
200 5.44152e-08
201 5.44152e-08
202 5.44152e-08
203 5.44152e-08
204 5.44152e-08
205 5.44152e-08
206 5.44152e-08
207 5.44152e-08
208 5.44152e-08
209 5.44152e-08
210 5.44152e-08
211 5.44152e-08
212 5.44152e-08
213 5.44152e-08
214 5.44152e-08
215 5.44152e-08
216 5.44152e-08
217 5.44152e-08
218 5.44152e-08
219 5.44152e-08
220 5.44152e-08
221 5.44152e-08
222 5.44152e-08
223 5.44152e-08
224 5.44152e-08
225 5.44152e-08
226 5.44152e-08
227 5.44152e-08
228 5.44152e-08
229 5.44152e-08
230 5.44152e-08
231 5.44152e-08
232 5.44152e-08
233 5.44152e-08
234 5.44152e-08
235 5.44152e-08
236 5.44152e-08
237 5.44152e-08
238 5.44152e-08
239 5.44152e-08
240 5.44152e-08
241 5.44152e-08
242 5.44152e-08
243 5.44152e-08
244 5.44152e-08
245 5.86767e-08
246 1.08184e-07
247 3.06964e-07
248 9.62929e-07
249 3.12887e-06
250 1.07142e-05
251 3.8597e-05
252 5.77406e-05
253 7.05992e-05
254 0.00012265
255 0.000157762
256 0.000293199
257 0.000382359
258 0.000437441
259 0.00065002
260 0.000786299
261 0.00130436
262 0.00328293
263 0.0047124
264 0.00577865
265 0.00658754
266 0.00719796
267 0.00763965
268 0.00791844
269 0.0080102
270 0.00784283
271 0.00726416
272 0.00754357
273 0.00744202
274 0.00857547
275 0.0129939
276 0.0156759
277 0.0172053
278 0.0179771
279 0.0182437
280 0.0181521
281 0.01777
282 0.0170998
283 0.0160767
284 0.0145495
285 0.0122396
286 0.0116005
287 0.0105889
288 0.00900584
289 0.00656462
290 0.00287955
291 0.00188915
292 0.00047433
293 0.000115767
294 2.75168e-05
295 6.3841e-06
296 1.45373e-06
297 3.3363e-07
298 9.40967e-08
299 5.44152e-08
300 5.44152e-08
301 5.44152e-08
302 5.44152e-08
303 5.44152e-08
304 5.44152e-08
305 5.44152e-08
306 5.44152e-08
307 5.44152e-08
308 5.44152e-08
309 5.44152e-08
310 5.44152e-08
311 5.44152e-08
312 5.44152e-08
313 5.44152e-08
314 5.44152e-08
315 5.44152e-08
316 5.44152e-08
317 5.44152e-08
318 5.44152e-08
319 5.44152e-08
320 5.44152e-08
321 5.44152e-08
322 5.44152e-08
323 5.44152e-08
324 5.44152e-08
325 5.44152e-08
326 5.44152e-08
327 5.44152e-08
328 5.44152e-08
329 5.44152e-08
330 5.44152e-08
331 5.44152e-08
332 5.44152e-08
333 5.44152e-08
334 5.44152e-08
335 5.44152e-08
336 5.44152e-08
337 5.44152e-08
338 5.44152e-08
339 5.44152e-08
340 5.44152e-08
341 5.44152e-08
342 5.44152e-08
343 5.44152e-08
344 5.44152e-08
345 5.44152e-08
346 5.44152e-08
347 5.44152e-08
348 5.44152e-08
349 5.44152e-08
350 5.44152e-08
351 5.44152e-08
352 5.44152e-08
353 5.44152e-08
354 5.44152e-08
355 5.44152e-08
356 5.44152e-08
357 5.44152e-08
358 5.44152e-08
359 5.44152e-08
360 5.44152e-08
361 5.44152e-08
362 5.44152e-08
363 5.44152e-08
364 5.44152e-08
365 5.44152e-08
366 5.44152e-08
367 5.44152e-08
368 5.44152e-08
369 5.44152e-08
370 5.44152e-08
371 5.44152e-08
372 5.44152e-08
373 5.44152e-08
374 5.44152e-08
375 5.44152e-08
376 5.44152e-08
377 5.44152e-08
378 5.44152e-08
379 5.44152e-08
380 5.44152e-08
381 5.44152e-08
382 5.44152e-08
383 5.44152e-08
384 5.44152e-08
385 5.44152e-08
386 5.44152e-08
387 5.44152e-08
388 5.44152e-08
389 5.44152e-08
390 5.44152e-08
391 5.44152e-08
392 5.44152e-08
393 5.44152e-08
394 5.44152e-08
395 5.44152e-08
396 5.44152e-08
397 5.44152e-08
398 5.44152e-08
399 5.44152e-08
400 5.44152e-08
401 5.44152e-08
402 5.44152e-08
403 5.44152e-08
404 5.44152e-08
405 5.44152e-08
406 5.44152e-08
407 5.44152e-08
408 5.44152e-08
409 5.44152e-08
410 5.44152e-08
411 5.44152e-08
412 5.44152e-08
413 5.44152e-08
414 5.44152e-08
415 5.44152e-08
416 5.44152e-08
417 5.44152e-08
418 5.44152e-08
419 5.44152e-08
420 5.44152e-08
421 5.44152e-08
422 5.44152e-08
423 5.44152e-08
424 5.44152e-08
425 5.44152e-08
426 5.44152e-08
427 5.44152e-08
428 5.44152e-08
429 5.44152e-08
430 5.44152e-08
431 5.44152e-08
432 5.44152e-08
433 5.44152e-08
434 5.44152e-08
435 5.44152e-08
436 5.44152e-08
437 5.44152e-08
438 5.44152e-08
439 5.44152e-08
440 5.44152e-08
441 5.44152e-08
442 5.44152e-08
443 5.44152e-08
444 5.44152e-08
445 5.44152e-08
446 5.44152e-08
447 5.44152e-08
448 5.44152e-08
449 5.44152e-08
450 5.44152e-08
451 5.44152e-08
452 5.44152e-08
453 5.44152e-08
454 5.44152e-08
455 5.44152e-08
456 5.44152e-08
457 5.44152e-08
458 5.44152e-08
459 5.44152e-08
460 5.44152e-08
461 5.44152e-08
462 5.44152e-08
463 5.44152e-08
464 5.44152e-08
465 5.44152e-08
466 5.44152e-08
467 5.44152e-08
468 5.44152e-08
469 5.44152e-08
470 5.44152e-08
471 5.44152e-08
472 5.44152e-08
473 5.44152e-08
474 5.44152e-08
475 5.44152e-08
476 5.44152e-08
477 5.44152e-08
478 5.44152e-08
479 5.44152e-08
480 5.44152e-08
481 5.44152e-08
482 5.44152e-08
483 5.44152e-08
484 5.44152e-08
485 5.44152e-08
486 5.44152e-08
487 5.44152e-08
488 5.44152e-08
489 5.44152e-08
490 5.44152e-08
491 5.44152e-08
492 5.44152e-08
493 5.44152e-08
494 5.44152e-08
495 5.44152e-08
496 5.44152e-08
497 5.44152e-08
498 5.44152e-08
499 5.44152e-08
500 5.44152e-08
501 5.44152e-08
502 5.44152e-08
503 5.44152e-08
504 5.44152e-08
505 5.44152e-08
506 5.44152e-08
507 5.44152e-08
508 5.44152e-08
509 5.44152e-08
510 5.44152e-08
511 5.44152e-08
512 5.44152e-08
513 5.44152e-08
514 5.44152e-08
515 5.44152e-08
516 5.44152e-08
517 5.44152e-08
518 5.44152e-08
519 5.44152e-08
520 5.44152e-08
521 5.44152e-08
522 5.44152e-08
523 5.44152e-08
524 5.44152e-08
525 5.44152e-08
526 5.44152e-08
527 5.44152e-08
528 5.44152e-08
529 5.44152e-08
530 5.44152e-08
531 5.44152e-08
532 5.44152e-08
533 5.44152e-08
534 5.44152e-08
535 5.44152e-08
536 5.44152e-08
537 5.44152e-08
538 5.44152e-08
539 5.44152e-08
540 5.44152e-08
541 5.44152e-08
542 5.44152e-08
