1 2.95579e-09
2 2.95579e-09
3 2.95579e-09
4 2.95579e-09
5 2.95579e-09
6 2.95579e-09
7 2.95579e-09
8 2.95579e-09
9 2.95579e-09
10 2.95579e-09
11 2.95579e-09
12 2.95579e-09
13 2.95579e-09
14 2.95579e-09
15 2.95579e-09
16 2.95579e-09
17 2.95579e-09
18 2.95579e-09
19 2.95579e-09
20 2.95579e-09
21 2.95579e-09
22 2.95579e-09
23 2.95579e-09
24 2.95579e-09
25 2.95579e-09
26 2.95579e-09
27 2.95579e-09
28 2.95579e-09
29 2.95579e-09
30 2.95579e-09
31 2.95579e-09
32 2.95579e-09
33 2.95579e-09
34 2.95579e-09
35 2.95579e-09
36 2.95579e-09
37 2.95579e-09
38 2.95579e-09
39 2.95579e-09
40 2.95579e-09
41 2.95579e-09
42 2.95579e-09
43 2.95579e-09
44 2.95579e-09
45 2.95579e-09
46 2.95579e-09
47 2.95579e-09
48 2.95579e-09
49 2.95579e-09
50 2.95579e-09
51 2.95579e-09
52 2.95579e-09
53 2.95579e-09
54 2.95579e-09
55 2.95579e-09
56 2.95579e-09
57 2.95579e-09
58 2.95579e-09
59 2.95579e-09
60 2.95579e-09
61 2.95579e-09
62 2.95579e-09
63 2.95579e-09
64 2.95579e-09
65 2.95579e-09
66 2.95579e-09
67 2.95579e-09
68 2.95579e-09
69 2.95579e-09
70 2.95579e-09
71 2.95579e-09
72 2.95579e-09
73 2.95579e-09
74 2.95579e-09
75 2.95579e-09
76 2.95579e-09
77 2.95579e-09
78 2.95579e-09
79 2.95579e-09
80 2.95579e-09
81 2.95579e-09
82 2.95579e-09
83 2.95579e-09
84 2.95579e-09
85 2.95579e-09
86 2.95579e-09
87 2.95579e-09
88 2.95579e-09
89 2.95579e-09
90 2.95579e-09
91 2.95579e-09
92 2.95579e-09
93 2.95579e-09
94 2.95579e-09
95 2.95579e-09
96 2.95579e-09
97 2.95579e-09
98 2.95579e-09
99 2.95579e-09
100 2.95579e-09
101 2.95579e-09
102 2.95579e-09
103 2.95579e-09
104 2.95579e-09
105 2.95579e-09
106 2.95579e-09
107 2.95579e-09
108 2.95579e-09
109 2.95579e-09
110 2.95579e-09
111 2.95579e-09
112 2.95579e-09
113 2.95579e-09
114 2.95579e-09
115 2.95579e-09
116 2.95579e-09
117 2.95579e-09
118 2.95579e-09
119 2.95579e-09
120 2.95579e-09
121 2.95579e-09
122 2.95579e-09
123 2.95579e-09
124 2.95579e-09
125 2.95579e-09
126 2.95579e-09
127 2.95579e-09
128 2.95579e-09
129 2.95579e-09
130 2.95579e-09
131 2.95579e-09
132 2.95579e-09
133 2.95579e-09
134 2.95579e-09
135 2.95579e-09
136 2.95579e-09
137 2.95579e-09
138 2.95579e-09
139 2.95579e-09
140 2.95579e-09
141 2.95579e-09
142 2.95579e-09
143 2.95579e-09
144 2.95579e-09
145 2.95579e-09
146 2.95579e-09
147 2.95579e-09
148 2.95579e-09
149 2.95579e-09
150 2.95579e-09
151 2.95579e-09
152 2.95579e-09
153 2.95579e-09
154 2.95579e-09
155 2.95579e-09
156 2.95579e-09
157 2.95579e-09
158 2.95579e-09
159 2.95579e-09
160 2.95579e-09
161 2.95579e-09
162 2.95579e-09
163 2.95579e-09
164 2.95579e-09
165 2.95579e-09
166 2.95579e-09
167 2.95579e-09
168 2.95579e-09
169 2.95579e-09
170 2.95579e-09
171 2.95579e-09
172 2.95579e-09
173 2.95579e-09
174 2.95579e-09
175 2.95579e-09
176 2.95579e-09
177 2.95579e-09
178 2.95579e-09
179 2.95579e-09
180 2.95579e-09
181 2.95579e-09
182 2.95579e-09
183 2.95579e-09
184 2.95579e-09
185 2.95579e-09
186 2.95579e-09
187 2.95579e-09
188 2.95579e-09
189 2.95579e-09
190 2.95579e-09
191 2.95579e-09
192 2.95579e-09
193 2.95579e-09
194 2.95579e-09
195 2.95579e-09
196 2.95579e-09
197 2.95579e-09
198 2.95579e-09
199 2.95579e-09
200 2.95579e-09
201 2.95579e-09
202 2.95579e-09
203 2.95579e-09
204 2.95579e-09
205 2.95579e-09
206 2.95579e-09
207 2.95579e-09
208 2.95579e-09
209 2.95579e-09
210 2.95579e-09
211 2.95579e-09
212 2.95579e-09
213 2.95579e-09
214 2.95579e-09
215 2.95579e-09
216 2.95579e-09
217 2.95579e-09
218 2.95579e-09
219 2.95579e-09
220 2.95579e-09
221 2.95579e-09
222 2.95579e-09
223 2.95579e-09
224 2.95579e-09
225 2.95579e-09
226 2.95579e-09
227 2.95579e-09
228 2.95579e-09
229 2.95579e-09
230 2.95579e-09
231 2.95579e-09
232 2.95579e-09
233 2.95579e-09
234 2.95579e-09
235 3.21218e-09
236 8.05392e-09
237 2.9278e-08
238 1.10876e-07
239 4.13847e-07
240 1.50949e-06
241 5.374e-06
242 1.86711e-05
243 6.32828e-05
244 0.000209078
245 0.000672669
246 0.00210517
247 0.00640131
248 0.0188903
249 0.0540367
250 0.149664
251 0.400895
252 0.517271
253 0.569197
254 0.691113
255 0.741405
256 0.850331
257 0.891691
258 0.906735
259 0.935379
260 0.944913
261 0.961496
262 0.989039
263 0.99702
264 0.999226
265 0.999808
266 0.999954
267 0.99999
268 0.999998
269 0.999999
270 1
271 1
272 1
273 0.999999
274 0.999999
275 1
276 1
277 0.999999
278 0.999995
279 0.999983
280 0.999938
281 0.999786
282 0.999292
283 0.997754
284 0.993177
285 0.980112
286 0.97356
287 0.956252
288 0.91211
289 0.803115
290 0.541742
291 0.430068
292 0.174818
293 0.0701049
294 0.02779
295 0.0108995
296 0.00422859
297 0.00162053
298 0.000612139
299 0.000227317
300 8.27617e-05
301 2.94677e-05
302 1.02381e-05
303 3.4643e-06
304 1.13945e-06
305 3.63516e-07
306 1.12475e-07
307 3.41748e-08
308 1.06809e-08
309 4.3034e-09
310 2.95579e-09
311 2.95579e-09
312 2.95579e-09
313 2.95579e-09
314 2.95579e-09
315 2.95579e-09
316 2.95579e-09
317 2.95579e-09
318 2.95579e-09
319 2.95579e-09
320 2.95579e-09
321 2.95579e-09
322 2.95579e-09
323 2.95579e-09
324 2.95579e-09
325 2.95579e-09
326 2.95579e-09
327 2.95579e-09
328 2.95579e-09
329 2.95579e-09
330 2.95579e-09
331 2.95579e-09
332 2.95579e-09
333 2.95579e-09
334 2.95579e-09
335 2.95579e-09
336 2.95579e-09
337 2.95579e-09
338 2.95579e-09
339 2.95579e-09
340 2.95579e-09
341 2.95579e-09
342 2.95579e-09
343 2.95579e-09
344 2.95579e-09
345 2.95579e-09
346 2.95579e-09
347 2.95579e-09
348 2.95579e-09
349 2.95579e-09
350 2.95579e-09
351 2.95579e-09
352 2.95579e-09
353 2.95579e-09
354 2.95579e-09
355 2.95579e-09
356 2.95579e-09
357 2.95579e-09
358 2.95579e-09
359 2.95579e-09
360 2.95579e-09
361 2.95579e-09
362 2.95579e-09
363 2.95579e-09
364 2.95579e-09
365 2.95579e-09
366 2.95579e-09
367 2.95579e-09
368 2.95579e-09
369 2.95579e-09
370 2.95579e-09
371 2.95579e-09
372 2.95579e-09
373 2.95579e-09
374 2.95579e-09
375 2.95579e-09
376 2.95579e-09
377 2.95579e-09
378 2.95579e-09
379 2.95579e-09
380 2.95579e-09
381 2.95579e-09
382 2.95579e-09
383 2.95579e-09
384 2.95579e-09
385 2.95579e-09
386 2.95579e-09
387 2.95579e-09
388 2.95579e-09
389 2.95579e-09
390 2.95579e-09
391 2.95579e-09
392 2.95579e-09
393 2.95579e-09
394 2.95579e-09
395 2.95579e-09
396 2.95579e-09
397 2.95579e-09
398 2.95579e-09
399 2.95579e-09
400 2.95579e-09
401 2.95579e-09
402 2.95579e-09
403 2.95579e-09
404 2.95579e-09
405 2.95579e-09
406 2.95579e-09
407 2.95579e-09
408 2.95579e-09
409 2.95579e-09
410 2.95579e-09
411 2.95579e-09
412 2.95579e-09
413 2.95579e-09
414 2.95579e-09
415 2.95579e-09
416 2.95579e-09
417 2.95579e-09
418 2.95579e-09
419 2.95579e-09
420 2.95579e-09
421 2.95579e-09
422 2.95579e-09
423 2.95579e-09
424 2.95579e-09
425 2.95579e-09
426 2.95579e-09
427 2.95579e-09
428 2.95579e-09
429 2.95579e-09
430 2.95579e-09
431 2.95579e-09
432 2.95579e-09
433 2.95579e-09
434 2.95579e-09
435 2.95579e-09
436 2.95579e-09
437 2.95579e-09
438 2.95579e-09
439 2.95579e-09
440 2.95579e-09
441 2.95579e-09
442 2.95579e-09
443 2.95579e-09
444 2.95579e-09
445 2.95579e-09
446 2.95579e-09
447 2.95579e-09
448 2.95579e-09
449 2.95579e-09
450 2.95579e-09
451 2.95579e-09
452 2.95579e-09
453 2.95579e-09
454 2.95579e-09
455 2.95579e-09
456 2.95579e-09
457 2.95579e-09
458 2.95579e-09
459 2.95579e-09
460 2.95579e-09
461 2.95579e-09
462 2.95579e-09
463 2.95579e-09
464 2.95579e-09
465 2.95579e-09
466 2.95579e-09
467 2.95579e-09
468 2.95579e-09
469 2.95579e-09
470 2.95579e-09
471 2.95579e-09
472 2.95579e-09
473 2.95579e-09
474 2.95579e-09
475 2.95579e-09
476 2.95579e-09
477 2.95579e-09
478 2.95579e-09
479 2.95579e-09
480 2.95579e-09
481 2.95579e-09
482 2.95579e-09
483 2.95579e-09
484 2.95579e-09
485 2.95579e-09
486 2.95579e-09
487 2.95579e-09
488 2.95579e-09
489 2.95579e-09
490 2.95579e-09
491 2.95579e-09
492 2.95579e-09
493 2.95579e-09
494 2.95579e-09
495 2.95579e-09
496 2.95579e-09
497 2.95579e-09
498 2.95579e-09
499 2.95579e-09
500 2.95579e-09
501 2.95579e-09
502 2.95579e-09
503 2.95579e-09
504 2.95579e-09
505 2.95579e-09
506 2.95579e-09
507 2.95579e-09
508 2.95579e-09
509 2.95579e-09
510 2.95579e-09
511 2.95579e-09
512 2.95579e-09
513 2.95579e-09
514 2.95579e-09
515 2.95579e-09
516 2.95579e-09
517 2.95579e-09
518 2.95579e-09
519 2.95579e-09
520 2.95579e-09
521 2.95579e-09
522 2.95579e-09
523 2.95579e-09
524 2.95579e-09
525 2.95579e-09
526 2.95579e-09
527 2.95579e-09
528 2.95579e-09
529 2.95579e-09
530 2.95579e-09
531 2.95579e-09
532 2.95579e-09
533 2.95579e-09
534 2.95579e-09
535 2.95579e-09
536 2.95579e-09
537 2.95579e-09
538 2.95579e-09
539 2.95579e-09
540 2.95579e-09
541 2.95579e-09
542 2.95579e-09
