1 1.34912e-09
2 1.34912e-09
3 1.34912e-09
4 1.34912e-09
5 1.34912e-09
6 1.34912e-09
7 1.34912e-09
8 1.34912e-09
9 1.34912e-09
10 1.34912e-09
11 1.34912e-09
12 1.34912e-09
13 1.34912e-09
14 1.34912e-09
15 1.34912e-09
16 1.34912e-09
17 1.34912e-09
18 1.34912e-09
19 1.34912e-09
20 1.34912e-09
21 1.34912e-09
22 1.34912e-09
23 1.34912e-09
24 1.34912e-09
25 1.34912e-09
26 1.34912e-09
27 1.34912e-09
28 1.34912e-09
29 1.34912e-09
30 1.34912e-09
31 1.34912e-09
32 1.34912e-09
33 1.34912e-09
34 1.34912e-09
35 1.34912e-09
36 1.34912e-09
37 1.34912e-09
38 1.34912e-09
39 1.34912e-09
40 1.34912e-09
41 1.34912e-09
42 1.34912e-09
43 1.34912e-09
44 1.34912e-09
45 1.34912e-09
46 1.34912e-09
47 1.34912e-09
48 1.34912e-09
49 1.34912e-09
50 1.34912e-09
51 1.34912e-09
52 1.34912e-09
53 1.34912e-09
54 1.34912e-09
55 1.34912e-09
56 1.34912e-09
57 1.34912e-09
58 1.34912e-09
59 1.34912e-09
60 1.34912e-09
61 1.34912e-09
62 1.34912e-09
63 1.34912e-09
64 1.34912e-09
65 1.34912e-09
66 1.34912e-09
67 1.34912e-09
68 1.34912e-09
69 1.34912e-09
70 1.34912e-09
71 1.34912e-09
72 1.34912e-09
73 1.34912e-09
74 1.34912e-09
75 1.34912e-09
76 1.34912e-09
77 1.34912e-09
78 1.34912e-09
79 1.34912e-09
80 1.34912e-09
81 1.34912e-09
82 1.34912e-09
83 1.34912e-09
84 1.34912e-09
85 1.34912e-09
86 1.34912e-09
87 1.34912e-09
88 1.34912e-09
89 1.34912e-09
90 1.34912e-09
91 1.34912e-09
92 1.34912e-09
93 1.34912e-09
94 1.34912e-09
95 1.34912e-09
96 1.34912e-09
97 1.34912e-09
98 1.34912e-09
99 1.34912e-09
100 1.34912e-09
101 1.34912e-09
102 1.34912e-09
103 1.34912e-09
104 1.34912e-09
105 1.34912e-09
106 1.34912e-09
107 1.34912e-09
108 1.34912e-09
109 1.34912e-09
110 1.34912e-09
111 1.34912e-09
112 1.34912e-09
113 1.34912e-09
114 1.34912e-09
115 1.34912e-09
116 1.34912e-09
117 1.34912e-09
118 1.34912e-09
119 1.34912e-09
120 1.34912e-09
121 1.34912e-09
122 1.34912e-09
123 1.34912e-09
124 1.34912e-09
125 1.34912e-09
126 1.34912e-09
127 1.34912e-09
128 1.34912e-09
129 1.34912e-09
130 1.34912e-09
131 1.34912e-09
132 1.34912e-09
133 1.34912e-09
134 1.34912e-09
135 1.34912e-09
136 1.34912e-09
137 1.34912e-09
138 1.34912e-09
139 1.34912e-09
140 1.34912e-09
141 1.34912e-09
142 1.34912e-09
143 1.34912e-09
144 1.34912e-09
145 1.34912e-09
146 1.34912e-09
147 1.34912e-09
148 1.34912e-09
149 1.34912e-09
150 1.34912e-09
151 1.34912e-09
152 1.34912e-09
153 1.34912e-09
154 1.34912e-09
155 1.34912e-09
156 1.34912e-09
157 1.34912e-09
158 1.34912e-09
159 1.34912e-09
160 1.34912e-09
161 1.34912e-09
162 1.34912e-09
163 1.34912e-09
164 1.34912e-09
165 1.34912e-09
166 1.34912e-09
167 1.34912e-09
168 1.34912e-09
169 1.34912e-09
170 1.34912e-09
171 1.34912e-09
172 1.34912e-09
173 1.34912e-09
174 1.34912e-09
175 1.34912e-09
176 1.34912e-09
177 1.34912e-09
178 1.34912e-09
179 1.34912e-09
180 1.34912e-09
181 1.34912e-09
182 1.34912e-09
183 1.34912e-09
184 1.34912e-09
185 1.34912e-09
186 1.34912e-09
187 1.34912e-09
188 1.34912e-09
189 1.34912e-09
190 1.34912e-09
191 1.34912e-09
192 1.34912e-09
193 1.34912e-09
194 1.34912e-09
195 1.34912e-09
196 1.34912e-09
197 1.34912e-09
198 1.34912e-09
199 1.34912e-09
200 1.34912e-09
201 1.34912e-09
202 1.34912e-09
203 1.34912e-09
204 1.34912e-09
205 1.34912e-09
206 1.34912e-09
207 1.34912e-09
208 1.34912e-09
209 1.34912e-09
210 1.34912e-09
211 1.34912e-09
212 1.34912e-09
213 1.34912e-09
214 1.34912e-09
215 1.34912e-09
216 1.34912e-09
217 1.34912e-09
218 1.34912e-09
219 1.34912e-09
220 1.34912e-09
221 1.34912e-09
222 1.34912e-09
223 1.34912e-09
224 1.34912e-09
225 1.34912e-09
226 1.34912e-09
227 1.34912e-09
228 1.34912e-09
229 1.34912e-09
230 1.34912e-09
231 1.34912e-09
232 1.34912e-09
233 1.34912e-09
234 1.34912e-09
235 1.34912e-09
236 1.34912e-09
237 1.34912e-09
238 1.34912e-09
239 1.34912e-09
240 1.80198e-09
241 6.77195e-09
242 2.96098e-08
243 1.18048e-07
244 4.45057e-07
245 1.66536e-06
246 6.30994e-06
247 2.44454e-05
248 9.70267e-05
249 0.000392946
250 0.00161106
251 0.00662745
252 0.0103768
253 0.0131428
254 0.0241145
255 0.0319149
256 0.061595
257 0.0817688
258 0.09515
259 0.142466
260 0.172241
261 0.271846
262 0.595201
263 0.781125
264 0.884502
265 0.939984
266 0.96867
267 0.982932
268 0.989732
269 0.99282
270 0.994108
271 0.994482
272 0.995634
273 0.995885
274 0.996722
275 0.99843
276 0.998909
277 0.998887
278 0.998508
279 0.997591
280 0.995596
281 0.991342
282 0.982381
283 0.963788
284 0.925961
285 0.850832
286 0.8243
287 0.774594
288 0.684443
289 0.52631
290 0.258094
291 0.177621
292 0.049682
293 0.0135706
294 0.00363917
295 0.000964687
296 0.000254843
297 6.76479e-05
298 1.81639e-05
299 4.94739e-06
300 1.36377e-06
301 3.77026e-07
302 1.02693e-07
303 2.64236e-08
304 6.13175e-09
305 1.80198e-09
306 1.34912e-09
307 1.34912e-09
308 1.34912e-09
309 1.34912e-09
310 1.34912e-09
311 1.34912e-09
312 1.34912e-09
313 1.34912e-09
314 1.34912e-09
315 1.34912e-09
316 1.34912e-09
317 1.34912e-09
318 1.34912e-09
319 1.34912e-09
320 1.34912e-09
321 1.34912e-09
322 1.34912e-09
323 1.34912e-09
324 1.34912e-09
325 1.34912e-09
326 1.34912e-09
327 1.34912e-09
328 1.34912e-09
329 1.34912e-09
330 1.34912e-09
331 1.34912e-09
332 1.34912e-09
333 1.34912e-09
334 1.34912e-09
335 1.34912e-09
336 1.34912e-09
337 1.34912e-09
338 1.34912e-09
339 1.34912e-09
340 1.34912e-09
341 1.34912e-09
342 1.34912e-09
343 1.34912e-09
344 1.34912e-09
345 1.34912e-09
346 1.34912e-09
347 1.34912e-09
348 1.34912e-09
349 1.34912e-09
350 1.34912e-09
351 1.34912e-09
352 1.34912e-09
353 1.34912e-09
354 1.34912e-09
355 1.34912e-09
356 1.34912e-09
357 1.34912e-09
358 1.34912e-09
359 1.34912e-09
360 1.34912e-09
361 1.34912e-09
362 1.34912e-09
363 1.34912e-09
364 1.34912e-09
365 1.34912e-09
366 1.34912e-09
367 1.34912e-09
368 1.34912e-09
369 1.34912e-09
370 1.34912e-09
371 1.34912e-09
372 1.34912e-09
373 1.34912e-09
374 1.34912e-09
375 1.34912e-09
376 1.34912e-09
377 1.34912e-09
378 1.34912e-09
379 1.34912e-09
380 1.34912e-09
381 1.34912e-09
382 1.34912e-09
383 1.34912e-09
384 1.34912e-09
385 1.34912e-09
386 1.34912e-09
387 1.34912e-09
388 1.34912e-09
389 1.34912e-09
390 1.34912e-09
391 1.34912e-09
392 1.34912e-09
393 1.34912e-09
394 1.34912e-09
395 1.34912e-09
396 1.34912e-09
397 1.34912e-09
398 1.34912e-09
399 1.34912e-09
400 1.34912e-09
401 1.34912e-09
402 1.34912e-09
403 1.34912e-09
404 1.34912e-09
405 1.34912e-09
406 1.34912e-09
407 1.34912e-09
408 1.34912e-09
409 1.34912e-09
410 1.34912e-09
411 1.34912e-09
412 1.34912e-09
413 1.34912e-09
414 1.34912e-09
415 1.34912e-09
416 1.34912e-09
417 1.34912e-09
418 1.34912e-09
419 1.34912e-09
420 1.34912e-09
421 1.34912e-09
422 1.34912e-09
423 1.34912e-09
424 1.34912e-09
425 1.34912e-09
426 1.34912e-09
427 1.34912e-09
428 1.34912e-09
429 1.34912e-09
430 1.34912e-09
431 1.34912e-09
432 1.34912e-09
433 1.34912e-09
434 1.34912e-09
435 1.34912e-09
436 1.34912e-09
437 1.34912e-09
438 1.34912e-09
439 1.34912e-09
440 1.34912e-09
441 1.34912e-09
442 1.34912e-09
443 1.34912e-09
444 1.34912e-09
445 1.34912e-09
446 1.34912e-09
447 1.34912e-09
448 1.34912e-09
449 1.34912e-09
450 1.34912e-09
451 1.34912e-09
452 1.34912e-09
453 1.34912e-09
454 1.34912e-09
455 1.34912e-09
456 1.34912e-09
457 1.34912e-09
458 1.34912e-09
459 1.34912e-09
460 1.34912e-09
461 1.34912e-09
462 1.34912e-09
463 1.34912e-09
464 1.34912e-09
465 1.34912e-09
466 1.34912e-09
467 1.34912e-09
468 1.34912e-09
469 1.34912e-09
470 1.34912e-09
471 1.34912e-09
472 1.34912e-09
473 1.34912e-09
474 1.34912e-09
475 1.34912e-09
476 1.34912e-09
477 1.34912e-09
478 1.34912e-09
479 1.34912e-09
480 1.34912e-09
481 1.34912e-09
482 1.34912e-09
483 1.34912e-09
484 1.34912e-09
485 1.34912e-09
486 1.34912e-09
487 1.34912e-09
488 1.34912e-09
489 1.34912e-09
490 1.34912e-09
491 1.34912e-09
492 1.34912e-09
493 1.34912e-09
494 1.34912e-09
495 1.34912e-09
496 1.34912e-09
497 1.34912e-09
498 1.34912e-09
499 1.34912e-09
500 1.34912e-09
501 1.34912e-09
502 1.34912e-09
503 1.34912e-09
504 1.34912e-09
505 1.34912e-09
506 1.34912e-09
507 1.34912e-09
508 1.34912e-09
509 1.34912e-09
510 1.34912e-09
511 1.34912e-09
512 1.34912e-09
513 1.34912e-09
514 1.34912e-09
515 1.34912e-09
516 1.34912e-09
517 1.34912e-09
518 1.34912e-09
519 1.34912e-09
520 1.34912e-09
521 1.34912e-09
522 1.34912e-09
523 1.34912e-09
524 1.34912e-09
525 1.34912e-09
526 1.34912e-09
527 1.34912e-09
528 1.34912e-09
529 1.34912e-09
530 1.34912e-09
531 1.34912e-09
532 1.34912e-09
533 1.34912e-09
534 1.34912e-09
535 1.34912e-09
536 1.34912e-09
537 1.34912e-09
538 1.34912e-09
539 1.34912e-09
540 1.34912e-09
541 1.34912e-09
542 1.34912e-09
