1 2.59583e-09
2 2.59583e-09
3 2.59583e-09
4 2.59583e-09
5 2.59583e-09
6 2.59583e-09
7 2.59583e-09
8 2.59583e-09
9 2.59583e-09
10 2.59583e-09
11 2.59583e-09
12 2.59583e-09
13 2.59583e-09
14 2.59583e-09
15 2.59583e-09
16 2.59583e-09
17 2.59583e-09
18 2.59583e-09
19 2.59583e-09
20 2.59583e-09
21 2.59583e-09
22 2.59583e-09
23 2.59583e-09
24 2.59583e-09
25 2.59583e-09
26 2.59583e-09
27 2.59583e-09
28 2.59583e-09
29 2.59583e-09
30 2.59583e-09
31 2.59583e-09
32 2.59583e-09
33 2.59583e-09
34 2.59583e-09
35 2.59583e-09
36 2.59583e-09
37 2.59583e-09
38 2.59583e-09
39 2.59583e-09
40 2.59583e-09
41 2.59583e-09
42 2.59583e-09
43 2.59583e-09
44 2.59583e-09
45 2.59583e-09
46 2.59583e-09
47 2.59583e-09
48 2.59583e-09
49 2.59583e-09
50 2.59583e-09
51 2.59583e-09
52 2.59583e-09
53 2.59583e-09
54 2.59583e-09
55 2.59583e-09
56 2.59583e-09
57 2.59583e-09
58 2.59583e-09
59 2.59583e-09
60 2.59583e-09
61 2.59583e-09
62 2.59583e-09
63 2.59583e-09
64 2.59583e-09
65 2.59583e-09
66 2.59583e-09
67 2.59583e-09
68 2.59583e-09
69 2.59583e-09
70 2.59583e-09
71 2.59583e-09
72 2.59583e-09
73 2.59583e-09
74 2.59583e-09
75 2.59583e-09
76 2.59583e-09
77 2.59583e-09
78 2.59583e-09
79 2.59583e-09
80 2.59583e-09
81 2.59583e-09
82 2.59583e-09
83 2.59583e-09
84 2.59583e-09
85 2.59583e-09
86 2.59583e-09
87 2.59583e-09
88 2.59583e-09
89 2.59583e-09
90 2.59583e-09
91 2.59583e-09
92 2.59583e-09
93 2.59583e-09
94 2.59583e-09
95 2.59583e-09
96 2.59583e-09
97 2.59583e-09
98 2.59583e-09
99 2.59583e-09
100 2.59583e-09
101 2.59583e-09
102 2.59583e-09
103 2.59583e-09
104 2.59583e-09
105 2.59583e-09
106 2.59583e-09
107 2.59583e-09
108 2.59583e-09
109 2.59583e-09
110 2.59583e-09
111 2.59583e-09
112 2.59583e-09
113 2.59583e-09
114 2.59583e-09
115 2.59583e-09
116 2.59583e-09
117 2.59583e-09
118 2.59583e-09
119 2.59583e-09
120 2.59583e-09
121 2.59583e-09
122 2.59583e-09
123 2.59583e-09
124 2.59583e-09
125 2.59583e-09
126 2.59583e-09
127 2.59583e-09
128 2.59583e-09
129 2.59583e-09
130 2.59583e-09
131 2.59583e-09
132 2.59583e-09
133 2.59583e-09
134 2.59583e-09
135 2.59583e-09
136 2.59583e-09
137 2.59583e-09
138 2.59583e-09
139 2.59583e-09
140 2.59583e-09
141 2.59583e-09
142 2.59583e-09
143 2.59583e-09
144 2.59583e-09
145 2.59583e-09
146 2.59583e-09
147 2.59583e-09
148 2.59583e-09
149 2.59583e-09
150 2.59583e-09
151 2.59583e-09
152 2.59583e-09
153 2.59583e-09
154 2.59583e-09
155 2.59583e-09
156 2.59583e-09
157 2.59583e-09
158 2.59583e-09
159 2.59583e-09
160 2.59583e-09
161 2.59583e-09
162 2.59583e-09
163 2.59583e-09
164 2.59583e-09
165 2.59583e-09
166 2.59583e-09
167 2.59583e-09
168 2.59583e-09
169 2.59583e-09
170 2.59583e-09
171 2.59583e-09
172 2.59583e-09
173 2.59583e-09
174 2.59583e-09
175 2.59583e-09
176 2.59583e-09
177 2.59583e-09
178 2.59583e-09
179 2.59583e-09
180 2.59583e-09
181 2.59583e-09
182 2.59583e-09
183 2.59583e-09
184 2.59583e-09
185 2.59583e-09
186 2.59583e-09
187 2.59583e-09
188 2.59583e-09
189 2.59583e-09
190 2.59583e-09
191 2.59583e-09
192 2.59583e-09
193 2.59583e-09
194 2.59583e-09
195 2.59583e-09
196 2.59583e-09
197 2.59583e-09
198 2.59583e-09
199 2.59583e-09
200 2.59583e-09
201 2.59583e-09
202 2.59583e-09
203 2.59583e-09
204 2.59583e-09
205 2.59583e-09
206 2.59583e-09
207 2.59583e-09
208 2.59583e-09
209 2.59583e-09
210 2.59583e-09
211 2.59583e-09
212 2.59583e-09
213 2.59583e-09
214 2.59583e-09
215 2.59583e-09
216 2.59583e-09
217 2.59583e-09
218 2.59583e-09
219 2.59583e-09
220 2.59583e-09
221 2.59583e-09
222 2.59583e-09
223 2.59583e-09
224 2.59583e-09
225 2.59583e-09
226 2.59583e-09
227 2.59583e-09
228 2.59583e-09
229 2.59583e-09
230 2.59583e-09
231 2.59583e-09
232 2.59583e-09
233 2.59583e-09
234 2.59583e-09
235 2.59583e-09
236 3.82277e-09
237 1.28148e-08
238 4.95927e-08
239 1.92358e-07
240 7.29613e-07
241 2.70251e-06
242 9.78189e-06
243 3.45917e-05
244 0.000119427
245 0.000402159
246 0.00131947
247 0.00421324
248 0.013078
249 0.0394144
250 0.115194
251 0.326095
252 0.429753
253 0.478901
254 0.601706
255 0.655688
256 0.780432
257 0.831027
258 0.850704
259 0.890801
260 0.905096
261 0.931745
262 0.9792
263 0.993947
264 0.998318
265 0.999554
266 0.999887
267 0.999972
268 0.999993
269 0.999998
270 0.999999
271 0.999999
272 0.999999
273 0.999999
274 0.999999
275 0.999999
276 0.999999
277 0.999997
278 0.99999
279 0.999966
280 0.999885
281 0.999628
282 0.998846
283 0.996572
284 0.990221
285 0.973171
286 0.965104
287 0.944925
288 0.89599
289 0.780548
290 0.514643
291 0.404888
292 0.161124
293 0.063438
294 0.0247163
295 0.00951965
296 0.00361735
297 0.00135256
298 0.000496241
299 0.000178169
300 6.24547e-05
301 2.13344e-05
302 7.09195e-06
303 2.29154e-06
304 7.18706e-07
305 2.18396e-07
306 6.40653e-08
307 1.8493e-08
308 5.96835e-09
309 2.90449e-09
310 2.59583e-09
311 2.59583e-09
312 2.59583e-09
313 2.59583e-09
314 2.59583e-09
315 2.59583e-09
316 2.59583e-09
317 2.59583e-09
318 2.59583e-09
319 2.59583e-09
320 2.59583e-09
321 2.59583e-09
322 2.59583e-09
323 2.59583e-09
324 2.59583e-09
325 2.59583e-09
326 2.59583e-09
327 2.59583e-09
328 2.59583e-09
329 2.59583e-09
330 2.59583e-09
331 2.59583e-09
332 2.59583e-09
333 2.59583e-09
334 2.59583e-09
335 2.59583e-09
336 2.59583e-09
337 2.59583e-09
338 2.59583e-09
339 2.59583e-09
340 2.59583e-09
341 2.59583e-09
342 2.59583e-09
343 2.59583e-09
344 2.59583e-09
345 2.59583e-09
346 2.59583e-09
347 2.59583e-09
348 2.59583e-09
349 2.59583e-09
350 2.59583e-09
351 2.59583e-09
352 2.59583e-09
353 2.59583e-09
354 2.59583e-09
355 2.59583e-09
356 2.59583e-09
357 2.59583e-09
358 2.59583e-09
359 2.59583e-09
360 2.59583e-09
361 2.59583e-09
362 2.59583e-09
363 2.59583e-09
364 2.59583e-09
365 2.59583e-09
366 2.59583e-09
367 2.59583e-09
368 2.59583e-09
369 2.59583e-09
370 2.59583e-09
371 2.59583e-09
372 2.59583e-09
373 2.59583e-09
374 2.59583e-09
375 2.59583e-09
376 2.59583e-09
377 2.59583e-09
378 2.59583e-09
379 2.59583e-09
380 2.59583e-09
381 2.59583e-09
382 2.59583e-09
383 2.59583e-09
384 2.59583e-09
385 2.59583e-09
386 2.59583e-09
387 2.59583e-09
388 2.59583e-09
389 2.59583e-09
390 2.59583e-09
391 2.59583e-09
392 2.59583e-09
393 2.59583e-09
394 2.59583e-09
395 2.59583e-09
396 2.59583e-09
397 2.59583e-09
398 2.59583e-09
399 2.59583e-09
400 2.59583e-09
401 2.59583e-09
402 2.59583e-09
403 2.59583e-09
404 2.59583e-09
405 2.59583e-09
406 2.59583e-09
407 2.59583e-09
408 2.59583e-09
409 2.59583e-09
410 2.59583e-09
411 2.59583e-09
412 2.59583e-09
413 2.59583e-09
414 2.59583e-09
415 2.59583e-09
416 2.59583e-09
417 2.59583e-09
418 2.59583e-09
419 2.59583e-09
420 2.59583e-09
421 2.59583e-09
422 2.59583e-09
423 2.59583e-09
424 2.59583e-09
425 2.59583e-09
426 2.59583e-09
427 2.59583e-09
428 2.59583e-09
429 2.59583e-09
430 2.59583e-09
431 2.59583e-09
432 2.59583e-09
433 2.59583e-09
434 2.59583e-09
435 2.59583e-09
436 2.59583e-09
437 2.59583e-09
438 2.59583e-09
439 2.59583e-09
440 2.59583e-09
441 2.59583e-09
442 2.59583e-09
443 2.59583e-09
444 2.59583e-09
445 2.59583e-09
446 2.59583e-09
447 2.59583e-09
448 2.59583e-09
449 2.59583e-09
450 2.59583e-09
451 2.59583e-09
452 2.59583e-09
453 2.59583e-09
454 2.59583e-09
455 2.59583e-09
456 2.59583e-09
457 2.59583e-09
458 2.59583e-09
459 2.59583e-09
460 2.59583e-09
461 2.59583e-09
462 2.59583e-09
463 2.59583e-09
464 2.59583e-09
465 2.59583e-09
466 2.59583e-09
467 2.59583e-09
468 2.59583e-09
469 2.59583e-09
470 2.59583e-09
471 2.59583e-09
472 2.59583e-09
473 2.59583e-09
474 2.59583e-09
475 2.59583e-09
476 2.59583e-09
477 2.59583e-09
478 2.59583e-09
479 2.59583e-09
480 2.59583e-09
481 2.59583e-09
482 2.59583e-09
483 2.59583e-09
484 2.59583e-09
485 2.59583e-09
486 2.59583e-09
487 2.59583e-09
488 2.59583e-09
489 2.59583e-09
490 2.59583e-09
491 2.59583e-09
492 2.59583e-09
493 2.59583e-09
494 2.59583e-09
495 2.59583e-09
496 2.59583e-09
497 2.59583e-09
498 2.59583e-09
499 2.59583e-09
500 2.59583e-09
501 2.59583e-09
502 2.59583e-09
503 2.59583e-09
504 2.59583e-09
505 2.59583e-09
506 2.59583e-09
507 2.59583e-09
508 2.59583e-09
509 2.59583e-09
510 2.59583e-09
511 2.59583e-09
512 2.59583e-09
513 2.59583e-09
514 2.59583e-09
515 2.59583e-09
516 2.59583e-09
517 2.59583e-09
518 2.59583e-09
519 2.59583e-09
520 2.59583e-09
521 2.59583e-09
522 2.59583e-09
523 2.59583e-09
524 2.59583e-09
525 2.59583e-09
526 2.59583e-09
527 2.59583e-09
528 2.59583e-09
529 2.59583e-09
530 2.59583e-09
531 2.59583e-09
532 2.59583e-09
533 2.59583e-09
534 2.59583e-09
535 2.59583e-09
536 2.59583e-09
537 2.59583e-09
538 2.59583e-09
539 2.59583e-09
540 2.59583e-09
541 2.59583e-09
542 2.59583e-09
