1 1.38669e-09
2 1.38669e-09
3 1.38669e-09
4 1.38669e-09
5 1.38669e-09
6 1.38669e-09
7 1.38669e-09
8 1.38669e-09
9 1.38669e-09
10 1.38669e-09
11 1.38669e-09
12 1.38669e-09
13 1.38669e-09
14 1.38669e-09
15 1.38669e-09
16 1.38669e-09
17 1.38669e-09
18 1.38669e-09
19 1.38669e-09
20 1.38669e-09
21 1.38669e-09
22 1.38669e-09
23 1.38669e-09
24 1.38669e-09
25 1.38669e-09
26 1.38669e-09
27 1.38669e-09
28 1.38669e-09
29 1.38669e-09
30 1.38669e-09
31 1.38669e-09
32 1.38669e-09
33 1.38669e-09
34 1.38669e-09
35 1.38669e-09
36 1.38669e-09
37 1.38669e-09
38 1.38669e-09
39 1.38669e-09
40 1.38669e-09
41 1.38669e-09
42 1.38669e-09
43 1.38669e-09
44 1.38669e-09
45 1.38669e-09
46 1.38669e-09
47 1.38669e-09
48 1.38669e-09
49 1.38669e-09
50 1.38669e-09
51 1.38669e-09
52 1.38669e-09
53 1.38669e-09
54 1.38669e-09
55 1.38669e-09
56 1.38669e-09
57 1.38669e-09
58 1.38669e-09
59 1.38669e-09
60 1.38669e-09
61 1.38669e-09
62 1.38669e-09
63 1.38669e-09
64 1.38669e-09
65 1.38669e-09
66 1.38669e-09
67 1.38669e-09
68 1.38669e-09
69 1.38669e-09
70 1.38669e-09
71 1.38669e-09
72 1.38669e-09
73 1.38669e-09
74 1.38669e-09
75 1.38669e-09
76 1.38669e-09
77 1.38669e-09
78 1.38669e-09
79 1.38669e-09
80 1.38669e-09
81 1.38669e-09
82 1.38669e-09
83 1.38669e-09
84 1.38669e-09
85 1.38669e-09
86 1.38669e-09
87 1.38669e-09
88 1.38669e-09
89 1.38669e-09
90 1.38669e-09
91 1.38669e-09
92 1.38669e-09
93 1.38669e-09
94 1.38669e-09
95 1.38669e-09
96 1.38669e-09
97 1.38669e-09
98 1.38669e-09
99 1.38669e-09
100 1.38669e-09
101 1.38669e-09
102 1.38669e-09
103 1.38669e-09
104 1.38669e-09
105 1.38669e-09
106 1.38669e-09
107 1.38669e-09
108 1.38669e-09
109 1.38669e-09
110 1.38669e-09
111 1.38669e-09
112 1.38669e-09
113 1.38669e-09
114 1.38669e-09
115 1.38669e-09
116 1.38669e-09
117 1.38669e-09
118 1.38669e-09
119 1.38669e-09
120 1.38669e-09
121 1.38669e-09
122 1.38669e-09
123 1.38669e-09
124 1.38669e-09
125 1.38669e-09
126 1.38669e-09
127 1.38669e-09
128 1.38669e-09
129 1.38669e-09
130 1.38669e-09
131 1.38669e-09
132 1.38669e-09
133 1.38669e-09
134 1.38669e-09
135 1.38669e-09
136 1.38669e-09
137 1.38669e-09
138 1.38669e-09
139 1.38669e-09
140 1.38669e-09
141 1.38669e-09
142 1.38669e-09
143 1.38669e-09
144 1.38669e-09
145 1.38669e-09
146 1.38669e-09
147 1.38669e-09
148 1.38669e-09
149 1.38669e-09
150 1.38669e-09
151 1.38669e-09
152 1.38669e-09
153 1.38669e-09
154 1.38669e-09
155 1.38669e-09
156 1.38669e-09
157 1.38669e-09
158 1.38669e-09
159 1.38669e-09
160 1.38669e-09
161 1.38669e-09
162 1.38669e-09
163 1.38669e-09
164 1.38669e-09
165 1.38669e-09
166 1.38669e-09
167 1.38669e-09
168 1.38669e-09
169 1.38669e-09
170 1.38669e-09
171 1.38669e-09
172 1.38669e-09
173 1.38669e-09
174 1.38669e-09
175 1.38669e-09
176 1.38669e-09
177 1.38669e-09
178 1.38669e-09
179 1.38669e-09
180 1.38669e-09
181 1.38669e-09
182 1.38669e-09
183 1.38669e-09
184 1.38669e-09
185 1.38669e-09
186 1.38669e-09
187 1.38669e-09
188 1.38669e-09
189 1.38669e-09
190 1.38669e-09
191 1.38669e-09
192 1.38669e-09
193 1.38669e-09
194 1.38669e-09
195 1.38669e-09
196 1.38669e-09
197 1.38669e-09
198 1.38669e-09
199 1.38669e-09
200 1.38669e-09
201 1.38669e-09
202 1.38669e-09
203 1.38669e-09
204 1.38669e-09
205 1.38669e-09
206 1.38669e-09
207 1.38669e-09
208 1.38669e-09
209 1.38669e-09
210 1.38669e-09
211 1.38669e-09
212 1.38669e-09
213 1.38669e-09
214 1.38669e-09
215 1.38669e-09
216 1.38669e-09
217 1.38669e-09
218 1.38669e-09
219 1.38669e-09
220 1.38669e-09
221 1.38669e-09
222 1.38669e-09
223 1.38669e-09
224 1.38669e-09
225 1.38669e-09
226 1.38669e-09
227 1.38669e-09
228 1.38669e-09
229 1.38669e-09
230 1.38669e-09
231 1.38669e-09
232 1.38669e-09
233 1.38669e-09
234 1.38669e-09
235 1.38669e-09
236 1.38669e-09
237 1.38669e-09
238 1.38669e-09
239 1.38669e-09
240 2.20044e-09
241 7.42126e-09
242 3.17504e-08
243 1.26419e-07
244 4.78067e-07
245 1.80111e-06
246 6.89646e-06
247 2.70213e-05
248 0.000108289
249 0.000441274
250 0.00181298
251 0.0074455
252 0.0116316
253 0.0146965
254 0.026747
255 0.0352318
256 0.0671855
257 0.0886718
258 0.102764
259 0.152013
260 0.182625
261 0.283725
262 0.607532
263 0.791102
264 0.891672
265 0.94482
266 0.971862
267 0.985085
268 0.991282
269 0.994049
270 0.995185
271 0.995511
272 0.996485
273 0.996684
274 0.997359
275 0.998719
276 0.999084
277 0.999039
278 0.998686
279 0.997846
280 0.996019
281 0.992111
282 0.983839
283 0.966564
284 0.93112
285 0.860002
286 0.834588
287 0.786356
288 0.697668
289 0.539874
290 0.268363
291 0.185739
292 0.0525738
293 0.0145075
294 0.00392081
295 0.0010442
296 0.000276122
297 7.31006e-05
298 1.95203e-05
299 5.28172e-06
300 1.44746e-06
301 3.99045e-07
302 1.08798e-07
303 2.81855e-08
304 6.71889e-09
305 2.20044e-09
306 1.38669e-09
307 1.38669e-09
308 1.38669e-09
309 1.38669e-09
310 1.38669e-09
311 1.38669e-09
312 1.38669e-09
313 1.38669e-09
314 1.38669e-09
315 1.38669e-09
316 1.38669e-09
317 1.38669e-09
318 1.38669e-09
319 1.38669e-09
320 1.38669e-09
321 1.38669e-09
322 1.38669e-09
323 1.38669e-09
324 1.38669e-09
325 1.38669e-09
326 1.38669e-09
327 1.38669e-09
328 1.38669e-09
329 1.38669e-09
330 1.38669e-09
331 1.38669e-09
332 1.38669e-09
333 1.38669e-09
334 1.38669e-09
335 1.38669e-09
336 1.38669e-09
337 1.38669e-09
338 1.38669e-09
339 1.38669e-09
340 1.38669e-09
341 1.38669e-09
342 1.38669e-09
343 1.38669e-09
344 1.38669e-09
345 1.38669e-09
346 1.38669e-09
347 1.38669e-09
348 1.38669e-09
349 1.38669e-09
350 1.38669e-09
351 1.38669e-09
352 1.38669e-09
353 1.38669e-09
354 1.38669e-09
355 1.38669e-09
356 1.38669e-09
357 1.38669e-09
358 1.38669e-09
359 1.38669e-09
360 1.38669e-09
361 1.38669e-09
362 1.38669e-09
363 1.38669e-09
364 1.38669e-09
365 1.38669e-09
366 1.38669e-09
367 1.38669e-09
368 1.38669e-09
369 1.38669e-09
370 1.38669e-09
371 1.38669e-09
372 1.38669e-09
373 1.38669e-09
374 1.38669e-09
375 1.38669e-09
376 1.38669e-09
377 1.38669e-09
378 1.38669e-09
379 1.38669e-09
380 1.38669e-09
381 1.38669e-09
382 1.38669e-09
383 1.38669e-09
384 1.38669e-09
385 1.38669e-09
386 1.38669e-09
387 1.38669e-09
388 1.38669e-09
389 1.38669e-09
390 1.38669e-09
391 1.38669e-09
392 1.38669e-09
393 1.38669e-09
394 1.38669e-09
395 1.38669e-09
396 1.38669e-09
397 1.38669e-09
398 1.38669e-09
399 1.38669e-09
400 1.38669e-09
401 1.38669e-09
402 1.38669e-09
403 1.38669e-09
404 1.38669e-09
405 1.38669e-09
406 1.38669e-09
407 1.38669e-09
408 1.38669e-09
409 1.38669e-09
410 1.38669e-09
411 1.38669e-09
412 1.38669e-09
413 1.38669e-09
414 1.38669e-09
415 1.38669e-09
416 1.38669e-09
417 1.38669e-09
418 1.38669e-09
419 1.38669e-09
420 1.38669e-09
421 1.38669e-09
422 1.38669e-09
423 1.38669e-09
424 1.38669e-09
425 1.38669e-09
426 1.38669e-09
427 1.38669e-09
428 1.38669e-09
429 1.38669e-09
430 1.38669e-09
431 1.38669e-09
432 1.38669e-09
433 1.38669e-09
434 1.38669e-09
435 1.38669e-09
436 1.38669e-09
437 1.38669e-09
438 1.38669e-09
439 1.38669e-09
440 1.38669e-09
441 1.38669e-09
442 1.38669e-09
443 1.38669e-09
444 1.38669e-09
445 1.38669e-09
446 1.38669e-09
447 1.38669e-09
448 1.38669e-09
449 1.38669e-09
450 1.38669e-09
451 1.38669e-09
452 1.38669e-09
453 1.38669e-09
454 1.38669e-09
455 1.38669e-09
456 1.38669e-09
457 1.38669e-09
458 1.38669e-09
459 1.38669e-09
460 1.38669e-09
461 1.38669e-09
462 1.38669e-09
463 1.38669e-09
464 1.38669e-09
465 1.38669e-09
466 1.38669e-09
467 1.38669e-09
468 1.38669e-09
469 1.38669e-09
470 1.38669e-09
471 1.38669e-09
472 1.38669e-09
473 1.38669e-09
474 1.38669e-09
475 1.38669e-09
476 1.38669e-09
477 1.38669e-09
478 1.38669e-09
479 1.38669e-09
480 1.38669e-09
481 1.38669e-09
482 1.38669e-09
483 1.38669e-09
484 1.38669e-09
485 1.38669e-09
486 1.38669e-09
487 1.38669e-09
488 1.38669e-09
489 1.38669e-09
490 1.38669e-09
491 1.38669e-09
492 1.38669e-09
493 1.38669e-09
494 1.38669e-09
495 1.38669e-09
496 1.38669e-09
497 1.38669e-09
498 1.38669e-09
499 1.38669e-09
500 1.38669e-09
501 1.38669e-09
502 1.38669e-09
503 1.38669e-09
504 1.38669e-09
505 1.38669e-09
506 1.38669e-09
507 1.38669e-09
508 1.38669e-09
509 1.38669e-09
510 1.38669e-09
511 1.38669e-09
512 1.38669e-09
513 1.38669e-09
514 1.38669e-09
515 1.38669e-09
516 1.38669e-09
517 1.38669e-09
518 1.38669e-09
519 1.38669e-09
520 1.38669e-09
521 1.38669e-09
522 1.38669e-09
523 1.38669e-09
524 1.38669e-09
525 1.38669e-09
526 1.38669e-09
527 1.38669e-09
528 1.38669e-09
529 1.38669e-09
530 1.38669e-09
531 1.38669e-09
532 1.38669e-09
533 1.38669e-09
534 1.38669e-09
535 1.38669e-09
536 1.38669e-09
537 1.38669e-09
538 1.38669e-09
539 1.38669e-09
540 1.38669e-09
541 1.38669e-09
542 1.38669e-09
