1 3.59619e-09
2 3.59619e-09
3 3.59619e-09
4 3.59619e-09
5 3.59619e-09
6 3.59619e-09
7 3.59619e-09
8 3.59619e-09
9 3.59619e-09
10 3.59619e-09
11 3.59619e-09
12 3.59619e-09
13 3.59619e-09
14 3.59619e-09
15 3.59619e-09
16 3.59619e-09
17 3.59619e-09
18 3.59619e-09
19 3.59619e-09
20 3.59619e-09
21 3.59619e-09
22 3.59619e-09
23 3.59619e-09
24 3.59619e-09
25 3.59619e-09
26 3.59619e-09
27 3.59619e-09
28 3.59619e-09
29 3.59619e-09
30 3.59619e-09
31 3.59619e-09
32 3.59619e-09
33 3.59619e-09
34 3.59619e-09
35 3.59619e-09
36 3.59619e-09
37 3.59619e-09
38 3.59619e-09
39 3.59619e-09
40 3.59619e-09
41 3.59619e-09
42 3.59619e-09
43 3.59619e-09
44 3.59619e-09
45 3.59619e-09
46 3.59619e-09
47 3.59619e-09
48 3.59619e-09
49 3.59619e-09
50 3.59619e-09
51 3.59619e-09
52 3.59619e-09
53 3.59619e-09
54 3.59619e-09
55 3.59619e-09
56 3.59619e-09
57 3.59619e-09
58 3.59619e-09
59 3.59619e-09
60 3.59619e-09
61 3.59619e-09
62 3.59619e-09
63 3.59619e-09
64 3.59619e-09
65 3.59619e-09
66 3.59619e-09
67 3.59619e-09
68 3.59619e-09
69 3.59619e-09
70 3.59619e-09
71 3.59619e-09
72 3.59619e-09
73 3.59619e-09
74 3.59619e-09
75 3.59619e-09
76 3.59619e-09
77 3.59619e-09
78 3.59619e-09
79 3.59619e-09
80 3.59619e-09
81 3.59619e-09
82 3.59619e-09
83 3.59619e-09
84 3.59619e-09
85 3.59619e-09
86 3.59619e-09
87 3.59619e-09
88 3.59619e-09
89 3.59619e-09
90 3.59619e-09
91 3.59619e-09
92 3.59619e-09
93 3.59619e-09
94 3.59619e-09
95 3.59619e-09
96 3.59619e-09
97 3.59619e-09
98 3.59619e-09
99 3.59619e-09
100 3.59619e-09
101 3.59619e-09
102 3.59619e-09
103 3.59619e-09
104 3.59619e-09
105 3.59619e-09
106 3.59619e-09
107 3.59619e-09
108 3.59619e-09
109 3.59619e-09
110 3.59619e-09
111 3.59619e-09
112 3.59619e-09
113 3.59619e-09
114 3.59619e-09
115 3.59619e-09
116 3.59619e-09
117 3.59619e-09
118 3.59619e-09
119 3.59619e-09
120 3.59619e-09
121 3.59619e-09
122 3.59619e-09
123 3.59619e-09
124 3.59619e-09
125 3.59619e-09
126 3.59619e-09
127 3.59619e-09
128 3.59619e-09
129 3.59619e-09
130 3.59619e-09
131 3.59619e-09
132 3.59619e-09
133 3.59619e-09
134 3.59619e-09
135 3.59619e-09
136 3.59619e-09
137 3.59619e-09
138 3.59619e-09
139 3.59619e-09
140 3.59619e-09
141 3.59619e-09
142 3.59619e-09
143 3.59619e-09
144 3.59619e-09
145 3.59619e-09
146 3.59619e-09
147 3.59619e-09
148 3.59619e-09
149 3.59619e-09
150 3.59619e-09
151 3.59619e-09
152 3.59619e-09
153 3.59619e-09
154 3.59619e-09
155 3.59619e-09
156 3.59619e-09
157 3.59619e-09
158 3.59619e-09
159 3.59619e-09
160 3.59619e-09
161 3.59619e-09
162 3.59619e-09
163 3.59619e-09
164 3.59619e-09
165 3.59619e-09
166 3.59619e-09
167 3.59619e-09
168 3.59619e-09
169 3.59619e-09
170 3.59619e-09
171 3.59619e-09
172 3.59619e-09
173 3.59619e-09
174 3.59619e-09
175 3.59619e-09
176 3.59619e-09
177 3.59619e-09
178 3.59619e-09
179 3.59619e-09
180 3.59619e-09
181 3.59619e-09
182 3.59619e-09
183 3.59619e-09
184 3.59619e-09
185 3.59619e-09
186 3.59619e-09
187 3.59619e-09
188 3.59619e-09
189 3.59619e-09
190 3.59619e-09
191 3.59619e-09
192 3.59619e-09
193 3.59619e-09
194 3.59619e-09
195 3.59619e-09
196 3.59619e-09
197 3.59619e-09
198 3.59619e-09
199 3.59619e-09
200 3.59619e-09
201 3.59619e-09
202 3.59619e-09
203 3.59619e-09
204 3.59619e-09
205 3.59619e-09
206 3.59619e-09
207 3.59619e-09
208 3.59619e-09
209 3.59619e-09
210 3.59619e-09
211 3.59619e-09
212 3.59619e-09
213 3.59619e-09
214 3.59619e-09
215 3.59619e-09
216 3.59619e-09
217 3.59619e-09
218 3.59619e-09
219 3.59619e-09
220 3.59619e-09
221 3.59619e-09
222 3.59619e-09
223 3.59619e-09
224 3.59619e-09
225 3.59619e-09
226 3.59619e-09
227 3.59619e-09
228 3.59619e-09
229 3.59619e-09
230 3.59619e-09
231 3.59619e-09
232 3.59619e-09
233 3.59619e-09
234 3.59619e-09
235 3.59619e-09
236 3.59619e-09
237 3.59619e-09
238 3.59619e-09
239 3.59619e-09
240 3.59619e-09
241 6.22841e-09
242 1.83522e-08
243 6.35325e-08
244 2.34344e-07
245 8.82774e-07
246 3.3528e-06
247 1.26861e-05
248 4.74944e-05
249 0.0001755
250 0.000641233
251 0.00233016
252 0.00345804
253 0.00422562
254 0.00716558
255 0.00928968
256 0.0179172
257 0.0244378
258 0.0293971
259 0.0499642
260 0.0653772
261 0.127541
262 0.373278
263 0.546986
264 0.6669
265 0.747626
266 0.800538
267 0.834212
268 0.85489
269 0.866888
270 0.872929
271 0.874274
272 0.885305
273 0.889267
274 0.905512
275 0.949906
276 0.969552
277 0.976904
278 0.977577
279 0.97325
280 0.963017
281 0.943784
282 0.910065
283 0.853426
284 0.761725
285 0.618232
286 0.578435
287 0.51964
288 0.434525
289 0.312752
290 0.138789
291 0.0929279
292 0.0256135
293 0.00716441
294 0.00201615
295 0.000565286
296 0.000156559
297 4.25535e-05
298 1.13033e-05
299 2.92752e-06
300 7.38875e-07
301 1.82131e-07
302 4.43219e-08
303 1.18833e-08
304 4.83946e-09
305 3.59619e-09
306 3.59619e-09
307 3.59619e-09
308 3.59619e-09
309 3.59619e-09
310 3.59619e-09
311 3.59619e-09
312 3.59619e-09
313 3.59619e-09
314 3.59619e-09
315 3.59619e-09
316 3.59619e-09
317 3.59619e-09
318 3.59619e-09
319 3.59619e-09
320 3.59619e-09
321 3.59619e-09
322 3.59619e-09
323 3.59619e-09
324 3.59619e-09
325 3.59619e-09
326 3.59619e-09
327 3.59619e-09
328 3.59619e-09
329 3.59619e-09
330 3.59619e-09
331 3.59619e-09
332 3.59619e-09
333 3.59619e-09
334 3.59619e-09
335 3.59619e-09
336 3.59619e-09
337 3.59619e-09
338 3.59619e-09
339 3.59619e-09
340 3.59619e-09
341 3.59619e-09
342 3.59619e-09
343 3.59619e-09
344 3.59619e-09
345 3.59619e-09
346 3.59619e-09
347 3.59619e-09
348 3.59619e-09
349 3.59619e-09
350 3.59619e-09
351 3.59619e-09
352 3.59619e-09
353 3.59619e-09
354 3.59619e-09
355 3.59619e-09
356 3.59619e-09
357 3.59619e-09
358 3.59619e-09
359 3.59619e-09
360 3.59619e-09
361 3.59619e-09
362 3.59619e-09
363 3.59619e-09
364 3.59619e-09
365 3.59619e-09
366 3.59619e-09
367 3.59619e-09
368 3.59619e-09
369 3.59619e-09
370 3.59619e-09
371 3.59619e-09
372 3.59619e-09
373 3.59619e-09
374 3.59619e-09
375 3.59619e-09
376 3.59619e-09
377 3.59619e-09
378 3.59619e-09
379 3.59619e-09
380 3.59619e-09
381 3.59619e-09
382 3.59619e-09
383 3.59619e-09
384 3.59619e-09
385 3.59619e-09
386 3.59619e-09
387 3.59619e-09
388 3.59619e-09
389 3.59619e-09
390 3.59619e-09
391 3.59619e-09
392 3.59619e-09
393 3.59619e-09
394 3.59619e-09
395 3.59619e-09
396 3.59619e-09
397 3.59619e-09
398 3.59619e-09
399 3.59619e-09
400 3.59619e-09
401 3.59619e-09
402 3.59619e-09
403 3.59619e-09
404 3.59619e-09
405 3.59619e-09
406 3.59619e-09
407 3.59619e-09
408 3.59619e-09
409 3.59619e-09
410 3.59619e-09
411 3.59619e-09
412 3.59619e-09
413 3.59619e-09
414 3.59619e-09
415 3.59619e-09
416 3.59619e-09
417 3.59619e-09
418 3.59619e-09
419 3.59619e-09
420 3.59619e-09
421 3.59619e-09
422 3.59619e-09
423 3.59619e-09
424 3.59619e-09
425 3.59619e-09
426 3.59619e-09
427 3.59619e-09
428 3.59619e-09
429 3.59619e-09
430 3.59619e-09
431 3.59619e-09
432 3.59619e-09
433 3.59619e-09
434 3.59619e-09
435 3.59619e-09
436 3.59619e-09
437 3.59619e-09
438 3.59619e-09
439 3.59619e-09
440 3.59619e-09
441 3.59619e-09
442 3.59619e-09
443 3.59619e-09
444 3.59619e-09
445 3.59619e-09
446 3.59619e-09
447 3.59619e-09
448 3.59619e-09
449 3.59619e-09
450 3.59619e-09
451 3.59619e-09
452 3.59619e-09
453 3.59619e-09
454 3.59619e-09
455 3.59619e-09
456 3.59619e-09
457 3.59619e-09
458 3.59619e-09
459 3.59619e-09
460 3.59619e-09
461 3.59619e-09
462 3.59619e-09
463 3.59619e-09
464 3.59619e-09
465 3.59619e-09
466 3.59619e-09
467 3.59619e-09
468 3.59619e-09
469 3.59619e-09
470 3.59619e-09
471 3.59619e-09
472 3.59619e-09
473 3.59619e-09
474 3.59619e-09
475 3.59619e-09
476 3.59619e-09
477 3.59619e-09
478 3.59619e-09
479 3.59619e-09
480 3.59619e-09
481 3.59619e-09
482 3.59619e-09
483 3.59619e-09
484 3.59619e-09
485 3.59619e-09
486 3.59619e-09
487 3.59619e-09
488 3.59619e-09
489 3.59619e-09
490 3.59619e-09
491 3.59619e-09
492 3.59619e-09
493 3.59619e-09
494 3.59619e-09
495 3.59619e-09
496 3.59619e-09
497 3.59619e-09
498 3.59619e-09
499 3.59619e-09
500 3.59619e-09
501 3.59619e-09
502 3.59619e-09
503 3.59619e-09
504 3.59619e-09
505 3.59619e-09
506 3.59619e-09
507 3.59619e-09
508 3.59619e-09
509 3.59619e-09
510 3.59619e-09
511 3.59619e-09
512 3.59619e-09
513 3.59619e-09
514 3.59619e-09
515 3.59619e-09
516 3.59619e-09
517 3.59619e-09
518 3.59619e-09
519 3.59619e-09
520 3.59619e-09
521 3.59619e-09
522 3.59619e-09
523 3.59619e-09
524 3.59619e-09
525 3.59619e-09
526 3.59619e-09
527 3.59619e-09
528 3.59619e-09
529 3.59619e-09
530 3.59619e-09
531 3.59619e-09
532 3.59619e-09
533 3.59619e-09
534 3.59619e-09
535 3.59619e-09
536 3.59619e-09
537 3.59619e-09
538 3.59619e-09
539 3.59619e-09
540 3.59619e-09
541 3.59619e-09
542 3.59619e-09
