1 1.93467e-09
2 1.93467e-09
3 1.93467e-09
4 1.93467e-09
5 1.93467e-09
6 1.93467e-09
7 1.93467e-09
8 1.93467e-09
9 1.93467e-09
10 1.93467e-09
11 1.93467e-09
12 1.93467e-09
13 1.93467e-09
14 1.93467e-09
15 1.93467e-09
16 1.93467e-09
17 1.93467e-09
18 1.93467e-09
19 1.93467e-09
20 1.93467e-09
21 1.93467e-09
22 1.93467e-09
23 1.93467e-09
24 1.93467e-09
25 1.93467e-09
26 1.93467e-09
27 1.93467e-09
28 1.93467e-09
29 1.93467e-09
30 1.93467e-09
31 1.93467e-09
32 1.93467e-09
33 1.93467e-09
34 1.93467e-09
35 1.93467e-09
36 1.93467e-09
37 1.93467e-09
38 1.93467e-09
39 1.93467e-09
40 1.93467e-09
41 1.93467e-09
42 1.93467e-09
43 1.93467e-09
44 1.93467e-09
45 1.93467e-09
46 1.93467e-09
47 1.93467e-09
48 1.93467e-09
49 1.93467e-09
50 1.93467e-09
51 1.93467e-09
52 1.93467e-09
53 1.93467e-09
54 1.93467e-09
55 1.93467e-09
56 1.93467e-09
57 1.93467e-09
58 1.93467e-09
59 1.93467e-09
60 1.93467e-09
61 1.93467e-09
62 1.93467e-09
63 1.93467e-09
64 1.93467e-09
65 1.93467e-09
66 1.93467e-09
67 1.93467e-09
68 1.93467e-09
69 1.93467e-09
70 1.93467e-09
71 1.93467e-09
72 1.93467e-09
73 1.93467e-09
74 1.93467e-09
75 1.93467e-09
76 1.93467e-09
77 1.93467e-09
78 1.93467e-09
79 1.93467e-09
80 1.93467e-09
81 1.93467e-09
82 1.93467e-09
83 1.93467e-09
84 1.93467e-09
85 1.93467e-09
86 1.93467e-09
87 1.93467e-09
88 1.93467e-09
89 1.93467e-09
90 1.93467e-09
91 1.93467e-09
92 1.93467e-09
93 1.93467e-09
94 1.93467e-09
95 1.93467e-09
96 1.93467e-09
97 1.93467e-09
98 1.93467e-09
99 1.93467e-09
100 1.93467e-09
101 1.93467e-09
102 1.93467e-09
103 1.93467e-09
104 1.93467e-09
105 1.93467e-09
106 1.93467e-09
107 1.93467e-09
108 1.93467e-09
109 1.93467e-09
110 1.93467e-09
111 1.93467e-09
112 1.93467e-09
113 1.93467e-09
114 1.93467e-09
115 1.93467e-09
116 1.93467e-09
117 1.93467e-09
118 1.93467e-09
119 1.93467e-09
120 1.93467e-09
121 1.93467e-09
122 1.93467e-09
123 1.93467e-09
124 1.93467e-09
125 1.93467e-09
126 1.93467e-09
127 1.93467e-09
128 1.93467e-09
129 1.93467e-09
130 1.93467e-09
131 1.93467e-09
132 1.93467e-09
133 1.93467e-09
134 1.93467e-09
135 1.93467e-09
136 1.93467e-09
137 1.93467e-09
138 1.93467e-09
139 1.93467e-09
140 1.93467e-09
141 1.93467e-09
142 1.93467e-09
143 1.93467e-09
144 1.93467e-09
145 1.93467e-09
146 1.93467e-09
147 1.93467e-09
148 1.93467e-09
149 1.93467e-09
150 1.93467e-09
151 1.93467e-09
152 1.93467e-09
153 1.93467e-09
154 1.93467e-09
155 1.93467e-09
156 1.93467e-09
157 1.93467e-09
158 1.93467e-09
159 1.93467e-09
160 1.93467e-09
161 1.93467e-09
162 1.93467e-09
163 1.93467e-09
164 1.93467e-09
165 1.93467e-09
166 1.93467e-09
167 1.93467e-09
168 1.93467e-09
169 1.93467e-09
170 1.93467e-09
171 1.93467e-09
172 1.93467e-09
173 1.93467e-09
174 1.93467e-09
175 1.93467e-09
176 1.93467e-09
177 1.93467e-09
178 1.93467e-09
179 1.93467e-09
180 1.93467e-09
181 1.93467e-09
182 1.93467e-09
183 1.93467e-09
184 1.93467e-09
185 1.93467e-09
186 1.93467e-09
187 1.93467e-09
188 1.93467e-09
189 1.93467e-09
190 1.93467e-09
191 1.93467e-09
192 1.93467e-09
193 1.93467e-09
194 1.93467e-09
195 1.93467e-09
196 1.93467e-09
197 1.93467e-09
198 1.93467e-09
199 1.93467e-09
200 1.93467e-09
201 1.93467e-09
202 1.93467e-09
203 1.93467e-09
204 1.93467e-09
205 1.93467e-09
206 1.93467e-09
207 1.93467e-09
208 1.93467e-09
209 1.93467e-09
210 1.93467e-09
211 1.93467e-09
212 1.93467e-09
213 1.93467e-09
214 1.93467e-09
215 1.93467e-09
216 1.93467e-09
217 1.93467e-09
218 1.93467e-09
219 1.93467e-09
220 1.93467e-09
221 1.93467e-09
222 1.93467e-09
223 1.93467e-09
224 1.93467e-09
225 1.93467e-09
226 1.93467e-09
227 1.93467e-09
228 1.93467e-09
229 1.93467e-09
230 1.93467e-09
231 1.93467e-09
232 1.93467e-09
233 1.93467e-09
234 1.93467e-09
235 1.93467e-09
236 1.93467e-09
237 1.93467e-09
238 1.93467e-09
239 1.93467e-09
240 5.25757e-09
241 2.60152e-08
242 1.10503e-07
243 4.50704e-07
244 1.83834e-06
245 7.52411e-06
246 3.07632e-05
247 0.000124908
248 0.000501096
249 0.0019786
250 0.00766864
251 0.0291176
252 0.0435668
253 0.0530698
254 0.0864057
255 0.107228
256 0.176419
257 0.217243
258 0.240602
259 0.311377
260 0.349273
261 0.456368
262 0.747939
263 0.887532
264 0.951712
265 0.980006
266 0.991949
267 0.996768
268 0.998625
269 0.999306
270 0.999538
271 0.999594
272 0.999719
273 0.999723
274 0.999768
275 0.999855
276 0.999854
277 0.999796
278 0.999643
279 0.99928
280 0.998447
281 0.996578
282 0.99245
283 0.983443
284 0.963978
285 0.92225
286 0.906045
287 0.872026
288 0.8017
289 0.659131
290 0.376776
291 0.277221
292 0.0907273
293 0.0287873
294 0.00885581
295 0.00264313
296 0.000766452
297 0.000216426
298 5.97058e-05
299 1.61634e-05
300 4.3175e-06
301 1.14417e-06
302 3.01719e-07
303 7.86341e-08
304 1.93898e-08
305 4.34232e-09
306 1.93467e-09
307 1.93467e-09
308 1.93467e-09
309 1.93467e-09
310 1.93467e-09
311 1.93467e-09
312 1.93467e-09
313 1.93467e-09
314 1.93467e-09
315 1.93467e-09
316 1.93467e-09
317 1.93467e-09
318 1.93467e-09
319 1.93467e-09
320 1.93467e-09
321 1.93467e-09
322 1.93467e-09
323 1.93467e-09
324 1.93467e-09
325 1.93467e-09
326 1.93467e-09
327 1.93467e-09
328 1.93467e-09
329 1.93467e-09
330 1.93467e-09
331 1.93467e-09
332 1.93467e-09
333 1.93467e-09
334 1.93467e-09
335 1.93467e-09
336 1.93467e-09
337 1.93467e-09
338 1.93467e-09
339 1.93467e-09
340 1.93467e-09
341 1.93467e-09
342 1.93467e-09
343 1.93467e-09
344 1.93467e-09
345 1.93467e-09
346 1.93467e-09
347 1.93467e-09
348 1.93467e-09
349 1.93467e-09
350 1.93467e-09
351 1.93467e-09
352 1.93467e-09
353 1.93467e-09
354 1.93467e-09
355 1.93467e-09
356 1.93467e-09
357 1.93467e-09
358 1.93467e-09
359 1.93467e-09
360 1.93467e-09
361 1.93467e-09
362 1.93467e-09
363 1.93467e-09
364 1.93467e-09
365 1.93467e-09
366 1.93467e-09
367 1.93467e-09
368 1.93467e-09
369 1.93467e-09
370 1.93467e-09
371 1.93467e-09
372 1.93467e-09
373 1.93467e-09
374 1.93467e-09
375 1.93467e-09
376 1.93467e-09
377 1.93467e-09
378 1.93467e-09
379 1.93467e-09
380 1.93467e-09
381 1.93467e-09
382 1.93467e-09
383 1.93467e-09
384 1.93467e-09
385 1.93467e-09
386 1.93467e-09
387 1.93467e-09
388 1.93467e-09
389 1.93467e-09
390 1.93467e-09
391 1.93467e-09
392 1.93467e-09
393 1.93467e-09
394 1.93467e-09
395 1.93467e-09
396 1.93467e-09
397 1.93467e-09
398 1.93467e-09
399 1.93467e-09
400 1.93467e-09
401 1.93467e-09
402 1.93467e-09
403 1.93467e-09
404 1.93467e-09
405 1.93467e-09
406 1.93467e-09
407 1.93467e-09
408 1.93467e-09
409 1.93467e-09
410 1.93467e-09
411 1.93467e-09
412 1.93467e-09
413 1.93467e-09
414 1.93467e-09
415 1.93467e-09
416 1.93467e-09
417 1.93467e-09
418 1.93467e-09
419 1.93467e-09
420 1.93467e-09
421 1.93467e-09
422 1.93467e-09
423 1.93467e-09
424 1.93467e-09
425 1.93467e-09
426 1.93467e-09
427 1.93467e-09
428 1.93467e-09
429 1.93467e-09
430 1.93467e-09
431 1.93467e-09
432 1.93467e-09
433 1.93467e-09
434 1.93467e-09
435 1.93467e-09
436 1.93467e-09
437 1.93467e-09
438 1.93467e-09
439 1.93467e-09
440 1.93467e-09
441 1.93467e-09
442 1.93467e-09
443 1.93467e-09
444 1.93467e-09
445 1.93467e-09
446 1.93467e-09
447 1.93467e-09
448 1.93467e-09
449 1.93467e-09
450 1.93467e-09
451 1.93467e-09
452 1.93467e-09
453 1.93467e-09
454 1.93467e-09
455 1.93467e-09
456 1.93467e-09
457 1.93467e-09
458 1.93467e-09
459 1.93467e-09
460 1.93467e-09
461 1.93467e-09
462 1.93467e-09
463 1.93467e-09
464 1.93467e-09
465 1.93467e-09
466 1.93467e-09
467 1.93467e-09
468 1.93467e-09
469 1.93467e-09
470 1.93467e-09
471 1.93467e-09
472 1.93467e-09
473 1.93467e-09
474 1.93467e-09
475 1.93467e-09
476 1.93467e-09
477 1.93467e-09
478 1.93467e-09
479 1.93467e-09
480 1.93467e-09
481 1.93467e-09
482 1.93467e-09
483 1.93467e-09
484 1.93467e-09
485 1.93467e-09
486 1.93467e-09
487 1.93467e-09
488 1.93467e-09
489 1.93467e-09
490 1.93467e-09
491 1.93467e-09
492 1.93467e-09
493 1.93467e-09
494 1.93467e-09
495 1.93467e-09
496 1.93467e-09
497 1.93467e-09
498 1.93467e-09
499 1.93467e-09
500 1.93467e-09
501 1.93467e-09
502 1.93467e-09
503 1.93467e-09
504 1.93467e-09
505 1.93467e-09
506 1.93467e-09
507 1.93467e-09
508 1.93467e-09
509 1.93467e-09
510 1.93467e-09
511 1.93467e-09
512 1.93467e-09
513 1.93467e-09
514 1.93467e-09
515 1.93467e-09
516 1.93467e-09
517 1.93467e-09
518 1.93467e-09
519 1.93467e-09
520 1.93467e-09
521 1.93467e-09
522 1.93467e-09
523 1.93467e-09
524 1.93467e-09
525 1.93467e-09
526 1.93467e-09
527 1.93467e-09
528 1.93467e-09
529 1.93467e-09
530 1.93467e-09
531 1.93467e-09
532 1.93467e-09
533 1.93467e-09
534 1.93467e-09
535 1.93467e-09
536 1.93467e-09
537 1.93467e-09
538 1.93467e-09
539 1.93467e-09
540 1.93467e-09
541 1.93467e-09
542 1.93467e-09
