1 1.2926e-08
2 1.2926e-08
3 1.2926e-08
4 1.2926e-08
5 1.2926e-08
6 1.2926e-08
7 1.2926e-08
8 1.2926e-08
9 1.2926e-08
10 1.2926e-08
11 1.2926e-08
12 1.2926e-08
13 1.2926e-08
14 1.2926e-08
15 1.2926e-08
16 1.2926e-08
17 1.2926e-08
18 1.2926e-08
19 1.2926e-08
20 1.2926e-08
21 1.2926e-08
22 1.2926e-08
23 1.2926e-08
24 1.2926e-08
25 1.2926e-08
26 1.2926e-08
27 1.2926e-08
28 1.2926e-08
29 1.2926e-08
30 1.2926e-08
31 1.2926e-08
32 1.2926e-08
33 1.2926e-08
34 1.2926e-08
35 1.2926e-08
36 1.2926e-08
37 1.2926e-08
38 1.2926e-08
39 1.2926e-08
40 1.2926e-08
41 1.2926e-08
42 1.2926e-08
43 1.2926e-08
44 1.2926e-08
45 1.2926e-08
46 1.2926e-08
47 1.2926e-08
48 1.2926e-08
49 1.2926e-08
50 1.2926e-08
51 1.2926e-08
52 1.2926e-08
53 1.2926e-08
54 1.2926e-08
55 1.2926e-08
56 1.2926e-08
57 1.2926e-08
58 1.2926e-08
59 1.2926e-08
60 1.2926e-08
61 1.2926e-08
62 1.2926e-08
63 1.2926e-08
64 1.2926e-08
65 1.2926e-08
66 1.2926e-08
67 1.2926e-08
68 1.2926e-08
69 1.2926e-08
70 1.2926e-08
71 1.2926e-08
72 1.2926e-08
73 1.2926e-08
74 1.2926e-08
75 1.2926e-08
76 1.2926e-08
77 1.2926e-08
78 1.2926e-08
79 1.2926e-08
80 1.2926e-08
81 1.2926e-08
82 1.2926e-08
83 1.2926e-08
84 1.2926e-08
85 1.2926e-08
86 1.2926e-08
87 1.2926e-08
88 1.2926e-08
89 1.2926e-08
90 1.2926e-08
91 1.2926e-08
92 1.2926e-08
93 1.2926e-08
94 1.2926e-08
95 1.2926e-08
96 1.2926e-08
97 1.2926e-08
98 1.2926e-08
99 1.2926e-08
100 1.2926e-08
101 1.2926e-08
102 1.2926e-08
103 1.2926e-08
104 1.2926e-08
105 1.2926e-08
106 1.2926e-08
107 1.2926e-08
108 1.2926e-08
109 1.2926e-08
110 1.2926e-08
111 1.2926e-08
112 1.2926e-08
113 1.2926e-08
114 1.2926e-08
115 1.2926e-08
116 1.2926e-08
117 1.2926e-08
118 1.2926e-08
119 1.2926e-08
120 1.2926e-08
121 1.2926e-08
122 1.2926e-08
123 1.2926e-08
124 1.2926e-08
125 1.2926e-08
126 1.2926e-08
127 1.2926e-08
128 1.2926e-08
129 1.2926e-08
130 1.2926e-08
131 1.2926e-08
132 1.2926e-08
133 1.2926e-08
134 1.2926e-08
135 1.2926e-08
136 1.2926e-08
137 1.2926e-08
138 1.2926e-08
139 1.2926e-08
140 1.2926e-08
141 1.2926e-08
142 1.2926e-08
143 1.2926e-08
144 1.2926e-08
145 1.2926e-08
146 1.2926e-08
147 1.2926e-08
148 1.2926e-08
149 1.2926e-08
150 1.2926e-08
151 1.2926e-08
152 1.2926e-08
153 1.2926e-08
154 1.2926e-08
155 1.2926e-08
156 1.2926e-08
157 1.2926e-08
158 1.2926e-08
159 1.2926e-08
160 1.2926e-08
161 1.2926e-08
162 1.2926e-08
163 1.2926e-08
164 1.2926e-08
165 1.2926e-08
166 1.2926e-08
167 1.2926e-08
168 1.2926e-08
169 1.2926e-08
170 1.2926e-08
171 1.2926e-08
172 1.2926e-08
173 1.2926e-08
174 1.2926e-08
175 1.2926e-08
176 1.2926e-08
177 1.2926e-08
178 1.2926e-08
179 1.2926e-08
180 1.2926e-08
181 1.2926e-08
182 1.2926e-08
183 1.2926e-08
184 1.2926e-08
185 1.2926e-08
186 1.2926e-08
187 1.2926e-08
188 1.2926e-08
189 1.2926e-08
190 1.2926e-08
191 1.2926e-08
192 1.2926e-08
193 1.2926e-08
194 1.2926e-08
195 1.2926e-08
196 1.2926e-08
197 1.2926e-08
198 1.2926e-08
199 1.2926e-08
200 1.2926e-08
201 1.2926e-08
202 1.2926e-08
203 1.2926e-08
204 1.2926e-08
205 1.2926e-08
206 1.2926e-08
207 1.2926e-08
208 1.2926e-08
209 1.2926e-08
210 1.2926e-08
211 1.2926e-08
212 1.2926e-08
213 1.2926e-08
214 1.2926e-08
215 1.2926e-08
216 1.2926e-08
217 1.2926e-08
218 1.2926e-08
219 1.2926e-08
220 1.2926e-08
221 1.2926e-08
222 1.2926e-08
223 1.2926e-08
224 1.2926e-08
225 1.2926e-08
226 1.2926e-08
227 1.2926e-08
228 1.2926e-08
229 1.33072e-08
230 1.73505e-08
231 3.32165e-08
232 8.48523e-08
233 2.45072e-07
234 7.25186e-07
235 2.12025e-06
236 6.05325e-06
237 1.68082e-05
238 4.53037e-05
239 0.00011839
240 0.000299679
241 0.000734141
242 0.00173916
243 0.00398119
244 0.00880028
245 0.018772
246 0.0386189
247 0.0765849
248 0.146337
249 0.269329
250 0.477347
251 0.814645
252 0.910474
253 0.936561
254 0.973783
255 0.983091
256 0.995301
257 0.998114
258 0.998737
259 0.999466
260 0.999616
261 0.999782
262 0.999958
263 0.999992
264 0.999999
265 1
266 1
267 1
268 1
269 1
270 1
271 1
272 1
273 1
274 1
275 1
276 1
277 1
278 1
279 1
280 1
281 0.999999
282 0.999993
283 0.999966
284 0.999835
285 0.999227
286 0.998729
287 0.996584
288 0.987731
289 0.952699
290 0.8199
291 0.73174
292 0.425023
293 0.237984
294 0.128544
295 0.0670377
296 0.033794
297 0.0164893
298 0.00780009
299 0.00358368
300 0.00160249
301 0.000699032
302 0.000298209
303 0.000124737
304 5.12888e-05
305 2.07787e-05
306 8.31031e-06
307 3.28619e-06
308 1.28656e-06
309 4.99884e-07
310 1.94346e-07
311 7.71838e-08
312 3.32375e-08
313 1.76099e-08
314 1.3568e-08
315 1.2926e-08
316 1.2926e-08
317 1.2926e-08
318 1.2926e-08
319 1.2926e-08
320 1.2926e-08
321 1.2926e-08
322 1.2926e-08
323 1.2926e-08
324 1.2926e-08
325 1.2926e-08
326 1.2926e-08
327 1.2926e-08
328 1.2926e-08
329 1.2926e-08
330 1.2926e-08
331 1.2926e-08
332 1.2926e-08
333 1.2926e-08
334 1.2926e-08
335 1.2926e-08
336 1.2926e-08
337 1.2926e-08
338 1.2926e-08
339 1.2926e-08
340 1.2926e-08
341 1.2926e-08
342 1.2926e-08
343 1.2926e-08
344 1.2926e-08
345 1.2926e-08
346 1.2926e-08
347 1.2926e-08
348 1.2926e-08
349 1.2926e-08
350 1.2926e-08
351 1.2926e-08
352 1.2926e-08
353 1.2926e-08
354 1.2926e-08
355 1.2926e-08
356 1.2926e-08
357 1.2926e-08
358 1.2926e-08
359 1.2926e-08
360 1.2926e-08
361 1.2926e-08
362 1.2926e-08
363 1.2926e-08
364 1.2926e-08
365 1.2926e-08
366 1.2926e-08
367 1.2926e-08
368 1.2926e-08
369 1.2926e-08
370 1.2926e-08
371 1.2926e-08
372 1.2926e-08
373 1.2926e-08
374 1.2926e-08
375 1.2926e-08
376 1.2926e-08
377 1.2926e-08
378 1.2926e-08
379 1.2926e-08
380 1.2926e-08
381 1.2926e-08
382 1.2926e-08
383 1.2926e-08
384 1.2926e-08
385 1.2926e-08
386 1.2926e-08
387 1.2926e-08
388 1.2926e-08
389 1.2926e-08
390 1.2926e-08
391 1.2926e-08
392 1.2926e-08
393 1.2926e-08
394 1.2926e-08
395 1.2926e-08
396 1.2926e-08
397 1.2926e-08
398 1.2926e-08
399 1.2926e-08
400 1.2926e-08
401 1.2926e-08
402 1.2926e-08
403 1.2926e-08
404 1.2926e-08
405 1.2926e-08
406 1.2926e-08
407 1.2926e-08
408 1.2926e-08
409 1.2926e-08
410 1.2926e-08
411 1.2926e-08
412 1.2926e-08
413 1.2926e-08
414 1.2926e-08
415 1.2926e-08
416 1.2926e-08
417 1.2926e-08
418 1.2926e-08
419 1.2926e-08
420 1.2926e-08
421 1.2926e-08
422 1.2926e-08
423 1.2926e-08
424 1.2926e-08
425 1.2926e-08
426 1.2926e-08
427 1.2926e-08
428 1.2926e-08
429 1.2926e-08
430 1.2926e-08
431 1.2926e-08
432 1.2926e-08
433 1.2926e-08
434 1.2926e-08
435 1.2926e-08
436 1.2926e-08
437 1.2926e-08
438 1.2926e-08
439 1.2926e-08
440 1.2926e-08
441 1.2926e-08
442 1.2926e-08
443 1.2926e-08
444 1.2926e-08
445 1.2926e-08
446 1.2926e-08
447 1.2926e-08
448 1.2926e-08
449 1.2926e-08
450 1.2926e-08
451 1.2926e-08
452 1.2926e-08
453 1.2926e-08
454 1.2926e-08
455 1.2926e-08
456 1.2926e-08
457 1.2926e-08
458 1.2926e-08
459 1.2926e-08
460 1.2926e-08
461 1.2926e-08
462 1.2926e-08
463 1.2926e-08
464 1.2926e-08
465 1.2926e-08
466 1.2926e-08
467 1.2926e-08
468 1.2926e-08
469 1.2926e-08
470 1.2926e-08
471 1.2926e-08
472 1.2926e-08
473 1.2926e-08
474 1.2926e-08
475 1.2926e-08
476 1.2926e-08
477 1.2926e-08
478 1.2926e-08
479 1.2926e-08
480 1.2926e-08
481 1.2926e-08
482 1.2926e-08
483 1.2926e-08
484 1.2926e-08
485 1.2926e-08
486 1.2926e-08
487 1.2926e-08
488 1.2926e-08
489 1.2926e-08
490 1.2926e-08
491 1.2926e-08
492 1.2926e-08
493 1.2926e-08
494 1.2926e-08
495 1.2926e-08
496 1.2926e-08
497 1.2926e-08
498 1.2926e-08
499 1.2926e-08
500 1.2926e-08
501 1.2926e-08
502 1.2926e-08
503 1.2926e-08
504 1.2926e-08
505 1.2926e-08
506 1.2926e-08
507 1.2926e-08
508 1.2926e-08
509 1.2926e-08
510 1.2926e-08
511 1.2926e-08
512 1.2926e-08
513 1.2926e-08
514 1.2926e-08
515 1.2926e-08
516 1.2926e-08
517 1.2926e-08
518 1.2926e-08
519 1.2926e-08
520 1.2926e-08
521 1.2926e-08
522 1.2926e-08
523 1.2926e-08
524 1.2926e-08
525 1.2926e-08
526 1.2926e-08
527 1.2926e-08
528 1.2926e-08
529 1.2926e-08
530 1.2926e-08
531 1.2926e-08
532 1.2926e-08
533 1.2926e-08
534 1.2926e-08
535 1.2926e-08
536 1.2926e-08
537 1.2926e-08
538 1.2926e-08
539 1.2926e-08
540 1.2926e-08
541 1.2926e-08
542 1.2926e-08
