1 5.54566e-09
2 5.54566e-09
3 5.54566e-09
4 5.54566e-09
5 5.54566e-09
6 5.54566e-09
7 5.54566e-09
8 5.54566e-09
9 5.54566e-09
10 5.54566e-09
11 5.54566e-09
12 5.54566e-09
13 5.54566e-09
14 5.54566e-09
15 5.54566e-09
16 5.54566e-09
17 5.54566e-09
18 5.54566e-09
19 5.54566e-09
20 5.54566e-09
21 5.54566e-09
22 5.54566e-09
23 5.54566e-09
24 5.54566e-09
25 5.54566e-09
26 5.54566e-09
27 5.54566e-09
28 5.54566e-09
29 5.54566e-09
30 5.54566e-09
31 5.54566e-09
32 5.54566e-09
33 5.54566e-09
34 5.54566e-09
35 5.54566e-09
36 5.54566e-09
37 5.54566e-09
38 5.54566e-09
39 5.54566e-09
40 5.54566e-09
41 5.54566e-09
42 5.54566e-09
43 5.54566e-09
44 5.54566e-09
45 5.54566e-09
46 5.54566e-09
47 5.54566e-09
48 5.54566e-09
49 5.54566e-09
50 5.54566e-09
51 5.54566e-09
52 5.54566e-09
53 5.54566e-09
54 5.54566e-09
55 5.54566e-09
56 5.54566e-09
57 5.54566e-09
58 5.54566e-09
59 5.54566e-09
60 5.54566e-09
61 5.54566e-09
62 5.54566e-09
63 5.54566e-09
64 5.54566e-09
65 5.54566e-09
66 5.54566e-09
67 5.54566e-09
68 5.54566e-09
69 5.54566e-09
70 5.54566e-09
71 5.54566e-09
72 5.54566e-09
73 5.54566e-09
74 5.54566e-09
75 5.54566e-09
76 5.54566e-09
77 5.54566e-09
78 5.54566e-09
79 5.54566e-09
80 5.54566e-09
81 5.54566e-09
82 5.54566e-09
83 5.54566e-09
84 5.54566e-09
85 5.54566e-09
86 5.54566e-09
87 5.54566e-09
88 5.54566e-09
89 5.54566e-09
90 5.54566e-09
91 5.54566e-09
92 5.54566e-09
93 5.54566e-09
94 5.54566e-09
95 5.54566e-09
96 5.54566e-09
97 5.54566e-09
98 5.54566e-09
99 5.54566e-09
100 5.54566e-09
101 5.54566e-09
102 5.54566e-09
103 5.54566e-09
104 5.54566e-09
105 5.54566e-09
106 5.54566e-09
107 5.54566e-09
108 5.54566e-09
109 5.54566e-09
110 5.54566e-09
111 5.54566e-09
112 5.54566e-09
113 5.54566e-09
114 5.54566e-09
115 5.54566e-09
116 5.54566e-09
117 5.54566e-09
118 5.54566e-09
119 5.54566e-09
120 5.54566e-09
121 5.54566e-09
122 5.54566e-09
123 5.54566e-09
124 5.54566e-09
125 5.54566e-09
126 5.54566e-09
127 5.54566e-09
128 5.54566e-09
129 5.54566e-09
130 5.54566e-09
131 5.54566e-09
132 5.54566e-09
133 5.54566e-09
134 5.54566e-09
135 5.54566e-09
136 5.54566e-09
137 5.54566e-09
138 5.54566e-09
139 5.54566e-09
140 5.54566e-09
141 5.54566e-09
142 5.54566e-09
143 5.54566e-09
144 5.54566e-09
145 5.54566e-09
146 5.54566e-09
147 5.54566e-09
148 5.54566e-09
149 5.54566e-09
150 5.54566e-09
151 5.54566e-09
152 5.54566e-09
153 5.54566e-09
154 5.54566e-09
155 5.54566e-09
156 5.54566e-09
157 5.54566e-09
158 5.54566e-09
159 5.54566e-09
160 5.54566e-09
161 5.54566e-09
162 5.54566e-09
163 5.54566e-09
164 5.54566e-09
165 5.54566e-09
166 5.54566e-09
167 5.54566e-09
168 5.54566e-09
169 5.54566e-09
170 5.54566e-09
171 5.54566e-09
172 5.54566e-09
173 5.54566e-09
174 5.54566e-09
175 5.54566e-09
176 5.54566e-09
177 5.54566e-09
178 5.54566e-09
179 5.54566e-09
180 5.54566e-09
181 5.54566e-09
182 5.54566e-09
183 5.54566e-09
184 5.54566e-09
185 5.54566e-09
186 5.54566e-09
187 5.54566e-09
188 5.54566e-09
189 5.54566e-09
190 5.54566e-09
191 5.54566e-09
192 5.54566e-09
193 5.54566e-09
194 5.54566e-09
195 5.54566e-09
196 5.54566e-09
197 5.54566e-09
198 5.54566e-09
199 5.54566e-09
200 5.54566e-09
201 5.54566e-09
202 5.54566e-09
203 5.54566e-09
204 5.54566e-09
205 5.54566e-09
206 5.54566e-09
207 5.54566e-09
208 5.54566e-09
209 5.54566e-09
210 5.54566e-09
211 5.54566e-09
212 5.54566e-09
213 5.54566e-09
214 5.54566e-09
215 5.54566e-09
216 5.54566e-09
217 5.54566e-09
218 5.54566e-09
219 5.54566e-09
220 5.54566e-09
221 5.54566e-09
222 5.54566e-09
223 5.54566e-09
224 5.54566e-09
225 5.54566e-09
226 5.54566e-09
227 5.54566e-09
228 5.54566e-09
229 5.54566e-09
230 5.54566e-09
231 5.54566e-09
232 5.54566e-09
233 5.54566e-09
234 1.00557e-08
235 3.00577e-08
236 1.01403e-07
237 3.46892e-07
238 1.16738e-06
239 3.83639e-06
240 1.22865e-05
241 3.83037e-05
242 0.000116124
243 0.000341995
244 0.000977401
245 0.00270785
246 0.00726487
247 0.0188559
248 0.0473001
249 0.114571
250 0.267737
251 0.603128
252 0.732134
253 0.779764
254 0.872005
255 0.9033
256 0.958902
257 0.976183
258 0.98132
259 0.989301
260 0.991468
261 0.994544
262 0.99872
263 0.999712
264 0.999938
265 0.999987
266 0.999997
267 0.999999
268 1
269 1
270 1
271 1
272 1
273 1
274 1
275 1
276 1
277 1
278 1
279 0.999998
280 0.999992
281 0.999968
282 0.999871
283 0.999502
284 0.998159
285 0.993491
286 0.990654
287 0.981631
288 0.954121
289 0.873637
290 0.647279
291 0.535179
292 0.242105
293 0.106575
294 0.0457779
295 0.0192433
296 0.0079402
297 0.00322506
298 0.0012925
299 0.000511941
300 0.000200538
301 7.76609e-05
302 2.96945e-05
303 1.11879e-05
304 4.14357e-06
305 1.50485e-06
306 5.3457e-07
307 1.855e-07
308 6.3109e-08
309 2.20639e-08
310 9.32332e-09
311 6.02552e-09
312 5.54566e-09
313 5.54566e-09
314 5.54566e-09
315 5.54566e-09
316 5.54566e-09
317 5.54566e-09
318 5.54566e-09
319 5.54566e-09
320 5.54566e-09
321 5.54566e-09
322 5.54566e-09
323 5.54566e-09
324 5.54566e-09
325 5.54566e-09
326 5.54566e-09
327 5.54566e-09
328 5.54566e-09
329 5.54566e-09
330 5.54566e-09
331 5.54566e-09
332 5.54566e-09
333 5.54566e-09
334 5.54566e-09
335 5.54566e-09
336 5.54566e-09
337 5.54566e-09
338 5.54566e-09
339 5.54566e-09
340 5.54566e-09
341 5.54566e-09
342 5.54566e-09
343 5.54566e-09
344 5.54566e-09
345 5.54566e-09
346 5.54566e-09
347 5.54566e-09
348 5.54566e-09
349 5.54566e-09
350 5.54566e-09
351 5.54566e-09
352 5.54566e-09
353 5.54566e-09
354 5.54566e-09
355 5.54566e-09
356 5.54566e-09
357 5.54566e-09
358 5.54566e-09
359 5.54566e-09
360 5.54566e-09
361 5.54566e-09
362 5.54566e-09
363 5.54566e-09
364 5.54566e-09
365 5.54566e-09
366 5.54566e-09
367 5.54566e-09
368 5.54566e-09
369 5.54566e-09
370 5.54566e-09
371 5.54566e-09
372 5.54566e-09
373 5.54566e-09
374 5.54566e-09
375 5.54566e-09
376 5.54566e-09
377 5.54566e-09
378 5.54566e-09
379 5.54566e-09
380 5.54566e-09
381 5.54566e-09
382 5.54566e-09
383 5.54566e-09
384 5.54566e-09
385 5.54566e-09
386 5.54566e-09
387 5.54566e-09
388 5.54566e-09
389 5.54566e-09
390 5.54566e-09
391 5.54566e-09
392 5.54566e-09
393 5.54566e-09
394 5.54566e-09
395 5.54566e-09
396 5.54566e-09
397 5.54566e-09
398 5.54566e-09
399 5.54566e-09
400 5.54566e-09
401 5.54566e-09
402 5.54566e-09
403 5.54566e-09
404 5.54566e-09
405 5.54566e-09
406 5.54566e-09
407 5.54566e-09
408 5.54566e-09
409 5.54566e-09
410 5.54566e-09
411 5.54566e-09
412 5.54566e-09
413 5.54566e-09
414 5.54566e-09
415 5.54566e-09
416 5.54566e-09
417 5.54566e-09
418 5.54566e-09
419 5.54566e-09
420 5.54566e-09
421 5.54566e-09
422 5.54566e-09
423 5.54566e-09
424 5.54566e-09
425 5.54566e-09
426 5.54566e-09
427 5.54566e-09
428 5.54566e-09
429 5.54566e-09
430 5.54566e-09
431 5.54566e-09
432 5.54566e-09
433 5.54566e-09
434 5.54566e-09
435 5.54566e-09
436 5.54566e-09
437 5.54566e-09
438 5.54566e-09
439 5.54566e-09
440 5.54566e-09
441 5.54566e-09
442 5.54566e-09
443 5.54566e-09
444 5.54566e-09
445 5.54566e-09
446 5.54566e-09
447 5.54566e-09
448 5.54566e-09
449 5.54566e-09
450 5.54566e-09
451 5.54566e-09
452 5.54566e-09
453 5.54566e-09
454 5.54566e-09
455 5.54566e-09
456 5.54566e-09
457 5.54566e-09
458 5.54566e-09
459 5.54566e-09
460 5.54566e-09
461 5.54566e-09
462 5.54566e-09
463 5.54566e-09
464 5.54566e-09
465 5.54566e-09
466 5.54566e-09
467 5.54566e-09
468 5.54566e-09
469 5.54566e-09
470 5.54566e-09
471 5.54566e-09
472 5.54566e-09
473 5.54566e-09
474 5.54566e-09
475 5.54566e-09
476 5.54566e-09
477 5.54566e-09
478 5.54566e-09
479 5.54566e-09
480 5.54566e-09
481 5.54566e-09
482 5.54566e-09
483 5.54566e-09
484 5.54566e-09
485 5.54566e-09
486 5.54566e-09
487 5.54566e-09
488 5.54566e-09
489 5.54566e-09
490 5.54566e-09
491 5.54566e-09
492 5.54566e-09
493 5.54566e-09
494 5.54566e-09
495 5.54566e-09
496 5.54566e-09
497 5.54566e-09
498 5.54566e-09
499 5.54566e-09
500 5.54566e-09
501 5.54566e-09
502 5.54566e-09
503 5.54566e-09
504 5.54566e-09
505 5.54566e-09
506 5.54566e-09
507 5.54566e-09
508 5.54566e-09
509 5.54566e-09
510 5.54566e-09
511 5.54566e-09
512 5.54566e-09
513 5.54566e-09
514 5.54566e-09
515 5.54566e-09
516 5.54566e-09
517 5.54566e-09
518 5.54566e-09
519 5.54566e-09
520 5.54566e-09
521 5.54566e-09
522 5.54566e-09
523 5.54566e-09
524 5.54566e-09
525 5.54566e-09
526 5.54566e-09
527 5.54566e-09
528 5.54566e-09
529 5.54566e-09
530 5.54566e-09
531 5.54566e-09
532 5.54566e-09
533 5.54566e-09
534 5.54566e-09
535 5.54566e-09
536 5.54566e-09
537 5.54566e-09
538 5.54566e-09
539 5.54566e-09
540 5.54566e-09
541 5.54566e-09
542 5.54566e-09
