1 5.92828e-09
2 5.92828e-09
3 5.92828e-09
4 5.92828e-09
5 5.92828e-09
6 5.92828e-09
7 5.92828e-09
8 5.92828e-09
9 5.92828e-09
10 5.92828e-09
11 5.92828e-09
12 5.92828e-09
13 5.92828e-09
14 5.92828e-09
15 5.92828e-09
16 5.92828e-09
17 5.92828e-09
18 5.92828e-09
19 5.92828e-09
20 5.92828e-09
21 5.92828e-09
22 5.92828e-09
23 5.92828e-09
24 5.92828e-09
25 5.92828e-09
26 5.92828e-09
27 5.92828e-09
28 5.92828e-09
29 5.92828e-09
30 5.92828e-09
31 5.92828e-09
32 5.92828e-09
33 5.92828e-09
34 5.92828e-09
35 5.92828e-09
36 5.92828e-09
37 5.92828e-09
38 5.92828e-09
39 5.92828e-09
40 5.92828e-09
41 5.92828e-09
42 5.92828e-09
43 5.92828e-09
44 5.92828e-09
45 5.92828e-09
46 5.92828e-09
47 5.92828e-09
48 5.92828e-09
49 5.92828e-09
50 5.92828e-09
51 5.92828e-09
52 5.92828e-09
53 5.92828e-09
54 5.92828e-09
55 5.92828e-09
56 5.92828e-09
57 5.92828e-09
58 5.92828e-09
59 5.92828e-09
60 5.92828e-09
61 5.92828e-09
62 5.92828e-09
63 5.92828e-09
64 5.92828e-09
65 5.92828e-09
66 5.92828e-09
67 5.92828e-09
68 5.92828e-09
69 5.92828e-09
70 5.92828e-09
71 5.92828e-09
72 5.92828e-09
73 5.92828e-09
74 5.92828e-09
75 5.92828e-09
76 5.92828e-09
77 5.92828e-09
78 5.92828e-09
79 5.92828e-09
80 5.92828e-09
81 5.92828e-09
82 5.92828e-09
83 5.92828e-09
84 5.92828e-09
85 5.92828e-09
86 5.92828e-09
87 5.92828e-09
88 5.92828e-09
89 5.92828e-09
90 5.92828e-09
91 5.92828e-09
92 5.92828e-09
93 5.92828e-09
94 5.92828e-09
95 5.92828e-09
96 5.92828e-09
97 5.92828e-09
98 5.92828e-09
99 5.92828e-09
100 5.92828e-09
101 5.92828e-09
102 5.92828e-09
103 5.92828e-09
104 5.92828e-09
105 5.92828e-09
106 5.92828e-09
107 5.92828e-09
108 5.92828e-09
109 5.92828e-09
110 5.92828e-09
111 5.92828e-09
112 5.92828e-09
113 5.92828e-09
114 5.92828e-09
115 5.92828e-09
116 5.92828e-09
117 5.92828e-09
118 5.92828e-09
119 5.92828e-09
120 5.92828e-09
121 5.92828e-09
122 5.92828e-09
123 5.92828e-09
124 5.92828e-09
125 5.92828e-09
126 5.92828e-09
127 5.92828e-09
128 5.92828e-09
129 5.92828e-09
130 5.92828e-09
131 5.92828e-09
132 5.92828e-09
133 5.92828e-09
134 5.92828e-09
135 5.92828e-09
136 5.92828e-09
137 5.92828e-09
138 5.92828e-09
139 5.92828e-09
140 5.92828e-09
141 5.92828e-09
142 5.92828e-09
143 5.92828e-09
144 5.92828e-09
145 5.92828e-09
146 5.92828e-09
147 5.92828e-09
148 5.92828e-09
149 5.92828e-09
150 5.92828e-09
151 5.92828e-09
152 5.92828e-09
153 5.92828e-09
154 5.92828e-09
155 5.92828e-09
156 5.92828e-09
157 5.92828e-09
158 5.92828e-09
159 5.92828e-09
160 5.92828e-09
161 5.92828e-09
162 5.92828e-09
163 5.92828e-09
164 5.92828e-09
165 5.92828e-09
166 5.92828e-09
167 5.92828e-09
168 5.92828e-09
169 5.92828e-09
170 5.92828e-09
171 5.92828e-09
172 5.92828e-09
173 5.92828e-09
174 5.92828e-09
175 5.92828e-09
176 5.92828e-09
177 5.92828e-09
178 5.92828e-09
179 5.92828e-09
180 5.92828e-09
181 5.92828e-09
182 5.92828e-09
183 5.92828e-09
184 5.92828e-09
185 5.92828e-09
186 5.92828e-09
187 5.92828e-09
188 5.92828e-09
189 5.92828e-09
190 5.92828e-09
191 5.92828e-09
192 5.92828e-09
193 5.92828e-09
194 5.92828e-09
195 5.92828e-09
196 5.92828e-09
197 5.92828e-09
198 5.92828e-09
199 5.92828e-09
200 5.92828e-09
201 5.92828e-09
202 5.92828e-09
203 5.92828e-09
204 5.92828e-09
205 5.92828e-09
206 5.92828e-09
207 5.92828e-09
208 5.92828e-09
209 5.92828e-09
210 5.92828e-09
211 5.92828e-09
212 5.92828e-09
213 5.92828e-09
214 5.92828e-09
215 5.92828e-09
216 5.92828e-09
217 5.92828e-09
218 5.92828e-09
219 5.92828e-09
220 5.92828e-09
221 5.92828e-09
222 5.92828e-09
223 5.92828e-09
224 5.92828e-09
225 5.92828e-09
226 5.92828e-09
227 5.92828e-09
228 5.92828e-09
229 5.92828e-09
230 5.92828e-09
231 5.92828e-09
232 5.92828e-09
233 5.92828e-09
234 7.24566e-09
235 1.70139e-08
236 5.46318e-08
237 1.88877e-07
238 6.53071e-07
239 2.21511e-06
240 7.33492e-06
241 2.36716e-05
242 7.43752e-05
243 0.00022726
244 0.000674598
245 0.00194324
246 0.00542622
247 0.0146723
248 0.0383774
249 0.0970065
250 0.236735
251 0.557274
252 0.686543
253 0.736619
254 0.838437
255 0.874725
256 0.942487
257 0.96463
258 0.97155
259 0.982859
260 0.986087
261 0.990903
262 0.997765
263 0.999474
264 0.999881
265 0.999974
266 0.999995
267 0.999999
268 1
269 1
270 1
271 1
272 1
273 1
274 1
275 1
276 1
277 1
278 0.999999
279 0.999997
280 0.999987
281 0.999947
282 0.999798
283 0.999255
284 0.997379
285 0.991175
286 0.987587
287 0.976712
288 0.945088
289 0.856689
290 0.618718
291 0.505666
292 0.221423
293 0.0946442
294 0.0396092
295 0.0162801
296 0.00659033
297 0.0026336
298 0.00104048
299 0.000406587
300 0.000157056
301 5.98792e-05
302 2.2484e-05
303 8.29407e-06
304 2.99823e-06
305 1.0598e-06
306 3.65595e-07
307 1.23198e-07
308 4.10335e-08
309 1.47147e-08
310 7.38659e-09
311 5.92828e-09
312 5.92828e-09
313 5.92828e-09
314 5.92828e-09
315 5.92828e-09
316 5.92828e-09
317 5.92828e-09
318 5.92828e-09
319 5.92828e-09
320 5.92828e-09
321 5.92828e-09
322 5.92828e-09
323 5.92828e-09
324 5.92828e-09
325 5.92828e-09
326 5.92828e-09
327 5.92828e-09
328 5.92828e-09
329 5.92828e-09
330 5.92828e-09
331 5.92828e-09
332 5.92828e-09
333 5.92828e-09
334 5.92828e-09
335 5.92828e-09
336 5.92828e-09
337 5.92828e-09
338 5.92828e-09
339 5.92828e-09
340 5.92828e-09
341 5.92828e-09
342 5.92828e-09
343 5.92828e-09
344 5.92828e-09
345 5.92828e-09
346 5.92828e-09
347 5.92828e-09
348 5.92828e-09
349 5.92828e-09
350 5.92828e-09
351 5.92828e-09
352 5.92828e-09
353 5.92828e-09
354 5.92828e-09
355 5.92828e-09
356 5.92828e-09
357 5.92828e-09
358 5.92828e-09
359 5.92828e-09
360 5.92828e-09
361 5.92828e-09
362 5.92828e-09
363 5.92828e-09
364 5.92828e-09
365 5.92828e-09
366 5.92828e-09
367 5.92828e-09
368 5.92828e-09
369 5.92828e-09
370 5.92828e-09
371 5.92828e-09
372 5.92828e-09
373 5.92828e-09
374 5.92828e-09
375 5.92828e-09
376 5.92828e-09
377 5.92828e-09
378 5.92828e-09
379 5.92828e-09
380 5.92828e-09
381 5.92828e-09
382 5.92828e-09
383 5.92828e-09
384 5.92828e-09
385 5.92828e-09
386 5.92828e-09
387 5.92828e-09
388 5.92828e-09
389 5.92828e-09
390 5.92828e-09
391 5.92828e-09
392 5.92828e-09
393 5.92828e-09
394 5.92828e-09
395 5.92828e-09
396 5.92828e-09
397 5.92828e-09
398 5.92828e-09
399 5.92828e-09
400 5.92828e-09
401 5.92828e-09
402 5.92828e-09
403 5.92828e-09
404 5.92828e-09
405 5.92828e-09
406 5.92828e-09
407 5.92828e-09
408 5.92828e-09
409 5.92828e-09
410 5.92828e-09
411 5.92828e-09
412 5.92828e-09
413 5.92828e-09
414 5.92828e-09
415 5.92828e-09
416 5.92828e-09
417 5.92828e-09
418 5.92828e-09
419 5.92828e-09
420 5.92828e-09
421 5.92828e-09
422 5.92828e-09
423 5.92828e-09
424 5.92828e-09
425 5.92828e-09
426 5.92828e-09
427 5.92828e-09
428 5.92828e-09
429 5.92828e-09
430 5.92828e-09
431 5.92828e-09
432 5.92828e-09
433 5.92828e-09
434 5.92828e-09
435 5.92828e-09
436 5.92828e-09
437 5.92828e-09
438 5.92828e-09
439 5.92828e-09
440 5.92828e-09
441 5.92828e-09
442 5.92828e-09
443 5.92828e-09
444 5.92828e-09
445 5.92828e-09
446 5.92828e-09
447 5.92828e-09
448 5.92828e-09
449 5.92828e-09
450 5.92828e-09
451 5.92828e-09
452 5.92828e-09
453 5.92828e-09
454 5.92828e-09
455 5.92828e-09
456 5.92828e-09
457 5.92828e-09
458 5.92828e-09
459 5.92828e-09
460 5.92828e-09
461 5.92828e-09
462 5.92828e-09
463 5.92828e-09
464 5.92828e-09
465 5.92828e-09
466 5.92828e-09
467 5.92828e-09
468 5.92828e-09
469 5.92828e-09
470 5.92828e-09
471 5.92828e-09
472 5.92828e-09
473 5.92828e-09
474 5.92828e-09
475 5.92828e-09
476 5.92828e-09
477 5.92828e-09
478 5.92828e-09
479 5.92828e-09
480 5.92828e-09
481 5.92828e-09
482 5.92828e-09
483 5.92828e-09
484 5.92828e-09
485 5.92828e-09
486 5.92828e-09
487 5.92828e-09
488 5.92828e-09
489 5.92828e-09
490 5.92828e-09
491 5.92828e-09
492 5.92828e-09
493 5.92828e-09
494 5.92828e-09
495 5.92828e-09
496 5.92828e-09
497 5.92828e-09
498 5.92828e-09
499 5.92828e-09
500 5.92828e-09
501 5.92828e-09
502 5.92828e-09
503 5.92828e-09
504 5.92828e-09
505 5.92828e-09
506 5.92828e-09
507 5.92828e-09
508 5.92828e-09
509 5.92828e-09
510 5.92828e-09
511 5.92828e-09
512 5.92828e-09
513 5.92828e-09
514 5.92828e-09
515 5.92828e-09
516 5.92828e-09
517 5.92828e-09
518 5.92828e-09
519 5.92828e-09
520 5.92828e-09
521 5.92828e-09
522 5.92828e-09
523 5.92828e-09
524 5.92828e-09
525 5.92828e-09
526 5.92828e-09
527 5.92828e-09
528 5.92828e-09
529 5.92828e-09
530 5.92828e-09
531 5.92828e-09
532 5.92828e-09
533 5.92828e-09
534 5.92828e-09
535 5.92828e-09
536 5.92828e-09
537 5.92828e-09
538 5.92828e-09
539 5.92828e-09
540 5.92828e-09
541 5.92828e-09
542 5.92828e-09
