1 8.63099e-09
2 8.63099e-09
3 8.63099e-09
4 8.63099e-09
5 8.63099e-09
6 8.63099e-09
7 8.63099e-09
8 8.63099e-09
9 8.63099e-09
10 8.63099e-09
11 8.63099e-09
12 8.63099e-09
13 8.63099e-09
14 8.63099e-09
15 8.63099e-09
16 8.63099e-09
17 8.63099e-09
18 8.63099e-09
19 8.63099e-09
20 8.63099e-09
21 8.63099e-09
22 8.63099e-09
23 8.63099e-09
24 8.63099e-09
25 8.63099e-09
26 8.63099e-09
27 8.63099e-09
28 8.63099e-09
29 8.63099e-09
30 8.63099e-09
31 8.63099e-09
32 8.63099e-09
33 8.63099e-09
34 8.63099e-09
35 8.63099e-09
36 8.63099e-09
37 8.63099e-09
38 8.63099e-09
39 8.63099e-09
40 8.63099e-09
41 8.63099e-09
42 8.63099e-09
43 8.63099e-09
44 8.63099e-09
45 8.63099e-09
46 8.63099e-09
47 8.63099e-09
48 8.63099e-09
49 8.63099e-09
50 8.63099e-09
51 8.63099e-09
52 8.63099e-09
53 8.63099e-09
54 8.63099e-09
55 8.63099e-09
56 8.63099e-09
57 8.63099e-09
58 8.63099e-09
59 8.63099e-09
60 8.63099e-09
61 8.63099e-09
62 8.63099e-09
63 8.63099e-09
64 8.63099e-09
65 8.63099e-09
66 8.63099e-09
67 8.63099e-09
68 8.63099e-09
69 8.63099e-09
70 8.63099e-09
71 8.63099e-09
72 8.63099e-09
73 8.63099e-09
74 8.63099e-09
75 8.63099e-09
76 8.63099e-09
77 8.63099e-09
78 8.63099e-09
79 8.63099e-09
80 8.63099e-09
81 8.63099e-09
82 8.63099e-09
83 8.63099e-09
84 8.63099e-09
85 8.63099e-09
86 8.63099e-09
87 8.63099e-09
88 8.63099e-09
89 8.63099e-09
90 8.63099e-09
91 8.63099e-09
92 8.63099e-09
93 8.63099e-09
94 8.63099e-09
95 8.63099e-09
96 8.63099e-09
97 8.63099e-09
98 8.63099e-09
99 8.63099e-09
100 8.63099e-09
101 8.63099e-09
102 8.63099e-09
103 8.63099e-09
104 8.63099e-09
105 8.63099e-09
106 8.63099e-09
107 8.63099e-09
108 8.63099e-09
109 8.63099e-09
110 8.63099e-09
111 8.63099e-09
112 8.63099e-09
113 8.63099e-09
114 8.63099e-09
115 8.63099e-09
116 8.63099e-09
117 8.63099e-09
118 8.63099e-09
119 8.63099e-09
120 8.63099e-09
121 8.63099e-09
122 8.63099e-09
123 8.63099e-09
124 8.63099e-09
125 8.63099e-09
126 8.63099e-09
127 8.63099e-09
128 8.63099e-09
129 8.63099e-09
130 8.63099e-09
131 8.63099e-09
132 8.63099e-09
133 8.63099e-09
134 8.63099e-09
135 8.63099e-09
136 8.63099e-09
137 8.63099e-09
138 8.63099e-09
139 8.63099e-09
140 8.63099e-09
141 8.63099e-09
142 8.63099e-09
143 8.63099e-09
144 8.63099e-09
145 8.63099e-09
146 8.63099e-09
147 8.63099e-09
148 8.63099e-09
149 8.63099e-09
150 8.63099e-09
151 8.63099e-09
152 8.63099e-09
153 8.63099e-09
154 8.63099e-09
155 8.63099e-09
156 8.63099e-09
157 8.63099e-09
158 8.63099e-09
159 8.63099e-09
160 8.63099e-09
161 8.63099e-09
162 8.63099e-09
163 8.63099e-09
164 8.63099e-09
165 8.63099e-09
166 8.63099e-09
167 8.63099e-09
168 8.63099e-09
169 8.63099e-09
170 8.63099e-09
171 8.63099e-09
172 8.63099e-09
173 8.63099e-09
174 8.63099e-09
175 8.63099e-09
176 8.63099e-09
177 8.63099e-09
178 8.63099e-09
179 8.63099e-09
180 8.63099e-09
181 8.63099e-09
182 8.63099e-09
183 8.63099e-09
184 8.63099e-09
185 8.63099e-09
186 8.63099e-09
187 8.63099e-09
188 8.63099e-09
189 8.63099e-09
190 8.63099e-09
191 8.63099e-09
192 8.63099e-09
193 8.63099e-09
194 8.63099e-09
195 8.63099e-09
196 8.63099e-09
197 8.63099e-09
198 8.63099e-09
199 8.63099e-09
200 8.63099e-09
201 8.63099e-09
202 8.63099e-09
203 8.63099e-09
204 8.63099e-09
205 8.63099e-09
206 8.63099e-09
207 8.63099e-09
208 8.63099e-09
209 8.63099e-09
210 8.63099e-09
211 8.63099e-09
212 8.63099e-09
213 8.63099e-09
214 8.63099e-09
215 8.63099e-09
216 8.63099e-09
217 8.63099e-09
218 8.63099e-09
219 8.63099e-09
220 8.63099e-09
221 8.63099e-09
222 8.63099e-09
223 8.63099e-09
224 8.63099e-09
225 8.63099e-09
226 8.63099e-09
227 8.63099e-09
228 8.63099e-09
229 8.63099e-09
230 8.63099e-09
231 8.63099e-09
232 8.63099e-09
233 8.63099e-09
234 8.63099e-09
235 8.63099e-09
236 8.63099e-09
237 8.63099e-09
238 8.63099e-09
239 8.63099e-09
240 8.63099e-09
241 8.63099e-09
242 8.63099e-09
243 8.63099e-09
244 8.63099e-09
245 8.63099e-09
246 8.63099e-09
247 8.63099e-09
248 8.63099e-09
249 2.75861e-08
250 1.16509e-07
251 4.14964e-07
252 5.0007e-07
253 3.87253e-07
254 5.10811e-07
255 4.30486e-07
256 7.30183e-07
257 7.93628e-07
258 6.16298e-07
259 1.03796e-06
260 1.20488e-06
261 2.72606e-06
262 9.36326e-06
263 1.41361e-05
264 1.73527e-05
265 1.92691e-05
266 2.0054e-05
267 1.97692e-05
268 1.83618e-05
269 1.56696e-05
270 1.14391e-05
271 5.36269e-06
272 4.50987e-06
273 3.02512e-06
274 4.89814e-06
275 1.51517e-05
276 2.3142e-05
277 2.91117e-05
278 3.32893e-05
279 3.58518e-05
280 3.68993e-05
281 3.64381e-05
282 3.43765e-05
283 3.05362e-05
284 2.46763e-05
285 1.65276e-05
286 1.53945e-05
287 1.33665e-05
288 1.05158e-05
289 6.86298e-06
290 2.38813e-06
291 1.48183e-06
292 2.93224e-07
293 3.20189e-08
294 8.63099e-09
295 8.63099e-09
296 8.63099e-09
297 8.63099e-09
298 8.63099e-09
299 8.63099e-09
300 8.63099e-09
301 8.63099e-09
302 8.63099e-09
303 8.63099e-09
304 8.63099e-09
305 8.63099e-09
306 8.63099e-09
307 8.63099e-09
308 8.63099e-09
309 8.63099e-09
310 8.63099e-09
311 8.63099e-09
312 8.63099e-09
313 8.63099e-09
314 8.63099e-09
315 8.63099e-09
316 8.63099e-09
317 8.63099e-09
318 8.63099e-09
319 8.63099e-09
320 8.63099e-09
321 8.63099e-09
322 8.63099e-09
323 8.63099e-09
324 8.63099e-09
325 8.63099e-09
326 8.63099e-09
327 8.63099e-09
328 8.63099e-09
329 8.63099e-09
330 8.63099e-09
331 8.63099e-09
332 8.63099e-09
333 8.63099e-09
334 8.63099e-09
335 8.63099e-09
336 8.63099e-09
337 8.63099e-09
338 8.63099e-09
339 8.63099e-09
340 8.63099e-09
341 8.63099e-09
342 8.63099e-09
343 8.63099e-09
344 8.63099e-09
345 8.63099e-09
346 8.63099e-09
347 8.63099e-09
348 8.63099e-09
349 8.63099e-09
350 8.63099e-09
351 8.63099e-09
352 8.63099e-09
353 8.63099e-09
354 8.63099e-09
355 8.63099e-09
356 8.63099e-09
357 8.63099e-09
358 8.63099e-09
359 8.63099e-09
360 8.63099e-09
361 8.63099e-09
362 8.63099e-09
363 8.63099e-09
364 8.63099e-09
365 8.63099e-09
366 8.63099e-09
367 8.63099e-09
368 8.63099e-09
369 8.63099e-09
370 8.63099e-09
371 8.63099e-09
372 8.63099e-09
373 8.63099e-09
374 8.63099e-09
375 8.63099e-09
376 8.63099e-09
377 8.63099e-09
378 8.63099e-09
379 8.63099e-09
380 8.63099e-09
381 8.63099e-09
382 8.63099e-09
383 8.63099e-09
384 8.63099e-09
385 8.63099e-09
386 8.63099e-09
387 8.63099e-09
388 8.63099e-09
389 8.63099e-09
390 8.63099e-09
391 8.63099e-09
392 8.63099e-09
393 8.63099e-09
394 8.63099e-09
395 8.63099e-09
396 8.63099e-09
397 8.63099e-09
398 8.63099e-09
399 8.63099e-09
400 8.63099e-09
401 8.63099e-09
402 8.63099e-09
403 8.63099e-09
404 8.63099e-09
405 8.63099e-09
406 8.63099e-09
407 8.63099e-09
408 8.63099e-09
409 8.63099e-09
410 8.63099e-09
411 8.63099e-09
412 8.63099e-09
413 8.63099e-09
414 8.63099e-09
415 8.63099e-09
416 8.63099e-09
417 8.63099e-09
418 8.63099e-09
419 8.63099e-09
420 8.63099e-09
421 8.63099e-09
422 8.63099e-09
423 8.63099e-09
424 8.63099e-09
425 8.63099e-09
426 8.63099e-09
427 8.63099e-09
428 8.63099e-09
429 8.63099e-09
430 8.63099e-09
431 8.63099e-09
432 8.63099e-09
433 8.63099e-09
434 8.63099e-09
435 8.63099e-09
436 8.63099e-09
437 8.63099e-09
438 8.63099e-09
439 8.63099e-09
440 8.63099e-09
441 8.63099e-09
442 8.63099e-09
443 8.63099e-09
444 8.63099e-09
445 8.63099e-09
446 8.63099e-09
447 8.63099e-09
448 8.63099e-09
449 8.63099e-09
450 8.63099e-09
451 8.63099e-09
452 8.63099e-09
453 8.63099e-09
454 8.63099e-09
455 8.63099e-09
456 8.63099e-09
457 8.63099e-09
458 8.63099e-09
459 8.63099e-09
460 8.63099e-09
461 8.63099e-09
462 8.63099e-09
463 8.63099e-09
464 8.63099e-09
465 8.63099e-09
466 8.63099e-09
467 8.63099e-09
468 8.63099e-09
469 8.63099e-09
470 8.63099e-09
471 8.63099e-09
472 8.63099e-09
473 8.63099e-09
474 8.63099e-09
475 8.63099e-09
476 8.63099e-09
477 8.63099e-09
478 8.63099e-09
479 8.63099e-09
480 8.63099e-09
481 8.63099e-09
482 8.63099e-09
483 8.63099e-09
484 8.63099e-09
485 8.63099e-09
486 8.63099e-09
487 8.63099e-09
488 8.63099e-09
489 8.63099e-09
490 8.63099e-09
491 8.63099e-09
492 8.63099e-09
493 8.63099e-09
494 8.63099e-09
495 8.63099e-09
496 8.63099e-09
497 8.63099e-09
498 8.63099e-09
499 8.63099e-09
500 8.63099e-09
501 8.63099e-09
502 8.63099e-09
503 8.63099e-09
504 8.63099e-09
505 8.63099e-09
506 8.63099e-09
507 8.63099e-09
508 8.63099e-09
509 8.63099e-09
510 8.63099e-09
511 8.63099e-09
512 8.63099e-09
513 8.63099e-09
514 8.63099e-09
515 8.63099e-09
516 8.63099e-09
517 8.63099e-09
518 8.63099e-09
519 8.63099e-09
520 8.63099e-09
521 8.63099e-09
522 8.63099e-09
523 8.63099e-09
524 8.63099e-09
525 8.63099e-09
526 8.63099e-09
527 8.63099e-09
528 8.63099e-09
529 8.63099e-09
530 8.63099e-09
531 8.63099e-09
532 8.63099e-09
533 8.63099e-09
534 8.63099e-09
535 8.63099e-09
536 8.63099e-09
537 8.63099e-09
538 8.63099e-09
539 8.63099e-09
540 8.63099e-09
541 8.63099e-09
542 8.63099e-09
