1 1.44863e-09
2 1.44863e-09
3 1.44863e-09
4 1.44863e-09
5 1.44863e-09
6 1.44863e-09
7 1.44863e-09
8 1.44863e-09
9 1.44863e-09
10 1.44863e-09
11 1.44863e-09
12 1.44863e-09
13 1.44863e-09
14 1.44863e-09
15 1.44863e-09
16 1.44863e-09
17 1.44863e-09
18 1.44863e-09
19 1.44863e-09
20 1.44863e-09
21 1.44863e-09
22 1.44863e-09
23 1.44863e-09
24 1.44863e-09
25 1.44863e-09
26 1.44863e-09
27 1.44863e-09
28 1.44863e-09
29 1.44863e-09
30 1.44863e-09
31 1.44863e-09
32 1.44863e-09
33 1.44863e-09
34 1.44863e-09
35 1.44863e-09
36 1.44863e-09
37 1.44863e-09
38 1.44863e-09
39 1.44863e-09
40 1.44863e-09
41 1.44863e-09
42 1.44863e-09
43 1.44863e-09
44 1.44863e-09
45 1.44863e-09
46 1.44863e-09
47 1.44863e-09
48 1.44863e-09
49 1.44863e-09
50 1.44863e-09
51 1.44863e-09
52 1.44863e-09
53 1.44863e-09
54 1.44863e-09
55 1.44863e-09
56 1.44863e-09
57 1.44863e-09
58 1.44863e-09
59 1.44863e-09
60 1.44863e-09
61 1.44863e-09
62 1.44863e-09
63 1.44863e-09
64 1.44863e-09
65 1.44863e-09
66 1.44863e-09
67 1.44863e-09
68 1.44863e-09
69 1.44863e-09
70 1.44863e-09
71 1.44863e-09
72 1.44863e-09
73 1.44863e-09
74 1.44863e-09
75 1.44863e-09
76 1.44863e-09
77 1.44863e-09
78 1.44863e-09
79 1.44863e-09
80 1.44863e-09
81 1.44863e-09
82 1.44863e-09
83 1.44863e-09
84 1.44863e-09
85 1.44863e-09
86 1.44863e-09
87 1.44863e-09
88 1.44863e-09
89 1.44863e-09
90 1.44863e-09
91 1.44863e-09
92 1.44863e-09
93 1.44863e-09
94 1.44863e-09
95 1.44863e-09
96 1.44863e-09
97 1.44863e-09
98 1.44863e-09
99 1.44863e-09
100 1.44863e-09
101 1.44863e-09
102 1.44863e-09
103 1.44863e-09
104 1.44863e-09
105 1.44863e-09
106 1.44863e-09
107 1.44863e-09
108 1.44863e-09
109 1.44863e-09
110 1.44863e-09
111 1.44863e-09
112 1.44863e-09
113 1.44863e-09
114 1.44863e-09
115 1.44863e-09
116 1.44863e-09
117 1.44863e-09
118 1.44863e-09
119 1.44863e-09
120 1.44863e-09
121 1.44863e-09
122 1.44863e-09
123 1.44863e-09
124 1.44863e-09
125 1.44863e-09
126 1.44863e-09
127 1.44863e-09
128 1.44863e-09
129 1.44863e-09
130 1.44863e-09
131 1.44863e-09
132 1.44863e-09
133 1.44863e-09
134 1.44863e-09
135 1.44863e-09
136 1.44863e-09
137 1.44863e-09
138 1.44863e-09
139 1.44863e-09
140 1.44863e-09
141 1.44863e-09
142 1.44863e-09
143 1.44863e-09
144 1.44863e-09
145 1.44863e-09
146 1.44863e-09
147 1.44863e-09
148 1.44863e-09
149 1.44863e-09
150 1.44863e-09
151 1.44863e-09
152 1.44863e-09
153 1.44863e-09
154 1.44863e-09
155 1.44863e-09
156 1.44863e-09
157 1.44863e-09
158 1.44863e-09
159 1.44863e-09
160 1.44863e-09
161 1.44863e-09
162 1.44863e-09
163 1.44863e-09
164 1.44863e-09
165 1.44863e-09
166 1.44863e-09
167 1.44863e-09
168 1.44863e-09
169 1.44863e-09
170 1.44863e-09
171 1.44863e-09
172 1.44863e-09
173 1.44863e-09
174 1.44863e-09
175 1.44863e-09
176 1.44863e-09
177 1.44863e-09
178 1.44863e-09
179 1.44863e-09
180 1.44863e-09
181 1.44863e-09
182 1.44863e-09
183 1.44863e-09
184 1.44863e-09
185 1.44863e-09
186 1.44863e-09
187 1.44863e-09
188 1.44863e-09
189 1.44863e-09
190 1.44863e-09
191 1.44863e-09
192 1.44863e-09
193 1.44863e-09
194 1.44863e-09
195 1.44863e-09
196 1.44863e-09
197 1.44863e-09
198 1.44863e-09
199 1.44863e-09
200 1.44863e-09
201 1.44863e-09
202 1.44863e-09
203 1.44863e-09
204 1.44863e-09
205 1.44863e-09
206 1.44863e-09
207 1.44863e-09
208 1.44863e-09
209 1.44863e-09
210 1.44863e-09
211 1.44863e-09
212 1.44863e-09
213 1.44863e-09
214 1.44863e-09
215 1.44863e-09
216 1.44863e-09
217 1.44863e-09
218 1.44863e-09
219 1.44863e-09
220 1.44863e-09
221 1.44863e-09
222 1.44863e-09
223 1.44863e-09
224 1.44863e-09
225 1.44863e-09
226 1.44863e-09
227 1.44863e-09
228 1.44863e-09
229 1.44863e-09
230 1.44863e-09
231 1.44863e-09
232 1.44863e-09
233 1.44863e-09
234 1.44863e-09
235 1.44863e-09
236 1.44863e-09
237 1.44863e-09
238 1.44863e-09
239 1.44863e-09
240 2.37013e-09
241 8.07895e-09
242 3.60689e-08
243 1.46632e-07
244 5.63287e-07
245 2.16549e-06
246 8.47742e-06
247 3.38993e-05
248 0.000137853
249 0.000565581
250 0.00232143
251 0.00946273
252 0.014697
253 0.0184655
254 0.0330069
255 0.0430418
256 0.0800424
257 0.104379
258 0.119976
259 0.17319
260 0.205444
261 0.309189
262 0.632404
263 0.81041
264 0.905026
265 0.953478
266 0.977339
267 0.988618
268 0.993725
269 0.995927
270 0.996802
271 0.997047
272 0.997737
273 0.997859
274 0.998292
275 0.999145
276 0.99935
277 0.999281
278 0.998975
279 0.998265
280 0.996717
281 0.993388
282 0.986286
283 0.971294
284 0.940088
285 0.876319
286 0.853034
287 0.807752
288 0.722261
289 0.565881
290 0.289052
291 0.202378
292 0.0587411
293 0.0165786
294 0.00456507
295 0.00123223
296 0.000328085
297 8.6816e-05
298 2.30147e-05
299 6.1536e-06
300 1.66453e-06
301 4.53705e-07
302 1.22894e-07
303 3.15749e-08
304 7.24241e-09
305 2.37013e-09
306 1.44863e-09
307 1.44863e-09
308 1.44863e-09
309 1.44863e-09
310 1.44863e-09
311 1.44863e-09
312 1.44863e-09
313 1.44863e-09
314 1.44863e-09
315 1.44863e-09
316 1.44863e-09
317 1.44863e-09
318 1.44863e-09
319 1.44863e-09
320 1.44863e-09
321 1.44863e-09
322 1.44863e-09
323 1.44863e-09
324 1.44863e-09
325 1.44863e-09
326 1.44863e-09
327 1.44863e-09
328 1.44863e-09
329 1.44863e-09
330 1.44863e-09
331 1.44863e-09
332 1.44863e-09
333 1.44863e-09
334 1.44863e-09
335 1.44863e-09
336 1.44863e-09
337 1.44863e-09
338 1.44863e-09
339 1.44863e-09
340 1.44863e-09
341 1.44863e-09
342 1.44863e-09
343 1.44863e-09
344 1.44863e-09
345 1.44863e-09
346 1.44863e-09
347 1.44863e-09
348 1.44863e-09
349 1.44863e-09
350 1.44863e-09
351 1.44863e-09
352 1.44863e-09
353 1.44863e-09
354 1.44863e-09
355 1.44863e-09
356 1.44863e-09
357 1.44863e-09
358 1.44863e-09
359 1.44863e-09
360 1.44863e-09
361 1.44863e-09
362 1.44863e-09
363 1.44863e-09
364 1.44863e-09
365 1.44863e-09
366 1.44863e-09
367 1.44863e-09
368 1.44863e-09
369 1.44863e-09
370 1.44863e-09
371 1.44863e-09
372 1.44863e-09
373 1.44863e-09
374 1.44863e-09
375 1.44863e-09
376 1.44863e-09
377 1.44863e-09
378 1.44863e-09
379 1.44863e-09
380 1.44863e-09
381 1.44863e-09
382 1.44863e-09
383 1.44863e-09
384 1.44863e-09
385 1.44863e-09
386 1.44863e-09
387 1.44863e-09
388 1.44863e-09
389 1.44863e-09
390 1.44863e-09
391 1.44863e-09
392 1.44863e-09
393 1.44863e-09
394 1.44863e-09
395 1.44863e-09
396 1.44863e-09
397 1.44863e-09
398 1.44863e-09
399 1.44863e-09
400 1.44863e-09
401 1.44863e-09
402 1.44863e-09
403 1.44863e-09
404 1.44863e-09
405 1.44863e-09
406 1.44863e-09
407 1.44863e-09
408 1.44863e-09
409 1.44863e-09
410 1.44863e-09
411 1.44863e-09
412 1.44863e-09
413 1.44863e-09
414 1.44863e-09
415 1.44863e-09
416 1.44863e-09
417 1.44863e-09
418 1.44863e-09
419 1.44863e-09
420 1.44863e-09
421 1.44863e-09
422 1.44863e-09
423 1.44863e-09
424 1.44863e-09
425 1.44863e-09
426 1.44863e-09
427 1.44863e-09
428 1.44863e-09
429 1.44863e-09
430 1.44863e-09
431 1.44863e-09
432 1.44863e-09
433 1.44863e-09
434 1.44863e-09
435 1.44863e-09
436 1.44863e-09
437 1.44863e-09
438 1.44863e-09
439 1.44863e-09
440 1.44863e-09
441 1.44863e-09
442 1.44863e-09
443 1.44863e-09
444 1.44863e-09
445 1.44863e-09
446 1.44863e-09
447 1.44863e-09
448 1.44863e-09
449 1.44863e-09
450 1.44863e-09
451 1.44863e-09
452 1.44863e-09
453 1.44863e-09
454 1.44863e-09
455 1.44863e-09
456 1.44863e-09
457 1.44863e-09
458 1.44863e-09
459 1.44863e-09
460 1.44863e-09
461 1.44863e-09
462 1.44863e-09
463 1.44863e-09
464 1.44863e-09
465 1.44863e-09
466 1.44863e-09
467 1.44863e-09
468 1.44863e-09
469 1.44863e-09
470 1.44863e-09
471 1.44863e-09
472 1.44863e-09
473 1.44863e-09
474 1.44863e-09
475 1.44863e-09
476 1.44863e-09
477 1.44863e-09
478 1.44863e-09
479 1.44863e-09
480 1.44863e-09
481 1.44863e-09
482 1.44863e-09
483 1.44863e-09
484 1.44863e-09
485 1.44863e-09
486 1.44863e-09
487 1.44863e-09
488 1.44863e-09
489 1.44863e-09
490 1.44863e-09
491 1.44863e-09
492 1.44863e-09
493 1.44863e-09
494 1.44863e-09
495 1.44863e-09
496 1.44863e-09
497 1.44863e-09
498 1.44863e-09
499 1.44863e-09
500 1.44863e-09
501 1.44863e-09
502 1.44863e-09
503 1.44863e-09
504 1.44863e-09
505 1.44863e-09
506 1.44863e-09
507 1.44863e-09
508 1.44863e-09
509 1.44863e-09
510 1.44863e-09
511 1.44863e-09
512 1.44863e-09
513 1.44863e-09
514 1.44863e-09
515 1.44863e-09
516 1.44863e-09
517 1.44863e-09
518 1.44863e-09
519 1.44863e-09
520 1.44863e-09
521 1.44863e-09
522 1.44863e-09
523 1.44863e-09
524 1.44863e-09
525 1.44863e-09
526 1.44863e-09
527 1.44863e-09
528 1.44863e-09
529 1.44863e-09
530 1.44863e-09
531 1.44863e-09
532 1.44863e-09
533 1.44863e-09
534 1.44863e-09
535 1.44863e-09
536 1.44863e-09
537 1.44863e-09
538 1.44863e-09
539 1.44863e-09
540 1.44863e-09
541 1.44863e-09
542 1.44863e-09
