1 4.29954e-09
2 4.29954e-09
3 4.29954e-09
4 4.29954e-09
5 4.29954e-09
6 4.29954e-09
7 4.29954e-09
8 4.29954e-09
9 4.29954e-09
10 4.29954e-09
11 4.29954e-09
12 4.29954e-09
13 4.29954e-09
14 4.29954e-09
15 4.29954e-09
16 4.29954e-09
17 4.29954e-09
18 4.29954e-09
19 4.29954e-09
20 4.29954e-09
21 4.29954e-09
22 4.29954e-09
23 4.29954e-09
24 4.29954e-09
25 4.29954e-09
26 4.29954e-09
27 4.29954e-09
28 4.29954e-09
29 4.29954e-09
30 4.29954e-09
31 4.29954e-09
32 4.29954e-09
33 4.29954e-09
34 4.29954e-09
35 4.29954e-09
36 4.29954e-09
37 4.29954e-09
38 4.29954e-09
39 4.29954e-09
40 4.29954e-09
41 4.29954e-09
42 4.29954e-09
43 4.29954e-09
44 4.29954e-09
45 4.29954e-09
46 4.29954e-09
47 4.29954e-09
48 4.29954e-09
49 4.29954e-09
50 4.29954e-09
51 4.29954e-09
52 4.29954e-09
53 4.29954e-09
54 4.29954e-09
55 4.29954e-09
56 4.29954e-09
57 4.29954e-09
58 4.29954e-09
59 4.29954e-09
60 4.29954e-09
61 4.29954e-09
62 4.29954e-09
63 4.29954e-09
64 4.29954e-09
65 4.29954e-09
66 4.29954e-09
67 4.29954e-09
68 4.29954e-09
69 4.29954e-09
70 4.29954e-09
71 4.29954e-09
72 4.29954e-09
73 4.29954e-09
74 4.29954e-09
75 4.29954e-09
76 4.29954e-09
77 4.29954e-09
78 4.29954e-09
79 4.29954e-09
80 4.29954e-09
81 4.29954e-09
82 4.29954e-09
83 4.29954e-09
84 4.29954e-09
85 4.29954e-09
86 4.29954e-09
87 4.29954e-09
88 4.29954e-09
89 4.29954e-09
90 4.29954e-09
91 4.29954e-09
92 4.29954e-09
93 4.29954e-09
94 4.29954e-09
95 4.29954e-09
96 4.29954e-09
97 4.29954e-09
98 4.29954e-09
99 4.29954e-09
100 4.29954e-09
101 4.29954e-09
102 4.29954e-09
103 4.29954e-09
104 4.29954e-09
105 4.29954e-09
106 4.29954e-09
107 4.29954e-09
108 4.29954e-09
109 4.29954e-09
110 4.29954e-09
111 4.29954e-09
112 4.29954e-09
113 4.29954e-09
114 4.29954e-09
115 4.29954e-09
116 4.29954e-09
117 4.29954e-09
118 4.29954e-09
119 4.29954e-09
120 4.29954e-09
121 4.29954e-09
122 4.29954e-09
123 4.29954e-09
124 4.29954e-09
125 4.29954e-09
126 4.29954e-09
127 4.29954e-09
128 4.29954e-09
129 4.29954e-09
130 4.29954e-09
131 4.29954e-09
132 4.29954e-09
133 4.29954e-09
134 4.29954e-09
135 4.29954e-09
136 4.29954e-09
137 4.29954e-09
138 4.29954e-09
139 4.29954e-09
140 4.29954e-09
141 4.29954e-09
142 4.29954e-09
143 4.29954e-09
144 4.29954e-09
145 4.29954e-09
146 4.29954e-09
147 4.29954e-09
148 4.29954e-09
149 4.29954e-09
150 4.29954e-09
151 4.29954e-09
152 4.29954e-09
153 4.29954e-09
154 4.29954e-09
155 4.29954e-09
156 4.29954e-09
157 4.29954e-09
158 4.29954e-09
159 4.29954e-09
160 4.29954e-09
161 4.29954e-09
162 4.29954e-09
163 4.29954e-09
164 4.29954e-09
165 4.29954e-09
166 4.29954e-09
167 4.29954e-09
168 4.29954e-09
169 4.29954e-09
170 4.29954e-09
171 4.29954e-09
172 4.29954e-09
173 4.29954e-09
174 4.29954e-09
175 4.29954e-09
176 4.29954e-09
177 4.29954e-09
178 4.29954e-09
179 4.29954e-09
180 4.29954e-09
181 4.29954e-09
182 4.29954e-09
183 4.29954e-09
184 4.29954e-09
185 4.29954e-09
186 4.29954e-09
187 4.29954e-09
188 4.29954e-09
189 4.29954e-09
190 4.29954e-09
191 4.29954e-09
192 4.29954e-09
193 4.29954e-09
194 4.29954e-09
195 4.29954e-09
196 4.29954e-09
197 4.29954e-09
198 4.29954e-09
199 4.29954e-09
200 4.29954e-09
201 4.29954e-09
202 4.29954e-09
203 4.29954e-09
204 4.29954e-09
205 4.29954e-09
206 4.29954e-09
207 4.29954e-09
208 4.29954e-09
209 4.29954e-09
210 4.29954e-09
211 4.29954e-09
212 4.29954e-09
213 4.29954e-09
214 4.29954e-09
215 4.29954e-09
216 4.29954e-09
217 4.29954e-09
218 4.29954e-09
219 4.29954e-09
220 4.29954e-09
221 4.29954e-09
222 4.29954e-09
223 4.29954e-09
224 4.29954e-09
225 4.29954e-09
226 4.29954e-09
227 4.29954e-09
228 4.29954e-09
229 4.29954e-09
230 4.29954e-09
231 4.29954e-09
232 4.29954e-09
233 4.29954e-09
234 4.29954e-09
235 4.29954e-09
236 4.29954e-09
237 4.29954e-09
238 4.29954e-09
239 4.29954e-09
240 4.29954e-09
241 4.29954e-09
242 4.29954e-09
243 4.29954e-09
244 4.29954e-09
245 4.29954e-09
246 4.29954e-09
247 4.29954e-09
248 4.29954e-09
249 4.29954e-09
250 1.24997e-08
251 6.23872e-08
252 6.63595e-08
253 2.42735e-08
254 4.70642e-08
255 2.42735e-08
256 6.99331e-08
257 6.99331e-08
258 2.42735e-08
259 3.95182e-08
260 8.52739e-09
261 1.60733e-08
262 1.5674e-07
263 2.67558e-07
264 3.46898e-07
265 3.93734e-07
266 4.10604e-07
267 3.93734e-07
268 3.46898e-07
269 2.71131e-07
270 1.64286e-07
271 2.78471e-08
272 3.95182e-08
273 8.52739e-09
274 1.60733e-08
275 1.61348e-07
276 2.7857e-07
277 3.66519e-07
278 4.24531e-07
279 4.55395e-07
280 4.55395e-07
281 4.24531e-07
282 3.66519e-07
283 2.82144e-07
284 1.72468e-07
285 3.89667e-08
286 1.10807e-07
287 1.47459e-07
288 1.47459e-07
289 1.07234e-07
290 2.78471e-08
291 3.95182e-08
292 8.52739e-09
293 4.29954e-09
294 4.29954e-09
295 4.29954e-09
296 4.29954e-09
297 4.29954e-09
298 4.29954e-09
299 4.29954e-09
300 4.29954e-09
301 4.29954e-09
302 4.29954e-09
303 4.29954e-09
304 4.29954e-09
305 4.29954e-09
306 4.29954e-09
307 4.29954e-09
308 4.29954e-09
309 4.29954e-09
310 4.29954e-09
311 4.29954e-09
312 4.29954e-09
313 4.29954e-09
314 4.29954e-09
315 4.29954e-09
316 4.29954e-09
317 4.29954e-09
318 4.29954e-09
319 4.29954e-09
320 4.29954e-09
321 4.29954e-09
322 4.29954e-09
323 4.29954e-09
324 4.29954e-09
325 4.29954e-09
326 4.29954e-09
327 4.29954e-09
328 4.29954e-09
329 4.29954e-09
330 4.29954e-09
331 4.29954e-09
332 4.29954e-09
333 4.29954e-09
334 4.29954e-09
335 4.29954e-09
336 4.29954e-09
337 4.29954e-09
338 4.29954e-09
339 4.29954e-09
340 4.29954e-09
341 4.29954e-09
342 4.29954e-09
343 4.29954e-09
344 4.29954e-09
345 4.29954e-09
346 4.29954e-09
347 4.29954e-09
348 4.29954e-09
349 4.29954e-09
350 4.29954e-09
351 4.29954e-09
352 4.29954e-09
353 4.29954e-09
354 4.29954e-09
355 4.29954e-09
356 4.29954e-09
357 4.29954e-09
358 4.29954e-09
359 4.29954e-09
360 4.29954e-09
361 4.29954e-09
362 4.29954e-09
363 4.29954e-09
364 4.29954e-09
365 4.29954e-09
366 4.29954e-09
367 4.29954e-09
368 4.29954e-09
369 4.29954e-09
370 4.29954e-09
371 4.29954e-09
372 4.29954e-09
373 4.29954e-09
374 4.29954e-09
375 4.29954e-09
376 4.29954e-09
377 4.29954e-09
378 4.29954e-09
379 4.29954e-09
380 4.29954e-09
381 4.29954e-09
382 4.29954e-09
383 4.29954e-09
384 4.29954e-09
385 4.29954e-09
386 4.29954e-09
387 4.29954e-09
388 4.29954e-09
389 4.29954e-09
390 4.29954e-09
391 4.29954e-09
392 4.29954e-09
393 4.29954e-09
394 4.29954e-09
395 4.29954e-09
396 4.29954e-09
397 4.29954e-09
398 4.29954e-09
399 4.29954e-09
400 4.29954e-09
401 4.29954e-09
402 4.29954e-09
403 4.29954e-09
404 4.29954e-09
405 4.29954e-09
406 4.29954e-09
407 4.29954e-09
408 4.29954e-09
409 4.29954e-09
410 4.29954e-09
411 4.29954e-09
412 4.29954e-09
413 4.29954e-09
414 4.29954e-09
415 4.29954e-09
416 4.29954e-09
417 4.29954e-09
418 4.29954e-09
419 4.29954e-09
420 4.29954e-09
421 4.29954e-09
422 4.29954e-09
423 4.29954e-09
424 4.29954e-09
425 4.29954e-09
426 4.29954e-09
427 4.29954e-09
428 4.29954e-09
429 4.29954e-09
430 4.29954e-09
431 4.29954e-09
432 4.29954e-09
433 4.29954e-09
434 4.29954e-09
435 4.29954e-09
436 4.29954e-09
437 4.29954e-09
438 4.29954e-09
439 4.29954e-09
440 4.29954e-09
441 4.29954e-09
442 4.29954e-09
443 4.29954e-09
444 4.29954e-09
445 4.29954e-09
446 4.29954e-09
447 4.29954e-09
448 4.29954e-09
449 4.29954e-09
450 4.29954e-09
451 4.29954e-09
452 4.29954e-09
453 4.29954e-09
454 4.29954e-09
455 4.29954e-09
456 4.29954e-09
457 4.29954e-09
458 4.29954e-09
459 4.29954e-09
460 4.29954e-09
461 4.29954e-09
462 4.29954e-09
463 4.29954e-09
464 4.29954e-09
465 4.29954e-09
466 4.29954e-09
467 4.29954e-09
468 4.29954e-09
469 4.29954e-09
470 4.29954e-09
471 4.29954e-09
472 4.29954e-09
473 4.29954e-09
474 4.29954e-09
475 4.29954e-09
476 4.29954e-09
477 4.29954e-09
478 4.29954e-09
479 4.29954e-09
480 4.29954e-09
481 4.29954e-09
482 4.29954e-09
483 4.29954e-09
484 4.29954e-09
485 4.29954e-09
486 4.29954e-09
487 4.29954e-09
488 4.29954e-09
489 4.29954e-09
490 4.29954e-09
491 4.29954e-09
492 4.29954e-09
493 4.29954e-09
494 4.29954e-09
495 4.29954e-09
496 4.29954e-09
497 4.29954e-09
498 4.29954e-09
499 4.29954e-09
500 4.29954e-09
501 4.29954e-09
502 4.29954e-09
503 4.29954e-09
504 4.29954e-09
505 4.29954e-09
506 4.29954e-09
507 4.29954e-09
508 4.29954e-09
509 4.29954e-09
510 4.29954e-09
511 4.29954e-09
512 4.29954e-09
513 4.29954e-09
514 4.29954e-09
515 4.29954e-09
516 4.29954e-09
517 4.29954e-09
518 4.29954e-09
519 4.29954e-09
520 4.29954e-09
521 4.29954e-09
522 4.29954e-09
523 4.29954e-09
524 4.29954e-09
525 4.29954e-09
526 4.29954e-09
527 4.29954e-09
528 4.29954e-09
529 4.29954e-09
530 4.29954e-09
531 4.29954e-09
532 4.29954e-09
533 4.29954e-09
534 4.29954e-09
535 4.29954e-09
536 4.29954e-09
537 4.29954e-09
538 4.29954e-09
539 4.29954e-09
540 4.29954e-09
541 4.29954e-09
542 4.29954e-09
