1 11.9556
2 11.9556
3 11.9556
4 11.9556
5 11.9556
6 11.9556
7 11.9556
8 11.9556
9 11.9556
10 11.9556
11 11.9556
12 11.9556
13 11.9556
14 11.9556
15 11.9556
16 11.9556
17 11.9556
18 11.9556
19 11.9556
20 11.9556
21 11.9556
22 11.9556
23 11.9556
24 11.9556
25 11.9556
26 11.9556
27 11.9556
28 11.9556
29 11.9556
30 11.9556
31 11.9556
32 11.9556
33 11.9556
34 11.9556
35 11.9556
36 11.9556
37 11.9556
38 11.9556
39 11.9556
40 11.9556
41 11.9556
42 11.9556
43 11.9556
44 11.9556
45 11.9556
46 11.9556
47 11.9556
48 11.9556
49 11.9556
50 11.9556
51 11.9556
52 11.9556
53 11.9556
54 11.9556
55 11.9556
56 11.9556
57 11.9556
58 11.9556
59 11.9556
60 11.9556
61 11.9556
62 11.9556
63 11.9556
64 11.9556
65 11.9556
66 11.9556
67 11.9556
68 11.9556
69 11.9556
70 11.9556
71 11.9556
72 11.9556
73 11.9556
74 11.9556
75 11.9556
76 11.9556
77 11.9556
78 11.9556
79 11.9556
80 11.9556
81 11.9556
82 11.9556
83 11.9556
84 11.9556
85 11.9556
86 11.9556
87 11.9556
88 11.9556
89 11.9556
90 11.9556
91 11.9556
92 11.9616
93 11.9695
94 11.9702
95 11.9593
96 11.8383
97 11.4644
98 10.769
99 9.90365
100 9.04563
101 8.26512
102 8.25163
103 7.99702
104 7.5494
105 7.06662
106 7.09624
107 7.04793
108 7.08123
109 7.08964
110 7.06524
111 7.03191
112 7.26884
113 7.37041
114 7.33649
115 7.91672
116 8.56524
117 9.29173
118 10.1086
119 10.9873
120 11.714
121 12
122 11.9973
123 11.9616
124 11.9556
125 11.9556
126 11.9556
127 11.9556
128 11.9556
129 11.9556
130 11.9556
131 11.9556
132 11.9556
133 11.9556
134 11.9556
135 11.9556
136 11.9556
137 11.9556
138 11.9556
139 11.9556
140 11.9556
141 11.9556
142 11.9556
143 11.9556
144 11.9556
145 11.9556
146 11.9556
147 11.9556
148 11.9556
149 11.9556
150 11.9556
151 11.9556
152 11.9556
153 11.9556
154 11.9556
155 11.9556
156 11.9556
157 11.9556
158 11.9556
159 11.9556
160 11.9556
161 11.9556
162 11.9556
163 11.9556
164 11.9556
165 11.9556
166 11.9556
167 11.9556
168 11.9556
169 11.9556
170 11.9556
171 11.9556
172 11.9556
173 11.9556
174 11.9556
175 11.9556
176 11.9556
177 11.9556
178 11.9556
179 11.9556
180 11.9556
181 11.9556
182 11.9556
183 11.9556
184 11.9556
185 11.9556
186 11.9556
187 11.9556
188 11.9556
189 11.9556
190 11.9556
191 11.9556
192 11.9556
193 11.9556
194 11.9556
195 11.9556
196 11.9556
197 11.9556
198 11.9556
199 11.9556
200 11.9556
201 11.9556
202 11.9556
203 11.9556
204 11.9556
205 11.9556
206 11.9556
207 11.9556
208 11.9556
209 11.9556
210 11.9556
211 11.9556
212 11.9556
213 11.9556
214 11.9556
