1 11.9287
2 11.9287
3 11.9287
4 11.9287
5 11.9287
6 11.9287
7 11.9287
8 11.9287
9 11.9287
10 11.9287
11 11.9287
12 11.9287
13 11.9287
14 11.9287
15 11.9287
16 11.9287
17 11.9287
18 11.9287
19 11.9287
20 11.9287
21 11.9287
22 11.9287
23 11.9287
24 11.9287
25 11.9287
26 11.9287
27 11.9287
28 11.9287
29 11.9287
30 11.9287
31 11.9287
32 11.9287
33 11.9287
34 11.9287
35 11.9287
36 11.9287
37 11.9287
38 11.9287
39 11.9287
40 11.9287
41 11.9287
42 11.9287
43 11.9287
44 11.9287
45 11.9287
46 11.9287
47 11.9287
48 11.9287
49 11.9287
50 11.9287
51 11.9287
52 11.9287
53 11.9287
54 11.9287
55 11.9287
56 11.9287
57 11.9287
58 11.9287
59 11.9287
60 11.9287
61 11.9287
62 11.9287
63 11.9287
64 11.9287
65 11.9287
66 11.9287
67 11.9287
68 11.9287
69 11.9287
70 11.9287
71 11.9287
72 11.9287
73 11.9287
74 11.9287
75 11.9287
76 11.9287
77 11.9287
78 11.9287
79 11.9287
80 11.9287
81 11.9287
82 11.9287
83 11.9287
84 11.9287
85 11.9287
86 11.9287
87 11.9287
88 11.9287
89 11.9287
90 11.9287
91 11.9326
92 11.9428
93 11.9523
94 11.9653
95 11.9355
96 11.755
97 11.269
98 10.4844
99 9.60041
100 8.76333
101 8.01292
102 8.01038
103 7.78415
104 7.37187
105 6.91754
106 6.94851
107 6.90932
108 6.94212
109 6.94999
110 6.92595
111 6.89088
112 7.10166
113 7.18707
114 7.14972
115 7.70742
116 8.33164
117 9.03126
118 9.82091
119 10.6971
120 11.5143
121 11.946
122 12
123 11.9574
124 11.9326
125 11.9287
126 11.9287
127 11.9287
128 11.9287
129 11.9287
130 11.9287
131 11.9287
132 11.9287
133 11.9287
134 11.9287
135 11.9287
136 11.9287
137 11.9287
138 11.9287
139 11.9287
140 11.9287
141 11.9287
142 11.9287
143 11.9287
144 11.9287
145 11.9287
146 11.9287
147 11.9287
148 11.9287
149 11.9287
150 11.9287
151 11.9287
152 11.9287
153 11.9287
154 11.9287
155 11.9287
156 11.9287
157 11.9287
158 11.9287
159 11.9287
160 11.9287
161 11.9287
162 11.9287
163 11.9287
164 11.9287
165 11.9287
166 11.9287
167 11.9287
168 11.9287
169 11.9287
170 11.9287
171 11.9287
172 11.9287
173 11.9287
174 11.9287
175 11.9287
176 11.9287
177 11.9287
178 11.9287
179 11.9287
180 11.9287
181 11.9287
182 11.9287
183 11.9287
184 11.9287
185 11.9287
186 11.9287
187 11.9287
188 11.9287
189 11.9287
190 11.9287
191 11.9287
192 11.9287
193 11.9287
194 11.9287
195 11.9287
196 11.9287
197 11.9287
198 11.9287
199 11.9287
200 11.9287
201 11.9287
202 11.9287
203 11.9287
204 11.9287
205 11.9287
206 11.9287
207 11.9287
208 11.9287
209 11.9287
210 11.9287
211 11.9287
212 11.9287
213 11.9287
214 11.9287
