1 11.9288
2 11.9288
3 11.9288
4 11.9288
5 11.9288
6 11.9288
7 11.9288
8 11.9288
9 11.9288
10 11.9288
11 11.9288
12 11.9288
13 11.9288
14 11.9288
15 11.9288
16 11.9288
17 11.9288
18 11.9288
19 11.9288
20 11.9288
21 11.9288
22 11.9288
23 11.9288
24 11.9288
25 11.9288
26 11.9288
27 11.9288
28 11.9288
29 11.9288
30 11.9288
31 11.9288
32 11.9288
33 11.9288
34 11.9288
35 11.9288
36 11.9288
37 11.9288
38 11.9288
39 11.9288
40 11.9288
41 11.9288
42 11.9288
43 11.9288
44 11.9288
45 11.9288
46 11.9288
47 11.9288
48 11.9288
49 11.9288
50 11.9288
51 11.9288
52 11.9288
53 11.9288
54 11.9288
55 11.9288
56 11.9288
57 11.9288
58 11.9288
59 11.9288
60 11.9288
61 11.9288
62 11.9288
63 11.9288
64 11.9288
65 11.9288
66 11.9288
67 11.9288
68 11.9288
69 11.9288
70 11.9288
71 11.9288
72 11.9288
73 11.9288
74 11.9288
75 11.9288
76 11.9288
77 11.9288
78 11.9288
79 11.9288
80 11.9288
81 11.9288
82 11.9288
83 11.9288
84 11.9288
85 11.9288
86 11.9288
87 11.9288
88 11.9288
89 11.9288
90 11.9288
91 11.9288
92 11.9288
93 11.9373
94 11.9541
95 11.9545
96 11.938
97 11.8025
98 11.423
99 10.7467
100 9.90012
101 9.04648
102 8.99147
103 8.64198
104 8.08282
105 7.51202
106 7.53465
107 7.45032
108 7.48329
109 7.49321
110 7.46851
111 7.44229
112 7.76539
113 7.92334
114 7.90347
115 8.55491
116 9.28033
117 10.0871
118 10.9504
119 11.689
120 12
121 11.9857
122 11.9373
123 11.9288
124 11.9288
125 11.9288
126 11.9288
127 11.9288
128 11.9288
129 11.9288
130 11.9288
131 11.9288
132 11.9288
133 11.9288
134 11.9288
135 11.9288
136 11.9288
137 11.9288
138 11.9288
139 11.9288
140 11.9288
141 11.9288
142 11.9288
143 11.9288
144 11.9288
145 11.9288
146 11.9288
147 11.9288
148 11.9288
149 11.9288
150 11.9288
151 11.9288
152 11.9288
153 11.9288
154 11.9288
155 11.9288
156 11.9288
157 11.9288
158 11.9288
159 11.9288
160 11.9288
161 11.9288
162 11.9288
163 11.9288
164 11.9288
165 11.9288
166 11.9288
167 11.9288
168 11.9288
169 11.9288
170 11.9288
171 11.9288
172 11.9288
173 11.9288
174 11.9288
175 11.9288
176 11.9288
177 11.9288
178 11.9288
179 11.9288
180 11.9288
181 11.9288
182 11.9288
183 11.9288
184 11.9288
185 11.9288
186 11.9288
187 11.9288
188 11.9288
189 11.9288
190 11.9288
191 11.9288
192 11.9288
193 11.9288
194 11.9288
195 11.9288
196 11.9288
197 11.9288
198 11.9288
199 11.9288
200 11.9288
201 11.9288
202 11.9288
203 11.9288
204 11.9288
205 11.9288
206 11.9288
207 11.9288
208 11.9288
209 11.9288
210 11.9288
211 11.9288
212 11.9288
213 11.9288
214 11.9288
