1 11.9847
2 11.9847
3 11.9847
4 11.9847
5 11.9847
6 11.9847
7 11.9847
8 11.9847
9 11.9847
10 11.9847
11 11.9847
12 11.9847
13 11.9847
14 11.9847
15 11.9847
16 11.9847
17 11.9847
18 11.9847
19 11.9847
20 11.9847
21 11.9847
22 11.9847
23 11.9847
24 11.9847
25 11.9847
26 11.9847
27 11.9847
28 11.9847
29 11.9847
30 11.9847
31 11.9847
32 11.9847
33 11.9847
34 11.9847
35 11.9847
36 11.9847
37 11.9847
38 11.9847
39 11.9847
40 11.9847
41 11.9847
42 11.9847
43 11.9847
44 11.9847
45 11.9847
46 11.9847
47 11.9847
48 11.9847
49 11.9847
50 11.9847
51 11.9847
52 11.9847
53 11.9847
54 11.9847
55 11.9847
56 11.9847
57 11.9847
58 11.9847
59 11.9847
60 11.9847
61 11.9847
62 11.9847
63 11.9847
64 11.9847
65 11.9847
66 11.9847
67 11.9847
68 11.9847
69 11.9847
70 11.9847
71 11.9847
72 11.9847
73 11.9848
74 11.9851
75 11.9856
76 11.987
77 11.9902
78 11.9957
79 12
80 11.9758
81 11.8124
82 11.2902
83 10.3827
84 9.4118
85 8.57956
86 7.88485
87 7.28728
88 6.76024
89 6.28964
90 5.86744
91 5.48818
92 5.14772
93 4.84318
94 4.57323
95 4.33818
96 4.13932
97 3.97773
98 3.8528
99 3.76142
100 3.698
101 3.6556
102 3.68394
103 3.71113
104 3.73691
105 3.76124
106 3.77126
107 3.78117
108 3.78386
109 3.78386
110 3.78117
111 3.77127
112 3.74749
113 3.72249
114 3.6965
115 3.74532
116 3.81623
117 3.91538
118 4.04629
119 4.20843
120 4.39741
121 4.60717
122 4.83329
123 5.07546
124 5.33766
125 5.6265
126 5.94893
127 6.31094
128 6.71752
129 7.17388
130 7.68815
131 8.27658
132 8.97095
133 9.81242
134 10.7625
135 11.5447
136 11.9096
137 11.9952
138 11.9983
139 11.9913
140 11.9871
141 11.9853
142 11.9848
143 11.9847
144 11.9847
145 11.9847
146 11.9847
147 11.9847
148 11.9847
149 11.9847
150 11.9847
151 11.9847
152 11.9847
153 11.9847
154 11.9847
155 11.9847
156 11.9847
157 11.9847
158 11.9847
159 11.9847
160 11.9847
161 11.9847
162 11.9847
163 11.9847
164 11.9847
165 11.9847
166 11.9847
167 11.9847
168 11.9847
169 11.9847
170 11.9847
171 11.9847
172 11.9847
173 11.9847
174 11.9847
175 11.9847
176 11.9847
177 11.9847
178 11.9847
179 11.9847
180 11.9847
181 11.9847
182 11.9847
183 11.9847
184 11.9847
185 11.9847
186 11.9847
187 11.9847
188 11.9847
189 11.9847
190 11.9847
191 11.9847
192 11.9847
193 11.9847
194 11.9847
195 11.9847
196 11.9847
197 11.9847
198 11.9847
199 11.9847
200 11.9847
201 11.9847
202 11.9847
203 11.9847
204 11.9847
205 11.9847
206 11.9847
207 11.9847
208 11.9847
209 11.9847
210 11.9847
211 11.9847
212 11.9847
213 11.9847
214 11.9847
