1 11.9186
2 11.9186
3 11.9186
4 11.9186
5 11.9186
6 11.9186
7 11.9186
8 11.9186
9 11.9186
10 11.9186
11 11.9186
12 11.9186
13 11.9186
14 11.9186
15 11.9186
16 11.9186
17 11.9186
18 11.9186
19 11.9186
20 11.9186
21 11.9186
22 11.9186
23 11.9186
24 11.9186
25 11.9186
26 11.9186
27 11.9186
28 11.9186
29 11.9186
30 11.9186
31 11.9186
32 11.9186
33 11.9186
34 11.9186
35 11.9186
36 11.9186
37 11.9186
38 11.9186
39 11.9186
40 11.9186
41 11.9186
42 11.9186
43 11.9186
44 11.9186
45 11.9186
46 11.9186
47 11.9186
48 11.9186
49 11.9186
50 11.9186
51 11.9186
52 11.9186
53 11.9186
54 11.9186
55 11.9186
56 11.9186
57 11.9186
58 11.9186
59 11.9186
60 11.9186
61 11.9186
62 11.9186
63 11.9186
64 11.9186
65 11.9186
66 11.9186
67 11.9186
68 11.9186
69 11.9186
70 11.9186
71 11.9186
72 11.9186
73 11.9186
74 11.9186
75 11.9186
76 11.9186
77 11.9186
78 11.9186
79 11.9186
80 11.9186
81 11.9186
82 11.9186
83 11.9186
84 11.9186
85 11.9186
86 11.9186
87 11.9186
88 11.9186
89 11.9186
90 11.9186
91 11.9186
92 11.9244
93 11.9378
94 11.9455
95 11.9497
96 11.8776
97 11.6015
98 11.0083
99 10.1812
100 9.30963
101 8.49942
102 8.47323
103 8.18824
104 7.70405
105 7.19221
106 7.22003
107 7.16124
108 7.19477
109 7.20371
110 7.17908
111 7.14781
112 7.41232
113 7.53139
114 7.50152
115 8.10512
116 8.77922
117 9.53424
118 10.3772
119 11.2403
120 11.8439
121 12
122 11.9597
123 11.9244
124 11.9186
125 11.9186
126 11.9186
127 11.9186
128 11.9186
129 11.9186
130 11.9186
131 11.9186
132 11.9186
133 11.9186
134 11.9186
135 11.9186
136 11.9186
137 11.9186
138 11.9186
139 11.9186
140 11.9186
141 11.9186
142 11.9186
143 11.9186
144 11.9186
145 11.9186
146 11.9186
147 11.9186
148 11.9186
149 11.9186
150 11.9186
151 11.9186
152 11.9186
153 11.9186
154 11.9186
155 11.9186
156 11.9186
157 11.9186
158 11.9186
159 11.9186
160 11.9186
161 11.9186
162 11.9186
163 11.9186
164 11.9186
165 11.9186
166 11.9186
167 11.9186
168 11.9186
169 11.9186
170 11.9186
171 11.9186
172 11.9186
173 11.9186
174 11.9186
175 11.9186
176 11.9186
177 11.9186
178 11.9186
179 11.9186
180 11.9186
181 11.9186
182 11.9186
183 11.9186
184 11.9186
185 11.9186
186 11.9186
187 11.9186
188 11.9186
189 11.9186
190 11.9186
191 11.9186
192 11.9186
193 11.9186
194 11.9186
195 11.9186
196 11.9186
197 11.9186
198 11.9186
199 11.9186
200 11.9186
201 11.9186
202 11.9186
203 11.9186
204 11.9186
205 11.9186
206 11.9186
207 11.9186
208 11.9186
209 11.9186
210 11.9186
211 11.9186
212 11.9186
213 11.9186
214 11.9186
