1 11.9348
2 11.9348
3 11.9348
4 11.9348
5 11.9348
6 11.9348
7 11.9348
8 11.9348
9 11.9348
10 11.9348
11 11.9348
12 11.9348
13 11.9348
14 11.9348
15 11.9348
16 11.9348
17 11.9348
18 11.9348
19 11.9348
20 11.9348
21 11.9348
22 11.9348
23 11.9348
24 11.9348
25 11.9348
26 11.9348
27 11.9348
28 11.9348
29 11.9348
30 11.9348
31 11.9348
32 11.9348
33 11.9348
34 11.9348
35 11.9348
36 11.9348
37 11.9348
38 11.9348
39 11.9348
40 11.9348
41 11.9348
42 11.9348
43 11.9348
44 11.9348
45 11.9348
46 11.9348
47 11.9348
48 11.9348
49 11.9348
50 11.9348
51 11.9348
52 11.9348
53 11.9348
54 11.9348
55 11.9348
56 11.9348
57 11.9348
58 11.9348
59 11.9348
60 11.9348
61 11.9348
62 11.9348
63 11.9348
64 11.9348
65 11.9348
66 11.9348
67 11.9348
68 11.9348
69 11.9348
70 11.9348
71 11.9348
72 11.9348
73 11.9348
74 11.9348
75 11.9348
76 11.9348
77 11.9348
78 11.9348
79 11.9348
80 11.9348
81 11.9348
82 11.9348
83 11.9348
84 11.9348
85 11.9348
86 11.9348
87 11.9348
88 11.9348
89 11.9348
90 11.9348
91 11.9348
92 11.9348
93 11.9348
94 11.9466
95 11.9673
96 11.9559
97 11.9033
98 11.7139
99 11.2836
100 10.5869
101 9.74436
102 9.65564
103 9.22413
104 8.57039
105 7.92542
106 7.93811
107 7.81206
108 7.84167
109 7.8524
110 7.82848
111 7.81021
112 8.21157
113 8.42559
114 8.42268
115 9.13548
116 9.92195
117 10.7678
118 11.5551
119 11.9817
120 12
121 11.9466
122 11.9348
123 11.9348
124 11.9348
125 11.9348
126 11.9348
127 11.9348
128 11.9348
129 11.9348
130 11.9348
131 11.9348
132 11.9348
133 11.9348
134 11.9348
135 11.9348
136 11.9348
137 11.9348
138 11.9348
139 11.9348
140 11.9348
141 11.9348
142 11.9348
143 11.9348
144 11.9348
145 11.9348
146 11.9348
147 11.9348
148 11.9348
149 11.9348
150 11.9348
151 11.9348
152 11.9348
153 11.9348
154 11.9348
155 11.9348
156 11.9348
157 11.9348
158 11.9348
159 11.9348
160 11.9348
161 11.9348
162 11.9348
163 11.9348
164 11.9348
165 11.9348
166 11.9348
167 11.9348
168 11.9348
169 11.9348
170 11.9348
171 11.9348
172 11.9348
173 11.9348
174 11.9348
175 11.9348
176 11.9348
177 11.9348
178 11.9348
179 11.9348
180 11.9348
181 11.9348
182 11.9348
183 11.9348
184 11.9348
185 11.9348
186 11.9348
187 11.9348
188 11.9348
189 11.9348
190 11.9348
191 11.9348
192 11.9348
193 11.9348
194 11.9348
195 11.9348
196 11.9348
197 11.9348
198 11.9348
199 11.9348
200 11.9348
201 11.9348
202 11.9348
203 11.9348
204 11.9348
205 11.9348
206 11.9348
207 11.9348
208 11.9348
209 11.9348
210 11.9348
211 11.9348
212 11.9348
213 11.9348
214 11.9348
