1 11.9179
2 11.9179
3 11.9179
4 11.9179
5 11.9179
6 11.9179
7 11.9179
8 11.9179
9 11.9179
10 11.9179
11 11.9179
12 11.9179
13 11.9179
14 11.9179
15 11.9179
16 11.9179
17 11.9179
18 11.9179
19 11.9179
20 11.9179
21 11.9179
22 11.9179
23 11.9179
24 11.9179
25 11.9179
26 11.9179
27 11.9179
28 11.9179
29 11.9179
30 11.9179
31 11.9179
32 11.9179
33 11.9179
34 11.9179
35 11.9179
36 11.9179
37 11.9179
38 11.9179
39 11.9179
40 11.9179
41 11.9179
42 11.9179
43 11.9179
44 11.9179
45 11.9179
46 11.9179
47 11.9179
48 11.9179
49 11.9179
50 11.9179
51 11.9179
52 11.9179
53 11.9179
54 11.9179
55 11.9179
56 11.9179
57 11.9179
58 11.9179
59 11.9179
60 11.9179
61 11.9179
62 11.9179
63 11.9179
64 11.9179
65 11.9179
66 11.9179
67 11.9179
68 11.9179
69 11.9179
70 11.9179
71 11.9179
72 11.9179
73 11.9179
74 11.9179
75 11.9179
76 11.9179
77 11.9179
78 11.9179
79 11.9179
80 11.9179
81 11.9179
82 11.9179
83 11.9179
84 11.9179
85 11.9179
86 11.9179
87 11.9179
88 11.9179
89 11.9179
90 11.9179
91 11.9179
92 11.9179
93 11.9179
94 11.9179
95 11.935
96 11.9582
97 11.9193
98 11.8172
99 11.5704
100 11.1024
101 10.3933
102 10.3085
103 9.81336
104 9.07036
105 8.3529
106 8.35139
107 8.17221
108 8.19455
109 8.20522
110 8.18319
111 8.17464
112 8.65767
113 8.9356
114 8.95497
115 9.7254
116 10.5522
117 11.3637
118 11.9119
119 12
120 11.935
121 11.9179
122 11.9179
123 11.9179
124 11.9179
125 11.9179
126 11.9179
127 11.9179
128 11.9179
129 11.9179
130 11.9179
131 11.9179
132 11.9179
133 11.9179
134 11.9179
135 11.9179
136 11.9179
137 11.9179
138 11.9179
139 11.9179
140 11.9179
141 11.9179
142 11.9179
143 11.9179
144 11.9179
145 11.9179
146 11.9179
147 11.9179
148 11.9179
149 11.9179
150 11.9179
151 11.9179
152 11.9179
153 11.9179
154 11.9179
155 11.9179
156 11.9179
157 11.9179
158 11.9179
159 11.9179
160 11.9179
161 11.9179
162 11.9179
163 11.9179
164 11.9179
165 11.9179
166 11.9179
167 11.9179
168 11.9179
169 11.9179
170 11.9179
171 11.9179
172 11.9179
173 11.9179
174 11.9179
175 11.9179
176 11.9179
177 11.9179
178 11.9179
179 11.9179
180 11.9179
181 11.9179
182 11.9179
183 11.9179
184 11.9179
185 11.9179
186 11.9179
187 11.9179
188 11.9179
189 11.9179
190 11.9179
191 11.9179
192 11.9179
193 11.9179
194 11.9179
195 11.9179
196 11.9179
197 11.9179
198 11.9179
199 11.9179
200 11.9179
201 11.9179
202 11.9179
203 11.9179
204 11.9179
205 11.9179
206 11.9179
207 11.9179
208 11.9179
209 11.9179
210 11.9179
211 11.9179
212 11.9179
213 11.9179
214 11.9179
