1 11.9275
2 11.9275
3 11.9275
4 11.9275
5 11.9275
6 11.9275
7 11.9275
8 11.9275
9 11.9275
10 11.9275
11 11.9275
12 11.9275
13 11.9275
14 11.9275
15 11.9275
16 11.9275
17 11.9275
18 11.9275
19 11.9275
20 11.9275
21 11.9275
22 11.9275
23 11.9275
24 11.9275
25 11.9275
26 11.9275
27 11.9275
28 11.9275
29 11.9275
30 11.9275
31 11.9275
32 11.9275
33 11.9275
34 11.9275
35 11.9275
36 11.9275
37 11.9275
38 11.9275
39 11.9275
40 11.9275
41 11.9275
42 11.9275
43 11.9275
44 11.9275
45 11.9275
46 11.9275
47 11.9275
48 11.9275
49 11.9275
50 11.9275
51 11.9275
52 11.9275
53 11.9275
54 11.9275
55 11.9275
56 11.9275
57 11.9275
58 11.9275
59 11.9275
60 11.9275
61 11.9275
62 11.9275
63 11.9275
64 11.9275
65 11.9275
66 11.9275
67 11.9275
68 11.9275
69 11.9275
70 11.9275
71 11.9275
72 11.9275
73 11.9275
74 11.9275
75 11.9275
76 11.9275
77 11.9275
78 11.9275
79 11.9275
80 11.9275
81 11.9275
82 11.9275
83 11.9275
84 11.9275
85 11.9275
86 11.9275
87 11.9275
88 11.9275
89 11.9275
90 11.9275
91 11.9275
92 11.9275
93 11.9275
94 11.9396
95 11.9586
96 11.9403
97 11.8852
98 11.6695
99 11.1957
100 10.4623
101 9.61078
102 9.52776
103 9.11252
104 8.47784
105 7.84781
106 7.86285
107 7.74609
108 7.77664
109 7.78726
110 7.76312
111 7.74311
112 8.12841
113 8.33049
114 8.32369
115 9.02378
116 9.79768
117 10.6371
118 11.4482
119 11.9412
120 12
121 11.9396
122 11.9275
123 11.9275
124 11.9275
125 11.9275
126 11.9275
127 11.9275
128 11.9275
129 11.9275
130 11.9275
131 11.9275
132 11.9275
133 11.9275
134 11.9275
135 11.9275
136 11.9275
137 11.9275
138 11.9275
139 11.9275
140 11.9275
141 11.9275
142 11.9275
143 11.9275
144 11.9275
145 11.9275
146 11.9275
147 11.9275
148 11.9275
149 11.9275
150 11.9275
151 11.9275
152 11.9275
153 11.9275
154 11.9275
155 11.9275
156 11.9275
157 11.9275
158 11.9275
159 11.9275
160 11.9275
161 11.9275
162 11.9275
163 11.9275
164 11.9275
165 11.9275
166 11.9275
167 11.9275
168 11.9275
169 11.9275
170 11.9275
171 11.9275
172 11.9275
173 11.9275
174 11.9275
175 11.9275
176 11.9275
177 11.9275
178 11.9275
179 11.9275
180 11.9275
181 11.9275
182 11.9275
183 11.9275
184 11.9275
185 11.9275
186 11.9275
187 11.9275
188 11.9275
189 11.9275
190 11.9275
191 11.9275
192 11.9275
193 11.9275
194 11.9275
195 11.9275
196 11.9275
197 11.9275
198 11.9275
199 11.9275
200 11.9275
201 11.9275
202 11.9275
203 11.9275
204 11.9275
205 11.9275
206 11.9275
207 11.9275
208 11.9275
209 11.9275
210 11.9275
211 11.9275
212 11.9275
213 11.9275
214 11.9275
