1 11.9129
2 11.9129
3 11.9129
4 11.9129
5 11.9129
6 11.9129
7 11.9129
8 11.9129
9 11.9129
10 11.9129
11 11.9129
12 11.9129
13 11.9129
14 11.9129
15 11.9129
16 11.9129
17 11.9129
18 11.9129
19 11.9129
20 11.9129
21 11.9129
22 11.9129
23 11.9129
24 11.9129
25 11.9129
26 11.9129
27 11.9129
28 11.9129
29 11.9129
30 11.9129
31 11.9129
32 11.9129
33 11.9129
34 11.9129
35 11.9129
36 11.9129
37 11.9129
38 11.9129
39 11.9129
40 11.9129
41 11.9129
42 11.9129
43 11.9129
44 11.9129
45 11.9129
46 11.9129
47 11.9129
48 11.9129
49 11.9129
50 11.9129
51 11.9129
52 11.9129
53 11.9129
54 11.9129
55 11.9129
56 11.9129
57 11.9129
58 11.9129
59 11.9129
60 11.9129
61 11.9129
62 11.9129
63 11.9129
64 11.9129
65 11.9129
66 11.9129
67 11.9129
68 11.9129
69 11.9129
70 11.9129
71 11.9129
72 11.9129
73 11.9129
74 11.9129
75 11.9129
76 11.9129
77 11.9129
78 11.9129
79 11.9129
80 11.9129
81 11.9129
82 11.9129
83 11.9129
84 11.9129
85 11.9129
86 11.9129
87 11.9129
88 11.9129
89 11.9129
90 11.9129
91 11.9129
92 11.9129
93 11.9129
94 11.9129
95 11.9297
96 11.9453
97 11.899
98 11.7915
99 11.4887
100 10.9357
101 10.1626
102 10.0689
103 9.59615
104 8.88866
105 8.20035
106 8.20504
107 8.04853
108 8.07426
109 8.08511
110 8.06223
111 8.04958
112 8.49943
113 8.75058
114 8.76016
115 9.50663
116 10.3166
117 11.1467
118 11.798
119 12
120 11.9297
121 11.9129
122 11.9129
123 11.9129
124 11.9129
125 11.9129
126 11.9129
127 11.9129
128 11.9129
129 11.9129
130 11.9129
131 11.9129
132 11.9129
133 11.9129
134 11.9129
135 11.9129
136 11.9129
137 11.9129
138 11.9129
139 11.9129
140 11.9129
141 11.9129
142 11.9129
143 11.9129
144 11.9129
145 11.9129
146 11.9129
147 11.9129
148 11.9129
149 11.9129
150 11.9129
151 11.9129
152 11.9129
153 11.9129
154 11.9129
155 11.9129
156 11.9129
157 11.9129
158 11.9129
159 11.9129
160 11.9129
161 11.9129
162 11.9129
163 11.9129
164 11.9129
165 11.9129
166 11.9129
167 11.9129
168 11.9129
169 11.9129
170 11.9129
171 11.9129
172 11.9129
173 11.9129
174 11.9129
175 11.9129
176 11.9129
177 11.9129
178 11.9129
179 11.9129
180 11.9129
181 11.9129
182 11.9129
183 11.9129
184 11.9129
185 11.9129
186 11.9129
187 11.9129
188 11.9129
189 11.9129
190 11.9129
191 11.9129
192 11.9129
193 11.9129
194 11.9129
195 11.9129
196 11.9129
197 11.9129
198 11.9129
199 11.9129
200 11.9129
201 11.9129
202 11.9129
203 11.9129
204 11.9129
205 11.9129
206 11.9129
207 11.9129
208 11.9129
209 11.9129
210 11.9129
211 11.9129
212 11.9129
213 11.9129
214 11.9129
