1 11.9177
2 11.9177
3 11.9177
4 11.9177
5 11.9177
6 11.9177
7 11.9177
8 11.9177
9 11.9177
10 11.9177
11 11.9177
12 11.9177
13 11.9177
14 11.9177
15 11.9177
16 11.9177
17 11.9177
18 11.9177
19 11.9177
20 11.9177
21 11.9177
22 11.9177
23 11.9177
24 11.9177
25 11.9177
26 11.9177
27 11.9177
28 11.9177
29 11.9177
30 11.9177
31 11.9177
32 11.9177
33 11.9177
34 11.9177
35 11.9177
36 11.9177
37 11.9177
38 11.9177
39 11.9177
40 11.9177
41 11.9177
42 11.9177
43 11.9177
44 11.9177
45 11.9177
46 11.9177
47 11.9177
48 11.9177
49 11.9177
50 11.9177
51 11.9177
52 11.9177
53 11.9177
54 11.9177
55 11.9177
56 11.9177
57 11.9177
58 11.9177
59 11.9177
60 11.9177
61 11.9177
62 11.9177
63 11.9177
64 11.9177
65 11.9177
66 11.9177
67 11.9177
68 11.9177
69 11.9177
70 11.9177
71 11.9177
72 11.9177
73 11.9177
74 11.9177
75 11.9177
76 11.9177
77 11.9177
78 11.9177
79 11.9177
80 11.9177
81 11.9177
82 11.9177
83 11.9177
84 11.9177
85 11.9177
86 11.9177
87 11.9177
88 11.9177
89 11.9177
90 11.9177
91 11.9177
92 11.9177
93 11.9177
94 11.9177
95 11.9177
96 11.9407
97 11.945
98 11.8437
99 11.6826
100 11.3398
101 10.7687
102 10.7301
103 10.2245
104 9.43759
105 8.68028
106 8.66821
107 8.45222
108 8.46808
109 8.47809
110 8.45786
111 8.45602
112 8.98798
113 9.30638
114 9.33995
115 10.1326
116 10.9524
117 11.6689
118 12
119 11.9407
120 11.9177
121 11.9177
122 11.9177
123 11.9177
124 11.9177
125 11.9177
126 11.9177
127 11.9177
128 11.9177
129 11.9177
130 11.9177
131 11.9177
132 11.9177
133 11.9177
134 11.9177
135 11.9177
136 11.9177
137 11.9177
138 11.9177
139 11.9177
140 11.9177
141 11.9177
142 11.9177
143 11.9177
144 11.9177
145 11.9177
146 11.9177
147 11.9177
148 11.9177
149 11.9177
150 11.9177
151 11.9177
152 11.9177
153 11.9177
154 11.9177
155 11.9177
156 11.9177
157 11.9177
158 11.9177
159 11.9177
160 11.9177
161 11.9177
162 11.9177
163 11.9177
164 11.9177
165 11.9177
166 11.9177
167 11.9177
168 11.9177
169 11.9177
170 11.9177
171 11.9177
172 11.9177
173 11.9177
174 11.9177
175 11.9177
176 11.9177
177 11.9177
178 11.9177
179 11.9177
180 11.9177
181 11.9177
182 11.9177
183 11.9177
184 11.9177
185 11.9177
186 11.9177
187 11.9177
188 11.9177
189 11.9177
190 11.9177
191 11.9177
192 11.9177
193 11.9177
194 11.9177
195 11.9177
196 11.9177
197 11.9177
198 11.9177
199 11.9177
200 11.9177
201 11.9177
202 11.9177
203 11.9177
204 11.9177
205 11.9177
206 11.9177
207 11.9177
208 11.9177
209 11.9177
210 11.9177
211 11.9177
212 11.9177
213 11.9177
214 11.9177
