1 11.9089
2 11.9089
3 11.9089
4 11.9089
5 11.9089
6 11.9089
7 11.9089
8 11.9089
9 11.9089
10 11.9089
11 11.9089
12 11.9089
13 11.9089
14 11.9089
15 11.9089
16 11.9089
17 11.9089
18 11.9089
19 11.9089
20 11.9089
21 11.9089
22 11.9089
23 11.9089
24 11.9089
25 11.9089
26 11.9089
27 11.9089
28 11.9089
29 11.9089
30 11.9089
31 11.9089
32 11.9089
33 11.9089
34 11.9089
35 11.9089
36 11.9089
37 11.9089
38 11.9089
39 11.9089
40 11.9089
41 11.9089
42 11.9089
43 11.9089
44 11.9089
45 11.9089
46 11.9089
47 11.9089
48 11.9089
49 11.9089
50 11.9089
51 11.9089
52 11.9089
53 11.9089
54 11.9089
55 11.9089
56 11.9089
57 11.9089
58 11.9089
59 11.9089
60 11.9089
61 11.9089
62 11.9089
63 11.9089
64 11.9089
65 11.9089
66 11.9089
67 11.9089
68 11.9089
69 11.9089
70 11.9089
71 11.9089
72 11.9089
73 11.9089
74 11.9089
75 11.9089
76 11.9089
77 11.9089
78 11.9089
79 11.9089
80 11.9089
81 11.9089
82 11.9089
83 11.9089
84 11.9089
85 11.9089
86 11.9089
87 11.9089
88 11.9089
89 11.9089
90 11.9089
91 11.9089
92 11.9089
93 11.9089
94 11.9089
95 11.9089
96 11.9331
97 11.9445
98 11.8377
99 11.6778
100 11.3656
101 10.8382
102 10.8236
103 10.3197
104 9.51861
105 8.74786
106 8.73218
107 8.50309
108 8.51636
109 8.52602
110 8.50648
111 8.50693
112 9.05568
113 9.38862
114 9.42751
115 10.2291
116 11.0476
117 11.7324
118 12
119 11.9331
120 11.9089
121 11.9089
122 11.9089
123 11.9089
124 11.9089
125 11.9089
126 11.9089
127 11.9089
128 11.9089
129 11.9089
130 11.9089
131 11.9089
132 11.9089
133 11.9089
134 11.9089
135 11.9089
136 11.9089
137 11.9089
138 11.9089
139 11.9089
140 11.9089
141 11.9089
142 11.9089
143 11.9089
144 11.9089
145 11.9089
146 11.9089
147 11.9089
148 11.9089
149 11.9089
150 11.9089
151 11.9089
152 11.9089
153 11.9089
154 11.9089
155 11.9089
156 11.9089
157 11.9089
158 11.9089
159 11.9089
160 11.9089
161 11.9089
162 11.9089
163 11.9089
164 11.9089
165 11.9089
166 11.9089
167 11.9089
168 11.9089
169 11.9089
170 11.9089
171 11.9089
172 11.9089
173 11.9089
174 11.9089
175 11.9089
176 11.9089
177 11.9089
178 11.9089
179 11.9089
180 11.9089
181 11.9089
182 11.9089
183 11.9089
184 11.9089
185 11.9089
186 11.9089
187 11.9089
188 11.9089
189 11.9089
190 11.9089
191 11.9089
192 11.9089
193 11.9089
194 11.9089
195 11.9089
196 11.9089
197 11.9089
198 11.9089
199 11.9089
200 11.9089
201 11.9089
202 11.9089
203 11.9089
204 11.9089
205 11.9089
206 11.9089
207 11.9089
208 11.9089
209 11.9089
210 11.9089
211 11.9089
212 11.9089
213 11.9089
214 11.9089
