1 11.9247
2 11.9247
3 11.9247
4 11.9247
5 11.9247
6 11.9247
7 11.9247
8 11.9247
9 11.9247
10 11.9247
11 11.9247
12 11.9247
13 11.9247
14 11.9247
15 11.9247
16 11.9247
17 11.9247
18 11.9247
19 11.9247
20 11.9247
21 11.9247
22 11.9247
23 11.9247
24 11.9247
25 11.9247
26 11.9247
27 11.9247
28 11.9247
29 11.9247
30 11.9247
31 11.9247
32 11.9247
33 11.9247
34 11.9247
35 11.9247
36 11.9247
37 11.9247
38 11.9247
39 11.9247
40 11.9247
41 11.9247
42 11.9247
43 11.9247
44 11.9247
45 11.9247
46 11.9247
47 11.9247
48 11.9247
49 11.9247
50 11.9247
51 11.9247
52 11.9247
53 11.9247
54 11.9247
55 11.9247
56 11.9247
57 11.9247
58 11.9247
59 11.9247
60 11.9247
61 11.9247
62 11.9247
63 11.9247
64 11.9247
65 11.9247
66 11.9247
67 11.9247
68 11.9247
69 11.9247
70 11.9247
71 11.9247
72 11.9247
73 11.9247
74 11.9247
75 11.9247
76 11.9247
77 11.9247
78 11.9247
79 11.9247
80 11.9247
81 11.9247
82 11.9247
83 11.9247
84 11.9247
85 11.9247
86 11.9247
87 11.9247
88 11.9247
89 11.9247
90 11.9247
91 11.9247
92 11.9247
93 11.9247
94 11.9247
95 11.9247
96 11.9247
97 11.9572
98 11.9336
99 11.752
100 11.5506
101 11.212
102 11.3804
103 10.9539
104 10.1081
105 9.27975
106 9.24285
107 8.94359
108 8.94181
109 8.94867
110 8.93318
111 8.94678
112 9.57589
113 9.97903
114 10.0385
115 10.8478
116 11.5799
117 12
118 11.9572
119 11.9247
120 11.9247
121 11.9247
122 11.9247
123 11.9247
124 11.9247
125 11.9247
126 11.9247
127 11.9247
128 11.9247
129 11.9247
130 11.9247
131 11.9247
132 11.9247
133 11.9247
134 11.9247
135 11.9247
136 11.9247
137 11.9247
138 11.9247
139 11.9247
140 11.9247
141 11.9247
142 11.9247
143 11.9247
144 11.9247
145 11.9247
146 11.9247
147 11.9247
148 11.9247
149 11.9247
150 11.9247
151 11.9247
152 11.9247
153 11.9247
154 11.9247
155 11.9247
156 11.9247
157 11.9247
158 11.9247
159 11.9247
160 11.9247
161 11.9247
162 11.9247
163 11.9247
164 11.9247
165 11.9247
166 11.9247
167 11.9247
168 11.9247
169 11.9247
170 11.9247
171 11.9247
172 11.9247
173 11.9247
174 11.9247
175 11.9247
176 11.9247
177 11.9247
178 11.9247
179 11.9247
180 11.9247
181 11.9247
182 11.9247
183 11.9247
184 11.9247
185 11.9247
186 11.9247
187 11.9247
188 11.9247
189 11.9247
190 11.9247
191 11.9247
192 11.9247
193 11.9247
194 11.9247
195 11.9247
196 11.9247
197 11.9247
198 11.9247
199 11.9247
200 11.9247
201 11.9247
202 11.9247
203 11.9247
204 11.9247
205 11.9247
206 11.9247
207 11.9247
208 11.9247
209 11.9247
210 11.9247
211 11.9247
212 11.9247
213 11.9247
214 11.9247
