1 11.9252
2 11.9252
3 11.9252
4 11.9252
5 11.9252
6 11.9252
7 11.9252
8 11.9252
9 11.9252
10 11.9252
11 11.9252
12 11.9252
13 11.9252
14 11.9252
15 11.9252
16 11.9252
17 11.9252
18 11.9252
19 11.9252
20 11.9252
21 11.9252
22 11.9252
23 11.9252
24 11.9252
25 11.9252
26 11.9252
27 11.9252
28 11.9252
29 11.9252
30 11.9252
31 11.9252
32 11.9252
33 11.9252
34 11.9252
35 11.9252
36 11.9252
37 11.9252
38 11.9252
39 11.9252
40 11.9252
41 11.9252
42 11.9252
43 11.9252
44 11.9252
45 11.9252
46 11.9252
47 11.9252
48 11.9252
49 11.9252
50 11.9252
51 11.9252
52 11.9252
53 11.9252
54 11.9252
55 11.9252
56 11.9252
57 11.9252
58 11.9252
59 11.9252
60 11.9252
61 11.9252
62 11.9252
63 11.9252
64 11.9252
65 11.9252
66 11.9252
67 11.9252
68 11.9252
69 11.9252
70 11.9252
71 11.9252
72 11.9252
73 11.9252
74 11.9252
75 11.9252
76 11.9252
77 11.9252
78 11.9252
79 11.9252
80 11.9252
81 11.9252
82 11.9252
83 11.9252
84 11.9252
85 11.9252
86 11.9252
87 11.9252
88 11.9252
89 11.9252
90 11.9252
91 11.9252
92 11.9252
93 11.9252
94 11.9252
95 11.9252
96 11.9252
97 11.9252
98 11.9781
99 11.8962
100 11.5748
101 11.3257
102 11.8095
103 11.7365
104 10.9322
105 10.0605
106 9.99383
107 9.57458
108 9.54196
109 9.54046
110 9.53372
111 9.57102
112 10.3213
113 10.8302
114 10.8635
115 11.5684
116 12
117 11.9781
118 11.9252
119 11.9252
120 11.9252
121 11.9252
122 11.9252
123 11.9252
124 11.9252
125 11.9252
126 11.9252
127 11.9252
128 11.9252
129 11.9252
130 11.9252
131 11.9252
132 11.9252
133 11.9252
134 11.9252
135 11.9252
136 11.9252
137 11.9252
138 11.9252
139 11.9252
140 11.9252
141 11.9252
142 11.9252
143 11.9252
144 11.9252
145 11.9252
146 11.9252
147 11.9252
148 11.9252
149 11.9252
150 11.9252
151 11.9252
152 11.9252
153 11.9252
154 11.9252
155 11.9252
156 11.9252
157 11.9252
158 11.9252
159 11.9252
160 11.9252
161 11.9252
162 11.9252
163 11.9252
164 11.9252
165 11.9252
166 11.9252
167 11.9252
168 11.9252
169 11.9252
170 11.9252
171 11.9252
172 11.9252
173 11.9252
174 11.9252
175 11.9252
176 11.9252
177 11.9252
178 11.9252
179 11.9252
180 11.9252
181 11.9252
182 11.9252
183 11.9252
184 11.9252
185 11.9252
186 11.9252
187 11.9252
188 11.9252
189 11.9252
190 11.9252
191 11.9252
192 11.9252
193 11.9252
194 11.9252
195 11.9252
196 11.9252
197 11.9252
198 11.9252
199 11.9252
200 11.9252
201 11.9252
202 11.9252
203 11.9252
204 11.9252
205 11.9252
206 11.9252
207 11.9252
208 11.9252
209 11.9252
210 11.9252
211 11.9252
212 11.9252
213 11.9252
214 11.9252
