1 11.897
2 11.897
3 11.897
4 11.897
5 11.897
6 11.897
7 11.897
8 11.897
9 11.897
10 11.897
11 11.897
12 11.897
13 11.897
14 11.897
15 11.897
16 11.897
17 11.897
18 11.897
19 11.897
20 11.897
21 11.897
22 11.897
23 11.897
24 11.897
25 11.897
26 11.897
27 11.897
28 11.897
29 11.897
30 11.897
31 11.897
32 11.897
33 11.897
34 11.897
35 11.897
36 11.897
37 11.897
38 11.897
39 11.897
40 11.897
41 11.897
42 11.897
43 11.897
44 11.897
45 11.897
46 11.897
47 11.897
48 11.897
49 11.897
50 11.897
51 11.897
52 11.897
53 11.897
54 11.897
55 11.897
56 11.897
57 11.897
58 11.897
59 11.897
60 11.897
61 11.897
62 11.897
63 11.897
64 11.897
65 11.897
66 11.897
67 11.897
68 11.897
69 11.897
70 11.897
71 11.897
72 11.897
73 11.897
74 11.897
75 11.897
76 11.897
77 11.897
78 11.897
79 11.897
80 11.897
81 11.897
82 11.897
83 11.897
84 11.897
85 11.897
86 11.897
87 11.897
88 11.897
89 11.897
90 11.897
91 11.897
92 11.897
93 11.897
94 11.897
95 11.897
96 11.897
97 11.897
98 11.9587
99 11.9004
100 11.5759
101 11.2698
102 11.7934
103 11.8342
104 11.0575
105 10.1796
106 10.1071
107 9.65629
108 9.61585
109 9.61263
110 9.60738
111 9.65174
112 10.4322
113 10.9645
114 10.9708
115 11.6409
116 12
117 11.9587
118 11.897
119 11.897
120 11.897
121 11.897
122 11.897
123 11.897
124 11.897
125 11.897
126 11.897
127 11.897
128 11.897
129 11.897
130 11.897
131 11.897
132 11.897
133 11.897
134 11.897
135 11.897
136 11.897
137 11.897
138 11.897
139 11.897
140 11.897
141 11.897
142 11.897
143 11.897
144 11.897
145 11.897
146 11.897
147 11.897
148 11.897
149 11.897
150 11.897
151 11.897
152 11.897
153 11.897
154 11.897
155 11.897
156 11.897
157 11.897
158 11.897
159 11.897
160 11.897
161 11.897
162 11.897
163 11.897
164 11.897
165 11.897
166 11.897
167 11.897
168 11.897
169 11.897
170 11.897
171 11.897
172 11.897
173 11.897
174 11.897
175 11.897
176 11.897
177 11.897
178 11.897
179 11.897
180 11.897
181 11.897
182 11.897
183 11.897
184 11.897
185 11.897
186 11.897
187 11.897
188 11.897
189 11.897
190 11.897
191 11.897
192 11.897
193 11.897
194 11.897
195 11.897
196 11.897
197 11.897
198 11.897
199 11.897
200 11.897
201 11.897
202 11.897
203 11.897
204 11.897
205 11.897
206 11.897
207 11.897
208 11.897
209 11.897
210 11.897
211 11.897
212 11.897
213 11.897
214 11.897
