1 11.9955
2 11.9955
3 11.9955
4 11.9955
5 11.9955
6 11.9955
7 11.9955
8 11.9955
9 11.9955
10 11.9955
11 11.9955
12 11.9955
13 11.9955
14 11.9955
15 11.9955
16 11.9955
17 11.9955
18 11.9955
19 11.9955
20 11.9955
21 11.9955
22 11.9955
23 11.9955
24 11.9955
25 11.9955
26 11.9955
27 11.9955
28 11.9955
29 11.9955
30 11.9955
31 11.9955
32 11.9955
33 11.9955
34 11.9955
35 11.9955
36 11.9955
37 11.9955
38 11.9955
39 11.9955
40 11.9955
41 11.9955
42 11.9955
43 11.9955
44 11.9955
45 11.9955
46 11.9955
47 11.9955
48 11.9955
49 11.9955
50 11.9955
51 11.9955
52 11.9955
53 11.9955
54 11.9955
55 11.9955
56 11.9955
57 11.9955
58 11.9955
59 11.9955
60 11.9955
61 11.9955
62 11.9955
63 11.9955
64 11.9955
65 11.9955
66 11.9955
67 11.9955
68 11.9955
69 11.9955
70 11.9955
71 11.9955
72 11.9955
73 11.9955
74 11.9955
75 11.9955
76 11.9955
77 11.9955
78 11.9955
79 11.9955
80 11.9955
81 11.9955
82 11.9955
83 11.9955
84 11.9955
85 11.9955
86 11.9955
87 11.9955
88 11.9955
89 11.9955
90 11.9955
91 11.9955
92 11.9955
93 11.9955
94 11.9955
95 11.9955
96 11.9955
97 11.9955
98 12
99 11.828
100 11.4967
101 11.2526
102 11.6893
103 11.5034
104 10.6745
105 9.80481
106 9.74318
107 9.35467
108 9.33006
109 9.33116
110 9.32189
111 9.35319
112 10.0721
113 10.5548
114 10.604
115 11.3486
116 11.8821
117 12
118 11.9955
119 11.9955
120 11.9955
121 11.9955
122 11.9955
123 11.9955
124 11.9955
125 11.9955
126 11.9955
127 11.9955
128 11.9955
129 11.9955
130 11.9955
131 11.9955
132 11.9955
133 11.9955
134 11.9955
135 11.9955
136 11.9955
137 11.9955
138 11.9955
139 11.9955
140 11.9955
141 11.9955
142 11.9955
143 11.9955
144 11.9955
145 11.9955
146 11.9955
147 11.9955
148 11.9955
149 11.9955
150 11.9955
151 11.9955
152 11.9955
153 11.9955
154 11.9955
155 11.9955
156 11.9955
157 11.9955
158 11.9955
159 11.9955
160 11.9955
161 11.9955
162 11.9955
163 11.9955
164 11.9955
165 11.9955
166 11.9955
167 11.9955
168 11.9955
169 11.9955
170 11.9955
171 11.9955
172 11.9955
173 11.9955
174 11.9955
175 11.9955
176 11.9955
177 11.9955
178 11.9955
179 11.9955
180 11.9955
181 11.9955
182 11.9955
183 11.9955
184 11.9955
185 11.9955
186 11.9955
187 11.9955
188 11.9955
189 11.9955
190 11.9955
191 11.9955
192 11.9955
193 11.9955
194 11.9955
195 11.9955
196 11.9955
197 11.9955
198 11.9955
199 11.9955
200 11.9955
201 11.9955
202 11.9955
203 11.9955
204 11.9955
205 11.9955
206 11.9955
207 11.9955
208 11.9955
209 11.9955
210 11.9955
211 11.9955
212 11.9955
213 11.9955
214 11.9955
