1 11.9839
2 11.9839
3 11.9839
4 11.9839
5 11.9839
6 11.9839
7 11.9839
8 11.9839
9 11.9839
10 11.9839
11 11.9839
12 11.9839
13 11.9839
14 11.9839
15 11.9839
16 11.9839
17 11.9839
18 11.9839
19 11.9839
20 11.9839
21 11.9839
22 11.9839
23 11.9839
24 11.9839
25 11.9839
26 11.9839
27 11.9839
28 11.9839
29 11.9839
30 11.9839
31 11.9839
32 11.9839
33 11.9839
34 11.9839
35 11.9839
36 11.9839
37 11.9839
38 11.9839
39 11.9839
40 11.9839
41 11.9839
42 11.9839
43 11.9839
44 11.9839
45 11.9839
46 11.9839
47 11.9839
48 11.9839
49 11.9839
50 11.9839
51 11.9839
52 11.9839
53 11.9839
54 11.9839
55 11.9839
56 11.9839
57 11.9839
58 11.9839
59 11.9839
60 11.9839
61 11.9839
62 11.9839
63 11.9839
64 11.9839
65 11.9839
66 11.9839
67 11.9839
68 11.9839
69 11.9839
70 11.9839
71 11.9839
72 11.9839
73 11.9839
74 11.984
75 11.9843
76 11.9851
77 11.9873
78 11.9917
79 11.998
80 11.9955
81 11.9252
82 11.6106
83 10.8719
84 9.89442
85 8.98878
86 8.23186
87 7.58987
88 7.02916
89 6.53081
90 6.08462
91 5.68414
92 5.3246
93 5.0024
94 4.71534
95 4.46294
96 4.2462
97 4.06652
98 3.92433
99 3.81774
100 3.74217
101 3.69103
102 3.7208
103 3.74942
104 3.77656
105 3.8021
106 3.81278
107 3.82333
108 3.82621
109 3.82621
110 3.82333
111 3.8128
112 3.78794
113 3.76182
114 3.73474
115 3.79286
116 3.87626
117 3.9902
118 4.13645
119 4.31243
120 4.51242
121 4.7306
122 4.96425
123 5.21534
124 5.48958
125 5.79411
126 6.13563
127 6.51957
128 6.95073
129 7.43513
130 7.98371
131 8.61884
132 9.37942
133 10.2876
134 11.199
135 11.7791
136 11.9729
137 12
138 11.9939
139 11.9878
140 11.9849
141 11.984
142 11.9839
143 11.9839
144 11.9839
145 11.9839
146 11.9839
147 11.9839
148 11.9839
149 11.9839
150 11.9839
151 11.9839
152 11.9839
153 11.9839
154 11.9839
155 11.9839
156 11.9839
157 11.9839
158 11.9839
159 11.9839
160 11.9839
161 11.9839
162 11.9839
163 11.9839
164 11.9839
165 11.9839
166 11.9839
167 11.9839
168 11.9839
169 11.9839
170 11.9839
171 11.9839
172 11.9839
173 11.9839
174 11.9839
175 11.9839
176 11.9839
177 11.9839
178 11.9839
179 11.9839
180 11.9839
181 11.9839
182 11.9839
183 11.9839
184 11.9839
185 11.9839
186 11.9839
187 11.9839
188 11.9839
189 11.9839
190 11.9839
191 11.9839
192 11.9839
193 11.9839
194 11.9839
195 11.9839
196 11.9839
197 11.9839
198 11.9839
199 11.9839
200 11.9839
201 11.9839
202 11.9839
203 11.9839
204 11.9839
205 11.9839
206 11.9839
207 11.9839
208 11.9839
209 11.9839
210 11.9839
211 11.9839
212 11.9839
213 11.9839
214 11.9839
