1 11.9257
2 11.9257
3 11.9257
4 11.9257
5 11.9257
6 11.9257
7 11.9257
8 11.9257
9 11.9257
10 11.9257
11 11.9257
12 11.9257
13 11.9257
14 11.9257
15 11.9257
16 11.9257
17 11.9257
18 11.9257
19 11.9257
20 11.9257
21 11.9257
22 11.9257
23 11.9257
24 11.9257
25 11.9257
26 11.9257
27 11.9257
28 11.9257
29 11.9257
30 11.9257
31 11.9257
32 11.9257
33 11.9257
34 11.9257
35 11.9257
36 11.9257
37 11.9257
38 11.9257
39 11.9257
40 11.9257
41 11.9257
42 11.9257
43 11.9257
44 11.9257
45 11.9257
46 11.9257
47 11.9257
48 11.9257
49 11.9257
50 11.9257
51 11.9257
52 11.9257
53 11.9257
54 11.9257
55 11.9257
56 11.9257
57 11.9257
58 11.9257
59 11.9257
60 11.9257
61 11.9257
62 11.9257
63 11.9257
64 11.9257
65 11.9257
66 11.9257
67 11.9257
68 11.9257
69 11.9257
70 11.9257
71 11.9257
72 11.9257
73 11.9257
74 11.9257
75 11.9257
76 11.9257
77 11.9257
78 11.9257
79 11.9257
80 11.9257
81 11.9257
82 11.9257
83 11.9257
84 11.9257
85 11.9257
86 11.9257
87 11.9257
88 11.9257
89 11.9257
90 11.9257
91 11.9257
92 11.9257
93 11.9257
94 11.9257
95 11.9257
96 11.9257
97 11.9257
98 11.9257
99 11.9114
100 11.5756
101 11.0595
102 11.5756
103 12
104 11.4502
105 10.6395
106 10.5844
107 10.0342
108 9.96466
109 9.95078
110 9.95591
111 10.022
112 10.8859
113 11.4492
114 11.2476
115 11.7328
116 11.9114
117 11.9257
118 11.9257
119 11.9257
120 11.9257
121 11.9257
122 11.9257
123 11.9257
124 11.9257
125 11.9257
126 11.9257
127 11.9257
128 11.9257
129 11.9257
130 11.9257
131 11.9257
132 11.9257
133 11.9257
134 11.9257
135 11.9257
136 11.9257
137 11.9257
138 11.9257
139 11.9257
140 11.9257
141 11.9257
142 11.9257
143 11.9257
144 11.9257
145 11.9257
146 11.9257
147 11.9257
148 11.9257
149 11.9257
150 11.9257
151 11.9257
152 11.9257
153 11.9257
154 11.9257
155 11.9257
156 11.9257
157 11.9257
158 11.9257
159 11.9257
160 11.9257
161 11.9257
162 11.9257
163 11.9257
164 11.9257
165 11.9257
166 11.9257
167 11.9257
168 11.9257
169 11.9257
170 11.9257
171 11.9257
172 11.9257
173 11.9257
174 11.9257
175 11.9257
176 11.9257
177 11.9257
178 11.9257
179 11.9257
180 11.9257
181 11.9257
182 11.9257
183 11.9257
184 11.9257
185 11.9257
186 11.9257
187 11.9257
188 11.9257
189 11.9257
190 11.9257
191 11.9257
192 11.9257
193 11.9257
194 11.9257
195 11.9257
196 11.9257
197 11.9257
198 11.9257
199 11.9257
200 11.9257
201 11.9257
202 11.9257
203 11.9257
204 11.9257
205 11.9257
206 11.9257
207 11.9257
208 11.9257
209 11.9257
210 11.9257
211 11.9257
212 11.9257
213 11.9257
214 11.9257
