1 11.8327
2 11.8327
3 11.8327
4 11.8327
5 11.8327
6 11.8327
7 11.8327
8 11.8327
9 11.8327
10 11.8327
11 11.8327
12 11.8327
13 11.8327
14 11.8327
15 11.8327
16 11.8327
17 11.8327
18 11.8327
19 11.8327
20 11.8327
21 11.8327
22 11.8327
23 11.8327
24 11.8327
25 11.8327
26 11.8327
27 11.8327
28 11.8327
29 11.8327
30 11.8327
31 11.8327
32 11.8327
33 11.8327
34 11.8327
35 11.8327
36 11.8327
37 11.8327
38 11.8327
39 11.8327
40 11.8327
41 11.8327
42 11.8327
43 11.8327
44 11.8327
45 11.8327
46 11.8327
47 11.8327
48 11.8327
49 11.8327
50 11.8327
51 11.8327
52 11.8327
53 11.8327
54 11.8327
55 11.8327
56 11.8327
57 11.8327
58 11.8327
59 11.8327
60 11.8327
61 11.8327
62 11.8327
63 11.8327
64 11.8327
65 11.8327
66 11.8327
67 11.8327
68 11.8327
69 11.8327
70 11.8327
71 11.8327
72 11.8327
73 11.8327
74 11.8327
75 11.8327
76 11.8327
77 11.8327
78 11.8327
79 11.8327
80 11.8327
81 11.8327
82 11.8327
83 11.8327
84 11.8327
85 11.8327
86 11.8327
87 11.8327
88 11.8327
89 11.8327
90 11.8327
91 11.8327
92 11.8327
93 11.8327
94 11.8327
95 11.8327
96 11.8327
97 11.8327
98 11.8327
99 11.9481
100 11.727
101 11.2272
102 11.727
103 12
104 11.6708
105 10.9293
106 10.8905
107 10.315
108 10.2361
109 10.2187
110 10.2247
111 10.2937
112 11.1474
113 11.685
114 11.3807
115 11.727
116 11.9481
117 11.8327
118 11.8327
119 11.8327
120 11.8327
121 11.8327
122 11.8327
123 11.8327
124 11.8327
125 11.8327
126 11.8327
127 11.8327
128 11.8327
129 11.8327
130 11.8327
131 11.8327
132 11.8327
133 11.8327
134 11.8327
135 11.8327
136 11.8327
137 11.8327
138 11.8327
139 11.8327
140 11.8327
141 11.8327
142 11.8327
143 11.8327
144 11.8327
145 11.8327
146 11.8327
147 11.8327
148 11.8327
149 11.8327
150 11.8327
151 11.8327
152 11.8327
153 11.8327
154 11.8327
155 11.8327
156 11.8327
157 11.8327
158 11.8327
159 11.8327
160 11.8327
161 11.8327
162 11.8327
163 11.8327
164 11.8327
165 11.8327
166 11.8327
167 11.8327
168 11.8327
169 11.8327
170 11.8327
171 11.8327
172 11.8327
173 11.8327
174 11.8327
175 11.8327
176 11.8327
177 11.8327
178 11.8327
179 11.8327
180 11.8327
181 11.8327
182 11.8327
183 11.8327
184 11.8327
185 11.8327
186 11.8327
187 11.8327
188 11.8327
189 11.8327
190 11.8327
191 11.8327
192 11.8327
193 11.8327
194 11.8327
195 11.8327
196 11.8327
197 11.8327
198 11.8327
199 11.8327
200 11.8327
201 11.8327
202 11.8327
203 11.8327
204 11.8327
205 11.8327
206 11.8327
207 11.8327
208 11.8327
209 11.8327
210 11.8327
211 11.8327
212 11.8327
213 11.8327
214 11.8327
