1 11.9624
2 11.9624
3 11.9624
4 11.9624
5 11.9624
6 11.9624
7 11.9624
8 11.9624
9 11.9624
10 11.9624
11 11.9624
12 11.9624
13 11.9624
14 11.9624
15 11.9624
16 11.9624
17 11.9624
18 11.9624
19 11.9624
20 11.9624
21 11.9624
22 11.9624
23 11.9624
24 11.9624
25 11.9624
26 11.9624
27 11.9624
28 11.9624
29 11.9624
30 11.9624
31 11.9624
32 11.9624
33 11.9624
34 11.9624
35 11.9624
36 11.9624
37 11.9624
38 11.9624
39 11.9624
40 11.9624
41 11.9624
42 11.9624
43 11.9624
44 11.9624
45 11.9624
46 11.9624
47 11.9624
48 11.9624
49 11.9624
50 11.9624
51 11.9624
52 11.9624
53 11.9624
54 11.9624
55 11.9624
56 11.9624
57 11.9624
58 11.9624
59 11.9624
60 11.9624
61 11.9624
62 11.9624
63 11.9624
64 11.9624
65 11.9624
66 11.9624
67 11.9624
68 11.9624
69 11.9624
70 11.9624
71 11.9624
72 11.9624
73 11.9624
74 11.9624
75 11.9624
76 11.9624
77 11.9624
78 11.9624
79 11.9624
80 11.9624
81 11.9624
82 11.9624
83 11.9624
84 11.9624
85 11.9624
86 11.9624
87 11.9624
88 11.9624
89 11.9624
90 11.9624
91 11.9624
92 11.9624
93 11.9624
94 11.9624
95 11.9624
96 11.9624
97 11.9624
98 11.9624
99 11.9289
100 11.5853
101 11.1331
102 11.634
103 12
104 11.3839
105 10.5582
106 10.4911
107 9.97204
108 9.90943
109 9.89895
110 9.90143
111 9.96329
112 10.8021
113 11.3578
114 11.2282
115 11.7511
116 11.9289
117 11.9624
118 11.9624
119 11.9624
120 11.9624
121 11.9624
122 11.9624
123 11.9624
124 11.9624
125 11.9624
126 11.9624
127 11.9624
128 11.9624
129 11.9624
130 11.9624
131 11.9624
132 11.9624
133 11.9624
134 11.9624
135 11.9624
136 11.9624
137 11.9624
138 11.9624
139 11.9624
140 11.9624
141 11.9624
142 11.9624
143 11.9624
144 11.9624
145 11.9624
146 11.9624
147 11.9624
148 11.9624
149 11.9624
150 11.9624
151 11.9624
152 11.9624
153 11.9624
154 11.9624
155 11.9624
156 11.9624
157 11.9624
158 11.9624
159 11.9624
160 11.9624
161 11.9624
162 11.9624
163 11.9624
164 11.9624
165 11.9624
166 11.9624
167 11.9624
168 11.9624
169 11.9624
170 11.9624
171 11.9624
172 11.9624
173 11.9624
174 11.9624
175 11.9624
176 11.9624
177 11.9624
178 11.9624
179 11.9624
180 11.9624
181 11.9624
182 11.9624
183 11.9624
184 11.9624
185 11.9624
186 11.9624
187 11.9624
188 11.9624
189 11.9624
190 11.9624
191 11.9624
192 11.9624
193 11.9624
194 11.9624
195 11.9624
196 11.9624
197 11.9624
198 11.9624
199 11.9624
200 11.9624
201 11.9624
202 11.9624
203 11.9624
204 11.9624
205 11.9624
206 11.9624
207 11.9624
208 11.9624
209 11.9624
210 11.9624
211 11.9624
212 11.9624
213 11.9624
214 11.9624
