1 11.843
2 11.843
3 11.843
4 11.843
5 11.843
6 11.843
7 11.843
8 11.843
9 11.843
10 11.843
11 11.843
12 11.843
13 11.843
14 11.843
15 11.843
16 11.843
17 11.843
18 11.843
19 11.843
20 11.843
21 11.843
22 11.843
23 11.843
24 11.843
25 11.843
26 11.843
27 11.843
28 11.843
29 11.843
30 11.843
31 11.843
32 11.843
33 11.843
34 11.843
35 11.843
36 11.843
37 11.843
38 11.843
39 11.843
40 11.843
41 11.843
42 11.843
43 11.843
44 11.843
45 11.843
46 11.843
47 11.843
48 11.843
49 11.843
50 11.843
51 11.843
52 11.843
53 11.843
54 11.843
55 11.843
56 11.843
57 11.843
58 11.843
59 11.843
60 11.843
61 11.843
62 11.843
63 11.843
64 11.843
65 11.843
66 11.843
67 11.843
68 11.843
69 11.843
70 11.843
71 11.843
72 11.843
73 11.843
74 11.843
75 11.843
76 11.843
77 11.843
78 11.843
79 11.843
80 11.843
81 11.843
82 11.843
83 11.843
84 11.843
85 11.843
86 11.843
87 11.843
88 11.843
89 11.843
90 11.843
91 11.843
92 11.843
93 11.843
94 11.843
95 11.843
96 11.843
97 11.843
98 11.843
99 11.843
100 11.6586
101 11.075
102 11.6586
103 11.843
104 11.9304
105 11.2537
106 11.3227
107 10.6511
108 10.5422
109 10.5142
110 10.5281
111 10.6128
112 11.5283
113 12
114 11.3503
115 11.6586
116 11.843
117 11.843
118 11.843
119 11.843
120 11.843
121 11.843
122 11.843
123 11.843
124 11.843
125 11.843
126 11.843
127 11.843
128 11.843
129 11.843
130 11.843
131 11.843
132 11.843
133 11.843
134 11.843
135 11.843
136 11.843
137 11.843
138 11.843
139 11.843
140 11.843
141 11.843
142 11.843
143 11.843
144 11.843
145 11.843
146 11.843
147 11.843
148 11.843
149 11.843
150 11.843
151 11.843
152 11.843
153 11.843
154 11.843
155 11.843
156 11.843
157 11.843
158 11.843
159 11.843
160 11.843
161 11.843
162 11.843
163 11.843
164 11.843
165 11.843
166 11.843
167 11.843
168 11.843
169 11.843
170 11.843
171 11.843
172 11.843
173 11.843
174 11.843
175 11.843
176 11.843
177 11.843
178 11.843
179 11.843
180 11.843
181 11.843
182 11.843
183 11.843
184 11.843
185 11.843
186 11.843
187 11.843
188 11.843
189 11.843
190 11.843
191 11.843
192 11.843
193 11.843
194 11.843
195 11.843
196 11.843
197 11.843
198 11.843
199 11.843
200 11.843
201 11.843
202 11.843
203 11.843
204 11.843
205 11.843
206 11.843
207 11.843
208 11.843
209 11.843
210 11.843
211 11.843
212 11.843
213 11.843
214 11.843
