1 11.8252
2 11.8252
3 11.8252
4 11.8252
5 11.8252
6 11.8252
7 11.8252
8 11.8252
9 11.8252
10 11.8252
11 11.8252
12 11.8252
13 11.8252
14 11.8252
15 11.8252
16 11.8252
17 11.8252
18 11.8252
19 11.8252
20 11.8252
21 11.8252
22 11.8252
23 11.8252
24 11.8252
25 11.8252
26 11.8252
27 11.8252
28 11.8252
29 11.8252
30 11.8252
31 11.8252
32 11.8252
33 11.8252
34 11.8252
35 11.8252
36 11.8252
37 11.8252
38 11.8252
39 11.8252
40 11.8252
41 11.8252
42 11.8252
43 11.8252
44 11.8252
45 11.8252
46 11.8252
47 11.8252
48 11.8252
49 11.8252
50 11.8252
51 11.8252
52 11.8252
53 11.8252
54 11.8252
55 11.8252
56 11.8252
57 11.8252
58 11.8252
59 11.8252
60 11.8252
61 11.8252
62 11.8252
63 11.8252
64 11.8252
65 11.8252
66 11.8252
67 11.8252
68 11.8252
69 11.8252
70 11.8252
71 11.8252
72 11.8252
73 11.8252
74 11.8252
75 11.8252
76 11.8252
77 11.8252
78 11.8252
79 11.8252
80 11.8252
81 11.8252
82 11.8252
83 11.8252
84 11.8252
85 11.8252
86 11.8252
87 11.8252
88 11.8252
89 11.8252
90 11.8252
91 11.8252
92 11.8252
93 11.8252
94 11.8252
95 11.8252
96 11.8252
97 11.8252
98 11.8252
99 11.8252
100 11.6525
101 11.0585
102 11.6525
103 11.8252
104 11.9051
105 11.2328
106 11.3326
107 10.6497
108 10.5429
109 10.5148
110 10.5275
111 10.6065
112 11.5236
113 12
114 11.2873
115 11.6525
116 11.8252
117 11.8252
118 11.8252
119 11.8252
120 11.8252
121 11.8252
122 11.8252
123 11.8252
124 11.8252
125 11.8252
126 11.8252
127 11.8252
128 11.8252
129 11.8252
130 11.8252
131 11.8252
132 11.8252
133 11.8252
134 11.8252
135 11.8252
136 11.8252
137 11.8252
138 11.8252
139 11.8252
140 11.8252
141 11.8252
142 11.8252
143 11.8252
144 11.8252
145 11.8252
146 11.8252
147 11.8252
148 11.8252
149 11.8252
150 11.8252
151 11.8252
152 11.8252
153 11.8252
154 11.8252
155 11.8252
156 11.8252
157 11.8252
158 11.8252
159 11.8252
160 11.8252
161 11.8252
162 11.8252
163 11.8252
164 11.8252
165 11.8252
166 11.8252
167 11.8252
168 11.8252
169 11.8252
170 11.8252
171 11.8252
172 11.8252
173 11.8252
174 11.8252
175 11.8252
176 11.8252
177 11.8252
178 11.8252
179 11.8252
180 11.8252
181 11.8252
182 11.8252
183 11.8252
184 11.8252
185 11.8252
186 11.8252
187 11.8252
188 11.8252
189 11.8252
190 11.8252
191 11.8252
192 11.8252
193 11.8252
194 11.8252
195 11.8252
196 11.8252
197 11.8252
198 11.8252
199 11.8252
200 11.8252
201 11.8252
202 11.8252
203 11.8252
204 11.8252
205 11.8252
206 11.8252
207 11.8252
208 11.8252
209 11.8252
210 11.8252
211 11.8252
212 11.8252
213 11.8252
214 11.8252
