1 11.8065
2 11.8065
3 11.8065
4 11.8065
5 11.8065
6 11.8065
7 11.8065
8 11.8065
9 11.8065
10 11.8065
11 11.8065
12 11.8065
13 11.8065
14 11.8065
15 11.8065
16 11.8065
17 11.8065
18 11.8065
19 11.8065
20 11.8065
21 11.8065
22 11.8065
23 11.8065
24 11.8065
25 11.8065
26 11.8065
27 11.8065
28 11.8065
29 11.8065
30 11.8065
31 11.8065
32 11.8065
33 11.8065
34 11.8065
35 11.8065
36 11.8065
37 11.8065
38 11.8065
39 11.8065
40 11.8065
41 11.8065
42 11.8065
43 11.8065
44 11.8065
45 11.8065
46 11.8065
47 11.8065
48 11.8065
49 11.8065
50 11.8065
51 11.8065
52 11.8065
53 11.8065
54 11.8065
55 11.8065
56 11.8065
57 11.8065
58 11.8065
59 11.8065
60 11.8065
61 11.8065
62 11.8065
63 11.8065
64 11.8065
65 11.8065
66 11.8065
67 11.8065
68 11.8065
69 11.8065
70 11.8065
71 11.8065
72 11.8065
73 11.8065
74 11.8065
75 11.8065
76 11.8065
77 11.8065
78 11.8065
79 11.8065
80 11.8065
81 11.8065
82 11.8065
83 11.8065
84 11.8065
85 11.8065
86 11.8065
87 11.8065
88 11.8065
89 11.8065
90 11.8065
91 11.8065
92 11.8065
93 11.8065
94 11.8065
95 11.8065
96 11.8065
97 11.8065
98 11.8065
99 11.9375
100 11.7302
101 11.2033
102 11.7302
103 12
104 11.7518
105 11.0195
106 10.9968
107 10.3889
108 10.3005
109 10.2799
110 10.2884
111 10.3651
112 11.245
113 11.7772
114 11.3881
115 11.7302
116 11.9375
117 11.8065
118 11.8065
119 11.8065
120 11.8065
121 11.8065
122 11.8065
123 11.8065
124 11.8065
125 11.8065
126 11.8065
127 11.8065
128 11.8065
129 11.8065
130 11.8065
131 11.8065
132 11.8065
133 11.8065
134 11.8065
135 11.8065
136 11.8065
137 11.8065
138 11.8065
139 11.8065
140 11.8065
141 11.8065
142 11.8065
143 11.8065
144 11.8065
145 11.8065
146 11.8065
147 11.8065
148 11.8065
149 11.8065
150 11.8065
151 11.8065
152 11.8065
153 11.8065
154 11.8065
155 11.8065
156 11.8065
157 11.8065
158 11.8065
159 11.8065
160 11.8065
161 11.8065
162 11.8065
163 11.8065
164 11.8065
165 11.8065
166 11.8065
167 11.8065
168 11.8065
169 11.8065
170 11.8065
171 11.8065
172 11.8065
173 11.8065
174 11.8065
175 11.8065
176 11.8065
177 11.8065
178 11.8065
179 11.8065
180 11.8065
181 11.8065
182 11.8065
183 11.8065
184 11.8065
185 11.8065
186 11.8065
187 11.8065
188 11.8065
189 11.8065
190 11.8065
191 11.8065
192 11.8065
193 11.8065
194 11.8065
195 11.8065
196 11.8065
197 11.8065
198 11.8065
199 11.8065
200 11.8065
201 11.8065
202 11.8065
203 11.8065
204 11.8065
205 11.8065
206 11.8065
207 11.8065
208 11.8065
209 11.8065
210 11.8065
211 11.8065
212 11.8065
213 11.8065
214 11.8065
