1 11.9829
2 11.9829
3 11.9829
4 11.9829
5 11.9829
6 11.9829
7 11.9829
8 11.9829
9 11.9829
10 11.9829
11 11.9829
12 11.9829
13 11.9829
14 11.9829
15 11.9829
16 11.9829
17 11.9829
18 11.9829
19 11.9829
20 11.9829
21 11.9829
22 11.9829
23 11.9829
24 11.9829
25 11.9829
26 11.9829
27 11.9829
28 11.9829
29 11.9829
30 11.9829
31 11.9829
32 11.9829
33 11.9829
34 11.9829
35 11.9829
36 11.9829
37 11.9829
38 11.9829
39 11.9829
40 11.9829
41 11.9829
42 11.9829
43 11.9829
44 11.9829
45 11.9829
46 11.9829
47 11.9829
48 11.9829
49 11.9829
50 11.9829
51 11.9829
52 11.9829
53 11.9829
54 11.9829
55 11.9829
56 11.9829
57 11.9829
58 11.9829
59 11.9829
60 11.9829
61 11.9829
62 11.9829
63 11.9829
64 11.9829
65 11.9829
66 11.9829
67 11.9829
68 11.9829
69 11.9829
70 11.9829
71 11.9829
72 11.9829
73 11.9829
74 11.983
75 11.9833
76 11.9839
77 11.9854
78 11.9888
79 11.9948
80 12
81 11.9775
82 11.8156
83 11.2942
84 10.3915
85 9.42832
86 8.60024
87 7.90583
88 7.30681
89 6.77799
90 6.30593
91 5.88278
92 5.50307
93 5.16253
94 4.85813
95 4.58853
96 4.35407
97 4.15621
98 3.9961
99 3.87307
100 3.78375
101 3.72225
102 3.75345
103 3.78352
104 3.81205
105 3.83885
106 3.85026
107 3.86153
108 3.86462
109 3.86462
110 3.86154
111 3.85029
112 3.82438
113 3.79718
114 3.76905
115 3.83805
116 3.93527
117 4.06463
118 4.22585
119 4.41446
120 4.62408
121 4.84989
122 5.09142
123 5.35281
124 5.64095
125 5.96306
126 6.3253
127 6.73263
128 7.19003
129 7.70512
130 8.29309
131 8.98397
132 9.81784
133 10.7613
134 11.5453
135 11.9125
136 11.9964
137 11.9977
138 11.9899
139 11.9854
140 11.9835
141 11.983
142 11.9829
143 11.9829
144 11.9829
145 11.9829
146 11.9829
147 11.9829
148 11.9829
149 11.9829
150 11.9829
151 11.9829
152 11.9829
153 11.9829
154 11.9829
155 11.9829
156 11.9829
157 11.9829
158 11.9829
159 11.9829
160 11.9829
161 11.9829
162 11.9829
163 11.9829
164 11.9829
165 11.9829
166 11.9829
167 11.9829
168 11.9829
169 11.9829
170 11.9829
171 11.9829
172 11.9829
173 11.9829
174 11.9829
175 11.9829
176 11.9829
177 11.9829
178 11.9829
179 11.9829
180 11.9829
181 11.9829
182 11.9829
183 11.9829
184 11.9829
185 11.9829
186 11.9829
187 11.9829
188 11.9829
189 11.9829
190 11.9829
191 11.9829
192 11.9829
193 11.9829
194 11.9829
195 11.9829
196 11.9829
197 11.9829
198 11.9829
199 11.9829
200 11.9829
201 11.9829
202 11.9829
203 11.9829
204 11.9829
205 11.9829
206 11.9829
207 11.9829
208 11.9829
209 11.9829
210 11.9829
211 11.9829
212 11.9829
213 11.9829
214 11.9829
