1 11.9532
2 11.9532
3 11.9532
4 11.9532
5 11.9532
6 11.9532
7 11.9532
8 11.9532
9 11.9532
10 11.9532
11 11.9532
12 11.9532
13 11.9532
14 11.9532
15 11.9532
16 11.9532
17 11.9532
18 11.9532
19 11.9532
20 11.9532
21 11.9532
22 11.9532
23 11.9532
24 11.9532
25 11.9532
26 11.9532
27 11.9532
28 11.9532
29 11.9532
30 11.9532
31 11.9532
32 11.9532
33 11.9532
34 11.9532
35 11.9532
36 11.9532
37 11.9532
38 11.9532
39 11.9532
40 11.9532
41 11.9532
42 11.9532
43 11.9532
44 11.9532
45 11.9532
46 11.9532
47 11.9532
48 11.9532
49 11.9532
50 11.9532
51 11.9532
52 11.9532
53 11.9532
54 11.9532
55 11.9532
56 11.9532
57 11.9532
58 11.9532
59 11.9532
60 11.9532
61 11.9532
62 11.9532
63 11.9532
64 11.9532
65 11.9532
66 11.9532
67 11.9532
68 11.9532
69 11.9532
70 11.9532
71 11.9532
72 11.9532
73 11.9532
74 11.9532
75 11.9532
76 11.9532
77 11.9532
78 11.9532
79 11.9532
80 11.9532
81 11.9532
82 11.9532
83 11.9532
84 11.9532
85 11.9532
86 11.9532
87 11.9532
88 11.9532
89 11.9532
90 11.9532
91 11.9532
92 11.9532
93 11.9532
94 11.9532
95 11.9532
96 11.9532
97 11.9532
98 11.9532
99 11.9532
100 11.949
101 11.1873
102 11.949
103 11.9532
104 11.949
105 11.3471
106 12
107 11.1483
108 11.0418
109 11.0119
110 11.0212
111 11.0901
112 11.9937
113 11.949
114 11.1873
115 11.949
116 11.9532
117 11.9532
118 11.9532
119 11.9532
120 11.9532
121 11.9532
122 11.9532
123 11.9532
124 11.9532
125 11.9532
126 11.9532
127 11.9532
128 11.9532
129 11.9532
130 11.9532
131 11.9532
132 11.9532
133 11.9532
134 11.9532
135 11.9532
136 11.9532
137 11.9532
138 11.9532
139 11.9532
140 11.9532
141 11.9532
142 11.9532
143 11.9532
144 11.9532
145 11.9532
146 11.9532
147 11.9532
148 11.9532
149 11.9532
150 11.9532
151 11.9532
152 11.9532
153 11.9532
154 11.9532
155 11.9532
156 11.9532
157 11.9532
158 11.9532
159 11.9532
160 11.9532
161 11.9532
162 11.9532
163 11.9532
164 11.9532
165 11.9532
166 11.9532
167 11.9532
168 11.9532
169 11.9532
170 11.9532
171 11.9532
172 11.9532
173 11.9532
174 11.9532
175 11.9532
176 11.9532
177 11.9532
178 11.9532
179 11.9532
180 11.9532
181 11.9532
182 11.9532
183 11.9532
184 11.9532
185 11.9532
186 11.9532
187 11.9532
188 11.9532
189 11.9532
190 11.9532
191 11.9532
192 11.9532
193 11.9532
194 11.9532
195 11.9532
196 11.9532
197 11.9532
198 11.9532
199 11.9532
200 11.9532
201 11.9532
202 11.9532
203 11.9532
204 11.9532
205 11.9532
206 11.9532
207 11.9532
208 11.9532
209 11.9532
210 11.9532
211 11.9532
212 11.9532
213 11.9532
214 11.9532
