1 11.9888
2 11.9888
3 11.9888
4 11.9888
5 11.9888
6 11.9888
7 11.9888
8 11.9888
9 11.9888
10 11.9888
11 11.9888
12 11.9888
13 11.9888
14 11.9888
15 11.9888
16 11.9888
17 11.9888
18 11.9888
19 11.9888
20 11.9888
21 11.9888
22 11.9888
23 11.9888
24 11.9888
25 11.9888
26 11.9888
27 11.9888
28 11.9888
29 11.9888
30 11.9888
31 11.9888
32 11.9888
33 11.9888
34 11.9888
35 11.9888
36 11.9888
37 11.9888
38 11.9888
39 11.9888
40 11.9888
41 11.9888
42 11.9888
43 11.9888
44 11.9888
45 11.9888
46 11.9888
47 11.9888
48 11.9888
49 11.9888
50 11.9888
51 11.9888
52 11.9888
53 11.9888
54 11.9888
55 11.9888
56 11.9888
57 11.9888
58 11.9888
59 11.9888
60 11.9888
61 11.9888
62 11.9888
63 11.9888
64 11.9888
65 11.9888
66 11.9888
67 11.9888
68 11.9888
69 11.9888
70 11.9888
71 11.9888
72 11.9888
73 11.9888
74 11.9888
75 11.9888
76 11.9888
77 11.9888
78 11.9888
79 11.9888
80 11.9888
81 11.9888
82 11.9888
83 11.9888
84 11.9888
85 11.9888
86 11.9888
87 11.9888
88 11.9888
89 11.9888
90 11.9888
91 11.9888
92 11.9888
93 11.9888
94 11.9888
95 11.9888
96 11.9888
97 11.9888
98 11.9888
99 11.9888
100 11.962
101 11.2251
102 11.962
103 11.9888
104 11.962
105 11.4399
106 12
107 11.1642
108 11.0608
109 11.0261
110 11.0237
111 11.0853
112 11.9989
113 11.962
114 11.2251
115 11.962
116 11.9888
117 11.9888
118 11.9888
119 11.9888
120 11.9888
121 11.9888
122 11.9888
123 11.9888
124 11.9888
125 11.9888
126 11.9888
127 11.9888
128 11.9888
129 11.9888
130 11.9888
131 11.9888
132 11.9888
133 11.9888
134 11.9888
135 11.9888
136 11.9888
137 11.9888
138 11.9888
139 11.9888
140 11.9888
141 11.9888
142 11.9888
143 11.9888
144 11.9888
145 11.9888
146 11.9888
147 11.9888
148 11.9888
149 11.9888
150 11.9888
151 11.9888
152 11.9888
153 11.9888
154 11.9888
155 11.9888
156 11.9888
157 11.9888
158 11.9888
159 11.9888
160 11.9888
161 11.9888
162 11.9888
163 11.9888
164 11.9888
165 11.9888
166 11.9888
167 11.9888
168 11.9888
169 11.9888
170 11.9888
171 11.9888
172 11.9888
173 11.9888
174 11.9888
175 11.9888
176 11.9888
177 11.9888
178 11.9888
179 11.9888
180 11.9888
181 11.9888
182 11.9888
183 11.9888
184 11.9888
185 11.9888
186 11.9888
187 11.9888
188 11.9888
189 11.9888
190 11.9888
191 11.9888
192 11.9888
193 11.9888
194 11.9888
195 11.9888
196 11.9888
197 11.9888
198 11.9888
199 11.9888
200 11.9888
201 11.9888
202 11.9888
203 11.9888
204 11.9888
205 11.9888
206 11.9888
207 11.9888
208 11.9888
209 11.9888
210 11.9888
211 11.9888
212 11.9888
213 11.9888
214 11.9888
