1 11.9621
2 11.9621
3 11.9621
4 11.9621
5 11.9621
6 11.9621
7 11.9621
8 11.9621
9 11.9621
10 11.9621
11 11.9621
12 11.9621
13 11.9621
14 11.9621
15 11.9621
16 11.9621
17 11.9621
18 11.9621
19 11.9621
20 11.9621
21 11.9621
22 11.9621
23 11.9621
24 11.9621
25 11.9621
26 11.9621
27 11.9621
28 11.9621
29 11.9621
30 11.9621
31 11.9621
32 11.9621
33 11.9621
34 11.9621
35 11.9621
36 11.9621
37 11.9621
38 11.9621
39 11.9621
40 11.9621
41 11.9621
42 11.9621
43 11.9621
44 11.9621
45 11.9621
46 11.9621
47 11.9621
48 11.9621
49 11.9621
50 11.9621
51 11.9621
52 11.9621
53 11.9621
54 11.9621
55 11.9621
56 11.9621
57 11.9621
58 11.9621
59 11.9621
60 11.9621
61 11.9621
62 11.9621
63 11.9621
64 11.9621
65 11.9621
66 11.9621
67 11.9621
68 11.9621
69 11.9621
70 11.9621
71 11.9621
72 11.9621
73 11.9621
74 11.9621
75 11.9621
76 11.9621
77 11.9621
78 11.9621
79 11.9621
80 11.9621
81 11.9621
82 11.9621
83 11.9621
84 11.9621
85 11.9621
86 11.9621
87 11.9621
88 11.9621
89 11.9621
90 11.9621
91 11.9621
92 11.9621
93 11.9621
94 11.9621
95 11.9621
96 11.9621
97 11.9621
98 11.9621
99 11.9621
100 11.943
101 11.1977
102 11.943
103 11.9621
104 11.943
105 11.4136
106 12
107 11.1605
108 11.0578
109 11.0234
110 11.021
111 11.082
112 11.996
113 11.943
114 11.1977
115 11.943
116 11.9621
117 11.9621
118 11.9621
119 11.9621
120 11.9621
121 11.9621
122 11.9621
123 11.9621
124 11.9621
125 11.9621
126 11.9621
127 11.9621
128 11.9621
129 11.9621
130 11.9621
131 11.9621
132 11.9621
133 11.9621
134 11.9621
135 11.9621
136 11.9621
137 11.9621
138 11.9621
139 11.9621
140 11.9621
141 11.9621
142 11.9621
143 11.9621
144 11.9621
145 11.9621
146 11.9621
147 11.9621
148 11.9621
149 11.9621
150 11.9621
151 11.9621
152 11.9621
153 11.9621
154 11.9621
155 11.9621
156 11.9621
157 11.9621
158 11.9621
159 11.9621
160 11.9621
161 11.9621
162 11.9621
163 11.9621
164 11.9621
165 11.9621
166 11.9621
167 11.9621
168 11.9621
169 11.9621
170 11.9621
171 11.9621
172 11.9621
173 11.9621
174 11.9621
175 11.9621
176 11.9621
177 11.9621
178 11.9621
179 11.9621
180 11.9621
181 11.9621
182 11.9621
183 11.9621
184 11.9621
185 11.9621
186 11.9621
187 11.9621
188 11.9621
189 11.9621
190 11.9621
191 11.9621
192 11.9621
193 11.9621
194 11.9621
195 11.9621
196 11.9621
197 11.9621
198 11.9621
199 11.9621
200 11.9621
201 11.9621
202 11.9621
203 11.9621
204 11.9621
205 11.9621
206 11.9621
207 11.9621
208 11.9621
209 11.9621
210 11.9621
211 11.9621
212 11.9621
213 11.9621
214 11.9621
