1 11.9406
2 11.9406
3 11.9406
4 11.9406
5 11.9406
6 11.9406
7 11.9406
8 11.9406
9 11.9406
10 11.9406
11 11.9406
12 11.9406
13 11.9406
14 11.9406
15 11.9406
16 11.9406
17 11.9406
18 11.9406
19 11.9406
20 11.9406
21 11.9406
22 11.9406
23 11.9406
24 11.9406
25 11.9406
26 11.9406
27 11.9406
28 11.9406
29 11.9406
30 11.9406
31 11.9406
32 11.9406
33 11.9406
34 11.9406
35 11.9406
36 11.9406
37 11.9406
38 11.9406
39 11.9406
40 11.9406
41 11.9406
42 11.9406
43 11.9406
44 11.9406
45 11.9406
46 11.9406
47 11.9406
48 11.9406
49 11.9406
50 11.9406
51 11.9406
52 11.9406
53 11.9406
54 11.9406
55 11.9406
56 11.9406
57 11.9406
58 11.9406
59 11.9406
60 11.9406
61 11.9406
62 11.9406
63 11.9406
64 11.9406
65 11.9406
66 11.9406
67 11.9406
68 11.9406
69 11.9406
70 11.9406
71 11.9406
72 11.9406
73 11.9406
74 11.9406
75 11.9406
76 11.9406
77 11.9406
78 11.9406
79 11.9406
80 11.9406
81 11.9406
82 11.9406
83 11.9406
84 11.9406
85 11.9406
86 11.9406
87 11.9406
88 11.9406
89 11.9406
90 11.9406
91 11.9406
92 11.9406
93 11.9406
94 11.9406
95 11.9406
96 11.9406
97 11.9406
98 11.9406
99 11.9406
100 11.957
101 11.1717
102 11.957
103 11.9406
104 11.957
105 11.2609
106 12
107 11.1382
108 11.0507
109 11.0258
110 11.0507
111 11.1052
112 11.9892
113 11.957
114 11.1717
115 11.957
116 11.9406
117 11.9406
118 11.9406
119 11.9406
120 11.9406
121 11.9406
122 11.9406
123 11.9406
124 11.9406
125 11.9406
126 11.9406
127 11.9406
128 11.9406
129 11.9406
130 11.9406
131 11.9406
132 11.9406
133 11.9406
134 11.9406
135 11.9406
136 11.9406
137 11.9406
138 11.9406
139 11.9406
140 11.9406
141 11.9406
142 11.9406
143 11.9406
144 11.9406
145 11.9406
146 11.9406
147 11.9406
148 11.9406
149 11.9406
150 11.9406
151 11.9406
152 11.9406
153 11.9406
154 11.9406
155 11.9406
156 11.9406
157 11.9406
158 11.9406
159 11.9406
160 11.9406
161 11.9406
162 11.9406
163 11.9406
164 11.9406
165 11.9406
166 11.9406
167 11.9406
168 11.9406
169 11.9406
170 11.9406
171 11.9406
172 11.9406
173 11.9406
174 11.9406
175 11.9406
176 11.9406
177 11.9406
178 11.9406
179 11.9406
180 11.9406
181 11.9406
182 11.9406
183 11.9406
184 11.9406
185 11.9406
186 11.9406
187 11.9406
188 11.9406
189 11.9406
190 11.9406
191 11.9406
192 11.9406
193 11.9406
194 11.9406
195 11.9406
196 11.9406
197 11.9406
198 11.9406
199 11.9406
200 11.9406
201 11.9406
202 11.9406
203 11.9406
204 11.9406
205 11.9406
206 11.9406
207 11.9406
208 11.9406
209 11.9406
210 11.9406
211 11.9406
212 11.9406
213 11.9406
214 11.9406
