1 11.9521
2 11.9521
3 11.9521
4 11.9521
5 11.9521
6 11.9521
7 11.9521
8 11.9521
9 11.9521
10 11.9521
11 11.9521
12 11.9521
13 11.9521
14 11.9521
15 11.9521
16 11.9521
17 11.9521
18 11.9521
19 11.9521
20 11.9521
21 11.9521
22 11.9521
23 11.9521
24 11.9521
25 11.9521
26 11.9521
27 11.9521
28 11.9521
29 11.9521
30 11.9521
31 11.9521
32 11.9521
33 11.9521
34 11.9521
35 11.9521
36 11.9521
37 11.9521
38 11.9521
39 11.9521
40 11.9521
41 11.9521
42 11.9521
43 11.9521
44 11.9521
45 11.9521
46 11.9521
47 11.9521
48 11.9521
49 11.9521
50 11.9521
51 11.9521
52 11.9521
53 11.9521
54 11.9521
55 11.9521
56 11.9521
57 11.9521
58 11.9521
59 11.9521
60 11.9521
61 11.9521
62 11.9521
63 11.9521
64 11.9521
65 11.9521
66 11.9521
67 11.9521
68 11.9521
69 11.9521
70 11.9521
71 11.9521
72 11.9521
73 11.9521
74 11.9521
75 11.9521
76 11.9521
77 11.9521
78 11.9521
79 11.9521
80 11.9521
81 11.9521
82 11.9521
83 11.9521
84 11.9521
85 11.9521
86 11.9521
87 11.9521
88 11.9521
89 11.9521
90 11.9521
91 11.9521
92 11.9521
93 11.9521
94 11.9521
95 11.9521
96 11.9521
97 11.9521
98 11.9521
99 11.9521
100 11.9873
101 11.1797
102 11.9873
103 11.9521
104 11.9873
105 11.1797
106 12
107 11.1309
108 11.0941
109 11.096
110 11.0941
111 11.1309
112 11.9873
113 11.9873
114 11.1797
115 11.9873
116 11.9521
117 11.9521
118 11.9521
119 11.9521
120 11.9521
121 11.9521
122 11.9521
123 11.9521
124 11.9521
125 11.9521
126 11.9521
127 11.9521
128 11.9521
129 11.9521
130 11.9521
131 11.9521
132 11.9521
133 11.9521
134 11.9521
135 11.9521
136 11.9521
137 11.9521
138 11.9521
139 11.9521
140 11.9521
141 11.9521
142 11.9521
143 11.9521
144 11.9521
145 11.9521
146 11.9521
147 11.9521
148 11.9521
149 11.9521
150 11.9521
151 11.9521
152 11.9521
153 11.9521
154 11.9521
155 11.9521
156 11.9521
157 11.9521
158 11.9521
159 11.9521
160 11.9521
161 11.9521
162 11.9521
163 11.9521
164 11.9521
165 11.9521
166 11.9521
167 11.9521
168 11.9521
169 11.9521
170 11.9521
171 11.9521
172 11.9521
173 11.9521
174 11.9521
175 11.9521
176 11.9521
177 11.9521
178 11.9521
179 11.9521
180 11.9521
181 11.9521
182 11.9521
183 11.9521
184 11.9521
185 11.9521
186 11.9521
187 11.9521
188 11.9521
189 11.9521
190 11.9521
191 11.9521
192 11.9521
193 11.9521
194 11.9521
195 11.9521
196 11.9521
197 11.9521
198 11.9521
199 11.9521
200 11.9521
201 11.9521
202 11.9521
203 11.9521
204 11.9521
205 11.9521
206 11.9521
207 11.9521
208 11.9521
209 11.9521
210 11.9521
211 11.9521
212 11.9521
213 11.9521
214 11.9521
