1 11.9819
2 11.9819
3 11.9819
4 11.9819
5 11.9819
6 11.9819
7 11.9819
8 11.9819
9 11.9819
10 11.9819
11 11.9819
12 11.9819
13 11.9819
14 11.9819
15 11.9819
16 11.9819
17 11.9819
18 11.9819
19 11.9819
20 11.9819
21 11.9819
22 11.9819
23 11.9819
24 11.9819
25 11.9819
26 11.9819
27 11.9819
28 11.9819
29 11.9819
30 11.9819
31 11.9819
32 11.9819
33 11.9819
34 11.9819
35 11.9819
36 11.9819
37 11.9819
38 11.9819
39 11.9819
40 11.9819
41 11.9819
42 11.9819
43 11.9819
44 11.9819
45 11.9819
46 11.9819
47 11.9819
48 11.9819
49 11.9819
50 11.9819
51 11.9819
52 11.9819
53 11.9819
54 11.9819
55 11.9819
56 11.9819
57 11.9819
58 11.9819
59 11.9819
60 11.9819
61 11.9819
62 11.9819
63 11.9819
64 11.9819
65 11.9819
66 11.9819
67 11.9819
68 11.9819
69 11.9819
70 11.9819
71 11.9819
72 11.9819
73 11.9819
74 11.9819
75 11.9821
76 11.9824
77 11.9832
78 11.9856
79 11.9904
80 11.9973
81 11.996
82 11.9273
83 11.6134
84 10.8765
85 9.90568
86 9.00573
87 8.25031
88 7.60725
89 7.04465
90 6.54455
91 6.0971
92 5.69593
93 5.33614
94 5.01398
95 4.72715
96 4.47521
97 4.25925
98 4.08083
99 3.94037
100 3.83581
101 3.76228
102 3.79489
103 3.82637
104 3.85628
105 3.88431
106 3.89655
107 3.90863
108 3.91195
109 3.91195
110 3.90863
111 3.89661
112 3.86972
113 3.84153
114 3.81245
115 3.89386
116 4.00599
117 4.15096
118 4.32632
119 4.52612
120 4.74412
121 4.97731
122 5.22764
123 5.50105
124 5.80505
125 6.14652
126 6.53099
127 6.96315
128 7.44868
129 7.9978
130 8.63154
131 9.38705
132 10.2876
133 11.197
134 11.7811
135 11.9749
136 12
137 11.9926
138 11.986
139 11.983
140 11.9821
141 11.9819
142 11.9819
143 11.9819
144 11.9819
145 11.9819
146 11.9819
147 11.9819
148 11.9819
149 11.9819
150 11.9819
151 11.9819
152 11.9819
153 11.9819
154 11.9819
155 11.9819
156 11.9819
157 11.9819
158 11.9819
159 11.9819
160 11.9819
161 11.9819
162 11.9819
163 11.9819
164 11.9819
165 11.9819
166 11.9819
167 11.9819
168 11.9819
169 11.9819
170 11.9819
171 11.9819
172 11.9819
173 11.9819
174 11.9819
175 11.9819
176 11.9819
177 11.9819
178 11.9819
179 11.9819
180 11.9819
181 11.9819
182 11.9819
183 11.9819
184 11.9819
185 11.9819
186 11.9819
187 11.9819
188 11.9819
189 11.9819
190 11.9819
191 11.9819
192 11.9819
193 11.9819
194 11.9819
195 11.9819
196 11.9819
197 11.9819
198 11.9819
199 11.9819
200 11.9819
201 11.9819
202 11.9819
203 11.9819
204 11.9819
205 11.9819
206 11.9819
207 11.9819
208 11.9819
209 11.9819
210 11.9819
211 11.9819
212 11.9819
213 11.9819
214 11.9819
