1 11.9871
2 11.9871
3 11.9871
4 11.9871
5 11.9871
6 11.9871
7 11.9871
8 11.9871
9 11.9871
10 11.9871
11 11.9871
12 11.9871
13 11.9871
14 11.9871
15 11.9871
16 11.9871
17 11.9871
18 11.9871
19 11.9871
20 11.9871
21 11.9871
22 11.9871
23 11.9871
24 11.9871
25 11.9871
26 11.9871
27 11.9871
28 11.9871
29 11.9871
30 11.9871
31 11.9871
32 11.9871
33 11.9871
34 11.9871
35 11.9871
36 11.9871
37 11.9871
38 11.9871
39 11.9871
40 11.9871
41 11.9871
42 11.9871
43 11.9871
44 11.9871
45 11.9871
46 11.9871
47 11.9871
48 11.9871
49 11.9871
50 11.9871
51 11.9871
52 11.9871
53 11.9871
54 11.9871
55 11.9871
56 11.9871
57 11.9871
58 11.9871
59 11.9871
60 11.9871
61 11.9871
62 11.9871
63 11.9871
64 11.9871
65 11.9871
66 11.9871
67 11.9871
68 11.9871
69 11.9871
70 11.9871
71 11.9871
72 11.9872
73 11.9875
74 11.9881
75 11.9899
76 11.9934
77 11.9985
78 11.9971
79 11.9429
80 11.6832
81 11.0105
82 10.0326
83 9.0883
84 8.30134
85 7.6428
86 7.07265
87 6.56761
88 6.11545
89 5.70906
90 5.34353
91 5.0153
92 4.72207
93 4.4631
94 4.239
95 4.05099
96 3.89968
97 3.78384
98 3.69979
99 3.64175
100 3.60294
101 3.57701
102 3.60174
103 3.62539
104 3.6479
105 3.66929
106 3.67786
107 3.68635
108 3.68863
109 3.68863
110 3.68635
111 3.67786
112 3.65681
113 3.63473
114 3.61168
115 3.64255
116 3.68746
117 3.7527
118 3.84444
119 3.9668
120 4.12032
121 4.3017
122 4.50544
123 4.72671
124 4.96397
125 5.21987
126 5.50004
127 5.81115
128 6.15936
129 6.54987
130 6.98784
131 7.48058
132 8.04212
133 8.70059
134 9.49995
135 10.4436
136 11.3259
137 11.8275
138 11.9801
139 12
140 11.995
141 11.9902
142 11.9879
143 11.9872
144 11.9871
145 11.9871
146 11.9871
147 11.9871
148 11.9871
149 11.9871
150 11.9871
151 11.9871
152 11.9871
153 11.9871
154 11.9871
155 11.9871
156 11.9871
157 11.9871
158 11.9871
159 11.9871
160 11.9871
161 11.9871
162 11.9871
163 11.9871
164 11.9871
165 11.9871
166 11.9871
167 11.9871
168 11.9871
169 11.9871
170 11.9871
171 11.9871
172 11.9871
173 11.9871
174 11.9871
175 11.9871
176 11.9871
177 11.9871
178 11.9871
179 11.9871
180 11.9871
181 11.9871
182 11.9871
183 11.9871
184 11.9871
185 11.9871
186 11.9871
187 11.9871
188 11.9871
189 11.9871
190 11.9871
191 11.9871
192 11.9871
193 11.9871
194 11.9871
195 11.9871
196 11.9871
197 11.9871
198 11.9871
199 11.9871
200 11.9871
201 11.9871
202 11.9871
203 11.9871
204 11.9871
205 11.9871
206 11.9871
207 11.9871
208 11.9871
209 11.9871
210 11.9871
211 11.9871
212 11.9871
213 11.9871
214 11.9871
