1 11.9817
2 11.9817
3 11.9817
4 11.9817
5 11.9817
6 11.9817
7 11.9817
8 11.9817
9 11.9817
10 11.9817
11 11.9817
12 11.9817
13 11.9817
14 11.9817
15 11.9817
16 11.9817
17 11.9817
18 11.9817
19 11.9817
20 11.9817
21 11.9817
22 11.9817
23 11.9817
24 11.9817
25 11.9817
26 11.9817
27 11.9817
28 11.9817
29 11.9817
30 11.9817
31 11.9817
32 11.9817
33 11.9817
34 11.9817
35 11.9817
36 11.9817
37 11.9817
38 11.9817
39 11.9817
40 11.9817
41 11.9817
42 11.9817
43 11.9817
44 11.9817
45 11.9817
46 11.9817
47 11.9817
48 11.9817
49 11.9817
50 11.9817
51 11.9817
52 11.9817
53 11.9817
54 11.9817
55 11.9817
56 11.9817
57 11.9817
58 11.9817
59 11.9817
60 11.9817
61 11.9817
62 11.9817
63 11.9817
64 11.9817
65 11.9817
66 11.9817
67 11.9817
68 11.9817
69 11.9817
70 11.9817
71 11.9817
72 11.9817
73 11.9817
74 11.9817
75 11.9818
76 11.9822
77 11.9829
78 11.9848
79 11.9888
80 11.9955
81 12
82 11.9667
83 11.7615
84 11.1658
85 10.232
86 9.29023
87 8.48882
88 7.8121
89 7.22451
90 6.70425
91 6.23956
92 5.82324
93 5.45
94 5.11562
95 4.81722
96 4.55372
97 4.3258
98 4.13509
99 3.9826
100 3.86715
101 3.78467
102 3.81819
103 3.85057
104 3.88134
105 3.91018
106 3.92301
107 3.93568
108 3.93918
109 3.93918
110 3.93568
111 3.9231
112 3.89563
113 3.86687
114 3.83722
115 3.92771
116 4.05021
117 4.20544
118 4.38955
119 4.59597
120 4.81906
121 5.05731
122 5.31426
123 5.59678
124 5.91244
125 6.26776
126 6.66787
127 7.11747
128 7.62314
129 8.19762
130 8.8668
131 9.67034
132 10.602
133 11.4404
134 11.8801
135 11.9932
136 11.9988
137 11.9902
138 11.9848
139 11.9825
140 11.9818
141 11.9817
142 11.9817
143 11.9817
144 11.9817
145 11.9817
146 11.9817
147 11.9817
148 11.9817
149 11.9817
150 11.9817
151 11.9817
152 11.9817
153 11.9817
154 11.9817
155 11.9817
156 11.9817
157 11.9817
158 11.9817
159 11.9817
160 11.9817
161 11.9817
162 11.9817
163 11.9817
164 11.9817
165 11.9817
166 11.9817
167 11.9817
168 11.9817
169 11.9817
170 11.9817
171 11.9817
172 11.9817
173 11.9817
174 11.9817
175 11.9817
176 11.9817
177 11.9817
178 11.9817
179 11.9817
180 11.9817
181 11.9817
182 11.9817
183 11.9817
184 11.9817
185 11.9817
186 11.9817
187 11.9817
188 11.9817
189 11.9817
190 11.9817
191 11.9817
192 11.9817
193 11.9817
194 11.9817
195 11.9817
196 11.9817
197 11.9817
198 11.9817
199 11.9817
200 11.9817
201 11.9817
202 11.9817
203 11.9817
204 11.9817
205 11.9817
206 11.9817
207 11.9817
208 11.9817
209 11.9817
210 11.9817
211 11.9817
212 11.9817
213 11.9817
214 11.9817
