1 11.9801
2 11.9801
3 11.9801
4 11.9801
5 11.9801
6 11.9801
7 11.9801
8 11.9801
9 11.9801
10 11.9801
11 11.9801
12 11.9801
13 11.9801
14 11.9801
15 11.9801
16 11.9801
17 11.9801
18 11.9801
19 11.9801
20 11.9801
21 11.9801
22 11.9801
23 11.9801
24 11.9801
25 11.9801
26 11.9801
27 11.9801
28 11.9801
29 11.9801
30 11.9801
31 11.9801
32 11.9801
33 11.9801
34 11.9801
35 11.9801
36 11.9801
37 11.9801
38 11.9801
39 11.9801
40 11.9801
41 11.9801
42 11.9801
43 11.9801
44 11.9801
45 11.9801
46 11.9801
47 11.9801
48 11.9801
49 11.9801
50 11.9801
51 11.9801
52 11.9801
53 11.9801
54 11.9801
55 11.9801
56 11.9801
57 11.9801
58 11.9801
59 11.9801
60 11.9801
61 11.9801
62 11.9801
63 11.9801
64 11.9801
65 11.9801
66 11.9801
67 11.9801
68 11.9801
69 11.9801
70 11.9801
71 11.9801
72 11.9801
73 11.9801
74 11.9801
75 11.9801
76 11.9802
77 11.9806
78 11.9815
79 11.984
80 11.9891
81 11.9967
82 11.9963
83 11.9289
84 11.615
85 10.879
86 9.91359
87 9.01806
88 8.2633
89 7.61866
90 7.05389
91 6.55188
92 6.1031
93 5.7012
94 5.34115
95 5.01904
96 4.73245
97 4.48095
98 4.26578
99 4.08864
100 3.94995
101 3.84747
102 3.88269
103 3.91665
104 3.94895
105 3.97917
106 3.99334
107 4.00731
108 4.01123
109 4.01123
110 4.00733
111 3.99351
112 3.96521
113 3.93562
114 3.90502
115 4.01529
116 4.15894
117 4.33366
118 4.53328
119 4.75114
120 4.98388
121 5.23342
122 5.506
123 5.80944
124 6.15089
125 6.53595
126 6.96922
127 7.45606
128 8.00606
129 8.63901
130 9.39045
131 10.2847
132 11.1934
133 11.7824
134 11.9768
135 12
136 11.9914
137 11.9844
138 11.9812
139 11.9802
140 11.9801
141 11.9801
142 11.9801
143 11.9801
144 11.9801
145 11.9801
146 11.9801
147 11.9801
148 11.9801
149 11.9801
150 11.9801
151 11.9801
152 11.9801
153 11.9801
154 11.9801
155 11.9801
156 11.9801
157 11.9801
158 11.9801
159 11.9801
160 11.9801
161 11.9801
162 11.9801
163 11.9801
164 11.9801
165 11.9801
166 11.9801
167 11.9801
168 11.9801
169 11.9801
170 11.9801
171 11.9801
172 11.9801
173 11.9801
174 11.9801
175 11.9801
176 11.9801
177 11.9801
178 11.9801
179 11.9801
180 11.9801
181 11.9801
182 11.9801
183 11.9801
184 11.9801
185 11.9801
186 11.9801
187 11.9801
188 11.9801
189 11.9801
190 11.9801
191 11.9801
192 11.9801
193 11.9801
194 11.9801
195 11.9801
196 11.9801
197 11.9801
198 11.9801
199 11.9801
200 11.9801
201 11.9801
202 11.9801
203 11.9801
204 11.9801
205 11.9801
206 11.9801
207 11.9801
208 11.9801
209 11.9801
210 11.9801
211 11.9801
212 11.9801
213 11.9801
214 11.9801
