1 11.9794
2 11.9794
3 11.9794
4 11.9794
5 11.9794
6 11.9794
7 11.9794
8 11.9794
9 11.9794
10 11.9794
11 11.9794
12 11.9794
13 11.9794
14 11.9794
15 11.9794
16 11.9794
17 11.9794
18 11.9794
19 11.9794
20 11.9794
21 11.9794
22 11.9794
23 11.9794
24 11.9794
25 11.9794
26 11.9794
27 11.9794
28 11.9794
29 11.9794
30 11.9794
31 11.9794
32 11.9794
33 11.9794
34 11.9794
35 11.9794
36 11.9794
37 11.9794
38 11.9794
39 11.9794
40 11.9794
41 11.9794
42 11.9794
43 11.9794
44 11.9794
45 11.9794
46 11.9794
47 11.9794
48 11.9794
49 11.9794
50 11.9794
51 11.9794
52 11.9794
53 11.9794
54 11.9794
55 11.9794
56 11.9794
57 11.9794
58 11.9794
59 11.9794
60 11.9794
61 11.9794
62 11.9794
63 11.9794
64 11.9794
65 11.9794
66 11.9794
67 11.9794
68 11.9794
69 11.9794
70 11.9794
71 11.9794
72 11.9794
73 11.9794
74 11.9794
75 11.9794
76 11.9794
77 11.9796
78 11.9801
79 11.9814
80 11.9848
81 11.991
82 11.9986
83 11.9874
84 11.8644
85 11.4152
86 10.5635
87 9.60175
88 8.75521
89 8.04064
90 7.42371
91 6.87969
92 6.39503
93 5.96171
94 5.57389
95 5.22677
96 4.91675
97 4.642
98 4.40278
99 4.20075
100 4.03748
101 3.91256
102 3.94929
103 3.98439
104 4.01765
105 4.04873
106 4.06443
107 4.07991
108 4.08431
109 4.08431
110 4.07994
111 4.06477
112 4.0363
113 4.00644
114 3.97519
115 4.10667
116 4.27098
117 4.46292
118 4.67525
119 4.90287
120 5.14582
121 5.40928
122 5.7011
123 6.02904
124 6.39932
125 6.8167
126 7.28588
127 7.81422
128 8.41666
129 9.12264
130 9.96847
131 10.9031
132 11.6353
133 11.9436
134 12
135 11.9943
136 11.9855
137 11.9811
138 11.9796
139 11.9794
140 11.9794
141 11.9794
142 11.9794
143 11.9794
144 11.9794
145 11.9794
146 11.9794
147 11.9794
148 11.9794
149 11.9794
150 11.9794
151 11.9794
152 11.9794
153 11.9794
154 11.9794
155 11.9794
156 11.9794
157 11.9794
158 11.9794
159 11.9794
160 11.9794
161 11.9794
162 11.9794
163 11.9794
164 11.9794
165 11.9794
166 11.9794
167 11.9794
168 11.9794
169 11.9794
170 11.9794
171 11.9794
172 11.9794
173 11.9794
174 11.9794
175 11.9794
176 11.9794
177 11.9794
178 11.9794
179 11.9794
180 11.9794
181 11.9794
182 11.9794
183 11.9794
184 11.9794
185 11.9794
186 11.9794
187 11.9794
188 11.9794
189 11.9794
190 11.9794
191 11.9794
192 11.9794
193 11.9794
194 11.9794
195 11.9794
196 11.9794
197 11.9794
198 11.9794
199 11.9794
200 11.9794
201 11.9794
202 11.9794
203 11.9794
204 11.9794
205 11.9794
206 11.9794
207 11.9794
208 11.9794
209 11.9794
210 11.9794
211 11.9794
212 11.9794
213 11.9794
214 11.9794
