1 11.977
2 11.977
3 11.977
4 11.977
5 11.977
6 11.977
7 11.977
8 11.977
9 11.977
10 11.977
11 11.977
12 11.977
13 11.977
14 11.977
15 11.977
16 11.977
17 11.977
18 11.977
19 11.977
20 11.977
21 11.977
22 11.977
23 11.977
24 11.977
25 11.977
26 11.977
27 11.977
28 11.977
29 11.977
30 11.977
31 11.977
32 11.977
33 11.977
34 11.977
35 11.977
36 11.977
37 11.977
38 11.977
39 11.977
40 11.977
41 11.977
42 11.977
43 11.977
44 11.977
45 11.977
46 11.977
47 11.977
48 11.977
49 11.977
50 11.977
51 11.977
52 11.977
53 11.977
54 11.977
55 11.977
56 11.977
57 11.977
58 11.977
59 11.977
60 11.977
61 11.977
62 11.977
63 11.977
64 11.977
65 11.977
66 11.977
67 11.977
68 11.977
69 11.977
70 11.977
71 11.977
72 11.977
73 11.977
74 11.977
75 11.977
76 11.977
77 11.977
78 11.9772
79 11.9778
80 11.9791
81 11.9828
82 11.9893
83 11.9975
84 11.9871
85 11.8643
86 11.4141
87 10.5642
88 9.60723
89 8.76265
90 8.0469
91 7.42751
92 6.88101
93 6.39442
94 5.95988
95 5.57148
96 5.22424
97 4.91434
98 4.63988
99 4.40119
100 4.20013
101 4.03837
102 4.07697
103 4.11247
104 4.14528
105 4.17567
106 4.19401
107 4.21214
108 4.21746
109 4.21747
110 4.21223
111 4.19486
112 4.16811
113 4.13925
114 4.10748
115 4.27088
116 4.46255
117 4.67483
118 4.90216
119 5.1444
120 5.40695
121 5.69805
122 6.02578
123 6.3965
124 6.81497
125 7.28568
126 7.81551
127 8.4185
128 9.12257
129 9.96346
130 10.8955
131 11.6332
132 11.9449
133 12
134 11.9928
135 11.9834
136 11.9788
137 11.9772
138 11.977
139 11.977
140 11.977
141 11.977
142 11.977
143 11.977
144 11.977
145 11.977
146 11.977
147 11.977
148 11.977
149 11.977
150 11.977
151 11.977
152 11.977
153 11.977
154 11.977
155 11.977
156 11.977
157 11.977
158 11.977
159 11.977
160 11.977
161 11.977
162 11.977
163 11.977
164 11.977
165 11.977
166 11.977
167 11.977
168 11.977
169 11.977
170 11.977
171 11.977
172 11.977
173 11.977
174 11.977
175 11.977
176 11.977
177 11.977
178 11.977
179 11.977
180 11.977
181 11.977
182 11.977
183 11.977
184 11.977
185 11.977
186 11.977
187 11.977
188 11.977
189 11.977
190 11.977
191 11.977
192 11.977
193 11.977
194 11.977
195 11.977
196 11.977
197 11.977
198 11.977
199 11.977
200 11.977
201 11.977
202 11.977
203 11.977
204 11.977
205 11.977
206 11.977
207 11.977
208 11.977
209 11.977
210 11.977
211 11.977
212 11.977
213 11.977
214 11.977
