1 11.9764
2 11.9764
3 11.9764
4 11.9764
5 11.9764
6 11.9764
7 11.9764
8 11.9764
9 11.9764
10 11.9764
11 11.9764
12 11.9764
13 11.9764
14 11.9764
15 11.9764
16 11.9764
17 11.9764
18 11.9764
19 11.9764
20 11.9764
21 11.9764
22 11.9764
23 11.9764
24 11.9764
25 11.9764
26 11.9764
27 11.9764
28 11.9764
29 11.9764
30 11.9764
31 11.9764
32 11.9764
33 11.9764
34 11.9764
35 11.9764
36 11.9764
37 11.9764
38 11.9764
39 11.9764
40 11.9764
41 11.9764
42 11.9764
43 11.9764
44 11.9764
45 11.9764
46 11.9764
47 11.9764
48 11.9764
49 11.9764
50 11.9764
51 11.9764
52 11.9764
53 11.9764
54 11.9764
55 11.9764
56 11.9764
57 11.9764
58 11.9764
59 11.9764
60 11.9764
61 11.9764
62 11.9764
63 11.9764
64 11.9764
65 11.9764
66 11.9764
67 11.9764
68 11.9764
69 11.9764
70 11.9764
71 11.9764
72 11.9764
73 11.9764
74 11.9764
75 11.9764
76 11.9764
77 11.9764
78 11.9766
79 11.9771
80 11.9782
81 11.9814
82 11.9875
83 11.9959
84 11.9921
85 11.9001
86 11.519
87 10.7213
88 9.75991
89 8.89221
90 8.15689
91 7.52295
92 6.96495
93 6.46865
94 6.02565
95 5.62981
96 5.27598
97 4.96006
98 4.67978
99 4.4351
100 4.22777
101 4.05965
102 4.09853
103 4.1339
104 4.16632
105 4.19625
106 4.21507
107 4.23369
108 4.23919
109 4.2392
110 4.2338
111 4.21604
112 4.18988
113 4.16136
114 4.12954
115 4.29799
116 4.4936
117 4.70865
118 4.93825
119 5.18325
120 5.44981
121 5.74637
122 6.08086
123 6.45935
124 6.8864
125 7.36665
126 7.9077
127 8.52529
128 9.24984
129 10.1137
130 11.04
131 11.7132
132 11.9646
133 12
134 11.9905
135 11.9818
136 11.9778
137 11.9766
138 11.9764
139 11.9764
140 11.9764
141 11.9764
142 11.9764
143 11.9764
144 11.9764
145 11.9764
146 11.9764
147 11.9764
148 11.9764
149 11.9764
150 11.9764
151 11.9764
152 11.9764
153 11.9764
154 11.9764
155 11.9764
156 11.9764
157 11.9764
158 11.9764
159 11.9764
160 11.9764
161 11.9764
162 11.9764
163 11.9764
164 11.9764
165 11.9764
166 11.9764
167 11.9764
168 11.9764
169 11.9764
170 11.9764
171 11.9764
172 11.9764
173 11.9764
174 11.9764
175 11.9764
176 11.9764
177 11.9764
178 11.9764
179 11.9764
180 11.9764
181 11.9764
182 11.9764
183 11.9764
184 11.9764
185 11.9764
186 11.9764
187 11.9764
188 11.9764
189 11.9764
190 11.9764
191 11.9764
192 11.9764
193 11.9764
194 11.9764
195 11.9764
196 11.9764
197 11.9764
198 11.9764
199 11.9764
200 11.9764
201 11.9764
202 11.9764
203 11.9764
204 11.9764
205 11.9764
206 11.9764
207 11.9764
208 11.9764
209 11.9764
210 11.9764
211 11.9764
212 11.9764
213 11.9764
214 11.9764
