1 11.9767
2 11.9767
3 11.9767
4 11.9767
5 11.9767
6 11.9767
7 11.9767
8 11.9767
9 11.9767
10 11.9767
11 11.9767
12 11.9767
13 11.9767
14 11.9767
15 11.9767
16 11.9767
17 11.9767
18 11.9767
19 11.9767
20 11.9767
21 11.9767
22 11.9767
23 11.9767
24 11.9767
25 11.9767
26 11.9767
27 11.9767
28 11.9767
29 11.9767
30 11.9767
31 11.9767
32 11.9767
33 11.9767
34 11.9767
35 11.9767
36 11.9767
37 11.9767
38 11.9767
39 11.9767
40 11.9767
41 11.9767
42 11.9767
43 11.9767
44 11.9767
45 11.9767
46 11.9767
47 11.9767
48 11.9767
49 11.9767
50 11.9767
51 11.9767
52 11.9767
53 11.9767
54 11.9767
55 11.9767
56 11.9767
57 11.9767
58 11.9767
59 11.9767
60 11.9767
61 11.9767
62 11.9767
63 11.9767
64 11.9767
65 11.9767
66 11.9767
67 11.9767
68 11.9767
69 11.9767
70 11.9767
71 11.9767
72 11.9767
73 11.9767
74 11.9767
75 11.9767
76 11.9767
77 11.9767
78 11.9769
79 11.9773
80 11.9783
81 11.9812
82 11.9868
83 11.9953
84 11.9961
85 11.9292
86 11.6124
87 10.8753
88 9.91711
89 9.02706
90 8.2713
91 7.62214
92 7.05223
93 6.54594
94 6.09426
95 5.69081
96 5.33026
97 5.00825
98 4.72213
99 4.4715
100 4.25793
101 4.08342
102 4.12257
103 4.15775
104 4.18968
105 4.21901
106 4.23832
107 4.25743
108 4.26312
109 4.26313
110 4.25756
111 4.23943
112 4.21394
113 4.18582
114 4.15395
115 4.32733
116 4.52667
117 4.74434
118 4.9762
119 5.22413
120 5.49493
121 5.79721
122 6.13867
123 6.52508
124 6.96087
125 7.45088
126 8.00354
127 8.63649
128 9.38246
129 10.2676
130 11.1787
131 11.7818
132 11.9797
133 12
134 11.9892
135 11.9814
136 11.9779
137 11.9769
138 11.9767
139 11.9767
140 11.9767
141 11.9767
142 11.9767
143 11.9767
144 11.9767
145 11.9767
146 11.9767
147 11.9767
148 11.9767
149 11.9767
150 11.9767
151 11.9767
152 11.9767
153 11.9767
154 11.9767
155 11.9767
156 11.9767
157 11.9767
158 11.9767
159 11.9767
160 11.9767
161 11.9767
162 11.9767
163 11.9767
164 11.9767
165 11.9767
166 11.9767
167 11.9767
168 11.9767
169 11.9767
170 11.9767
171 11.9767
172 11.9767
173 11.9767
174 11.9767
175 11.9767
176 11.9767
177 11.9767
178 11.9767
179 11.9767
180 11.9767
181 11.9767
182 11.9767
183 11.9767
184 11.9767
185 11.9767
186 11.9767
187 11.9767
188 11.9767
189 11.9767
190 11.9767
191 11.9767
192 11.9767
193 11.9767
194 11.9767
195 11.9767
196 11.9767
197 11.9767
198 11.9767
199 11.9767
200 11.9767
201 11.9767
202 11.9767
203 11.9767
204 11.9767
205 11.9767
206 11.9767
207 11.9767
208 11.9767
209 11.9767
210 11.9767
211 11.9767
212 11.9767
213 11.9767
214 11.9767
