1 11.9762
2 11.9762
3 11.9762
4 11.9762
5 11.9762
6 11.9762
7 11.9762
8 11.9762
9 11.9762
10 11.9762
11 11.9762
12 11.9762
13 11.9762
14 11.9762
15 11.9762
16 11.9762
17 11.9762
18 11.9762
19 11.9762
20 11.9762
21 11.9762
22 11.9762
23 11.9762
24 11.9762
25 11.9762
26 11.9762
27 11.9762
28 11.9762
29 11.9762
30 11.9762
31 11.9762
32 11.9762
33 11.9762
34 11.9762
35 11.9762
36 11.9762
37 11.9762
38 11.9762
39 11.9762
40 11.9762
41 11.9762
42 11.9762
43 11.9762
44 11.9762
45 11.9762
46 11.9762
47 11.9762
48 11.9762
49 11.9762
50 11.9762
51 11.9762
52 11.9762
53 11.9762
54 11.9762
55 11.9762
56 11.9762
57 11.9762
58 11.9762
59 11.9762
60 11.9762
61 11.9762
62 11.9762
63 11.9762
64 11.9762
65 11.9762
66 11.9762
67 11.9762
68 11.9762
69 11.9762
70 11.9762
71 11.9762
72 11.9762
73 11.9762
74 11.9762
75 11.9762
76 11.9762
77 11.9762
78 11.9762
79 11.9764
80 11.9768
81 11.9778
82 11.9804
83 11.9859
84 11.9946
85 11.9991
86 11.9521
87 11.6922
88 11.0211
89 10.0785
90 9.17061
91 8.39301
92 7.72532
93 7.14012
94 6.62109
95 6.15882
96 5.74664
97 5.3789
98 5.05073
99 4.75896
100 4.50279
101 4.28374
102 4.32456
103 4.35665
104 4.38151
105 4.40205
106 4.4249
107 4.44775
108 4.45503
109 4.45506
110 4.44815
111 4.42742
112 4.4095
113 4.38525
114 4.35282
115 4.55564
116 4.77573
117 5.0094
118 5.25954
119 5.53392
120 5.84164
121 6.1904
122 6.58576
123 7.03194
124 7.53377
125 8.10003
126 8.74924
127 9.51464
128 10.4143
129 11.3024
130 11.8398
131 11.9926
132 12
133 11.9877
134 11.9803
135 11.9772
136 11.9764
137 11.9762
138 11.9762
139 11.9762
140 11.9762
141 11.9762
142 11.9762
143 11.9762
144 11.9762
145 11.9762
146 11.9762
147 11.9762
148 11.9762
149 11.9762
150 11.9762
151 11.9762
152 11.9762
153 11.9762
154 11.9762
155 11.9762
156 11.9762
157 11.9762
158 11.9762
159 11.9762
160 11.9762
161 11.9762
162 11.9762
163 11.9762
164 11.9762
165 11.9762
166 11.9762
167 11.9762
168 11.9762
169 11.9762
170 11.9762
171 11.9762
172 11.9762
173 11.9762
174 11.9762
175 11.9762
176 11.9762
177 11.9762
178 11.9762
179 11.9762
180 11.9762
181 11.9762
182 11.9762
183 11.9762
184 11.9762
185 11.9762
186 11.9762
187 11.9762
188 11.9762
189 11.9762
190 11.9762
191 11.9762
192 11.9762
193 11.9762
194 11.9762
195 11.9762
196 11.9762
197 11.9762
198 11.9762
199 11.9762
200 11.9762
201 11.9762
202 11.9762
203 11.9762
204 11.9762
205 11.9762
206 11.9762
207 11.9762
208 11.9762
209 11.9762
210 11.9762
211 11.9762
212 11.9762
213 11.9762
214 11.9762
