1 11.9732
2 11.9732
3 11.9732
4 11.9732
5 11.9732
6 11.9732
7 11.9732
8 11.9732
9 11.9732
10 11.9732
11 11.9732
12 11.9732
13 11.9732
14 11.9732
15 11.9732
16 11.9732
17 11.9732
18 11.9732
19 11.9732
20 11.9732
21 11.9732
22 11.9732
23 11.9732
24 11.9732
25 11.9732
26 11.9732
27 11.9732
28 11.9732
29 11.9732
30 11.9732
31 11.9732
32 11.9732
33 11.9732
34 11.9732
35 11.9732
36 11.9732
37 11.9732
38 11.9732
39 11.9732
40 11.9732
41 11.9732
42 11.9732
43 11.9732
44 11.9732
45 11.9732
46 11.9732
47 11.9732
48 11.9732
49 11.9732
50 11.9732
51 11.9732
52 11.9732
53 11.9732
54 11.9732
55 11.9732
56 11.9732
57 11.9732
58 11.9732
59 11.9732
60 11.9732
61 11.9732
62 11.9732
63 11.9732
64 11.9732
65 11.9732
66 11.9732
67 11.9732
68 11.9732
69 11.9732
70 11.9732
71 11.9732
72 11.9732
73 11.9732
74 11.9732
75 11.9732
76 11.9732
77 11.9732
78 11.9732
79 11.9733
80 11.9737
81 11.9746
82 11.9766
83 11.9812
84 11.9891
85 11.9974
86 11.9782
87 11.8152
88 11.2875
89 10.3976
90 9.45728
91 8.63632
92 7.93471
93 7.32327
94 6.78252
95 6.30146
96 5.87285
97 5.49072
98 5.1498
99 4.84616
100 4.57815
101 4.34666
102 4.38798
103 4.41859
104 4.4401
105 4.45628
106 4.48016
107 4.5041
108 4.51193
109 4.51198
110 4.50463
111 4.48321
112 4.46831
113 4.44539
114 4.41259
115 4.62194
116 4.84659
117 5.08491
118 5.3418
119 5.62603
120 5.94657
121 6.31048
122 6.72272
123 7.18738
124 7.71003
125 8.30167
126 8.98518
127 9.79583
128 10.7214
129 11.5294
130 11.92
131 12
132 11.9935
133 11.982
134 11.9761
135 11.9738
136 11.9733
137 11.9732
138 11.9732
139 11.9732
140 11.9732
141 11.9732
142 11.9732
143 11.9732
144 11.9732
145 11.9732
146 11.9732
147 11.9732
148 11.9732
149 11.9732
150 11.9732
151 11.9732
152 11.9732
153 11.9732
154 11.9732
155 11.9732
156 11.9732
157 11.9732
158 11.9732
159 11.9732
160 11.9732
161 11.9732
162 11.9732
163 11.9732
164 11.9732
165 11.9732
166 11.9732
167 11.9732
168 11.9732
169 11.9732
170 11.9732
171 11.9732
172 11.9732
173 11.9732
174 11.9732
175 11.9732
176 11.9732
177 11.9732
178 11.9732
179 11.9732
180 11.9732
181 11.9732
182 11.9732
183 11.9732
184 11.9732
185 11.9732
186 11.9732
187 11.9732
188 11.9732
189 11.9732
190 11.9732
191 11.9732
192 11.9732
193 11.9732
194 11.9732
195 11.9732
196 11.9732
197 11.9732
198 11.9732
199 11.9732
200 11.9732
201 11.9732
202 11.9732
203 11.9732
204 11.9732
205 11.9732
206 11.9732
207 11.9732
208 11.9732
209 11.9732
210 11.9732
211 11.9732
212 11.9732
213 11.9732
214 11.9732
