1 11.9746
2 11.9746
3 11.9746
4 11.9746
5 11.9746
6 11.9746
7 11.9746
8 11.9746
9 11.9746
10 11.9746
11 11.9746
12 11.9746
13 11.9746
14 11.9746
15 11.9746
16 11.9746
17 11.9746
18 11.9746
19 11.9746
20 11.9746
21 11.9746
22 11.9746
23 11.9746
24 11.9746
25 11.9746
26 11.9746
27 11.9746
28 11.9746
29 11.9746
30 11.9746
31 11.9746
32 11.9746
33 11.9746
34 11.9746
35 11.9746
36 11.9746
37 11.9746
38 11.9746
39 11.9746
40 11.9746
41 11.9746
42 11.9746
43 11.9746
44 11.9746
45 11.9746
46 11.9746
47 11.9746
48 11.9746
49 11.9746
50 11.9746
51 11.9746
52 11.9746
53 11.9746
54 11.9746
55 11.9746
56 11.9746
57 11.9746
58 11.9746
59 11.9746
60 11.9746
61 11.9746
62 11.9746
63 11.9746
64 11.9746
65 11.9746
66 11.9746
67 11.9746
68 11.9746
69 11.9746
70 11.9746
71 11.9746
72 11.9746
73 11.9746
74 11.9746
75 11.9746
76 11.9746
77 11.9746
78 11.9746
79 11.9746
80 11.9747
81 11.9752
82 11.9763
83 11.9792
84 11.9849
85 11.9939
86 11.9986
87 11.9507
88 11.6876
89 11.0143
90 10.0745
91 9.16864
92 8.3898
93 7.71909
94 7.13067
95 6.609
96 6.14494
97 5.73181
98 5.36374
99 5.03562
100 4.74405
101 4.48825
102 4.53064
103 4.5576
104 4.57042
105 4.5749
106 4.60073
107 4.62679
108 4.63586
109 4.63596
110 4.62769
111 4.60497
112 4.59699
113 4.5766
114 4.5426
115 4.76266
116 4.99585
117 5.24507
118 5.51849
119 5.82566
120 6.17459
121 6.57088
122 7.01867
123 7.52249
124 8.09056
125 8.7403
126 9.50358
127 10.3999
128 11.2921
129 11.8388
130 11.994
131 12
132 11.9867
133 11.9789
134 11.9757
135 11.9747
136 11.9746
137 11.9746
138 11.9746
139 11.9746
140 11.9746
141 11.9746
142 11.9746
143 11.9746
144 11.9746
145 11.9746
146 11.9746
147 11.9746
148 11.9746
149 11.9746
150 11.9746
151 11.9746
152 11.9746
153 11.9746
154 11.9746
155 11.9746
156 11.9746
157 11.9746
158 11.9746
159 11.9746
160 11.9746
161 11.9746
162 11.9746
163 11.9746
164 11.9746
165 11.9746
166 11.9746
167 11.9746
168 11.9746
169 11.9746
170 11.9746
171 11.9746
172 11.9746
173 11.9746
174 11.9746
175 11.9746
176 11.9746
177 11.9746
178 11.9746
179 11.9746
180 11.9746
181 11.9746
182 11.9746
183 11.9746
184 11.9746
185 11.9746
186 11.9746
187 11.9746
188 11.9746
189 11.9746
190 11.9746
191 11.9746
192 11.9746
193 11.9746
194 11.9746
195 11.9746
196 11.9746
197 11.9746
198 11.9746
199 11.9746
200 11.9746
201 11.9746
202 11.9746
203 11.9746
204 11.9746
205 11.9746
206 11.9746
207 11.9746
208 11.9746
209 11.9746
210 11.9746
211 11.9746
212 11.9746
213 11.9746
214 11.9746
