1 11.9743
2 11.9743
3 11.9743
4 11.9743
5 11.9743
6 11.9743
7 11.9743
8 11.9743
9 11.9743
10 11.9743
11 11.9743
12 11.9743
13 11.9743
14 11.9743
15 11.9743
16 11.9743
17 11.9743
18 11.9743
19 11.9743
20 11.9743
21 11.9743
22 11.9743
23 11.9743
24 11.9743
25 11.9743
26 11.9743
27 11.9743
28 11.9743
29 11.9743
30 11.9743
31 11.9743
32 11.9743
33 11.9743
34 11.9743
35 11.9743
36 11.9743
37 11.9743
38 11.9743
39 11.9743
40 11.9743
41 11.9743
42 11.9743
43 11.9743
44 11.9743
45 11.9743
46 11.9743
47 11.9743
48 11.9743
49 11.9743
50 11.9743
51 11.9743
52 11.9743
53 11.9743
54 11.9743
55 11.9743
56 11.9743
57 11.9743
58 11.9743
59 11.9743
60 11.9743
61 11.9743
62 11.9743
63 11.9743
64 11.9743
65 11.9743
66 11.9743
67 11.9743
68 11.9743
69 11.9743
70 11.9743
71 11.9743
72 11.9743
73 11.9743
74 11.9743
75 11.9743
76 11.9743
77 11.9743
78 11.9743
79 11.9743
80 11.9744
81 11.9748
82 11.9758
83 11.9784
84 11.9836
85 11.9923
86 11.9992
87 11.9672
88 11.7563
89 11.153
90 10.2338
91 9.31058
92 8.51072
93 7.82355
94 7.22218
95 6.68966
96 6.21615
97 5.79477
98 5.41951
99 5.08503
100 4.78753
101 4.52576
102 4.56845
103 4.59435
104 4.60458
105 4.60548
106 4.63177
107 4.65832
108 4.66773
109 4.66785
110 4.65934
111 4.63632
112 4.63019
113 4.61036
114 4.57594
115 4.79828
116 5.03367
117 5.2861
118 5.56434
119 5.87791
120 6.23445
121 6.63924
122 7.09629
123 7.61044
124 8.19086
125 8.85699
126 9.64225
127 10.5545
128 11.4137
129 11.8858
130 12
131 11.9978
132 11.9849
133 11.978
134 11.9752
135 11.9744
136 11.9743
137 11.9743
138 11.9743
139 11.9743
140 11.9743
141 11.9743
142 11.9743
143 11.9743
144 11.9743
145 11.9743
146 11.9743
147 11.9743
148 11.9743
149 11.9743
150 11.9743
151 11.9743
152 11.9743
153 11.9743
154 11.9743
155 11.9743
156 11.9743
157 11.9743
158 11.9743
159 11.9743
160 11.9743
161 11.9743
162 11.9743
163 11.9743
164 11.9743
165 11.9743
166 11.9743
167 11.9743
168 11.9743
169 11.9743
170 11.9743
171 11.9743
172 11.9743
173 11.9743
174 11.9743
175 11.9743
176 11.9743
177 11.9743
178 11.9743
179 11.9743
180 11.9743
181 11.9743
182 11.9743
183 11.9743
184 11.9743
185 11.9743
186 11.9743
187 11.9743
188 11.9743
189 11.9743
190 11.9743
191 11.9743
192 11.9743
193 11.9743
194 11.9743
195 11.9743
196 11.9743
197 11.9743
198 11.9743
199 11.9743
200 11.9743
201 11.9743
202 11.9743
203 11.9743
204 11.9743
205 11.9743
206 11.9743
207 11.9743
208 11.9743
209 11.9743
210 11.9743
211 11.9743
212 11.9743
213 11.9743
214 11.9743
