1 11.9709
2 11.9709
3 11.9709
4 11.9709
5 11.9709
6 11.9709
7 11.9709
8 11.9709
9 11.9709
10 11.9709
11 11.9709
12 11.9709
13 11.9709
14 11.9709
15 11.9709
16 11.9709
17 11.9709
18 11.9709
19 11.9709
20 11.9709
21 11.9709
22 11.9709
23 11.9709
24 11.9709
25 11.9709
26 11.9709
27 11.9709
28 11.9709
29 11.9709
30 11.9709
31 11.9709
32 11.9709
33 11.9709
34 11.9709
35 11.9709
36 11.9709
37 11.9709
38 11.9709
39 11.9709
40 11.9709
41 11.9709
42 11.9709
43 11.9709
44 11.9709
45 11.9709
46 11.9709
47 11.9709
48 11.9709
49 11.9709
50 11.9709
51 11.9709
52 11.9709
53 11.9709
54 11.9709
55 11.9709
56 11.9709
57 11.9709
58 11.9709
59 11.9709
60 11.9709
61 11.9709
62 11.9709
63 11.9709
64 11.9709
65 11.9709
66 11.9709
67 11.9709
68 11.9709
69 11.9709
70 11.9709
71 11.9709
72 11.9709
73 11.9709
74 11.9709
75 11.9709
76 11.9709
77 11.9709
78 11.9709
79 11.9709
80 11.971
81 11.9713
82 11.9722
83 11.9744
84 11.9792
85 11.9874
86 11.9958
87 11.976
88 11.8103
89 11.279
90 10.3904
91 9.45308
92 8.63181
93 7.92746
94 7.31267
95 6.76898
96 6.2858
97 5.85595
98 5.47331
99 5.13235
100 4.82888
101 4.56117
102 4.60417
103 4.62897
104 4.63645
105 4.63348
106 4.66022
107 4.68724
108 4.697
109 4.69715
110 4.68839
111 4.66507
112 4.66082
113 4.64151
114 4.60662
115 4.83114
116 5.0688
117 5.32469
118 5.60804
119 5.92825
120 6.29259
121 6.70603
122 7.17251
123 7.69723
124 8.29047
125 8.97385
126 9.78155
127 10.7051
128 11.5207
129 11.9195
130 12
131 11.9922
132 11.98
133 11.9739
134 11.9716
135 11.971
136 11.9709
137 11.9709
138 11.9709
139 11.9709
140 11.9709
141 11.9709
142 11.9709
143 11.9709
144 11.9709
145 11.9709
146 11.9709
147 11.9709
148 11.9709
149 11.9709
150 11.9709
151 11.9709
152 11.9709
153 11.9709
154 11.9709
155 11.9709
156 11.9709
157 11.9709
158 11.9709
159 11.9709
160 11.9709
161 11.9709
162 11.9709
163 11.9709
164 11.9709
165 11.9709
166 11.9709
167 11.9709
168 11.9709
169 11.9709
170 11.9709
171 11.9709
172 11.9709
173 11.9709
174 11.9709
175 11.9709
176 11.9709
177 11.9709
178 11.9709
179 11.9709
180 11.9709
181 11.9709
182 11.9709
183 11.9709
184 11.9709
185 11.9709
186 11.9709
187 11.9709
188 11.9709
189 11.9709
190 11.9709
191 11.9709
192 11.9709
193 11.9709
194 11.9709
195 11.9709
196 11.9709
197 11.9709
198 11.9709
199 11.9709
200 11.9709
201 11.9709
202 11.9709
203 11.9709
204 11.9709
205 11.9709
206 11.9709
207 11.9709
208 11.9709
209 11.9709
210 11.9709
211 11.9709
212 11.9709
213 11.9709
214 11.9709
