1 11.9692
2 11.9692
3 11.9692
4 11.9692
5 11.9692
6 11.9692
7 11.9692
8 11.9692
9 11.9692
10 11.9692
11 11.9692
12 11.9692
13 11.9692
14 11.9692
15 11.9692
16 11.9692
17 11.9692
18 11.9692
19 11.9692
20 11.9692
21 11.9692
22 11.9692
23 11.9692
24 11.9692
25 11.9692
26 11.9692
27 11.9692
28 11.9692
29 11.9692
30 11.9692
31 11.9692
32 11.9692
33 11.9692
34 11.9692
35 11.9692
36 11.9692
37 11.9692
38 11.9692
39 11.9692
40 11.9692
41 11.9692
42 11.9692
43 11.9692
44 11.9692
45 11.9692
46 11.9692
47 11.9692
48 11.9692
49 11.9692
50 11.9692
51 11.9692
52 11.9692
53 11.9692
54 11.9692
55 11.9692
56 11.9692
57 11.9692
58 11.9692
59 11.9692
60 11.9692
61 11.9692
62 11.9692
63 11.9692
64 11.9692
65 11.9692
66 11.9692
67 11.9692
68 11.9692
69 11.9692
70 11.9692
71 11.9692
72 11.9692
73 11.9692
74 11.9692
75 11.9692
76 11.9692
77 11.9692
78 11.9692
79 11.9692
80 11.9693
81 11.9697
82 11.9705
83 11.9725
84 11.9769
85 11.9846
86 11.9938
87 11.9834
88 11.8561
89 11.3969
90 10.5492
91 9.60258
92 8.75992
93 8.03771
94 7.409
95 6.85383
96 6.36073
97 5.9222
98 5.532
99 5.18441
100 4.87491
101 4.60128
102 4.64461
103 4.66826
104 4.67282
105 4.66571
106 4.69288
107 4.72034
108 4.73047
109 4.73064
110 4.72163
111 4.69802
112 4.69566
113 4.67682
114 4.64142
115 4.86803
116 5.10809
117 5.3677
118 5.65644
119 5.98354
120 6.35586
121 6.77809
122 7.25415
123 7.7897
124 8.39628
125 9.09769
126 9.92773
127 10.8564
128 11.6178
129 11.9467
130 12
131 11.9886
132 11.9771
133 11.9718
134 11.9698
135 11.9693
136 11.9692
137 11.9692
138 11.9692
139 11.9692
140 11.9692
141 11.9692
142 11.9692
143 11.9692
144 11.9692
145 11.9692
146 11.9692
147 11.9692
148 11.9692
149 11.9692
150 11.9692
151 11.9692
152 11.9692
153 11.9692
154 11.9692
155 11.9692
156 11.9692
157 11.9692
158 11.9692
159 11.9692
160 11.9692
161 11.9692
162 11.9692
163 11.9692
164 11.9692
165 11.9692
166 11.9692
167 11.9692
168 11.9692
169 11.9692
170 11.9692
171 11.9692
172 11.9692
173 11.9692
174 11.9692
175 11.9692
176 11.9692
177 11.9692
178 11.9692
179 11.9692
180 11.9692
181 11.9692
182 11.9692
183 11.9692
184 11.9692
185 11.9692
186 11.9692
187 11.9692
188 11.9692
189 11.9692
190 11.9692
191 11.9692
192 11.9692
193 11.9692
194 11.9692
195 11.9692
196 11.9692
197 11.9692
198 11.9692
199 11.9692
200 11.9692
201 11.9692
202 11.9692
203 11.9692
204 11.9692
205 11.9692
206 11.9692
207 11.9692
208 11.9692
209 11.9692
210 11.9692
211 11.9692
212 11.9692
213 11.9692
214 11.9692
