1 11.971
2 11.971
3 11.971
4 11.971
5 11.971
6 11.971
7 11.971
8 11.971
9 11.971
10 11.971
11 11.971
12 11.971
13 11.971
14 11.971
15 11.971
16 11.971
17 11.971
18 11.971
19 11.971
20 11.971
21 11.971
22 11.971
23 11.971
24 11.971
25 11.971
26 11.971
27 11.971
28 11.971
29 11.971
30 11.971
31 11.971
32 11.971
33 11.971
34 11.971
35 11.971
36 11.971
37 11.971
38 11.971
39 11.971
40 11.971
41 11.971
42 11.971
43 11.971
44 11.971
45 11.971
46 11.971
47 11.971
48 11.971
49 11.971
50 11.971
51 11.971
52 11.971
53 11.971
54 11.971
55 11.971
56 11.971
57 11.971
58 11.971
59 11.971
60 11.971
61 11.971
62 11.971
63 11.971
64 11.971
65 11.971
66 11.971
67 11.971
68 11.971
69 11.971
70 11.971
71 11.971
72 11.971
73 11.971
74 11.971
75 11.971
76 11.971
77 11.971
78 11.971
79 11.971
80 11.971
81 11.9712
82 11.9716
83 11.9727
84 11.9756
85 11.9812
86 11.9902
87 11.9973
88 11.9643
89 11.7501
90 11.1444
91 10.2285
92 9.30837
93 8.50765
94 7.81737
95 7.2125
96 6.67703
97 6.20148
98 5.77898
99 5.40331
100 5.06884
101 4.77152
102 4.81631
103 4.83491
104 4.82618
105 4.79975
106 4.82844
107 4.85731
108 4.86904
109 4.86934
110 4.85931
111 4.83455
112 4.83965
113 4.82207
114 4.78416
115 5.01898
116 5.27042
117 5.54769
118 5.8608
119 6.21766
120 6.62358
121 7.08244
122 7.59875
123 8.18103
124 8.84748
125 9.63001
126 10.5387
127 11.403
128 11.8844
129 12
130 11.9962
131 11.9822
132 11.9749
133 11.9721
134 11.9712
135 11.971
136 11.971
137 11.971
138 11.971
139 11.971
140 11.971
141 11.971
142 11.971
143 11.971
144 11.971
145 11.971
146 11.971
147 11.971
148 11.971
149 11.971
150 11.971
151 11.971
152 11.971
153 11.971
154 11.971
155 11.971
156 11.971
157 11.971
158 11.971
159 11.971
160 11.971
161 11.971
162 11.971
163 11.971
164 11.971
165 11.971
166 11.971
167 11.971
168 11.971
169 11.971
170 11.971
171 11.971
172 11.971
173 11.971
174 11.971
175 11.971
176 11.971
177 11.971
178 11.971
179 11.971
180 11.971
181 11.971
182 11.971
183 11.971
184 11.971
185 11.971
186 11.971
187 11.971
188 11.971
189 11.971
190 11.971
191 11.971
192 11.971
193 11.971
194 11.971
195 11.971
196 11.971
197 11.971
198 11.971
199 11.971
200 11.971
201 11.971
202 11.971
203 11.971
204 11.971
205 11.971
206 11.971
207 11.971
208 11.971
209 11.971
210 11.971
211 11.971
212 11.971
213 11.971
214 11.971
