1 11.9862
2 11.9862
3 11.9862
4 11.9862
5 11.9862
6 11.9862
7 11.9862
8 11.9862
9 11.9862
10 11.9862
11 11.9862
12 11.9862
13 11.9862
14 11.9862
15 11.9862
16 11.9862
17 11.9862
18 11.9862
19 11.9862
20 11.9862
21 11.9862
22 11.9862
23 11.9862
24 11.9862
25 11.9862
26 11.9862
27 11.9862
28 11.9862
29 11.9862
30 11.9862
31 11.9862
32 11.9862
33 11.9862
34 11.9862
35 11.9862
36 11.9862
37 11.9862
38 11.9862
39 11.9862
40 11.9862
41 11.9862
42 11.9862
43 11.9862
44 11.9862
45 11.9862
46 11.9862
47 11.9862
48 11.9862
49 11.9862
50 11.9862
51 11.9862
52 11.9862
53 11.9862
54 11.9862
55 11.9862
56 11.9862
57 11.9862
58 11.9862
59 11.9862
60 11.9862
61 11.9862
62 11.9862
63 11.9862
64 11.9862
65 11.9862
66 11.9862
67 11.9862
68 11.9862
69 11.9862
70 11.9862
71 11.9862
72 11.9862
73 11.9864
74 11.9867
75 11.9876
76 11.9901
77 11.9946
78 12
79 11.991
80 11.8942
81 11.5149
82 10.7096
83 9.71928
84 8.83168
85 8.09498
86 7.46948
87 6.92209
88 6.4348
89 5.99788
90 5.60521
91 5.25234
92 4.93601
93 4.65439
94 4.40726
95 4.19561
96 4.02069
97 3.88259
98 3.7792
99 3.70587
100 3.65613
101 3.62309
102 3.64958
103 3.67493
104 3.69901
105 3.7218
106 3.73105
107 3.74019
108 3.74266
109 3.74266
110 3.74019
111 3.73105
112 3.70868
113 3.68517
114 3.66066
115 3.69935
116 3.75593
117 3.83696
118 3.94768
119 4.09015
120 4.26233
121 4.45908
122 4.67474
123 4.90629
124 5.15499
125 5.42581
126 5.7255
127 6.0606
128 6.43668
129 6.85865
130 7.33248
131 7.86873
132 8.48883
133 9.2314
134 10.1276
135 11.0648
136 11.7126
137 11.9559
138 11.9998
139 11.9967
140 11.9907
141 11.9875
142 11.9864
143 11.9862
144 11.9862
145 11.9862
146 11.9862
147 11.9862
148 11.9862
149 11.9862
150 11.9862
151 11.9862
152 11.9862
153 11.9862
154 11.9862
155 11.9862
156 11.9862
157 11.9862
158 11.9862
159 11.9862
160 11.9862
161 11.9862
162 11.9862
163 11.9862
164 11.9862
165 11.9862
166 11.9862
167 11.9862
168 11.9862
169 11.9862
170 11.9862
171 11.9862
172 11.9862
173 11.9862
174 11.9862
175 11.9862
176 11.9862
177 11.9862
178 11.9862
179 11.9862
180 11.9862
181 11.9862
182 11.9862
183 11.9862
184 11.9862
185 11.9862
186 11.9862
187 11.9862
188 11.9862
189 11.9862
190 11.9862
191 11.9862
192 11.9862
193 11.9862
194 11.9862
195 11.9862
196 11.9862
197 11.9862
198 11.9862
199 11.9862
200 11.9862
201 11.9862
202 11.9862
203 11.9862
204 11.9862
205 11.9862
206 11.9862
207 11.9862
208 11.9862
209 11.9862
210 11.9862
211 11.9862
212 11.9862
213 11.9862
214 11.9862
