1 11.9643
2 11.9643
3 11.9643
4 11.9643
5 11.9643
6 11.9643
7 11.9643
8 11.9643
9 11.9643
10 11.9643
11 11.9643
12 11.9643
13 11.9643
14 11.9643
15 11.9643
16 11.9643
17 11.9643
18 11.9643
19 11.9643
20 11.9643
21 11.9643
22 11.9643
23 11.9643
24 11.9643
25 11.9643
26 11.9643
27 11.9643
28 11.9643
29 11.9643
30 11.9643
31 11.9643
32 11.9643
33 11.9643
34 11.9643
35 11.9643
36 11.9643
37 11.9643
38 11.9643
39 11.9643
40 11.9643
41 11.9643
42 11.9643
43 11.9643
44 11.9643
45 11.9643
46 11.9643
47 11.9643
48 11.9643
49 11.9643
50 11.9643
51 11.9643
52 11.9643
53 11.9643
54 11.9643
55 11.9643
56 11.9643
57 11.9643
58 11.9643
59 11.9643
60 11.9643
61 11.9643
62 11.9643
63 11.9643
64 11.9643
65 11.9643
66 11.9643
67 11.9643
68 11.9643
69 11.9643
70 11.9643
71 11.9643
72 11.9643
73 11.9643
74 11.9643
75 11.9643
76 11.9643
77 11.9643
78 11.9643
79 11.9643
80 11.9643
81 11.9644
82 11.9645
83 11.965
84 11.9661
85 11.9688
86 11.9743
87 11.9834
88 11.9921
89 11.9703
90 11.7975
91 11.2597
92 10.3772
93 9.44751
94 8.6255
95 7.915
96 7.29282
97 6.74273
98 6.255
99 5.82255
100 5.43891
101 5.09789
102 5.14551
103 5.15346
104 5.11572
105 5.04562
106 5.07608
107 5.10525
108 5.12022
109 5.12093
110 5.10902
111 5.0821
112 5.09838
113 5.08062
114 5.03713
115 5.29091
116 5.57239
117 5.89191
118 6.25721
119 6.67325
120 7.14366
121 7.67292
122 8.26985
123 8.95326
124 9.75448
125 10.6718
126 11.5013
127 11.9183
128 12
129 11.9888
130 11.9747
131 11.9679
132 11.9654
133 11.9645
134 11.9644
135 11.9643
136 11.9643
137 11.9643
138 11.9643
139 11.9643
140 11.9643
141 11.9643
142 11.9643
143 11.9643
144 11.9643
145 11.9643
146 11.9643
147 11.9643
148 11.9643
149 11.9643
150 11.9643
151 11.9643
152 11.9643
153 11.9643
154 11.9643
155 11.9643
156 11.9643
157 11.9643
158 11.9643
159 11.9643
160 11.9643
161 11.9643
162 11.9643
163 11.9643
164 11.9643
165 11.9643
166 11.9643
167 11.9643
168 11.9643
169 11.9643
170 11.9643
171 11.9643
172 11.9643
173 11.9643
174 11.9643
175 11.9643
176 11.9643
177 11.9643
178 11.9643
179 11.9643
180 11.9643
181 11.9643
182 11.9643
183 11.9643
184 11.9643
185 11.9643
186 11.9643
187 11.9643
188 11.9643
189 11.9643
190 11.9643
191 11.9643
192 11.9643
193 11.9643
194 11.9643
195 11.9643
196 11.9643
197 11.9643
198 11.9643
199 11.9643
200 11.9643
201 11.9643
202 11.9643
203 11.9643
204 11.9643
205 11.9643
206 11.9643
207 11.9643
208 11.9643
209 11.9643
210 11.9643
211 11.9643
212 11.9643
213 11.9643
214 11.9643
