1 11.964
2 11.964
3 11.964
4 11.964
5 11.964
6 11.964
7 11.964
8 11.964
9 11.964
10 11.964
11 11.964
12 11.964
13 11.964
14 11.964
15 11.964
16 11.964
17 11.964
18 11.964
19 11.964
20 11.964
21 11.964
22 11.964
23 11.964
24 11.964
25 11.964
26 11.964
27 11.964
28 11.964
29 11.964
30 11.964
31 11.964
32 11.964
33 11.964
34 11.964
35 11.964
36 11.964
37 11.964
38 11.964
39 11.964
40 11.964
41 11.964
42 11.964
43 11.964
44 11.964
45 11.964
46 11.964
47 11.964
48 11.964
49 11.964
50 11.964
51 11.964
52 11.964
53 11.964
54 11.964
55 11.964
56 11.964
57 11.964
58 11.964
59 11.964
60 11.964
61 11.964
62 11.964
63 11.964
64 11.964
65 11.964
66 11.964
67 11.964
68 11.964
69 11.964
70 11.964
71 11.964
72 11.964
73 11.964
74 11.964
75 11.964
76 11.964
77 11.964
78 11.964
79 11.964
80 11.964
81 11.964
82 11.9641
83 11.9644
84 11.9653
85 11.9674
86 11.972
87 11.9801
88 11.9903
89 11.9855
90 11.8842
91 11.4854
92 10.6898
93 9.74884
94 8.887
95 8.14106
96 7.49038
97 6.91636
98 6.40777
99 5.95706
100 5.55761
101 5.20297
102 5.25133
103 5.25567
104 5.20831
105 5.12375
106 5.15451
107 5.18309
108 5.19906
109 5.19995
110 5.18748
111 5.15981
112 5.17875
113 5.16063
114 5.11551
115 5.37691
116 5.66975
117 6.0038
118 6.38584
119 6.82016
120 7.31031
121 7.8616
122 8.4851
123 9.20368
124 10.0476
125 10.9726
126 11.6917
127 11.9695
128 12
129 11.9834
130 11.9716
131 11.9665
132 11.9647
133 11.9641
134 11.964
135 11.964
136 11.964
137 11.964
138 11.964
139 11.964
140 11.964
141 11.964
142 11.964
143 11.964
144 11.964
145 11.964
146 11.964
147 11.964
148 11.964
149 11.964
150 11.964
151 11.964
152 11.964
153 11.964
154 11.964
155 11.964
156 11.964
157 11.964
158 11.964
159 11.964
160 11.964
161 11.964
162 11.964
163 11.964
164 11.964
165 11.964
166 11.964
167 11.964
168 11.964
169 11.964
170 11.964
171 11.964
172 11.964
173 11.964
174 11.964
175 11.964
176 11.964
177 11.964
178 11.964
179 11.964
180 11.964
181 11.964
182 11.964
183 11.964
184 11.964
185 11.964
186 11.964
187 11.964
188 11.964
189 11.964
190 11.964
191 11.964
192 11.964
193 11.964
194 11.964
195 11.964
196 11.964
197 11.964
198 11.964
199 11.964
200 11.964
201 11.964
202 11.964
203 11.964
204 11.964
205 11.964
206 11.964
207 11.964
208 11.964
209 11.964
210 11.964
211 11.964
212 11.964
213 11.964
214 11.964
