1 11.9657
2 11.9657
3 11.9657
4 11.9657
5 11.9657
6 11.9657
7 11.9657
8 11.9657
9 11.9657
10 11.9657
11 11.9657
12 11.9657
13 11.9657
14 11.9657
15 11.9657
16 11.9657
17 11.9657
18 11.9657
19 11.9657
20 11.9657
21 11.9657
22 11.9657
23 11.9657
24 11.9657
25 11.9657
26 11.9657
27 11.9657
28 11.9657
29 11.9657
30 11.9657
31 11.9657
32 11.9657
33 11.9657
34 11.9657
35 11.9657
36 11.9657
37 11.9657
38 11.9657
39 11.9657
40 11.9657
41 11.9657
42 11.9657
43 11.9657
44 11.9657
45 11.9657
46 11.9657
47 11.9657
48 11.9657
49 11.9657
50 11.9657
51 11.9657
52 11.9657
53 11.9657
54 11.9657
55 11.9657
56 11.9657
57 11.9657
58 11.9657
59 11.9657
60 11.9657
61 11.9657
62 11.9657
63 11.9657
64 11.9657
65 11.9657
66 11.9657
67 11.9657
68 11.9657
69 11.9657
70 11.9657
71 11.9657
72 11.9657
73 11.9657
74 11.9657
75 11.9657
76 11.9657
77 11.9657
78 11.9657
79 11.9657
80 11.9657
81 11.9657
82 11.9658
83 11.9661
84 11.9668
85 11.9687
86 11.9728
87 11.9803
88 11.9907
89 11.9912
90 11.9165
91 11.5818
92 10.8422
93 9.90485
94 9.02418
95 8.25967
96 7.59398
97 7.00748
98 6.48807
99 6.02786
100 5.62017
101 5.25845
102 5.30716
103 5.30955
104 5.25715
105 5.16508
106 5.19597
107 5.22411
108 5.24059
109 5.24157
110 5.22882
111 5.20075
112 5.22096
113 5.20267
114 5.15676
115 5.42244
116 5.72142
117 6.0631
118 6.45375
119 6.89742
120 7.3977
121 7.96042
122 8.59801
123 9.33537
124 10.1998
125 11.1173
126 11.7689
127 11.9864
128 12
129 11.9827
130 11.9721
131 11.9678
132 11.9662
133 11.9658
134 11.9657
135 11.9657
136 11.9657
137 11.9657
138 11.9657
139 11.9657
140 11.9657
141 11.9657
142 11.9657
143 11.9657
144 11.9657
145 11.9657
146 11.9657
147 11.9657
148 11.9657
149 11.9657
150 11.9657
151 11.9657
152 11.9657
153 11.9657
154 11.9657
155 11.9657
156 11.9657
157 11.9657
158 11.9657
159 11.9657
160 11.9657
161 11.9657
162 11.9657
163 11.9657
164 11.9657
165 11.9657
166 11.9657
167 11.9657
168 11.9657
169 11.9657
170 11.9657
171 11.9657
172 11.9657
173 11.9657
174 11.9657
175 11.9657
176 11.9657
177 11.9657
178 11.9657
179 11.9657
180 11.9657
181 11.9657
182 11.9657
183 11.9657
184 11.9657
185 11.9657
186 11.9657
187 11.9657
188 11.9657
189 11.9657
190 11.9657
191 11.9657
192 11.9657
193 11.9657
194 11.9657
195 11.9657
196 11.9657
197 11.9657
198 11.9657
199 11.9657
200 11.9657
201 11.9657
202 11.9657
203 11.9657
204 11.9657
205 11.9657
206 11.9657
207 11.9657
208 11.9657
209 11.9657
210 11.9657
211 11.9657
212 11.9657
213 11.9657
214 11.9657
