1 11.9635
2 11.9635
3 11.9635
4 11.9635
5 11.9635
6 11.9635
7 11.9635
8 11.9635
9 11.9635
10 11.9635
11 11.9635
12 11.9635
13 11.9635
14 11.9635
15 11.9635
16 11.9635
17 11.9635
18 11.9635
19 11.9635
20 11.9635
21 11.9635
22 11.9635
23 11.9635
24 11.9635
25 11.9635
26 11.9635
27 11.9635
28 11.9635
29 11.9635
30 11.9635
31 11.9635
32 11.9635
33 11.9635
34 11.9635
35 11.9635
36 11.9635
37 11.9635
38 11.9635
39 11.9635
40 11.9635
41 11.9635
42 11.9635
43 11.9635
44 11.9635
45 11.9635
46 11.9635
47 11.9635
48 11.9635
49 11.9635
50 11.9635
51 11.9635
52 11.9635
53 11.9635
54 11.9635
55 11.9635
56 11.9635
57 11.9635
58 11.9635
59 11.9635
60 11.9635
61 11.9635
62 11.9635
63 11.9635
64 11.9635
65 11.9635
66 11.9635
67 11.9635
68 11.9635
69 11.9635
70 11.9635
71 11.9635
72 11.9635
73 11.9635
74 11.9635
75 11.9635
76 11.9635
77 11.9635
78 11.9635
79 11.9635
80 11.9635
81 11.9635
82 11.9636
83 11.9638
84 11.9643
85 11.9657
86 11.969
87 11.9754
88 11.9853
89 11.9923
90 11.9557
91 11.7325
92 11.1223
93 10.2159
94 9.3029
95 8.49998
96 7.80268
97 7.1901
98 6.6482
99 6.16826
100 5.74339
101 5.36693
102 5.41623
103 5.41441
104 5.35143
105 5.2438
106 5.27489
107 5.30189
108 5.31939
109 5.3206
110 5.30727
111 5.27833
112 5.30105
113 5.28251
114 5.23512
115 5.51033
116 5.82249
117 6.18006
118 6.58844
119 7.05121
120 7.57227
121 8.15882
122 8.82642
123 9.60346
124 10.5033
125 11.377
126 11.8802
127 12
128 11.9926
129 11.9762
130 11.9679
131 11.9648
132 11.9638
133 11.9636
134 11.9635
135 11.9635
136 11.9635
137 11.9635
138 11.9635
139 11.9635
140 11.9635
141 11.9635
142 11.9635
143 11.9635
144 11.9635
145 11.9635
146 11.9635
147 11.9635
148 11.9635
149 11.9635
150 11.9635
151 11.9635
152 11.9635
153 11.9635
154 11.9635
155 11.9635
156 11.9635
157 11.9635
158 11.9635
159 11.9635
160 11.9635
161 11.9635
162 11.9635
163 11.9635
164 11.9635
165 11.9635
166 11.9635
167 11.9635
168 11.9635
169 11.9635
170 11.9635
171 11.9635
172 11.9635
173 11.9635
174 11.9635
175 11.9635
176 11.9635
177 11.9635
178 11.9635
179 11.9635
180 11.9635
181 11.9635
182 11.9635
183 11.9635
184 11.9635
185 11.9635
186 11.9635
187 11.9635
188 11.9635
189 11.9635
190 11.9635
191 11.9635
192 11.9635
193 11.9635
194 11.9635
195 11.9635
196 11.9635
197 11.9635
198 11.9635
199 11.9635
200 11.9635
201 11.9635
202 11.9635
203 11.9635
204 11.9635
205 11.9635
206 11.9635
207 11.9635
208 11.9635
209 11.9635
210 11.9635
211 11.9635
212 11.9635
213 11.9635
214 11.9635
