1 11.9859
2 11.9859
3 11.9859
4 11.9859
5 11.9859
6 11.9859
7 11.9859
8 11.9859
9 11.9859
10 11.9859
11 11.9859
12 11.9859
13 11.9859
14 11.9859
15 11.9859
16 11.9859
17 11.9859
18 11.9859
19 11.9859
20 11.9859
21 11.9859
22 11.9859
23 11.9859
24 11.9859
25 11.9859
26 11.9859
27 11.9859
28 11.9859
29 11.9859
30 11.9859
31 11.9859
32 11.9859
33 11.9859
34 11.9859
35 11.9859
36 11.9859
37 11.9859
38 11.9859
39 11.9859
40 11.9859
41 11.9859
42 11.9859
43 11.9859
44 11.9859
45 11.9859
46 11.9859
47 11.9859
48 11.9859
49 11.9859
50 11.9859
51 11.9859
52 11.9859
53 11.9859
54 11.9859
55 11.9859
56 11.9859
57 11.9859
58 11.9859
59 11.9859
60 11.9859
61 11.9859
62 11.9859
63 11.9859
64 11.9859
65 11.9859
66 11.9859
67 11.9859
68 11.9859
69 11.9859
70 11.9859
71 11.9859
72 11.9859
73 11.986
74 11.9863
75 11.9869
76 11.989
77 11.9931
78 11.9987
79 11.9948
80 11.9227
81 11.607
82 10.866
83 9.88099
84 8.96847
85 8.20917
86 7.56776
87 7.00864
88 6.51189
89 6.06687
90 5.66706
91 5.30777
92 4.98552
93 4.69822
94 4.44537
95 4.22784
96 4.04695
97 3.90307
98 3.79448
99 3.71689
100 3.664
101 3.62885
102 3.65579
103 3.68159
104 3.70608
105 3.72925
106 3.73867
107 3.748
108 3.75052
109 3.75052
110 3.748
111 3.73868
112 3.71596
113 3.69209
114 3.66721
115 3.70819
116 3.76811
117 3.85346
118 3.96915
119 4.11662
120 4.29321
121 4.49342
122 4.7118
123 4.94593
124 5.19777
125 5.47279
126 5.77786
127 6.11943
128 6.5029
129 6.93317
130 7.41664
131 7.96503
132 8.60218
133 9.36882
134 10.2858
135 11.2
136 11.7767
137 11.9708
138 12
139 11.9951
140 11.9895
141 11.9868
142 11.986
143 11.9859
144 11.9859
145 11.9859
146 11.9859
147 11.9859
148 11.9859
149 11.9859
150 11.9859
151 11.9859
152 11.9859
153 11.9859
154 11.9859
155 11.9859
156 11.9859
157 11.9859
158 11.9859
159 11.9859
160 11.9859
161 11.9859
162 11.9859
163 11.9859
164 11.9859
165 11.9859
166 11.9859
167 11.9859
168 11.9859
169 11.9859
170 11.9859
171 11.9859
172 11.9859
173 11.9859
174 11.9859
175 11.9859
176 11.9859
177 11.9859
178 11.9859
179 11.9859
180 11.9859
181 11.9859
182 11.9859
183 11.9859
184 11.9859
185 11.9859
186 11.9859
187 11.9859
188 11.9859
189 11.9859
190 11.9859
191 11.9859
192 11.9859
193 11.9859
194 11.9859
195 11.9859
196 11.9859
197 11.9859
198 11.9859
199 11.9859
200 11.9859
201 11.9859
202 11.9859
203 11.9859
204 11.9859
205 11.9859
206 11.9859
207 11.9859
208 11.9859
209 11.9859
210 11.9859
211 11.9859
212 11.9859
213 11.9859
214 11.9859
