1 11.9603
2 11.9603
3 11.9603
4 11.9603
5 11.9603
6 11.9603
7 11.9603
8 11.9603
9 11.9603
10 11.9603
11 11.9603
12 11.9603
13 11.9603
14 11.9603
15 11.9603
16 11.9603
17 11.9603
18 11.9603
19 11.9603
20 11.9603
21 11.9603
22 11.9603
23 11.9603
24 11.9603
25 11.9603
26 11.9603
27 11.9603
28 11.9603
29 11.9603
30 11.9603
31 11.9603
32 11.9603
33 11.9603
34 11.9603
35 11.9603
36 11.9603
37 11.9603
38 11.9603
39 11.9603
40 11.9603
41 11.9603
42 11.9603
43 11.9603
44 11.9603
45 11.9603
46 11.9603
47 11.9603
48 11.9603
49 11.9603
50 11.9603
51 11.9603
52 11.9603
53 11.9603
54 11.9603
55 11.9603
56 11.9603
57 11.9603
58 11.9603
59 11.9603
60 11.9603
61 11.9603
62 11.9603
63 11.9603
64 11.9603
65 11.9603
66 11.9603
67 11.9603
68 11.9603
69 11.9603
70 11.9603
71 11.9603
72 11.9603
73 11.9603
74 11.9603
75 11.9603
76 11.9603
77 11.9603
78 11.9603
79 11.9603
80 11.9603
81 11.9603
82 11.9604
83 11.9606
84 11.9611
85 11.9623
86 11.9653
87 11.9712
88 11.9808
89 11.9897
90 11.9662
91 11.7889
92 11.2481
93 10.3705
94 9.44574
95 8.62334
96 7.9094
97 7.28318
98 6.72961
99 6.23942
100 5.8056
101 5.42145
102 5.47098
103 5.46687
104 5.39832
105 5.28267
106 5.31384
107 5.34013
108 5.35815
109 5.35948
110 5.34585
111 5.31645
112 5.34044
113 5.32187
114 5.27379
115 5.55427
116 5.87344
117 6.23926
118 6.65671
119 7.12925
120 7.661
121 8.26003
122 8.94362
123 9.74128
124 10.6541
125 11.4899
126 11.9173
127 12
128 11.9868
129 11.9714
130 11.9641
131 11.9614
132 11.9606
133 11.9604
134 11.9603
135 11.9603
136 11.9603
137 11.9603
138 11.9603
139 11.9603
140 11.9603
141 11.9603
142 11.9603
143 11.9603
144 11.9603
145 11.9603
146 11.9603
147 11.9603
148 11.9603
149 11.9603
150 11.9603
151 11.9603
152 11.9603
153 11.9603
154 11.9603
155 11.9603
156 11.9603
157 11.9603
158 11.9603
159 11.9603
160 11.9603
161 11.9603
162 11.9603
163 11.9603
164 11.9603
165 11.9603
166 11.9603
167 11.9603
168 11.9603
169 11.9603
170 11.9603
171 11.9603
172 11.9603
173 11.9603
174 11.9603
175 11.9603
176 11.9603
177 11.9603
178 11.9603
179 11.9603
180 11.9603
181 11.9603
182 11.9603
183 11.9603
184 11.9603
185 11.9603
186 11.9603
187 11.9603
188 11.9603
189 11.9603
190 11.9603
191 11.9603
192 11.9603
193 11.9603
194 11.9603
195 11.9603
196 11.9603
197 11.9603
198 11.9603
199 11.9603
200 11.9603
201 11.9603
202 11.9603
203 11.9603
204 11.9603
205 11.9603
206 11.9603
207 11.9603
208 11.9603
209 11.9603
210 11.9603
211 11.9603
212 11.9603
213 11.9603
214 11.9603
