1 11.9597
2 11.9597
3 11.9597
4 11.9597
5 11.9597
6 11.9597
7 11.9597
8 11.9597
9 11.9597
10 11.9597
11 11.9597
12 11.9597
13 11.9597
14 11.9597
15 11.9597
16 11.9597
17 11.9597
18 11.9597
19 11.9597
20 11.9597
21 11.9597
22 11.9597
23 11.9597
24 11.9597
25 11.9597
26 11.9597
27 11.9597
28 11.9597
29 11.9597
30 11.9597
31 11.9597
32 11.9597
33 11.9597
34 11.9597
35 11.9597
36 11.9597
37 11.9597
38 11.9597
39 11.9597
40 11.9597
41 11.9597
42 11.9597
43 11.9597
44 11.9597
45 11.9597
46 11.9597
47 11.9597
48 11.9597
49 11.9597
50 11.9597
51 11.9597
52 11.9597
53 11.9597
54 11.9597
55 11.9597
56 11.9597
57 11.9597
58 11.9597
59 11.9597
60 11.9597
61 11.9597
62 11.9597
63 11.9597
64 11.9597
65 11.9597
66 11.9597
67 11.9597
68 11.9597
69 11.9597
70 11.9597
71 11.9597
72 11.9597
73 11.9597
74 11.9597
75 11.9597
76 11.9597
77 11.9597
78 11.9597
79 11.9597
80 11.9597
81 11.9597
82 11.9597
83 11.9599
84 11.9603
85 11.9613
86 11.964
87 11.9694
88 11.9786
89 11.9885
90 11.9751
91 11.8369
92 11.3656
93 10.5259
94 9.59347
95 8.75169
96 8.02058
97 7.38028
98 6.81473
99 6.31404
100 5.87103
101 5.47896
102 5.52868
103 5.52212
104 5.44781
105 5.32398
106 5.35522
107 5.38071
108 5.39924
109 5.4007
110 5.38677
111 5.35688
112 5.3822
113 5.36367
114 5.31495
115 5.60103
116 5.92747
117 6.30174
118 6.72841
119 7.21085
120 7.75352
121 8.36543
122 9.06574
123 9.88427
124 10.8051
125 11.5927
126 11.9471
127 12
128 11.9833
129 11.9691
130 11.9629
131 11.9606
132 11.9599
133 11.9597
134 11.9597
135 11.9597
136 11.9597
137 11.9597
138 11.9597
139 11.9597
140 11.9597
141 11.9597
142 11.9597
143 11.9597
144 11.9597
145 11.9597
146 11.9597
147 11.9597
148 11.9597
149 11.9597
150 11.9597
151 11.9597
152 11.9597
153 11.9597
154 11.9597
155 11.9597
156 11.9597
157 11.9597
158 11.9597
159 11.9597
160 11.9597
161 11.9597
162 11.9597
163 11.9597
164 11.9597
165 11.9597
166 11.9597
167 11.9597
168 11.9597
169 11.9597
170 11.9597
171 11.9597
172 11.9597
173 11.9597
174 11.9597
175 11.9597
176 11.9597
177 11.9597
178 11.9597
179 11.9597
180 11.9597
181 11.9597
182 11.9597
183 11.9597
184 11.9597
185 11.9597
186 11.9597
187 11.9597
188 11.9597
189 11.9597
190 11.9597
191 11.9597
192 11.9597
193 11.9597
194 11.9597
195 11.9597
196 11.9597
197 11.9597
198 11.9597
199 11.9597
200 11.9597
201 11.9597
202 11.9597
203 11.9597
204 11.9597
205 11.9597
206 11.9597
207 11.9597
208 11.9597
209 11.9597
210 11.9597
211 11.9597
212 11.9597
213 11.9597
214 11.9597
