1 11.9626
2 11.9626
3 11.9626
4 11.9626
5 11.9626
6 11.9626
7 11.9626
8 11.9626
9 11.9626
10 11.9626
11 11.9626
12 11.9626
13 11.9626
14 11.9626
15 11.9626
16 11.9626
17 11.9626
18 11.9626
19 11.9626
20 11.9626
21 11.9626
22 11.9626
23 11.9626
24 11.9626
25 11.9626
26 11.9626
27 11.9626
28 11.9626
29 11.9626
30 11.9626
31 11.9626
32 11.9626
33 11.9626
34 11.9626
35 11.9626
36 11.9626
37 11.9626
38 11.9626
39 11.9626
40 11.9626
41 11.9626
42 11.9626
43 11.9626
44 11.9626
45 11.9626
46 11.9626
47 11.9626
48 11.9626
49 11.9626
50 11.9626
51 11.9626
52 11.9626
53 11.9626
54 11.9626
55 11.9626
56 11.9626
57 11.9626
58 11.9626
59 11.9626
60 11.9626
61 11.9626
62 11.9626
63 11.9626
64 11.9626
65 11.9626
66 11.9626
67 11.9626
68 11.9626
69 11.9626
70 11.9626
71 11.9626
72 11.9626
73 11.9626
74 11.9626
75 11.9626
76 11.9626
77 11.9626
78 11.9626
79 11.9626
80 11.9626
81 11.9626
82 11.9626
83 11.9627
84 11.963
85 11.9638
86 11.9658
87 11.9703
88 11.9784
89 11.9892
90 11.989
91 11.9105
92 11.5702
93 10.8319
94 9.90108
95 9.02259
96 8.25564
97 7.58584
98 6.99535
99 6.47286
100 6.01071
101 5.60212
102 5.65203
103 5.64009
104 5.55361
105 5.41296
106 5.44433
107 5.46792
108 5.48749
109 5.48922
110 5.47468
111 5.44376
112 5.47196
113 5.45385
114 5.404
115 5.70225
116 6.044
117 6.43566
118 6.88118
119 7.3839
120 7.94913
121 8.58823
122 9.32414
123 10.1834
124 11.1003
125 11.7639
126 11.9878
127 12
128 11.9809
129 11.9694
130 11.9648
131 11.9632
132 11.9627
133 11.9626
134 11.9626
135 11.9626
136 11.9626
137 11.9626
138 11.9626
139 11.9626
140 11.9626
141 11.9626
142 11.9626
143 11.9626
144 11.9626
145 11.9626
146 11.9626
147 11.9626
148 11.9626
149 11.9626
150 11.9626
151 11.9626
152 11.9626
153 11.9626
154 11.9626
155 11.9626
156 11.9626
157 11.9626
158 11.9626
159 11.9626
160 11.9626
161 11.9626
162 11.9626
163 11.9626
164 11.9626
165 11.9626
166 11.9626
167 11.9626
168 11.9626
169 11.9626
170 11.9626
171 11.9626
172 11.9626
173 11.9626
174 11.9626
175 11.9626
176 11.9626
177 11.9626
178 11.9626
179 11.9626
180 11.9626
181 11.9626
182 11.9626
183 11.9626
184 11.9626
185 11.9626
186 11.9626
187 11.9626
188 11.9626
189 11.9626
190 11.9626
191 11.9626
192 11.9626
193 11.9626
194 11.9626
195 11.9626
196 11.9626
197 11.9626
198 11.9626
199 11.9626
200 11.9626
201 11.9626
202 11.9626
203 11.9626
204 11.9626
205 11.9626
206 11.9626
207 11.9626
208 11.9626
209 11.9626
210 11.9626
211 11.9626
212 11.9626
213 11.9626
214 11.9626
