1 11.9648
2 11.9648
3 11.9648
4 11.9648
5 11.9648
6 11.9648
7 11.9648
8 11.9648
9 11.9648
10 11.9648
11 11.9648
12 11.9648
13 11.9648
14 11.9648
15 11.9648
16 11.9648
17 11.9648
18 11.9648
19 11.9648
20 11.9648
21 11.9648
22 11.9648
23 11.9648
24 11.9648
25 11.9648
26 11.9648
27 11.9648
28 11.9648
29 11.9648
30 11.9648
31 11.9648
32 11.9648
33 11.9648
34 11.9648
35 11.9648
36 11.9648
37 11.9648
38 11.9648
39 11.9648
40 11.9648
41 11.9648
42 11.9648
43 11.9648
44 11.9648
45 11.9648
46 11.9648
47 11.9648
48 11.9648
49 11.9648
50 11.9648
51 11.9648
52 11.9648
53 11.9648
54 11.9648
55 11.9648
56 11.9648
57 11.9648
58 11.9648
59 11.9648
60 11.9648
61 11.9648
62 11.9648
63 11.9648
64 11.9648
65 11.9648
66 11.9648
67 11.9648
68 11.9648
69 11.9648
70 11.9648
71 11.9648
72 11.9648
73 11.9648
74 11.9648
75 11.9648
76 11.9648
77 11.9648
78 11.9648
79 11.9648
80 11.9648
81 11.9648
82 11.9648
83 11.9649
84 11.9651
85 11.9658
86 11.9675
87 11.9715
88 11.9791
89 11.9898
90 11.9937
91 11.9369
92 11.6551
93 10.9777
94 10.0583
95 9.16361
96 8.37815
97 7.69289
98 7.08942
99 6.55563
100 6.08353
101 5.66631
102 5.71622
103 5.70131
104 5.60839
105 5.4591
106 5.49053
107 5.51303
108 5.53311
109 5.535
110 5.52014
111 5.48868
112 5.5185
113 5.50079
114 5.45047
115 5.75527
116 6.10502
117 6.50563
118 6.96077
119 7.47386
120 8.0508
121 8.70427
122 9.459
123 10.3369
124 11.239
125 11.8305
126 12
127 11.9994
128 11.9805
129 11.9704
130 11.9665
131 11.9652
132 11.9649
133 11.9648
134 11.9648
135 11.9648
136 11.9648
137 11.9648
138 11.9648
139 11.9648
140 11.9648
141 11.9648
142 11.9648
143 11.9648
144 11.9648
145 11.9648
146 11.9648
147 11.9648
148 11.9648
149 11.9648
150 11.9648
151 11.9648
152 11.9648
153 11.9648
154 11.9648
155 11.9648
156 11.9648
157 11.9648
158 11.9648
159 11.9648
160 11.9648
161 11.9648
162 11.9648
163 11.9648
164 11.9648
165 11.9648
166 11.9648
167 11.9648
168 11.9648
169 11.9648
170 11.9648
171 11.9648
172 11.9648
173 11.9648
174 11.9648
175 11.9648
176 11.9648
177 11.9648
178 11.9648
179 11.9648
180 11.9648
181 11.9648
182 11.9648
183 11.9648
184 11.9648
185 11.9648
186 11.9648
187 11.9648
188 11.9648
189 11.9648
190 11.9648
191 11.9648
192 11.9648
193 11.9648
194 11.9648
195 11.9648
196 11.9648
197 11.9648
198 11.9648
199 11.9648
200 11.9648
201 11.9648
202 11.9648
203 11.9648
204 11.9648
205 11.9648
206 11.9648
207 11.9648
208 11.9648
209 11.9648
210 11.9648
211 11.9648
212 11.9648
213 11.9648
214 11.9648
