1 11.9588
2 11.9588
3 11.9588
4 11.9588
5 11.9588
6 11.9588
7 11.9588
8 11.9588
9 11.9588
10 11.9588
11 11.9588
12 11.9588
13 11.9588
14 11.9588
15 11.9588
16 11.9588
17 11.9588
18 11.9588
19 11.9588
20 11.9588
21 11.9588
22 11.9588
23 11.9588
24 11.9588
25 11.9588
26 11.9588
27 11.9588
28 11.9588
29 11.9588
30 11.9588
31 11.9588
32 11.9588
33 11.9588
34 11.9588
35 11.9588
36 11.9588
37 11.9588
38 11.9588
39 11.9588
40 11.9588
41 11.9588
42 11.9588
43 11.9588
44 11.9588
45 11.9588
46 11.9588
47 11.9588
48 11.9588
49 11.9588
50 11.9588
51 11.9588
52 11.9588
53 11.9588
54 11.9588
55 11.9588
56 11.9588
57 11.9588
58 11.9588
59 11.9588
60 11.9588
61 11.9588
62 11.9588
63 11.9588
64 11.9588
65 11.9588
66 11.9588
67 11.9588
68 11.9588
69 11.9588
70 11.9588
71 11.9588
72 11.9588
73 11.9588
74 11.9588
75 11.9588
76 11.9588
77 11.9588
78 11.9588
79 11.9588
80 11.9588
81 11.9588
82 11.9588
83 11.9589
84 11.9591
85 11.9597
86 11.9612
87 11.9648
88 11.9718
89 11.9823
90 11.9891
91 11.9496
92 11.7203
93 11.1083
94 10.2085
95 9.29983
96 8.49564
97 7.79442
98 7.17761
99 6.63223
100 6.14992
101 5.72382
102 5.77366
103 5.75556
104 5.65594
105 5.49787
106 5.52935
107 5.55069
108 5.57128
109 5.57332
110 5.55815
111 5.52613
112 5.55773
113 5.54058
114 5.48984
115 5.8015
116 6.15946
117 6.56917
118 7.03406
119 7.55771
120 8.14667
121 8.81508
122 9.58924
123 10.4836
124 11.361
125 11.8771
126 12
127 11.9904
128 11.9724
129 11.9635
130 11.9602
131 11.9591
132 11.9589
133 11.9588
134 11.9588
135 11.9588
136 11.9588
137 11.9588
138 11.9588
139 11.9588
140 11.9588
141 11.9588
142 11.9588
143 11.9588
144 11.9588
145 11.9588
146 11.9588
147 11.9588
148 11.9588
149 11.9588
150 11.9588
151 11.9588
152 11.9588
153 11.9588
154 11.9588
155 11.9588
156 11.9588
157 11.9588
158 11.9588
159 11.9588
160 11.9588
161 11.9588
162 11.9588
163 11.9588
164 11.9588
165 11.9588
166 11.9588
167 11.9588
168 11.9588
169 11.9588
170 11.9588
171 11.9588
172 11.9588
173 11.9588
174 11.9588
175 11.9588
176 11.9588
177 11.9588
178 11.9588
179 11.9588
180 11.9588
181 11.9588
182 11.9588
183 11.9588
184 11.9588
185 11.9588
186 11.9588
187 11.9588
188 11.9588
189 11.9588
190 11.9588
191 11.9588
192 11.9588
193 11.9588
194 11.9588
195 11.9588
196 11.9588
197 11.9588
198 11.9588
199 11.9588
200 11.9588
201 11.9588
202 11.9588
203 11.9588
204 11.9588
205 11.9588
206 11.9588
207 11.9588
208 11.9588
209 11.9588
210 11.9588
211 11.9588
212 11.9588
213 11.9588
214 11.9588
