1 11.956
2 11.956
3 11.956
4 11.956
5 11.956
6 11.956
7 11.956
8 11.956
9 11.956
10 11.956
11 11.956
12 11.956
13 11.956
14 11.956
15 11.956
16 11.956
17 11.956
18 11.956
19 11.956
20 11.956
21 11.956
22 11.956
23 11.956
24 11.956
25 11.956
26 11.956
27 11.956
28 11.956
29 11.956
30 11.956
31 11.956
32 11.956
33 11.956
34 11.956
35 11.956
36 11.956
37 11.956
38 11.956
39 11.956
40 11.956
41 11.956
42 11.956
43 11.956
44 11.956
45 11.956
46 11.956
47 11.956
48 11.956
49 11.956
50 11.956
51 11.956
52 11.956
53 11.956
54 11.956
55 11.956
56 11.956
57 11.956
58 11.956
59 11.956
60 11.956
61 11.956
62 11.956
63 11.956
64 11.956
65 11.956
66 11.956
67 11.956
68 11.956
69 11.956
70 11.956
71 11.956
72 11.956
73 11.956
74 11.956
75 11.956
76 11.956
77 11.956
78 11.956
79 11.956
80 11.956
81 11.956
82 11.956
83 11.956
84 11.9562
85 11.9567
86 11.958
87 11.9613
88 11.9677
89 11.978
90 11.9867
91 11.9608
92 11.7775
93 11.2334
94 10.362
95 9.44255
96 8.61963
97 7.90198
98 7.27143
99 6.71418
100 6.2214
101 5.78616
102 5.83586
103 5.81434
104 5.70773
105 5.54074
106 5.57228
107 5.59235
108 5.61345
109 5.61566
110 5.60016
111 5.56757
112 5.60114
113 5.58473
114 5.53363
115 5.85244
116 6.21883
117 6.63777
118 7.11255
119 7.64695
120 8.24826
121 8.93222
122 9.72623
123 10.6338
124 11.4759
125 11.9157
126 12
127 11.9845
128 11.9677
129 11.9599
130 11.9571
131 11.9562
132 11.956
133 11.956
134 11.956
135 11.956
136 11.956
137 11.956
138 11.956
139 11.956
140 11.956
141 11.956
142 11.956
143 11.956
144 11.956
145 11.956
146 11.956
147 11.956
148 11.956
149 11.956
150 11.956
151 11.956
152 11.956
153 11.956
154 11.956
155 11.956
156 11.956
157 11.956
158 11.956
159 11.956
160 11.956
161 11.956
162 11.956
163 11.956
164 11.956
165 11.956
166 11.956
167 11.956
168 11.956
169 11.956
170 11.956
171 11.956
172 11.956
173 11.956
174 11.956
175 11.956
176 11.956
177 11.956
178 11.956
179 11.956
180 11.956
181 11.956
182 11.956
183 11.956
184 11.956
185 11.956
186 11.956
187 11.956
188 11.956
189 11.956
190 11.956
191 11.956
192 11.956
193 11.956
194 11.956
195 11.956
196 11.956
197 11.956
198 11.956
199 11.956
200 11.956
201 11.956
202 11.956
203 11.956
204 11.956
205 11.956
206 11.956
207 11.956
208 11.956
209 11.956
210 11.956
211 11.956
212 11.956
213 11.956
214 11.956
