1 11.9853
2 11.9853
3 11.9853
4 11.9853
5 11.9853
6 11.9853
7 11.9853
8 11.9853
9 11.9853
10 11.9853
11 11.9853
12 11.9853
13 11.9853
14 11.9853
15 11.9853
16 11.9853
17 11.9853
18 11.9853
19 11.9853
20 11.9853
21 11.9853
22 11.9853
23 11.9853
24 11.9853
25 11.9853
26 11.9853
27 11.9853
28 11.9853
29 11.9853
30 11.9853
31 11.9853
32 11.9853
33 11.9853
34 11.9853
35 11.9853
36 11.9853
37 11.9853
38 11.9853
39 11.9853
40 11.9853
41 11.9853
42 11.9853
43 11.9853
44 11.9853
45 11.9853
46 11.9853
47 11.9853
48 11.9853
49 11.9853
50 11.9853
51 11.9853
52 11.9853
53 11.9853
54 11.9853
55 11.9853
56 11.9853
57 11.9853
58 11.9853
59 11.9853
60 11.9853
61 11.9853
62 11.9853
63 11.9853
64 11.9853
65 11.9853
66 11.9853
67 11.9853
68 11.9853
69 11.9853
70 11.9853
71 11.9853
72 11.9853
73 11.9854
74 11.9858
75 11.9864
76 11.9884
77 11.9922
78 11.998
79 11.9978
80 11.9457
81 11.6875
82 11.0169
83 10.0469
84 9.11136
85 8.32844
86 7.6702
87 7.09884
88 6.59232
89 6.13899
90 5.73188
91 5.36606
92 5.03782
93 4.74481
94 4.48625
95 4.26287
96 4.07599
97 3.92626
98 3.81234
99 3.73032
100 3.67409
101 3.63669
102 3.66409
103 3.69034
104 3.71526
105 3.73881
106 3.74842
107 3.75794
108 3.76051
109 3.76051
110 3.75794
111 3.74843
112 3.72536
113 3.70111
114 3.67586
115 3.7193
116 3.78271
117 3.87254
118 3.99326
119 4.14569
120 4.32655
121 4.53008
122 4.7511
123 4.98783
124 5.24297
125 5.52239
126 5.83304
127 6.18126
128 6.57227
129 7.01105
130 7.50445
131 8.06556
132 8.72076
133 9.5122
134 10.4461
135 11.3264
136 11.8307
137 11.9822
138 12
139 11.9938
140 11.9886
141 11.9862
142 11.9854
143 11.9853
144 11.9853
145 11.9853
146 11.9853
147 11.9853
148 11.9853
149 11.9853
150 11.9853
151 11.9853
152 11.9853
153 11.9853
154 11.9853
155 11.9853
156 11.9853
157 11.9853
158 11.9853
159 11.9853
160 11.9853
161 11.9853
162 11.9853
163 11.9853
164 11.9853
165 11.9853
166 11.9853
167 11.9853
168 11.9853
169 11.9853
170 11.9853
171 11.9853
172 11.9853
173 11.9853
174 11.9853
175 11.9853
176 11.9853
177 11.9853
178 11.9853
179 11.9853
180 11.9853
181 11.9853
182 11.9853
183 11.9853
184 11.9853
185 11.9853
186 11.9853
187 11.9853
188 11.9853
189 11.9853
190 11.9853
191 11.9853
192 11.9853
193 11.9853
194 11.9853
195 11.9853
196 11.9853
197 11.9853
198 11.9853
199 11.9853
200 11.9853
201 11.9853
202 11.9853
203 11.9853
204 11.9853
205 11.9853
206 11.9853
207 11.9853
208 11.9853
209 11.9853
210 11.9853
211 11.9853
212 11.9853
213 11.9853
214 11.9853
