1 11.952
2 11.952
3 11.952
4 11.952
5 11.952
6 11.952
7 11.952
8 11.952
9 11.952
10 11.952
11 11.952
12 11.952
13 11.952
14 11.952
15 11.952
16 11.952
17 11.952
18 11.952
19 11.952
20 11.952
21 11.952
22 11.952
23 11.952
24 11.952
25 11.952
26 11.952
27 11.952
28 11.952
29 11.952
30 11.952
31 11.952
32 11.952
33 11.952
34 11.952
35 11.952
36 11.952
37 11.952
38 11.952
39 11.952
40 11.952
41 11.952
42 11.952
43 11.952
44 11.952
45 11.952
46 11.952
47 11.952
48 11.952
49 11.952
50 11.952
51 11.952
52 11.952
53 11.952
54 11.952
55 11.952
56 11.952
57 11.952
58 11.952
59 11.952
60 11.952
61 11.952
62 11.952
63 11.952
64 11.952
65 11.952
66 11.952
67 11.952
68 11.952
69 11.952
70 11.952
71 11.952
72 11.952
73 11.952
74 11.952
75 11.952
76 11.952
77 11.952
78 11.952
79 11.952
80 11.952
81 11.952
82 11.952
83 11.952
84 11.952
85 11.952
86 11.9524
87 11.9534
88 11.9559
89 11.9619
90 11.9722
91 11.9836
92 11.9742
93 11.8566
94 11.4412
95 10.6584
96 9.73974
97 8.88223
98 8.12707
99 7.46316
100 6.87695
101 6.35928
102 6.40411
103 6.34483
104 6.17002
105 5.92557
106 5.95779
107 5.96505
108 5.99011
109 5.99385
110 5.97551
111 5.93862
112 5.99858
113 5.99582
114 5.94429
115 6.32904
116 6.76877
117 7.26635
118 7.82572
119 8.455
120 9.17121
121 9.9994
122 10.9134
123 11.6648
124 11.9719
125 12
126 11.9762
127 11.9607
128 11.9543
129 11.9524
130 11.952
131 11.952
132 11.952
133 11.952
134 11.952
135 11.952
136 11.952
137 11.952
138 11.952
139 11.952
140 11.952
141 11.952
142 11.952
143 11.952
144 11.952
145 11.952
146 11.952
147 11.952
148 11.952
149 11.952
150 11.952
151 11.952
152 11.952
153 11.952
154 11.952
155 11.952
156 11.952
157 11.952
158 11.952
159 11.952
160 11.952
161 11.952
162 11.952
163 11.952
164 11.952
165 11.952
166 11.952
167 11.952
168 11.952
169 11.952
170 11.952
171 11.952
172 11.952
173 11.952
174 11.952
175 11.952
176 11.952
177 11.952
178 11.952
179 11.952
180 11.952
181 11.952
182 11.952
183 11.952
184 11.952
185 11.952
186 11.952
187 11.952
188 11.952
189 11.952
190 11.952
191 11.952
192 11.952
193 11.952
194 11.952
195 11.952
196 11.952
197 11.952
198 11.952
199 11.952
200 11.952
201 11.952
202 11.952
203 11.952
204 11.952
205 11.952
206 11.952
207 11.952
208 11.952
209 11.952
210 11.952
211 11.952
212 11.952
213 11.952
214 11.952
