1 11.947
2 11.947
3 11.947
4 11.947
5 11.947
6 11.947
7 11.947
8 11.947
9 11.947
10 11.947
11 11.947
12 11.947
13 11.947
14 11.947
15 11.947
16 11.947
17 11.947
18 11.947
19 11.947
20 11.947
21 11.947
22 11.947
23 11.947
24 11.947
25 11.947
26 11.947
27 11.947
28 11.947
29 11.947
30 11.947
31 11.947
32 11.947
33 11.947
34 11.947
35 11.947
36 11.947
37 11.947
38 11.947
39 11.947
40 11.947
41 11.947
42 11.947
43 11.947
44 11.947
45 11.947
46 11.947
47 11.947
48 11.947
49 11.947
50 11.947
51 11.947
52 11.947
53 11.947
54 11.947
55 11.947
56 11.947
57 11.947
58 11.947
59 11.947
60 11.947
61 11.947
62 11.947
63 11.947
64 11.947
65 11.947
66 11.947
67 11.947
68 11.947
69 11.947
70 11.947
71 11.947
72 11.947
73 11.947
74 11.947
75 11.947
76 11.947
77 11.947
78 11.947
79 11.947
80 11.947
81 11.947
82 11.947
83 11.947
84 11.947
85 11.947
86 11.947
87 11.9476
88 11.9494
89 11.953
90 11.9615
91 11.9738
92 11.9798
93 11.9316
94 11.6863
95 11.0737
96 10.1931
97 9.29549
98 8.48867
99 7.77884
100 7.15275
101 6.59978
102 6.64068
103 6.56135
104 6.35417
105 6.07746
106 6.11002
107 6.11139
108 6.13791
109 6.1423
110 6.12282
111 6.08479
112 6.16125
113 6.16785
114 6.11727
115 6.52987
116 6.99934
117 7.52863
118 8.1229
119 8.79332
120 9.56106
121 10.4408
122 11.3218
123 11.8681
124 12
125 11.9846
126 11.962
127 11.9511
128 11.9476
129 11.947
130 11.947
131 11.947
132 11.947
133 11.947
134 11.947
135 11.947
136 11.947
137 11.947
138 11.947
139 11.947
140 11.947
141 11.947
142 11.947
143 11.947
144 11.947
145 11.947
146 11.947
147 11.947
148 11.947
149 11.947
150 11.947
151 11.947
152 11.947
153 11.947
154 11.947
155 11.947
156 11.947
157 11.947
158 11.947
159 11.947
160 11.947
161 11.947
162 11.947
163 11.947
164 11.947
165 11.947
166 11.947
167 11.947
168 11.947
169 11.947
170 11.947
171 11.947
172 11.947
173 11.947
174 11.947
175 11.947
176 11.947
177 11.947
178 11.947
179 11.947
180 11.947
181 11.947
182 11.947
183 11.947
184 11.947
185 11.947
186 11.947
187 11.947
188 11.947
189 11.947
190 11.947
191 11.947
192 11.947
193 11.947
194 11.947
195 11.947
196 11.947
197 11.947
198 11.947
199 11.947
200 11.947
201 11.947
202 11.947
203 11.947
204 11.947
205 11.947
206 11.947
207 11.947
208 11.947
209 11.947
210 11.947
211 11.947
212 11.947
213 11.947
214 11.947
