1 11.9859
2 11.9859
3 11.9859
4 11.9859
5 11.9859
6 11.9859
7 11.9859
8 11.9859
9 11.9859
10 11.9859
11 11.9859
12 11.9859
13 11.9859
14 11.9859
15 11.9859
16 11.9859
17 11.9859
18 11.9859
19 11.9859
20 11.9859
21 11.9859
22 11.9859
23 11.9859
24 11.9859
25 11.9859
26 11.9859
27 11.9859
28 11.9859
29 11.9859
30 11.9859
31 11.9859
32 11.9859
33 11.9859
34 11.9859
35 11.9859
36 11.9859
37 11.9859
38 11.9859
39 11.9859
40 11.9859
41 11.9859
42 11.9859
43 11.9859
44 11.9859
45 11.9859
46 11.9859
47 11.9859
48 11.9859
49 11.9859
50 11.9859
51 11.9859
52 11.9859
53 11.9859
54 11.9859
55 11.9859
56 11.9859
57 11.9859
58 11.9859
59 11.9859
60 11.9859
61 11.9859
62 11.9859
63 11.9859
64 11.9859
65 11.9859
66 11.9859
67 11.9859
68 11.9859
69 11.9859
70 11.9859
71 11.9859
72 11.9859
73 11.986
74 11.9863
75 11.9869
76 11.9885
77 11.992
78 11.9976
79 11.9999
80 11.963
81 11.7547
82 11.1563
83 10.2101
84 9.25317
85 8.44505
86 7.76871
87 7.1844
88 6.66774
89 6.20586
90 5.79127
91 5.41879
92 5.08449
93 4.78573
94 4.52148
95 4.29225
96 4.09938
97 3.94374
98 3.82438
99 3.73776
100 3.67803
101 3.6382
102 3.66608
103 3.69279
104 3.71814
105 3.74207
106 3.75189
107 3.76159
108 3.76422
109 3.76422
110 3.76159
111 3.75189
112 3.72847
113 3.70385
114 3.67823
115 3.72427
116 3.79136
117 3.88578
118 4.01158
119 4.1689
120 4.35389
121 4.56061
122 4.7842
123 5.02361
124 5.28219
125 5.56622
126 5.88267
127 6.2377
128 6.63644
129 7.08395
130 7.58771
131 8.16237
132 8.83716
133 9.6548
134 10.602
135 11.4399
136 11.8743
137 11.9904
138 12
139 11.9933
140 11.9887
141 11.9866
142 11.986
143 11.9859
144 11.9859
145 11.9859
146 11.9859
147 11.9859
148 11.9859
149 11.9859
150 11.9859
151 11.9859
152 11.9859
153 11.9859
154 11.9859
155 11.9859
156 11.9859
157 11.9859
158 11.9859
159 11.9859
160 11.9859
161 11.9859
162 11.9859
163 11.9859
164 11.9859
165 11.9859
166 11.9859
167 11.9859
168 11.9859
169 11.9859
170 11.9859
171 11.9859
172 11.9859
173 11.9859
174 11.9859
175 11.9859
176 11.9859
177 11.9859
178 11.9859
179 11.9859
180 11.9859
181 11.9859
182 11.9859
183 11.9859
184 11.9859
185 11.9859
186 11.9859
187 11.9859
188 11.9859
189 11.9859
190 11.9859
191 11.9859
192 11.9859
193 11.9859
194 11.9859
195 11.9859
196 11.9859
197 11.9859
198 11.9859
199 11.9859
200 11.9859
201 11.9859
202 11.9859
203 11.9859
204 11.9859
205 11.9859
206 11.9859
207 11.9859
208 11.9859
209 11.9859
210 11.9859
211 11.9859
212 11.9859
213 11.9859
214 11.9859
