1 11.9411
2 11.9411
3 11.9411
4 11.9411
5 11.9411
6 11.9411
7 11.9411
8 11.9411
9 11.9411
10 11.9411
11 11.9411
12 11.9411
13 11.9411
14 11.9411
15 11.9411
16 11.9411
17 11.9411
18 11.9411
19 11.9411
20 11.9411
21 11.9411
22 11.9411
23 11.9411
24 11.9411
25 11.9411
26 11.9411
27 11.9411
28 11.9411
29 11.9411
30 11.9411
31 11.9411
32 11.9411
33 11.9411
34 11.9411
35 11.9411
36 11.9411
37 11.9411
38 11.9411
39 11.9411
40 11.9411
41 11.9411
42 11.9411
43 11.9411
44 11.9411
45 11.9411
46 11.9411
47 11.9411
48 11.9411
49 11.9411
50 11.9411
51 11.9411
52 11.9411
53 11.9411
54 11.9411
55 11.9411
56 11.9411
57 11.9411
58 11.9411
59 11.9411
60 11.9411
61 11.9411
62 11.9411
63 11.9411
64 11.9411
65 11.9411
66 11.9411
67 11.9411
68 11.9411
69 11.9411
70 11.9411
71 11.9411
72 11.9411
73 11.9411
74 11.9411
75 11.9411
76 11.9411
77 11.9411
78 11.9411
79 11.9411
80 11.9411
81 11.9411
82 11.9411
83 11.9411
84 11.9411
85 11.9411
86 11.9411
87 11.9411
88 11.9411
89 11.9426
90 11.9472
91 11.9545
92 11.9632
93 11.9744
94 11.9479
95 11.7784
96 11.2924
97 10.49
98 9.593
99 8.75459
100 8.0086
101 7.34915
102 7.37148
103 7.21956
104 6.90551
105 6.53259
106 6.56544
107 6.5474
108 6.5778
109 6.5841
110 6.5617
111 6.52341
112 6.66534
113 6.7097
114 6.66467
115 7.15731
116 7.71161
117 8.33294
118 9.03249
119 9.82903
120 10.7188
121 11.5337
122 11.945
123 12
124 11.9685
125 11.9472
126 11.9426
127 11.9411
128 11.9411
129 11.9411
130 11.9411
131 11.9411
132 11.9411
133 11.9411
134 11.9411
135 11.9411
136 11.9411
137 11.9411
138 11.9411
139 11.9411
140 11.9411
141 11.9411
142 11.9411
143 11.9411
144 11.9411
145 11.9411
146 11.9411
147 11.9411
148 11.9411
149 11.9411
150 11.9411
151 11.9411
152 11.9411
153 11.9411
154 11.9411
155 11.9411
156 11.9411
157 11.9411
158 11.9411
159 11.9411
160 11.9411
161 11.9411
162 11.9411
163 11.9411
164 11.9411
165 11.9411
166 11.9411
167 11.9411
168 11.9411
169 11.9411
170 11.9411
171 11.9411
172 11.9411
173 11.9411
174 11.9411
175 11.9411
176 11.9411
177 11.9411
178 11.9411
179 11.9411
180 11.9411
181 11.9411
182 11.9411
183 11.9411
184 11.9411
185 11.9411
186 11.9411
187 11.9411
188 11.9411
189 11.9411
190 11.9411
191 11.9411
192 11.9411
193 11.9411
194 11.9411
195 11.9411
196 11.9411
197 11.9411
198 11.9411
199 11.9411
200 11.9411
201 11.9411
202 11.9411
203 11.9411
204 11.9411
205 11.9411
206 11.9411
207 11.9411
208 11.9411
209 11.9411
210 11.9411
211 11.9411
212 11.9411
213 11.9411
214 11.9411
