1 11.9456
2 11.9456
3 11.9456
4 11.9456
5 11.9456
6 11.9456
7 11.9456
8 11.9456
9 11.9456
10 11.9456
11 11.9456
12 11.9456
13 11.9456
14 11.9456
15 11.9456
16 11.9456
17 11.9456
18 11.9456
19 11.9456
20 11.9456
21 11.9456
22 11.9456
23 11.9456
24 11.9456
25 11.9456
26 11.9456
27 11.9456
28 11.9456
29 11.9456
30 11.9456
31 11.9456
32 11.9456
33 11.9456
34 11.9456
35 11.9456
36 11.9456
37 11.9456
38 11.9456
39 11.9456
40 11.9456
41 11.9456
42 11.9456
43 11.9456
44 11.9456
45 11.9456
46 11.9456
47 11.9456
48 11.9456
49 11.9456
50 11.9456
51 11.9456
52 11.9456
53 11.9456
54 11.9456
55 11.9456
56 11.9456
57 11.9456
58 11.9456
59 11.9456
60 11.9456
61 11.9456
62 11.9456
63 11.9456
64 11.9456
65 11.9456
66 11.9456
67 11.9456
68 11.9456
69 11.9456
70 11.9456
71 11.9456
72 11.9456
73 11.9456
74 11.9456
75 11.9456
76 11.9456
77 11.9456
78 11.9456
79 11.9456
80 11.9456
81 11.9456
82 11.9456
83 11.9456
84 11.9456
85 11.9456
86 11.9456
87 11.9456
88 11.9456
89 11.9456
90 11.9484
91 11.9542
92 11.9622
93 11.9754
94 11.9592
95 11.8232
96 11.397
97 10.6361
98 9.74191
99 8.88958
100 8.12754
101 7.45346
102 7.47242
103 7.30932
104 6.97987
105 6.59387
106 6.62659
107 6.60556
108 6.63641
109 6.64296
110 6.62024
111 6.58228
112 6.73458
113 6.78502
114 6.74102
115 7.2442
116 7.80977
117 8.44361
118 9.1579
119 9.97115
120 10.8664
121 11.6365
122 11.9743
123 12
124 11.9667
125 11.9484
126 11.9456
127 11.9456
128 11.9456
129 11.9456
130 11.9456
131 11.9456
132 11.9456
133 11.9456
134 11.9456
135 11.9456
136 11.9456
137 11.9456
138 11.9456
139 11.9456
140 11.9456
141 11.9456
142 11.9456
143 11.9456
144 11.9456
145 11.9456
146 11.9456
147 11.9456
148 11.9456
149 11.9456
150 11.9456
151 11.9456
152 11.9456
153 11.9456
154 11.9456
155 11.9456
156 11.9456
157 11.9456
158 11.9456
159 11.9456
160 11.9456
161 11.9456
162 11.9456
163 11.9456
164 11.9456
165 11.9456
166 11.9456
167 11.9456
168 11.9456
169 11.9456
170 11.9456
171 11.9456
172 11.9456
173 11.9456
174 11.9456
175 11.9456
176 11.9456
177 11.9456
178 11.9456
179 11.9456
180 11.9456
181 11.9456
182 11.9456
183 11.9456
184 11.9456
185 11.9456
186 11.9456
187 11.9456
188 11.9456
189 11.9456
190 11.9456
191 11.9456
192 11.9456
193 11.9456
194 11.9456
195 11.9456
196 11.9456
197 11.9456
198 11.9456
199 11.9456
200 11.9456
201 11.9456
202 11.9456
203 11.9456
204 11.9456
205 11.9456
206 11.9456
207 11.9456
208 11.9456
209 11.9456
210 11.9456
211 11.9456
212 11.9456
213 11.9456
214 11.9456
