1 11.9412
2 11.9412
3 11.9412
4 11.9412
5 11.9412
6 11.9412
7 11.9412
8 11.9412
9 11.9412
10 11.9412
11 11.9412
12 11.9412
13 11.9412
14 11.9412
15 11.9412
16 11.9412
17 11.9412
18 11.9412
19 11.9412
20 11.9412
21 11.9412
22 11.9412
23 11.9412
24 11.9412
25 11.9412
26 11.9412
27 11.9412
28 11.9412
29 11.9412
30 11.9412
31 11.9412
32 11.9412
33 11.9412
34 11.9412
35 11.9412
36 11.9412
37 11.9412
38 11.9412
39 11.9412
40 11.9412
41 11.9412
42 11.9412
43 11.9412
44 11.9412
45 11.9412
46 11.9412
47 11.9412
48 11.9412
49 11.9412
50 11.9412
51 11.9412
52 11.9412
53 11.9412
54 11.9412
55 11.9412
56 11.9412
57 11.9412
58 11.9412
59 11.9412
60 11.9412
61 11.9412
62 11.9412
63 11.9412
64 11.9412
65 11.9412
66 11.9412
67 11.9412
68 11.9412
69 11.9412
70 11.9412
71 11.9412
72 11.9412
73 11.9412
74 11.9412
75 11.9412
76 11.9412
77 11.9412
78 11.9412
79 11.9412
80 11.9412
81 11.9412
82 11.9412
83 11.9412
84 11.9412
85 11.9412
86 11.9412
87 11.9412
88 11.9412
89 11.9412
90 11.9412
91 11.9456
92 11.9527
93 11.9587
94 11.9635
95 11.9005
96 11.6364
97 11.0346
98 10.1877
99 9.30745
100 8.499
101 7.77981
102 7.78691
103 7.58741
104 7.20939
105 6.78296
106 6.81488
107 6.78368
108 6.81579
109 6.82312
110 6.79954
111 6.76306
112 6.94918
113 7.01966
114 6.97933
115 7.51479
116 8.11492
117 8.78728
118 9.54607
119 10.4018
120 11.2728
121 11.8544
122 12
123 11.973
124 11.9456
125 11.9412
126 11.9412
127 11.9412
128 11.9412
129 11.9412
130 11.9412
131 11.9412
132 11.9412
133 11.9412
134 11.9412
135 11.9412
136 11.9412
137 11.9412
138 11.9412
139 11.9412
140 11.9412
141 11.9412
142 11.9412
143 11.9412
144 11.9412
145 11.9412
146 11.9412
147 11.9412
148 11.9412
149 11.9412
150 11.9412
151 11.9412
152 11.9412
153 11.9412
154 11.9412
155 11.9412
156 11.9412
157 11.9412
158 11.9412
159 11.9412
160 11.9412
161 11.9412
162 11.9412
163 11.9412
164 11.9412
165 11.9412
166 11.9412
167 11.9412
168 11.9412
169 11.9412
170 11.9412
171 11.9412
172 11.9412
173 11.9412
174 11.9412
175 11.9412
176 11.9412
177 11.9412
178 11.9412
179 11.9412
180 11.9412
181 11.9412
182 11.9412
183 11.9412
184 11.9412
185 11.9412
186 11.9412
187 11.9412
188 11.9412
189 11.9412
190 11.9412
191 11.9412
192 11.9412
193 11.9412
194 11.9412
195 11.9412
196 11.9412
197 11.9412
198 11.9412
199 11.9412
200 11.9412
201 11.9412
202 11.9412
203 11.9412
204 11.9412
205 11.9412
206 11.9412
207 11.9412
208 11.9412
209 11.9412
210 11.9412
211 11.9412
212 11.9412
213 11.9412
214 11.9412
