1 3.35142e-06
2 3.35142e-06
3 3.35142e-06
4 3.35142e-06
5 3.35142e-06
6 3.35142e-06
7 3.35142e-06
8 3.35142e-06
9 3.35142e-06
10 3.35142e-06
11 3.35142e-06
12 3.35142e-06
13 3.35142e-06
14 3.35142e-06
15 3.35142e-06
16 3.35142e-06
17 3.35142e-06
18 3.35142e-06
19 3.35142e-06
20 3.35142e-06
21 3.35142e-06
22 3.35142e-06
23 3.35142e-06
24 3.35142e-06
25 3.35142e-06
26 3.35142e-06
27 3.35142e-06
28 3.35142e-06
29 3.35142e-06
30 3.35142e-06
31 3.35142e-06
32 3.35142e-06
33 3.35142e-06
34 3.35142e-06
35 3.35142e-06
36 3.35142e-06
37 3.35142e-06
38 3.35142e-06
39 3.35142e-06
40 3.35142e-06
41 3.35142e-06
42 3.35142e-06
43 3.35142e-06
44 3.35142e-06
45 3.35142e-06
46 3.35142e-06
47 3.35142e-06
48 3.35142e-06
49 3.35142e-06
50 3.35142e-06
51 3.35142e-06
52 3.35142e-06
53 3.35142e-06
54 3.35142e-06
55 3.35142e-06
56 3.35142e-06
57 3.35142e-06
58 3.35142e-06
59 3.35142e-06
60 3.35142e-06
61 3.35142e-06
62 3.35142e-06
63 3.35142e-06
64 3.35142e-06
65 3.35142e-06
66 3.35142e-06
67 3.35142e-06
68 3.35142e-06
69 3.35142e-06
70 3.35142e-06
71 3.35142e-06
72 3.35158e-06
73 3.35212e-06
74 3.35393e-06
75 3.35976e-06
76 3.37652e-06
77 3.42491e-06
78 3.56742e-06
79 3.99652e-06
80 5.30218e-06
81 9.24033e-06
82 2.0795e-05
83 5.32982e-05
84 0.000140102
85 0.000358848
86 0.000877096
87 0.00202912
88 0.00442981
89 0.00911957
90 0.0177119
91 0.0324858
92 0.0563365
93 0.0924893
94 0.143927
95 0.212611
96 0.29877
97 0.400626
98 0.514818
99 0.637374
100 0.764755
101 0.894473
102 0.918359
103 0.9423
104 0.966257
105 0.990216
106 0.994591
107 0.998967
108 0.999741
109 0.999741
110 0.998967
111 0.994591
112 0.970635
113 0.946694
114 0.922808
115 0.793087
116 0.66569
117 0.543076
118 0.4287
119 0.326376
120 0.239229
121 0.16879
122 0.114701
123 0.0750946
124 0.0473262
125 0.0286431
126 0.0165892
127 0.00915759
128 0.00480054
129 0.00238303
130 0.00111849
131 0.000496486
132 0.000209124
133 8.4435e-05
134 3.35716e-05
135 1.40304e-05
136 6.94086e-06
137 4.50349e-06
138 3.706e-06
139 3.45644e-06
140 3.38134e-06
141 3.3595e-06
142 3.35332e-06
143 3.35165e-06
144 3.35142e-06
145 3.35142e-06
146 3.35142e-06
147 3.35142e-06
148 3.35142e-06
149 3.35142e-06
150 3.35142e-06
151 3.35142e-06
152 3.35142e-06
153 3.35142e-06
154 3.35142e-06
155 3.35142e-06
156 3.35142e-06
157 3.35142e-06
158 3.35142e-06
159 3.35142e-06
160 3.35142e-06
161 3.35142e-06
162 3.35142e-06
163 3.35142e-06
164 3.35142e-06
165 3.35142e-06
166 3.35142e-06
167 3.35142e-06
168 3.35142e-06
169 3.35142e-06
170 3.35142e-06
171 3.35142e-06
172 3.35142e-06
173 3.35142e-06
174 3.35142e-06
175 3.35142e-06
176 3.35142e-06
177 3.35142e-06
178 3.35142e-06
179 3.35142e-06
180 3.35142e-06
181 3.35142e-06
182 3.35142e-06
183 3.35142e-06
184 3.35142e-06
185 3.35142e-06
186 3.35142e-06
187 3.35142e-06
188 3.35142e-06
189 3.35142e-06
190 3.35142e-06
191 3.35142e-06
192 3.35142e-06
193 3.35142e-06
194 3.35142e-06
195 3.35142e-06
196 3.35142e-06
197 3.35142e-06
198 3.35142e-06
199 3.35142e-06
200 3.35142e-06
201 3.35142e-06
202 3.35142e-06
203 3.35142e-06
204 3.35142e-06
205 3.35142e-06
206 3.35142e-06
207 3.35142e-06
208 3.35142e-06
209 3.35142e-06
210 3.35142e-06
211 3.35142e-06
212 3.35142e-06
213 3.35142e-06
214 3.35142e-06
