1 3.7586e-06
2 3.7586e-06
3 3.7586e-06
4 3.7586e-06
5 3.7586e-06
6 3.7586e-06
7 3.7586e-06
8 3.7586e-06
9 3.7586e-06
10 3.7586e-06
11 3.7586e-06
12 3.7586e-06
13 3.7586e-06
14 3.7586e-06
15 3.7586e-06
16 3.7586e-06
17 3.7586e-06
18 3.7586e-06
19 3.7586e-06
20 3.7586e-06
21 3.7586e-06
22 3.7586e-06
23 3.7586e-06
24 3.7586e-06
25 3.7586e-06
26 3.7586e-06
27 3.7586e-06
28 3.7586e-06
29 3.7586e-06
30 3.7586e-06
31 3.7586e-06
32 3.7586e-06
33 3.7586e-06
34 3.7586e-06
35 3.7586e-06
36 3.7586e-06
37 3.7586e-06
38 3.7586e-06
39 3.7586e-06
40 3.7586e-06
41 3.7586e-06
42 3.7586e-06
43 3.7586e-06
44 3.7586e-06
45 3.7586e-06
46 3.7586e-06
47 3.7586e-06
48 3.7586e-06
49 3.7586e-06
50 3.7586e-06
51 3.7586e-06
52 3.7586e-06
53 3.7586e-06
54 3.7586e-06
55 3.7586e-06
56 3.7586e-06
57 3.7586e-06
58 3.7586e-06
59 3.7586e-06
60 3.7586e-06
61 3.7586e-06
62 3.7586e-06
63 3.7586e-06
64 3.7586e-06
65 3.7586e-06
66 3.7586e-06
67 3.7586e-06
68 3.7586e-06
69 3.7586e-06
70 3.7586e-06
71 3.7586e-06
72 3.7586e-06
73 3.75869e-06
74 3.75907e-06
75 3.76012e-06
76 3.76349e-06
77 3.77369e-06
78 3.8029e-06
79 3.8871e-06
80 4.13596e-06
81 4.88954e-06
82 7.19355e-06
83 1.41553e-05
84 3.45408e-05
85 9.15639e-05
86 0.00024252
87 0.00061857
88 0.00149722
89 0.00341954
90 0.00735553
91 0.0148997
92 0.0284458
93 0.0512489
94 0.0872504
95 0.140552
96 0.214522
97 0.310753
98 0.428317
99 0.563817
100 0.712352
101 0.868959
102 0.898357
103 0.928083
104 0.957924
105 0.987797
106 0.993254
107 0.998711
108 0.999677
109 0.999677
110 0.998711
111 0.993256
112 0.963415
113 0.933688
114 0.904289
115 0.747649
116 0.598991
117 0.463136
118 0.344726
119 0.246826
120 0.170093
121 0.112892
122 0.0721468
123 0.0443124
124 0.0260676
125 0.0146252
126 0.00779316
127 0.00393054
128 0.00187224
129 0.000841751
130 0.000357856
131 0.000144812
132 5.68067e-05
133 2.26389e-05
134 1.01386e-05
135 5.81393e-06
136 4.3928e-06
137 3.9469e-06
138 3.81253e-06
139 3.77344e-06
140 3.76237e-06
141 3.7593e-06
142 3.75869e-06
143 3.7586e-06
144 3.7586e-06
145 3.7586e-06
146 3.7586e-06
147 3.7586e-06
148 3.7586e-06
149 3.7586e-06
150 3.7586e-06
151 3.7586e-06
152 3.7586e-06
153 3.7586e-06
154 3.7586e-06
155 3.7586e-06
156 3.7586e-06
157 3.7586e-06
158 3.7586e-06
159 3.7586e-06
160 3.7586e-06
161 3.7586e-06
162 3.7586e-06
163 3.7586e-06
164 3.7586e-06
165 3.7586e-06
166 3.7586e-06
167 3.7586e-06
168 3.7586e-06
169 3.7586e-06
170 3.7586e-06
171 3.7586e-06
172 3.7586e-06
173 3.7586e-06
174 3.7586e-06
175 3.7586e-06
176 3.7586e-06
177 3.7586e-06
178 3.7586e-06
179 3.7586e-06
180 3.7586e-06
181 3.7586e-06
182 3.7586e-06
183 3.7586e-06
184 3.7586e-06
185 3.7586e-06
186 3.7586e-06
187 3.7586e-06
188 3.7586e-06
189 3.7586e-06
190 3.7586e-06
191 3.7586e-06
192 3.7586e-06
193 3.7586e-06
194 3.7586e-06
195 3.7586e-06
196 3.7586e-06
197 3.7586e-06
198 3.7586e-06
199 3.7586e-06
200 3.7586e-06
201 3.7586e-06
202 3.7586e-06
203 3.7586e-06
204 3.7586e-06
205 3.7586e-06
206 3.7586e-06
207 3.7586e-06
208 3.7586e-06
209 3.7586e-06
210 3.7586e-06
211 3.7586e-06
212 3.7586e-06
213 3.7586e-06
214 3.7586e-06
