1 1.2485e-06
2 1.2485e-06
3 1.2485e-06
4 1.2485e-06
5 1.2485e-06
6 1.2485e-06
7 1.2485e-06
8 1.2485e-06
9 1.2485e-06
10 1.2485e-06
11 1.2485e-06
12 1.2485e-06
13 1.2485e-06
14 1.2485e-06
15 1.2485e-06
16 1.2485e-06
17 1.2485e-06
18 1.2485e-06
19 1.2485e-06
20 1.2485e-06
21 1.2485e-06
22 1.2485e-06
23 1.2485e-06
24 1.2485e-06
25 1.2485e-06
26 1.2485e-06
27 1.2485e-06
28 1.2485e-06
29 1.2485e-06
30 1.2485e-06
31 1.2485e-06
32 1.2485e-06
33 1.2485e-06
34 1.2485e-06
35 1.2485e-06
36 1.2485e-06
37 1.2485e-06
38 1.2485e-06
39 1.2485e-06
40 1.2485e-06
41 1.2485e-06
42 1.2485e-06
43 1.2485e-06
44 1.2485e-06
45 1.2485e-06
46 1.2485e-06
47 1.2485e-06
48 1.2485e-06
49 1.2485e-06
50 1.2485e-06
51 1.2485e-06
52 1.2485e-06
53 1.2485e-06
54 1.2485e-06
55 1.2485e-06
56 1.2485e-06
57 1.2485e-06
58 1.2485e-06
59 1.2485e-06
60 1.2485e-06
61 1.2485e-06
62 1.2485e-06
63 1.2485e-06
64 1.2485e-06
65 1.2485e-06
66 1.2485e-06
67 1.2485e-06
68 1.2485e-06
69 1.2485e-06
70 1.2485e-06
71 1.2485e-06
72 1.2485e-06
73 1.2485e-06
74 1.2485e-06
75 1.2485e-06
76 1.2485e-06
77 1.2485e-06
78 1.2485e-06
79 1.2485e-06
80 1.2485e-06
81 1.2485e-06
82 1.2485e-06
83 1.2485e-06
84 1.2485e-06
85 1.2485e-06
86 1.2485e-06
87 1.2485e-06
88 1.2485e-06
89 1.2485e-06
90 1.2485e-06
91 1.2485e-06
92 1.2552e-06
93 1.28021e-06
94 1.34497e-06
95 1.53823e-06
96 2.05081e-06
97 3.51055e-06
98 8.02433e-06
99 2.27572e-05
100 7.08688e-05
101 0.000221571
102 0.00030049
103 0.000517607
104 0.00106012
105 0.00229674
106 0.00276372
107 0.00366343
108 0.00394317
109 0.00398799
110 0.00386853
111 0.00341843
112 0.00207478
113 0.00140861
114 0.00110602
115 0.000409324
116 0.000141355
117 4.62327e-05
118 1.48729e-05
119 5.18172e-06
120 2.34047e-06
121 1.53671e-06
122 1.31356e-06
123 1.2552e-06
124 1.2485e-06
125 1.2485e-06
126 1.2485e-06
127 1.2485e-06
128 1.2485e-06
129 1.2485e-06
130 1.2485e-06
131 1.2485e-06
132 1.2485e-06
133 1.2485e-06
134 1.2485e-06
135 1.2485e-06
136 1.2485e-06
137 1.2485e-06
138 1.2485e-06
139 1.2485e-06
140 1.2485e-06
141 1.2485e-06
142 1.2485e-06
143 1.2485e-06
144 1.2485e-06
145 1.2485e-06
146 1.2485e-06
147 1.2485e-06
148 1.2485e-06
149 1.2485e-06
150 1.2485e-06
151 1.2485e-06
152 1.2485e-06
153 1.2485e-06
154 1.2485e-06
155 1.2485e-06
156 1.2485e-06
157 1.2485e-06
158 1.2485e-06
159 1.2485e-06
160 1.2485e-06
161 1.2485e-06
162 1.2485e-06
163 1.2485e-06
164 1.2485e-06
165 1.2485e-06
166 1.2485e-06
167 1.2485e-06
168 1.2485e-06
169 1.2485e-06
170 1.2485e-06
171 1.2485e-06
172 1.2485e-06
173 1.2485e-06
174 1.2485e-06
175 1.2485e-06
176 1.2485e-06
177 1.2485e-06
178 1.2485e-06
179 1.2485e-06
180 1.2485e-06
181 1.2485e-06
182 1.2485e-06
183 1.2485e-06
184 1.2485e-06
185 1.2485e-06
186 1.2485e-06
187 1.2485e-06
188 1.2485e-06
189 1.2485e-06
190 1.2485e-06
191 1.2485e-06
192 1.2485e-06
193 1.2485e-06
194 1.2485e-06
195 1.2485e-06
196 1.2485e-06
197 1.2485e-06
198 1.2485e-06
199 1.2485e-06
200 1.2485e-06
201 1.2485e-06
202 1.2485e-06
203 1.2485e-06
204 1.2485e-06
205 1.2485e-06
206 1.2485e-06
207 1.2485e-06
208 1.2485e-06
209 1.2485e-06
210 1.2485e-06
211 1.2485e-06
212 1.2485e-06
213 1.2485e-06
214 1.2485e-06
