1 8.08142e-07
2 8.08142e-07
3 8.08142e-07
4 8.08142e-07
5 8.08142e-07
6 8.08142e-07
7 8.08142e-07
8 8.08142e-07
9 8.08142e-07
10 8.08142e-07
11 8.08142e-07
12 8.08142e-07
13 8.08142e-07
14 8.08142e-07
15 8.08142e-07
16 8.08142e-07
17 8.08142e-07
18 8.08142e-07
19 8.08142e-07
20 8.08142e-07
21 8.08142e-07
22 8.08142e-07
23 8.08142e-07
24 8.08142e-07
25 8.08142e-07
26 8.08142e-07
27 8.08142e-07
28 8.08142e-07
29 8.08142e-07
30 8.08142e-07
31 8.08142e-07
32 8.08142e-07
33 8.08142e-07
34 8.08142e-07
35 8.08142e-07
36 8.08142e-07
37 8.08142e-07
38 8.08142e-07
39 8.08142e-07
40 8.08142e-07
41 8.08142e-07
42 8.08142e-07
43 8.08142e-07
44 8.08142e-07
45 8.08142e-07
46 8.08142e-07
47 8.08142e-07
48 8.08142e-07
49 8.08142e-07
50 8.08142e-07
51 8.08142e-07
52 8.08142e-07
53 8.08142e-07
54 8.08142e-07
55 8.08142e-07
56 8.08142e-07
57 8.08142e-07
58 8.08142e-07
59 8.08142e-07
60 8.08142e-07
61 8.08142e-07
62 8.08142e-07
63 8.08142e-07
64 8.08142e-07
65 8.08142e-07
66 8.08142e-07
67 8.08142e-07
68 8.08142e-07
69 8.08142e-07
70 8.08142e-07
71 8.08142e-07
72 8.08142e-07
73 8.08142e-07
74 8.08142e-07
75 8.08142e-07
76 8.08142e-07
77 8.08142e-07
78 8.08142e-07
79 8.08142e-07
80 8.08142e-07
81 8.08142e-07
82 8.08142e-07
83 8.08142e-07
84 8.08142e-07
85 8.08142e-07
86 8.08142e-07
87 8.08142e-07
88 8.08142e-07
89 8.08142e-07
90 8.08142e-07
91 8.08142e-07
92 8.08142e-07
93 8.16418e-07
94 8.42219e-07
95 9.12665e-07
96 1.13777e-06
97 1.75325e-06
98 3.58459e-06
99 9.44477e-06
100 2.87729e-05
101 9.11661e-05
102 0.000124694
103 0.000222298
104 0.000478789
105 0.0010923
106 0.00133441
107 0.00182207
108 0.00197952
109 0.00200573
110 0.00193845
111 0.0016911
112 0.000981133
113 0.000644545
114 0.00049875
115 0.000177247
116 5.90329e-05
117 1.88312e-05
118 6.08556e-06
119 2.27923e-06
120 1.19196e-06
121 8.91417e-07
122 8.16418e-07
123 8.08142e-07
124 8.08142e-07
125 8.08142e-07
126 8.08142e-07
127 8.08142e-07
128 8.08142e-07
129 8.08142e-07
130 8.08142e-07
131 8.08142e-07
132 8.08142e-07
133 8.08142e-07
134 8.08142e-07
135 8.08142e-07
136 8.08142e-07
137 8.08142e-07
138 8.08142e-07
139 8.08142e-07
140 8.08142e-07
141 8.08142e-07
142 8.08142e-07
143 8.08142e-07
144 8.08142e-07
145 8.08142e-07
146 8.08142e-07
147 8.08142e-07
148 8.08142e-07
149 8.08142e-07
150 8.08142e-07
151 8.08142e-07
152 8.08142e-07
153 8.08142e-07
154 8.08142e-07
155 8.08142e-07
156 8.08142e-07
157 8.08142e-07
158 8.08142e-07
159 8.08142e-07
160 8.08142e-07
161 8.08142e-07
162 8.08142e-07
163 8.08142e-07
164 8.08142e-07
165 8.08142e-07
166 8.08142e-07
167 8.08142e-07
168 8.08142e-07
169 8.08142e-07
170 8.08142e-07
171 8.08142e-07
172 8.08142e-07
173 8.08142e-07
174 8.08142e-07
175 8.08142e-07
176 8.08142e-07
177 8.08142e-07
178 8.08142e-07
179 8.08142e-07
180 8.08142e-07
181 8.08142e-07
182 8.08142e-07
183 8.08142e-07
184 8.08142e-07
185 8.08142e-07
186 8.08142e-07
187 8.08142e-07
188 8.08142e-07
189 8.08142e-07
190 8.08142e-07
191 8.08142e-07
192 8.08142e-07
193 8.08142e-07
194 8.08142e-07
195 8.08142e-07
196 8.08142e-07
197 8.08142e-07
198 8.08142e-07
199 8.08142e-07
200 8.08142e-07
201 8.08142e-07
202 8.08142e-07
203 8.08142e-07
204 8.08142e-07
205 8.08142e-07
206 8.08142e-07
207 8.08142e-07
208 8.08142e-07
209 8.08142e-07
210 8.08142e-07
211 8.08142e-07
212 8.08142e-07
213 8.08142e-07
214 8.08142e-07
