1 2.26817e-07
2 2.26817e-07
3 2.26817e-07
4 2.26817e-07
5 2.26817e-07
6 2.26817e-07
7 2.26817e-07
8 2.26817e-07
9 2.26817e-07
10 2.26817e-07
11 2.26817e-07
12 2.26817e-07
13 2.26817e-07
14 2.26817e-07
15 2.26817e-07
16 2.26817e-07
17 2.26817e-07
18 2.26817e-07
19 2.26817e-07
20 2.26817e-07
21 2.26817e-07
22 2.26817e-07
23 2.26817e-07
24 2.26817e-07
25 2.26817e-07
26 2.26817e-07
27 2.26817e-07
28 2.26817e-07
29 2.26817e-07
30 2.26817e-07
31 2.26817e-07
32 2.26817e-07
33 2.26817e-07
34 2.26817e-07
35 2.26817e-07
36 2.26817e-07
37 2.26817e-07
38 2.26817e-07
39 2.26817e-07
40 2.26817e-07
41 2.26817e-07
42 2.26817e-07
43 2.26817e-07
44 2.26817e-07
45 2.26817e-07
46 2.26817e-07
47 2.26817e-07
48 2.26817e-07
49 2.26817e-07
50 2.26817e-07
51 2.26817e-07
52 2.26817e-07
53 2.26817e-07
54 2.26817e-07
55 2.26817e-07
56 2.26817e-07
57 2.26817e-07
58 2.26817e-07
59 2.26817e-07
60 2.26817e-07
61 2.26817e-07
62 2.26817e-07
63 2.26817e-07
64 2.26817e-07
65 2.26817e-07
66 2.26817e-07
67 2.26817e-07
68 2.26817e-07
69 2.26817e-07
70 2.26817e-07
71 2.26817e-07
72 2.26817e-07
73 2.26817e-07
74 2.26817e-07
75 2.26817e-07
76 2.26817e-07
77 2.26817e-07
78 2.26817e-07
79 2.26817e-07
80 2.26817e-07
81 2.26817e-07
82 2.26817e-07
83 2.26817e-07
84 2.26817e-07
85 2.26817e-07
86 2.26817e-07
87 2.26817e-07
88 2.26817e-07
89 2.26817e-07
90 2.26817e-07
91 2.26817e-07
92 2.26817e-07
93 2.26817e-07
94 2.26817e-07
95 2.34076e-07
96 2.59274e-07
97 3.20418e-07
98 5.1316e-07
99 1.04363e-06
100 2.66971e-06
101 8.00645e-06
102 1.07094e-05
103 2.06641e-05
104 5.14471e-05
105 0.000137041
106 0.000175765
107 0.00026622
108 0.000299181
109 0.000305245
110 0.00029098
111 0.000242904
112 0.000121481
113 7.16162e-05
114 5.31213e-05
115 1.68592e-05
116 5.15173e-06
117 1.61182e-06
118 5.92164e-07
119 3.07426e-07
120 2.34076e-07
121 2.26817e-07
122 2.26817e-07
123 2.26817e-07
124 2.26817e-07
125 2.26817e-07
126 2.26817e-07
127 2.26817e-07
128 2.26817e-07
129 2.26817e-07
130 2.26817e-07
131 2.26817e-07
132 2.26817e-07
133 2.26817e-07
134 2.26817e-07
135 2.26817e-07
136 2.26817e-07
137 2.26817e-07
138 2.26817e-07
139 2.26817e-07
140 2.26817e-07
141 2.26817e-07
142 2.26817e-07
143 2.26817e-07
144 2.26817e-07
145 2.26817e-07
146 2.26817e-07
147 2.26817e-07
148 2.26817e-07
149 2.26817e-07
150 2.26817e-07
151 2.26817e-07
152 2.26817e-07
153 2.26817e-07
154 2.26817e-07
155 2.26817e-07
156 2.26817e-07
157 2.26817e-07
158 2.26817e-07
159 2.26817e-07
160 2.26817e-07
161 2.26817e-07
162 2.26817e-07
163 2.26817e-07
164 2.26817e-07
165 2.26817e-07
166 2.26817e-07
167 2.26817e-07
168 2.26817e-07
169 2.26817e-07
170 2.26817e-07
171 2.26817e-07
172 2.26817e-07
173 2.26817e-07
174 2.26817e-07
175 2.26817e-07
176 2.26817e-07
177 2.26817e-07
178 2.26817e-07
179 2.26817e-07
180 2.26817e-07
181 2.26817e-07
182 2.26817e-07
183 2.26817e-07
184 2.26817e-07
185 2.26817e-07
186 2.26817e-07
187 2.26817e-07
188 2.26817e-07
189 2.26817e-07
190 2.26817e-07
191 2.26817e-07
192 2.26817e-07
193 2.26817e-07
194 2.26817e-07
195 2.26817e-07
196 2.26817e-07
197 2.26817e-07
198 2.26817e-07
199 2.26817e-07
200 2.26817e-07
201 2.26817e-07
202 2.26817e-07
203 2.26817e-07
204 2.26817e-07
205 2.26817e-07
206 2.26817e-07
207 2.26817e-07
208 2.26817e-07
209 2.26817e-07
210 2.26817e-07
211 2.26817e-07
212 2.26817e-07
213 2.26817e-07
214 2.26817e-07
