1 6.41737e-08
2 6.41737e-08
3 6.41737e-08
4 6.41737e-08
5 6.41737e-08
6 6.41737e-08
7 6.41737e-08
8 6.41737e-08
9 6.41737e-08
10 6.41737e-08
11 6.41737e-08
12 6.41737e-08
13 6.41737e-08
14 6.41737e-08
15 6.41737e-08
16 6.41737e-08
17 6.41737e-08
18 6.41737e-08
19 6.41737e-08
20 6.41737e-08
21 6.41737e-08
22 6.41737e-08
23 6.41737e-08
24 6.41737e-08
25 6.41737e-08
26 6.41737e-08
27 6.41737e-08
28 6.41737e-08
29 6.41737e-08
30 6.41737e-08
31 6.41737e-08
32 6.41737e-08
33 6.41737e-08
34 6.41737e-08
35 6.41737e-08
36 6.41737e-08
37 6.41737e-08
38 6.41737e-08
39 6.41737e-08
40 6.41737e-08
41 6.41737e-08
42 6.41737e-08
43 6.41737e-08
44 6.41737e-08
45 6.41737e-08
46 6.41737e-08
47 6.41737e-08
48 6.41737e-08
49 6.41737e-08
50 6.41737e-08
51 6.41737e-08
52 6.41737e-08
53 6.41737e-08
54 6.41737e-08
55 6.41737e-08
56 6.41737e-08
57 6.41737e-08
58 6.41737e-08
59 6.41737e-08
60 6.41737e-08
61 6.41737e-08
62 6.41737e-08
63 6.41737e-08
64 6.41737e-08
65 6.41737e-08
66 6.41737e-08
67 6.41737e-08
68 6.41737e-08
69 6.41737e-08
70 6.41737e-08
71 6.41737e-08
72 6.41737e-08
73 6.41737e-08
74 6.41737e-08
75 6.41737e-08
76 6.41737e-08
77 6.41737e-08
78 6.41737e-08
79 6.41737e-08
80 6.41737e-08
81 6.41737e-08
82 6.41737e-08
83 6.41737e-08
84 6.41737e-08
85 6.41737e-08
86 6.41737e-08
87 6.41737e-08
88 6.41737e-08
89 6.41737e-08
90 6.41737e-08
91 6.41737e-08
92 6.41737e-08
93 6.41737e-08
94 6.41737e-08
95 6.41737e-08
96 6.41737e-08
97 7.13831e-08
98 9.63746e-08
99 1.56571e-07
100 3.3989e-07
101 8.37132e-07
102 8.6646e-07
103 1.60943e-06
104 4.58778e-06
105 1.45753e-05
106 1.98378e-05
107 3.50633e-05
108 4.15876e-05
109 4.2958e-05
110 4.00981e-05
111 3.14503e-05
112 1.28943e-05
113 6.59703e-06
114 4.77187e-06
115 1.37689e-06
116 4.09161e-07
117 1.40778e-07
118 7.13831e-08
119 6.41737e-08
120 6.41737e-08
121 6.41737e-08
122 6.41737e-08
123 6.41737e-08
124 6.41737e-08
125 6.41737e-08
126 6.41737e-08
127 6.41737e-08
128 6.41737e-08
129 6.41737e-08
130 6.41737e-08
131 6.41737e-08
132 6.41737e-08
133 6.41737e-08
134 6.41737e-08
135 6.41737e-08
136 6.41737e-08
137 6.41737e-08
138 6.41737e-08
139 6.41737e-08
140 6.41737e-08
141 6.41737e-08
142 6.41737e-08
143 6.41737e-08
144 6.41737e-08
145 6.41737e-08
146 6.41737e-08
147 6.41737e-08
148 6.41737e-08
149 6.41737e-08
150 6.41737e-08
151 6.41737e-08
152 6.41737e-08
153 6.41737e-08
154 6.41737e-08
155 6.41737e-08
156 6.41737e-08
157 6.41737e-08
158 6.41737e-08
159 6.41737e-08
160 6.41737e-08
161 6.41737e-08
162 6.41737e-08
163 6.41737e-08
164 6.41737e-08
165 6.41737e-08
166 6.41737e-08
167 6.41737e-08
168 6.41737e-08
169 6.41737e-08
170 6.41737e-08
171 6.41737e-08
172 6.41737e-08
173 6.41737e-08
174 6.41737e-08
175 6.41737e-08
176 6.41737e-08
177 6.41737e-08
178 6.41737e-08
179 6.41737e-08
180 6.41737e-08
181 6.41737e-08
182 6.41737e-08
183 6.41737e-08
184 6.41737e-08
185 6.41737e-08
186 6.41737e-08
187 6.41737e-08
188 6.41737e-08
189 6.41737e-08
190 6.41737e-08
191 6.41737e-08
192 6.41737e-08
193 6.41737e-08
194 6.41737e-08
195 6.41737e-08
196 6.41737e-08
197 6.41737e-08
198 6.41737e-08
199 6.41737e-08
200 6.41737e-08
201 6.41737e-08
202 6.41737e-08
203 6.41737e-08
204 6.41737e-08
205 6.41737e-08
206 6.41737e-08
207 6.41737e-08
208 6.41737e-08
209 6.41737e-08
210 6.41737e-08
211 6.41737e-08
212 6.41737e-08
213 6.41737e-08
214 6.41737e-08
