1 9.72442e-08
2 9.72442e-08
3 9.72442e-08
4 9.72442e-08
5 9.72442e-08
6 9.72442e-08
7 9.72442e-08
8 9.72442e-08
9 9.72442e-08
10 9.72442e-08
11 9.72442e-08
12 9.72442e-08
13 9.72442e-08
14 9.72442e-08
15 9.72442e-08
16 9.72442e-08
17 9.72442e-08
18 9.72442e-08
19 9.72442e-08
20 9.72442e-08
21 9.72442e-08
22 9.72442e-08
23 9.72442e-08
24 9.72442e-08
25 9.72442e-08
26 9.72442e-08
27 9.72442e-08
28 9.72442e-08
29 9.72442e-08
30 9.72442e-08
31 9.72442e-08
32 9.72442e-08
33 9.72442e-08
34 9.72442e-08
35 9.72442e-08
36 9.72442e-08
37 9.72442e-08
38 9.72442e-08
39 9.72442e-08
40 9.72442e-08
41 9.72442e-08
42 9.72442e-08
43 9.72442e-08
44 9.72442e-08
45 9.72442e-08
46 9.72442e-08
47 9.72442e-08
48 9.72442e-08
49 9.72442e-08
50 9.72442e-08
51 9.72442e-08
52 9.72442e-08
53 9.72442e-08
54 9.72442e-08
55 9.72442e-08
56 9.72442e-08
57 9.72442e-08
58 9.72442e-08
59 9.72442e-08
60 9.72442e-08
61 9.72442e-08
62 9.72442e-08
63 9.72442e-08
64 9.72442e-08
65 9.72442e-08
66 9.72442e-08
67 9.72442e-08
68 9.72442e-08
69 9.72442e-08
70 9.72442e-08
71 9.72442e-08
72 9.72442e-08
73 9.72442e-08
74 9.72442e-08
75 9.72442e-08
76 9.72442e-08
77 9.72442e-08
78 9.72442e-08
79 9.72442e-08
80 9.72442e-08
81 9.72442e-08
82 9.72442e-08
83 9.72442e-08
84 9.72442e-08
85 9.72442e-08
86 9.72442e-08
87 9.72442e-08
88 9.72442e-08
89 9.72442e-08
90 9.72442e-08
91 9.72442e-08
92 9.72442e-08
93 9.72442e-08
94 9.72442e-08
95 9.72442e-08
96 1.01535e-07
97 1.171e-07
98 1.53681e-07
99 2.61278e-07
100 5.58361e-07
101 1.42225e-06
102 1.63202e-06
103 3.11726e-06
104 8.5929e-06
105 2.60466e-05
106 3.49102e-05
107 5.89984e-05
108 6.88694e-05
109 7.08634e-05
110 6.65441e-05
111 5.31221e-05
112 2.30299e-05
113 1.22556e-05
114 8.87498e-06
115 2.62138e-06
116 7.90527e-07
117 2.75406e-07
118 1.33047e-07
119 1.01535e-07
120 9.72442e-08
121 9.72442e-08
122 9.72442e-08
123 9.72442e-08
124 9.72442e-08
125 9.72442e-08
126 9.72442e-08
127 9.72442e-08
128 9.72442e-08
129 9.72442e-08
130 9.72442e-08
131 9.72442e-08
132 9.72442e-08
133 9.72442e-08
134 9.72442e-08
135 9.72442e-08
136 9.72442e-08
137 9.72442e-08
138 9.72442e-08
139 9.72442e-08
140 9.72442e-08
141 9.72442e-08
142 9.72442e-08
143 9.72442e-08
144 9.72442e-08
145 9.72442e-08
146 9.72442e-08
147 9.72442e-08
148 9.72442e-08
149 9.72442e-08
150 9.72442e-08
151 9.72442e-08
152 9.72442e-08
153 9.72442e-08
154 9.72442e-08
155 9.72442e-08
156 9.72442e-08
157 9.72442e-08
158 9.72442e-08
159 9.72442e-08
160 9.72442e-08
161 9.72442e-08
162 9.72442e-08
163 9.72442e-08
164 9.72442e-08
165 9.72442e-08
166 9.72442e-08
167 9.72442e-08
168 9.72442e-08
169 9.72442e-08
170 9.72442e-08
171 9.72442e-08
172 9.72442e-08
173 9.72442e-08
174 9.72442e-08
175 9.72442e-08
176 9.72442e-08
177 9.72442e-08
178 9.72442e-08
179 9.72442e-08
180 9.72442e-08
181 9.72442e-08
182 9.72442e-08
183 9.72442e-08
184 9.72442e-08
185 9.72442e-08
186 9.72442e-08
187 9.72442e-08
188 9.72442e-08
189 9.72442e-08
190 9.72442e-08
191 9.72442e-08
192 9.72442e-08
193 9.72442e-08
194 9.72442e-08
195 9.72442e-08
196 9.72442e-08
197 9.72442e-08
198 9.72442e-08
199 9.72442e-08
200 9.72442e-08
201 9.72442e-08
202 9.72442e-08
203 9.72442e-08
204 9.72442e-08
205 9.72442e-08
206 9.72442e-08
207 9.72442e-08
208 9.72442e-08
209 9.72442e-08
210 9.72442e-08
211 9.72442e-08
212 9.72442e-08
213 9.72442e-08
214 9.72442e-08
