1 5.64007e-08
2 5.64007e-08
3 5.64007e-08
4 5.64007e-08
5 5.64007e-08
6 5.64007e-08
7 5.64007e-08
8 5.64007e-08
9 5.64007e-08
10 5.64007e-08
11 5.64007e-08
12 5.64007e-08
13 5.64007e-08
14 5.64007e-08
15 5.64007e-08
16 5.64007e-08
17 5.64007e-08
18 5.64007e-08
19 5.64007e-08
20 5.64007e-08
21 5.64007e-08
22 5.64007e-08
23 5.64007e-08
24 5.64007e-08
25 5.64007e-08
26 5.64007e-08
27 5.64007e-08
28 5.64007e-08
29 5.64007e-08
30 5.64007e-08
31 5.64007e-08
32 5.64007e-08
33 5.64007e-08
34 5.64007e-08
35 5.64007e-08
36 5.64007e-08
37 5.64007e-08
38 5.64007e-08
39 5.64007e-08
40 5.64007e-08
41 5.64007e-08
42 5.64007e-08
43 5.64007e-08
44 5.64007e-08
45 5.64007e-08
46 5.64007e-08
47 5.64007e-08
48 5.64007e-08
49 5.64007e-08
50 5.64007e-08
51 5.64007e-08
52 5.64007e-08
53 5.64007e-08
54 5.64007e-08
55 5.64007e-08
56 5.64007e-08
57 5.64007e-08
58 5.64007e-08
59 5.64007e-08
60 5.64007e-08
61 5.64007e-08
62 5.64007e-08
63 5.64007e-08
64 5.64007e-08
65 5.64007e-08
66 5.64007e-08
67 5.64007e-08
68 5.64007e-08
69 5.64007e-08
70 5.64007e-08
71 5.64007e-08
72 5.64007e-08
73 5.64007e-08
74 5.64007e-08
75 5.64007e-08
76 5.64007e-08
77 5.64007e-08
78 5.64007e-08
79 5.64007e-08
80 5.64007e-08
81 5.64007e-08
82 5.64007e-08
83 5.64007e-08
84 5.64007e-08
85 5.64007e-08
86 5.64007e-08
87 5.64007e-08
88 5.64007e-08
89 5.64007e-08
90 5.64007e-08
91 5.64007e-08
92 5.64007e-08
93 5.64007e-08
94 5.64007e-08
95 5.64007e-08
96 5.64007e-08
97 6.17744e-08
98 8.10999e-08
99 1.2599e-07
100 2.61509e-07
101 6.23798e-07
102 5.97225e-07
103 1.06678e-06
104 3.07561e-06
105 1.00405e-05
106 1.37947e-05
107 2.51326e-05
108 3.01373e-05
109 3.12166e-05
110 2.90205e-05
111 2.24929e-05
112 8.89322e-06
113 4.44268e-06
114 3.22743e-06
115 9.29076e-07
116 2.83545e-07
117 1.05429e-07
118 6.17744e-08
119 5.64007e-08
120 5.64007e-08
121 5.64007e-08
122 5.64007e-08
123 5.64007e-08
124 5.64007e-08
125 5.64007e-08
126 5.64007e-08
127 5.64007e-08
128 5.64007e-08
129 5.64007e-08
130 5.64007e-08
131 5.64007e-08
132 5.64007e-08
133 5.64007e-08
134 5.64007e-08
135 5.64007e-08
136 5.64007e-08
137 5.64007e-08
138 5.64007e-08
139 5.64007e-08
140 5.64007e-08
141 5.64007e-08
142 5.64007e-08
143 5.64007e-08
144 5.64007e-08
145 5.64007e-08
146 5.64007e-08
147 5.64007e-08
148 5.64007e-08
149 5.64007e-08
150 5.64007e-08
151 5.64007e-08
152 5.64007e-08
153 5.64007e-08
154 5.64007e-08
155 5.64007e-08
156 5.64007e-08
157 5.64007e-08
158 5.64007e-08
159 5.64007e-08
160 5.64007e-08
161 5.64007e-08
162 5.64007e-08
163 5.64007e-08
164 5.64007e-08
165 5.64007e-08
166 5.64007e-08
167 5.64007e-08
168 5.64007e-08
169 5.64007e-08
170 5.64007e-08
171 5.64007e-08
172 5.64007e-08
173 5.64007e-08
174 5.64007e-08
175 5.64007e-08
176 5.64007e-08
177 5.64007e-08
178 5.64007e-08
179 5.64007e-08
180 5.64007e-08
181 5.64007e-08
182 5.64007e-08
183 5.64007e-08
184 5.64007e-08
185 5.64007e-08
186 5.64007e-08
187 5.64007e-08
188 5.64007e-08
189 5.64007e-08
190 5.64007e-08
191 5.64007e-08
192 5.64007e-08
193 5.64007e-08
194 5.64007e-08
195 5.64007e-08
196 5.64007e-08
197 5.64007e-08
198 5.64007e-08
199 5.64007e-08
200 5.64007e-08
201 5.64007e-08
202 5.64007e-08
203 5.64007e-08
204 5.64007e-08
205 5.64007e-08
206 5.64007e-08
207 5.64007e-08
208 5.64007e-08
209 5.64007e-08
210 5.64007e-08
211 5.64007e-08
212 5.64007e-08
213 5.64007e-08
214 5.64007e-08
