1 3.85835e-06
2 3.85835e-06
3 3.85835e-06
4 3.85835e-06
5 3.85835e-06
6 3.85835e-06
7 3.85835e-06
8 3.85835e-06
9 3.85835e-06
10 3.85835e-06
11 3.85835e-06
12 3.85835e-06
13 3.85835e-06
14 3.85835e-06
15 3.85835e-06
16 3.85835e-06
17 3.85835e-06
18 3.85835e-06
19 3.85835e-06
20 3.85835e-06
21 3.85835e-06
22 3.85835e-06
23 3.85835e-06
24 3.85835e-06
25 3.85835e-06
26 3.85835e-06
27 3.85835e-06
28 3.85835e-06
29 3.85835e-06
30 3.85835e-06
31 3.85835e-06
32 3.85835e-06
33 3.85835e-06
34 3.85835e-06
35 3.85835e-06
36 3.85835e-06
37 3.85835e-06
38 3.85835e-06
39 3.85835e-06
40 3.85835e-06
41 3.85835e-06
42 3.85835e-06
43 3.85835e-06
44 3.85835e-06
45 3.85835e-06
46 3.85835e-06
47 3.85835e-06
48 3.85835e-06
49 3.85835e-06
50 3.85835e-06
51 3.85835e-06
52 3.85835e-06
53 3.85835e-06
54 3.85835e-06
55 3.85835e-06
56 3.85835e-06
57 3.85835e-06
58 3.85835e-06
59 3.85835e-06
60 3.85835e-06
61 3.85835e-06
62 3.85835e-06
63 3.85835e-06
64 3.85835e-06
65 3.85835e-06
66 3.85835e-06
67 3.85835e-06
68 3.85835e-06
69 3.85835e-06
70 3.85835e-06
71 3.85835e-06
72 3.85835e-06
73 3.85835e-06
74 3.85856e-06
75 3.85927e-06
76 3.86146e-06
77 3.86891e-06
78 3.89039e-06
79 3.95216e-06
80 4.1329e-06
81 4.67612e-06
82 6.33655e-06
83 1.13935e-05
84 2.64167e-05
85 6.92357e-05
86 0.000185028
87 0.000480081
88 0.00118566
89 0.00276571
90 0.00607621
91 0.0125661
92 0.0244781
93 0.044966
94 0.0780046
95 0.127959
96 0.198751
97 0.292756
98 0.40985
99 0.547166
100 0.699845
101 0.862501
102 0.893234
103 0.924419
104 0.955771
105 0.987171
106 0.992908
107 0.998645
108 0.99966
109 0.99966
110 0.998645
111 0.992911
112 0.961559
113 0.930374
114 0.899638
115 0.736931
116 0.584074
117 0.446267
118 0.328066
119 0.231985
120 0.157912
121 0.103529
122 0.0653259
123 0.039574
124 0.022928
125 0.0126488
126 0.00661762
127 0.00327321
128 0.00152794
129 0.000673151
130 0.000280723
131 0.00011184
132 4.36373e-05
133 1.77372e-05
134 8.46101e-06
135 5.31542e-06
136 4.30061e-06
137 3.9874e-06
138 3.89445e-06
139 3.8678e-06
140 3.86039e-06
141 3.85856e-06
142 3.85835e-06
143 3.85835e-06
144 3.85835e-06
145 3.85835e-06
146 3.85835e-06
147 3.85835e-06
148 3.85835e-06
149 3.85835e-06
150 3.85835e-06
151 3.85835e-06
152 3.85835e-06
153 3.85835e-06
154 3.85835e-06
155 3.85835e-06
156 3.85835e-06
157 3.85835e-06
158 3.85835e-06
159 3.85835e-06
160 3.85835e-06
161 3.85835e-06
162 3.85835e-06
163 3.85835e-06
164 3.85835e-06
165 3.85835e-06
166 3.85835e-06
167 3.85835e-06
168 3.85835e-06
169 3.85835e-06
170 3.85835e-06
171 3.85835e-06
172 3.85835e-06
173 3.85835e-06
174 3.85835e-06
175 3.85835e-06
176 3.85835e-06
177 3.85835e-06
178 3.85835e-06
179 3.85835e-06
180 3.85835e-06
181 3.85835e-06
182 3.85835e-06
183 3.85835e-06
184 3.85835e-06
185 3.85835e-06
186 3.85835e-06
187 3.85835e-06
188 3.85835e-06
189 3.85835e-06
190 3.85835e-06
191 3.85835e-06
192 3.85835e-06
193 3.85835e-06
194 3.85835e-06
195 3.85835e-06
196 3.85835e-06
197 3.85835e-06
198 3.85835e-06
199 3.85835e-06
200 3.85835e-06
201 3.85835e-06
202 3.85835e-06
203 3.85835e-06
204 3.85835e-06
205 3.85835e-06
206 3.85835e-06
207 3.85835e-06
208 3.85835e-06
209 3.85835e-06
210 3.85835e-06
211 3.85835e-06
212 3.85835e-06
213 3.85835e-06
214 3.85835e-06
