1 1.14229e-07
2 1.14229e-07
3 1.14229e-07
4 1.14229e-07
5 1.14229e-07
6 1.14229e-07
7 1.14229e-07
8 1.14229e-07
9 1.14229e-07
10 1.14229e-07
11 1.14229e-07
12 1.14229e-07
13 1.14229e-07
14 1.14229e-07
15 1.14229e-07
16 1.14229e-07
17 1.14229e-07
18 1.14229e-07
19 1.14229e-07
20 1.14229e-07
21 1.14229e-07
22 1.14229e-07
23 1.14229e-07
24 1.14229e-07
25 1.14229e-07
26 1.14229e-07
27 1.14229e-07
28 1.14229e-07
29 1.14229e-07
30 1.14229e-07
31 1.14229e-07
32 1.14229e-07
33 1.14229e-07
34 1.14229e-07
35 1.14229e-07
36 1.14229e-07
37 1.14229e-07
38 1.14229e-07
39 1.14229e-07
40 1.14229e-07
41 1.14229e-07
42 1.14229e-07
43 1.14229e-07
44 1.14229e-07
45 1.14229e-07
46 1.14229e-07
47 1.14229e-07
48 1.14229e-07
49 1.14229e-07
50 1.14229e-07
51 1.14229e-07
52 1.14229e-07
53 1.14229e-07
54 1.14229e-07
55 1.14229e-07
56 1.14229e-07
57 1.14229e-07
58 1.14229e-07
59 1.14229e-07
60 1.14229e-07
61 1.14229e-07
62 1.14229e-07
63 1.14229e-07
64 1.14229e-07
65 1.14229e-07
66 1.14229e-07
67 1.14229e-07
68 1.14229e-07
69 1.14229e-07
70 1.14229e-07
71 1.14229e-07
72 1.14229e-07
73 1.14229e-07
74 1.14229e-07
75 1.14229e-07
76 1.14229e-07
77 1.14229e-07
78 1.14229e-07
79 1.14229e-07
80 1.14229e-07
81 1.14229e-07
82 1.14229e-07
83 1.14229e-07
84 1.14229e-07
85 1.14229e-07
86 1.14229e-07
87 1.14229e-07
88 1.14229e-07
89 1.14229e-07
90 1.14229e-07
91 1.14229e-07
92 1.14229e-07
93 1.14229e-07
94 1.14229e-07
95 1.14229e-07
96 1.2033e-07
97 1.41682e-07
98 1.93641e-07
99 3.52245e-07
100 7.81666e-07
101 2.08435e-06
102 2.52613e-06
103 4.89451e-06
104 1.32094e-05
105 3.88256e-05
106 5.14818e-05
107 8.45426e-05
108 9.76887e-05
109 0.000100281
110 9.45425e-05
111 7.63491e-05
112 3.43196e-05
113 1.87345e-05
114 1.36133e-05
115 4.07335e-06
116 1.2197e-06
117 4.05187e-07
118 1.78891e-07
119 1.2033e-07
120 1.14229e-07
121 1.14229e-07
122 1.14229e-07
123 1.14229e-07
124 1.14229e-07
125 1.14229e-07
126 1.14229e-07
127 1.14229e-07
128 1.14229e-07
129 1.14229e-07
130 1.14229e-07
131 1.14229e-07
132 1.14229e-07
133 1.14229e-07
134 1.14229e-07
135 1.14229e-07
136 1.14229e-07
137 1.14229e-07
138 1.14229e-07
139 1.14229e-07
140 1.14229e-07
141 1.14229e-07
142 1.14229e-07
143 1.14229e-07
144 1.14229e-07
145 1.14229e-07
146 1.14229e-07
147 1.14229e-07
148 1.14229e-07
149 1.14229e-07
150 1.14229e-07
151 1.14229e-07
152 1.14229e-07
153 1.14229e-07
154 1.14229e-07
155 1.14229e-07
156 1.14229e-07
157 1.14229e-07
158 1.14229e-07
159 1.14229e-07
160 1.14229e-07
161 1.14229e-07
162 1.14229e-07
163 1.14229e-07
164 1.14229e-07
165 1.14229e-07
166 1.14229e-07
167 1.14229e-07
168 1.14229e-07
169 1.14229e-07
170 1.14229e-07
171 1.14229e-07
172 1.14229e-07
173 1.14229e-07
174 1.14229e-07
175 1.14229e-07
176 1.14229e-07
177 1.14229e-07
178 1.14229e-07
179 1.14229e-07
180 1.14229e-07
181 1.14229e-07
182 1.14229e-07
183 1.14229e-07
184 1.14229e-07
185 1.14229e-07
186 1.14229e-07
187 1.14229e-07
188 1.14229e-07
189 1.14229e-07
190 1.14229e-07
191 1.14229e-07
192 1.14229e-07
193 1.14229e-07
194 1.14229e-07
195 1.14229e-07
196 1.14229e-07
197 1.14229e-07
198 1.14229e-07
199 1.14229e-07
200 1.14229e-07
201 1.14229e-07
202 1.14229e-07
203 1.14229e-07
204 1.14229e-07
205 1.14229e-07
206 1.14229e-07
207 1.14229e-07
208 1.14229e-07
209 1.14229e-07
210 1.14229e-07
211 1.14229e-07
212 1.14229e-07
213 1.14229e-07
214 1.14229e-07
