1 5.29477e-08
2 5.29477e-08
3 5.29477e-08
4 5.29477e-08
5 5.29477e-08
6 5.29477e-08
7 5.29477e-08
8 5.29477e-08
9 5.29477e-08
10 5.29477e-08
11 5.29477e-08
12 5.29477e-08
13 5.29477e-08
14 5.29477e-08
15 5.29477e-08
16 5.29477e-08
17 5.29477e-08
18 5.29477e-08
19 5.29477e-08
20 5.29477e-08
21 5.29477e-08
22 5.29477e-08
23 5.29477e-08
24 5.29477e-08
25 5.29477e-08
26 5.29477e-08
27 5.29477e-08
28 5.29477e-08
29 5.29477e-08
30 5.29477e-08
31 5.29477e-08
32 5.29477e-08
33 5.29477e-08
34 5.29477e-08
35 5.29477e-08
36 5.29477e-08
37 5.29477e-08
38 5.29477e-08
39 5.29477e-08
40 5.29477e-08
41 5.29477e-08
42 5.29477e-08
43 5.29477e-08
44 5.29477e-08
45 5.29477e-08
46 5.29477e-08
47 5.29477e-08
48 5.29477e-08
49 5.29477e-08
50 5.29477e-08
51 5.29477e-08
52 5.29477e-08
53 5.29477e-08
54 5.29477e-08
55 5.29477e-08
56 5.29477e-08
57 5.29477e-08
58 5.29477e-08
59 5.29477e-08
60 5.29477e-08
61 5.29477e-08
62 5.29477e-08
63 5.29477e-08
64 5.29477e-08
65 5.29477e-08
66 5.29477e-08
67 5.29477e-08
68 5.29477e-08
69 5.29477e-08
70 5.29477e-08
71 5.29477e-08
72 5.29477e-08
73 5.29477e-08
74 5.29477e-08
75 5.29477e-08
76 5.29477e-08
77 5.29477e-08
78 5.29477e-08
79 5.29477e-08
80 5.29477e-08
81 5.29477e-08
82 5.29477e-08
83 5.29477e-08
84 5.29477e-08
85 5.29477e-08
86 5.29477e-08
87 5.29477e-08
88 5.29477e-08
89 5.29477e-08
90 5.29477e-08
91 5.29477e-08
92 5.29477e-08
93 5.29477e-08
94 5.29477e-08
95 5.29477e-08
96 5.29477e-08
97 5.75929e-08
98 7.4609e-08
99 1.14916e-07
100 2.34055e-07
101 5.47586e-07
102 5.03376e-07
103 8.76554e-07
104 2.53239e-06
105 8.36926e-06
106 1.15464e-05
107 2.13592e-05
108 2.57557e-05
109 2.67166e-05
110 2.47867e-05
111 1.90986e-05
112 7.41631e-06
113 3.66292e-06
114 2.67133e-06
115 7.70324e-07
116 2.39765e-07
117 9.36246e-08
118 5.75929e-08
119 5.29477e-08
120 5.29477e-08
121 5.29477e-08
122 5.29477e-08
123 5.29477e-08
124 5.29477e-08
125 5.29477e-08
126 5.29477e-08
127 5.29477e-08
128 5.29477e-08
129 5.29477e-08
130 5.29477e-08
131 5.29477e-08
132 5.29477e-08
133 5.29477e-08
134 5.29477e-08
135 5.29477e-08
136 5.29477e-08
137 5.29477e-08
138 5.29477e-08
139 5.29477e-08
140 5.29477e-08
141 5.29477e-08
142 5.29477e-08
143 5.29477e-08
144 5.29477e-08
145 5.29477e-08
146 5.29477e-08
147 5.29477e-08
148 5.29477e-08
149 5.29477e-08
150 5.29477e-08
151 5.29477e-08
152 5.29477e-08
153 5.29477e-08
154 5.29477e-08
155 5.29477e-08
156 5.29477e-08
157 5.29477e-08
158 5.29477e-08
159 5.29477e-08
160 5.29477e-08
161 5.29477e-08
162 5.29477e-08
163 5.29477e-08
164 5.29477e-08
165 5.29477e-08
166 5.29477e-08
167 5.29477e-08
168 5.29477e-08
169 5.29477e-08
170 5.29477e-08
171 5.29477e-08
172 5.29477e-08
173 5.29477e-08
174 5.29477e-08
175 5.29477e-08
176 5.29477e-08
177 5.29477e-08
178 5.29477e-08
179 5.29477e-08
180 5.29477e-08
181 5.29477e-08
182 5.29477e-08
183 5.29477e-08
184 5.29477e-08
185 5.29477e-08
186 5.29477e-08
187 5.29477e-08
188 5.29477e-08
189 5.29477e-08
190 5.29477e-08
191 5.29477e-08
192 5.29477e-08
193 5.29477e-08
194 5.29477e-08
195 5.29477e-08
196 5.29477e-08
197 5.29477e-08
198 5.29477e-08
199 5.29477e-08
200 5.29477e-08
201 5.29477e-08
202 5.29477e-08
203 5.29477e-08
204 5.29477e-08
205 5.29477e-08
206 5.29477e-08
207 5.29477e-08
208 5.29477e-08
209 5.29477e-08
210 5.29477e-08
211 5.29477e-08
212 5.29477e-08
213 5.29477e-08
214 5.29477e-08
