1 9.56855e-09
2 9.56855e-09
3 9.56855e-09
4 9.56855e-09
5 9.56855e-09
6 9.56855e-09
7 9.56855e-09
8 9.56855e-09
9 9.56855e-09
10 9.56855e-09
11 9.56855e-09
12 9.56855e-09
13 9.56855e-09
14 9.56855e-09
15 9.56855e-09
16 9.56855e-09
17 9.56855e-09
18 9.56855e-09
19 9.56855e-09
20 9.56855e-09
21 9.56855e-09
22 9.56855e-09
23 9.56855e-09
24 9.56855e-09
25 9.56855e-09
26 9.56855e-09
27 9.56855e-09
28 9.56855e-09
29 9.56855e-09
30 9.56855e-09
31 9.56855e-09
32 9.56855e-09
33 9.56855e-09
34 9.56855e-09
35 9.56855e-09
36 9.56855e-09
37 9.56855e-09
38 9.56855e-09
39 9.56855e-09
40 9.56855e-09
41 9.56855e-09
42 9.56855e-09
43 9.56855e-09
44 9.56855e-09
45 9.56855e-09
46 9.56855e-09
47 9.56855e-09
48 9.56855e-09
49 9.56855e-09
50 9.56855e-09
51 9.56855e-09
52 9.56855e-09
53 9.56855e-09
54 9.56855e-09
55 9.56855e-09
56 9.56855e-09
57 9.56855e-09
58 9.56855e-09
59 9.56855e-09
60 9.56855e-09
61 9.56855e-09
62 9.56855e-09
63 9.56855e-09
64 9.56855e-09
65 9.56855e-09
66 9.56855e-09
67 9.56855e-09
68 9.56855e-09
69 9.56855e-09
70 9.56855e-09
71 9.56855e-09
72 9.56855e-09
73 9.56855e-09
74 9.56855e-09
75 9.56855e-09
76 9.56855e-09
77 9.56855e-09
78 9.56855e-09
79 9.56855e-09
80 9.56855e-09
81 9.56855e-09
82 9.56855e-09
83 9.56855e-09
84 9.56855e-09
85 9.56855e-09
86 9.56855e-09
87 9.56855e-09
88 9.56855e-09
89 9.56855e-09
90 9.56855e-09
91 9.56855e-09
92 9.56855e-09
93 9.56855e-09
94 9.56855e-09
95 9.56855e-09
96 9.56855e-09
97 9.56855e-09
98 9.56855e-09
99 1.54069e-08
100 4.00103e-08
101 1.07381e-07
102 4.00103e-08
103 2.12452e-08
104 1.04615e-07
105 4.83933e-07
106 6.70199e-07
107 1.68192e-06
108 2.254e-06
109 2.41068e-06
110 2.16291e-06
111 1.50239e-06
112 4.0409e-07
113 1.59954e-07
114 1.71985e-07
115 4.00103e-08
116 1.54069e-08
117 9.56855e-09
118 9.56855e-09
119 9.56855e-09
120 9.56855e-09
121 9.56855e-09
122 9.56855e-09
123 9.56855e-09
124 9.56855e-09
125 9.56855e-09
126 9.56855e-09
127 9.56855e-09
128 9.56855e-09
129 9.56855e-09
130 9.56855e-09
131 9.56855e-09
132 9.56855e-09
133 9.56855e-09
134 9.56855e-09
135 9.56855e-09
136 9.56855e-09
137 9.56855e-09
138 9.56855e-09
139 9.56855e-09
140 9.56855e-09
141 9.56855e-09
142 9.56855e-09
143 9.56855e-09
144 9.56855e-09
145 9.56855e-09
146 9.56855e-09
147 9.56855e-09
148 9.56855e-09
149 9.56855e-09
150 9.56855e-09
151 9.56855e-09
152 9.56855e-09
153 9.56855e-09
154 9.56855e-09
155 9.56855e-09
156 9.56855e-09
157 9.56855e-09
158 9.56855e-09
159 9.56855e-09
160 9.56855e-09
161 9.56855e-09
162 9.56855e-09
163 9.56855e-09
164 9.56855e-09
165 9.56855e-09
166 9.56855e-09
167 9.56855e-09
168 9.56855e-09
169 9.56855e-09
170 9.56855e-09
171 9.56855e-09
172 9.56855e-09
173 9.56855e-09
174 9.56855e-09
175 9.56855e-09
176 9.56855e-09
177 9.56855e-09
178 9.56855e-09
179 9.56855e-09
180 9.56855e-09
181 9.56855e-09
182 9.56855e-09
183 9.56855e-09
184 9.56855e-09
185 9.56855e-09
186 9.56855e-09
187 9.56855e-09
188 9.56855e-09
189 9.56855e-09
190 9.56855e-09
191 9.56855e-09
192 9.56855e-09
193 9.56855e-09
194 9.56855e-09
195 9.56855e-09
196 9.56855e-09
197 9.56855e-09
198 9.56855e-09
199 9.56855e-09
200 9.56855e-09
201 9.56855e-09
202 9.56855e-09
203 9.56855e-09
204 9.56855e-09
205 9.56855e-09
206 9.56855e-09
207 9.56855e-09
208 9.56855e-09
209 9.56855e-09
210 9.56855e-09
211 9.56855e-09
212 9.56855e-09
213 9.56855e-09
214 9.56855e-09
