1 2.2184e-08
2 2.2184e-08
3 2.2184e-08
4 2.2184e-08
5 2.2184e-08
6 2.2184e-08
7 2.2184e-08
8 2.2184e-08
9 2.2184e-08
10 2.2184e-08
11 2.2184e-08
12 2.2184e-08
13 2.2184e-08
14 2.2184e-08
15 2.2184e-08
16 2.2184e-08
17 2.2184e-08
18 2.2184e-08
19 2.2184e-08
20 2.2184e-08
21 2.2184e-08
22 2.2184e-08
23 2.2184e-08
24 2.2184e-08
25 2.2184e-08
26 2.2184e-08
27 2.2184e-08
28 2.2184e-08
29 2.2184e-08
30 2.2184e-08
31 2.2184e-08
32 2.2184e-08
33 2.2184e-08
34 2.2184e-08
35 2.2184e-08
36 2.2184e-08
37 2.2184e-08
38 2.2184e-08
39 2.2184e-08
40 2.2184e-08
41 2.2184e-08
42 2.2184e-08
43 2.2184e-08
44 2.2184e-08
45 2.2184e-08
46 2.2184e-08
47 2.2184e-08
48 2.2184e-08
49 2.2184e-08
50 2.2184e-08
51 2.2184e-08
52 2.2184e-08
53 2.2184e-08
54 2.2184e-08
55 2.2184e-08
56 2.2184e-08
57 2.2184e-08
58 2.2184e-08
59 2.2184e-08
60 2.2184e-08
61 2.2184e-08
62 2.2184e-08
63 2.2184e-08
64 2.2184e-08
65 2.2184e-08
66 2.2184e-08
67 2.2184e-08
68 2.2184e-08
69 2.2184e-08
70 2.2184e-08
71 2.2184e-08
72 2.2184e-08
73 2.2184e-08
74 2.2184e-08
75 2.2184e-08
76 2.2184e-08
77 2.2184e-08
78 2.2184e-08
79 2.2184e-08
80 2.2184e-08
81 2.2184e-08
82 2.2184e-08
83 2.2184e-08
84 2.2184e-08
85 2.2184e-08
86 2.2184e-08
87 2.2184e-08
88 2.2184e-08
89 2.2184e-08
90 2.2184e-08
91 2.2184e-08
92 2.2184e-08
93 2.2184e-08
94 2.2184e-08
95 2.2184e-08
96 2.2184e-08
97 2.2184e-08
98 2.2184e-08
99 3.278e-08
100 6.65018e-08
101 1.58531e-07
102 7.1908e-08
103 9.33198e-08
104 3.28466e-07
105 1.31814e-06
106 1.87188e-06
107 4.15468e-06
108 5.34593e-06
109 5.64819e-06
110 5.12946e-06
111 3.70632e-06
112 1.16858e-06
113 5.08196e-07
114 4.20537e-07
115 1.11039e-07
116 3.278e-08
117 2.2184e-08
118 2.2184e-08
119 2.2184e-08
120 2.2184e-08
121 2.2184e-08
122 2.2184e-08
123 2.2184e-08
124 2.2184e-08
125 2.2184e-08
126 2.2184e-08
127 2.2184e-08
128 2.2184e-08
129 2.2184e-08
130 2.2184e-08
131 2.2184e-08
132 2.2184e-08
133 2.2184e-08
134 2.2184e-08
135 2.2184e-08
136 2.2184e-08
137 2.2184e-08
138 2.2184e-08
139 2.2184e-08
140 2.2184e-08
141 2.2184e-08
142 2.2184e-08
143 2.2184e-08
144 2.2184e-08
145 2.2184e-08
146 2.2184e-08
147 2.2184e-08
148 2.2184e-08
149 2.2184e-08
150 2.2184e-08
151 2.2184e-08
152 2.2184e-08
153 2.2184e-08
154 2.2184e-08
155 2.2184e-08
156 2.2184e-08
157 2.2184e-08
158 2.2184e-08
159 2.2184e-08
160 2.2184e-08
161 2.2184e-08
162 2.2184e-08
163 2.2184e-08
164 2.2184e-08
165 2.2184e-08
166 2.2184e-08
167 2.2184e-08
168 2.2184e-08
169 2.2184e-08
170 2.2184e-08
171 2.2184e-08
172 2.2184e-08
173 2.2184e-08
174 2.2184e-08
175 2.2184e-08
176 2.2184e-08
177 2.2184e-08
178 2.2184e-08
179 2.2184e-08
180 2.2184e-08
181 2.2184e-08
182 2.2184e-08
183 2.2184e-08
184 2.2184e-08
185 2.2184e-08
186 2.2184e-08
187 2.2184e-08
188 2.2184e-08
189 2.2184e-08
190 2.2184e-08
191 2.2184e-08
192 2.2184e-08
193 2.2184e-08
194 2.2184e-08
195 2.2184e-08
196 2.2184e-08
197 2.2184e-08
198 2.2184e-08
199 2.2184e-08
200 2.2184e-08
201 2.2184e-08
202 2.2184e-08
203 2.2184e-08
204 2.2184e-08
205 2.2184e-08
206 2.2184e-08
207 2.2184e-08
208 2.2184e-08
209 2.2184e-08
210 2.2184e-08
211 2.2184e-08
212 2.2184e-08
213 2.2184e-08
214 2.2184e-08
