1 1.78604e-08
2 1.78604e-08
3 1.78604e-08
4 1.78604e-08
5 1.78604e-08
6 1.78604e-08
7 1.78604e-08
8 1.78604e-08
9 1.78604e-08
10 1.78604e-08
11 1.78604e-08
12 1.78604e-08
13 1.78604e-08
14 1.78604e-08
15 1.78604e-08
16 1.78604e-08
17 1.78604e-08
18 1.78604e-08
19 1.78604e-08
20 1.78604e-08
21 1.78604e-08
22 1.78604e-08
23 1.78604e-08
24 1.78604e-08
25 1.78604e-08
26 1.78604e-08
27 1.78604e-08
28 1.78604e-08
29 1.78604e-08
30 1.78604e-08
31 1.78604e-08
32 1.78604e-08
33 1.78604e-08
34 1.78604e-08
35 1.78604e-08
36 1.78604e-08
37 1.78604e-08
38 1.78604e-08
39 1.78604e-08
40 1.78604e-08
41 1.78604e-08
42 1.78604e-08
43 1.78604e-08
44 1.78604e-08
45 1.78604e-08
46 1.78604e-08
47 1.78604e-08
48 1.78604e-08
49 1.78604e-08
50 1.78604e-08
51 1.78604e-08
52 1.78604e-08
53 1.78604e-08
54 1.78604e-08
55 1.78604e-08
56 1.78604e-08
57 1.78604e-08
58 1.78604e-08
59 1.78604e-08
60 1.78604e-08
61 1.78604e-08
62 1.78604e-08
63 1.78604e-08
64 1.78604e-08
65 1.78604e-08
66 1.78604e-08
67 1.78604e-08
68 1.78604e-08
69 1.78604e-08
70 1.78604e-08
71 1.78604e-08
72 1.78604e-08
73 1.78604e-08
74 1.78604e-08
75 1.78604e-08
76 1.78604e-08
77 1.78604e-08
78 1.78604e-08
79 1.78604e-08
80 1.78604e-08
81 1.78604e-08
82 1.78604e-08
83 1.78604e-08
84 1.78604e-08
85 1.78604e-08
86 1.78604e-08
87 1.78604e-08
88 1.78604e-08
89 1.78604e-08
90 1.78604e-08
91 1.78604e-08
92 1.78604e-08
93 1.78604e-08
94 1.78604e-08
95 1.78604e-08
96 1.78604e-08
97 1.78604e-08
98 1.78604e-08
99 2.47641e-08
100 4.88804e-08
101 1.184e-07
102 4.88804e-08
103 4.34984e-08
104 1.53086e-07
105 6.4237e-07
106 9.02797e-07
107 2.1702e-06
108 2.87403e-06
109 3.06565e-06
110 2.75791e-06
111 1.93863e-06
112 5.58194e-07
113 2.34246e-07
114 2.22605e-07
115 6.07109e-08
116 2.47641e-08
117 1.78604e-08
118 1.78604e-08
119 1.78604e-08
120 1.78604e-08
121 1.78604e-08
122 1.78604e-08
123 1.78604e-08
124 1.78604e-08
125 1.78604e-08
126 1.78604e-08
127 1.78604e-08
128 1.78604e-08
129 1.78604e-08
130 1.78604e-08
131 1.78604e-08
132 1.78604e-08
133 1.78604e-08
134 1.78604e-08
135 1.78604e-08
136 1.78604e-08
137 1.78604e-08
138 1.78604e-08
139 1.78604e-08
140 1.78604e-08
141 1.78604e-08
142 1.78604e-08
143 1.78604e-08
144 1.78604e-08
145 1.78604e-08
146 1.78604e-08
147 1.78604e-08
148 1.78604e-08
149 1.78604e-08
150 1.78604e-08
151 1.78604e-08
152 1.78604e-08
153 1.78604e-08
154 1.78604e-08
155 1.78604e-08
156 1.78604e-08
157 1.78604e-08
158 1.78604e-08
159 1.78604e-08
160 1.78604e-08
161 1.78604e-08
162 1.78604e-08
163 1.78604e-08
164 1.78604e-08
165 1.78604e-08
166 1.78604e-08
167 1.78604e-08
168 1.78604e-08
169 1.78604e-08
170 1.78604e-08
171 1.78604e-08
172 1.78604e-08
173 1.78604e-08
174 1.78604e-08
175 1.78604e-08
176 1.78604e-08
177 1.78604e-08
178 1.78604e-08
179 1.78604e-08
180 1.78604e-08
181 1.78604e-08
182 1.78604e-08
183 1.78604e-08
184 1.78604e-08
185 1.78604e-08
186 1.78604e-08
187 1.78604e-08
188 1.78604e-08
189 1.78604e-08
190 1.78604e-08
191 1.78604e-08
192 1.78604e-08
193 1.78604e-08
194 1.78604e-08
195 1.78604e-08
196 1.78604e-08
197 1.78604e-08
198 1.78604e-08
199 1.78604e-08
200 1.78604e-08
201 1.78604e-08
202 1.78604e-08
203 1.78604e-08
204 1.78604e-08
205 1.78604e-08
206 1.78604e-08
207 1.78604e-08
208 1.78604e-08
209 1.78604e-08
210 1.78604e-08
211 1.78604e-08
212 1.78604e-08
213 1.78604e-08
214 1.78604e-08
