1 8.03365e-09
2 8.03365e-09
3 8.03365e-09
4 8.03365e-09
5 8.03365e-09
6 8.03365e-09
7 8.03365e-09
8 8.03365e-09
9 8.03365e-09
10 8.03365e-09
11 8.03365e-09
12 8.03365e-09
13 8.03365e-09
14 8.03365e-09
15 8.03365e-09
16 8.03365e-09
17 8.03365e-09
18 8.03365e-09
19 8.03365e-09
20 8.03365e-09
21 8.03365e-09
22 8.03365e-09
23 8.03365e-09
24 8.03365e-09
25 8.03365e-09
26 8.03365e-09
27 8.03365e-09
28 8.03365e-09
29 8.03365e-09
30 8.03365e-09
31 8.03365e-09
32 8.03365e-09
33 8.03365e-09
34 8.03365e-09
35 8.03365e-09
36 8.03365e-09
37 8.03365e-09
38 8.03365e-09
39 8.03365e-09
40 8.03365e-09
41 8.03365e-09
42 8.03365e-09
43 8.03365e-09
44 8.03365e-09
45 8.03365e-09
46 8.03365e-09
47 8.03365e-09
48 8.03365e-09
49 8.03365e-09
50 8.03365e-09
51 8.03365e-09
52 8.03365e-09
53 8.03365e-09
54 8.03365e-09
55 8.03365e-09
56 8.03365e-09
57 8.03365e-09
58 8.03365e-09
59 8.03365e-09
60 8.03365e-09
61 8.03365e-09
62 8.03365e-09
63 8.03365e-09
64 8.03365e-09
65 8.03365e-09
66 8.03365e-09
67 8.03365e-09
68 8.03365e-09
69 8.03365e-09
70 8.03365e-09
71 8.03365e-09
72 8.03365e-09
73 8.03365e-09
74 8.03365e-09
75 8.03365e-09
76 8.03365e-09
77 8.03365e-09
78 8.03365e-09
79 8.03365e-09
80 8.03365e-09
81 8.03365e-09
82 8.03365e-09
83 8.03365e-09
84 8.03365e-09
85 8.03365e-09
86 8.03365e-09
87 8.03365e-09
88 8.03365e-09
89 8.03365e-09
90 8.03365e-09
91 8.03365e-09
92 8.03365e-09
93 8.03365e-09
94 8.03365e-09
95 8.03365e-09
96 8.03365e-09
97 8.03365e-09
98 8.03365e-09
99 1.16101e-08
100 2.85724e-08
101 8.14414e-08
102 2.85724e-08
103 1.51866e-08
104 5.47778e-08
105 2.44992e-07
106 3.16833e-07
107 8.58387e-07
108 1.1807e-06
109 1.27385e-06
110 1.13577e-06
111 7.71929e-07
112 1.92307e-07
113 7.96438e-08
114 1.07647e-07
115 2.85724e-08
116 1.16101e-08
117 8.03365e-09
118 8.03365e-09
119 8.03365e-09
120 8.03365e-09
121 8.03365e-09
122 8.03365e-09
123 8.03365e-09
124 8.03365e-09
125 8.03365e-09
126 8.03365e-09
127 8.03365e-09
128 8.03365e-09
129 8.03365e-09
130 8.03365e-09
131 8.03365e-09
132 8.03365e-09
133 8.03365e-09
134 8.03365e-09
135 8.03365e-09
136 8.03365e-09
137 8.03365e-09
138 8.03365e-09
139 8.03365e-09
140 8.03365e-09
141 8.03365e-09
142 8.03365e-09
143 8.03365e-09
144 8.03365e-09
145 8.03365e-09
146 8.03365e-09
147 8.03365e-09
148 8.03365e-09
149 8.03365e-09
150 8.03365e-09
151 8.03365e-09
152 8.03365e-09
153 8.03365e-09
154 8.03365e-09
155 8.03365e-09
156 8.03365e-09
157 8.03365e-09
158 8.03365e-09
159 8.03365e-09
160 8.03365e-09
161 8.03365e-09
162 8.03365e-09
163 8.03365e-09
164 8.03365e-09
165 8.03365e-09
166 8.03365e-09
167 8.03365e-09
168 8.03365e-09
169 8.03365e-09
170 8.03365e-09
171 8.03365e-09
172 8.03365e-09
173 8.03365e-09
174 8.03365e-09
175 8.03365e-09
176 8.03365e-09
177 8.03365e-09
178 8.03365e-09
179 8.03365e-09
180 8.03365e-09
181 8.03365e-09
182 8.03365e-09
183 8.03365e-09
184 8.03365e-09
185 8.03365e-09
186 8.03365e-09
187 8.03365e-09
188 8.03365e-09
189 8.03365e-09
190 8.03365e-09
191 8.03365e-09
192 8.03365e-09
193 8.03365e-09
194 8.03365e-09
195 8.03365e-09
196 8.03365e-09
197 8.03365e-09
198 8.03365e-09
199 8.03365e-09
200 8.03365e-09
201 8.03365e-09
202 8.03365e-09
203 8.03365e-09
204 8.03365e-09
205 8.03365e-09
206 8.03365e-09
207 8.03365e-09
208 8.03365e-09
209 8.03365e-09
210 8.03365e-09
211 8.03365e-09
212 8.03365e-09
213 8.03365e-09
214 8.03365e-09
