1 7.59038e-09
2 7.59038e-09
3 7.59038e-09
4 7.59038e-09
5 7.59038e-09
6 7.59038e-09
7 7.59038e-09
8 7.59038e-09
9 7.59038e-09
10 7.59038e-09
11 7.59038e-09
12 7.59038e-09
13 7.59038e-09
14 7.59038e-09
15 7.59038e-09
16 7.59038e-09
17 7.59038e-09
18 7.59038e-09
19 7.59038e-09
20 7.59038e-09
21 7.59038e-09
22 7.59038e-09
23 7.59038e-09
24 7.59038e-09
25 7.59038e-09
26 7.59038e-09
27 7.59038e-09
28 7.59038e-09
29 7.59038e-09
30 7.59038e-09
31 7.59038e-09
32 7.59038e-09
33 7.59038e-09
34 7.59038e-09
35 7.59038e-09
36 7.59038e-09
37 7.59038e-09
38 7.59038e-09
39 7.59038e-09
40 7.59038e-09
41 7.59038e-09
42 7.59038e-09
43 7.59038e-09
44 7.59038e-09
45 7.59038e-09
46 7.59038e-09
47 7.59038e-09
48 7.59038e-09
49 7.59038e-09
50 7.59038e-09
51 7.59038e-09
52 7.59038e-09
53 7.59038e-09
54 7.59038e-09
55 7.59038e-09
56 7.59038e-09
57 7.59038e-09
58 7.59038e-09
59 7.59038e-09
60 7.59038e-09
61 7.59038e-09
62 7.59038e-09
63 7.59038e-09
64 7.59038e-09
65 7.59038e-09
66 7.59038e-09
67 7.59038e-09
68 7.59038e-09
69 7.59038e-09
70 7.59038e-09
71 7.59038e-09
72 7.59038e-09
73 7.59038e-09
74 7.59038e-09
75 7.59038e-09
76 7.59038e-09
77 7.59038e-09
78 7.59038e-09
79 7.59038e-09
80 7.59038e-09
81 7.59038e-09
82 7.59038e-09
83 7.59038e-09
84 7.59038e-09
85 7.59038e-09
86 7.59038e-09
87 7.59038e-09
88 7.59038e-09
89 7.59038e-09
90 7.59038e-09
91 7.59038e-09
92 7.59038e-09
93 7.59038e-09
94 7.59038e-09
95 7.59038e-09
96 7.59038e-09
97 7.59038e-09
98 7.59038e-09
99 7.59038e-09
100 1.95859e-08
101 6.55071e-08
102 1.95859e-08
103 7.59038e-09
104 3.58404e-08
105 1.87351e-07
106 2.41237e-07
107 6.8669e-07
108 9.55512e-07
109 1.03436e-06
110 9.19763e-07
111 6.15134e-07
112 1.39906e-07
113 5.2095e-08
114 8.17616e-08
115 1.95859e-08
116 7.59038e-09
117 7.59038e-09
118 7.59038e-09
119 7.59038e-09
120 7.59038e-09
121 7.59038e-09
122 7.59038e-09
123 7.59038e-09
124 7.59038e-09
125 7.59038e-09
126 7.59038e-09
127 7.59038e-09
128 7.59038e-09
129 7.59038e-09
130 7.59038e-09
131 7.59038e-09
132 7.59038e-09
133 7.59038e-09
134 7.59038e-09
135 7.59038e-09
136 7.59038e-09
137 7.59038e-09
138 7.59038e-09
139 7.59038e-09
140 7.59038e-09
141 7.59038e-09
142 7.59038e-09
143 7.59038e-09
144 7.59038e-09
145 7.59038e-09
146 7.59038e-09
147 7.59038e-09
148 7.59038e-09
149 7.59038e-09
150 7.59038e-09
151 7.59038e-09
152 7.59038e-09
153 7.59038e-09
154 7.59038e-09
155 7.59038e-09
156 7.59038e-09
157 7.59038e-09
158 7.59038e-09
159 7.59038e-09
160 7.59038e-09
161 7.59038e-09
162 7.59038e-09
163 7.59038e-09
164 7.59038e-09
165 7.59038e-09
166 7.59038e-09
167 7.59038e-09
168 7.59038e-09
169 7.59038e-09
170 7.59038e-09
171 7.59038e-09
172 7.59038e-09
173 7.59038e-09
174 7.59038e-09
175 7.59038e-09
176 7.59038e-09
177 7.59038e-09
178 7.59038e-09
179 7.59038e-09
180 7.59038e-09
181 7.59038e-09
182 7.59038e-09
183 7.59038e-09
184 7.59038e-09
185 7.59038e-09
186 7.59038e-09
187 7.59038e-09
188 7.59038e-09
189 7.59038e-09
190 7.59038e-09
191 7.59038e-09
192 7.59038e-09
193 7.59038e-09
194 7.59038e-09
195 7.59038e-09
196 7.59038e-09
197 7.59038e-09
198 7.59038e-09
199 7.59038e-09
200 7.59038e-09
201 7.59038e-09
202 7.59038e-09
203 7.59038e-09
204 7.59038e-09
205 7.59038e-09
206 7.59038e-09
207 7.59038e-09
208 7.59038e-09
209 7.59038e-09
210 7.59038e-09
211 7.59038e-09
212 7.59038e-09
213 7.59038e-09
214 7.59038e-09
