1 8.26726e-09
2 8.26726e-09
3 8.26726e-09
4 8.26726e-09
5 8.26726e-09
6 8.26726e-09
7 8.26726e-09
8 8.26726e-09
9 8.26726e-09
10 8.26726e-09
11 8.26726e-09
12 8.26726e-09
13 8.26726e-09
14 8.26726e-09
15 8.26726e-09
16 8.26726e-09
17 8.26726e-09
18 8.26726e-09
19 8.26726e-09
20 8.26726e-09
21 8.26726e-09
22 8.26726e-09
23 8.26726e-09
24 8.26726e-09
25 8.26726e-09
26 8.26726e-09
27 8.26726e-09
28 8.26726e-09
29 8.26726e-09
30 8.26726e-09
31 8.26726e-09
32 8.26726e-09
33 8.26726e-09
34 8.26726e-09
35 8.26726e-09
36 8.26726e-09
37 8.26726e-09
38 8.26726e-09
39 8.26726e-09
40 8.26726e-09
41 8.26726e-09
42 8.26726e-09
43 8.26726e-09
44 8.26726e-09
45 8.26726e-09
46 8.26726e-09
47 8.26726e-09
48 8.26726e-09
49 8.26726e-09
50 8.26726e-09
51 8.26726e-09
52 8.26726e-09
53 8.26726e-09
54 8.26726e-09
55 8.26726e-09
56 8.26726e-09
57 8.26726e-09
58 8.26726e-09
59 8.26726e-09
60 8.26726e-09
61 8.26726e-09
62 8.26726e-09
63 8.26726e-09
64 8.26726e-09
65 8.26726e-09
66 8.26726e-09
67 8.26726e-09
68 8.26726e-09
69 8.26726e-09
70 8.26726e-09
71 8.26726e-09
72 8.26726e-09
73 8.26726e-09
74 8.26726e-09
75 8.26726e-09
76 8.26726e-09
77 8.26726e-09
78 8.26726e-09
79 8.26726e-09
80 8.26726e-09
81 8.26726e-09
82 8.26726e-09
83 8.26726e-09
84 8.26726e-09
85 8.26726e-09
86 8.26726e-09
87 8.26726e-09
88 8.26726e-09
89 8.26726e-09
90 8.26726e-09
91 8.26726e-09
92 8.26726e-09
93 8.26726e-09
94 8.26726e-09
95 8.26726e-09
96 8.26726e-09
97 8.26726e-09
98 8.26726e-09
99 1.21429e-08
100 3.01666e-08
101 8.51412e-08
102 3.01666e-08
103 1.60186e-08
104 6.04921e-08
105 2.72246e-07
106 3.57034e-07
107 9.55446e-07
108 1.309e-06
109 1.41037e-06
110 1.25857e-06
111 8.58123e-07
112 2.16433e-07
113 8.87843e-08
114 1.15467e-07
115 3.01666e-08
116 1.21429e-08
117 8.26726e-09
118 8.26726e-09
119 8.26726e-09
120 8.26726e-09
121 8.26726e-09
122 8.26726e-09
123 8.26726e-09
124 8.26726e-09
125 8.26726e-09
126 8.26726e-09
127 8.26726e-09
128 8.26726e-09
129 8.26726e-09
130 8.26726e-09
131 8.26726e-09
132 8.26726e-09
133 8.26726e-09
134 8.26726e-09
135 8.26726e-09
136 8.26726e-09
137 8.26726e-09
138 8.26726e-09
139 8.26726e-09
140 8.26726e-09
141 8.26726e-09
142 8.26726e-09
143 8.26726e-09
144 8.26726e-09
145 8.26726e-09
146 8.26726e-09
147 8.26726e-09
148 8.26726e-09
149 8.26726e-09
150 8.26726e-09
151 8.26726e-09
152 8.26726e-09
153 8.26726e-09
154 8.26726e-09
155 8.26726e-09
156 8.26726e-09
157 8.26726e-09
158 8.26726e-09
159 8.26726e-09
160 8.26726e-09
161 8.26726e-09
162 8.26726e-09
163 8.26726e-09
164 8.26726e-09
165 8.26726e-09
166 8.26726e-09
167 8.26726e-09
168 8.26726e-09
169 8.26726e-09
170 8.26726e-09
171 8.26726e-09
172 8.26726e-09
173 8.26726e-09
174 8.26726e-09
175 8.26726e-09
176 8.26726e-09
177 8.26726e-09
178 8.26726e-09
179 8.26726e-09
180 8.26726e-09
181 8.26726e-09
182 8.26726e-09
183 8.26726e-09
184 8.26726e-09
185 8.26726e-09
186 8.26726e-09
187 8.26726e-09
188 8.26726e-09
189 8.26726e-09
190 8.26726e-09
191 8.26726e-09
192 8.26726e-09
193 8.26726e-09
194 8.26726e-09
195 8.26726e-09
196 8.26726e-09
197 8.26726e-09
198 8.26726e-09
199 8.26726e-09
200 8.26726e-09
201 8.26726e-09
202 8.26726e-09
203 8.26726e-09
204 8.26726e-09
205 8.26726e-09
206 8.26726e-09
207 8.26726e-09
208 8.26726e-09
209 8.26726e-09
210 8.26726e-09
211 8.26726e-09
212 8.26726e-09
213 8.26726e-09
214 8.26726e-09
