1 4.11973e-06
2 4.11973e-06
3 4.11973e-06
4 4.11973e-06
5 4.11973e-06
6 4.11973e-06
7 4.11973e-06
8 4.11973e-06
9 4.11973e-06
10 4.11973e-06
11 4.11973e-06
12 4.11973e-06
13 4.11973e-06
14 4.11973e-06
15 4.11973e-06
16 4.11973e-06
17 4.11973e-06
18 4.11973e-06
19 4.11973e-06
20 4.11973e-06
21 4.11973e-06
22 4.11973e-06
23 4.11973e-06
24 4.11973e-06
25 4.11973e-06
26 4.11973e-06
27 4.11973e-06
28 4.11973e-06
29 4.11973e-06
30 4.11973e-06
31 4.11973e-06
32 4.11973e-06
33 4.11973e-06
34 4.11973e-06
35 4.11973e-06
36 4.11973e-06
37 4.11973e-06
38 4.11973e-06
39 4.11973e-06
40 4.11973e-06
41 4.11973e-06
42 4.11973e-06
43 4.11973e-06
44 4.11973e-06
45 4.11973e-06
46 4.11973e-06
47 4.11973e-06
48 4.11973e-06
49 4.11973e-06
50 4.11973e-06
51 4.11973e-06
52 4.11973e-06
53 4.11973e-06
54 4.11973e-06
55 4.11973e-06
56 4.11973e-06
57 4.11973e-06
58 4.11973e-06
59 4.11973e-06
60 4.11973e-06
61 4.11973e-06
62 4.11973e-06
63 4.11973e-06
64 4.11973e-06
65 4.11973e-06
66 4.11973e-06
67 4.11973e-06
68 4.11973e-06
69 4.11973e-06
70 4.11973e-06
71 4.11973e-06
72 4.11973e-06
73 4.11973e-06
74 4.11983e-06
75 4.12027e-06
76 4.1215e-06
77 4.12543e-06
78 4.13729e-06
79 4.17112e-06
80 4.26825e-06
81 4.55435e-06
82 5.42042e-06
83 8.07621e-06
84 1.61446e-05
85 3.99266e-05
86 0.000106899
87 0.000285308
88 0.000732179
89 0.001781
90 0.0040836
91 0.00880974
92 0.017882
93 0.0341826
94 0.0616196
95 0.104902
96 0.168886
97 0.257475
98 0.372365
99 0.512188
100 0.672663
101 0.847859
102 0.881514
103 0.915988
104 0.950799
105 0.985724
106 0.992107
107 0.998492
108 0.999622
109 0.999622
110 0.998492
111 0.992114
112 0.957302
113 0.922828
114 0.889167
115 0.713851
116 0.553012
117 0.41229
118 0.29557
119 0.203871
120 0.135411
121 0.0865937
122 0.0532146
123 0.0313145
124 0.017567
125 0.00935371
126 0.00471031
127 0.00223814
128 0.00100275
129 0.00042433
130 0.000170667
131 6.6394e-05
132 2.61425e-05
133 1.15113e-05
134 6.48454e-06
135 4.84453e-06
136 4.33359e-06
137 4.18065e-06
138 4.13642e-06
139 4.12397e-06
140 4.12052e-06
141 4.11983e-06
142 4.11973e-06
143 4.11973e-06
144 4.11973e-06
145 4.11973e-06
146 4.11973e-06
147 4.11973e-06
148 4.11973e-06
149 4.11973e-06
150 4.11973e-06
151 4.11973e-06
152 4.11973e-06
153 4.11973e-06
154 4.11973e-06
155 4.11973e-06
156 4.11973e-06
157 4.11973e-06
158 4.11973e-06
159 4.11973e-06
160 4.11973e-06
161 4.11973e-06
162 4.11973e-06
163 4.11973e-06
164 4.11973e-06
165 4.11973e-06
166 4.11973e-06
167 4.11973e-06
168 4.11973e-06
169 4.11973e-06
170 4.11973e-06
171 4.11973e-06
172 4.11973e-06
173 4.11973e-06
174 4.11973e-06
175 4.11973e-06
176 4.11973e-06
177 4.11973e-06
178 4.11973e-06
179 4.11973e-06
180 4.11973e-06
181 4.11973e-06
182 4.11973e-06
183 4.11973e-06
184 4.11973e-06
185 4.11973e-06
186 4.11973e-06
187 4.11973e-06
188 4.11973e-06
189 4.11973e-06
190 4.11973e-06
191 4.11973e-06
192 4.11973e-06
193 4.11973e-06
194 4.11973e-06
195 4.11973e-06
196 4.11973e-06
197 4.11973e-06
198 4.11973e-06
199 4.11973e-06
200 4.11973e-06
201 4.11973e-06
202 4.11973e-06
203 4.11973e-06
204 4.11973e-06
205 4.11973e-06
206 4.11973e-06
207 4.11973e-06
208 4.11973e-06
209 4.11973e-06
210 4.11973e-06
211 4.11973e-06
212 4.11973e-06
213 4.11973e-06
214 4.11973e-06
