1 4.95436e-09
2 4.95436e-09
3 4.95436e-09
4 4.95436e-09
5 4.95436e-09
6 4.95436e-09
7 4.95436e-09
8 4.95436e-09
9 4.95436e-09
10 4.95436e-09
11 4.95436e-09
12 4.95436e-09
13 4.95436e-09
14 4.95436e-09
15 4.95436e-09
16 4.95436e-09
17 4.95436e-09
18 4.95436e-09
19 4.95436e-09
20 4.95436e-09
21 4.95436e-09
22 4.95436e-09
23 4.95436e-09
24 4.95436e-09
25 4.95436e-09
26 4.95436e-09
27 4.95436e-09
28 4.95436e-09
29 4.95436e-09
30 4.95436e-09
31 4.95436e-09
32 4.95436e-09
33 4.95436e-09
34 4.95436e-09
35 4.95436e-09
36 4.95436e-09
37 4.95436e-09
38 4.95436e-09
39 4.95436e-09
40 4.95436e-09
41 4.95436e-09
42 4.95436e-09
43 4.95436e-09
44 4.95436e-09
45 4.95436e-09
46 4.95436e-09
47 4.95436e-09
48 4.95436e-09
49 4.95436e-09
50 4.95436e-09
51 4.95436e-09
52 4.95436e-09
53 4.95436e-09
54 4.95436e-09
55 4.95436e-09
56 4.95436e-09
57 4.95436e-09
58 4.95436e-09
59 4.95436e-09
60 4.95436e-09
61 4.95436e-09
62 4.95436e-09
63 4.95436e-09
64 4.95436e-09
65 4.95436e-09
66 4.95436e-09
67 4.95436e-09
68 4.95436e-09
69 4.95436e-09
70 4.95436e-09
71 4.95436e-09
72 4.95436e-09
73 4.95436e-09
74 4.95436e-09
75 4.95436e-09
76 4.95436e-09
77 4.95436e-09
78 4.95436e-09
79 4.95436e-09
80 4.95436e-09
81 4.95436e-09
82 4.95436e-09
83 4.95436e-09
84 4.95436e-09
85 4.95436e-09
86 4.95436e-09
87 4.95436e-09
88 4.95436e-09
89 4.95436e-09
90 4.95436e-09
91 4.95436e-09
92 4.95436e-09
93 4.95436e-09
94 4.95436e-09
95 4.95436e-09
96 4.95436e-09
97 4.95436e-09
98 4.95436e-09
99 4.95436e-09
100 1.02152e-08
101 3.76198e-08
102 1.02152e-08
103 4.95436e-09
104 1.02152e-08
105 5.06388e-08
106 4.15141e-08
107 1.5838e-07
108 2.32162e-07
109 2.54719e-07
110 2.2419e-07
111 1.45361e-07
112 2.32342e-08
113 1.02152e-08
114 3.76198e-08
115 1.02152e-08
116 4.95436e-09
117 4.95436e-09
118 4.95436e-09
119 4.95436e-09
120 4.95436e-09
121 4.95436e-09
122 4.95436e-09
123 4.95436e-09
124 4.95436e-09
125 4.95436e-09
126 4.95436e-09
127 4.95436e-09
128 4.95436e-09
129 4.95436e-09
130 4.95436e-09
131 4.95436e-09
132 4.95436e-09
133 4.95436e-09
134 4.95436e-09
135 4.95436e-09
136 4.95436e-09
137 4.95436e-09
138 4.95436e-09
139 4.95436e-09
140 4.95436e-09
141 4.95436e-09
142 4.95436e-09
143 4.95436e-09
144 4.95436e-09
145 4.95436e-09
146 4.95436e-09
147 4.95436e-09
148 4.95436e-09
149 4.95436e-09
150 4.95436e-09
151 4.95436e-09
152 4.95436e-09
153 4.95436e-09
154 4.95436e-09
155 4.95436e-09
156 4.95436e-09
157 4.95436e-09
158 4.95436e-09
159 4.95436e-09
160 4.95436e-09
161 4.95436e-09
162 4.95436e-09
163 4.95436e-09
164 4.95436e-09
165 4.95436e-09
166 4.95436e-09
167 4.95436e-09
168 4.95436e-09
169 4.95436e-09
170 4.95436e-09
171 4.95436e-09
172 4.95436e-09
173 4.95436e-09
174 4.95436e-09
175 4.95436e-09
176 4.95436e-09
177 4.95436e-09
178 4.95436e-09
179 4.95436e-09
180 4.95436e-09
181 4.95436e-09
182 4.95436e-09
183 4.95436e-09
184 4.95436e-09
185 4.95436e-09
186 4.95436e-09
187 4.95436e-09
188 4.95436e-09
189 4.95436e-09
190 4.95436e-09
191 4.95436e-09
192 4.95436e-09
193 4.95436e-09
194 4.95436e-09
195 4.95436e-09
196 4.95436e-09
197 4.95436e-09
198 4.95436e-09
199 4.95436e-09
200 4.95436e-09
201 4.95436e-09
202 4.95436e-09
203 4.95436e-09
204 4.95436e-09
205 4.95436e-09
206 4.95436e-09
207 4.95436e-09
208 4.95436e-09
209 4.95436e-09
210 4.95436e-09
211 4.95436e-09
212 4.95436e-09
213 4.95436e-09
214 4.95436e-09
