1 4.19665e-06
2 4.19665e-06
3 4.19665e-06
4 4.19665e-06
5 4.19665e-06
6 4.19665e-06
7 4.19665e-06
8 4.19665e-06
9 4.19665e-06
10 4.19665e-06
11 4.19665e-06
12 4.19665e-06
13 4.19665e-06
14 4.19665e-06
15 4.19665e-06
16 4.19665e-06
17 4.19665e-06
18 4.19665e-06
19 4.19665e-06
20 4.19665e-06
21 4.19665e-06
22 4.19665e-06
23 4.19665e-06
24 4.19665e-06
25 4.19665e-06
26 4.19665e-06
27 4.19665e-06
28 4.19665e-06
29 4.19665e-06
30 4.19665e-06
31 4.19665e-06
32 4.19665e-06
33 4.19665e-06
34 4.19665e-06
35 4.19665e-06
36 4.19665e-06
37 4.19665e-06
38 4.19665e-06
39 4.19665e-06
40 4.19665e-06
41 4.19665e-06
42 4.19665e-06
43 4.19665e-06
44 4.19665e-06
45 4.19665e-06
46 4.19665e-06
47 4.19665e-06
48 4.19665e-06
49 4.19665e-06
50 4.19665e-06
51 4.19665e-06
52 4.19665e-06
53 4.19665e-06
54 4.19665e-06
55 4.19665e-06
56 4.19665e-06
57 4.19665e-06
58 4.19665e-06
59 4.19665e-06
60 4.19665e-06
61 4.19665e-06
62 4.19665e-06
63 4.19665e-06
64 4.19665e-06
65 4.19665e-06
66 4.19665e-06
67 4.19665e-06
68 4.19665e-06
69 4.19665e-06
70 4.19665e-06
71 4.19665e-06
72 4.19665e-06
73 4.19665e-06
74 4.19665e-06
75 4.19693e-06
76 4.1979e-06
77 4.2011e-06
78 4.21133e-06
79 4.24051e-06
80 4.324e-06
81 4.5686e-06
82 5.30599e-06
83 7.56651e-06
84 1.44614e-05
85 3.49345e-05
86 9.31434e-05
87 0.000249897
88 0.000647073
89 0.00159031
90 0.00368572
91 0.00803702
92 0.0164854
93 0.0318343
94 0.0579509
95 0.0995932
96 0.161809
97 0.248868
98 0.362944
99 0.503133
100 0.665412
101 0.843802
102 0.878239
103 0.913618
104 0.949398
105 0.985315
106 0.991881
107 0.998449
108 0.999611
109 0.999611
110 0.998449
111 0.99189
112 0.95611
113 0.920729
114 0.886285
115 0.707749
116 0.545038
117 0.40381
118 0.287673
119 0.1972
120 0.130177
121 0.0827202
122 0.0504869
123 0.0294843
124 0.0164013
125 0.00865284
126 0.00431468
127 0.00202926
128 0.000899823
129 0.000377022
130 0.000150388
131 5.82887e-05
132 2.3134e-05
133 1.04926e-05
134 6.19334e-06
135 4.80369e-06
136 4.37433e-06
137 4.24673e-06
138 4.21005e-06
139 4.19978e-06
140 4.19704e-06
141 4.19665e-06
142 4.19665e-06
143 4.19665e-06
144 4.19665e-06
145 4.19665e-06
146 4.19665e-06
147 4.19665e-06
148 4.19665e-06
149 4.19665e-06
150 4.19665e-06
151 4.19665e-06
152 4.19665e-06
153 4.19665e-06
154 4.19665e-06
155 4.19665e-06
156 4.19665e-06
157 4.19665e-06
158 4.19665e-06
159 4.19665e-06
160 4.19665e-06
161 4.19665e-06
162 4.19665e-06
163 4.19665e-06
164 4.19665e-06
165 4.19665e-06
166 4.19665e-06
167 4.19665e-06
168 4.19665e-06
169 4.19665e-06
170 4.19665e-06
171 4.19665e-06
172 4.19665e-06
173 4.19665e-06
174 4.19665e-06
175 4.19665e-06
176 4.19665e-06
177 4.19665e-06
178 4.19665e-06
179 4.19665e-06
180 4.19665e-06
181 4.19665e-06
182 4.19665e-06
183 4.19665e-06
184 4.19665e-06
185 4.19665e-06
186 4.19665e-06
187 4.19665e-06
188 4.19665e-06
189 4.19665e-06
190 4.19665e-06
191 4.19665e-06
192 4.19665e-06
193 4.19665e-06
194 4.19665e-06
195 4.19665e-06
196 4.19665e-06
197 4.19665e-06
198 4.19665e-06
199 4.19665e-06
200 4.19665e-06
201 4.19665e-06
202 4.19665e-06
203 4.19665e-06
204 4.19665e-06
205 4.19665e-06
206 4.19665e-06
207 4.19665e-06
208 4.19665e-06
209 4.19665e-06
210 4.19665e-06
211 4.19665e-06
212 4.19665e-06
213 4.19665e-06
214 4.19665e-06
