1 3.4225e-06
2 3.4225e-06
3 3.4225e-06
4 3.4225e-06
5 3.4225e-06
6 3.4225e-06
7 3.4225e-06
8 3.4225e-06
9 3.4225e-06
10 3.4225e-06
11 3.4225e-06
12 3.4225e-06
13 3.4225e-06
14 3.4225e-06
15 3.4225e-06
16 3.4225e-06
17 3.4225e-06
18 3.4225e-06
19 3.4225e-06
20 3.4225e-06
21 3.4225e-06
22 3.4225e-06
23 3.4225e-06
24 3.4225e-06
25 3.4225e-06
26 3.4225e-06
27 3.4225e-06
28 3.4225e-06
29 3.4225e-06
30 3.4225e-06
31 3.4225e-06
32 3.4225e-06
33 3.4225e-06
34 3.4225e-06
35 3.4225e-06
36 3.4225e-06
37 3.4225e-06
38 3.4225e-06
39 3.4225e-06
40 3.4225e-06
41 3.4225e-06
42 3.4225e-06
43 3.4225e-06
44 3.4225e-06
45 3.4225e-06
46 3.4225e-06
47 3.4225e-06
48 3.4225e-06
49 3.4225e-06
50 3.4225e-06
51 3.4225e-06
52 3.4225e-06
53 3.4225e-06
54 3.4225e-06
55 3.4225e-06
56 3.4225e-06
57 3.4225e-06
58 3.4225e-06
59 3.4225e-06
60 3.4225e-06
61 3.4225e-06
62 3.4225e-06
63 3.4225e-06
64 3.4225e-06
65 3.4225e-06
66 3.4225e-06
67 3.4225e-06
68 3.4225e-06
69 3.4225e-06
70 3.4225e-06
71 3.4225e-06
72 3.42262e-06
73 3.42307e-06
74 3.42431e-06
75 3.42852e-06
76 3.44073e-06
77 3.47593e-06
78 3.57866e-06
79 3.88577e-06
80 4.81927e-06
81 7.65342e-06
82 1.60779e-05
83 4.0194e-05
84 0.000105916
85 0.000275176
86 0.0006853
87 0.00161789
88 0.00360565
89 0.00757583
90 0.0150093
91 0.028065
92 0.0495865
93 0.0828908
94 0.131261
95 0.197174
96 0.281487
97 0.382968
98 0.498507
99 0.62401
100 0.75554
101 0.890139
102 0.914983
103 0.939908
104 0.964856
105 0.98981
106 0.994367
107 0.998924
108 0.99973
109 0.99973
110 0.998924
111 0.994367
112 0.969419
113 0.944493
114 0.919649
115 0.785046
116 0.653491
117 0.527902
118 0.412107
119 0.310008
120 0.224453
121 0.156435
122 0.105022
123 0.0679163
124 0.0422508
125 0.0252129
126 0.0143772
127 0.00780255
128 0.00401595
129 0.0019555
130 0.000899892
131 0.000391769
132 0.000162146
133 6.46957e-05
134 2.58065e-05
135 1.1182e-05
136 5.984e-06
137 4.23108e-06
138 3.66762e-06
139 3.49406e-06
140 3.4426e-06
141 3.42779e-06
142 3.42364e-06
143 3.42262e-06
144 3.4225e-06
145 3.4225e-06
146 3.4225e-06
147 3.4225e-06
148 3.4225e-06
149 3.4225e-06
150 3.4225e-06
151 3.4225e-06
152 3.4225e-06
153 3.4225e-06
154 3.4225e-06
155 3.4225e-06
156 3.4225e-06
157 3.4225e-06
158 3.4225e-06
159 3.4225e-06
160 3.4225e-06
161 3.4225e-06
162 3.4225e-06
163 3.4225e-06
164 3.4225e-06
165 3.4225e-06
166 3.4225e-06
167 3.4225e-06
168 3.4225e-06
169 3.4225e-06
170 3.4225e-06
171 3.4225e-06
172 3.4225e-06
173 3.4225e-06
174 3.4225e-06
175 3.4225e-06
176 3.4225e-06
177 3.4225e-06
178 3.4225e-06
179 3.4225e-06
180 3.4225e-06
181 3.4225e-06
182 3.4225e-06
183 3.4225e-06
184 3.4225e-06
185 3.4225e-06
186 3.4225e-06
187 3.4225e-06
188 3.4225e-06
189 3.4225e-06
190 3.4225e-06
191 3.4225e-06
192 3.4225e-06
193 3.4225e-06
194 3.4225e-06
195 3.4225e-06
196 3.4225e-06
197 3.4225e-06
198 3.4225e-06
199 3.4225e-06
200 3.4225e-06
201 3.4225e-06
202 3.4225e-06
203 3.4225e-06
204 3.4225e-06
205 3.4225e-06
206 3.4225e-06
207 3.4225e-06
208 3.4225e-06
209 3.4225e-06
210 3.4225e-06
211 3.4225e-06
212 3.4225e-06
213 3.4225e-06
214 3.4225e-06
