1 4.43176e-06
2 4.43176e-06
3 4.43176e-06
4 4.43176e-06
5 4.43176e-06
6 4.43176e-06
7 4.43176e-06
8 4.43176e-06
9 4.43176e-06
10 4.43176e-06
11 4.43176e-06
12 4.43176e-06
13 4.43176e-06
14 4.43176e-06
15 4.43176e-06
16 4.43176e-06
17 4.43176e-06
18 4.43176e-06
19 4.43176e-06
20 4.43176e-06
21 4.43176e-06
22 4.43176e-06
23 4.43176e-06
24 4.43176e-06
25 4.43176e-06
26 4.43176e-06
27 4.43176e-06
28 4.43176e-06
29 4.43176e-06
30 4.43176e-06
31 4.43176e-06
32 4.43176e-06
33 4.43176e-06
34 4.43176e-06
35 4.43176e-06
36 4.43176e-06
37 4.43176e-06
38 4.43176e-06
39 4.43176e-06
40 4.43176e-06
41 4.43176e-06
42 4.43176e-06
43 4.43176e-06
44 4.43176e-06
45 4.43176e-06
46 4.43176e-06
47 4.43176e-06
48 4.43176e-06
49 4.43176e-06
50 4.43176e-06
51 4.43176e-06
52 4.43176e-06
53 4.43176e-06
54 4.43176e-06
55 4.43176e-06
56 4.43176e-06
57 4.43176e-06
58 4.43176e-06
59 4.43176e-06
60 4.43176e-06
61 4.43176e-06
62 4.43176e-06
63 4.43176e-06
64 4.43176e-06
65 4.43176e-06
66 4.43176e-06
67 4.43176e-06
68 4.43176e-06
69 4.43176e-06
70 4.43176e-06
71 4.43176e-06
72 4.43176e-06
73 4.43176e-06
74 4.43176e-06
75 4.43193e-06
76 4.43265e-06
77 4.43461e-06
78 4.44114e-06
79 4.45995e-06
80 4.51351e-06
81 4.66795e-06
82 5.12638e-06
83 6.52354e-06
84 1.08164e-05
85 2.3806e-05
86 6.17418e-05
87 0.000167181
88 0.000443628
89 0.0011238
90 0.00268966
91 0.00605831
92 0.0128292
93 0.0255523
94 0.0479242
95 0.0847661
96 0.141602
97 0.223712
98 0.334744
99 0.475347
100 0.642572
101 0.830572
102 0.867471
103 0.905782
104 0.944746
105 0.983954
106 0.991128
107 0.998305
108 0.999575
109 0.999575
110 0.998306
111 0.991145
112 0.952181
113 0.913866
114 0.876953
115 0.688693
116 0.520758
117 0.378581
118 0.264662
119 0.178097
120 0.115405
121 0.0719193
122 0.04297
123 0.0245064
124 0.0132791
125 0.00680892
126 0.0032943
127 0.00150188
128 0.000645641
129 0.000262815
130 0.000102543
131 3.96176e-05
132 1.63891e-05
133 8.2987e-06
134 5.62782e-06
135 4.78746e-06
136 4.53388e-06
137 4.46006e-06
138 4.43916e-06
139 4.43336e-06
140 4.43193e-06
141 4.43176e-06
142 4.43176e-06
143 4.43176e-06
144 4.43176e-06
145 4.43176e-06
146 4.43176e-06
147 4.43176e-06
148 4.43176e-06
149 4.43176e-06
150 4.43176e-06
151 4.43176e-06
152 4.43176e-06
153 4.43176e-06
154 4.43176e-06
155 4.43176e-06
156 4.43176e-06
157 4.43176e-06
158 4.43176e-06
159 4.43176e-06
160 4.43176e-06
161 4.43176e-06
162 4.43176e-06
163 4.43176e-06
164 4.43176e-06
165 4.43176e-06
166 4.43176e-06
167 4.43176e-06
168 4.43176e-06
169 4.43176e-06
170 4.43176e-06
171 4.43176e-06
172 4.43176e-06
173 4.43176e-06
174 4.43176e-06
175 4.43176e-06
176 4.43176e-06
177 4.43176e-06
178 4.43176e-06
179 4.43176e-06
180 4.43176e-06
181 4.43176e-06
182 4.43176e-06
183 4.43176e-06
184 4.43176e-06
185 4.43176e-06
186 4.43176e-06
187 4.43176e-06
188 4.43176e-06
189 4.43176e-06
190 4.43176e-06
191 4.43176e-06
192 4.43176e-06
193 4.43176e-06
194 4.43176e-06
195 4.43176e-06
196 4.43176e-06
197 4.43176e-06
198 4.43176e-06
199 4.43176e-06
200 4.43176e-06
201 4.43176e-06
202 4.43176e-06
203 4.43176e-06
204 4.43176e-06
205 4.43176e-06
206 4.43176e-06
207 4.43176e-06
208 4.43176e-06
209 4.43176e-06
210 4.43176e-06
211 4.43176e-06
212 4.43176e-06
213 4.43176e-06
214 4.43176e-06
