1 4.62358e-06
2 4.62358e-06
3 4.62358e-06
4 4.62358e-06
5 4.62358e-06
6 4.62358e-06
7 4.62358e-06
8 4.62358e-06
9 4.62358e-06
10 4.62358e-06
11 4.62358e-06
12 4.62358e-06
13 4.62358e-06
14 4.62358e-06
15 4.62358e-06
16 4.62358e-06
17 4.62358e-06
18 4.62358e-06
19 4.62358e-06
20 4.62358e-06
21 4.62358e-06
22 4.62358e-06
23 4.62358e-06
24 4.62358e-06
25 4.62358e-06
26 4.62358e-06
27 4.62358e-06
28 4.62358e-06
29 4.62358e-06
30 4.62358e-06
31 4.62358e-06
32 4.62358e-06
33 4.62358e-06
34 4.62358e-06
35 4.62358e-06
36 4.62358e-06
37 4.62358e-06
38 4.62358e-06
39 4.62358e-06
40 4.62358e-06
41 4.62358e-06
42 4.62358e-06
43 4.62358e-06
44 4.62358e-06
45 4.62358e-06
46 4.62358e-06
47 4.62358e-06
48 4.62358e-06
49 4.62358e-06
50 4.62358e-06
51 4.62358e-06
52 4.62358e-06
53 4.62358e-06
54 4.62358e-06
55 4.62358e-06
56 4.62358e-06
57 4.62358e-06
58 4.62358e-06
59 4.62358e-06
60 4.62358e-06
61 4.62358e-06
62 4.62358e-06
63 4.62358e-06
64 4.62358e-06
65 4.62358e-06
66 4.62358e-06
67 4.62358e-06
68 4.62358e-06
69 4.62358e-06
70 4.62358e-06
71 4.62358e-06
72 4.62358e-06
73 4.62358e-06
74 4.62358e-06
75 4.62371e-06
76 4.62423e-06
77 4.6257e-06
78 4.63038e-06
79 4.64448e-06
80 4.68458e-06
81 4.79923e-06
82 5.13565e-06
83 6.15311e-06
84 9.28164e-06
85 1.88377e-05
86 4.71942e-05
87 0.000127603
88 0.00034319
89 0.000886231
90 0.00216668
91 0.00498783
92 0.0107929
93 0.0219532
94 0.0420185
95 0.0757887
96 0.129019
97 0.207584
98 0.316106
99 0.456394
100 0.626456
101 0.8208
102 0.85943
103 0.899883
104 0.941225
105 0.98292
106 0.990555
107 0.998195
108 0.999547
109 0.999547
110 0.998196
111 0.990582
112 0.949239
113 0.90878
114 0.870128
115 0.675407
116 0.504372
117 0.362039
118 0.24995
119 0.166138
120 0.106312
121 0.0653691
122 0.0384799
123 0.0215846
124 0.0114843
125 0.00577412
126 0.0027367
127 0.00122177
128 0.000514571
129 0.000205692
130 7.93592e-05
131 3.08805e-05
132 1.33753e-05
133 7.40389e-06
134 5.46994e-06
135 4.87175e-06
136 4.6939e-06
137 4.64277e-06
138 4.62845e-06
139 4.6245e-06
140 4.62371e-06
141 4.62358e-06
142 4.62358e-06
143 4.62358e-06
144 4.62358e-06
145 4.62358e-06
146 4.62358e-06
147 4.62358e-06
148 4.62358e-06
149 4.62358e-06
150 4.62358e-06
151 4.62358e-06
152 4.62358e-06
153 4.62358e-06
154 4.62358e-06
155 4.62358e-06
156 4.62358e-06
157 4.62358e-06
158 4.62358e-06
159 4.62358e-06
160 4.62358e-06
161 4.62358e-06
162 4.62358e-06
163 4.62358e-06
164 4.62358e-06
165 4.62358e-06
166 4.62358e-06
167 4.62358e-06
168 4.62358e-06
169 4.62358e-06
170 4.62358e-06
171 4.62358e-06
172 4.62358e-06
173 4.62358e-06
174 4.62358e-06
175 4.62358e-06
176 4.62358e-06
177 4.62358e-06
178 4.62358e-06
179 4.62358e-06
180 4.62358e-06
181 4.62358e-06
182 4.62358e-06
183 4.62358e-06
184 4.62358e-06
185 4.62358e-06
186 4.62358e-06
187 4.62358e-06
188 4.62358e-06
189 4.62358e-06
190 4.62358e-06
191 4.62358e-06
192 4.62358e-06
193 4.62358e-06
194 4.62358e-06
195 4.62358e-06
196 4.62358e-06
197 4.62358e-06
198 4.62358e-06
199 4.62358e-06
200 4.62358e-06
201 4.62358e-06
202 4.62358e-06
203 4.62358e-06
204 4.62358e-06
205 4.62358e-06
206 4.62358e-06
207 4.62358e-06
208 4.62358e-06
209 4.62358e-06
210 4.62358e-06
211 4.62358e-06
212 4.62358e-06
213 4.62358e-06
214 4.62358e-06
