1 4.93028e-06
2 4.93028e-06
3 4.93028e-06
4 4.93028e-06
5 4.93028e-06
6 4.93028e-06
7 4.93028e-06
8 4.93028e-06
9 4.93028e-06
10 4.93028e-06
11 4.93028e-06
12 4.93028e-06
13 4.93028e-06
14 4.93028e-06
15 4.93028e-06
16 4.93028e-06
17 4.93028e-06
18 4.93028e-06
19 4.93028e-06
20 4.93028e-06
21 4.93028e-06
22 4.93028e-06
23 4.93028e-06
24 4.93028e-06
25 4.93028e-06
26 4.93028e-06
27 4.93028e-06
28 4.93028e-06
29 4.93028e-06
30 4.93028e-06
31 4.93028e-06
32 4.93028e-06
33 4.93028e-06
34 4.93028e-06
35 4.93028e-06
36 4.93028e-06
37 4.93028e-06
38 4.93028e-06
39 4.93028e-06
40 4.93028e-06
41 4.93028e-06
42 4.93028e-06
43 4.93028e-06
44 4.93028e-06
45 4.93028e-06
46 4.93028e-06
47 4.93028e-06
48 4.93028e-06
49 4.93028e-06
50 4.93028e-06
51 4.93028e-06
52 4.93028e-06
53 4.93028e-06
54 4.93028e-06
55 4.93028e-06
56 4.93028e-06
57 4.93028e-06
58 4.93028e-06
59 4.93028e-06
60 4.93028e-06
61 4.93028e-06
62 4.93028e-06
63 4.93028e-06
64 4.93028e-06
65 4.93028e-06
66 4.93028e-06
67 4.93028e-06
68 4.93028e-06
69 4.93028e-06
70 4.93028e-06
71 4.93028e-06
72 4.93028e-06
73 4.93028e-06
74 4.93028e-06
75 4.93028e-06
76 4.93053e-06
77 4.93139e-06
78 4.93401e-06
79 4.94298e-06
80 4.96901e-06
81 5.04321e-06
82 5.25745e-06
83 5.89538e-06
84 7.8466e-06
85 1.38571e-05
86 3.20544e-05
87 8.51148e-05
88 0.000232073
89 0.000615399
90 0.00155236
91 0.00369272
92 0.00825706
93 0.0173437
94 0.0342444
95 0.0636443
96 0.111517
97 0.184497
98 0.288604
99 0.427508
100 0.601
101 0.80458
102 0.84592
103 0.889874
104 0.93521
105 0.981143
106 0.989569
107 0.998007
108 0.9995
109 0.9995
110 0.998009
111 0.98962
112 0.944282
113 0.900317
114 0.858937
115 0.654711
116 0.479693
117 0.337826
118 0.228922
119 0.149365
120 0.0937546
121 0.0564497
122 0.0324597
123 0.017739
124 0.00917316
125 0.00447426
126 0.0020549
127 0.000888818
128 0.000363254
129 0.000141677
130 5.41675e-05
131 2.17117e-05
132 1.03675e-05
133 6.61343e-06
134 5.43065e-06
135 5.0736e-06
136 4.96975e-06
137 4.94044e-06
138 4.9324e-06
139 4.93053e-06
140 4.93028e-06
141 4.93028e-06
142 4.93028e-06
143 4.93028e-06
144 4.93028e-06
145 4.93028e-06
146 4.93028e-06
147 4.93028e-06
148 4.93028e-06
149 4.93028e-06
150 4.93028e-06
151 4.93028e-06
152 4.93028e-06
153 4.93028e-06
154 4.93028e-06
155 4.93028e-06
156 4.93028e-06
157 4.93028e-06
158 4.93028e-06
159 4.93028e-06
160 4.93028e-06
161 4.93028e-06
162 4.93028e-06
163 4.93028e-06
164 4.93028e-06
165 4.93028e-06
166 4.93028e-06
167 4.93028e-06
168 4.93028e-06
169 4.93028e-06
170 4.93028e-06
171 4.93028e-06
172 4.93028e-06
173 4.93028e-06
174 4.93028e-06
175 4.93028e-06
176 4.93028e-06
177 4.93028e-06
178 4.93028e-06
179 4.93028e-06
180 4.93028e-06
181 4.93028e-06
182 4.93028e-06
183 4.93028e-06
184 4.93028e-06
185 4.93028e-06
186 4.93028e-06
187 4.93028e-06
188 4.93028e-06
189 4.93028e-06
190 4.93028e-06
191 4.93028e-06
192 4.93028e-06
193 4.93028e-06
194 4.93028e-06
195 4.93028e-06
196 4.93028e-06
197 4.93028e-06
198 4.93028e-06
199 4.93028e-06
200 4.93028e-06
201 4.93028e-06
202 4.93028e-06
203 4.93028e-06
204 4.93028e-06
205 4.93028e-06
206 4.93028e-06
207 4.93028e-06
208 4.93028e-06
209 4.93028e-06
210 4.93028e-06
211 4.93028e-06
212 4.93028e-06
213 4.93028e-06
214 4.93028e-06
