1 5.04827e-06
2 5.04827e-06
3 5.04827e-06
4 5.04827e-06
5 5.04827e-06
6 5.04827e-06
7 5.04827e-06
8 5.04827e-06
9 5.04827e-06
10 5.04827e-06
11 5.04827e-06
12 5.04827e-06
13 5.04827e-06
14 5.04827e-06
15 5.04827e-06
16 5.04827e-06
17 5.04827e-06
18 5.04827e-06
19 5.04827e-06
20 5.04827e-06
21 5.04827e-06
22 5.04827e-06
23 5.04827e-06
24 5.04827e-06
25 5.04827e-06
26 5.04827e-06
27 5.04827e-06
28 5.04827e-06
29 5.04827e-06
30 5.04827e-06
31 5.04827e-06
32 5.04827e-06
33 5.04827e-06
34 5.04827e-06
35 5.04827e-06
36 5.04827e-06
37 5.04827e-06
38 5.04827e-06
39 5.04827e-06
40 5.04827e-06
41 5.04827e-06
42 5.04827e-06
43 5.04827e-06
44 5.04827e-06
45 5.04827e-06
46 5.04827e-06
47 5.04827e-06
48 5.04827e-06
49 5.04827e-06
50 5.04827e-06
51 5.04827e-06
52 5.04827e-06
53 5.04827e-06
54 5.04827e-06
55 5.04827e-06
56 5.04827e-06
57 5.04827e-06
58 5.04827e-06
59 5.04827e-06
60 5.04827e-06
61 5.04827e-06
62 5.04827e-06
63 5.04827e-06
64 5.04827e-06
65 5.04827e-06
66 5.04827e-06
67 5.04827e-06
68 5.04827e-06
69 5.04827e-06
70 5.04827e-06
71 5.04827e-06
72 5.04827e-06
73 5.04827e-06
74 5.04827e-06
75 5.04827e-06
76 5.04848e-06
77 5.04935e-06
78 5.05175e-06
79 5.05951e-06
80 5.08226e-06
81 5.14679e-06
82 5.33196e-06
83 5.87977e-06
84 7.54933e-06
85 1.26977e-05
86 2.83698e-05
87 7.44605e-05
88 0.000203457
89 0.000543819
90 0.00138579
91 0.00333264
92 0.0075346
93 0.0159991
94 0.0319241
95 0.0599371
96 0.106053
97 0.177119
98 0.279597
99 0.417797
100 0.592186
101 0.798731
102 0.840998
103 0.886196
104 0.932985
105 0.980482
106 0.989203
107 0.997936
108 0.999482
109 0.999482
110 0.997939
111 0.989265
112 0.942473
113 0.897261
114 0.854945
115 0.647633
116 0.47148
117 0.329946
118 0.222201
119 0.14408
120 0.0898441
121 0.0537038
122 0.0306307
123 0.0165892
124 0.00849517
125 0.00410098
126 0.00186357
127 0.000797618
128 0.000322829
129 0.000125013
130 4.77928e-05
131 1.94735e-05
132 9.68007e-06
133 6.47085e-06
134 5.46851e-06
135 5.16815e-06
136 5.08126e-06
137 5.05678e-06
138 5.05001e-06
139 5.04848e-06
140 5.04827e-06
141 5.04827e-06
142 5.04827e-06
143 5.04827e-06
144 5.04827e-06
145 5.04827e-06
146 5.04827e-06
147 5.04827e-06
148 5.04827e-06
149 5.04827e-06
150 5.04827e-06
151 5.04827e-06
152 5.04827e-06
153 5.04827e-06
154 5.04827e-06
155 5.04827e-06
156 5.04827e-06
157 5.04827e-06
158 5.04827e-06
159 5.04827e-06
160 5.04827e-06
161 5.04827e-06
162 5.04827e-06
163 5.04827e-06
164 5.04827e-06
165 5.04827e-06
166 5.04827e-06
167 5.04827e-06
168 5.04827e-06
169 5.04827e-06
170 5.04827e-06
171 5.04827e-06
172 5.04827e-06
173 5.04827e-06
174 5.04827e-06
175 5.04827e-06
176 5.04827e-06
177 5.04827e-06
178 5.04827e-06
179 5.04827e-06
180 5.04827e-06
181 5.04827e-06
182 5.04827e-06
183 5.04827e-06
184 5.04827e-06
185 5.04827e-06
186 5.04827e-06
187 5.04827e-06
188 5.04827e-06
189 5.04827e-06
190 5.04827e-06
191 5.04827e-06
192 5.04827e-06
193 5.04827e-06
194 5.04827e-06
195 5.04827e-06
196 5.04827e-06
197 5.04827e-06
198 5.04827e-06
199 5.04827e-06
200 5.04827e-06
201 5.04827e-06
202 5.04827e-06
203 5.04827e-06
204 5.04827e-06
205 5.04827e-06
206 5.04827e-06
207 5.04827e-06
208 5.04827e-06
209 5.04827e-06
210 5.04827e-06
211 5.04827e-06
212 5.04827e-06
213 5.04827e-06
214 5.04827e-06
