1 5.17717e-06
2 5.17717e-06
3 5.17717e-06
4 5.17717e-06
5 5.17717e-06
6 5.17717e-06
7 5.17717e-06
8 5.17717e-06
9 5.17717e-06
10 5.17717e-06
11 5.17717e-06
12 5.17717e-06
13 5.17717e-06
14 5.17717e-06
15 5.17717e-06
16 5.17717e-06
17 5.17717e-06
18 5.17717e-06
19 5.17717e-06
20 5.17717e-06
21 5.17717e-06
22 5.17717e-06
23 5.17717e-06
24 5.17717e-06
25 5.17717e-06
26 5.17717e-06
27 5.17717e-06
28 5.17717e-06
29 5.17717e-06
30 5.17717e-06
31 5.17717e-06
32 5.17717e-06
33 5.17717e-06
34 5.17717e-06
35 5.17717e-06
36 5.17717e-06
37 5.17717e-06
38 5.17717e-06
39 5.17717e-06
40 5.17717e-06
41 5.17717e-06
42 5.17717e-06
43 5.17717e-06
44 5.17717e-06
45 5.17717e-06
46 5.17717e-06
47 5.17717e-06
48 5.17717e-06
49 5.17717e-06
50 5.17717e-06
51 5.17717e-06
52 5.17717e-06
53 5.17717e-06
54 5.17717e-06
55 5.17717e-06
56 5.17717e-06
57 5.17717e-06
58 5.17717e-06
59 5.17717e-06
60 5.17717e-06
61 5.17717e-06
62 5.17717e-06
63 5.17717e-06
64 5.17717e-06
65 5.17717e-06
66 5.17717e-06
67 5.17717e-06
68 5.17717e-06
69 5.17717e-06
70 5.17717e-06
71 5.17717e-06
72 5.17717e-06
73 5.17717e-06
74 5.17717e-06
75 5.17717e-06
76 5.17735e-06
77 5.17809e-06
78 5.18018e-06
79 5.18677e-06
80 5.20656e-06
81 5.26266e-06
82 5.4229e-06
83 5.89405e-06
84 7.32392e-06
85 1.17342e-05
86 2.52234e-05
87 6.52184e-05
88 0.000178306
89 0.000480108
90 0.00123568
91 0.0030041
92 0.00686745
93 0.0147428
94 0.0297314
95 0.0563947
96 0.100772
97 0.169907
98 0.270685
99 0.40806
100 0.583217
101 0.792651
102 0.835854
103 0.882335
104 0.930641
105 0.979783
106 0.988814
107 0.997862
108 0.999463
109 0.999463
110 0.997866
111 0.988891
112 0.940581
113 0.894083
114 0.850819
115 0.640477
116 0.463289
117 0.322173
118 0.215628
119 0.138945
120 0.0860655
121 0.0510656
122 0.0288854
123 0.0155012
124 0.00785972
125 0.00375487
126 0.00168818
127 0.000715009
128 0.00028666
129 0.000110293
130 4.22421e-05
131 1.75634e-05
132 9.11864e-06
133 6.37805e-06
134 5.52942e-06
135 5.277e-06
136 5.20442e-06
137 5.18408e-06
138 5.17848e-06
139 5.17735e-06
140 5.17717e-06
141 5.17717e-06
142 5.17717e-06
143 5.17717e-06
144 5.17717e-06
145 5.17717e-06
146 5.17717e-06
147 5.17717e-06
148 5.17717e-06
149 5.17717e-06
150 5.17717e-06
151 5.17717e-06
152 5.17717e-06
153 5.17717e-06
154 5.17717e-06
155 5.17717e-06
156 5.17717e-06
157 5.17717e-06
158 5.17717e-06
159 5.17717e-06
160 5.17717e-06
161 5.17717e-06
162 5.17717e-06
163 5.17717e-06
164 5.17717e-06
165 5.17717e-06
166 5.17717e-06
167 5.17717e-06
168 5.17717e-06
169 5.17717e-06
170 5.17717e-06
171 5.17717e-06
172 5.17717e-06
173 5.17717e-06
174 5.17717e-06
175 5.17717e-06
176 5.17717e-06
177 5.17717e-06
178 5.17717e-06
179 5.17717e-06
180 5.17717e-06
181 5.17717e-06
182 5.17717e-06
183 5.17717e-06
184 5.17717e-06
185 5.17717e-06
186 5.17717e-06
187 5.17717e-06
188 5.17717e-06
189 5.17717e-06
190 5.17717e-06
191 5.17717e-06
192 5.17717e-06
193 5.17717e-06
194 5.17717e-06
195 5.17717e-06
196 5.17717e-06
197 5.17717e-06
198 5.17717e-06
199 5.17717e-06
200 5.17717e-06
201 5.17717e-06
202 5.17717e-06
203 5.17717e-06
204 5.17717e-06
205 5.17717e-06
206 5.17717e-06
207 5.17717e-06
208 5.17717e-06
209 5.17717e-06
210 5.17717e-06
211 5.17717e-06
212 5.17717e-06
213 5.17717e-06
214 5.17717e-06
