1 5.31188e-06
2 5.31188e-06
3 5.31188e-06
4 5.31188e-06
5 5.31188e-06
6 5.31188e-06
7 5.31188e-06
8 5.31188e-06
9 5.31188e-06
10 5.31188e-06
11 5.31188e-06
12 5.31188e-06
13 5.31188e-06
14 5.31188e-06
15 5.31188e-06
16 5.31188e-06
17 5.31188e-06
18 5.31188e-06
19 5.31188e-06
20 5.31188e-06
21 5.31188e-06
22 5.31188e-06
23 5.31188e-06
24 5.31188e-06
25 5.31188e-06
26 5.31188e-06
27 5.31188e-06
28 5.31188e-06
29 5.31188e-06
30 5.31188e-06
31 5.31188e-06
32 5.31188e-06
33 5.31188e-06
34 5.31188e-06
35 5.31188e-06
36 5.31188e-06
37 5.31188e-06
38 5.31188e-06
39 5.31188e-06
40 5.31188e-06
41 5.31188e-06
42 5.31188e-06
43 5.31188e-06
44 5.31188e-06
45 5.31188e-06
46 5.31188e-06
47 5.31188e-06
48 5.31188e-06
49 5.31188e-06
50 5.31188e-06
51 5.31188e-06
52 5.31188e-06
53 5.31188e-06
54 5.31188e-06
55 5.31188e-06
56 5.31188e-06
57 5.31188e-06
58 5.31188e-06
59 5.31188e-06
60 5.31188e-06
61 5.31188e-06
62 5.31188e-06
63 5.31188e-06
64 5.31188e-06
65 5.31188e-06
66 5.31188e-06
67 5.31188e-06
68 5.31188e-06
69 5.31188e-06
70 5.31188e-06
71 5.31188e-06
72 5.31188e-06
73 5.31188e-06
74 5.31188e-06
75 5.31188e-06
76 5.31203e-06
77 5.31267e-06
78 5.31447e-06
79 5.32006e-06
80 5.33728e-06
81 5.3861e-06
82 5.52504e-06
83 5.93101e-06
84 7.15705e-06
85 1.0936e-05
86 2.25408e-05
87 5.72127e-05
88 0.000156231
89 0.000423481
90 0.00110058
91 0.00270476
92 0.00625215
93 0.0135703
94 0.0276616
95 0.0530133
96 0.0956756
97 0.162865
98 0.261876
99 0.398309
100 0.574096
101 0.786333
102 0.83048
103 0.87828
104 0.92817
105 0.979044
106 0.988403
107 0.997783
108 0.999443
109 0.999444
110 0.997788
111 0.988497
112 0.938602
113 0.89078
114 0.84656
115 0.633251
116 0.455131
117 0.314512
118 0.209203
119 0.133957
120 0.0824151
121 0.0485317
122 0.0272208
123 0.0144722
124 0.00726472
125 0.0034343
126 0.00152761
127 0.000640281
128 0.000254341
129 9.73087e-05
130 3.74161e-05
131 1.59367e-05
132 8.66305e-06
133 6.32491e-06
134 5.60697e-06
135 5.39495e-06
136 5.33436e-06
137 5.31747e-06
138 5.31283e-06
139 5.31203e-06
140 5.31188e-06
141 5.31188e-06
142 5.31188e-06
143 5.31188e-06
144 5.31188e-06
145 5.31188e-06
146 5.31188e-06
147 5.31188e-06
148 5.31188e-06
149 5.31188e-06
150 5.31188e-06
151 5.31188e-06
152 5.31188e-06
153 5.31188e-06
154 5.31188e-06
155 5.31188e-06
156 5.31188e-06
157 5.31188e-06
158 5.31188e-06
159 5.31188e-06
160 5.31188e-06
161 5.31188e-06
162 5.31188e-06
163 5.31188e-06
164 5.31188e-06
165 5.31188e-06
166 5.31188e-06
167 5.31188e-06
168 5.31188e-06
169 5.31188e-06
170 5.31188e-06
171 5.31188e-06
172 5.31188e-06
173 5.31188e-06
174 5.31188e-06
175 5.31188e-06
176 5.31188e-06
177 5.31188e-06
178 5.31188e-06
179 5.31188e-06
180 5.31188e-06
181 5.31188e-06
182 5.31188e-06
183 5.31188e-06
184 5.31188e-06
185 5.31188e-06
186 5.31188e-06
187 5.31188e-06
188 5.31188e-06
189 5.31188e-06
190 5.31188e-06
191 5.31188e-06
192 5.31188e-06
193 5.31188e-06
194 5.31188e-06
195 5.31188e-06
196 5.31188e-06
197 5.31188e-06
198 5.31188e-06
199 5.31188e-06
200 5.31188e-06
201 5.31188e-06
202 5.31188e-06
203 5.31188e-06
204 5.31188e-06
205 5.31188e-06
206 5.31188e-06
207 5.31188e-06
208 5.31188e-06
209 5.31188e-06
210 5.31188e-06
211 5.31188e-06
212 5.31188e-06
213 5.31188e-06
214 5.31188e-06
