1 7.35009e-06
2 7.35009e-06
3 7.35009e-06
4 7.35009e-06
5 7.35009e-06
6 7.35009e-06
7 7.35009e-06
8 7.35009e-06
9 7.35009e-06
10 7.35009e-06
11 7.35009e-06
12 7.35009e-06
13 7.35009e-06
14 7.35009e-06
15 7.35009e-06
16 7.35009e-06
17 7.35009e-06
18 7.35009e-06
19 7.35009e-06
20 7.35009e-06
21 7.35009e-06
22 7.35009e-06
23 7.35009e-06
24 7.35009e-06
25 7.35009e-06
26 7.35009e-06
27 7.35009e-06
28 7.35009e-06
29 7.35009e-06
30 7.35009e-06
31 7.35009e-06
32 7.35009e-06
33 7.35009e-06
34 7.35009e-06
35 7.35009e-06
36 7.35009e-06
37 7.35009e-06
38 7.35009e-06
39 7.35009e-06
40 7.35009e-06
41 7.35009e-06
42 7.35009e-06
43 7.35009e-06
44 7.35009e-06
45 7.35009e-06
46 7.35009e-06
47 7.35009e-06
48 7.35009e-06
49 7.35009e-06
50 7.35009e-06
51 7.35009e-06
52 7.35009e-06
53 7.35009e-06
54 7.35009e-06
55 7.35009e-06
56 7.35009e-06
57 7.35009e-06
58 7.35009e-06
59 7.35009e-06
60 7.35009e-06
61 7.35009e-06
62 7.35009e-06
63 7.35009e-06
64 7.35009e-06
65 7.35009e-06
66 7.35009e-06
67 7.35009e-06
68 7.35009e-06
69 7.35009e-06
70 7.35009e-06
71 7.35009e-06
72 7.35009e-06
73 7.35009e-06
74 7.35009e-06
75 7.35009e-06
76 7.35009e-06
77 7.35009e-06
78 7.35037e-06
79 7.35156e-06
80 7.35495e-06
81 7.36563e-06
82 7.39756e-06
83 7.48751e-06
84 7.74187e-06
85 8.48266e-06
86 1.07239e-05
87 1.76721e-05
88 3.91663e-05
89 0.000103811
90 0.000289301
91 0.000791116
92 0.00206231
93 0.0050662
94 0.0116762
95 0.0252172
96 0.0510628
97 0.0970879
98 0.173652
99 0.292693
100 0.465607
101 0.700062
102 0.754324
103 0.818653
104 0.89059
105 0.967357
106 0.981838
107 0.996516
108 0.999124
109 0.999126
110 0.996566
111 0.982544
112 0.910537
113 0.845997
114 0.791226
115 0.551305
116 0.369533
117 0.238431
118 0.147871
119 0.0878154
120 0.0496769
121 0.0266256
122 0.0134601
123 0.0063984
124 0.00285615
125 0.00119819
126 0.000474492
127 0.000179633
128 6.72665e-05
129 2.70829e-05
130 1.35376e-05
131 9.2089e-06
132 7.88844e-06
133 7.50103e-06
134 7.39097e-06
135 7.36043e-06
136 7.35207e-06
137 7.35037e-06
138 7.35009e-06
139 7.35009e-06
140 7.35009e-06
141 7.35009e-06
142 7.35009e-06
143 7.35009e-06
144 7.35009e-06
145 7.35009e-06
146 7.35009e-06
147 7.35009e-06
148 7.35009e-06
149 7.35009e-06
150 7.35009e-06
151 7.35009e-06
152 7.35009e-06
153 7.35009e-06
154 7.35009e-06
155 7.35009e-06
156 7.35009e-06
157 7.35009e-06
158 7.35009e-06
159 7.35009e-06
160 7.35009e-06
161 7.35009e-06
162 7.35009e-06
163 7.35009e-06
164 7.35009e-06
165 7.35009e-06
166 7.35009e-06
167 7.35009e-06
168 7.35009e-06
169 7.35009e-06
170 7.35009e-06
171 7.35009e-06
172 7.35009e-06
173 7.35009e-06
174 7.35009e-06
175 7.35009e-06
176 7.35009e-06
177 7.35009e-06
178 7.35009e-06
179 7.35009e-06
180 7.35009e-06
181 7.35009e-06
182 7.35009e-06
183 7.35009e-06
184 7.35009e-06
185 7.35009e-06
186 7.35009e-06
187 7.35009e-06
188 7.35009e-06
189 7.35009e-06
190 7.35009e-06
191 7.35009e-06
192 7.35009e-06
193 7.35009e-06
194 7.35009e-06
195 7.35009e-06
196 7.35009e-06
197 7.35009e-06
198 7.35009e-06
199 7.35009e-06
200 7.35009e-06
201 7.35009e-06
202 7.35009e-06
203 7.35009e-06
204 7.35009e-06
205 7.35009e-06
206 7.35009e-06
207 7.35009e-06
208 7.35009e-06
209 7.35009e-06
210 7.35009e-06
211 7.35009e-06
212 7.35009e-06
213 7.35009e-06
214 7.35009e-06
