1 3.49549e-06
2 3.49549e-06
3 3.49549e-06
4 3.49549e-06
5 3.49549e-06
6 3.49549e-06
7 3.49549e-06
8 3.49549e-06
9 3.49549e-06
10 3.49549e-06
11 3.49549e-06
12 3.49549e-06
13 3.49549e-06
14 3.49549e-06
15 3.49549e-06
16 3.49549e-06
17 3.49549e-06
18 3.49549e-06
19 3.49549e-06
20 3.49549e-06
21 3.49549e-06
22 3.49549e-06
23 3.49549e-06
24 3.49549e-06
25 3.49549e-06
26 3.49549e-06
27 3.49549e-06
28 3.49549e-06
29 3.49549e-06
30 3.49549e-06
31 3.49549e-06
32 3.49549e-06
33 3.49549e-06
34 3.49549e-06
35 3.49549e-06
36 3.49549e-06
37 3.49549e-06
38 3.49549e-06
39 3.49549e-06
40 3.49549e-06
41 3.49549e-06
42 3.49549e-06
43 3.49549e-06
44 3.49549e-06
45 3.49549e-06
46 3.49549e-06
47 3.49549e-06
48 3.49549e-06
49 3.49549e-06
50 3.49549e-06
51 3.49549e-06
52 3.49549e-06
53 3.49549e-06
54 3.49549e-06
55 3.49549e-06
56 3.49549e-06
57 3.49549e-06
58 3.49549e-06
59 3.49549e-06
60 3.49549e-06
61 3.49549e-06
62 3.49549e-06
63 3.49549e-06
64 3.49549e-06
65 3.49549e-06
66 3.49549e-06
67 3.49549e-06
68 3.49549e-06
69 3.49549e-06
70 3.49549e-06
71 3.49549e-06
72 3.49557e-06
73 3.4959e-06
74 3.49682e-06
75 3.49984e-06
76 3.50879e-06
77 3.5345e-06
78 3.60894e-06
79 3.82952e-06
80 4.49745e-06
81 6.53302e-06
82 1.26503e-05
83 3.04477e-05
84 7.99065e-05
85 0.000210044
86 0.000532523
87 0.00128272
88 0.00291849
89 0.00625976
90 0.0126546
91 0.0241297
92 0.0434482
93 0.0739722
94 0.119231
95 0.182183
96 0.264331
97 0.365065
98 0.481647
99 0.609965
100 0.745721
101 0.885458
102 0.911328
103 0.937316
104 0.963338
105 0.989369
106 0.994123
107 0.998878
108 0.999719
109 0.999719
110 0.998878
111 0.994124
112 0.968101
113 0.942113
114 0.916242
115 0.776498
116 0.640705
117 0.512262
118 0.395328
119 0.293788
120 0.210096
121 0.144648
122 0.0959337
123 0.0612698
124 0.0376117
125 0.0221193
126 0.0124116
127 0.00661855
128 0.0033432
129 0.00159633
130 0.000720158
131 0.000307562
132 0.000125215
133 4.95309e-05
134 1.99823e-05
135 9.10375e-06
136 5.31456e-06
137 4.0606e-06
138 3.66438e-06
139 3.54418e-06
140 3.509e-06
141 3.49899e-06
142 3.4962e-06
143 3.49557e-06
144 3.49549e-06
145 3.49549e-06
146 3.49549e-06
147 3.49549e-06
148 3.49549e-06
149 3.49549e-06
150 3.49549e-06
151 3.49549e-06
152 3.49549e-06
153 3.49549e-06
154 3.49549e-06
155 3.49549e-06
156 3.49549e-06
157 3.49549e-06
158 3.49549e-06
159 3.49549e-06
160 3.49549e-06
161 3.49549e-06
162 3.49549e-06
163 3.49549e-06
164 3.49549e-06
165 3.49549e-06
166 3.49549e-06
167 3.49549e-06
168 3.49549e-06
169 3.49549e-06
170 3.49549e-06
171 3.49549e-06
172 3.49549e-06
173 3.49549e-06
174 3.49549e-06
175 3.49549e-06
176 3.49549e-06
177 3.49549e-06
178 3.49549e-06
179 3.49549e-06
180 3.49549e-06
181 3.49549e-06
182 3.49549e-06
183 3.49549e-06
184 3.49549e-06
185 3.49549e-06
186 3.49549e-06
187 3.49549e-06
188 3.49549e-06
189 3.49549e-06
190 3.49549e-06
191 3.49549e-06
192 3.49549e-06
193 3.49549e-06
194 3.49549e-06
195 3.49549e-06
196 3.49549e-06
197 3.49549e-06
198 3.49549e-06
199 3.49549e-06
200 3.49549e-06
201 3.49549e-06
202 3.49549e-06
203 3.49549e-06
204 3.49549e-06
205 3.49549e-06
206 3.49549e-06
207 3.49549e-06
208 3.49549e-06
209 3.49549e-06
210 3.49549e-06
211 3.49549e-06
212 3.49549e-06
213 3.49549e-06
214 3.49549e-06
