1 7.88561e-06
2 7.88561e-06
3 7.88561e-06
4 7.88561e-06
5 7.88561e-06
6 7.88561e-06
7 7.88561e-06
8 7.88561e-06
9 7.88561e-06
10 7.88561e-06
11 7.88561e-06
12 7.88561e-06
13 7.88561e-06
14 7.88561e-06
15 7.88561e-06
16 7.88561e-06
17 7.88561e-06
18 7.88561e-06
19 7.88561e-06
20 7.88561e-06
21 7.88561e-06
22 7.88561e-06
23 7.88561e-06
24 7.88561e-06
25 7.88561e-06
26 7.88561e-06
27 7.88561e-06
28 7.88561e-06
29 7.88561e-06
30 7.88561e-06
31 7.88561e-06
32 7.88561e-06
33 7.88561e-06
34 7.88561e-06
35 7.88561e-06
36 7.88561e-06
37 7.88561e-06
38 7.88561e-06
39 7.88561e-06
40 7.88561e-06
41 7.88561e-06
42 7.88561e-06
43 7.88561e-06
44 7.88561e-06
45 7.88561e-06
46 7.88561e-06
47 7.88561e-06
48 7.88561e-06
49 7.88561e-06
50 7.88561e-06
51 7.88561e-06
52 7.88561e-06
53 7.88561e-06
54 7.88561e-06
55 7.88561e-06
56 7.88561e-06
57 7.88561e-06
58 7.88561e-06
59 7.88561e-06
60 7.88561e-06
61 7.88561e-06
62 7.88561e-06
63 7.88561e-06
64 7.88561e-06
65 7.88561e-06
66 7.88561e-06
67 7.88561e-06
68 7.88561e-06
69 7.88561e-06
70 7.88561e-06
71 7.88561e-06
72 7.88561e-06
73 7.88561e-06
74 7.88561e-06
75 7.88561e-06
76 7.88561e-06
77 7.88561e-06
78 7.88561e-06
79 7.88628e-06
80 7.88866e-06
81 7.89614e-06
82 7.92064e-06
83 7.99011e-06
84 8.18623e-06
85 8.75002e-06
86 1.04334e-05
87 1.56254e-05
88 3.17743e-05
89 8.10373e-05
90 0.000225223
91 0.000624379
92 0.00166072
93 0.00417226
94 0.00984008
95 0.0217423
96 0.0450126
97 0.0874258
98 0.159594
99 0.274328
100 0.444737
101 0.680984
102 0.736854
103 0.804421
104 0.881263
105 0.964307
106 0.9801
107 0.996176
108 0.999038
109 0.999042
110 0.99625
111 0.981079
112 0.904131
113 0.836258
114 0.779691
115 0.536369
116 0.35507
117 0.226211
118 0.138378
119 0.0809172
120 0.0449821
121 0.0236472
122 0.0117075
123 0.00544481
124 0.00237693
125 0.000975694
126 0.000378976
127 0.000141739
128 5.34625e-05
129 2.2604e-05
130 1.24194e-05
131 9.22583e-06
132 8.26755e-06
133 7.99053e-06
134 7.91278e-06
135 7.89154e-06
136 7.88628e-06
137 7.88561e-06
138 7.88561e-06
139 7.88561e-06
140 7.88561e-06
141 7.88561e-06
142 7.88561e-06
143 7.88561e-06
144 7.88561e-06
145 7.88561e-06
146 7.88561e-06
147 7.88561e-06
148 7.88561e-06
149 7.88561e-06
150 7.88561e-06
151 7.88561e-06
152 7.88561e-06
153 7.88561e-06
154 7.88561e-06
155 7.88561e-06
156 7.88561e-06
157 7.88561e-06
158 7.88561e-06
159 7.88561e-06
160 7.88561e-06
161 7.88561e-06
162 7.88561e-06
163 7.88561e-06
164 7.88561e-06
165 7.88561e-06
166 7.88561e-06
167 7.88561e-06
168 7.88561e-06
169 7.88561e-06
170 7.88561e-06
171 7.88561e-06
172 7.88561e-06
173 7.88561e-06
174 7.88561e-06
175 7.88561e-06
176 7.88561e-06
177 7.88561e-06
178 7.88561e-06
179 7.88561e-06
180 7.88561e-06
181 7.88561e-06
182 7.88561e-06
183 7.88561e-06
184 7.88561e-06
185 7.88561e-06
186 7.88561e-06
187 7.88561e-06
188 7.88561e-06
189 7.88561e-06
190 7.88561e-06
191 7.88561e-06
192 7.88561e-06
193 7.88561e-06
194 7.88561e-06
195 7.88561e-06
196 7.88561e-06
197 7.88561e-06
198 7.88561e-06
199 7.88561e-06
200 7.88561e-06
201 7.88561e-06
202 7.88561e-06
203 7.88561e-06
204 7.88561e-06
205 7.88561e-06
206 7.88561e-06
207 7.88561e-06
208 7.88561e-06
209 7.88561e-06
210 7.88561e-06
211 7.88561e-06
212 7.88561e-06
213 7.88561e-06
214 7.88561e-06
