1 8.17144e-06
2 8.17144e-06
3 8.17144e-06
4 8.17144e-06
5 8.17144e-06
6 8.17144e-06
7 8.17144e-06
8 8.17144e-06
9 8.17144e-06
10 8.17144e-06
11 8.17144e-06
12 8.17144e-06
13 8.17144e-06
14 8.17144e-06
15 8.17144e-06
16 8.17144e-06
17 8.17144e-06
18 8.17144e-06
19 8.17144e-06
20 8.17144e-06
21 8.17144e-06
22 8.17144e-06
23 8.17144e-06
24 8.17144e-06
25 8.17144e-06
26 8.17144e-06
27 8.17144e-06
28 8.17144e-06
29 8.17144e-06
30 8.17144e-06
31 8.17144e-06
32 8.17144e-06
33 8.17144e-06
34 8.17144e-06
35 8.17144e-06
36 8.17144e-06
37 8.17144e-06
38 8.17144e-06
39 8.17144e-06
40 8.17144e-06
41 8.17144e-06
42 8.17144e-06
43 8.17144e-06
44 8.17144e-06
45 8.17144e-06
46 8.17144e-06
47 8.17144e-06
48 8.17144e-06
49 8.17144e-06
50 8.17144e-06
51 8.17144e-06
52 8.17144e-06
53 8.17144e-06
54 8.17144e-06
55 8.17144e-06
56 8.17144e-06
57 8.17144e-06
58 8.17144e-06
59 8.17144e-06
60 8.17144e-06
61 8.17144e-06
62 8.17144e-06
63 8.17144e-06
64 8.17144e-06
65 8.17144e-06
66 8.17144e-06
67 8.17144e-06
68 8.17144e-06
69 8.17144e-06
70 8.17144e-06
71 8.17144e-06
72 8.17144e-06
73 8.17144e-06
74 8.17144e-06
75 8.17144e-06
76 8.17144e-06
77 8.17144e-06
78 8.17144e-06
79 8.17203e-06
80 8.17409e-06
81 8.18069e-06
82 8.20224e-06
83 8.26356e-06
84 8.43635e-06
85 8.92998e-06
86 1.03931e-05
87 1.48872e-05
88 2.8883e-05
89 7.18386e-05
90 0.000198745
91 0.000554037
92 0.00148783
93 0.00377962
94 0.00901765
95 0.0201559
96 0.042199
97 0.0828505
98 0.152813
99 0.265294
100 0.434231
101 0.671065
102 0.727691
103 0.796878
104 0.876262
105 0.962645
106 0.979148
107 0.995989
108 0.99899
109 0.998996
110 0.996079
111 0.980297
112 0.90078
113 0.831227
114 0.77379
115 0.52894
116 0.347979
117 0.220271
118 0.133797
119 0.0776154
120 0.0427597
121 0.0222568
122 0.0109026
123 0.00501464
124 0.00216479
125 0.000879096
126 0.000338331
127 0.000125955
128 4.78615e-05
129 2.08673e-05
130 1.20495e-05
131 9.30967e-06
132 8.49395e-06
133 8.25964e-06
134 8.19422e-06
135 8.17643e-06
136 8.17203e-06
137 8.17144e-06
138 8.17144e-06
139 8.17144e-06
140 8.17144e-06
141 8.17144e-06
142 8.17144e-06
143 8.17144e-06
144 8.17144e-06
145 8.17144e-06
146 8.17144e-06
147 8.17144e-06
148 8.17144e-06
149 8.17144e-06
150 8.17144e-06
151 8.17144e-06
152 8.17144e-06
153 8.17144e-06
154 8.17144e-06
155 8.17144e-06
156 8.17144e-06
157 8.17144e-06
158 8.17144e-06
159 8.17144e-06
160 8.17144e-06
161 8.17144e-06
162 8.17144e-06
163 8.17144e-06
164 8.17144e-06
165 8.17144e-06
166 8.17144e-06
167 8.17144e-06
168 8.17144e-06
169 8.17144e-06
170 8.17144e-06
171 8.17144e-06
172 8.17144e-06
173 8.17144e-06
174 8.17144e-06
175 8.17144e-06
176 8.17144e-06
177 8.17144e-06
178 8.17144e-06
179 8.17144e-06
180 8.17144e-06
181 8.17144e-06
182 8.17144e-06
183 8.17144e-06
184 8.17144e-06
185 8.17144e-06
186 8.17144e-06
187 8.17144e-06
188 8.17144e-06
189 8.17144e-06
190 8.17144e-06
191 8.17144e-06
192 8.17144e-06
193 8.17144e-06
194 8.17144e-06
195 8.17144e-06
196 8.17144e-06
197 8.17144e-06
198 8.17144e-06
199 8.17144e-06
200 8.17144e-06
201 8.17144e-06
202 8.17144e-06
203 8.17144e-06
204 8.17144e-06
205 8.17144e-06
206 8.17144e-06
207 8.17144e-06
208 8.17144e-06
209 8.17144e-06
210 8.17144e-06
211 8.17144e-06
212 8.17144e-06
213 8.17144e-06
214 8.17144e-06
