1 1.07455e-05
2 1.07455e-05
3 1.07455e-05
4 1.07455e-05
5 1.07455e-05
6 1.07455e-05
7 1.07455e-05
8 1.07455e-05
9 1.07455e-05
10 1.07455e-05
11 1.07455e-05
12 1.07455e-05
13 1.07455e-05
14 1.07455e-05
15 1.07455e-05
16 1.07455e-05
17 1.07455e-05
18 1.07455e-05
19 1.07455e-05
20 1.07455e-05
21 1.07455e-05
22 1.07455e-05
23 1.07455e-05
24 1.07455e-05
25 1.07455e-05
26 1.07455e-05
27 1.07455e-05
28 1.07455e-05
29 1.07455e-05
30 1.07455e-05
31 1.07455e-05
32 1.07455e-05
33 1.07455e-05
34 1.07455e-05
35 1.07455e-05
36 1.07455e-05
37 1.07455e-05
38 1.07455e-05
39 1.07455e-05
40 1.07455e-05
41 1.07455e-05
42 1.07455e-05
43 1.07455e-05
44 1.07455e-05
45 1.07455e-05
46 1.07455e-05
47 1.07455e-05
48 1.07455e-05
49 1.07455e-05
50 1.07455e-05
51 1.07455e-05
52 1.07455e-05
53 1.07455e-05
54 1.07455e-05
55 1.07455e-05
56 1.07455e-05
57 1.07455e-05
58 1.07455e-05
59 1.07455e-05
60 1.07455e-05
61 1.07455e-05
62 1.07455e-05
63 1.07455e-05
64 1.07455e-05
65 1.07455e-05
66 1.07455e-05
67 1.07455e-05
68 1.07455e-05
69 1.07455e-05
70 1.07455e-05
71 1.07455e-05
72 1.07455e-05
73 1.07455e-05
74 1.07455e-05
75 1.07455e-05
76 1.07455e-05
77 1.07455e-05
78 1.07455e-05
79 1.07455e-05
80 1.07462e-05
81 1.07486e-05
82 1.07565e-05
83 1.07823e-05
84 1.0856e-05
85 1.10627e-05
86 1.16465e-05
87 1.33544e-05
88 1.85666e-05
89 3.48539e-05
90 8.5431e-05
91 0.000237357
92 0.000670741
93 0.0018318
94 0.00473482
95 0.0114867
96 0.026076
97 0.05537
98 0.1101
99 0.205401
100 0.36027
101 0.595179
102 0.65593
103 0.736013
104 0.834483
105 0.947975
106 0.970588
107 0.994274
108 0.998551
109 0.998573
110 0.994582
111 0.973824
112 0.87482
113 0.793543
114 0.730629
115 0.477995
116 0.300804
117 0.181507
118 0.104462
119 0.0570038
120 0.0293374
121 0.0141852
122 0.00643018
123 0.00273231
124 0.00109127
125 0.000413151
126 0.000151729
127 5.74106e-05
128 2.54199e-05
129 1.51586e-05
130 1.20234e-05
131 1.11035e-05
132 1.08425e-05
133 1.07704e-05
134 1.0751e-05
135 1.07462e-05
136 1.07455e-05
137 1.07455e-05
138 1.07455e-05
139 1.07455e-05
140 1.07455e-05
141 1.07455e-05
142 1.07455e-05
143 1.07455e-05
144 1.07455e-05
145 1.07455e-05
146 1.07455e-05
147 1.07455e-05
148 1.07455e-05
149 1.07455e-05
150 1.07455e-05
151 1.07455e-05
152 1.07455e-05
153 1.07455e-05
154 1.07455e-05
155 1.07455e-05
156 1.07455e-05
157 1.07455e-05
158 1.07455e-05
159 1.07455e-05
160 1.07455e-05
161 1.07455e-05
162 1.07455e-05
163 1.07455e-05
164 1.07455e-05
165 1.07455e-05
166 1.07455e-05
167 1.07455e-05
168 1.07455e-05
169 1.07455e-05
170 1.07455e-05
171 1.07455e-05
172 1.07455e-05
173 1.07455e-05
174 1.07455e-05
175 1.07455e-05
176 1.07455e-05
177 1.07455e-05
178 1.07455e-05
179 1.07455e-05
180 1.07455e-05
181 1.07455e-05
182 1.07455e-05
183 1.07455e-05
184 1.07455e-05
185 1.07455e-05
186 1.07455e-05
187 1.07455e-05
188 1.07455e-05
189 1.07455e-05
190 1.07455e-05
191 1.07455e-05
192 1.07455e-05
193 1.07455e-05
194 1.07455e-05
195 1.07455e-05
196 1.07455e-05
197 1.07455e-05
198 1.07455e-05
199 1.07455e-05
200 1.07455e-05
201 1.07455e-05
202 1.07455e-05
203 1.07455e-05
204 1.07455e-05
205 1.07455e-05
206 1.07455e-05
207 1.07455e-05
208 1.07455e-05
209 1.07455e-05
210 1.07455e-05
211 1.07455e-05
212 1.07455e-05
213 1.07455e-05
214 1.07455e-05
