1 1.12075e-05
2 1.12075e-05
3 1.12075e-05
4 1.12075e-05
5 1.12075e-05
6 1.12075e-05
7 1.12075e-05
8 1.12075e-05
9 1.12075e-05
10 1.12075e-05
11 1.12075e-05
12 1.12075e-05
13 1.12075e-05
14 1.12075e-05
15 1.12075e-05
16 1.12075e-05
17 1.12075e-05
18 1.12075e-05
19 1.12075e-05
20 1.12075e-05
21 1.12075e-05
22 1.12075e-05
23 1.12075e-05
24 1.12075e-05
25 1.12075e-05
26 1.12075e-05
27 1.12075e-05
28 1.12075e-05
29 1.12075e-05
30 1.12075e-05
31 1.12075e-05
32 1.12075e-05
33 1.12075e-05
34 1.12075e-05
35 1.12075e-05
36 1.12075e-05
37 1.12075e-05
38 1.12075e-05
39 1.12075e-05
40 1.12075e-05
41 1.12075e-05
42 1.12075e-05
43 1.12075e-05
44 1.12075e-05
45 1.12075e-05
46 1.12075e-05
47 1.12075e-05
48 1.12075e-05
49 1.12075e-05
50 1.12075e-05
51 1.12075e-05
52 1.12075e-05
53 1.12075e-05
54 1.12075e-05
55 1.12075e-05
56 1.12075e-05
57 1.12075e-05
58 1.12075e-05
59 1.12075e-05
60 1.12075e-05
61 1.12075e-05
62 1.12075e-05
63 1.12075e-05
64 1.12075e-05
65 1.12075e-05
66 1.12075e-05
67 1.12075e-05
68 1.12075e-05
69 1.12075e-05
70 1.12075e-05
71 1.12075e-05
72 1.12075e-05
73 1.12075e-05
74 1.12075e-05
75 1.12075e-05
76 1.12075e-05
77 1.12075e-05
78 1.12075e-05
79 1.12075e-05
80 1.12081e-05
81 1.12102e-05
82 1.1217e-05
83 1.12395e-05
84 1.1305e-05
85 1.14889e-05
86 1.20056e-05
87 1.35055e-05
88 1.80517e-05
89 3.22354e-05
90 7.64617e-05
91 0.000210422
92 0.000596734
93 0.00164441
94 0.00429779
95 0.01055
96 0.024235
97 0.0520609
98 0.104681
99 0.197387
100 0.349765
101 0.583529
102 0.644675
103 0.726192
104 0.827504
105 0.945382
106 0.969044
107 0.993957
108 0.998469
109 0.998496
110 0.99432
111 0.972753
112 0.870797
113 0.787885
114 0.72428
115 0.470885
116 0.29438
117 0.176323
118 0.100627
119 0.0543916
120 0.0277031
121 0.0132475
122 0.00593683
123 0.00249399
124 0.000985405
125 0.000369857
126 0.000135483
127 5.19227e-05
128 2.38937e-05
129 1.49925e-05
130 1.22962e-05
131 1.15108e-05
132 1.12892e-05
133 1.12283e-05
134 1.12119e-05
135 1.12081e-05
136 1.12075e-05
137 1.12075e-05
138 1.12075e-05
139 1.12075e-05
140 1.12075e-05
141 1.12075e-05
142 1.12075e-05
143 1.12075e-05
144 1.12075e-05
145 1.12075e-05
146 1.12075e-05
147 1.12075e-05
148 1.12075e-05
149 1.12075e-05
150 1.12075e-05
151 1.12075e-05
152 1.12075e-05
153 1.12075e-05
154 1.12075e-05
155 1.12075e-05
156 1.12075e-05
157 1.12075e-05
158 1.12075e-05
159 1.12075e-05
160 1.12075e-05
161 1.12075e-05
162 1.12075e-05
163 1.12075e-05
164 1.12075e-05
165 1.12075e-05
166 1.12075e-05
167 1.12075e-05
168 1.12075e-05
169 1.12075e-05
170 1.12075e-05
171 1.12075e-05
172 1.12075e-05
173 1.12075e-05
174 1.12075e-05
175 1.12075e-05
176 1.12075e-05
177 1.12075e-05
178 1.12075e-05
179 1.12075e-05
180 1.12075e-05
181 1.12075e-05
182 1.12075e-05
183 1.12075e-05
184 1.12075e-05
185 1.12075e-05
186 1.12075e-05
187 1.12075e-05
188 1.12075e-05
189 1.12075e-05
190 1.12075e-05
191 1.12075e-05
192 1.12075e-05
193 1.12075e-05
194 1.12075e-05
195 1.12075e-05
196 1.12075e-05
197 1.12075e-05
198 1.12075e-05
199 1.12075e-05
200 1.12075e-05
201 1.12075e-05
202 1.12075e-05
203 1.12075e-05
204 1.12075e-05
205 1.12075e-05
206 1.12075e-05
207 1.12075e-05
208 1.12075e-05
209 1.12075e-05
210 1.12075e-05
211 1.12075e-05
212 1.12075e-05
213 1.12075e-05
214 1.12075e-05
