1 1.22184e-05
2 1.22184e-05
3 1.22184e-05
4 1.22184e-05
5 1.22184e-05
6 1.22184e-05
7 1.22184e-05
8 1.22184e-05
9 1.22184e-05
10 1.22184e-05
11 1.22184e-05
12 1.22184e-05
13 1.22184e-05
14 1.22184e-05
15 1.22184e-05
16 1.22184e-05
17 1.22184e-05
18 1.22184e-05
19 1.22184e-05
20 1.22184e-05
21 1.22184e-05
22 1.22184e-05
23 1.22184e-05
24 1.22184e-05
25 1.22184e-05
26 1.22184e-05
27 1.22184e-05
28 1.22184e-05
29 1.22184e-05
30 1.22184e-05
31 1.22184e-05
32 1.22184e-05
33 1.22184e-05
34 1.22184e-05
35 1.22184e-05
36 1.22184e-05
37 1.22184e-05
38 1.22184e-05
39 1.22184e-05
40 1.22184e-05
41 1.22184e-05
42 1.22184e-05
43 1.22184e-05
44 1.22184e-05
45 1.22184e-05
46 1.22184e-05
47 1.22184e-05
48 1.22184e-05
49 1.22184e-05
50 1.22184e-05
51 1.22184e-05
52 1.22184e-05
53 1.22184e-05
54 1.22184e-05
55 1.22184e-05
56 1.22184e-05
57 1.22184e-05
58 1.22184e-05
59 1.22184e-05
60 1.22184e-05
61 1.22184e-05
62 1.22184e-05
63 1.22184e-05
64 1.22184e-05
65 1.22184e-05
66 1.22184e-05
67 1.22184e-05
68 1.22184e-05
69 1.22184e-05
70 1.22184e-05
71 1.22184e-05
72 1.22184e-05
73 1.22184e-05
74 1.22184e-05
75 1.22184e-05
76 1.22184e-05
77 1.22184e-05
78 1.22184e-05
79 1.22184e-05
80 1.22189e-05
81 1.22204e-05
82 1.22257e-05
83 1.2243e-05
84 1.22947e-05
85 1.24407e-05
86 1.28484e-05
87 1.40136e-05
88 1.74911e-05
89 2.82696e-05
90 6.20561e-05
91 0.00016592
92 0.000471721
93 0.0013212
94 0.00352838
95 0.008867
96 0.0208606
97 0.0458757
98 0.0943568
99 0.181813
100 0.328902
101 0.559739
102 0.62151
103 0.705754
104 0.812772
105 0.939768
106 0.965672
107 0.993255
108 0.998284
109 0.998324
110 0.993755
111 0.970501
112 0.862558
113 0.776425
114 0.711503
115 0.456784
116 0.281728
117 0.166185
118 0.0931999
119 0.0494009
120 0.0246312
121 0.0115167
122 0.00504347
123 0.00207091
124 0.000801204
125 0.000296097
126 0.000108466
127 4.31252e-05
128 2.16788e-05
129 1.49985e-05
130 1.3008e-05
131 1.2436e-05
132 1.22764e-05
133 1.22329e-05
134 1.22213e-05
135 1.22189e-05
136 1.22184e-05
137 1.22184e-05
138 1.22184e-05
139 1.22184e-05
140 1.22184e-05
141 1.22184e-05
142 1.22184e-05
143 1.22184e-05
144 1.22184e-05
145 1.22184e-05
146 1.22184e-05
147 1.22184e-05
148 1.22184e-05
149 1.22184e-05
150 1.22184e-05
151 1.22184e-05
152 1.22184e-05
153 1.22184e-05
154 1.22184e-05
155 1.22184e-05
156 1.22184e-05
157 1.22184e-05
158 1.22184e-05
159 1.22184e-05
160 1.22184e-05
161 1.22184e-05
162 1.22184e-05
163 1.22184e-05
164 1.22184e-05
165 1.22184e-05
166 1.22184e-05
167 1.22184e-05
168 1.22184e-05
169 1.22184e-05
170 1.22184e-05
171 1.22184e-05
172 1.22184e-05
173 1.22184e-05
174 1.22184e-05
175 1.22184e-05
176 1.22184e-05
177 1.22184e-05
178 1.22184e-05
179 1.22184e-05
180 1.22184e-05
181 1.22184e-05
182 1.22184e-05
183 1.22184e-05
184 1.22184e-05
185 1.22184e-05
186 1.22184e-05
187 1.22184e-05
188 1.22184e-05
189 1.22184e-05
190 1.22184e-05
191 1.22184e-05
192 1.22184e-05
193 1.22184e-05
194 1.22184e-05
195 1.22184e-05
196 1.22184e-05
197 1.22184e-05
198 1.22184e-05
199 1.22184e-05
200 1.22184e-05
201 1.22184e-05
202 1.22184e-05
203 1.22184e-05
204 1.22184e-05
205 1.22184e-05
206 1.22184e-05
207 1.22184e-05
208 1.22184e-05
209 1.22184e-05
210 1.22184e-05
211 1.22184e-05
212 1.22184e-05
213 1.22184e-05
214 1.22184e-05
