1 1.46448e-05
2 1.46448e-05
3 1.46448e-05
4 1.46448e-05
5 1.46448e-05
6 1.46448e-05
7 1.46448e-05
8 1.46448e-05
9 1.46448e-05
10 1.46448e-05
11 1.46448e-05
12 1.46448e-05
13 1.46448e-05
14 1.46448e-05
15 1.46448e-05
16 1.46448e-05
17 1.46448e-05
18 1.46448e-05
19 1.46448e-05
20 1.46448e-05
21 1.46448e-05
22 1.46448e-05
23 1.46448e-05
24 1.46448e-05
25 1.46448e-05
26 1.46448e-05
27 1.46448e-05
28 1.46448e-05
29 1.46448e-05
30 1.46448e-05
31 1.46448e-05
32 1.46448e-05
33 1.46448e-05
34 1.46448e-05
35 1.46448e-05
36 1.46448e-05
37 1.46448e-05
38 1.46448e-05
39 1.46448e-05
40 1.46448e-05
41 1.46448e-05
42 1.46448e-05
43 1.46448e-05
44 1.46448e-05
45 1.46448e-05
46 1.46448e-05
47 1.46448e-05
48 1.46448e-05
49 1.46448e-05
50 1.46448e-05
51 1.46448e-05
52 1.46448e-05
53 1.46448e-05
54 1.46448e-05
55 1.46448e-05
56 1.46448e-05
57 1.46448e-05
58 1.46448e-05
59 1.46448e-05
60 1.46448e-05
61 1.46448e-05
62 1.46448e-05
63 1.46448e-05
64 1.46448e-05
65 1.46448e-05
66 1.46448e-05
67 1.46448e-05
68 1.46448e-05
69 1.46448e-05
70 1.46448e-05
71 1.46448e-05
72 1.46448e-05
73 1.46448e-05
74 1.46448e-05
75 1.46448e-05
76 1.46448e-05
77 1.46448e-05
78 1.46448e-05
79 1.46448e-05
80 1.46448e-05
81 1.46456e-05
82 1.46486e-05
83 1.46584e-05
84 1.46906e-05
85 1.47832e-05
86 1.50426e-05
87 1.57673e-05
88 1.78571e-05
89 2.41717e-05
90 4.39111e-05
91 0.000105825
92 0.000294826
93 0.000844274
94 0.00234552
95 0.00617203
96 0.0152348
97 0.0351466
98 0.075734
99 0.152589
100 0.288041
101 0.510588
102 0.572927
103 0.661941
104 0.780246
105 0.926679
106 0.957642
107 0.991523
108 0.997809
109 0.997889
110 0.992435
111 0.965554
112 0.845413
113 0.753059
114 0.685726
115 0.428976
116 0.25709
117 0.146752
118 0.079286
119 0.0403256
120 0.019235
121 0.00858806
122 0.00358976
123 0.00140929
124 0.000524616
125 0.000190037
126 7.16567e-05
127 3.22702e-05
128 1.98652e-05
129 1.6137e-05
130 1.50585e-05
131 1.4756e-05
132 1.46732e-05
133 1.46511e-05
134 1.46456e-05
135 1.46448e-05
136 1.46448e-05
137 1.46448e-05
138 1.46448e-05
139 1.46448e-05
140 1.46448e-05
141 1.46448e-05
142 1.46448e-05
143 1.46448e-05
144 1.46448e-05
145 1.46448e-05
146 1.46448e-05
147 1.46448e-05
148 1.46448e-05
149 1.46448e-05
150 1.46448e-05
151 1.46448e-05
152 1.46448e-05
153 1.46448e-05
154 1.46448e-05
155 1.46448e-05
156 1.46448e-05
157 1.46448e-05
158 1.46448e-05
159 1.46448e-05
160 1.46448e-05
161 1.46448e-05
162 1.46448e-05
163 1.46448e-05
164 1.46448e-05
165 1.46448e-05
166 1.46448e-05
167 1.46448e-05
168 1.46448e-05
169 1.46448e-05
170 1.46448e-05
171 1.46448e-05
172 1.46448e-05
173 1.46448e-05
174 1.46448e-05
175 1.46448e-05
176 1.46448e-05
177 1.46448e-05
178 1.46448e-05
179 1.46448e-05
180 1.46448e-05
181 1.46448e-05
182 1.46448e-05
183 1.46448e-05
184 1.46448e-05
185 1.46448e-05
186 1.46448e-05
187 1.46448e-05
188 1.46448e-05
189 1.46448e-05
190 1.46448e-05
191 1.46448e-05
192 1.46448e-05
193 1.46448e-05
194 1.46448e-05
195 1.46448e-05
196 1.46448e-05
197 1.46448e-05
198 1.46448e-05
199 1.46448e-05
200 1.46448e-05
201 1.46448e-05
202 1.46448e-05
203 1.46448e-05
204 1.46448e-05
205 1.46448e-05
206 1.46448e-05
207 1.46448e-05
208 1.46448e-05
209 1.46448e-05
210 1.46448e-05
211 1.46448e-05
212 1.46448e-05
213 1.46448e-05
214 1.46448e-05
