1 2.55628e-05
2 2.55628e-05
3 2.55628e-05
4 2.55628e-05
5 2.55628e-05
6 2.55628e-05
7 2.55628e-05
8 2.55628e-05
9 2.55628e-05
10 2.55628e-05
11 2.55628e-05
12 2.55628e-05
13 2.55628e-05
14 2.55628e-05
15 2.55628e-05
16 2.55628e-05
17 2.55628e-05
18 2.55628e-05
19 2.55628e-05
20 2.55628e-05
21 2.55628e-05
22 2.55628e-05
23 2.55628e-05
24 2.55628e-05
25 2.55628e-05
26 2.55628e-05
27 2.55628e-05
28 2.55628e-05
29 2.55628e-05
30 2.55628e-05
31 2.55628e-05
32 2.55628e-05
33 2.55628e-05
34 2.55628e-05
35 2.55628e-05
36 2.55628e-05
37 2.55628e-05
38 2.55628e-05
39 2.55628e-05
40 2.55628e-05
41 2.55628e-05
42 2.55628e-05
43 2.55628e-05
44 2.55628e-05
45 2.55628e-05
46 2.55628e-05
47 2.55628e-05
48 2.55628e-05
49 2.55628e-05
50 2.55628e-05
51 2.55628e-05
52 2.55628e-05
53 2.55628e-05
54 2.55628e-05
55 2.55628e-05
56 2.55628e-05
57 2.55628e-05
58 2.55628e-05
59 2.55628e-05
60 2.55628e-05
61 2.55628e-05
62 2.55628e-05
63 2.55628e-05
64 2.55628e-05
65 2.55628e-05
66 2.55628e-05
67 2.55628e-05
68 2.55628e-05
69 2.55628e-05
70 2.55628e-05
71 2.55628e-05
72 2.55628e-05
73 2.55628e-05
74 2.55628e-05
75 2.55628e-05
76 2.55628e-05
77 2.55628e-05
78 2.55628e-05
79 2.55628e-05
80 2.55628e-05
81 2.55628e-05
82 2.55634e-05
83 2.55655e-05
84 2.5573e-05
85 2.55988e-05
86 2.56777e-05
87 2.59049e-05
88 2.65354e-05
89 2.82818e-05
90 3.329e-05
91 4.84377e-05
92 9.61106e-05
93 0.000246983
94 0.000711286
95 0.00206886
96 0.00578888
97 0.0152699
98 0.0376569
99 0.0865616
100 0.185443
101 0.370826
102 0.429871
103 0.525671
104 0.670413
105 0.873789
106 0.922234
107 0.981049
108 0.99287
109 0.9933
110 0.984788
111 0.946638
112 0.792578
113 0.684299
114 0.611217
115 0.352116
116 0.191959
117 0.0984215
118 0.0472503
119 0.0211882
120 0.00887182
121 0.00347692
122 0.00128491
123 0.00045687
124 0.000164938
125 6.83537e-05
126 3.81473e-05
127 2.91378e-05
128 2.65503e-05
129 2.58288e-05
130 2.56324e-05
131 2.55801e-05
132 2.55665e-05
133 2.55634e-05
134 2.55628e-05
135 2.55628e-05
136 2.55628e-05
137 2.55628e-05
138 2.55628e-05
139 2.55628e-05
140 2.55628e-05
141 2.55628e-05
142 2.55628e-05
143 2.55628e-05
144 2.55628e-05
145 2.55628e-05
146 2.55628e-05
147 2.55628e-05
148 2.55628e-05
149 2.55628e-05
150 2.55628e-05
151 2.55628e-05
152 2.55628e-05
153 2.55628e-05
154 2.55628e-05
155 2.55628e-05
156 2.55628e-05
157 2.55628e-05
158 2.55628e-05
159 2.55628e-05
160 2.55628e-05
161 2.55628e-05
162 2.55628e-05
163 2.55628e-05
164 2.55628e-05
165 2.55628e-05
166 2.55628e-05
167 2.55628e-05
168 2.55628e-05
169 2.55628e-05
170 2.55628e-05
171 2.55628e-05
172 2.55628e-05
173 2.55628e-05
174 2.55628e-05
175 2.55628e-05
176 2.55628e-05
177 2.55628e-05
178 2.55628e-05
179 2.55628e-05
180 2.55628e-05
181 2.55628e-05
182 2.55628e-05
183 2.55628e-05
184 2.55628e-05
185 2.55628e-05
186 2.55628e-05
187 2.55628e-05
188 2.55628e-05
189 2.55628e-05
190 2.55628e-05
191 2.55628e-05
192 2.55628e-05
193 2.55628e-05
194 2.55628e-05
195 2.55628e-05
196 2.55628e-05
197 2.55628e-05
198 2.55628e-05
199 2.55628e-05
200 2.55628e-05
201 2.55628e-05
202 2.55628e-05
203 2.55628e-05
204 2.55628e-05
205 2.55628e-05
206 2.55628e-05
207 2.55628e-05
208 2.55628e-05
209 2.55628e-05
210 2.55628e-05
211 2.55628e-05
212 2.55628e-05
213 2.55628e-05
214 2.55628e-05
