1 4.1669e-05
2 4.1669e-05
3 4.1669e-05
4 4.1669e-05
5 4.1669e-05
6 4.1669e-05
7 4.1669e-05
8 4.1669e-05
9 4.1669e-05
10 4.1669e-05
11 4.1669e-05
12 4.1669e-05
13 4.1669e-05
14 4.1669e-05
15 4.1669e-05
16 4.1669e-05
17 4.1669e-05
18 4.1669e-05
19 4.1669e-05
20 4.1669e-05
21 4.1669e-05
22 4.1669e-05
23 4.1669e-05
24 4.1669e-05
25 4.1669e-05
26 4.1669e-05
27 4.1669e-05
28 4.1669e-05
29 4.1669e-05
30 4.1669e-05
31 4.1669e-05
32 4.1669e-05
33 4.1669e-05
34 4.1669e-05
35 4.1669e-05
36 4.1669e-05
37 4.1669e-05
38 4.1669e-05
39 4.1669e-05
40 4.1669e-05
41 4.1669e-05
42 4.1669e-05
43 4.1669e-05
44 4.1669e-05
45 4.1669e-05
46 4.1669e-05
47 4.1669e-05
48 4.1669e-05
49 4.1669e-05
50 4.1669e-05
51 4.1669e-05
52 4.1669e-05
53 4.1669e-05
54 4.1669e-05
55 4.1669e-05
56 4.1669e-05
57 4.1669e-05
58 4.1669e-05
59 4.1669e-05
60 4.1669e-05
61 4.1669e-05
62 4.1669e-05
63 4.1669e-05
64 4.1669e-05
65 4.1669e-05
66 4.1669e-05
67 4.1669e-05
68 4.1669e-05
69 4.1669e-05
70 4.1669e-05
71 4.1669e-05
72 4.1669e-05
73 4.1669e-05
74 4.1669e-05
75 4.1669e-05
76 4.1669e-05
77 4.1669e-05
78 4.1669e-05
79 4.1669e-05
80 4.1669e-05
81 4.1669e-05
82 4.1669e-05
83 4.16694e-05
84 4.16713e-05
85 4.16778e-05
86 4.17e-05
87 4.17733e-05
88 4.19937e-05
89 4.26201e-05
90 4.43398e-05
91 4.9079e-05
92 6.27268e-05
93 0.000104469
94 0.000237307
95 0.000660222
96 0.00196126
97 0.00574288
98 0.0159968
99 0.0417574
100 0.101522
101 0.229463
102 0.275695
103 0.360402
104 0.504516
105 0.732548
106 0.793722
107 0.877273
108 0.895977
109 0.897292
110 0.886424
111 0.840855
112 0.669637
113 0.556913
114 0.48591
115 0.254037
116 0.124271
117 0.0566923
118 0.0240907
119 0.00954715
120 0.00354599
121 0.00125081
122 0.000434216
123 0.000162444
124 7.71977e-05
125 5.1756e-05
126 4.44549e-05
127 4.24207e-05
128 4.1867e-05
129 4.17194e-05
130 4.1681e-05
131 4.16713e-05
132 4.16694e-05
133 4.1669e-05
134 4.1669e-05
135 4.1669e-05
136 4.1669e-05
137 4.1669e-05
138 4.1669e-05
139 4.1669e-05
140 4.1669e-05
141 4.1669e-05
142 4.1669e-05
143 4.1669e-05
144 4.1669e-05
145 4.1669e-05
146 4.1669e-05
147 4.1669e-05
148 4.1669e-05
149 4.1669e-05
150 4.1669e-05
151 4.1669e-05
152 4.1669e-05
153 4.1669e-05
154 4.1669e-05
155 4.1669e-05
156 4.1669e-05
157 4.1669e-05
158 4.1669e-05
159 4.1669e-05
160 4.1669e-05
161 4.1669e-05
162 4.1669e-05
163 4.1669e-05
164 4.1669e-05
165 4.1669e-05
166 4.1669e-05
167 4.1669e-05
168 4.1669e-05
169 4.1669e-05
170 4.1669e-05
171 4.1669e-05
172 4.1669e-05
173 4.1669e-05
174 4.1669e-05
175 4.1669e-05
176 4.1669e-05
177 4.1669e-05
178 4.1669e-05
179 4.1669e-05
180 4.1669e-05
181 4.1669e-05
182 4.1669e-05
183 4.1669e-05
184 4.1669e-05
185 4.1669e-05
186 4.1669e-05
187 4.1669e-05
188 4.1669e-05
189 4.1669e-05
190 4.1669e-05
191 4.1669e-05
192 4.1669e-05
193 4.1669e-05
194 4.1669e-05
195 4.1669e-05
196 4.1669e-05
197 4.1669e-05
198 4.1669e-05
199 4.1669e-05
200 4.1669e-05
201 4.1669e-05
202 4.1669e-05
203 4.1669e-05
204 4.1669e-05
205 4.1669e-05
206 4.1669e-05
207 4.1669e-05
208 4.1669e-05
209 4.1669e-05
210 4.1669e-05
211 4.1669e-05
212 4.1669e-05
213 4.1669e-05
214 4.1669e-05
