1 3.65956e-06
2 3.65956e-06
3 3.65956e-06
4 3.65956e-06
5 3.65956e-06
6 3.65956e-06
7 3.65956e-06
8 3.65956e-06
9 3.65956e-06
10 3.65956e-06
11 3.65956e-06
12 3.65956e-06
13 3.65956e-06
14 3.65956e-06
15 3.65956e-06
16 3.65956e-06
17 3.65956e-06
18 3.65956e-06
19 3.65956e-06
20 3.65956e-06
21 3.65956e-06
22 3.65956e-06
23 3.65956e-06
24 3.65956e-06
25 3.65956e-06
26 3.65956e-06
27 3.65956e-06
28 3.65956e-06
29 3.65956e-06
30 3.65956e-06
31 3.65956e-06
32 3.65956e-06
33 3.65956e-06
34 3.65956e-06
35 3.65956e-06
36 3.65956e-06
37 3.65956e-06
38 3.65956e-06
39 3.65956e-06
40 3.65956e-06
41 3.65956e-06
42 3.65956e-06
43 3.65956e-06
44 3.65956e-06
45 3.65956e-06
46 3.65956e-06
47 3.65956e-06
48 3.65956e-06
49 3.65956e-06
50 3.65956e-06
51 3.65956e-06
52 3.65956e-06
53 3.65956e-06
54 3.65956e-06
55 3.65956e-06
56 3.65956e-06
57 3.65956e-06
58 3.65956e-06
59 3.65956e-06
60 3.65956e-06
61 3.65956e-06
62 3.65956e-06
63 3.65956e-06
64 3.65956e-06
65 3.65956e-06
66 3.65956e-06
67 3.65956e-06
68 3.65956e-06
69 3.65956e-06
70 3.65956e-06
71 3.65956e-06
72 3.65956e-06
73 3.65969e-06
74 3.66021e-06
75 3.66163e-06
76 3.66641e-06
77 3.68024e-06
78 3.71994e-06
79 3.83537e-06
80 4.17984e-06
81 5.2282e-06
82 8.42429e-06
83 1.79807e-05
84 4.55161e-05
85 0.000121036
86 0.00031666
87 0.000793013
88 0.00188055
89 0.00420554
90 0.00885885
91 0.0175817
92 0.0329078
93 0.0581638
94 0.0972078
95 0.153816
96 0.230762
97 0.328866
98 0.446489
99 0.579853
100 0.724154
101 0.874909
102 0.903052
103 0.931432
104 0.95989
105 0.988368
106 0.99357
107 0.998772
108 0.999692
109 0.999692
110 0.998772
111 0.993571
112 0.965113
113 0.936733
114 0.908589
115 0.757813
116 0.613429
117 0.479811
118 0.361549
119 0.262119
120 0.182872
121 0.122866
122 0.0795093
123 0.0494911
124 0.029545
125 0.016848
126 0.00913869
127 0.00469782
128 0.00228274
129 0.00104728
130 0.000454057
131 0.000186901
132 7.40199e-05
133 2.92097e-05
134 1.24596e-05
135 6.5451e-06
136 4.56436e-06
137 3.93211e-06
138 3.73869e-06
139 3.68169e-06
140 3.66538e-06
141 3.66081e-06
142 3.65969e-06
143 3.65956e-06
144 3.65956e-06
145 3.65956e-06
146 3.65956e-06
147 3.65956e-06
148 3.65956e-06
149 3.65956e-06
150 3.65956e-06
151 3.65956e-06
152 3.65956e-06
153 3.65956e-06
154 3.65956e-06
155 3.65956e-06
156 3.65956e-06
157 3.65956e-06
158 3.65956e-06
159 3.65956e-06
160 3.65956e-06
161 3.65956e-06
162 3.65956e-06
163 3.65956e-06
164 3.65956e-06
165 3.65956e-06
166 3.65956e-06
167 3.65956e-06
168 3.65956e-06
169 3.65956e-06
170 3.65956e-06
171 3.65956e-06
172 3.65956e-06
173 3.65956e-06
174 3.65956e-06
175 3.65956e-06
176 3.65956e-06
177 3.65956e-06
178 3.65956e-06
179 3.65956e-06
180 3.65956e-06
181 3.65956e-06
182 3.65956e-06
183 3.65956e-06
184 3.65956e-06
185 3.65956e-06
186 3.65956e-06
187 3.65956e-06
188 3.65956e-06
189 3.65956e-06
190 3.65956e-06
191 3.65956e-06
192 3.65956e-06
193 3.65956e-06
194 3.65956e-06
195 3.65956e-06
196 3.65956e-06
197 3.65956e-06
198 3.65956e-06
199 3.65956e-06
200 3.65956e-06
201 3.65956e-06
202 3.65956e-06
203 3.65956e-06
204 3.65956e-06
205 3.65956e-06
206 3.65956e-06
207 3.65956e-06
208 3.65956e-06
209 3.65956e-06
210 3.65956e-06
211 3.65956e-06
212 3.65956e-06
213 3.65956e-06
214 3.65956e-06
