1 3.84237e-05
2 3.84237e-05
3 3.84237e-05
4 3.84237e-05
5 3.84237e-05
6 3.84237e-05
7 3.84237e-05
8 3.84237e-05
9 3.84237e-05
10 3.84237e-05
11 3.84237e-05
12 3.84237e-05
13 3.84237e-05
14 3.84237e-05
15 3.84237e-05
16 3.84237e-05
17 3.84237e-05
18 3.84237e-05
19 3.84237e-05
20 3.84237e-05
21 3.84237e-05
22 3.84237e-05
23 3.84237e-05
24 3.84237e-05
25 3.84237e-05
26 3.84237e-05
27 3.84237e-05
28 3.84237e-05
29 3.84237e-05
30 3.84237e-05
31 3.84237e-05
32 3.84237e-05
33 3.84237e-05
34 3.84237e-05
35 3.84237e-05
36 3.84237e-05
37 3.84237e-05
38 3.84237e-05
39 3.84237e-05
40 3.84237e-05
41 3.84237e-05
42 3.84237e-05
43 3.84237e-05
44 3.84237e-05
45 3.84237e-05
46 3.84237e-05
47 3.84237e-05
48 3.84237e-05
49 3.84237e-05
50 3.84237e-05
51 3.84237e-05
52 3.84237e-05
53 3.84237e-05
54 3.84237e-05
55 3.84237e-05
56 3.84237e-05
57 3.84237e-05
58 3.84237e-05
59 3.84237e-05
60 3.84237e-05
61 3.84237e-05
62 3.84237e-05
63 3.84237e-05
64 3.84237e-05
65 3.84237e-05
66 3.84237e-05
67 3.84237e-05
68 3.84237e-05
69 3.84237e-05
70 3.84237e-05
71 3.84237e-05
72 3.84237e-05
73 3.84237e-05
74 3.84237e-05
75 3.84237e-05
76 3.84237e-05
77 3.84237e-05
78 3.84237e-05
79 3.84237e-05
80 3.84237e-05
81 3.84237e-05
82 3.84237e-05
83 3.84237e-05
84 3.84237e-05
85 3.84253e-05
86 3.84326e-05
87 3.84557e-05
88 3.85294e-05
89 3.87609e-05
90 3.94188e-05
91 4.122e-05
92 4.61436e-05
93 6.01952e-05
94 0.000102985
95 0.000239485
96 0.000677202
97 0.00203611
98 0.00602223
99 0.0169197
100 0.0444842
101 0.108767
102 0.133985
103 0.183992
104 0.27569
105 0.431683
106 0.476629
107 0.542713
108 0.558626
109 0.560116
110 0.551922
111 0.518346
112 0.396738
113 0.320029
114 0.27421
115 0.133847
116 0.0608438
117 0.0257257
118 0.0101289
119 0.00373117
120 0.00130212
121 0.000445107
122 0.000162467
123 7.46245e-05
124 4.8632e-05
125 4.12266e-05
126 3.91751e-05
127 3.86187e-05
128 3.84706e-05
129 3.84326e-05
130 3.84253e-05
131 3.84237e-05
132 3.84237e-05
133 3.84237e-05
134 3.84237e-05
135 3.84237e-05
136 3.84237e-05
137 3.84237e-05
138 3.84237e-05
139 3.84237e-05
140 3.84237e-05
141 3.84237e-05
142 3.84237e-05
143 3.84237e-05
144 3.84237e-05
145 3.84237e-05
146 3.84237e-05
147 3.84237e-05
148 3.84237e-05
149 3.84237e-05
150 3.84237e-05
151 3.84237e-05
152 3.84237e-05
153 3.84237e-05
154 3.84237e-05
155 3.84237e-05
156 3.84237e-05
157 3.84237e-05
158 3.84237e-05
159 3.84237e-05
160 3.84237e-05
161 3.84237e-05
162 3.84237e-05
163 3.84237e-05
164 3.84237e-05
165 3.84237e-05
166 3.84237e-05
167 3.84237e-05
168 3.84237e-05
169 3.84237e-05
170 3.84237e-05
171 3.84237e-05
172 3.84237e-05
173 3.84237e-05
174 3.84237e-05
175 3.84237e-05
176 3.84237e-05
177 3.84237e-05
178 3.84237e-05
179 3.84237e-05
180 3.84237e-05
181 3.84237e-05
182 3.84237e-05
183 3.84237e-05
184 3.84237e-05
185 3.84237e-05
186 3.84237e-05
187 3.84237e-05
188 3.84237e-05
189 3.84237e-05
190 3.84237e-05
191 3.84237e-05
192 3.84237e-05
193 3.84237e-05
194 3.84237e-05
195 3.84237e-05
196 3.84237e-05
197 3.84237e-05
198 3.84237e-05
199 3.84237e-05
200 3.84237e-05
201 3.84237e-05
202 3.84237e-05
203 3.84237e-05
204 3.84237e-05
205 3.84237e-05
206 3.84237e-05
207 3.84237e-05
208 3.84237e-05
209 3.84237e-05
210 3.84237e-05
211 3.84237e-05
212 3.84237e-05
213 3.84237e-05
214 3.84237e-05
