1 3.19521e-05
2 3.19521e-05
3 3.19521e-05
4 3.19521e-05
5 3.19521e-05
6 3.19521e-05
7 3.19521e-05
8 3.19521e-05
9 3.19521e-05
10 3.19521e-05
11 3.19521e-05
12 3.19521e-05
13 3.19521e-05
14 3.19521e-05
15 3.19521e-05
16 3.19521e-05
17 3.19521e-05
18 3.19521e-05
19 3.19521e-05
20 3.19521e-05
21 3.19521e-05
22 3.19521e-05
23 3.19521e-05
24 3.19521e-05
25 3.19521e-05
26 3.19521e-05
27 3.19521e-05
28 3.19521e-05
29 3.19521e-05
30 3.19521e-05
31 3.19521e-05
32 3.19521e-05
33 3.19521e-05
34 3.19521e-05
35 3.19521e-05
36 3.19521e-05
37 3.19521e-05
38 3.19521e-05
39 3.19521e-05
40 3.19521e-05
41 3.19521e-05
42 3.19521e-05
43 3.19521e-05
44 3.19521e-05
45 3.19521e-05
46 3.19521e-05
47 3.19521e-05
48 3.19521e-05
49 3.19521e-05
50 3.19521e-05
51 3.19521e-05
52 3.19521e-05
53 3.19521e-05
54 3.19521e-05
55 3.19521e-05
56 3.19521e-05
57 3.19521e-05
58 3.19521e-05
59 3.19521e-05
60 3.19521e-05
61 3.19521e-05
62 3.19521e-05
63 3.19521e-05
64 3.19521e-05
65 3.19521e-05
66 3.19521e-05
67 3.19521e-05
68 3.19521e-05
69 3.19521e-05
70 3.19521e-05
71 3.19521e-05
72 3.19521e-05
73 3.19521e-05
74 3.19521e-05
75 3.19521e-05
76 3.19521e-05
77 3.19521e-05
78 3.19521e-05
79 3.19521e-05
80 3.19521e-05
81 3.19521e-05
82 3.19521e-05
83 3.19521e-05
84 3.19521e-05
85 3.19521e-05
86 3.19553e-05
87 3.19677e-05
88 3.20096e-05
89 3.21409e-05
90 3.25464e-05
91 3.36682e-05
92 3.67201e-05
93 4.52457e-05
94 7.05978e-05
95 0.000150552
96 0.000408215
97 0.00122195
98 0.00366695
99 0.0105374
100 0.0284261
101 0.0713825
102 0.0887193
103 0.124063
104 0.190585
105 0.306589
106 0.34082
107 0.392403
108 0.405134
109 0.406425
110 0.400097
111 0.374307
112 0.282079
113 0.224849
114 0.191356
115 0.0911575
116 0.0403952
117 0.0166431
118 0.00638867
119 0.00229971
120 0.000789508
121 0.000270471
122 0.000103342
123 5.24629e-05
124 3.76569e-05
125 3.34935e-05
126 3.23516e-05
127 3.20456e-05
128 3.19677e-05
129 3.19553e-05
130 3.19521e-05
131 3.19521e-05
132 3.19521e-05
133 3.19521e-05
134 3.19521e-05
135 3.19521e-05
136 3.19521e-05
137 3.19521e-05
138 3.19521e-05
139 3.19521e-05
140 3.19521e-05
141 3.19521e-05
142 3.19521e-05
143 3.19521e-05
144 3.19521e-05
145 3.19521e-05
146 3.19521e-05
147 3.19521e-05
148 3.19521e-05
149 3.19521e-05
150 3.19521e-05
151 3.19521e-05
152 3.19521e-05
153 3.19521e-05
154 3.19521e-05
155 3.19521e-05
156 3.19521e-05
157 3.19521e-05
158 3.19521e-05
159 3.19521e-05
160 3.19521e-05
161 3.19521e-05
162 3.19521e-05
163 3.19521e-05
164 3.19521e-05
165 3.19521e-05
166 3.19521e-05
167 3.19521e-05
168 3.19521e-05
169 3.19521e-05
170 3.19521e-05
171 3.19521e-05
172 3.19521e-05
173 3.19521e-05
174 3.19521e-05
175 3.19521e-05
176 3.19521e-05
177 3.19521e-05
178 3.19521e-05
179 3.19521e-05
180 3.19521e-05
181 3.19521e-05
182 3.19521e-05
183 3.19521e-05
184 3.19521e-05
185 3.19521e-05
186 3.19521e-05
187 3.19521e-05
188 3.19521e-05
189 3.19521e-05
190 3.19521e-05
191 3.19521e-05
192 3.19521e-05
193 3.19521e-05
194 3.19521e-05
195 3.19521e-05
196 3.19521e-05
197 3.19521e-05
198 3.19521e-05
199 3.19521e-05
200 3.19521e-05
201 3.19521e-05
202 3.19521e-05
203 3.19521e-05
204 3.19521e-05
205 3.19521e-05
206 3.19521e-05
207 3.19521e-05
208 3.19521e-05
209 3.19521e-05
210 3.19521e-05
211 3.19521e-05
212 3.19521e-05
213 3.19521e-05
214 3.19521e-05
