1 2.45523e-05
2 2.45523e-05
3 2.45523e-05
4 2.45523e-05
5 2.45523e-05
6 2.45523e-05
7 2.45523e-05
8 2.45523e-05
9 2.45523e-05
10 2.45523e-05
11 2.45523e-05
12 2.45523e-05
13 2.45523e-05
14 2.45523e-05
15 2.45523e-05
16 2.45523e-05
17 2.45523e-05
18 2.45523e-05
19 2.45523e-05
20 2.45523e-05
21 2.45523e-05
22 2.45523e-05
23 2.45523e-05
24 2.45523e-05
25 2.45523e-05
26 2.45523e-05
27 2.45523e-05
28 2.45523e-05
29 2.45523e-05
30 2.45523e-05
31 2.45523e-05
32 2.45523e-05
33 2.45523e-05
34 2.45523e-05
35 2.45523e-05
36 2.45523e-05
37 2.45523e-05
38 2.45523e-05
39 2.45523e-05
40 2.45523e-05
41 2.45523e-05
42 2.45523e-05
43 2.45523e-05
44 2.45523e-05
45 2.45523e-05
46 2.45523e-05
47 2.45523e-05
48 2.45523e-05
49 2.45523e-05
50 2.45523e-05
51 2.45523e-05
52 2.45523e-05
53 2.45523e-05
54 2.45523e-05
55 2.45523e-05
56 2.45523e-05
57 2.45523e-05
58 2.45523e-05
59 2.45523e-05
60 2.45523e-05
61 2.45523e-05
62 2.45523e-05
63 2.45523e-05
64 2.45523e-05
65 2.45523e-05
66 2.45523e-05
67 2.45523e-05
68 2.45523e-05
69 2.45523e-05
70 2.45523e-05
71 2.45523e-05
72 2.45523e-05
73 2.45523e-05
74 2.45523e-05
75 2.45523e-05
76 2.45523e-05
77 2.45523e-05
78 2.45523e-05
79 2.45523e-05
80 2.45523e-05
81 2.45523e-05
82 2.45523e-05
83 2.45523e-05
84 2.45523e-05
85 2.45523e-05
86 2.45523e-05
87 2.45584e-05
88 2.45807e-05
89 2.46518e-05
90 2.48819e-05
91 2.55321e-05
92 2.72971e-05
93 3.21396e-05
94 4.61725e-05
95 8.96536e-05
96 0.000229647
97 0.000677767
98 0.00205447
99 0.00602781
100 0.0166757
101 0.0430095
102 0.0539474
103 0.0768879
104 0.121237
105 0.200552
106 0.224525
107 0.261549
108 0.270915
109 0.271936
110 0.267428
111 0.249141
112 0.184622
113 0.14529
114 0.122768
115 0.0570413
116 0.024631
117 0.00988724
118 0.00370132
119 0.00130353
120 0.000441873
121 0.000153235
122 6.24051e-05
123 3.52816e-05
124 2.75055e-05
125 2.53418e-05
126 2.47526e-05
127 2.45951e-05
128 2.45584e-05
129 2.45523e-05
130 2.45523e-05
131 2.45523e-05
132 2.45523e-05
133 2.45523e-05
134 2.45523e-05
135 2.45523e-05
136 2.45523e-05
137 2.45523e-05
138 2.45523e-05
139 2.45523e-05
140 2.45523e-05
141 2.45523e-05
142 2.45523e-05
143 2.45523e-05
144 2.45523e-05
145 2.45523e-05
146 2.45523e-05
147 2.45523e-05
148 2.45523e-05
149 2.45523e-05
150 2.45523e-05
151 2.45523e-05
152 2.45523e-05
153 2.45523e-05
154 2.45523e-05
155 2.45523e-05
156 2.45523e-05
157 2.45523e-05
158 2.45523e-05
159 2.45523e-05
160 2.45523e-05
161 2.45523e-05
162 2.45523e-05
163 2.45523e-05
164 2.45523e-05
165 2.45523e-05
166 2.45523e-05
167 2.45523e-05
168 2.45523e-05
169 2.45523e-05
170 2.45523e-05
171 2.45523e-05
172 2.45523e-05
173 2.45523e-05
174 2.45523e-05
175 2.45523e-05
176 2.45523e-05
177 2.45523e-05
178 2.45523e-05
179 2.45523e-05
180 2.45523e-05
181 2.45523e-05
182 2.45523e-05
183 2.45523e-05
184 2.45523e-05
185 2.45523e-05
186 2.45523e-05
187 2.45523e-05
188 2.45523e-05
189 2.45523e-05
190 2.45523e-05
191 2.45523e-05
192 2.45523e-05
193 2.45523e-05
194 2.45523e-05
195 2.45523e-05
196 2.45523e-05
197 2.45523e-05
198 2.45523e-05
199 2.45523e-05
200 2.45523e-05
201 2.45523e-05
202 2.45523e-05
203 2.45523e-05
204 2.45523e-05
205 2.45523e-05
206 2.45523e-05
207 2.45523e-05
208 2.45523e-05
209 2.45523e-05
210 2.45523e-05
211 2.45523e-05
212 2.45523e-05
213 2.45523e-05
214 2.45523e-05
