1 3.71788e-06
2 3.71788e-06
3 3.71788e-06
4 3.71788e-06
5 3.71788e-06
6 3.71788e-06
7 3.71788e-06
8 3.71788e-06
9 3.71788e-06
10 3.71788e-06
11 3.71788e-06
12 3.71788e-06
13 3.71788e-06
14 3.71788e-06
15 3.71788e-06
16 3.71788e-06
17 3.71788e-06
18 3.71788e-06
19 3.71788e-06
20 3.71788e-06
21 3.71788e-06
22 3.71788e-06
23 3.71788e-06
24 3.71788e-06
25 3.71788e-06
26 3.71788e-06
27 3.71788e-06
28 3.71788e-06
29 3.71788e-06
30 3.71788e-06
31 3.71788e-06
32 3.71788e-06
33 3.71788e-06
34 3.71788e-06
35 3.71788e-06
36 3.71788e-06
37 3.71788e-06
38 3.71788e-06
39 3.71788e-06
40 3.71788e-06
41 3.71788e-06
42 3.71788e-06
43 3.71788e-06
44 3.71788e-06
45 3.71788e-06
46 3.71788e-06
47 3.71788e-06
48 3.71788e-06
49 3.71788e-06
50 3.71788e-06
51 3.71788e-06
52 3.71788e-06
53 3.71788e-06
54 3.71788e-06
55 3.71788e-06
56 3.71788e-06
57 3.71788e-06
58 3.71788e-06
59 3.71788e-06
60 3.71788e-06
61 3.71788e-06
62 3.71788e-06
63 3.71788e-06
64 3.71788e-06
65 3.71788e-06
66 3.71788e-06
67 3.71788e-06
68 3.71788e-06
69 3.71788e-06
70 3.71788e-06
71 3.71788e-06
72 3.71788e-06
73 3.71799e-06
74 3.71843e-06
75 3.71965e-06
76 3.72368e-06
77 3.73556e-06
78 3.76958e-06
79 3.86811e-06
80 4.16071e-06
81 5.04931e-06
82 7.76324e-06
83 1.59232e-05
84 3.96298e-05
85 0.000105299
86 0.000277274
87 0.000700842
88 0.00167911
89 0.00379477
90 0.00807743
91 0.016195
92 0.0306128
93 0.0546258
94 0.0921402
95 0.147102
96 0.222588
97 0.319801
98 0.437445
99 0.571914
100 0.71834
101 0.871995
102 0.900755
103 0.929795
104 0.958929
105 0.988089
106 0.993416
107 0.998742
108 0.999685
109 0.999685
110 0.998742
111 0.993417
112 0.964282
113 0.935242
114 0.906481
115 0.7528
116 0.606273
117 0.471503
118 0.353122
119 0.25442
120 0.176409
121 0.117802
122 0.075759
123 0.046845
124 0.0277625
125 0.0157045
126 0.00844359
127 0.0042996
128 0.00206862
129 0.000939516
130 0.000403348
131 0.000164599
132 6.48538e-05
133 2.56958e-05
134 1.12154e-05
135 6.15455e-06
136 4.47577e-06
137 3.94453e-06
138 3.78324e-06
139 3.73602e-06
140 3.72258e-06
141 3.71883e-06
142 3.71799e-06
143 3.71788e-06
144 3.71788e-06
145 3.71788e-06
146 3.71788e-06
147 3.71788e-06
148 3.71788e-06
149 3.71788e-06
150 3.71788e-06
151 3.71788e-06
152 3.71788e-06
153 3.71788e-06
154 3.71788e-06
155 3.71788e-06
156 3.71788e-06
157 3.71788e-06
158 3.71788e-06
159 3.71788e-06
160 3.71788e-06
161 3.71788e-06
162 3.71788e-06
163 3.71788e-06
164 3.71788e-06
165 3.71788e-06
166 3.71788e-06
167 3.71788e-06
168 3.71788e-06
169 3.71788e-06
170 3.71788e-06
171 3.71788e-06
172 3.71788e-06
173 3.71788e-06
174 3.71788e-06
175 3.71788e-06
176 3.71788e-06
177 3.71788e-06
178 3.71788e-06
179 3.71788e-06
180 3.71788e-06
181 3.71788e-06
182 3.71788e-06
183 3.71788e-06
184 3.71788e-06
185 3.71788e-06
186 3.71788e-06
187 3.71788e-06
188 3.71788e-06
189 3.71788e-06
190 3.71788e-06
191 3.71788e-06
192 3.71788e-06
193 3.71788e-06
194 3.71788e-06
195 3.71788e-06
196 3.71788e-06
197 3.71788e-06
198 3.71788e-06
199 3.71788e-06
200 3.71788e-06
201 3.71788e-06
202 3.71788e-06
203 3.71788e-06
204 3.71788e-06
205 3.71788e-06
206 3.71788e-06
207 3.71788e-06
208 3.71788e-06
209 3.71788e-06
210 3.71788e-06
211 3.71788e-06
212 3.71788e-06
213 3.71788e-06
214 3.71788e-06
