1 1.24778e-05
2 1.24778e-05
3 1.24778e-05
4 1.24778e-05
5 1.24778e-05
6 1.24778e-05
7 1.24778e-05
8 1.24778e-05
9 1.24778e-05
10 1.24778e-05
11 1.24778e-05
12 1.24778e-05
13 1.24778e-05
14 1.24778e-05
15 1.24778e-05
16 1.24778e-05
17 1.24778e-05
18 1.24778e-05
19 1.24778e-05
20 1.24778e-05
21 1.24778e-05
22 1.24778e-05
23 1.24778e-05
24 1.24778e-05
25 1.24778e-05
26 1.24778e-05
27 1.24778e-05
28 1.24778e-05
29 1.24778e-05
30 1.24778e-05
31 1.24778e-05
32 1.24778e-05
33 1.24778e-05
34 1.24778e-05
35 1.24778e-05
36 1.24778e-05
37 1.24778e-05
38 1.24778e-05
39 1.24778e-05
40 1.24778e-05
41 1.24778e-05
42 1.24778e-05
43 1.24778e-05
44 1.24778e-05
45 1.24778e-05
46 1.24778e-05
47 1.24778e-05
48 1.24778e-05
49 1.24778e-05
50 1.24778e-05
51 1.24778e-05
52 1.24778e-05
53 1.24778e-05
54 1.24778e-05
55 1.24778e-05
56 1.24778e-05
57 1.24778e-05
58 1.24778e-05
59 1.24778e-05
60 1.24778e-05
61 1.24778e-05
62 1.24778e-05
63 1.24778e-05
64 1.24778e-05
65 1.24778e-05
66 1.24778e-05
67 1.24778e-05
68 1.24778e-05
69 1.24778e-05
70 1.24778e-05
71 1.24778e-05
72 1.24778e-05
73 1.24778e-05
74 1.24778e-05
75 1.24778e-05
76 1.24778e-05
77 1.24778e-05
78 1.24778e-05
79 1.24778e-05
80 1.24778e-05
81 1.24778e-05
82 1.24778e-05
83 1.24778e-05
84 1.24778e-05
85 1.24778e-05
86 1.24778e-05
87 1.24778e-05
88 1.24829e-05
89 1.25045e-05
90 1.25654e-05
91 1.2751e-05
92 1.32699e-05
93 1.46654e-05
94 1.85175e-05
95 2.98749e-05
96 6.56539e-05
97 0.000181603
98 0.000551087
99 0.00167208
100 0.00485065
101 0.0131908
102 0.0168623
103 0.0250297
104 0.041723
105 0.0731802
106 0.0831637
107 0.0993628
108 0.103666
109 0.104198
110 0.102233
111 0.094339
112 0.0673159
113 0.0514864
114 0.0428437
115 0.0189057
116 0.00774457
117 0.00295102
118 0.00105242
119 0.000356835
120 0.000119932
121 4.43732e-05
122 2.15813e-05
123 1.50001e-05
124 1.31585e-05
125 1.26528e-05
126 1.25148e-05
127 1.24829e-05
128 1.24778e-05
129 1.24778e-05
130 1.24778e-05
131 1.24778e-05
132 1.24778e-05
133 1.24778e-05
134 1.24778e-05
135 1.24778e-05
136 1.24778e-05
137 1.24778e-05
138 1.24778e-05
139 1.24778e-05
140 1.24778e-05
141 1.24778e-05
142 1.24778e-05
143 1.24778e-05
144 1.24778e-05
145 1.24778e-05
146 1.24778e-05
147 1.24778e-05
148 1.24778e-05
149 1.24778e-05
150 1.24778e-05
151 1.24778e-05
152 1.24778e-05
153 1.24778e-05
154 1.24778e-05
155 1.24778e-05
156 1.24778e-05
157 1.24778e-05
158 1.24778e-05
159 1.24778e-05
160 1.24778e-05
161 1.24778e-05
162 1.24778e-05
163 1.24778e-05
164 1.24778e-05
165 1.24778e-05
166 1.24778e-05
167 1.24778e-05
168 1.24778e-05
169 1.24778e-05
170 1.24778e-05
171 1.24778e-05
172 1.24778e-05
173 1.24778e-05
174 1.24778e-05
175 1.24778e-05
176 1.24778e-05
177 1.24778e-05
178 1.24778e-05
179 1.24778e-05
180 1.24778e-05
181 1.24778e-05
182 1.24778e-05
183 1.24778e-05
184 1.24778e-05
185 1.24778e-05
186 1.24778e-05
187 1.24778e-05
188 1.24778e-05
189 1.24778e-05
190 1.24778e-05
191 1.24778e-05
192 1.24778e-05
193 1.24778e-05
194 1.24778e-05
195 1.24778e-05
196 1.24778e-05
197 1.24778e-05
198 1.24778e-05
199 1.24778e-05
200 1.24778e-05
201 1.24778e-05
202 1.24778e-05
203 1.24778e-05
204 1.24778e-05
205 1.24778e-05
206 1.24778e-05
207 1.24778e-05
208 1.24778e-05
209 1.24778e-05
210 1.24778e-05
211 1.24778e-05
212 1.24778e-05
213 1.24778e-05
214 1.24778e-05
