1 1.03996e-05
2 1.03996e-05
3 1.03996e-05
4 1.03996e-05
5 1.03996e-05
6 1.03996e-05
7 1.03996e-05
8 1.03996e-05
9 1.03996e-05
10 1.03996e-05
11 1.03996e-05
12 1.03996e-05
13 1.03996e-05
14 1.03996e-05
15 1.03996e-05
16 1.03996e-05
17 1.03996e-05
18 1.03996e-05
19 1.03996e-05
20 1.03996e-05
21 1.03996e-05
22 1.03996e-05
23 1.03996e-05
24 1.03996e-05
25 1.03996e-05
26 1.03996e-05
27 1.03996e-05
28 1.03996e-05
29 1.03996e-05
30 1.03996e-05
31 1.03996e-05
32 1.03996e-05
33 1.03996e-05
34 1.03996e-05
35 1.03996e-05
36 1.03996e-05
37 1.03996e-05
38 1.03996e-05
39 1.03996e-05
40 1.03996e-05
41 1.03996e-05
42 1.03996e-05
43 1.03996e-05
44 1.03996e-05
45 1.03996e-05
46 1.03996e-05
47 1.03996e-05
48 1.03996e-05
49 1.03996e-05
50 1.03996e-05
51 1.03996e-05
52 1.03996e-05
53 1.03996e-05
54 1.03996e-05
55 1.03996e-05
56 1.03996e-05
57 1.03996e-05
58 1.03996e-05
59 1.03996e-05
60 1.03996e-05
61 1.03996e-05
62 1.03996e-05
63 1.03996e-05
64 1.03996e-05
65 1.03996e-05
66 1.03996e-05
67 1.03996e-05
68 1.03996e-05
69 1.03996e-05
70 1.03996e-05
71 1.03996e-05
72 1.03996e-05
73 1.03996e-05
74 1.03996e-05
75 1.03996e-05
76 1.03996e-05
77 1.03996e-05
78 1.03996e-05
79 1.03996e-05
80 1.03996e-05
81 1.03996e-05
82 1.03996e-05
83 1.03996e-05
84 1.03996e-05
85 1.03996e-05
86 1.03996e-05
87 1.03996e-05
88 1.04032e-05
89 1.04184e-05
90 1.04621e-05
91 1.05871e-05
92 1.09615e-05
93 1.19699e-05
94 1.47377e-05
95 2.27908e-05
96 4.79243e-05
97 0.000129329
98 0.000390542
99 0.00119216
100 0.00349653
101 0.00963267
102 0.0123735
103 0.0185638
104 0.0313993
105 0.0559155
106 0.0637937
107 0.0767368
108 0.0802174
109 0.0806593
110 0.0790866
111 0.0727877
112 0.0514037
113 0.0390132
114 0.0323333
115 0.0140809
116 0.0056919
117 0.002141
118 0.000754753
119 0.000253929
120 8.55759e-05
121 3.25059e-05
122 1.6654e-05
123 1.21143e-05
124 1.08517e-05
125 1.05079e-05
126 1.04184e-05
127 1.04032e-05
128 1.03996e-05
129 1.03996e-05
130 1.03996e-05
131 1.03996e-05
132 1.03996e-05
133 1.03996e-05
134 1.03996e-05
135 1.03996e-05
136 1.03996e-05
137 1.03996e-05
138 1.03996e-05
139 1.03996e-05
140 1.03996e-05
141 1.03996e-05
142 1.03996e-05
143 1.03996e-05
144 1.03996e-05
145 1.03996e-05
146 1.03996e-05
147 1.03996e-05
148 1.03996e-05
149 1.03996e-05
150 1.03996e-05
151 1.03996e-05
152 1.03996e-05
153 1.03996e-05
154 1.03996e-05
155 1.03996e-05
156 1.03996e-05
157 1.03996e-05
158 1.03996e-05
159 1.03996e-05
160 1.03996e-05
161 1.03996e-05
162 1.03996e-05
163 1.03996e-05
164 1.03996e-05
165 1.03996e-05
166 1.03996e-05
167 1.03996e-05
168 1.03996e-05
169 1.03996e-05
170 1.03996e-05
171 1.03996e-05
172 1.03996e-05
173 1.03996e-05
174 1.03996e-05
175 1.03996e-05
176 1.03996e-05
177 1.03996e-05
178 1.03996e-05
179 1.03996e-05
180 1.03996e-05
181 1.03996e-05
182 1.03996e-05
183 1.03996e-05
184 1.03996e-05
185 1.03996e-05
186 1.03996e-05
187 1.03996e-05
188 1.03996e-05
189 1.03996e-05
190 1.03996e-05
191 1.03996e-05
192 1.03996e-05
193 1.03996e-05
194 1.03996e-05
195 1.03996e-05
196 1.03996e-05
197 1.03996e-05
198 1.03996e-05
199 1.03996e-05
200 1.03996e-05
201 1.03996e-05
202 1.03996e-05
203 1.03996e-05
204 1.03996e-05
205 1.03996e-05
206 1.03996e-05
207 1.03996e-05
208 1.03996e-05
209 1.03996e-05
210 1.03996e-05
211 1.03996e-05
212 1.03996e-05
213 1.03996e-05
214 1.03996e-05
