1 7.15672e-06
2 7.15672e-06
3 7.15672e-06
4 7.15672e-06
5 7.15672e-06
6 7.15672e-06
7 7.15672e-06
8 7.15672e-06
9 7.15672e-06
10 7.15672e-06
11 7.15672e-06
12 7.15672e-06
13 7.15672e-06
14 7.15672e-06
15 7.15672e-06
16 7.15672e-06
17 7.15672e-06
18 7.15672e-06
19 7.15672e-06
20 7.15672e-06
21 7.15672e-06
22 7.15672e-06
23 7.15672e-06
24 7.15672e-06
25 7.15672e-06
26 7.15672e-06
27 7.15672e-06
28 7.15672e-06
29 7.15672e-06
30 7.15672e-06
31 7.15672e-06
32 7.15672e-06
33 7.15672e-06
34 7.15672e-06
35 7.15672e-06
36 7.15672e-06
37 7.15672e-06
38 7.15672e-06
39 7.15672e-06
40 7.15672e-06
41 7.15672e-06
42 7.15672e-06
43 7.15672e-06
44 7.15672e-06
45 7.15672e-06
46 7.15672e-06
47 7.15672e-06
48 7.15672e-06
49 7.15672e-06
50 7.15672e-06
51 7.15672e-06
52 7.15672e-06
53 7.15672e-06
54 7.15672e-06
55 7.15672e-06
56 7.15672e-06
57 7.15672e-06
58 7.15672e-06
59 7.15672e-06
60 7.15672e-06
61 7.15672e-06
62 7.15672e-06
63 7.15672e-06
64 7.15672e-06
65 7.15672e-06
66 7.15672e-06
67 7.15672e-06
68 7.15672e-06
69 7.15672e-06
70 7.15672e-06
71 7.15672e-06
72 7.15672e-06
73 7.15672e-06
74 7.15672e-06
75 7.15672e-06
76 7.15672e-06
77 7.15672e-06
78 7.15672e-06
79 7.15672e-06
80 7.15672e-06
81 7.15672e-06
82 7.15672e-06
83 7.15672e-06
84 7.15672e-06
85 7.15672e-06
86 7.15672e-06
87 7.15672e-06
88 7.15672e-06
89 7.16253e-06
90 7.18632e-06
91 7.25103e-06
92 7.44864e-06
93 7.98434e-06
94 9.42755e-06
95 1.3508e-05
96 2.59427e-05
97 6.59536e-05
98 0.000195674
99 0.000602239
100 0.00180254
101 0.00509366
102 0.00660693
103 0.0101317
104 0.0176578
105 0.0324345
106 0.0373045
107 0.045509
108 0.0477693
109 0.0480712
110 0.0470683
111 0.0430771
112 0.0297669
113 0.0222289
114 0.01827
115 0.00774732
116 0.00304922
117 0.00111799
118 0.000385492
119 0.000128086
120 4.37471e-05
121 1.77493e-05
122 1.01218e-05
123 7.9642e-06
124 7.36728e-06
125 7.20346e-06
126 7.16253e-06
127 7.15672e-06
128 7.15672e-06
129 7.15672e-06
130 7.15672e-06
131 7.15672e-06
132 7.15672e-06
133 7.15672e-06
134 7.15672e-06
135 7.15672e-06
136 7.15672e-06
137 7.15672e-06
138 7.15672e-06
139 7.15672e-06
140 7.15672e-06
141 7.15672e-06
142 7.15672e-06
143 7.15672e-06
144 7.15672e-06
145 7.15672e-06
146 7.15672e-06
147 7.15672e-06
148 7.15672e-06
149 7.15672e-06
150 7.15672e-06
151 7.15672e-06
152 7.15672e-06
153 7.15672e-06
154 7.15672e-06
155 7.15672e-06
156 7.15672e-06
157 7.15672e-06
158 7.15672e-06
159 7.15672e-06
160 7.15672e-06
161 7.15672e-06
162 7.15672e-06
163 7.15672e-06
164 7.15672e-06
165 7.15672e-06
166 7.15672e-06
167 7.15672e-06
168 7.15672e-06
169 7.15672e-06
170 7.15672e-06
171 7.15672e-06
172 7.15672e-06
173 7.15672e-06
174 7.15672e-06
175 7.15672e-06
176 7.15672e-06
177 7.15672e-06
178 7.15672e-06
179 7.15672e-06
180 7.15672e-06
181 7.15672e-06
182 7.15672e-06
183 7.15672e-06
184 7.15672e-06
185 7.15672e-06
186 7.15672e-06
187 7.15672e-06
188 7.15672e-06
189 7.15672e-06
190 7.15672e-06
191 7.15672e-06
192 7.15672e-06
193 7.15672e-06
194 7.15672e-06
195 7.15672e-06
196 7.15672e-06
197 7.15672e-06
198 7.15672e-06
199 7.15672e-06
200 7.15672e-06
201 7.15672e-06
202 7.15672e-06
203 7.15672e-06
204 7.15672e-06
205 7.15672e-06
206 7.15672e-06
207 7.15672e-06
208 7.15672e-06
209 7.15672e-06
210 7.15672e-06
211 7.15672e-06
212 7.15672e-06
213 7.15672e-06
214 7.15672e-06
