1 5.96143e-06
2 5.96143e-06
3 5.96143e-06
4 5.96143e-06
5 5.96143e-06
6 5.96143e-06
7 5.96143e-06
8 5.96143e-06
9 5.96143e-06
10 5.96143e-06
11 5.96143e-06
12 5.96143e-06
13 5.96143e-06
14 5.96143e-06
15 5.96143e-06
16 5.96143e-06
17 5.96143e-06
18 5.96143e-06
19 5.96143e-06
20 5.96143e-06
21 5.96143e-06
22 5.96143e-06
23 5.96143e-06
24 5.96143e-06
25 5.96143e-06
26 5.96143e-06
27 5.96143e-06
28 5.96143e-06
29 5.96143e-06
30 5.96143e-06
31 5.96143e-06
32 5.96143e-06
33 5.96143e-06
34 5.96143e-06
35 5.96143e-06
36 5.96143e-06
37 5.96143e-06
38 5.96143e-06
39 5.96143e-06
40 5.96143e-06
41 5.96143e-06
42 5.96143e-06
43 5.96143e-06
44 5.96143e-06
45 5.96143e-06
46 5.96143e-06
47 5.96143e-06
48 5.96143e-06
49 5.96143e-06
50 5.96143e-06
51 5.96143e-06
52 5.96143e-06
53 5.96143e-06
54 5.96143e-06
55 5.96143e-06
56 5.96143e-06
57 5.96143e-06
58 5.96143e-06
59 5.96143e-06
60 5.96143e-06
61 5.96143e-06
62 5.96143e-06
63 5.96143e-06
64 5.96143e-06
65 5.96143e-06
66 5.96143e-06
67 5.96143e-06
68 5.96143e-06
69 5.96143e-06
70 5.96143e-06
71 5.96143e-06
72 5.96143e-06
73 5.96143e-06
74 5.96143e-06
75 5.96143e-06
76 5.96143e-06
77 5.96143e-06
78 5.96143e-06
79 5.96143e-06
80 5.96143e-06
81 5.96143e-06
82 5.96143e-06
83 5.96143e-06
84 5.96143e-06
85 5.96143e-06
86 5.96143e-06
87 5.96143e-06
88 5.96143e-06
89 5.96551e-06
90 5.98247e-06
91 6.02935e-06
92 6.15843e-06
93 6.54545e-06
94 7.58567e-06
95 1.05037e-05
96 1.92842e-05
97 4.73777e-05
98 0.000138759
99 0.000427893
100 0.00129256
101 0.00369796
102 0.00481997
103 0.00747468
104 0.0132284
105 0.0246851
106 0.0285098
107 0.0350357
108 0.0368553
109 0.037104
110 0.0363028
111 0.0331257
112 0.0226304
113 0.0167572
114 0.013714
115 0.00573769
116 0.00222829
117 0.000806736
118 0.000275265
119 9.10445e-05
120 3.14368e-05
121 1.3261e-05
122 7.97865e-06
123 6.49483e-06
124 6.08827e-06
125 5.98247e-06
126 5.96551e-06
127 5.96143e-06
128 5.96143e-06
129 5.96143e-06
130 5.96143e-06
131 5.96143e-06
132 5.96143e-06
133 5.96143e-06
134 5.96143e-06
135 5.96143e-06
136 5.96143e-06
137 5.96143e-06
138 5.96143e-06
139 5.96143e-06
140 5.96143e-06
141 5.96143e-06
142 5.96143e-06
143 5.96143e-06
144 5.96143e-06
145 5.96143e-06
146 5.96143e-06
147 5.96143e-06
148 5.96143e-06
149 5.96143e-06
150 5.96143e-06
151 5.96143e-06
152 5.96143e-06
153 5.96143e-06
154 5.96143e-06
155 5.96143e-06
156 5.96143e-06
157 5.96143e-06
158 5.96143e-06
159 5.96143e-06
160 5.96143e-06
161 5.96143e-06
162 5.96143e-06
163 5.96143e-06
164 5.96143e-06
165 5.96143e-06
166 5.96143e-06
167 5.96143e-06
168 5.96143e-06
169 5.96143e-06
170 5.96143e-06
171 5.96143e-06
172 5.96143e-06
173 5.96143e-06
174 5.96143e-06
175 5.96143e-06
176 5.96143e-06
177 5.96143e-06
178 5.96143e-06
179 5.96143e-06
180 5.96143e-06
181 5.96143e-06
182 5.96143e-06
183 5.96143e-06
184 5.96143e-06
185 5.96143e-06
186 5.96143e-06
187 5.96143e-06
188 5.96143e-06
189 5.96143e-06
190 5.96143e-06
191 5.96143e-06
192 5.96143e-06
193 5.96143e-06
194 5.96143e-06
195 5.96143e-06
196 5.96143e-06
197 5.96143e-06
198 5.96143e-06
199 5.96143e-06
200 5.96143e-06
201 5.96143e-06
202 5.96143e-06
203 5.96143e-06
204 5.96143e-06
205 5.96143e-06
206 5.96143e-06
207 5.96143e-06
208 5.96143e-06
209 5.96143e-06
210 5.96143e-06
211 5.96143e-06
212 5.96143e-06
213 5.96143e-06
214 5.96143e-06
