1 2.90931e-06
2 2.90931e-06
3 2.90931e-06
4 2.90931e-06
5 2.90931e-06
6 2.90931e-06
7 2.90931e-06
8 2.90931e-06
9 2.90931e-06
10 2.90931e-06
11 2.90931e-06
12 2.90931e-06
13 2.90931e-06
14 2.90931e-06
15 2.90931e-06
16 2.90931e-06
17 2.90931e-06
18 2.90931e-06
19 2.90931e-06
20 2.90931e-06
21 2.90931e-06
22 2.90931e-06
23 2.90931e-06
24 2.90931e-06
25 2.90931e-06
26 2.90931e-06
27 2.90931e-06
28 2.90931e-06
29 2.90931e-06
30 2.90931e-06
31 2.90931e-06
32 2.90931e-06
33 2.90931e-06
34 2.90931e-06
35 2.90931e-06
36 2.90931e-06
37 2.90931e-06
38 2.90931e-06
39 2.90931e-06
40 2.90931e-06
41 2.90931e-06
42 2.90931e-06
43 2.90931e-06
44 2.90931e-06
45 2.90931e-06
46 2.90931e-06
47 2.90931e-06
48 2.90931e-06
49 2.90931e-06
50 2.90931e-06
51 2.90931e-06
52 2.90931e-06
53 2.90931e-06
54 2.90931e-06
55 2.90931e-06
56 2.90931e-06
57 2.90931e-06
58 2.90931e-06
59 2.90931e-06
60 2.90931e-06
61 2.90931e-06
62 2.90931e-06
63 2.90931e-06
64 2.90931e-06
65 2.90931e-06
66 2.90931e-06
67 2.90931e-06
68 2.90931e-06
69 2.90931e-06
70 2.90931e-06
71 2.90931e-06
72 2.90931e-06
73 2.90931e-06
74 2.90931e-06
75 2.90931e-06
76 2.90931e-06
77 2.90931e-06
78 2.90931e-06
79 2.90931e-06
80 2.90931e-06
81 2.90931e-06
82 2.90931e-06
83 2.90931e-06
84 2.90931e-06
85 2.90931e-06
86 2.90931e-06
87 2.90931e-06
88 2.90931e-06
89 2.90931e-06
90 2.90931e-06
91 2.9197e-06
92 2.95355e-06
93 3.05026e-06
94 3.35111e-06
95 4.16071e-06
96 6.46858e-06
97 1.35592e-05
98 3.65449e-05
99 0.000111353
100 0.000345787
101 0.00103561
102 0.00137575
103 0.00223426
104 0.00421303
105 0.00838933
106 0.00985949
107 0.0125022
108 0.0132754
109 0.0133899
110 0.0130566
111 0.0117592
112 0.00764759
113 0.00546121
114 0.00439043
115 0.00173973
116 0.000640667
117 0.00022095
118 7.27311e-05
119 2.40239e-05
120 8.994e-06
121 4.59015e-06
122 3.34684e-06
123 3.00517e-06
124 2.9197e-06
125 2.90931e-06
126 2.90931e-06
127 2.90931e-06
128 2.90931e-06
129 2.90931e-06
130 2.90931e-06
131 2.90931e-06
132 2.90931e-06
133 2.90931e-06
134 2.90931e-06
135 2.90931e-06
136 2.90931e-06
137 2.90931e-06
138 2.90931e-06
139 2.90931e-06
140 2.90931e-06
141 2.90931e-06
142 2.90931e-06
143 2.90931e-06
144 2.90931e-06
145 2.90931e-06
146 2.90931e-06
147 2.90931e-06
148 2.90931e-06
149 2.90931e-06
150 2.90931e-06
151 2.90931e-06
152 2.90931e-06
153 2.90931e-06
154 2.90931e-06
155 2.90931e-06
156 2.90931e-06
157 2.90931e-06
158 2.90931e-06
159 2.90931e-06
160 2.90931e-06
161 2.90931e-06
162 2.90931e-06
163 2.90931e-06
164 2.90931e-06
165 2.90931e-06
166 2.90931e-06
167 2.90931e-06
168 2.90931e-06
169 2.90931e-06
170 2.90931e-06
171 2.90931e-06
172 2.90931e-06
173 2.90931e-06
174 2.90931e-06
175 2.90931e-06
176 2.90931e-06
177 2.90931e-06
178 2.90931e-06
179 2.90931e-06
180 2.90931e-06
181 2.90931e-06
182 2.90931e-06
183 2.90931e-06
184 2.90931e-06
185 2.90931e-06
186 2.90931e-06
187 2.90931e-06
188 2.90931e-06
189 2.90931e-06
190 2.90931e-06
191 2.90931e-06
192 2.90931e-06
193 2.90931e-06
194 2.90931e-06
195 2.90931e-06
196 2.90931e-06
197 2.90931e-06
198 2.90931e-06
199 2.90931e-06
200 2.90931e-06
201 2.90931e-06
202 2.90931e-06
203 2.90931e-06
204 2.90931e-06
205 2.90931e-06
206 2.90931e-06
207 2.90931e-06
208 2.90931e-06
209 2.90931e-06
210 2.90931e-06
211 2.90931e-06
212 2.90931e-06
213 2.90931e-06
214 2.90931e-06
