-0.06  -0.06  -0.06  -0.06
-0.06502752401677836  -0.05867899543554229  -0.05980404832019495  -0.059804048320194945  -0.06502752401677836
-0.07089566719061126  -0.056404850284370985  -0.05960875146080556  -0.059608751460805576  -0.07089566719061126
-0.07675547449304869  -0.05414017632193989  -0.059414114044313245  -0.059414114044313265  -0.07675547449304869
-0.08260963808483528  -0.05188589916290193  -0.0592201406402277  -0.05922014064022772  -0.08260963808483528
-0.08845998620643562  -0.049642895331123704  -0.059026835763224754  -0.05902683576322478  -0.08845998620643562
-0.09430774083144161  -0.047411954454649345  -0.058834203871305044  -0.058834203871305064  -0.09430774083144161
-0.10015371488281316  -0.04519374262995634  -0.05864224936397546  -0.05864224936397549  -0.10015371488281316
-0.10599845070852966  -0.042988771002732296  -0.05845097658045544  -0.05845097658045547  -0.10599845070852966
-0.11184231304861389  -0.04079737336371729  -0.05826038979790985  -0.058260389797909894  -0.11184231304861389
-0.117685550031  -0.03861969552943365  -0.05807049322971048  -0.05807049322971051  -0.117685550031
-0.12352833278455574  -0.0364556976514724  -0.05788129102372789  -0.057881291023727924  -0.12352833278455574
-0.1293707811100853  -0.03430516875169435  -0.057692787260655624  -0.057692787260655666  -0.1293707811100853
-0.13521298017130814  -0.032167751155487784  -0.057504985952368415  -0.05750498595236844  -0.13521298017130814
-0.14105499142588757  -0.030042971439816803  -0.057317891040316135  -0.05731789104031617  -0.14105499142588757
-0.14689685985763914  -0.02793027417697863  -0.05713150639395546  -0.057131506393955485  -0.14689685985763914
-0.15273861882162923  -0.025829055075379234  -0.05694583580922046  -0.05694583580922049  -0.15273861882162923
-0.1585802933364063  -0.023738690884930014  -0.05676088300703425  -0.056760883007034295  -0.1585802933364063
-0.16442190235552773  -0.02165856438900384  -0.05657665163186284  -0.05657665163186288  -0.16442190235552773
-0.1702634603598154  -0.019588083725975095  -0.05639314525031285  -0.0563931452503129  -0.1702634603598154
-0.17610497849119378  -0.01752669603015436  -0.056210367349774665  -0.05621036734977471  -0.17610497849119378
-0.18194646537243336  -0.015473895897539395  -0.05602832133711217  -0.05602832133711222  -0.18194646537243336
-0.18778792770825484  -0.013429229473092549  -0.055847010537400564  -0.05584701053740061  -0.18778792770825484
-0.19362937073179537  -0.011392295065958973  -0.05566643819271338  -0.05566643819271343  -0.19362937073179537
-0.19947079853999167  -0.009362741181874475  -0.05548660746096  -0.05548660746096004  -0.19947079853999167
-0.20531221434798955  -0.007340262769153151  -0.055307521414774685  -0.05530752141477473  -0.20531221434798955
-0.21115362068372975  -0.00532459634633218  -0.05512918304045821  -0.05512918304045825  -0.21115362068372975
-0.21699501953780326  -0.0033155145434355746  -0.054951595236973017  -0.054951595236973065  -0.21699501953780326
-0.22283641247951086  -0.0013128204614806195  -0.05477476081499275  -0.054774760814992794  -0.22283641247951086
-0.22867780074716063  0.000683657855473541  -0.05459868249600703  -0.05459868249600708  -0.22867780074716063
-0.23451918531858018  0.002674072632082649  -0.054423362911482163  -0.054423362911482205  -0.23451918531858018
-0.24036056696634084  0.004658561125227486  -0.054248804602078364  -0.054248804602078406  -0.24036056696634084
-0.2462019463011088  0.006637249862062583  -0.05407501001692414  -0.0540750100169242  -0.2462019463011088
-0.25204332380573863  0.008610258316332133  -0.05390198151294821  -0.053901981512948276  -0.25204332380573863
-0.25788469986212464  0.010577702016571225  -0.053729721354269414  -0.05372972135426948  -0.25788469986212464
-0.2637260747723726  0.012539695101147347  -0.053558231711644824  -0.0535582317116449  -0.2637260747723726
-0.2695674487755079  0.014496352349932937  -0.05338751466197647  -0.05338751466197654  -0.2695674487755079
-0.27540882206067024  0.016447790732337528  -0.05321757218787654  -0.05321757218787661  -0.27540882206067024
-0.2812501947775395  0.01839413051767842  -0.0530484061772913  -0.04974500978228654  -0.1170543015606462  -0.2812501947775395
-0.2870915670445766  0.02033549599732743  -0.052880018423183704  -0.04401691736349299  -0.18997511726883395  -0.2870915670445766
-0.2929329389555409  0.02227201586939633  -0.05271241062327448  -0.03832422437165198  -0.2628958534750421  -0.2929329389555409
-0.2987743105846438  0.024203823336403484  -0.05254558437984153  -0.03266689229754008  -0.3358165854256669  -0.2987743105846438
-0.30461568199062666  0.026131055964771215  -0.052379541199577426  -0.027042229758862304  -0.4087373171461479  -0.30461568199062666
-0.3104570532199869  0.028053855352432048  -0.052214282493504585  -0.021446232760124244  -0.4816580488541772  -0.3104570532199869
-0.3162984243095306  0.02997236664751812  -0.0520498095769478  -0.01587490539135916  -0.5545787805615328  -0.3162984243095306
-0.3221397952883933  0.03188673795728149  -0.05188612366956347  -0.010325005411377647  -0.627499512268852  -0.3221397952883933
-0.3279811661796387  0.03379711968223034  -0.05172322589542511  -0.004794211644116073  -0.7004202439761692  -0.3279811661796387
-0.33382253700152414  0.03570366380613126  -0.051561117283164405  0.0007190420640692263  -0.7733409756834864  -0.33382253700152414
-0.33966390776850236  0.03760652316816478  -0.05139979876616715  0.006215841495253249  -0.8462617073908034  -0.33966390776850236
-0.3455052784920145  0.03950585073925384  -0.05123927118282325  0.011697047689219696  -0.9191824390981205  -0.3455052784920145
-0.35134664918111763  0.04140179892051308  -0.05107953527683001  0.01716348291563865  -0.9921031708054378  -0.35134664918111763
-0.3704522730292196  0.04329451887797078  -0.05092059169754774  0.022616038849211095  -1.0650239025127548  -0.3602589112342058  -0.3704522730292196
-0.3702022730907102  0.045184159924252454  -0.05076244100040674  0.02805571830770784  -1.1379446342200716  -0.4108563688734185  -0.3702022730907102
-0.3699522731528188  0.04707086895482154  -0.05060508364736475  0.03348362917886372  -1.2108653659273885  -0.46145382650213523  -0.3699522731528188
-0.36970227321555166  0.048954789943668676  -0.05044852000741359  0.03890094997109064  -1.2837860976347053  -0.5120512841294651  -0.36970227321555166
-0.36945227327891494  0.05083606350102715  -0.05029275035713413  0.04430888364697523  -1.3567068293420224  -0.5626487417566116  -0.36945227327891494
-0.36920227334291505  0.052714826493759796  -0.05013777488129822  0.049708611874830944  -1.4296275610493394  -0.6132461993837338  -0.36920227334291505
-0.3689522734075584  0.054591211727489625  -0.04998359367351645  0.05510125699638166  -1.5025482927566565  -0.6638436570108529  -0.3689522734075584
-0.3687022734728514  0.05646534768830543  -0.04983020673693056  0.0604878548668048  -1.5754690244639733  -0.7144411146379716  -0.3687022734728514
-0.3684522735388006  0.058337358340931025  -0.04967761398494911  0.0658693387710479  -1.6483897561712904  -0.7650385722650902  -0.3684522735388006
-0.36820227360541263  0.06020736297956777  -0.04952581524202515  0.07124653289949671  -1.7213104878786074  -0.8156360298922088  -0.36820227360541263
-0.36795227367269406  0.062075476127167475  -0.04937481024447455  0.07662015314143215  -1.7942312195859245  -0.8662334875193275  -0.36795227367269406
-0.36770227374065173  0.06394180747863201  -0.049224598641333606  0.08199081289552879  -1.8671519512932413  -0.9168309451464461  -0.36770227374065173
-0.3674522738092924  0.06580646188333274  -0.049075179995254486  0.08735903189956541  0.8166289786907931  -1.6212906425358584  -0.9674284027735648  -0.3674522738092924
-0.3672022738786229  0.06766953936236675  -0.048926553783437125  0.09272524652441137  0.8163789786907931  -1.6942113742431755  -1.0180258604006833  -0.3672022738786229
-0.3669522739486502  0.06953113515609019  -0.04877871939859616  0.09808982042452123  0.8161289786907933  -1.7671321059504923  -1.0686233180278017  -0.3669522739486502
-0.36670227401938127  0.07139133979766603  -0.04863167614996138  0.10345305482120094  0.8158789786907933  -1.8400528376578094  -1.1192207756549202  -0.36670227401938127
-0.3664522740908233  0.07325023920861527  -0.04848542326431024  0.10881519799316883  0.8156289786907933  -1.9129735693651264  -1.1698182332820386  -0.3664522740908233
-0.3662022741629833  0.07510791481264763  -0.04833995988703103  0.11417645376364094  0.8153789786907933  -1.9858943010724432  -1.2204156909091572  -0.3662022741629833
-0.36595227423586846  0.07696444366435534  -0.04819528508321509  0.11953698891763943  0.8151289786907934  -2.0588150327797603  -1.2710131485362754  -0.36595227423586846
-0.36570227430948615  0.07881989858967181  -0.04805139783877669  0.12489693957373542  0.8148789786907934  -2.1317357644870776  -1.3216106061633939  -0.36570227430948615
-0.3654522743838438  0.08067434833531273  -0.047908297061599  0.13025641658614084  0.8146289786907934  -2.204656496194395  -1.3722080637905123  -0.3654522743838438
-0.3652022744589487  0.08252785772472791  -0.04776598158270472  0.13561551007835929  0.8143789786907936  -2.277577227901712  -1.4228055214176307  -0.3652022744589487
-0.3649522745348084  0.08438048781838768  -0.04762445015744984  0.14097429321787885  0.8141289786907936  -2.3504979596090294  -1.4734029790447492  -0.3649522745348084
-0.3647022746114305  0.08623229607650854  -0.04748370146673907  0.14633282533935377  0.8138789786907936  -2.4234186913163467  -1.5240004366718676  -0.3647022746114305
-0.3644522746888227  0.08808333652258284  -0.04734373411826145  0.151691154515955  0.8136289786907936  -2.496339423023664  -1.574597894298986  -0.3644522746888227
-0.36420227476699263  0.08993365990631827  -0.047204546647744684  0.1570493196680725  0.8133789786907937  -2.5692601547309812  -1.6251953519261044  -0.36420227476699263
-0.3639522748459483  0.09178331386481128  -0.04706613752022676  0.1624073522871882  0.8131289786907937  -2.6421808864382985  -1.6757928095532229  -0.3639522748459483
-0.36370227492569746  0.0936323430809768  -0.04692850513134336  0.1677652778416163  0.8128789786907937  -2.715101618145616  -1.7263902671803413  -0.36370227492569746
-0.3634522750062481  0.09548078943843394  -0.04679164780862981  0.17312311692051705  0.8126289786907938  -2.788022349852933  -1.77698772480746  -0.3634522750062481
-0.36320227508760833  0.09732869217220448  -0.046655563812835844  0.17848088616341265  0.8123789786907939  -2.86094308156025  -1.8275851824345783  -0.36320227508760833
-0.3629522751697862  0.09917608801472012  -0.046520251339252236  0.18383859901444435  0.8121289786907939  -2.933863813267567  -1.878182640061697  -0.3629522751697862
-0.36270227525279  0.10102301133675573  -0.046385708519047546  0.1891962663337779  0.811878978690794  -3.006784544974884  -1.9287800976888152  -0.36270227525279
-0.36245227533662805  0.1028694942830112  -0.04625193342061386  0.19455389689279712  0.811628978690794  -3.079705276682201  -1.9793775553159334  -0.36245227533662805
-0.3622022754213086  0.10471556690215542  -0.046118924050920204  0.19991149777490363  0.811378978690794  1.3471210585484628  -2.626822668468167  -2.029975012943052  -0.3622022754213086
-0.3619522755068402  0.10656125727122348  -0.04598667835687231  0.20526907469973957  0.811128978690794  1.3468710585484627  -2.6997434001754845  -2.0805724705701705  -0.3619522755068402
-0.3617022755932315  0.1084065916143239  -0.045855194226677436  0.21062663228534934  0.8108789786907941  1.3466210585484626  -2.772664131882802  -2.131169928197289  -0.3617022755932315
-0.36145227568049104  0.11025159441566756  -0.04572446949121309  0.2159841742600846  0.8106289786907941  1.3463710585484625  -2.845584863590119  -2.1817673858244078  -0.36145227568049104
-0.36120227576862746  0.1120962885269761  -0.04559450192539847  0.22134170363383826  0.8103789786907942  1.3461210585484624  -2.9185055952974364  -2.2323648434515264  -0.36120227576862746
-0.3609522758576498  0.11394069526936446  -0.04546528924956741  0.22669922283638122  0.8101289786907943  1.3458710585484623  -2.9914263270047536  -2.2829623010786446  -0.3609522758576498
-0.36070227594756676  0.1157848345298227  -0.04533682913084167  0.23205673382910183  0.8098789786907943  1.3456210585484623  -3.064347058712071  -2.333559758705763  -0.36070227594756676
-0.3604522760383875  0.11762872485244628  -0.04520911918450358  0.23741423819524798  0.8096289786907943  1.3453710585484622  -3.137267790419388  -2.3841572163328815  -0.3604522760383875
-0.3602022761301209  0.11947238352458181  -0.04508215697536685  0.24277173721279885  0.8093789786907943  1.345121058548462  -3.2101885221267055  -2.43475467396  -0.3602022761301209
-0.3599522762227763  0.12131582665806954  -0.0449559400191446  0.24812923191330424  0.8091289786907944  1.344871058548462  -3.283109253834023  -2.4853521315871188  -0.3599522762227763
-0.359702276316363  0.12315906926577334  -0.04483046578381364  0.2534867231293899  0.8088789786907944  1.344621058548462  -3.3560299855413405  -2.535949589214238  -0.359702276316363
-0.3594522764108901  0.12500212533359534  -0.044705731690973805  0.25884421153310944  0.8086289786907945  1.3443710585484618  -3.4289507172486577  -2.586547046841356  -0.3594522764108901
-0.3790044377893421  0.1268450078881756  -0.0445817351172018  0.2642016976669054  0.8083789786907946  1.3441210585484618  -3.501871448955975  -2.6371445044684743  -0.5164626473408315  -0.3790044377893421
-0.3787544378330181  0.12868772906047896  -0.04445847339539832  0.2695591819686018  0.8081289786907946  1.3438710585484617  -3.5747921806632923  -2.6877419620955925  -0.5162126473410102  -0.3787544378330181
-0.378504437877133  0.13053030014546946  -0.044335943816127696  0.2749166647915795  0.8078789786907946  1.3436210585484616  -3.6477129123706096  -2.7383394197227107  -0.5159626473411908  -0.378504437877133
-0.3782544379216912  0.1323727316580708  -0.04421414362894939  0.2802741464210611  0.8076289786907946  1.3433710585484615  1.595624399162142  -3.09785339074636  -2.7889368773498293  -0.5157126473413732  -0.3782544379216912
-0.37800443796669725  0.19003598614838432  0.13633654870422388  -0.04409307004374029  0.28563162708725576  0.8073789786907947  1.3431210585484614  1.5953743991621419  -3.170774122453677  -2.839534334976948  -0.5154626473415574  -0.37800443796669725
-0.37775443801215564  0.18978617238870082  0.13817860124452538  -0.043972720232007274  0.29098910697596975  0.8071289786907947  1.3428710585484613  1.595124399162142  -3.2436948541609945  -2.8901317926040666  -0.5152126473417435  -0.37775443801215564
-0.3775044380580709  0.189536360497968  0.14002055061872098  -0.04385309132818919  0.2963465862371703  0.8068789786907947  1.3426210585484613  1.594874399162142  -3.3166155858683117  -2.9407292502311853  -0.5149626473419315  -0.3775044380580709
-0.37725443810444764  0.18928655049491266  0.1418624040843271  -0.043734180430947615  0.3017040649918983  0.8066289786907949  1.3423710585484612  1.5946243991621418  -3.389536317575629  -2.991326707858304  -0.5147126473421214  -0.37725443810444764
-0.3770044381512904  0.18903674239844886  0.14370416839258604  -0.04361598460444576  0.30706154333784724  0.8063789786907949  1.342121058548461  1.594374399162142  -3.4624570492829463  -3.0419241654854225  -0.5144626473423132  -0.3770044381512904
-0.376754438198604  0.18878693622767947  0.14554584982319912  -0.04349850087961488  0.312419021353867  0.8061289786907949  1.341871058548461  1.5941243991621419  -3.535377780990264  -3.0925216231125408  -0.5142126473425068  -0.376754438198604
-0.37650443824639307  0.1885371320018982  0.14738745421675684  -0.043381726255407635  0.31777649910359795  0.805878978690795  1.341621058548461  1.593874399162142  -3.6082985126975813  -3.1431190807396594  -0.5139626473427025  -0.37650443824639307
-0.37625443829466243  0.18828732974059142  0.1492289870050077  -0.04326565770003774  0.32313397663840493  0.805628978690795  1.3413710585484608  1.593624399162142  -3.6812192444048986  -3.193716538366778  -0.5137126473429001  -0.37625443829466243
-0.3760044383434169  0.18803752946344018  0.15107045323910048  -0.04315029215220563  0.328491453999745  0.805378978690795  1.3411210585484608  1.5933743991621419  -3.754139976112216  -3.2443139959938967  -0.5134626473430997  -0.3760044383434169
-0.37575443839266137  0.18778773119032205  0.15291185761592702  -0.04303562652230938  0.33384893122107867  0.805128978690795  1.3408710585484607  1.593124399162142  -3.8270607078195336  -3.2949114536210153  -0.5132126473433012  -0.37575443839266137
-0.3755044384424008  0.18753793494131304  0.15475320450268623  -0.04292165769364062  0.33920640832941196  0.804878978690795  1.3406210585484606  1.592874399162142  -3.8999814395268513  -3.345508911248134  -0.5129626473435048  -0.3755044384424008
-0.37525443849264006  0.18728814073668973  0.15659449795978364  -0.042808382523564927  0.3445638853465418  0.8046289786907952  1.3403710585484605  1.592624399162142  -3.9729021712341686  -3.396106368875253  -0.5127126473437105  -0.37525443849264006
-0.3750044385433843  0.18703834859693103  0.15843574176217354  -0.04269579784468637  0.34992136229006077  0.8043789786907952  1.3401210585484604  1.592374399162142  -4.045822902941485  -3.4467038265023713  -0.5124626473439182  -0.3750044385433843
-0.3747544385946385  0.1867885585427204  0.160276939419245  -0.04258390046599577  0.3552788391741677  0.8041289786907952  1.3398710585484603  1.592124399162142  -4.118743634648803  -3.49730128412949  -0.5122126473441281  -0.3747544385946385
-0.37450443864640776  0.18653877059494772  0.16211809419334786  -0.04247268717400241  0.36063631601032287  0.8038789786907953  1.3396210585484603  1.591874399162142  -4.19166436635612  -3.547898741756608  -0.51196264734434  -0.37450443864640776
-0.37425443869869734  0.18628898477471145  0.1639592091170471  -0.042362154733848884  0.3659937928077758  0.8036289786907953  1.3393710585484602  1.591624399162142  -4.264585098063437  -3.598496199383727  -0.5117126473445541  -0.37425443869869734
-0.37400443875151246  0.18603920110332064  0.16580028700919133  -0.04225229989040876  0.37135126957399184  0.8033789786907953  1.33912105854846  1.591374399162142  -4.337505829770754  -3.6490936570108454  -0.5114626473447703  -0.37400443875151246
-0.37375443880485837  0.18578941960229703  0.16764133048987306  -0.04214311936936686  0.3767087463149964  0.8031289786907954  1.33887105854846  1.591124399162142  -4.41042656147807  -3.699691114637964  -0.5112126473449887  -0.37375443880485837
-0.3735044388587404  0.18553964029337713  0.16948234199435583  -0.04203460987828191  0.3820662230356526  0.8028789786907955  1.33862105854846  1.5908743991621421  -4.483347293185387  -3.7502885722650827  -0.5109626473452092  -0.3735044388587404
-0.37325443891316396  0.1852898631985144  0.1713233237860374  -0.041926768107631386  0.3874236997398854  0.8026289786907955  1.3383710585484598  1.590624399162142  -4.556268024892704  -3.8008860298922014  -0.510712647345432  -0.37325443891316396
-0.3730044389681345  0.18504008833988136  0.17316427796851386  -0.04181959073183832  0.39278117643086286  0.8023789786907956  1.3381210585484598  1.590374399162142  -4.629188756600021  -3.8514834875193196  -0.510462647345657  -0.3730044389681345
-0.3727544390236575  0.1847903157398718  0.175005206496806  -0.04171307441028007  0.39813865311114177  0.8021289786907956  1.3378710585484597  1.590124399162142  -4.702109488307338  -3.902080945146438  -0.5102126473458843  -0.3727544390236575
-0.37250443907973857  0.18454054542110293  0.17684611118780466  -0.04160721578827865  0.40349612978278593  0.8018789786907956  1.3376210585484596  1.589874399162142  -4.775030220014655  -3.952678402773557  -0.509962647346114  -0.37250443907973857
-0.37225443913638323  0.1842907774064176  0.1786869937299882  -0.04150201149807289  0.4088536064474609  0.8016289786907956  1.3373710585484595  1.5896243991621422  -4.847950951721971  -4.0032758604006755  -0.5097126473463458  -0.37225443913638323
-0.37200443919359716  0.18404101171888657  0.1805278556924622  -0.04139745815977199  0.41421108310651084  0.8013789786907957  1.3371210585484594  1.589374399162142  -4.920871683429288  -4.053873318027794  -0.50946264734658  -0.37200443919359716
-0.3717544392513862  0.18379124838181068  0.18236869853336782  -0.04129355238229065  0.4195685597610209  0.8011289786907957  1.3368710585484593  1.589124399162142  -4.993792415136605  -4.104470775654912  -0.5092126473468166  -0.3717544392513862
-0.37150443930975596  0.18354148741872328  0.18420952360770199  -0.04119029076426558  0.4249260364118668  0.8008789786907958  1.3366210585484593  1.5888743991621421  -5.066713146843922  -4.155068233282031  -0.5089626473470555  -0.37150443930975596
-0.37125443936871233  0.18329172885339234  0.1860503321745903  -0.04108766989495351  0.4302835130597553  0.8006289786907959  1.3363710585484592  1.588624399162142  -5.139633878551239  -4.205665690909149  -0.5087126473472969  -0.37125443936871233
-0.3710044394282612  0.18304197270982295  0.18789112540405026  -0.04098568635511057  0.4356409897052568  0.8003789786907959  1.336121058548459  1.5883743991621422  -5.212554610258556  -4.256263148536268  -0.5084626473475407  -0.3710044394282612
-0.37075443948840864  0.18279221901225956  0.2698435003478156  0.19274337860511767  -0.04088433671785312  0.4409984663488318  0.8001289786907959  1.335871058548459  1.588124399162142  -5.285475341965872  -4.3068606061633865  -0.5082126473477868  -0.37075443948840864
-0.3705044395491605  0.18254246778518834  0.2695935080034796  0.19458412467723166  -0.04078361754950002  0.44635594299085185  0.7998789786907959  1.335621058548459  1.587874399162142  -5.35839607367319  -4.357458063790505  -0.5079626473480355  -0.3705044395491605
-0.37025443961052296  0.18229271905333969  0.2693435157360795  0.19642485984253777  -0.040683525410396486  0.451713419631617  0.799628978690796  1.3353710585484588  1.5876243991621422  -5.431316805380508  -4.408055521417623  -0.5077126473482867  -0.37025443961052296
-0.37000443967250213  0.18204297284169046  0.26909352354638855  0.19826558487446277  -0.040584056855719426  0.45707089627136926  0.799378978690796  1.3351210585484588  1.587374399162142  -5.504237537087826  -4.458652979044741  -0.5074626473485404  -0.37000443967250213
-0.3697544397351042  0.18179322917546661  0.2688435314351875  0.20010630049163577  -0.04048520843626451  0.462428372910304  0.799128978690796  1.3348710585484587  1.5871243991621422  -5.577158268795142  -4.509250436671859  -0.5072126473487967  -0.3697544397351042
-0.3695044397983354  0.18154348808014548  0.26859353940326525  0.20194700736176405  -0.04038697669921492  0.46778584954857894  0.7988789786907962  1.3346210585484586  1.5868743991621421  -5.65007900050246  -4.5598478942989775  -0.5069626473490555  -0.3695044397983354
-0.389610373037074  0.18129374958145839  0.26834354745141836  0.20378770610523575  -0.040289358188892  0.4731433261863213  0.7986289786907962  1.3343710585484585  1.586624399162142  -5.722999732209778  -4.610445351926096  -0.506712647349317  -0.5309126322102065  -0.389610373037074
-0.3893603730656498  0.1810440137053931  0.26809355558045156  0.20562839729846843  -0.0401923494474878  0.4785008028236339  0.7983789786907962  1.3341210585484584  1.5863743991621422  -5.795920463917096  -4.661042809553214  -0.506462647349581  -0.5306626322103067  -0.3893603730656498
-0.38911037309451274  0.18079428047819643  0.2678435637911775  0.20746908147702126  -0.0400959470157798  0.48385827946059956  0.7981289786907962  1.3338710585484583  1.586124399162142  -5.868841195624413  -4.711640267180332  -0.5062126473498477  -0.530412632210408  -0.38911037309451274
-0.3888603731236658  0.18054454992637664  0.2675935720844172  0.20930975913848768  -0.04000014743382777  0.48921575609728524  0.7978789786907963  1.3336210585484582  1.5858743991621422  -5.94176192733173  -4.76223772480745  -0.5059626473501171  -0.5301626322105103  -0.3888603731236658
-0.3886103731531118  0.1802948220767062  0.2673435804609998  0.21115043074518355  -0.03990494724165307  0.4945732327337449  0.7976289786907963  1.3333710585484582  1.5856243991621422  -6.014682659039047  -4.8128351824345685  -0.5057126473503892  -0.5299126322106137  -0.3886103731531118
-0.38836037318285377  0.18004509695622428  0.2670935889217628  0.21299109672664557  -0.039810342979900444  0.49993070937002226  0.7973789786907963  1.333121058548458  1.585374399162142  -6.087603390746365  -4.863432640061687  -0.505462647350664  -0.5296626322107181  -0.38836037318285377
-0.38811037321289465  0.1797953745922395  0.2668435974675521  0.21483175748195302  -0.03971633119048257  0.5052881860061522  0.7971289786907965  1.332871058548458  1.5851243991621422  -6.1605241224536815  -4.914030097688805  -0.5052126473509416  -0.5294126322108236  -0.38811037321289465
-0.38786037324323747  0.1795456550123324  0.2665936060992221  0.21667241338188545  -0.03962290841720742  0.5106456626421635  0.7968789786907965  1.332621058548458  1.5848743991621421  -6.233444854160999  -4.964627555315923  -0.504962647351222  -0.5291626322109301  -0.38786037324323747
-0.3876103732738852  0.17929593824435838  0.26634361481763585  0.21851306477092766  -0.03953007120638878  0.5160031392780788  0.7966289786907965  1.3323710585484578  1.5846243991621423  -6.306365585868317  -5.015225012943042  -0.5047126473515052  -0.5289126322110377  -0.3876103732738852
-0.38736037330484097  0.17904622431645015  0.26609362362366495  0.22035371196913306  -0.03943781610743989  0.5213606159139168  0.7963789786907965  1.3321210585484577  1.5843743991621422  -6.379286317575635  -5.06582247057016  -0.5044626473517912  -0.5286626322111463  -0.38736037330484097
-0.38711037333610787  0.17879651325702065  0.2658436325181899  0.222194355273855  -0.0393461396734507  0.5267180925496922  0.7961289786907966  1.3318710585484577  1.584124399162142  -6.452207049282952  -5.1164199281972795  -0.5042126473520802  -0.528412632211256  -0.38711037333610787
-0.38686037336768897  0.17854680509476573  0.26559364150209985  0.22403499496135573  -0.03925503846174864  0.5320755691854172  0.7958789786907966  1.3316210585484576  1.5838743991621422  2.822590584061292  -5.423531455502936  -5.167017385824399  -0.503962647352372  -0.5281626322113668  -0.38686037336768897
-0.3866103733995875  0.178297099858667  0.2653436505762931  0.22587563128830135  -0.03916450903444337  0.5374330458211015  0.7956289786907966  1.3313710585484575  1.5836243991621421  2.8223405840612923  -5.496452187210254  -5.217614843451516  -0.5037126473526667  -0.5279126322114788  -0.3866103733995875
-0.38636037343180657  0.17804739757799462  0.26509365974167687  0.22771626449315113  -0.03907454795895557  0.5427905224567531  0.7953789786907967  1.3311210585484574  1.5833743991621423  2.8220905840612924  -5.569372918917572  -5.268212301078634  -0.5034626473529645  -0.5276626322115918  -0.38636037343180657
-0.3861103734643495  0.17779769828231007  0.2648436689991675  0.22955689479744815  -0.03898515180853001  0.5481479990923781  0.7951289786907968  1.3308710585484573  1.5831243991621422  2.8218405840612926  -5.642293650624889  -5.318809758705752  -0.5032126473532653  -0.5274126322117061  -0.3861103734643495
-0.38586037349721947  0.17754800200146917  0.26459367834969055  0.23139752240701872  -0.03889631716273324  0.5535054757279816  0.7948789786907968  1.3306210585484572  1.5828743991621421  2.8215905840612927  -5.715214382332206  -5.3694072163328705  -0.5029626473535691  -0.5271626322118215  -0.38586037349721947
-0.38561037353041977  0.17729830876562486  0.2643436877941809  0.233238147513087  -0.03880804060793594  0.558862952363568  0.7946289786907968  1.3303710585484572  1.5826243991621423  2.821340584061293  -5.788135114039524  -5.420004673959988  -0.5027126473538759  -0.526912632211938  -0.38561037353041977
-0.38536037356395375  0.17704861860523016  0.2640936973335827  0.23507877029331029  -0.03872031873778033  0.5642204289991403  0.7943789786907969  1.330121058548457  1.5823743991621422  2.821090584061293  -5.861055845746842  -5.470602131587106  -0.5024626473541858  -0.5266626322120557  -0.38536037356395375
-0.38511037359782474  0.1767989315510412  0.26384370696884973  0.2369193909127411  -0.03863314815363281  0.5695779056347015  0.7941289786907969  1.329871058548457  1.5821243991621423  2.820840584061293  -5.9339765774541595  -5.521199589214224  -0.5022126473544988  -0.5264126322121746  -0.38511037359782474
-0.38486037363203607  0.17654924763412008  0.26359371670094534  0.23876000952472148  -0.038546525465022005  0.5749353822702535  0.7938789786907969  1.329621058548457  1.5818743991621422  2.8205905840612933  -6.006897309161477  -5.5717970468413425  -0.5019626473548149  -0.5261626322122946  -0.38486037363203607
-0.3846103736665913  0.17629956688583798  0.2633437265308425  0.24060062627171316  -0.03846044729006263  0.5802928589057983  0.793628978690797  1.3293710585484568  1.5816243991621421  2.8203405840612934  -6.079818040868794  -5.62239450446846  -0.5017126473551342  -0.5259126322124159  -0.3846103736665913
-0.3843603737014938  -21.578618668744273  -9.17167860553342e-05  0.34561340063151474  0.24629755470237047  -0.03837491025586519  0.5856503355413372  0.793378978690797  1.3291210585484567  2.8200905840612935  15.579283729726287  -0.6901400094291289  -5.672991962095578  -0.5014626473554568  -0.5256626322125384  -0.3843603737014938
-0.40528471765704877  -21.57836866874427  -0.00018314951640200554  0.3453634010011194  0.2481381650954031  -0.038289910998931934  0.5910078121768713  1.7682337741621428  15.579033729726287  1.3288710585484567  0.7931289786907971  -1.1734438864629437  -5.723589419722696  -0.5012126473557825  -0.5254126322126621  -0.5522680371959395  -0.40528471765704877
-0.4050347176723141  -21.57811866874427  -0.00027429877779244034  0.34511340137443863  0.2499787742067361  -0.038205446165539274  0.5963652888124014  1.7679837741621427  15.578783729726286  1.3286210585484566  0.7928789786907972  -1.2463646181702608  -5.774186877349814  -0.5009626473561116  -0.5251626322127871  -0.5520180371959822  -0.4050347176723141
-0.40478471768773283  -21.57786866874427  -0.00036516515621532006  0.3448634017515098  0.25181938212733285  -0.03812151241210681  0.6017227654479285  1.7677337741621424  15.578533729726285  1.3283710585484565  0.7926289786907972  -1.3192853498775778  -5.824784334976933  -0.5007126473564439  -0.5249126322129134  -0.5517680371960253  -0.40478471768773283
-0.4045347177033065  -21.577618668744268  -0.0004557492368935106  0.34461340213237057  0.2536599889417018  -0.03803810640555339  0.607080242083453  1.7674837741621423  15.578283729726284  1.3281210585484564  0.7923789786907972  -1.392206081584895  -5.875381792604051  -0.5004626473567796  -0.5246626322130409  -0.5515180371960688  -0.4045347177033065
-0.4042847177190367  -21.577368668744267  -0.0005460516042823254  0.34436340251705905  0.25550059472835407  -0.03795522482364025  0.6124377187189755  1.7672337741621422  15.578033729726283  1.3278710585484563  0.7921289786907972  -1.4651268132922117  -5.925979250231169  -0.5002126473571187  -0.5244126322131697  -0.5512680371961128  -0.4042847177190367
-0.404034717734925  -21.577118668744266  -0.0006360728420679918  0.3441134029056137  0.25734119956022933  -0.03787286435530163  0.6177951953544963  1.7669837741621421  15.577783729726281  1.3276210585484562  0.7918789786907973  -1.5380475449995288  -5.976576707858287  -0.49996264735746115  -0.5241626322132997  -0.5510180371961573  -0.404034717734925
-0.40378471775097297  -21.576868668744265  -0.0007258135331665049  0.3438634032980734  0.25918180350509096  -0.03779102170096307  0.6231526719900159  1.7667337741621418  15.57753372972628  1.3273710585484562  0.7916289786907973  -1.6109682767068458  -6.027174165485405  -0.49971264735780707  -0.5239126322134311  -0.5507680371962022  -0.40378471775097297
-0.40353471776718225  -21.576618668744263  -0.0008152742597225713  0.34361340369447735  0.26102240662589327  -0.03770969357284763  0.6285101486255344  1.7664837741621418  15.577283729726279  1.327121058548456  0.7913789786907974  -1.6838890084141627  -6.077771623112524  -0.49946264735815654  -0.5236626322135638  -0.5505180371962475  -0.40353471776718225
-0.40328471778355446  -21.576368668744262  -0.000904455603108985  0.3433634040948652  0.26286300898112286  -0.037628876695270236  0.633867625261052  1.7662337741621417  15.577033729726278  1.326871058548456  0.7911289786907975  -1.7568097401214797  -6.128369080739642  -0.4992126473585094  -0.5234126322136978  -0.5502680371962932  -0.40328471778355446
-0.4030347178000912  -21.57611866874426  -0.00099335814392614  0.343113404499277  0.2647036106251155  -0.03754856780492044  0.639225101896569  1.7659837741621416  15.576783729726277  1.326621058548456  0.7908789786907975  -1.8297304718287968  -6.17896653836676  -0.4989626473588659  -0.5231626322138332  -0.5500180371963395  -0.4030347178000912
-0.40278471781679415  -21.57586866874426  -0.0010819824620018365  0.34286340490775324  0.26654421160835085  -0.037468763651133906  0.6445825785320854  1.7657337741621413  15.576533729726279  1.3263710585484558  0.7906289786907975  -1.902651203536114  -6.229563995993878  -0.4987126473592259  -0.52291263221397  -0.5497680371963861  -0.40278471781679415
-0.402534717833665  -21.57561866874426  -0.001170329136391362  0.3426134053203347  0.26838481197772596  -0.03738946099615269  0.6499400551676013  1.7654837741621412  15.57628372972628  1.3261210585484557  0.7903789786907975  -1.9755719352434309  -6.280161453620997  -0.49846264735958956  -0.5226626322141081  -0.5495180371964333  -0.402534717833665
-0.40228471785070535  -21.575368668744257  -0.001258398745377706  0.34236340573706264  0.27022541177680964  -0.0373106566153747  0.6552975318031169  1.7652337741621411  15.576033729726278  1.3258710585484557  0.7901289786907976  -2.048492666950748  -6.3307589112481155  -0.49821264735995685  -0.5224126322142476  -0.549268037196481  -0.40228471785070535
-0.4020347178679169  -21.575118668744256  -0.0013461918664721146  0.34211340615797875  0.27206601104607847  -0.03723234729759257  0.6606550084386322  1.7649837741621408  15.575783729726277  1.3256210585484556  0.7898789786907976  -2.121413398658065  -6.381356368875235  -0.49796264736032786  -0.5221626322143885  -0.5490180371965291  -0.4020347178679169
-0.40178471788530146  -21.574868668744255  -0.0014337090764148532  0.34186340658312514  0.2739066098231363  -0.03715452984522206  0.6660124850741473  1.7647337741621407  15.575533729726276  1.3253710585484555  0.7896289786907976  -2.1943341303653825  -6.431953826502353  -0.4977126473607026  -0.5219126322145309  -0.5487680371965777  -0.40178471788530146
-0.40153471790286077  -21.574618668744254  -0.0015209509511761002  0.3416134070125443  0.27574720814291825  -0.037077201074520394  0.6713699617096622  1.7644837741621406  15.575283729726275  1.3251210585484554  0.7893789786907978  -2.2672548620726998  -6.482551284129471  -0.4974626473610811  -0.5216626322146747  -0.5485180371966268  -0.40153471790286077
-0.40128471792059656  -21.574368668744253  -0.0016079180659572055  0.34136340744627913  0.2775878060378799  -0.037000357815794624  0.676727438345177  1.7642337741621406  15.575033729726274  1.3248710585484553  0.7891289786907978  -2.340175593780017  -6.533148741756589  -0.4972126473614634  -0.5214126322148199  -0.5482680371966765  -0.40128471792059656
-0.4010347179385106  -21.57411866874425  -0.0016946109951920167  0.3411134078843731  0.2794284035381734  -0.036923996913600286  0.6820849149806915  1.7639837741621403  15.574783729726272  1.3246210585484552  0.7888789786907978  -2.4130963254873343  -6.5837461993837065  -0.4969626473618496  -0.5211626322149666  -0.5480180371967266  -0.4010347179385106
-0.4007847179566047  -21.57386866874425  -0.0017810303125485225  0.34086340832687  0.2812690006718109  -0.03684811522693067  0.687442391616206  1.7637337741621402  15.574533729726271  1.3243710585484552  0.7886289786907978  -2.4860170571946516  -6.634343657010825  -0.49671264736223963  -0.5209126322151147  -0.5477680371967772  -0.4007847179566047
-0.4005347179748806  -21.57361866874425  -0.0018671765909305839  0.340613408773814  0.2831095974648162  -0.036772709629396765  0.6927998682517205  1.76348377416214  15.574283729726274  1.324121058548455  0.7883789786907979  -2.558937788901969  -6.684941114637943  -0.49646264736263357  -0.5206626322152644  -0.5475180371968283  -0.4005347179748806
-0.40028471799334026  -21.573368668744248  -0.0019530504024799869  0.3403634092252499  0.28495019394136634  -0.03669777700939827  0.6981573448872348  1.76323377416214  15.574033729726274  1.323871058548455  0.7881289786907979  -2.6318585206092857  -6.735538572265061  -0.49621264736303144  -0.5204126322154156  -0.54726803719688  -0.40028471799334026
-0.40003471801198537  -21.573118668744247  -0.0020386523185786263  0.3401134096812227  0.28679079012392233  -0.036623314270285784  0.703514821522749  1.7629837741621397  15.573783729726273  1.323621058548455  0.7878789786907979  -2.704779252316603  -6.786136029892179  -0.4959626473634334  -0.5201626322155682  -0.5470180371969321  -0.40003471801198537
-0.3997847180308179  -21.572868668744245  -0.002123982909850827  0.3398634101417782  0.28863138603335103  -0.03654931833051439  0.7088722981582631  1.7627337741621396  15.573533729726272  1.3233710585484548  0.7876289786907981  -2.77769998402392  -6.836733487519297  -0.4957126473638393  -0.5199126322157225  -0.5467680371969847  -0.3997847180308179
-0.39953471804983964  -21.572618668744244  -0.002209042746165958  0.33961341060696226  0.29047198168903815  -0.036475786123788954  0.7142297747937774  1.7624837741621395  15.57328372972627  1.3231210585484547  0.7873789786907981  -2.8506207157312375  -6.887330945146415  -0.4954626473642494  -0.5196626322158783  -0.546518037197038  -0.39953471804983964
-0.3992847180690526  -21.572368668744243  -0.0022938323966410924  0.3393634110768215  0.29231257710899355  -0.0364027145992012  0.7195872514292917  1.7622337741621392  15.57303372972627  1.3228710585484547  0.7871289786907981  -2.923541447438555  -6.937928402773532  -0.4952126473646635  -0.5194126322160356  -0.5462680371970917  -0.3992847180690526
-0.39903471808845864  -26.216534259462854  0.3391134115514029  -9.17167860553342e-05  0.41994932961288706  0.2988383211396126  -0.036330100721358886  0.7249447280648059  1.7619837741621391  15.572783729726268  0.7868789786907981  7.491324959061296  -0.5891630960189188  -6.98852586040065  -0.4949626473650819  -0.5191626322161945  -0.546018037197146  -0.39903471808845864
-0.3987847181080597  -26.216284259462853  0.3388634120307539  -0.00018314951640200554  0.41969932963178397  0.30067891568202737  -0.036257941470507295  0.73030220470032  1.761733774162139  15.572533729726267  0.7866289786907982  7.491074959061295  -0.6620838277262363  -7.039123318027768  -0.4947126473655044  -0.518912632216355  -0.5457680371972009  -0.3987847181080597
-0.3985347181278578  -26.21603425946285  0.33861341251492244  -0.00027429877779244034  0.41944932965087084  0.30251951006772776  -0.036186233842643085  0.7356596813358341  1.761483774162139  15.572283729726266  0.7863789786907982  7.490824959061295  -0.7350045594335535  -7.089720775654886  -0.49446264736593115  -0.5186626322165171  -0.5455180371972562  -0.3985347181278578
-0.3982847181478548  -26.21578425946285  0.33836341300395695  -0.00036516515621532006  0.41919932967014956  0.304360104307837  -0.036114974849620944  0.7410171579713483  1.7612337741621387  15.572033729726265  0.7861289786907982  7.490574959061295  -0.8079252911408705  -7.140318233282003  -0.4942126473663622  -0.5184126322166809  -0.5452680371973121  -0.3982847181478548
-0.3980347181680528  -26.21553425946285  0.3381134134979063  -0.0004557492368935106  0.418949329689622  0.3062006984126888  -0.03604416151925302  0.7463746346068623  1.7609837741621386  15.571783729726267  0.7858789786907983  7.490324959061294  -0.8808460228481876  -7.190915690909121  -0.49396264736679757  -0.5181626322168462  -0.5450180371973686  -0.3980347181680528
-0.3977847181884538  -26.215284259462848  0.3378634139968199  -0.0005460516042823254  0.41869932970929014  0.3080412923918836  -0.03597379089540142  0.7517321112423763  1.7607337741621385  15.571533729726267  0.7856289786907984  7.4900749590612925  -0.9537667545555046  -7.241513148536239  -0.4937126473672373  -0.5179126322170132  -0.5447680371974257  -0.3977847181884538
-0.39753471820905983  -26.215034259462847  0.33761341450074767  -0.0006360728420679918  0.4184493297291559  0.3098818862543402  -0.03590386003806405  0.7570895878778903  1.7604837741621384  15.571283729726266  0.7853789786907984  7.489824959061291  -1.0266874862628217  -7.292110606163356  -0.49346264736768153  -0.5176626322171819  -0.5445180371974834  -0.39753471820905983
-0.397284718229873  -26.214784259462846  0.33736341500973993  -0.0007258135331665049  0.4181993297492213  0.3117224800083445  -0.03583436602345377  0.7624470645134043  1.760233774162138  15.571033729726265  0.7851289786907985  7.489574959061292  -1.0996082179701387  -7.342708063790474  -0.49321264736813014  -0.5174126322173523  -0.5442680371975416  -0.397284718229873
-0.3970347182508953  -27.957359925748396  0.4179493297694884  -9.17167860553342e-05  0.33711341552384766  0.44785106501812355  0.3185593222312037  -0.03576530594407129  0.7678045411489184  1.759983774162138  0.7848789786907985  7.489324959061292  2.8174960585484805  -6.149421699405372  -7.393305521417592  -0.49296264736858325  -0.5171626322175245  -0.5440180371976003  -0.3970347182508953
-0.39678471827212897  -27.957109925748394  0.4176993297899591  -0.00018314951640200554  0.33686341604312225  0.4476010650243135  0.3203999155689192  -0.035696676908771784  0.7731620177844325  1.759733774162138  0.7846289786907985  7.48907495906129  2.8172460585484806  -6.222342431112689  -7.44390297904471  -0.4927126473690409  -0.5169126322176983  -0.5437680371976598  -0.39678471827212897
-0.39653471829357595  -27.956859925748393  0.4174493298106356  -0.00027429877779244034  0.3366134165676156  0.4473510650305657  0.32224050883542765  -0.03562847604282553  0.7785194944199466  1.7594837741621379  0.7843789786907985  7.488824959061289  2.816996058548481  -6.295263162820007  -7.494500436671827  -0.4924626473695032  -0.5166626322178739  -0.5435180371977197  -0.39653471829357595
-0.3962847183152385  -27.956609925748392  0.41719932983151986  -0.00036516515621532006  0.3363634170973802  0.44710106503688074  0.324081102035783  -0.03556070048797272  0.7838769710554606  1.7592337741621376  0.7841289786907986  7.488574959061288  2.816746058548481  -6.368183894527324  -7.545097894298945  -0.4922126473699701  -0.5164126322180512  -0.5432680371977803  -0.3962847183152385
-0.3960347183371188  -27.95635992574839  0.41694932985261407  -0.0004557492368935106  0.336113417632469  0.4468510650432592  0.3259216951746808  -0.03549334740247258  0.7892344476909747  1.7589837741621375  0.7838789786907986  7.488324959061289  2.816496058548481  -6.441104626234642  -7.595695351926063  -0.49196264737044176  -0.5161626322182303  -0.5430180371978415  -0.3960347183371188
-0.3957847183592189  -27.95610992574839  0.4166993298739203  -0.0005460516042823254  0.33586341817293547  0.4466010650497018  0.32776228825648324  -0.03542641396114695  0.7945919243264888  16.50508060472627  2.816246058548481  0.7836289786907987  1.7587337741621374  2.817733273977656  -5.414324568097021  -7.646292809553181  -0.49171264737091813  -0.5159126322184113  -0.5427680371979032  -0.3957847183592189
-0.3955347183815411  -27.95585992574839  0.4164493298954406  -0.0006360728420679918  0.3356134187188337  0.4463510650562092  0.3296028812852428  -0.03535989735541859  0.7999494009620028  16.50483060472627  2.8159960585484813  0.7833789786907988  1.758483774162137  2.8174832739776563  -5.487245299804338  -7.696890267180298  -0.49146264737139933  -0.5156626322185941  -0.5425180371979657  -0.3955347183815411
-0.3952847184040877  -27.955609925748387  0.41619932991717723  -0.0007258135331665049  0.3353634192702183  0.44610106506278185  0.3314434742647244  -0.03529379479334426  0.8053068775975168  16.504580604726268  2.8157460585484815  0.7831289786907988  1.758233774162137  2.8172332739776564  -5.560166031511655  -7.747487724807417  -0.4912126473718853  -0.5154126322187788  -0.5422680371980287  -0.3952847184040877
-0.39503471842686094  -27.955359925748386  0.4159493299391323  -0.0008152742597225713  0.3351134198271444  0.4458510650694206  0.33328406719842574  -0.03522810349964283  0.8106643542330308  16.504330604726267  2.8154960585484816  0.7828789786907988  1.757983774162137  2.8169832739776566  -5.633086763218972  -7.798085182434534  -0.49096264737237627  -0.5151626322189652  -0.5420180371980924  -0.39503471842686094
