1 11.9918
2 11.9918
3 11.9918
4 11.9918
5 11.9918
6 11.9918
7 11.9918
8 11.9918
9 11.9918
10 11.9918
11 11.9918
12 11.9918
13 11.9918
14 11.9918
15 11.9918
16 11.9918
17 11.9918
18 11.9918
19 11.9918
20 11.9918
21 11.9918
22 11.9918
23 11.9918
24 11.9918
25 11.9918
26 11.9918
27 11.9918
28 11.9918
29 11.9918
30 11.9918
31 11.9918
32 11.9918
33 11.9918
34 11.9918
35 11.9918
36 11.9918
37 11.9918
38 11.9918
39 11.9918
40 11.9918
41 11.9918
42 11.9918
43 11.9918
44 11.9918
45 11.9918
46 11.9918
47 11.9918
48 11.9918
49 11.9918
50 11.9918
51 11.9918
52 11.9918
53 11.9918
54 11.9918
55 11.9918
56 11.9918
57 11.9918
58 11.9918
59 11.9918
60 11.9918
61 11.9918
62 11.9918
63 11.9918
64 11.9918
65 11.9918
66 11.9918
67 11.9918
68 11.9918
69 11.9918
70 11.9918
71 11.9918
72 11.9918
73 11.9918
74 11.9918
75 11.9918
76 11.9918
77 11.9918
78 11.9918
79 11.9918
80 11.9918
81 11.9918
82 11.9918
83 11.9918
84 11.9918
85 11.9918
86 11.9918
87 11.9918
88 11.9918
89 11.9918
90 11.9918
91 11.9918
92 11.9918
93 11.9918
94 11.9918
95 11.9918
96 11.9918
97 11.9918
98 11.9918
99 11.9918
100 11.9918
101 11.9918
102 11.9918
103 11.9918
104 11.9918
105 11.9918
106 11.9918
107 11.9918
108 11.9918
109 11.9918
110 11.9918
111 11.9918
112 11.9918
113 11.9918
114 11.9918
115 11.9918
116 11.9918
117 11.9918
118 11.9918
119 11.9918
120 11.9918
121 11.9918
122 11.9918
123 11.9918
124 11.9918
125 11.9918
126 11.9918
127 11.9918
128 11.9918
129 11.9918
130 11.9918
131 11.9918
132 11.9918
133 11.9918
134 11.9918
135 11.9918
136 11.9918
137 11.9918
138 11.9918
139 11.9918
140 11.9918
141 11.9918
142 11.9918
143 11.9918
144 11.9918
145 11.9918
146 11.9918
147 11.9918
148 11.9918
149 11.9918
150 11.9918
151 11.9918
152 11.9918
153 11.9918
154 11.9918
155 11.9918
156 11.9918
157 11.9918
158 11.9918
159 11.9918
160 11.9918
161 11.9918
162 11.9918
163 11.9918
164 11.9918
165 11.9918
166 11.9918
167 11.9918
168 11.9918
169 11.9918
170 11.9918
171 11.9918
172 11.9918
173 11.9918
174 11.9918
175 11.9918
176 11.9918
177 11.9918
178 11.9918
179 11.9918
180 11.9918
181 11.9918
182 11.9918
183 11.9918
184 11.9918
185 11.9918
186 11.9918
187 11.9918
188 11.9918
189 11.9918
190 11.9918
191 11.9918
192 11.9918
193 11.9918
194 11.9918
195 11.9918
196 11.9918
197 11.9918
198 11.9918
199 11.9918
200 11.9918
201 11.9918
202 11.9918
203 11.9918
204 11.9918
205 11.9918
206 11.9918
207 11.9918
208 11.9918
209 11.9918
210 11.9918
211 11.9918
212 11.9918
213 11.9918
214 11.9918
215 11.9918
216 11.9918
217 11.9918
218 11.9918
219 11.9918
220 11.9918
221 11.9918
222 11.9918
223 11.9918
224 11.9918
225 11.9918
226 11.9918
227 11.9918
228 11.9918
229 11.9918
230 11.9918
231 11.9918
232 11.9918
233 11.9918
234 11.9918
235 11.9831
236 11.6394
237 10.9985
238 10.2587
239 9.49863
240 8.73158
241 7.97197
242 7.22808
243 6.50533
244 5.80697
245 5.13438
246 4.48752
247 3.86511
248 3.26468
249 2.68247
250 2.11343
251 1.55146
252 1.58284
253 1.63862
254 1.62568
255 1.65905
256 1.61818
257 1.63658
258 1.65821
259 1.66481
260 1.60033
261 1.37872
262 1.364
263 1.37726
264 1.37396
265 1.38616
266 1.39491
267 1.39935
268 1.40125
269 1.40193
270 1.40294
271 1.40317
272 1.40283
273 1.40265
274 1.40261
275 1.40202
276 1.4004
277 1.39667
278 1.38928
279 1.37816
280 1.37377
281 1.35985
282 1.35488
283 1.3361
284 1.32394
285 1.29788
286 1.27719
287 1.24524
288 1.21197
289 1.26611
290 1.22584
291 1.35274
292 1.31394
293 1.85898
294 2.42816
295 3.02284
296 3.64372
297 4.29103
298 4.96464
299 5.664
300 6.3878
301 7.1335
302 7.89663
303 8.67037
304 9.445
305 10.2085
306 10.9473
307 11.5943
308 11.9612
309 12
310 11.9918
311 11.9918
312 11.9918
313 11.9918
314 11.9918
315 11.9918
316 11.9918
317 11.9918
318 11.9918
319 11.9918
320 11.9918
321 11.9918
322 11.9918
323 11.9918
324 11.9918
325 11.9918
326 11.9918
327 11.9918
328 11.9918
329 11.9918
330 11.9918
331 11.9918
332 11.9918
333 11.9918
334 11.9918
335 11.9918
336 11.9918
337 11.9918
338 11.9918
339 11.9918
340 11.9918
341 11.9918
342 11.9918
343 11.9918
344 11.9918
345 11.9918
346 11.9918
347 11.9918
348 11.9918
349 11.9918
350 11.9918
351 11.9918
352 11.9918
353 11.9918
354 11.9918
355 11.9918
356 11.9918
357 11.9918
358 11.9918
359 11.9918
360 11.9918
361 11.9918
362 11.9918
363 11.9918
364 11.9918
365 11.9918
366 11.9918
367 11.9918
368 11.9918
369 11.9918
370 11.9918
371 11.9918
372 11.9918
373 11.9918
374 11.9918
375 11.9918
376 11.9918
377 11.9918
378 11.9918
379 11.9918
380 11.9918
381 11.9918
382 11.9918
383 11.9918
384 11.9918
385 11.9918
386 11.9918
387 11.9918
388 11.9918
389 11.9918
390 11.9918
391 11.9918
392 11.9918
393 11.9918
394 11.9918
395 11.9918
396 11.9918
397 11.9918
398 11.9918
399 11.9918
400 11.9918
401 11.9918
402 11.9918
403 11.9918
404 11.9918
405 11.9918
406 11.9918
407 11.9918
408 11.9918
409 11.9918
410 11.9918
411 11.9918
412 11.9918
413 11.9918
414 11.9918
415 11.9918
416 11.9918
417 11.9918
418 11.9918
419 11.9918
420 11.9918
421 11.9918
422 11.9918
423 11.9918
424 11.9918
425 11.9918
426 11.9918
427 11.9918
428 11.9918
429 11.9918
430 11.9918
431 11.9918
432 11.9918
433 11.9918
434 11.9918
435 11.9918
436 11.9918
437 11.9918
438 11.9918
439 11.9918
440 11.9918
441 11.9918
442 11.9918
443 11.9918
444 11.9918
445 11.9918
446 11.9918
447 11.9918
448 11.9918
449 11.9918
450 11.9918
451 11.9918
452 11.9918
453 11.9918
454 11.9918
455 11.9918
456 11.9918
457 11.9918
458 11.9918
459 11.9918
460 11.9918
461 11.9918
462 11.9918
463 11.9918
464 11.9918
465 11.9918
466 11.9918
467 11.9918
468 11.9918
469 11.9918
470 11.9918
471 11.9918
472 11.9918
473 11.9918
474 11.9918
475 11.9918
476 11.9918
477 11.9918
478 11.9918
479 11.9918
480 11.9918
481 11.9918
482 11.9918
483 11.9918
484 11.9918
485 11.9918
486 11.9918
487 11.9918
488 11.9918
489 11.9918
490 11.9918
491 11.9918
492 11.9918
493 11.9918
494 11.9918
495 11.9918
496 11.9918
497 11.9918
498 11.9918
499 11.9918
500 11.9918
501 11.9918
502 11.9918
503 11.9918
504 11.9918
505 11.9918
506 11.9918
507 11.9918
508 11.9918
509 11.9918
510 11.9918
511 11.9918
512 11.9918
513 11.9918
514 11.9918
515 11.9918
516 11.9918
517 11.9918
518 11.9918
519 11.9918
520 11.9918
521 11.9918
522 11.9918
523 11.9918
524 11.9918
525 11.9918
526 11.9918
527 11.9918
528 11.9918
529 11.9918
530 11.9918
531 11.9918
532 11.9918
533 11.9918
534 11.9918
535 11.9918
536 11.9918
537 11.9918
538 11.9918
539 11.9918
540 11.9918
541 11.9918
542 11.9918
