1 11.9845
2 11.9845
3 11.9845
4 11.9845
5 11.9845
6 11.9845
7 11.9845
8 11.9845
9 11.9845
10 11.9845
11 11.9845
12 11.9845
13 11.9845
14 11.9845
15 11.9845
16 11.9845
17 11.9845
18 11.9845
19 11.9845
20 11.9845
21 11.9845
22 11.9845
23 11.9845
24 11.9845
25 11.9845
26 11.9845
27 11.9845
28 11.9845
29 11.9845
30 11.9845
31 11.9845
32 11.9845
33 11.9845
34 11.9845
35 11.9845
36 11.9845
37 11.9845
38 11.9845
39 11.9845
40 11.9845
41 11.9845
42 11.9845
43 11.9845
44 11.9845
45 11.9845
46 11.9845
47 11.9845
48 11.9845
49 11.9845
50 11.9845
51 11.9845
52 11.9845
53 11.9845
54 11.9845
55 11.9845
56 11.9845
57 11.9845
58 11.9845
59 11.9845
60 11.9845
61 11.9845
62 11.9845
63 11.9845
64 11.9845
65 11.9845
66 11.9845
67 11.9845
68 11.9845
69 11.9845
70 11.9845
71 11.9845
72 11.9845
73 11.9845
74 11.9845
75 11.9845
76 11.9845
77 11.9845
78 11.9845
79 11.9845
80 11.9845
81 11.9845
82 11.9845
83 11.9845
84 11.9845
85 11.9845
86 11.9845
87 11.9845
88 11.9845
89 11.9845
90 11.9845
91 11.9845
92 11.9845
93 11.9845
94 11.9845
95 11.9845
96 11.9845
97 11.9845
98 11.9845
99 11.9845
100 11.9845
101 11.9845
102 11.9845
103 11.9845
104 11.9845
105 11.9845
106 11.9845
107 11.9845
108 11.9845
109 11.9845
110 11.9845
111 11.9845
112 11.9845
113 11.9845
114 11.9845
115 11.9845
116 11.9845
117 11.9845
118 11.9845
119 11.9845
120 11.9845
121 11.9845
122 11.9845
123 11.9845
124 11.9845
125 11.9845
126 11.9845
127 11.9845
128 11.9845
129 11.9845
130 11.9845
131 11.9845
132 11.9845
133 11.9845
134 11.9845
135 11.9845
136 11.9845
137 11.9845
138 11.9845
139 11.9845
140 11.9845
141 11.9845
142 11.9845
143 11.9845
144 11.9845
145 11.9845
146 11.9845
147 11.9845
148 11.9845
149 11.9845
150 11.9845
151 11.9845
152 11.9845
153 11.9845
154 11.9845
155 11.9845
156 11.9845
157 11.9845
158 11.9845
159 11.9845
160 11.9845
161 11.9845
162 11.9845
163 11.9845
164 11.9845
165 11.9845
166 11.9845
167 11.9845
168 11.9845
169 11.9845
170 11.9845
171 11.9845
172 11.9845
173 11.9845
174 11.9845
175 11.9845
176 11.9845
177 11.9845
178 11.9845
179 11.9845
180 11.9845
181 11.9845
182 11.9845
183 11.9845
184 11.9845
185 11.9845
186 11.9845
187 11.9845
188 11.9845
189 11.9845
190 11.9845
191 11.9845
192 11.9845
193 11.9845
194 11.9845
195 11.9845
196 11.9845
197 11.9845
198 11.9845
199 11.9845
200 11.9845
201 11.9845
202 11.9845
203 11.9845
204 11.9845
205 11.9845
206 11.9845
207 11.9845
208 11.9845
209 11.9845
210 11.9845
211 11.9845
212 11.9845
213 11.9845
214 11.9845
215 11.9845
216 11.9845
217 11.9845
218 11.9845
219 11.9845
220 11.9845
221 11.9845
222 11.9845
223 11.9845
224 11.9845
225 11.9845
226 11.9845
227 11.9845
228 11.9845
229 11.9845
230 11.9845
231 11.9845
232 11.9845
233 11.9934
234 11.8693
235 11.37
236 10.6533
237 9.90499
238 9.16606
239 8.44912
240 7.75645
241 7.08884
242 6.44583
243 5.82592
244 5.22656
245 4.64406
246 4.07361
247 3.50954
248 2.94592
249 2.37766
250 1.80165
251 1.21775
252 1.23274
253 1.27771
254 1.25506
255 1.28149
256 1.2515
257 1.27002
258 1.28849
259 1.304
260 1.29465
261 1.22133
262 1.22973
263 1.24225
264 1.25458
265 1.26366
266 1.26791
267 1.26956
268 1.27012
269 1.27029
270 1.27051
271 1.27056
272 1.2705
273 1.27046
274 1.27043
275 1.27027
276 1.26975
277 1.26827
278 1.26452
279 1.25663
280 1.24573
281 1.235
282 1.22563
283 1.21211
284 1.20489
285 1.18751
286 1.17231
287 1.14961
288 1.13105
289 1.20188
290 1.17249
291 1.2919
292 1.25591
293 1.74995
294 2.24737
295 2.75539
296 3.27976
297 3.82451
298 4.39221
299 4.98433
300 5.60165
301 6.24448
302 6.91281
303 7.60625
304 8.32395
305 9.06415
306 9.82394
307 10.593
308 11.3338
309 11.8623
310 12
311 11.9845
312 11.9845
313 11.9845
314 11.9845
315 11.9845
316 11.9845
317 11.9845
318 11.9845
319 11.9845
320 11.9845
321 11.9845
322 11.9845
323 11.9845
324 11.9845
325 11.9845
326 11.9845
327 11.9845
328 11.9845
329 11.9845
330 11.9845
331 11.9845
332 11.9845
333 11.9845
334 11.9845
335 11.9845
336 11.9845
337 11.9845
338 11.9845
339 11.9845
340 11.9845
341 11.9845
342 11.9845
343 11.9845
344 11.9845
345 11.9845
346 11.9845
347 11.9845
348 11.9845
349 11.9845
350 11.9845
351 11.9845
352 11.9845
353 11.9845
354 11.9845
355 11.9845
356 11.9845
357 11.9845
358 11.9845
359 11.9845
360 11.9845
361 11.9845
362 11.9845
363 11.9845
364 11.9845
365 11.9845
366 11.9845
367 11.9845
368 11.9845
369 11.9845
370 11.9845
371 11.9845
372 11.9845
373 11.9845
374 11.9845
375 11.9845
376 11.9845
377 11.9845
378 11.9845
379 11.9845
380 11.9845
381 11.9845
382 11.9845
383 11.9845
384 11.9845
385 11.9845
386 11.9845
387 11.9845
388 11.9845
389 11.9845
390 11.9845
391 11.9845
392 11.9845
393 11.9845
394 11.9845
395 11.9845
396 11.9845
397 11.9845
398 11.9845
399 11.9845
400 11.9845
401 11.9845
402 11.9845
403 11.9845
404 11.9845
405 11.9845
406 11.9845
407 11.9845
408 11.9845
409 11.9845
410 11.9845
411 11.9845
412 11.9845
413 11.9845
414 11.9845
415 11.9845
416 11.9845
417 11.9845
418 11.9845
419 11.9845
420 11.9845
421 11.9845
422 11.9845
423 11.9845
424 11.9845
425 11.9845
426 11.9845
427 11.9845
428 11.9845
429 11.9845
430 11.9845
431 11.9845
432 11.9845
433 11.9845
434 11.9845
435 11.9845
436 11.9845
437 11.9845
438 11.9845
439 11.9845
440 11.9845
441 11.9845
442 11.9845
443 11.9845
444 11.9845
445 11.9845
446 11.9845
447 11.9845
448 11.9845
449 11.9845
450 11.9845
451 11.9845
452 11.9845
453 11.9845
454 11.9845
455 11.9845
456 11.9845
457 11.9845
458 11.9845
459 11.9845
460 11.9845
461 11.9845
462 11.9845
463 11.9845
464 11.9845
465 11.9845
466 11.9845
467 11.9845
468 11.9845
469 11.9845
470 11.9845
471 11.9845
472 11.9845
473 11.9845
474 11.9845
475 11.9845
476 11.9845
477 11.9845
478 11.9845
479 11.9845
480 11.9845
481 11.9845
482 11.9845
483 11.9845
484 11.9845
485 11.9845
486 11.9845
487 11.9845
488 11.9845
489 11.9845
490 11.9845
491 11.9845
492 11.9845
493 11.9845
494 11.9845
495 11.9845
496 11.9845
497 11.9845
498 11.9845
499 11.9845
500 11.9845
501 11.9845
502 11.9845
503 11.9845
504 11.9845
505 11.9845
506 11.9845
507 11.9845
508 11.9845
509 11.9845
510 11.9845
511 11.9845
512 11.9845
513 11.9845
514 11.9845
515 11.9845
516 11.9845
517 11.9845
518 11.9845
519 11.9845
520 11.9845
521 11.9845
522 11.9845
523 11.9845
524 11.9845
525 11.9845
526 11.9845
527 11.9845
528 11.9845
529 11.9845
530 11.9845
531 11.9845
532 11.9845
533 11.9845
534 11.9845
535 11.9845
536 11.9845
537 11.9845
538 11.9845
539 11.9845
540 11.9845
541 11.9845
542 11.9845
