1 11.9948
2 11.9948
3 11.9948
4 11.9948
5 11.9948
6 11.9948
7 11.9948
8 11.9948
9 11.9948
10 11.9948
11 11.9948
12 11.9948
13 11.9948
14 11.9948
15 11.9948
16 11.9948
17 11.9948
18 11.9948
19 11.9948
20 11.9948
21 11.9948
22 11.9948
23 11.9948
24 11.9948
25 11.9948
26 11.9948
27 11.9948
28 11.9948
29 11.9948
30 11.9948
31 11.9948
32 11.9948
33 11.9948
34 11.9948
35 11.9948
36 11.9948
37 11.9948
38 11.9948
39 11.9948
40 11.9948
41 11.9948
42 11.9948
43 11.9948
44 11.9948
45 11.9948
46 11.9948
47 11.9948
48 11.9948
49 11.9948
50 11.9948
51 11.9948
52 11.9948
53 11.9948
54 11.9948
55 11.9948
56 11.9948
57 11.9948
58 11.9948
59 11.9948
60 11.9948
61 11.9948
62 11.9948
63 11.9948
64 11.9948
65 11.9948
66 11.9948
67 11.9948
68 11.9948
69 11.9948
70 11.9948
71 11.9948
72 11.9948
73 11.9948
74 11.9948
75 11.9948
76 11.9948
77 11.9948
78 11.9948
79 11.9948
80 11.9948
81 11.9948
82 11.9948
83 11.9948
84 11.9948
85 11.9948
86 11.9948
87 11.9948
88 11.9948
89 11.9948
90 11.9948
91 11.9948
92 11.9948
93 11.9948
94 11.9948
95 11.9948
96 11.9948
97 11.9948
98 11.9948
99 11.9948
100 11.9948
101 11.9948
102 11.9948
103 11.9948
104 11.9948
105 11.9948
106 11.9948
107 11.9948
108 11.9948
109 11.9948
110 11.9948
111 11.9948
112 11.9948
113 11.9948
114 11.9948
115 11.9948
116 11.9948
117 11.9948
118 11.9948
119 11.9948
120 11.9948
121 11.9948
122 11.9948
123 11.9948
124 11.9948
125 11.9948
126 11.9948
127 11.9948
128 11.9948
129 11.9948
130 11.9948
131 11.9948
132 11.9948
133 11.9948
134 11.9948
135 11.9948
136 11.9948
137 11.9948
138 11.9948
139 11.9948
140 11.9948
141 11.9948
142 11.9948
143 11.9948
144 11.9948
145 11.9948
146 11.9948
147 11.9948
148 11.9948
149 11.9948
150 11.9948
151 11.9948
152 11.9948
153 11.9948
154 11.9948
155 11.9948
156 11.9948
157 11.9948
158 11.9948
159 11.9948
160 11.9948
161 11.9948
162 11.9948
163 11.9948
164 11.9948
165 11.9948
166 11.9948
167 11.9948
168 11.9948
169 11.9948
170 11.9948
171 11.9948
172 11.9948
173 11.9948
174 11.9948
175 11.9948
176 11.9948
177 11.9948
178 11.9948
179 11.9948
180 11.9948
181 11.9948
182 11.9948
183 11.9948
184 11.9948
185 11.9948
186 11.9948
187 11.9948
188 11.9948
189 11.9948
190 11.9948
191 11.9948
192 11.9948
193 11.9948
194 11.9948
195 11.9948
196 11.9948
197 11.9948
198 11.9948
199 11.9948
200 11.9948
201 11.9948
202 11.9948
203 11.9948
204 11.9948
205 11.9948
206 11.9948
207 11.9948
208 11.9948
209 11.9948
210 11.9948
211 11.9948
212 11.9948
213 11.9948
214 11.9948
215 11.9948
216 11.9948
217 11.9948
218 11.9948
219 11.9948
220 11.9948
221 11.9948
222 11.9948
223 11.9948
224 11.9948
225 11.9948
226 11.9948
227 11.9948
228 11.9948
229 11.9812
230 11.7952
231 11.3841
232 10.8632
233 10.3084
234 9.74266
235 9.17214
236 8.59617
237 8.0157
238 7.43322
239 6.85266
240 6.27871
241 5.71602
242 5.1687
243 4.63995
244 4.13213
245 3.64682
246 3.18508
247 2.7476
248 2.3349
249 1.94744
250 1.58561
251 1.24984
252 1.28672
253 1.32113
254 1.35733
255 1.37683
256 1.40003
257 1.40939
258 1.4125
259 1.41624
260 1.42059
261 1.42551
262 1.42687
263 1.42722
264 1.42758
265 1.42766
266 1.42768
267 1.42769
268 1.42769
269 1.42769
270 1.42769
271 1.42769
272 1.42769
273 1.42769
274 1.42769
275 1.42769
276 1.42769
277 1.42768
278 1.42767
279 1.42758
280 1.42722
281 1.42688
282 1.42554
283 1.42434
284 1.42013
285 1.41655
286 1.4136
287 1.40488
288 1.38373
289 1.35291
290 1.31898
291 1.32573
292 1.29023
293 1.65002
294 2.03991
295 2.45913
296 2.90644
297 3.37983
298 3.87635
299 4.39181
300 4.92072
301 5.45662
302 5.99279
303 6.52347
304 7.04511
305 7.55713
306 8.06196
307 8.56416
308 9.06921
309 9.58213
310 10.1071
311 10.6435
312 11.1748
313 11.6497
314 11.9402
315 12
316 11.9948
317 11.9948
318 11.9948
319 11.9948
320 11.9948
321 11.9948
322 11.9948
323 11.9948
324 11.9948
325 11.9948
326 11.9948
327 11.9948
328 11.9948
329 11.9948
330 11.9948
331 11.9948
332 11.9948
333 11.9948
334 11.9948
335 11.9948
336 11.9948
337 11.9948
338 11.9948
339 11.9948
340 11.9948
341 11.9948
342 11.9948
343 11.9948
344 11.9948
345 11.9948
346 11.9948
347 11.9948
348 11.9948
349 11.9948
350 11.9948
351 11.9948
352 11.9948
353 11.9948
354 11.9948
355 11.9948
356 11.9948
357 11.9948
358 11.9948
359 11.9948
360 11.9948
361 11.9948
362 11.9948
363 11.9948
364 11.9948
365 11.9948
366 11.9948
367 11.9948
368 11.9948
369 11.9948
370 11.9948
371 11.9948
372 11.9948
373 11.9948
374 11.9948
375 11.9948
376 11.9948
377 11.9948
378 11.9948
379 11.9948
380 11.9948
381 11.9948
382 11.9948
383 11.9948
384 11.9948
385 11.9948
386 11.9948
387 11.9948
388 11.9948
389 11.9948
390 11.9948
391 11.9948
392 11.9948
393 11.9948
394 11.9948
395 11.9948
396 11.9948
397 11.9948
398 11.9948
399 11.9948
400 11.9948
401 11.9948
402 11.9948
403 11.9948
404 11.9948
405 11.9948
406 11.9948
407 11.9948
408 11.9948
409 11.9948
410 11.9948
411 11.9948
412 11.9948
413 11.9948
414 11.9948
415 11.9948
416 11.9948
417 11.9948
418 11.9948
419 11.9948
420 11.9948
421 11.9948
422 11.9948
423 11.9948
424 11.9948
425 11.9948
426 11.9948
427 11.9948
428 11.9948
429 11.9948
430 11.9948
431 11.9948
432 11.9948
433 11.9948
434 11.9948
435 11.9948
436 11.9948
437 11.9948
438 11.9948
439 11.9948
440 11.9948
441 11.9948
442 11.9948
443 11.9948
444 11.9948
445 11.9948
446 11.9948
447 11.9948
448 11.9948
449 11.9948
450 11.9948
451 11.9948
452 11.9948
453 11.9948
454 11.9948
455 11.9948
456 11.9948
457 11.9948
458 11.9948
459 11.9948
460 11.9948
461 11.9948
462 11.9948
463 11.9948
464 11.9948
465 11.9948
466 11.9948
467 11.9948
468 11.9948
469 11.9948
470 11.9948
471 11.9948
472 11.9948
473 11.9948
474 11.9948
475 11.9948
476 11.9948
477 11.9948
478 11.9948
479 11.9948
480 11.9948
481 11.9948
482 11.9948
483 11.9948
484 11.9948
485 11.9948
486 11.9948
487 11.9948
488 11.9948
489 11.9948
490 11.9948
491 11.9948
492 11.9948
493 11.9948
494 11.9948
495 11.9948
496 11.9948
497 11.9948
498 11.9948
499 11.9948
500 11.9948
501 11.9948
502 11.9948
503 11.9948
504 11.9948
505 11.9948
506 11.9948
507 11.9948
508 11.9948
509 11.9948
510 11.9948
511 11.9948
512 11.9948
513 11.9948
514 11.9948
515 11.9948
516 11.9948
517 11.9948
518 11.9948
519 11.9948
520 11.9948
521 11.9948
522 11.9948
523 11.9948
524 11.9948
525 11.9948
526 11.9948
527 11.9948
528 11.9948
529 11.9948
530 11.9948
531 11.9948
532 11.9948
533 11.9948
534 11.9948
535 11.9948
536 11.9948
537 11.9948
538 11.9948
539 11.9948
540 11.9948
541 11.9948
542 11.9948
