1 11.9906
2 11.9906
3 11.9906
4 11.9906
5 11.9906
6 11.9906
7 11.9906
8 11.9906
9 11.9906
10 11.9906
11 11.9906
12 11.9906
13 11.9906
14 11.9906
15 11.9906
16 11.9906
17 11.9906
18 11.9906
19 11.9906
20 11.9906
21 11.9906
22 11.9906
23 11.9906
24 11.9906
25 11.9906
26 11.9906
27 11.9906
28 11.9906
29 11.9906
30 11.9906
31 11.9906
32 11.9906
33 11.9906
34 11.9906
35 11.9906
36 11.9906
37 11.9906
38 11.9906
39 11.9906
40 11.9906
41 11.9906
42 11.9906
43 11.9906
44 11.9906
45 11.9906
46 11.9906
47 11.9906
48 11.9906
49 11.9906
50 11.9906
51 11.9906
52 11.9906
53 11.9906
54 11.9906
55 11.9906
56 11.9906
57 11.9906
58 11.9906
59 11.9906
60 11.9906
61 11.9906
62 11.9906
63 11.9906
64 11.9906
65 11.9906
66 11.9906
67 11.9906
68 11.9906
69 11.9906
70 11.9906
71 11.9906
72 11.9906
73 11.9906
74 11.9906
75 11.9906
76 11.9906
77 11.9906
78 11.9906
79 11.9906
80 11.9906
81 11.9906
82 11.9906
83 11.9906
84 11.9906
85 11.9906
86 11.9906
87 11.9906
88 11.9906
89 11.9906
90 11.9906
91 11.9906
92 11.9906
93 11.9906
94 11.9906
95 11.9906
96 11.9906
97 11.9906
98 11.9906
99 11.9906
100 11.9906
101 11.9906
102 11.9906
103 11.9906
104 11.9906
105 11.9906
106 11.9906
107 11.9906
108 11.9906
109 11.9906
110 11.9906
111 11.9906
112 11.9906
113 11.9906
114 11.9906
115 11.9906
116 11.9906
117 11.9906
118 11.9906
119 11.9906
120 11.9906
121 11.9906
122 11.9906
123 11.9906
124 11.9906
125 11.9906
126 11.9906
127 11.9906
128 11.9906
129 11.9906
130 11.9906
131 11.9906
132 11.9906
133 11.9906
134 11.9906
135 11.9906
136 11.9906
137 11.9906
138 11.9906
139 11.9906
140 11.9906
141 11.9906
142 11.9906
143 11.9906
144 11.9906
145 11.9906
146 11.9906
147 11.9906
148 11.9906
149 11.9906
150 11.9906
151 11.9906
152 11.9906
153 11.9906
154 11.9906
155 11.9906
156 11.9906
157 11.9906
158 11.9906
159 11.9906
160 11.9906
161 11.9906
162 11.9906
163 11.9906
164 11.9906
165 11.9906
166 11.9906
167 11.9906
168 11.9906
169 11.9906
170 11.9906
171 11.9906
172 11.9906
173 11.9906
174 11.9906
175 11.9906
176 11.9906
177 11.9906
178 11.9906
179 11.9906
180 11.9906
181 11.9906
182 11.9906
183 11.9906
184 11.9906
185 11.9906
186 11.9906
187 11.9906
188 11.9906
189 11.9906
190 11.9906
191 11.9906
192 11.9906
193 11.9906
194 11.9906
195 11.9906
196 11.9906
197 11.9906
198 11.9906
199 11.9906
200 11.9906
201 11.9906
202 11.9906
203 11.9906
204 11.9906
205 11.9906
206 11.9906
207 11.9906
208 11.9906
209 11.9906
210 11.9906
211 11.9906
212 11.9906
213 11.9906
214 11.9906
215 11.9906
216 11.9906
217 11.9906
218 11.9906
219 11.9906
220 11.9906
221 11.9906
222 11.9906
223 11.9906
224 11.9906
225 11.9906
226 11.9906
227 11.9906
228 11.9906
229 11.9906
230 11.9906
231 11.9906
232 11.9906
233 11.9906
234 11.9906
235 11.9906
236 11.9906
237 11.9502
238 11.5725
239 10.9862
240 10.2908
241 9.55656
242 8.81419
243 8.0687
244 7.31673
245 6.55378
246 5.7788
247 4.99539
248 4.21081
249 3.43386
250 2.67269
251 1.93362
252 1.93373
253 1.98266
254 1.88614
255 1.90883
256 1.78942
257 1.80495
258 1.83702
259 1.83729
260 1.70098
261 1.31775
262 1.29433
263 1.31522
264 1.27123
265 1.2819
266 1.2981
267 1.31007
268 1.31692
269 1.31948
270 1.32518
271 1.32649
272 1.32363
273 1.32353
274 1.32603
275 1.32458
276 1.31906
277 1.30821
278 1.29085
279 1.2714
280 1.28524
281 1.26272
282 1.28697
283 1.26424
284 1.30446
285 1.2809
286 1.25149
287 1.22006
288 1.22243
289 1.47448
290 1.48101
291 1.82398
292 1.833
293 2.59477
294 3.3737
295 4.16158
296 4.94821
297 5.72352
298 6.48067
299 7.21866
300 7.94289
301 8.6622
302 9.38408
303 10.1087
304 10.8138
305 11.4329
306 11.8786
307 12
308 11.9906
309 11.9906
310 11.9906
311 11.9906
312 11.9906
313 11.9906
314 11.9906
315 11.9906
316 11.9906
317 11.9906
318 11.9906
319 11.9906
320 11.9906
321 11.9906
322 11.9906
323 11.9906
324 11.9906
325 11.9906
326 11.9906
327 11.9906
328 11.9906
329 11.9906
330 11.9906
331 11.9906
332 11.9906
333 11.9906
334 11.9906
335 11.9906
336 11.9906
337 11.9906
338 11.9906
339 11.9906
340 11.9906
341 11.9906
342 11.9906
343 11.9906
344 11.9906
345 11.9906
346 11.9906
347 11.9906
348 11.9906
349 11.9906
350 11.9906
351 11.9906
352 11.9906
353 11.9906
354 11.9906
355 11.9906
356 11.9906
357 11.9906
358 11.9906
359 11.9906
360 11.9906
361 11.9906
362 11.9906
363 11.9906
364 11.9906
365 11.9906
366 11.9906
367 11.9906
368 11.9906
369 11.9906
370 11.9906
371 11.9906
372 11.9906
373 11.9906
374 11.9906
375 11.9906
376 11.9906
377 11.9906
378 11.9906
379 11.9906
380 11.9906
381 11.9906
382 11.9906
383 11.9906
384 11.9906
385 11.9906
386 11.9906
387 11.9906
388 11.9906
389 11.9906
390 11.9906
391 11.9906
392 11.9906
393 11.9906
394 11.9906
395 11.9906
396 11.9906
397 11.9906
398 11.9906
399 11.9906
400 11.9906
401 11.9906
402 11.9906
403 11.9906
404 11.9906
405 11.9906
406 11.9906
407 11.9906
408 11.9906
409 11.9906
410 11.9906
411 11.9906
412 11.9906
413 11.9906
414 11.9906
415 11.9906
416 11.9906
417 11.9906
418 11.9906
419 11.9906
420 11.9906
421 11.9906
422 11.9906
423 11.9906
424 11.9906
425 11.9906
426 11.9906
427 11.9906
428 11.9906
429 11.9906
430 11.9906
431 11.9906
432 11.9906
433 11.9906
434 11.9906
435 11.9906
436 11.9906
437 11.9906
438 11.9906
439 11.9906
440 11.9906
441 11.9906
442 11.9906
443 11.9906
444 11.9906
445 11.9906
446 11.9906
447 11.9906
448 11.9906
449 11.9906
450 11.9906
451 11.9906
452 11.9906
453 11.9906
454 11.9906
455 11.9906
456 11.9906
457 11.9906
458 11.9906
459 11.9906
460 11.9906
461 11.9906
462 11.9906
463 11.9906
464 11.9906
465 11.9906
466 11.9906
467 11.9906
468 11.9906
469 11.9906
470 11.9906
471 11.9906
472 11.9906
473 11.9906
474 11.9906
475 11.9906
476 11.9906
477 11.9906
478 11.9906
479 11.9906
480 11.9906
481 11.9906
482 11.9906
483 11.9906
484 11.9906
485 11.9906
486 11.9906
487 11.9906
488 11.9906
489 11.9906
490 11.9906
491 11.9906
492 11.9906
493 11.9906
494 11.9906
495 11.9906
496 11.9906
497 11.9906
498 11.9906
499 11.9906
500 11.9906
501 11.9906
502 11.9906
503 11.9906
504 11.9906
505 11.9906
506 11.9906
507 11.9906
508 11.9906
509 11.9906
510 11.9906
511 11.9906
512 11.9906
513 11.9906
514 11.9906
515 11.9906
516 11.9906
517 11.9906
518 11.9906
519 11.9906
520 11.9906
521 11.9906
522 11.9906
523 11.9906
524 11.9906
525 11.9906
526 11.9906
527 11.9906
528 11.9906
529 11.9906
530 11.9906
531 11.9906
532 11.9906
533 11.9906
534 11.9906
535 11.9906
536 11.9906
537 11.9906
538 11.9906
539 11.9906
540 11.9906
541 11.9906
542 11.9906
