1 11.9242
2 11.9242
3 11.9242
4 11.9242
5 11.9242
6 11.9242
7 11.9242
8 11.9242
9 11.9242
10 11.9242
11 11.9242
12 11.9242
13 11.9242
14 11.9242
15 11.9242
16 11.9242
17 11.9242
18 11.9242
19 11.9242
20 11.9242
21 11.9242
22 11.9242
23 11.9242
24 11.9242
25 11.9242
26 11.9242
27 11.9242
28 11.9242
29 11.9242
30 11.9242
31 11.9242
32 11.9242
33 11.9242
34 11.9242
35 11.9242
36 11.9242
37 11.9242
38 11.9242
39 11.9242
40 11.9242
41 11.9242
42 11.9242
43 11.9242
44 11.9242
45 11.9242
46 11.9242
47 11.9242
48 11.9242
49 11.9242
50 11.9242
51 11.9242
52 11.9242
53 11.9242
54 11.9242
55 11.9242
56 11.9242
57 11.9242
58 11.9242
59 11.9242
60 11.9242
61 11.9242
62 11.9242
63 11.9242
64 11.9242
65 11.9242
66 11.9242
67 11.9242
68 11.9242
69 11.9242
70 11.9242
71 11.9242
72 11.9242
73 11.9242
74 11.9242
75 11.9242
76 11.9242
77 11.9242
78 11.9242
79 11.9242
80 11.9242
81 11.9242
82 11.9242
83 11.9242
84 11.9242
85 11.9242
86 11.9242
87 11.9242
88 11.9242
89 11.9242
90 11.9242
91 11.9242
92 11.9242
93 11.9242
94 11.9242
95 11.9242
96 11.9242
97 11.9242
98 11.9242
99 11.9242
100 11.9242
101 11.9242
102 11.9242
103 11.9242
104 11.9242
105 11.9242
106 11.9242
107 11.9242
108 11.9242
109 11.9242
110 11.9242
111 11.9242
112 11.9242
113 11.9242
114 11.9242
115 11.9242
116 11.9242
117 11.9242
118 11.9242
119 11.9242
120 11.9242
121 11.9242
122 11.9242
123 11.9242
124 11.9242
125 11.9242
126 11.9242
127 11.9242
128 11.9242
129 11.9242
130 11.9242
131 11.9242
132 11.9242
133 11.9242
134 11.9242
135 11.9242
136 11.9242
137 11.9242
138 11.9242
139 11.9242
140 11.9242
141 11.9242
142 11.9242
143 11.9242
144 11.9242
145 11.9242
146 11.9242
147 11.9242
148 11.9242
149 11.9242
150 11.9242
151 11.9242
152 11.9242
153 11.9242
154 11.9242
155 11.9242
156 11.9242
157 11.9242
158 11.9242
159 11.9242
160 11.9242
161 11.9242
162 11.9242
163 11.9242
164 11.9242
165 11.9242
166 11.9242
167 11.9242
168 11.9242
169 11.9242
170 11.9242
171 11.9242
172 11.9242
173 11.9242
174 11.9242
175 11.9242
176 11.9242
177 11.9242
178 11.9242
179 11.9242
180 11.9242
181 11.9242
182 11.9242
183 11.9242
184 11.9242
185 11.9242
186 11.9242
187 11.9242
188 11.9242
189 11.9242
190 11.9242
191 11.9242
192 11.9242
193 11.9242
194 11.9242
195 11.9242
196 11.9242
197 11.9242
198 11.9242
199 11.9242
200 11.9242
201 11.9242
202 11.9242
203 11.9242
204 11.9242
205 11.9242
206 11.9242
207 11.9242
208 11.9242
209 11.9242
210 11.9242
211 11.9242
212 11.9242
213 11.9242
214 11.9242
215 11.9242
216 11.9242
217 11.9242
218 11.9242
219 11.9242
220 11.9242
221 11.9242
222 11.9242
223 11.9242
224 11.9242
225 11.9242
226 11.9242
227 11.9242
228 11.9242
229 11.9242
230 11.9242
231 11.9242
232 11.9242
233 11.9242
234 11.9242
235 11.9242
236 11.9242
237 11.9242
238 11.9242
239 11.9242
240 11.9242
241 11.9242
242 11.9242
243 11.9242
244 11.9242
245 11.9611
246 12
247 11.7202
248 11.3026
249 10.8334
250 10.3309
251 9.80929
252 9.83247
253 9.87703
254 9.78749
255 9.79256
256 9.54397
257 9.5013
258 9.54201
259 9.36522
260 8.80343
261 7.99078
262 7.92939
263 7.93769
264 7.70515
265 7.66212
266 7.65891
267 7.66171
268 7.66132
269 7.66708
270 7.66438
271 7.67074
272 7.71034
273 7.71557
274 7.69362
275 7.7001
276 7.70464
277 7.70645
278 7.72016
279 7.79343
280 8.18024
281 8.23499
282 8.57859
283 8.63113
284 8.99679
285 9.06947
286 9.04441
287 9.04979
288 9.10817
289 9.46054
290 9.48833
291 9.78269
292 9.77348
293 10.3562
294 10.9116
295 11.4254
296 11.8192
297 11.9947
298 11.9242
299 11.9242
300 11.9242
301 11.9242
302 11.9242
303 11.9242
304 11.9242
305 11.9242
306 11.9242
307 11.9242
308 11.9242
309 11.9242
310 11.9242
311 11.9242
312 11.9242
313 11.9242
314 11.9242
315 11.9242
316 11.9242
317 11.9242
318 11.9242
319 11.9242
320 11.9242
321 11.9242
322 11.9242
323 11.9242
324 11.9242
325 11.9242
326 11.9242
327 11.9242
328 11.9242
329 11.9242
330 11.9242
331 11.9242
332 11.9242
333 11.9242
334 11.9242
335 11.9242
336 11.9242
337 11.9242
338 11.9242
339 11.9242
340 11.9242
341 11.9242
342 11.9242
343 11.9242
344 11.9242
345 11.9242
346 11.9242
347 11.9242
348 11.9242
349 11.9242
350 11.9242
351 11.9242
352 11.9242
353 11.9242
354 11.9242
355 11.9242
356 11.9242
357 11.9242
358 11.9242
359 11.9242
360 11.9242
361 11.9242
362 11.9242
363 11.9242
364 11.9242
365 11.9242
366 11.9242
367 11.9242
368 11.9242
369 11.9242
370 11.9242
371 11.9242
372 11.9242
373 11.9242
374 11.9242
375 11.9242
376 11.9242
377 11.9242
378 11.9242
379 11.9242
380 11.9242
381 11.9242
382 11.9242
383 11.9242
384 11.9242
385 11.9242
386 11.9242
387 11.9242
388 11.9242
389 11.9242
390 11.9242
391 11.9242
392 11.9242
393 11.9242
394 11.9242
395 11.9242
396 11.9242
397 11.9242
398 11.9242
399 11.9242
400 11.9242
401 11.9242
402 11.9242
403 11.9242
404 11.9242
405 11.9242
406 11.9242
407 11.9242
408 11.9242
409 11.9242
410 11.9242
411 11.9242
412 11.9242
413 11.9242
414 11.9242
415 11.9242
416 11.9242
417 11.9242
418 11.9242
419 11.9242
420 11.9242
421 11.9242
422 11.9242
423 11.9242
424 11.9242
425 11.9242
426 11.9242
427 11.9242
428 11.9242
429 11.9242
430 11.9242
431 11.9242
432 11.9242
433 11.9242
434 11.9242
435 11.9242
436 11.9242
437 11.9242
438 11.9242
439 11.9242
440 11.9242
441 11.9242
442 11.9242
443 11.9242
444 11.9242
445 11.9242
446 11.9242
447 11.9242
448 11.9242
449 11.9242
450 11.9242
451 11.9242
452 11.9242
453 11.9242
454 11.9242
455 11.9242
456 11.9242
457 11.9242
458 11.9242
459 11.9242
460 11.9242
461 11.9242
462 11.9242
463 11.9242
464 11.9242
465 11.9242
466 11.9242
467 11.9242
468 11.9242
469 11.9242
470 11.9242
471 11.9242
472 11.9242
473 11.9242
474 11.9242
475 11.9242
476 11.9242
477 11.9242
478 11.9242
479 11.9242
480 11.9242
481 11.9242
482 11.9242
483 11.9242
484 11.9242
485 11.9242
486 11.9242
487 11.9242
488 11.9242
489 11.9242
490 11.9242
491 11.9242
492 11.9242
493 11.9242
494 11.9242
495 11.9242
496 11.9242
497 11.9242
498 11.9242
499 11.9242
500 11.9242
501 11.9242
502 11.9242
503 11.9242
504 11.9242
505 11.9242
506 11.9242
507 11.9242
508 11.9242
509 11.9242
510 11.9242
511 11.9242
512 11.9242
513 11.9242
514 11.9242
515 11.9242
516 11.9242
517 11.9242
518 11.9242
519 11.9242
520 11.9242
521 11.9242
522 11.9242
523 11.9242
524 11.9242
525 11.9242
526 11.9242
527 11.9242
528 11.9242
529 11.9242
530 11.9242
531 11.9242
532 11.9242
533 11.9242
534 11.9242
535 11.9242
536 11.9242
537 11.9242
538 11.9242
539 11.9242
540 11.9242
541 11.9242
542 11.9242
