1 11.957
2 11.957
3 11.957
4 11.957
5 11.957
6 11.957
7 11.957
8 11.957
9 11.957
10 11.957
11 11.957
12 11.957
13 11.957
14 11.957
15 11.957
16 11.957
17 11.957
18 11.957
19 11.957
20 11.957
21 11.957
22 11.957
23 11.957
24 11.957
25 11.957
26 11.957
27 11.957
28 11.957
29 11.957
30 11.957
31 11.957
32 11.957
33 11.957
34 11.957
35 11.957
36 11.957
37 11.957
38 11.957
39 11.957
40 11.957
41 11.957
42 11.957
43 11.957
44 11.957
45 11.957
46 11.957
47 11.957
48 11.957
49 11.957
50 11.957
51 11.957
52 11.957
53 11.957
54 11.957
55 11.957
56 11.957
57 11.957
58 11.957
59 11.957
60 11.957
61 11.957
62 11.957
63 11.957
64 11.957
65 11.957
66 11.957
67 11.957
68 11.957
69 11.957
70 11.957
71 11.957
72 11.957
73 11.957
74 11.957
75 11.957
76 11.957
77 11.957
78 11.957
79 11.957
80 11.957
81 11.957
82 11.957
83 11.957
84 11.957
85 11.957
86 11.957
87 11.957
88 11.957
89 11.957
90 11.957
91 11.957
92 11.957
93 11.957
94 11.957
95 11.957
96 11.957
97 11.957
98 11.957
99 11.957
100 11.957
101 11.957
102 11.957
103 11.957
104 11.957
105 11.957
106 11.957
107 11.957
108 11.957
109 11.957
110 11.957
111 11.957
112 11.957
113 11.957
114 11.957
115 11.957
116 11.957
117 11.957
118 11.957
119 11.957
120 11.957
121 11.957
122 11.957
123 11.957
124 11.957
125 11.957
126 11.957
127 11.957
128 11.957
129 11.957
130 11.957
131 11.957
132 11.957
133 11.957
134 11.957
135 11.957
136 11.957
137 11.957
138 11.957
139 11.957
140 11.957
141 11.957
142 11.957
143 11.957
144 11.957
145 11.957
146 11.957
147 11.957
148 11.957
149 11.957
150 11.957
151 11.957
152 11.957
153 11.957
154 11.957
155 11.957
156 11.957
157 11.957
158 11.957
159 11.957
160 11.957
161 11.957
162 11.957
163 11.957
164 11.957
165 11.957
166 11.957
167 11.957
168 11.957
169 11.957
170 11.957
171 11.957
172 11.957
173 11.957
174 11.957
175 11.957
176 11.957
177 11.957
178 11.957
179 11.957
180 11.957
181 11.957
182 11.957
183 11.957
184 11.957
185 11.957
186 11.957
187 11.957
188 11.957
189 11.957
190 11.957
191 11.957
192 11.957
193 11.957
194 11.957
195 11.957
196 11.957
197 11.957
198 11.957
199 11.957
200 11.957
201 11.957
202 11.957
203 11.957
204 11.957
205 11.957
206 11.957
207 11.957
208 11.957
209 11.957
210 11.957
211 11.957
212 11.957
213 11.957
214 11.957
215 11.957
216 11.957
217 11.957
218 11.957
219 11.957
220 11.957
221 11.957
222 11.957
223 11.957
224 11.957
225 11.957
226 11.957
227 11.957
228 11.957
229 11.957
230 11.957
231 11.957
232 11.957
233 11.957
234 11.957
235 11.957
236 11.957
237 11.9656
238 11.9899
239 12
240 11.94
241 11.6728
242 11.1688
243 10.5272
244 9.82861
245 9.09057
246 8.32068
247 7.53756
248 6.76016
249 5.99834
250 5.25127
251 4.51079
252 4.50645
253 4.54917
254 4.35943
255 4.34052
256 4.01199
257 3.95689
258 3.95909
259 3.7864
260 3.24684
261 2.4554
262 2.40555
263 2.43334
264 2.34906
265 2.36839
266 2.39851
267 2.42084
268 2.43232
269 2.4329
270 2.44547
271 2.44642
272 2.43546
273 2.43676
274 2.44913
275 2.45058
276 2.44139
277 2.42339
278 2.40576
279 2.42711
280 2.68303
281 2.72666
282 3.06547
283 3.13248
284 3.53729
285 3.62035
286 3.60031
287 3.5924
288 3.64011
289 4.01027
290 4.02739
291 4.38314
292 4.37573
293 5.0874
294 5.81152
295 6.55764
296 7.32788
297 8.11527
298 8.90581
299 9.68563
300 10.4466
301 11.1598
302 11.7069
303 11.9638
304 11.9993
305 11.9779
306 11.9599
307 11.957
308 11.957
309 11.957
310 11.957
311 11.957
312 11.957
313 11.957
314 11.957
315 11.957
316 11.957
317 11.957
318 11.957
319 11.957
320 11.957
321 11.957
322 11.957
323 11.957
324 11.957
325 11.957
326 11.957
327 11.957
328 11.957
329 11.957
330 11.957
331 11.957
332 11.957
333 11.957
334 11.957
335 11.957
336 11.957
337 11.957
338 11.957
339 11.957
340 11.957
341 11.957
342 11.957
343 11.957
344 11.957
345 11.957
346 11.957
347 11.957
348 11.957
349 11.957
350 11.957
351 11.957
352 11.957
353 11.957
354 11.957
355 11.957
356 11.957
357 11.957
358 11.957
359 11.957
360 11.957
361 11.957
362 11.957
363 11.957
364 11.957
365 11.957
366 11.957
367 11.957
368 11.957
369 11.957
370 11.957
371 11.957
372 11.957
373 11.957
374 11.957
375 11.957
376 11.957
377 11.957
378 11.957
379 11.957
380 11.957
381 11.957
382 11.957
383 11.957
384 11.957
385 11.957
386 11.957
387 11.957
388 11.957
389 11.957
390 11.957
391 11.957
392 11.957
393 11.957
394 11.957
395 11.957
396 11.957
397 11.957
398 11.957
399 11.957
400 11.957
401 11.957
402 11.957
403 11.957
404 11.957
405 11.957
406 11.957
407 11.957
408 11.957
409 11.957
410 11.957
411 11.957
412 11.957
413 11.957
414 11.957
415 11.957
416 11.957
417 11.957
418 11.957
419 11.957
420 11.957
421 11.957
422 11.957
423 11.957
424 11.957
425 11.957
426 11.957
427 11.957
428 11.957
429 11.957
430 11.957
431 11.957
432 11.957
433 11.957
434 11.957
435 11.957
436 11.957
437 11.957
438 11.957
439 11.957
440 11.957
441 11.957
442 11.957
443 11.957
444 11.957
445 11.957
446 11.957
447 11.957
448 11.957
449 11.957
450 11.957
451 11.957
452 11.957
453 11.957
454 11.957
455 11.957
456 11.957
457 11.957
458 11.957
459 11.957
460 11.957
461 11.957
462 11.957
463 11.957
464 11.957
465 11.957
466 11.957
467 11.957
468 11.957
469 11.957
470 11.957
471 11.957
472 11.957
473 11.957
474 11.957
475 11.957
476 11.957
477 11.957
478 11.957
479 11.957
480 11.957
481 11.957
482 11.957
483 11.957
484 11.957
485 11.957
486 11.957
487 11.957
488 11.957
489 11.957
490 11.957
491 11.957
492 11.957
493 11.957
494 11.957
495 11.957
496 11.957
497 11.957
498 11.957
499 11.957
500 11.957
501 11.957
502 11.957
503 11.957
504 11.957
505 11.957
506 11.957
507 11.957
508 11.957
509 11.957
510 11.957
511 11.957
512 11.957
513 11.957
514 11.957
515 11.957
516 11.957
517 11.957
518 11.957
519 11.957
520 11.957
521 11.957
522 11.957
523 11.957
524 11.957
525 11.957
526 11.957
527 11.957
528 11.957
529 11.957
530 11.957
531 11.957
532 11.957
533 11.957
534 11.957
535 11.957
536 11.957
537 11.957
538 11.957
539 11.957
540 11.957
541 11.957
542 11.957
