1 11.8224
2 11.8224
3 11.8224
4 11.8224
5 11.8224
6 11.8224
7 11.8224
8 11.8224
9 11.8224
10 11.8224
11 11.8224
12 11.8224
13 11.8224
14 11.8224
15 11.8224
16 11.8224
17 11.8224
18 11.8224
19 11.8224
20 11.8224
21 11.8224
22 11.8224
23 11.8224
24 11.8224
25 11.8224
26 11.8224
27 11.8224
28 11.8224
29 11.8224
30 11.8224
31 11.8224
32 11.8224
33 11.8224
34 11.8224
35 11.8224
36 11.8224
37 11.8224
38 11.8224
39 11.8224
40 11.8224
41 11.8224
42 11.8224
43 11.8224
44 11.8224
45 11.8224
46 11.8224
47 11.8224
48 11.8224
49 11.8224
50 11.8224
51 11.8224
52 11.8224
53 11.8224
54 11.8224
55 11.8224
56 11.8224
57 11.8224
58 11.8224
59 11.8224
60 11.8224
61 11.8224
62 11.8224
63 11.8224
64 11.8224
65 11.8224
66 11.8224
67 11.8224
68 11.8224
69 11.8224
70 11.8224
71 11.8224
72 11.8224
73 11.8224
74 11.8224
75 11.8224
76 11.8224
77 11.8224
78 11.8224
79 11.8224
80 11.8224
81 11.8224
82 11.8224
83 11.8224
84 11.8224
85 11.8224
86 11.8224
87 11.8224
88 11.8224
89 11.8224
90 11.8224
91 11.8224
92 11.8224
93 11.8224
94 11.8224
95 11.8224
96 11.8224
97 11.8224
98 11.8224
99 11.8224
100 11.8224
101 11.8224
102 11.8224
103 11.8224
104 11.8224
105 11.8224
106 11.8224
107 11.8224
108 11.8224
109 11.8224
110 11.8224
111 11.8224
112 11.8224
113 11.8224
114 11.8224
115 11.8224
116 11.8224
117 11.8224
118 11.8224
119 11.8224
120 11.8224
121 11.8224
122 11.8224
123 11.8224
124 11.8224
125 11.8224
126 11.8224
127 11.8224
128 11.8224
129 11.8224
130 11.8224
131 11.8224
132 11.8224
133 11.8224
134 11.8224
135 11.8224
136 11.8224
137 11.8224
138 11.8224
139 11.8224
140 11.8224
141 11.8224
142 11.8224
143 11.8224
144 11.8224
145 11.8224
146 11.8224
147 11.8224
148 11.8224
149 11.8224
150 11.8224
151 11.8224
152 11.8224
153 11.8224
154 11.8224
155 11.8224
156 11.8224
157 11.8224
158 11.8224
159 11.8224
160 11.8224
161 11.8224
162 11.8224
163 11.8224
164 11.8224
165 11.8224
166 11.8224
167 11.8224
168 11.8224
169 11.8224
170 11.8224
171 11.8224
172 11.8224
173 11.8224
174 11.8224
175 11.8224
176 11.8224
177 11.8224
178 11.8224
179 11.8224
180 11.8224
181 11.8224
182 11.8224
183 11.8224
184 11.8224
185 11.8224
186 11.8224
187 11.8224
188 11.8224
189 11.8224
190 11.8224
191 11.8224
192 11.8224
193 11.8224
194 11.8224
195 11.8224
196 11.8224
197 11.8224
198 11.8224
199 11.8224
200 11.8224
201 11.8224
202 11.8224
203 11.8224
204 11.8224
205 11.8224
206 11.8224
207 11.8224
208 11.8224
209 11.8224
210 11.8224
211 11.8224
212 11.8224
213 11.8224
214 11.8224
215 11.8224
216 11.8224
217 11.8224
218 11.8224
219 11.8224
220 11.8224
221 11.8224
222 11.8224
223 11.8224
224 11.8224
225 11.8224
226 11.8224
227 11.8224
228 11.8224
229 11.8224
230 11.8224
231 11.8224
232 11.8224
233 11.8224
234 11.8224
235 11.8224
236 11.8224
237 11.8224
238 11.8224
239 11.8224
240 11.8224
241 11.8224
242 11.8224
243 11.8224
244 11.8224
245 11.8224
246 11.8224
247 11.8224
248 11.9847
249 11.9562
250 11.534
251 10.9572
252 10.9922
253 11.2214
254 11.1061
255 11.2214
256 11.0511
257 11.0788
258 11.7363
259 11.9203
260 11.216
261 10.4033
262 10.3584
263 10.3747
264 10.1324
265 10.1078
266 10.1221
267 10.1536
268 10.2345
269 10.5428
270 10.5685
271 10.6803
272 11.0852
273 10.8767
274 10.151
275 10.0245
276 9.98895
277 9.97088
278 9.96293
279 10.0098
280 10.4497
281 10.535
282 11.0748
283 11.1592
284 11.7348
285 11.5158
286 10.842
287 10.7609
288 10.7688
289 11.0295
290 11.0275
291 11.3559
292 11.2507
293 11.785
294 12
295 11.8224
296 11.8224
297 11.8224
298 11.8224
299 11.8224
300 11.8224
301 11.8224
302 11.8224
303 11.8224
304 11.8224
305 11.8224
306 11.8224
307 11.8224
308 11.8224
309 11.8224
310 11.8224
311 11.8224
312 11.8224
313 11.8224
314 11.8224
315 11.8224
316 11.8224
317 11.8224
318 11.8224
319 11.8224
320 11.8224
321 11.8224
322 11.8224
323 11.8224
324 11.8224
325 11.8224
326 11.8224
327 11.8224
328 11.8224
329 11.8224
330 11.8224
331 11.8224
332 11.8224
333 11.8224
334 11.8224
335 11.8224
336 11.8224
337 11.8224
338 11.8224
339 11.8224
340 11.8224
341 11.8224
342 11.8224
343 11.8224
344 11.8224
345 11.8224
346 11.8224
347 11.8224
348 11.8224
349 11.8224
350 11.8224
351 11.8224
352 11.8224
353 11.8224
354 11.8224
355 11.8224
356 11.8224
357 11.8224
358 11.8224
359 11.8224
360 11.8224
361 11.8224
362 11.8224
363 11.8224
364 11.8224
365 11.8224
366 11.8224
367 11.8224
368 11.8224
369 11.8224
370 11.8224
371 11.8224
372 11.8224
373 11.8224
374 11.8224
375 11.8224
376 11.8224
377 11.8224
378 11.8224
379 11.8224
380 11.8224
381 11.8224
382 11.8224
383 11.8224
384 11.8224
385 11.8224
386 11.8224
387 11.8224
388 11.8224
389 11.8224
390 11.8224
391 11.8224
392 11.8224
393 11.8224
394 11.8224
395 11.8224
396 11.8224
397 11.8224
398 11.8224
399 11.8224
400 11.8224
401 11.8224
402 11.8224
403 11.8224
404 11.8224
405 11.8224
406 11.8224
407 11.8224
408 11.8224
409 11.8224
410 11.8224
411 11.8224
412 11.8224
413 11.8224
414 11.8224
415 11.8224
416 11.8224
417 11.8224
418 11.8224
419 11.8224
420 11.8224
421 11.8224
422 11.8224
423 11.8224
424 11.8224
425 11.8224
426 11.8224
427 11.8224
428 11.8224
429 11.8224
430 11.8224
431 11.8224
432 11.8224
433 11.8224
434 11.8224
435 11.8224
436 11.8224
437 11.8224
438 11.8224
439 11.8224
440 11.8224
441 11.8224
442 11.8224
443 11.8224
444 11.8224
445 11.8224
446 11.8224
447 11.8224
448 11.8224
449 11.8224
450 11.8224
451 11.8224
452 11.8224
453 11.8224
454 11.8224
455 11.8224
456 11.8224
457 11.8224
458 11.8224
459 11.8224
460 11.8224
461 11.8224
462 11.8224
463 11.8224
464 11.8224
465 11.8224
466 11.8224
467 11.8224
468 11.8224
469 11.8224
470 11.8224
471 11.8224
472 11.8224
473 11.8224
474 11.8224
475 11.8224
476 11.8224
477 11.8224
478 11.8224
479 11.8224
480 11.8224
481 11.8224
482 11.8224
483 11.8224
484 11.8224
485 11.8224
486 11.8224
487 11.8224
488 11.8224
489 11.8224
490 11.8224
491 11.8224
492 11.8224
493 11.8224
494 11.8224
495 11.8224
496 11.8224
497 11.8224
498 11.8224
499 11.8224
500 11.8224
501 11.8224
502 11.8224
503 11.8224
504 11.8224
505 11.8224
506 11.8224
507 11.8224
508 11.8224
509 11.8224
510 11.8224
511 11.8224
512 11.8224
513 11.8224
514 11.8224
515 11.8224
516 11.8224
517 11.8224
518 11.8224
519 11.8224
520 11.8224
521 11.8224
522 11.8224
523 11.8224
524 11.8224
525 11.8224
526 11.8224
527 11.8224
528 11.8224
529 11.8224
530 11.8224
531 11.8224
532 11.8224
533 11.8224
534 11.8224
535 11.8224
536 11.8224
537 11.8224
538 11.8224
539 11.8224
540 11.8224
541 11.8224
542 11.8224
