1 11.8562
2 11.8562
3 11.8562
4 11.8562
5 11.8562
6 11.8562
7 11.8562
8 11.8562
9 11.8562
10 11.8562
11 11.8562
12 11.8562
13 11.8562
14 11.8562
15 11.8562
16 11.8562
17 11.8562
18 11.8562
19 11.8562
20 11.8562
21 11.8562
22 11.8562
23 11.8562
24 11.8562
25 11.8562
26 11.8562
27 11.8562
28 11.8562
29 11.8562
30 11.8562
31 11.8562
32 11.8562
33 11.8562
34 11.8562
35 11.8562
36 11.8562
37 11.8562
38 11.8562
39 11.8562
40 11.8562
41 11.8562
42 11.8562
43 11.8562
44 11.8562
45 11.8562
46 11.8562
47 11.8562
48 11.8562
49 11.8562
50 11.8562
51 11.8562
52 11.8562
53 11.8562
54 11.8562
55 11.8562
56 11.8562
57 11.8562
58 11.8562
59 11.8562
60 11.8562
61 11.8562
62 11.8562
63 11.8562
64 11.8562
65 11.8562
66 11.8562
67 11.8562
68 11.8562
69 11.8562
70 11.8562
71 11.8562
72 11.8562
73 11.8562
74 11.8562
75 11.8562
76 11.8562
77 11.8562
78 11.8562
79 11.8562
80 11.8562
81 11.8562
82 11.8562
83 11.8562
84 11.8562
85 11.8562
86 11.8562
87 11.8562
88 11.8562
89 11.8562
90 11.8562
91 11.8562
92 11.8562
93 11.8562
94 11.8562
95 11.8562
96 11.8562
97 11.8562
98 11.8562
99 11.8562
100 11.8562
101 11.8562
102 11.8562
103 11.8562
104 11.8562
105 11.8562
106 11.8562
107 11.8562
108 11.8562
109 11.8562
110 11.8562
111 11.8562
112 11.8562
113 11.8562
114 11.8562
115 11.8562
116 11.8562
117 11.8562
118 11.8562
119 11.8562
120 11.8562
121 11.8562
122 11.8562
123 11.8562
124 11.8562
125 11.8562
126 11.8562
127 11.8562
128 11.8562
129 11.8562
130 11.8562
131 11.8562
132 11.8562
133 11.8562
134 11.8562
135 11.8562
136 11.8562
137 11.8562
138 11.8562
139 11.8562
140 11.8562
141 11.8562
142 11.8562
143 11.8562
144 11.8562
145 11.8562
146 11.8562
147 11.8562
148 11.8562
149 11.8562
150 11.8562
151 11.8562
152 11.8562
153 11.8562
154 11.8562
155 11.8562
156 11.8562
157 11.8562
158 11.8562
159 11.8562
160 11.8562
161 11.8562
162 11.8562
163 11.8562
164 11.8562
165 11.8562
166 11.8562
167 11.8562
168 11.8562
169 11.8562
170 11.8562
171 11.8562
172 11.8562
173 11.8562
174 11.8562
175 11.8562
176 11.8562
177 11.8562
178 11.8562
179 11.8562
180 11.8562
181 11.8562
182 11.8562
183 11.8562
184 11.8562
185 11.8562
186 11.8562
187 11.8562
188 11.8562
189 11.8562
190 11.8562
191 11.8562
192 11.8562
193 11.8562
194 11.8562
195 11.8562
196 11.8562
197 11.8562
198 11.8562
199 11.8562
200 11.8562
201 11.8562
202 11.8562
203 11.8562
204 11.8562
205 11.8562
206 11.8562
207 11.8562
208 11.8562
209 11.8562
210 11.8562
211 11.8562
212 11.8562
213 11.8562
214 11.8562
215 11.8562
216 11.8562
217 11.8562
218 11.8562
219 11.8562
220 11.8562
221 11.8562
222 11.8562
223 11.8562
224 11.8562
225 11.8562
226 11.8562
227 11.8562
228 11.8562
229 11.8562
230 11.8562
231 11.8562
232 11.8562
233 11.8562
234 11.8562
235 11.8562
236 11.8562
237 11.8562
238 11.8562
239 11.8562
240 11.8562
241 11.8562
242 11.8562
243 11.8562
244 11.8562
245 11.8562
246 11.8562
247 11.9211
248 11.9469
249 11.5799
250 11.0458
251 10.5169
252 10.541
253 10.6437
254 10.6391
255 10.7574
256 10.7008
257 10.7678
258 11.158
259 11.0148
260 10.3074
261 9.45596
262 9.40888
263 9.42649
264 9.25922
265 9.25038
266 9.26402
267 9.27984
268 9.31491
269 9.45335
270 9.45196
271 9.50669
272 9.71951
273 9.6626
274 9.32335
275 9.25756
276 9.24166
277 9.22931
278 9.21703
279 9.24403
280 9.57276
281 9.62852
282 10.0674
283 10.1708
284 10.741
285 10.7875
286 10.4439
287 10.377
288 10.3659
289 10.5279
290 10.5047
291 10.724
292 10.6963
293 11.2474
294 11.7637
295 12
296 11.8562
297 11.8562
298 11.8562
299 11.8562
300 11.8562
301 11.8562
302 11.8562
303 11.8562
304 11.8562
305 11.8562
306 11.8562
307 11.8562
308 11.8562
309 11.8562
310 11.8562
311 11.8562
312 11.8562
313 11.8562
314 11.8562
315 11.8562
316 11.8562
317 11.8562
318 11.8562
319 11.8562
320 11.8562
321 11.8562
322 11.8562
323 11.8562
324 11.8562
325 11.8562
326 11.8562
327 11.8562
328 11.8562
329 11.8562
330 11.8562
331 11.8562
332 11.8562
333 11.8562
334 11.8562
335 11.8562
336 11.8562
337 11.8562
338 11.8562
339 11.8562
340 11.8562
341 11.8562
342 11.8562
343 11.8562
344 11.8562
345 11.8562
346 11.8562
347 11.8562
348 11.8562
349 11.8562
350 11.8562
351 11.8562
352 11.8562
353 11.8562
354 11.8562
355 11.8562
356 11.8562
357 11.8562
358 11.8562
359 11.8562
360 11.8562
361 11.8562
362 11.8562
363 11.8562
364 11.8562
365 11.8562
366 11.8562
367 11.8562
368 11.8562
369 11.8562
370 11.8562
371 11.8562
372 11.8562
373 11.8562
374 11.8562
375 11.8562
376 11.8562
377 11.8562
378 11.8562
379 11.8562
380 11.8562
381 11.8562
382 11.8562
383 11.8562
384 11.8562
385 11.8562
386 11.8562
387 11.8562
388 11.8562
389 11.8562
390 11.8562
391 11.8562
392 11.8562
393 11.8562
394 11.8562
395 11.8562
396 11.8562
397 11.8562
398 11.8562
399 11.8562
400 11.8562
401 11.8562
402 11.8562
403 11.8562
404 11.8562
405 11.8562
406 11.8562
407 11.8562
408 11.8562
409 11.8562
410 11.8562
411 11.8562
412 11.8562
413 11.8562
414 11.8562
415 11.8562
416 11.8562
417 11.8562
418 11.8562
419 11.8562
420 11.8562
421 11.8562
422 11.8562
423 11.8562
424 11.8562
425 11.8562
426 11.8562
427 11.8562
428 11.8562
429 11.8562
430 11.8562
431 11.8562
432 11.8562
433 11.8562
434 11.8562
435 11.8562
436 11.8562
437 11.8562
438 11.8562
439 11.8562
440 11.8562
441 11.8562
442 11.8562
443 11.8562
444 11.8562
445 11.8562
446 11.8562
447 11.8562
448 11.8562
449 11.8562
450 11.8562
451 11.8562
452 11.8562
453 11.8562
454 11.8562
455 11.8562
456 11.8562
457 11.8562
458 11.8562
459 11.8562
460 11.8562
461 11.8562
462 11.8562
463 11.8562
464 11.8562
465 11.8562
466 11.8562
467 11.8562
468 11.8562
469 11.8562
470 11.8562
471 11.8562
472 11.8562
473 11.8562
474 11.8562
475 11.8562
476 11.8562
477 11.8562
478 11.8562
479 11.8562
480 11.8562
481 11.8562
482 11.8562
483 11.8562
484 11.8562
485 11.8562
486 11.8562
487 11.8562
488 11.8562
489 11.8562
490 11.8562
491 11.8562
492 11.8562
493 11.8562
494 11.8562
495 11.8562
496 11.8562
497 11.8562
498 11.8562
499 11.8562
500 11.8562
501 11.8562
502 11.8562
503 11.8562
504 11.8562
505 11.8562
506 11.8562
507 11.8562
508 11.8562
509 11.8562
510 11.8562
511 11.8562
512 11.8562
513 11.8562
514 11.8562
515 11.8562
516 11.8562
517 11.8562
518 11.8562
519 11.8562
520 11.8562
521 11.8562
522 11.8562
523 11.8562
524 11.8562
525 11.8562
526 11.8562
527 11.8562
528 11.8562
529 11.8562
530 11.8562
531 11.8562
532 11.8562
533 11.8562
534 11.8562
535 11.8562
536 11.8562
537 11.8562
538 11.8562
539 11.8562
540 11.8562
541 11.8562
542 11.8562
