1 11.9985
2 11.9985
3 11.9985
4 11.9985
5 11.9985
6 11.9985
7 11.9985
8 11.9985
9 11.9985
10 11.9985
11 11.9985
12 11.9985
13 11.9985
14 11.9985
15 11.9985
16 11.9985
17 11.9985
18 11.9985
19 11.9985
20 11.9985
21 11.9985
22 11.9985
23 11.9985
24 11.9985
25 11.9985
26 11.9985
27 11.9985
28 11.9985
29 11.9985
30 11.9985
31 11.9985
32 11.9985
33 11.9985
34 11.9985
35 11.9985
36 11.9985
37 11.9985
38 11.9985
39 11.9985
40 11.9985
41 11.9985
42 11.9985
43 11.9985
44 11.9985
45 11.9985
46 11.9985
47 11.9985
48 11.9985
49 11.9985
50 11.9985
51 11.9985
52 11.9985
53 11.9985
54 11.9985
55 11.9985
56 11.9985
57 11.9985
58 11.9985
59 11.9985
60 11.9985
61 11.9985
62 11.9985
63 11.9985
64 11.9985
65 11.9985
66 11.9985
67 11.9985
68 11.9985
69 11.9985
70 11.9985
71 11.9985
72 11.9985
73 11.9985
74 11.9985
75 11.9985
76 11.9985
77 11.9985
78 11.9985
79 11.9985
80 11.9985
81 11.9985
82 11.9985
83 11.9985
84 11.9985
85 11.9985
86 11.9985
87 11.9985
88 11.9985
89 11.9985
90 11.9985
91 11.9985
92 11.9985
93 11.9985
94 11.9985
95 11.9985
96 11.9985
97 11.9985
98 11.9985
99 11.9985
100 11.9985
101 11.9985
102 11.9985
103 11.9985
104 11.9985
105 11.9985
106 11.9985
107 11.9985
108 11.9985
109 11.9985
110 11.9985
111 11.9985
112 11.9985
113 11.9985
114 11.9985
115 11.9985
116 11.9985
117 11.9985
118 11.9985
119 11.9985
120 11.9985
121 11.9985
122 11.9985
123 11.9985
124 11.9985
125 11.9985
126 11.9985
127 11.9985
128 11.9985
129 11.9985
130 11.9985
131 11.9985
132 11.9985
133 11.9985
134 11.9985
135 11.9985
136 11.9985
137 11.9985
138 11.9985
139 11.9985
140 11.9985
141 11.9985
142 11.9985
143 11.9985
144 11.9985
145 11.9985
146 11.9985
147 11.9985
148 11.9985
149 11.9985
150 11.9985
151 11.9985
152 11.9985
153 11.9985
154 11.9985
155 11.9985
156 11.9985
157 11.9985
158 11.9985
159 11.9985
160 11.9985
161 11.9985
162 11.9985
163 11.9985
164 11.9985
165 11.9985
166 11.9985
167 11.9985
168 11.9985
169 11.9985
170 11.9985
171 11.9985
172 11.9985
173 11.9985
174 11.9985
175 11.9985
176 11.9985
177 11.9985
178 11.9985
179 11.9985
180 11.9985
181 11.9985
182 11.9985
183 11.9985
184 11.9985
185 11.9985
186 11.9985
187 11.9985
188 11.9985
189 11.9985
190 11.9985
191 11.9985
192 11.9985
193 11.9985
194 11.9985
195 11.9985
196 11.9985
197 11.9985
198 11.9985
199 11.9985
200 11.9985
201 11.9985
202 11.9985
203 11.9985
204 11.9985
205 11.9985
206 11.9985
207 11.9985
208 11.9985
209 11.9985
210 11.9985
211 11.9985
212 11.9985
213 11.9985
214 11.9985
215 11.9985
216 11.9985
217 11.9985
218 11.9985
219 11.9985
220 11.9985
221 11.9985
222 11.9985
223 12
224 11.9837
225 11.8608
226 11.504
227 10.8987
228 10.1864
229 9.49004
230 8.84231
231 8.23565
232 7.65963
233 7.10832
234 6.57939
235 6.07236
236 5.58745
237 5.12506
238 4.68562
239 4.26948
240 3.87701
241 3.50855
242 3.16444
243 2.84504
244 2.55066
245 2.28158
246 2.03795
247 1.81979
248 1.62687
249 1.45871
250 1.31452
251 1.19313
252 1.22602
253 1.24356
254 1.26236
255 1.26857
256 1.27515
257 1.27693
258 1.27736
259 1.2778
260 1.27825
261 1.2787
262 1.2788
263 1.27883
264 1.27885
265 1.27885
266 1.27885
267 1.27885
268 1.27885
269 1.27885
270 1.27885
271 1.27885
272 1.27885
273 1.27885
274 1.27885
275 1.27885
276 1.27885
277 1.27885
278 1.27885
279 1.27885
280 1.27883
281 1.2788
282 1.2787
283 1.2786
284 1.27815
285 1.27771
286 1.27728
287 1.27552
288 1.26899
289 1.24913
290 1.23036
291 1.19737
292 1.16253
293 1.28465
294 1.43088
295 1.6027
296 1.80123
297 2.0273
298 2.28148
299 2.56409
300 2.87527
301 3.21495
302 3.58288
303 3.97859
304 4.4013
305 4.84979
306 5.32224
307 5.81608
308 6.32793
309 6.85378
310 7.38958
311 7.9325
312 8.4829
313 9.04665
314 9.63585
315 10.2617
316 10.9025
317 11.4617
318 11.8172
319 11.961
320 11.9951
321 11.999
322 11.9985
323 11.9985
324 11.9985
325 11.9985
326 11.9985
327 11.9985
328 11.9985
329 11.9985
330 11.9985
331 11.9985
332 11.9985
333 11.9985
334 11.9985
335 11.9985
336 11.9985
337 11.9985
338 11.9985
339 11.9985
340 11.9985
341 11.9985
342 11.9985
343 11.9985
344 11.9985
345 11.9985
346 11.9985
347 11.9985
348 11.9985
349 11.9985
350 11.9985
351 11.9985
352 11.9985
353 11.9985
354 11.9985
355 11.9985
356 11.9985
357 11.9985
358 11.9985
359 11.9985
360 11.9985
361 11.9985
362 11.9985
363 11.9985
364 11.9985
365 11.9985
366 11.9985
367 11.9985
368 11.9985
369 11.9985
370 11.9985
371 11.9985
372 11.9985
373 11.9985
374 11.9985
375 11.9985
376 11.9985
377 11.9985
378 11.9985
379 11.9985
380 11.9985
381 11.9985
382 11.9985
383 11.9985
384 11.9985
385 11.9985
386 11.9985
387 11.9985
388 11.9985
389 11.9985
390 11.9985
391 11.9985
392 11.9985
393 11.9985
394 11.9985
395 11.9985
396 11.9985
397 11.9985
398 11.9985
399 11.9985
400 11.9985
401 11.9985
402 11.9985
403 11.9985
404 11.9985
405 11.9985
406 11.9985
407 11.9985
408 11.9985
409 11.9985
410 11.9985
411 11.9985
412 11.9985
413 11.9985
414 11.9985
415 11.9985
416 11.9985
417 11.9985
418 11.9985
419 11.9985
420 11.9985
421 11.9985
422 11.9985
423 11.9985
424 11.9985
425 11.9985
426 11.9985
427 11.9985
428 11.9985
429 11.9985
430 11.9985
431 11.9985
432 11.9985
433 11.9985
434 11.9985
435 11.9985
436 11.9985
437 11.9985
438 11.9985
439 11.9985
440 11.9985
441 11.9985
442 11.9985
443 11.9985
444 11.9985
445 11.9985
446 11.9985
447 11.9985
448 11.9985
449 11.9985
450 11.9985
451 11.9985
452 11.9985
453 11.9985
454 11.9985
455 11.9985
456 11.9985
457 11.9985
458 11.9985
459 11.9985
460 11.9985
461 11.9985
462 11.9985
463 11.9985
464 11.9985
465 11.9985
466 11.9985
467 11.9985
468 11.9985
469 11.9985
470 11.9985
471 11.9985
472 11.9985
473 11.9985
474 11.9985
475 11.9985
476 11.9985
477 11.9985
478 11.9985
479 11.9985
480 11.9985
481 11.9985
482 11.9985
483 11.9985
484 11.9985
485 11.9985
486 11.9985
487 11.9985
488 11.9985
489 11.9985
490 11.9985
491 11.9985
492 11.9985
493 11.9985
494 11.9985
495 11.9985
496 11.9985
497 11.9985
498 11.9985
499 11.9985
500 11.9985
501 11.9985
502 11.9985
503 11.9985
504 11.9985
505 11.9985
506 11.9985
507 11.9985
508 11.9985
509 11.9985
510 11.9985
511 11.9985
512 11.9985
513 11.9985
514 11.9985
515 11.9985
516 11.9985
517 11.9985
518 11.9985
519 11.9985
520 11.9985
521 11.9985
522 11.9985
523 11.9985
524 11.9985
525 11.9985
526 11.9985
527 11.9985
528 11.9985
529 11.9985
530 11.9985
531 11.9985
532 11.9985
533 11.9985
534 11.9985
535 11.9985
536 11.9985
537 11.9985
538 11.9985
539 11.9985
540 11.9985
541 11.9985
542 11.9985
