1 11.9841
2 11.9841
3 11.9841
4 11.9841
5 11.9841
6 11.9841
7 11.9841
8 11.9841
9 11.9841
10 11.9841
11 11.9841
12 11.9841
13 11.9841
14 11.9841
15 11.9841
16 11.9841
17 11.9841
18 11.9841
19 11.9841
20 11.9841
21 11.9841
22 11.9841
23 11.9841
24 11.9841
25 11.9841
26 11.9841
27 11.9841
28 11.9841
29 11.9841
30 11.9841
31 11.9841
32 11.9841
33 11.9841
34 11.9841
35 11.9841
36 11.9841
37 11.9841
38 11.9841
39 11.9841
40 11.9841
41 11.9841
42 11.9841
43 11.9841
44 11.9841
45 11.9841
46 11.9841
47 11.9841
48 11.9841
49 11.9841
50 11.9841
51 11.9841
52 11.9841
53 11.9841
54 11.9841
55 11.9841
56 11.9841
57 11.9841
58 11.9841
59 11.9841
60 11.9841
61 11.9841
62 11.9841
63 11.9841
64 11.9841
65 11.9841
66 11.9841
67 11.9841
68 11.9841
69 11.9841
70 11.9841
71 11.9841
72 11.9841
73 11.9841
74 11.9841
75 11.9841
76 11.9841
77 11.9841
78 11.9841
79 11.9841
80 11.9841
81 11.9841
82 11.9841
83 11.9841
84 11.9841
85 11.9841
86 11.9841
87 11.9841
88 11.9841
89 11.9841
90 11.9841
91 11.9841
92 11.9841
93 11.9841
94 11.9841
95 11.9841
96 11.9841
97 11.9841
98 11.9841
99 11.9841
100 11.9841
101 11.9841
102 11.9841
103 11.9841
104 11.9841
105 11.9841
106 11.9841
107 11.9841
108 11.9841
109 11.9841
110 11.9841
111 11.9841
112 11.9841
113 11.9841
114 11.9841
115 11.9841
116 11.9841
117 11.9841
118 11.9841
119 11.9841
120 11.9841
121 11.9841
122 11.9841
123 11.9841
124 11.9841
125 11.9841
126 11.9841
127 11.9841
128 11.9841
129 11.9841
130 11.9841
131 11.9841
132 11.9841
133 11.9841
134 11.9841
135 11.9841
136 11.9841
137 11.9841
138 11.9841
139 11.9841
140 11.9841
141 11.9841
142 11.9841
143 11.9841
144 11.9841
145 11.9841
146 11.9841
147 11.9841
148 11.9841
149 11.9841
150 11.9841
151 11.9841
152 11.9841
153 11.9841
154 11.9841
155 11.9841
156 11.9841
157 11.9841
158 11.9841
159 11.9841
160 11.9841
161 11.9841
162 11.9841
163 11.9841
164 11.9841
165 11.9841
166 11.9841
167 11.9841
168 11.9841
169 11.9841
170 11.9841
171 11.9841
172 11.9841
173 11.9841
174 11.9841
175 11.9841
176 11.9841
177 11.9841
178 11.9841
179 11.9841
180 11.9841
181 11.9841
182 11.9841
183 11.9841
184 11.9841
185 11.9841
186 11.9841
187 11.9841
188 11.9841
189 11.9841
190 11.9841
191 11.9841
192 11.9841
193 11.9841
194 11.9841
195 11.9841
196 11.9841
197 11.9841
198 11.9841
199 11.9841
200 11.9841
201 11.9841
202 11.9841
203 11.9841
204 11.9841
205 11.9841
206 11.9841
207 11.9841
208 11.9841
209 11.9841
210 11.9841
211 11.9841
212 11.9841
213 11.9841
214 11.9841
215 11.9841
216 11.9841
217 11.9841
218 11.9841
219 11.9841
220 11.9841
221 11.9841
222 11.9841
223 11.9841
224 11.9841
225 11.9841
226 11.9841
227 11.9841
228 11.9841
229 11.9841
230 11.9841
231 11.9841
232 11.9841
233 11.9841
234 11.9841
235 11.9841
236 12
237 11.8914
238 11.4578
239 10.8471
240 10.1541
241 9.42804
242 8.68871
243 7.9366
244 7.17128
245 6.39431
246 5.61087
247 4.8288
248 4.05668
249 3.30204
250 2.57046
251 1.86536
252 1.87562
253 1.92966
254 1.86354
255 1.89498
256 1.81094
257 1.83398
258 1.86665
259 1.87562
260 1.76432
261 1.41081
262 1.38495
263 1.40255
264 1.35833
265 1.36747
266 1.38223
267 1.39302
268 1.39914
269 1.40153
270 1.40639
271 1.40752
272 1.40522
273 1.40496
274 1.4066
275 1.40508
276 1.40021
277 1.39071
278 1.37525
279 1.35658
280 1.36047
281 1.33625
282 1.34013
283 1.31261
284 1.32348
285 1.29341
286 1.26452
287 1.23055
288 1.22253
289 1.4313
290 1.42715
291 1.73091
292 1.73052
293 2.46222
294 3.21734
295 3.99109
296 4.77614
297 5.56297
298 6.34148
299 7.10375
300 7.84665
301 8.57269
302 9.28726
303 9.99393
304 10.6795
305 11.2919
306 11.7601
307 11.9944
308 11.9841
309 11.9841
310 11.9841
311 11.9841
312 11.9841
313 11.9841
314 11.9841
315 11.9841
316 11.9841
317 11.9841
318 11.9841
319 11.9841
320 11.9841
321 11.9841
322 11.9841
323 11.9841
324 11.9841
325 11.9841
326 11.9841
327 11.9841
328 11.9841
329 11.9841
330 11.9841
331 11.9841
332 11.9841
333 11.9841
334 11.9841
335 11.9841
336 11.9841
337 11.9841
338 11.9841
339 11.9841
340 11.9841
341 11.9841
342 11.9841
343 11.9841
344 11.9841
345 11.9841
346 11.9841
347 11.9841
348 11.9841
349 11.9841
350 11.9841
351 11.9841
352 11.9841
353 11.9841
354 11.9841
355 11.9841
356 11.9841
357 11.9841
358 11.9841
359 11.9841
360 11.9841
361 11.9841
362 11.9841
363 11.9841
364 11.9841
365 11.9841
366 11.9841
367 11.9841
368 11.9841
369 11.9841
370 11.9841
371 11.9841
372 11.9841
373 11.9841
374 11.9841
375 11.9841
376 11.9841
377 11.9841
378 11.9841
379 11.9841
380 11.9841
381 11.9841
382 11.9841
383 11.9841
384 11.9841
385 11.9841
386 11.9841
387 11.9841
388 11.9841
389 11.9841
390 11.9841
391 11.9841
392 11.9841
393 11.9841
394 11.9841
395 11.9841
396 11.9841
397 11.9841
398 11.9841
399 11.9841
400 11.9841
401 11.9841
402 11.9841
403 11.9841
404 11.9841
405 11.9841
406 11.9841
407 11.9841
408 11.9841
409 11.9841
410 11.9841
411 11.9841
412 11.9841
413 11.9841
414 11.9841
415 11.9841
416 11.9841
417 11.9841
418 11.9841
419 11.9841
420 11.9841
421 11.9841
422 11.9841
423 11.9841
424 11.9841
425 11.9841
426 11.9841
427 11.9841
428 11.9841
429 11.9841
430 11.9841
431 11.9841
432 11.9841
433 11.9841
434 11.9841
435 11.9841
436 11.9841
437 11.9841
438 11.9841
439 11.9841
440 11.9841
441 11.9841
442 11.9841
443 11.9841
444 11.9841
445 11.9841
446 11.9841
447 11.9841
448 11.9841
449 11.9841
450 11.9841
451 11.9841
452 11.9841
453 11.9841
454 11.9841
455 11.9841
456 11.9841
457 11.9841
458 11.9841
459 11.9841
460 11.9841
461 11.9841
462 11.9841
463 11.9841
464 11.9841
465 11.9841
466 11.9841
467 11.9841
468 11.9841
469 11.9841
470 11.9841
471 11.9841
472 11.9841
473 11.9841
474 11.9841
475 11.9841
476 11.9841
477 11.9841
478 11.9841
479 11.9841
480 11.9841
481 11.9841
482 11.9841
483 11.9841
484 11.9841
485 11.9841
486 11.9841
487 11.9841
488 11.9841
489 11.9841
490 11.9841
491 11.9841
492 11.9841
493 11.9841
494 11.9841
495 11.9841
496 11.9841
497 11.9841
498 11.9841
499 11.9841
500 11.9841
501 11.9841
502 11.9841
503 11.9841
504 11.9841
505 11.9841
506 11.9841
507 11.9841
508 11.9841
509 11.9841
510 11.9841
511 11.9841
512 11.9841
513 11.9841
514 11.9841
515 11.9841
516 11.9841
517 11.9841
518 11.9841
519 11.9841
520 11.9841
521 11.9841
522 11.9841
523 11.9841
524 11.9841
525 11.9841
526 11.9841
527 11.9841
528 11.9841
529 11.9841
530 11.9841
531 11.9841
532 11.9841
533 11.9841
534 11.9841
535 11.9841
536 11.9841
537 11.9841
538 11.9841
539 11.9841
540 11.9841
541 11.9841
542 11.9841
