1 12
2 12
3 12
4 12
5 12
6 12
7 12
8 12
9 12
10 12
11 12
12 12
13 12
14 12
15 12
16 12
17 12
18 12
19 12
20 12
21 12
22 12
23 12
24 12
25 12
26 12
27 12
28 12
29 12
30 12
31 12
32 12
33 12
34 12
35 12
36 12
37 12
38 12
39 12
40 12
41 12
42 12
43 12
44 12
45 12
46 12
47 12
48 12
49 12
50 12
51 12
52 12
53 12
54 12
55 12
56 12
57 12
58 12
59 12
60 12
61 12
62 12
63 12
64 12
65 12
66 12
67 12
68 12
69 12
70 12
71 12
72 12
73 12
74 12
75 12
76 12
77 12
78 12
79 12
80 12
81 12
82 12
83 12
84 12
85 12
86 12
87 12
88 12
89 12
90 12
91 12
92 12
93 12
94 12
95 12
96 12
97 12
98 12
99 12
100 12
101 12
102 12
103 12
104 12
105 12
106 12
107 12
108 12
109 12
110 12
111 12
112 12
113 12
114 12
115 12
116 12
117 12
118 12
119 12
120 12
121 12
122 12
123 12
124 12
125 12
126 12
127 12
128 12
129 12
130 12
131 12
132 12
133 12
134 12
135 12
136 12
137 12
138 12
139 12
140 12
141 12
142 12
143 12
144 12
145 12
146 12
147 12
148 12
149 12
150 12
151 12
152 12
153 12
154 12
155 12
156 12
157 12
158 12
159 12
160 12
161 12
162 12
163 12
164 12
165 12
166 12
167 12
168 12
169 12
170 12
171 12
172 12
173 12
174 12
175 12
176 12
177 12
178 12
179 12
180 12
181 12
182 12
183 12
184 12
185 12
186 12
187 12
188 12
189 12
190 12
191 12
192 12
193 12
194 12
195 12
196 12
197 12
198 12
199 12
200 12
201 12
202 12
203 12
204 12
205 12
206 12
207 12
208 12
209 12
210 12
211 12
212 12
213 12
214 12
215 12
216 12
217 12
218 12
219 12
220 12
221 12
222 12
223 12
224 12
225 12
226 12
227 12
228 12
229 12
230 11.997
231 11.7977
232 11.3825
233 10.8699
234 10.3205
235 9.76487
236 9.20478
237 8.64012
238 8.06953
239 7.49271
240 6.9109
241 6.32719
242 5.74604
243 5.17252
244 4.61146
245 4.06696
246 3.54215
247 3.03922
248 2.55965
249 2.10437
250 1.67404
251 1.26915
252 1.30384
253 1.34311
254 1.37996
255 1.4049
256 1.43375
257 1.44795
258 1.45343
259 1.46041
260 1.46898
261 1.47918
262 1.48247
263 1.4834
264 1.48445
265 1.48471
266 1.48477
267 1.48479
268 1.48479
269 1.48479
270 1.48479
271 1.48479
272 1.48479
273 1.48479
274 1.48479
275 1.48479
276 1.48479
277 1.48477
278 1.48471
279 1.48445
280 1.48342
281 1.48251
282 1.47933
283 1.47667
284 1.46866
285 1.46222
286 1.45723
287 1.44458
288 1.41955
289 1.40164
290 1.36814
291 1.41148
292 1.3821
293 1.82164
294 2.28866
295 2.78042
296 3.29294
297 3.82084
298 4.35751
299 4.89581
300 5.42924
301 5.95337
302 6.46686
303 6.97167
304 7.47224
305 7.97422
306 8.48305
307 9.00282
308 9.53526
309 10.0797
310 10.6298
311 11.1645
312 11.6557
313 11.9652
314 12
315 12
316 12
317 12
318 12
319 12
320 12
321 12
322 12
323 12
324 12
325 12
326 12
327 12
328 12
329 12
330 12
331 12
332 12
333 12
334 12
335 12
336 12
337 12
338 12
339 12
340 12
341 12
342 12
343 12
344 12
345 12
346 12
347 12
348 12
349 12
350 12
351 12
352 12
353 12
354 12
355 12
356 12
357 12
358 12
359 12
360 12
361 12
362 12
363 12
364 12
365 12
366 12
367 12
368 12
369 12
370 12
371 12
372 12
373 12
374 12
375 12
376 12
377 12
378 12
379 12
380 12
381 12
382 12
383 12
384 12
385 12
386 12
387 12
388 12
389 12
390 12
391 12
392 12
393 12
394 12
395 12
396 12
397 12
398 12
399 12
400 12
401 12
402 12
403 12
404 12
405 12
406 12
407 12
408 12
409 12
410 12
411 12
412 12
413 12
414 12
415 12
416 12
417 12
418 12
419 12
420 12
421 12
422 12
423 12
424 12
425 12
426 12
427 12
428 12
429 12
430 12
431 12
432 12
433 12
434 12
435 12
436 12
437 12
438 12
439 12
440 12
441 12
442 12
443 12
444 12
445 12
446 12
447 12
448 12
449 12
450 12
451 12
452 12
453 12
454 12
455 12
456 12
457 12
458 12
459 12
460 12
461 12
462 12
463 12
464 12
465 12
466 12
467 12
468 12
469 12
470 12
471 12
472 12
473 12
474 12
475 12
476 12
477 12
478 12
479 12
480 12
481 12
482 12
483 12
484 12
485 12
486 12
487 12
488 12
489 12
490 12
491 12
492 12
493 12
494 12
495 12
496 12
497 12
498 12
499 12
500 12
501 12
502 12
503 12
504 12
505 12
506 12
507 12
508 12
509 12
510 12
511 12
512 12
513 12
514 12
515 12
516 12
517 12
518 12
519 12
520 12
521 12
522 12
523 12
524 12
525 12
526 12
527 12
528 12
529 12
530 12
531 12
532 12
533 12
534 12
535 12
536 12
537 12
538 12
539 12
540 12
541 12
542 12
