1 11.7576
2 11.7576
3 11.7576
4 11.7576
5 11.7576
6 11.7576
7 11.7576
8 11.7576
9 11.7576
10 11.7576
11 11.7576
12 11.7576
13 11.7576
14 11.7576
15 11.7576
16 11.7576
17 11.7576
18 11.7576
19 11.7576
20 11.7576
21 11.7576
22 11.7576
23 11.7576
24 11.7576
25 11.7576
26 11.7576
27 11.7576
28 11.7576
29 11.7576
30 11.7576
31 11.7576
32 11.7576
33 11.7576
34 11.7576
35 11.7576
36 11.7576
37 11.7576
38 11.7576
39 11.7576
40 11.7576
41 11.7576
42 11.7576
43 11.7576
44 11.7576
45 11.7576
46 11.7576
47 11.7576
48 11.7576
49 11.7576
50 11.7576
51 11.7576
52 11.7576
53 11.7576
54 11.7576
55 11.7576
56 11.7576
57 11.7576
58 11.7576
59 11.7576
60 11.7576
61 11.7576
62 11.7576
63 11.7576
64 11.7576
65 11.7576
66 11.7576
67 11.7576
68 11.7576
69 11.7576
70 11.7576
71 11.7576
72 11.7576
73 11.7576
74 11.7576
75 11.7576
76 11.7576
77 11.7576
78 11.7576
79 11.7576
80 11.7576
81 11.7576
82 11.7576
83 11.7576
84 11.7576
85 11.7576
86 11.7576
87 11.7576
88 11.7576
89 11.7576
90 11.7576
91 11.7576
92 11.7576
93 11.7576
94 11.7576
95 11.7576
96 11.7576
97 11.7576
98 11.7576
99 11.7576
100 11.7576
101 11.7576
102 11.7576
103 11.7576
104 11.7576
105 11.7576
106 11.7576
107 11.7576
108 11.7576
109 11.7576
110 11.7576
111 11.7576
112 11.7576
113 11.7576
114 11.7576
115 11.7576
116 11.7576
117 11.7576
118 11.7576
119 11.7576
120 11.7576
121 11.7576
122 11.7576
123 11.7576
124 11.7576
125 11.7576
126 11.7576
127 11.7576
128 11.7576
129 11.7576
130 11.7576
131 11.7576
132 11.7576
133 11.7576
134 11.7576
135 11.7576
136 11.7576
137 11.7576
138 11.7576
139 11.7576
140 11.7576
141 11.7576
142 11.7576
143 11.7576
144 11.7576
145 11.7576
146 11.7576
147 11.7576
148 11.7576
149 11.7576
150 11.7576
151 11.7576
152 11.7576
153 11.7576
154 11.7576
155 11.7576
156 11.7576
157 11.7576
158 11.7576
159 11.7576
160 11.7576
161 11.7576
162 11.7576
163 11.7576
164 11.7576
165 11.7576
166 11.7576
167 11.7576
168 11.7576
169 11.7576
170 11.7576
171 11.7576
172 11.7576
173 11.7576
174 11.7576
175 11.7576
176 11.7576
177 11.7576
178 11.7576
179 11.7576
180 11.7576
181 11.7576
182 11.7576
183 11.7576
184 11.7576
185 11.7576
186 11.7576
187 11.7576
188 11.7576
189 11.7576
190 11.7576
191 11.7576
192 11.7576
193 11.7576
194 11.7576
195 11.7576
196 11.7576
197 11.7576
198 11.7576
199 11.7576
200 11.7576
201 11.7576
202 11.7576
203 11.7576
204 11.7576
205 11.7576
206 11.7576
207 11.7576
208 11.7576
209 11.7576
210 11.7576
211 11.7576
212 11.7576
213 11.7576
214 11.7576
215 11.7576
216 11.7576
217 11.7576
218 11.7576
219 11.7576
220 11.7576
221 11.7576
222 11.7576
223 11.7576
224 11.7576
225 11.7576
226 11.7576
227 11.7576
228 11.7576
229 11.7576
230 11.7576
231 11.7576
232 11.7576
233 11.7576
234 11.7576
235 11.7576
236 11.7576
237 11.7576
238 11.7576
239 11.7576
240 11.7576
241 11.7576
242 11.7576
243 11.7576
244 11.7576
245 11.7576
246 11.7576
247 11.7576
248 11.7576
249 11.9216
250 11.5606
251 10.9706
252 11.029
253 11.4326
254 11.2416
255 11.4326
256 11.029
257 10.9706
258 11.5606
259 12
260 11.5465
261 10.8068
262 10.7871
263 10.8447
264 10.477
265 10.4097
266 10.404
267 10.433
268 10.5294
269 10.942
270 10.9433
271 11.0603
272 11.6354
273 11.277
274 10.3727
275 10.2546
276 10.2225
277 10.215
278 10.2302
279 10.3146
280 10.8848
281 10.9481
282 11.4922
283 11.3638
284 11.8248
285 11.4557
286 10.7578
287 10.7262
288 10.7915
289 11.2372
290 11.175
291 11.5843
292 11.2851
293 11.7671
294 11.9033
295 11.7576
296 11.7576
297 11.7576
298 11.7576
299 11.7576
300 11.7576
301 11.7576
302 11.7576
303 11.7576
304 11.7576
305 11.7576
306 11.7576
307 11.7576
308 11.7576
309 11.7576
310 11.7576
311 11.7576
312 11.7576
313 11.7576
314 11.7576
315 11.7576
316 11.7576
317 11.7576
318 11.7576
319 11.7576
320 11.7576
321 11.7576
322 11.7576
323 11.7576
324 11.7576
325 11.7576
326 11.7576
327 11.7576
328 11.7576
329 11.7576
330 11.7576
331 11.7576
332 11.7576
333 11.7576
334 11.7576
335 11.7576
336 11.7576
337 11.7576
338 11.7576
339 11.7576
340 11.7576
341 11.7576
342 11.7576
343 11.7576
344 11.7576
345 11.7576
346 11.7576
347 11.7576
348 11.7576
349 11.7576
350 11.7576
351 11.7576
352 11.7576
353 11.7576
354 11.7576
355 11.7576
356 11.7576
357 11.7576
358 11.7576
359 11.7576
360 11.7576
361 11.7576
362 11.7576
363 11.7576
364 11.7576
365 11.7576
366 11.7576
367 11.7576
368 11.7576
369 11.7576
370 11.7576
371 11.7576
372 11.7576
373 11.7576
374 11.7576
375 11.7576
376 11.7576
377 11.7576
378 11.7576
379 11.7576
380 11.7576
381 11.7576
382 11.7576
383 11.7576
384 11.7576
385 11.7576
386 11.7576
387 11.7576
388 11.7576
389 11.7576
390 11.7576
391 11.7576
392 11.7576
393 11.7576
394 11.7576
395 11.7576
396 11.7576
397 11.7576
398 11.7576
399 11.7576
400 11.7576
401 11.7576
402 11.7576
403 11.7576
404 11.7576
405 11.7576
406 11.7576
407 11.7576
408 11.7576
409 11.7576
410 11.7576
411 11.7576
412 11.7576
413 11.7576
414 11.7576
415 11.7576
416 11.7576
417 11.7576
418 11.7576
419 11.7576
420 11.7576
421 11.7576
422 11.7576
423 11.7576
424 11.7576
425 11.7576
426 11.7576
427 11.7576
428 11.7576
429 11.7576
430 11.7576
431 11.7576
432 11.7576
433 11.7576
434 11.7576
435 11.7576
436 11.7576
437 11.7576
438 11.7576
439 11.7576
440 11.7576
441 11.7576
442 11.7576
443 11.7576
444 11.7576
445 11.7576
446 11.7576
447 11.7576
448 11.7576
449 11.7576
450 11.7576
451 11.7576
452 11.7576
453 11.7576
454 11.7576
455 11.7576
456 11.7576
457 11.7576
458 11.7576
459 11.7576
460 11.7576
461 11.7576
462 11.7576
463 11.7576
464 11.7576
465 11.7576
466 11.7576
467 11.7576
468 11.7576
469 11.7576
470 11.7576
471 11.7576
472 11.7576
473 11.7576
474 11.7576
475 11.7576
476 11.7576
477 11.7576
478 11.7576
479 11.7576
480 11.7576
481 11.7576
482 11.7576
483 11.7576
484 11.7576
485 11.7576
486 11.7576
487 11.7576
488 11.7576
489 11.7576
490 11.7576
491 11.7576
492 11.7576
493 11.7576
494 11.7576
495 11.7576
496 11.7576
497 11.7576
498 11.7576
499 11.7576
500 11.7576
501 11.7576
502 11.7576
503 11.7576
504 11.7576
505 11.7576
506 11.7576
507 11.7576
508 11.7576
509 11.7576
510 11.7576
511 11.7576
512 11.7576
513 11.7576
514 11.7576
515 11.7576
516 11.7576
517 11.7576
518 11.7576
519 11.7576
520 11.7576
521 11.7576
522 11.7576
523 11.7576
524 11.7576
525 11.7576
526 11.7576
527 11.7576
528 11.7576
529 11.7576
530 11.7576
531 11.7576
532 11.7576
533 11.7576
534 11.7576
535 11.7576
536 11.7576
537 11.7576
538 11.7576
539 11.7576
540 11.7576
541 11.7576
542 11.7576
