1 11.9896
2 11.9896
3 11.9896
4 11.9896
5 11.9896
6 11.9896
7 11.9896
8 11.9896
9 11.9896
10 11.9896
11 11.9896
12 11.9896
13 11.9896
14 11.9896
15 11.9896
16 11.9896
17 11.9896
18 11.9896
19 11.9896
20 11.9896
21 11.9896
22 11.9896
23 11.9896
24 11.9896
25 11.9896
26 11.9896
27 11.9896
28 11.9896
29 11.9896
30 11.9896
31 11.9896
32 11.9896
33 11.9896
34 11.9896
35 11.9896
36 11.9896
37 11.9896
38 11.9896
39 11.9896
40 11.9896
41 11.9896
42 11.9896
43 11.9896
44 11.9896
45 11.9896
46 11.9896
47 11.9896
48 11.9896
49 11.9896
50 11.9896
51 11.9896
52 11.9896
53 11.9896
54 11.9896
55 11.9896
56 11.9896
57 11.9896
58 11.9896
59 11.9896
60 11.9896
61 11.9896
62 11.9896
63 11.9896
64 11.9896
65 11.9896
66 11.9896
67 11.9896
68 11.9896
69 11.9896
70 11.9896
71 11.9896
72 11.9896
73 11.9896
74 11.9896
75 11.9896
76 11.9896
77 11.9896
78 11.9896
79 11.9896
80 11.9896
81 11.9896
82 11.9896
83 11.9896
84 11.9896
85 11.9896
86 11.9896
87 11.9896
88 11.9896
89 11.9896
90 11.9896
91 11.9896
92 11.9896
93 11.9896
94 11.9896
95 11.9896
96 11.9896
97 11.9896
98 11.9896
99 11.9896
100 11.9896
101 11.9896
102 11.9896
103 11.9896
104 11.9896
105 11.9896
106 11.9896
107 11.9896
108 11.9896
109 11.9896
110 11.9896
111 11.9896
112 11.9896
113 11.9896
114 11.9896
115 11.9896
116 11.9896
117 11.9896
118 11.9896
119 11.9896
120 11.9896
121 11.9896
122 11.9896
123 11.9896
124 11.9896
125 11.9896
126 11.9896
127 11.9896
128 11.9896
129 11.9896
130 11.9896
131 11.9896
132 11.9896
133 11.9896
134 11.9896
135 11.9896
136 11.9896
137 11.9896
138 11.9896
139 11.9896
140 11.9896
141 11.9896
142 11.9896
143 11.9896
144 11.9896
145 11.9896
146 11.9896
147 11.9896
148 11.9896
149 11.9896
150 11.9896
151 11.9896
152 11.9896
153 11.9896
154 11.9896
155 11.9896
156 11.9896
157 11.9896
158 11.9896
159 11.9896
160 11.9896
161 11.9896
162 11.9896
163 11.9896
164 11.9896
165 11.9896
166 11.9896
167 11.9896
168 11.9896
169 11.9896
170 11.9896
171 11.9896
172 11.9896
173 11.9896
174 11.9896
175 11.9896
176 11.9896
177 11.9896
178 11.9896
179 11.9896
180 11.9896
181 11.9896
182 11.9896
183 11.9896
184 11.9896
185 11.9896
186 11.9896
187 11.9896
188 11.9896
189 11.9896
190 11.9896
191 11.9896
192 11.9896
193 11.9896
194 11.9896
195 11.9896
196 11.9896
197 11.9896
198 11.9896
199 11.9896
200 11.9896
201 11.9896
202 11.9896
203 11.9896
204 11.9896
205 11.9896
206 11.9896
207 11.9896
208 11.9896
209 11.9896
210 11.9896
211 11.9896
212 11.9896
213 11.9896
214 11.9896
215 11.9896
216 11.9896
217 11.9896
218 11.9896
219 11.9896
220 11.9896
221 11.9896
222 11.9896
223 11.9896
224 11.9896
225 11.9896
226 11.9896
227 11.9896
228 11.9896
229 11.9896
230 12
231 11.869
232 11.4724
233 10.9666
234 10.4171
235 9.85962
236 9.29902
237 8.73626
238 8.16951
239 7.59727
240 7.01896
241 6.43609
242 5.85205
243 5.27155
244 4.69973
245 4.14138
246 3.60044
247 3.07987
248 2.5817
249 2.10728
250 1.65748
251 1.2329
252 1.26654
253 1.30702
254 1.34305
255 1.36944
256 1.39929
257 1.41502
258 1.42137
259 1.42958
260 1.43978
261 1.45203
262 1.4562
263 1.45744
264 1.45885
265 1.45922
266 1.45931
267 1.45933
268 1.45933
269 1.45933
270 1.45933
271 1.45933
272 1.45933
273 1.45933
274 1.45933
275 1.45933
276 1.45933
277 1.45931
278 1.45922
279 1.45886
280 1.45748
281 1.45628
282 1.45228
283 1.44898
284 1.43957
285 1.4321
286 1.42641
287 1.4126
288 1.38706
289 1.37561
290 1.3431
291 1.39909
292 1.37209
293 1.83332
294 2.32021
295 2.82904
296 3.35467
297 3.89062
298 4.42967
299 4.96495
300 5.4914
301 6.00698
302 6.51307
303 7.01383
304 7.51492
305 8.02215
306 8.54038
307 9.07286
308 9.61988
309 10.1793
310 10.7413
311 11.2915
312 11.7712
313 11.9916
314 11.9896
315 11.9896
316 11.9896
317 11.9896
318 11.9896
319 11.9896
320 11.9896
321 11.9896
322 11.9896
323 11.9896
324 11.9896
325 11.9896
326 11.9896
327 11.9896
328 11.9896
329 11.9896
330 11.9896
331 11.9896
332 11.9896
333 11.9896
334 11.9896
335 11.9896
336 11.9896
337 11.9896
338 11.9896
339 11.9896
340 11.9896
341 11.9896
342 11.9896
343 11.9896
344 11.9896
345 11.9896
346 11.9896
347 11.9896
348 11.9896
349 11.9896
350 11.9896
351 11.9896
352 11.9896
353 11.9896
354 11.9896
355 11.9896
356 11.9896
357 11.9896
358 11.9896
359 11.9896
360 11.9896
361 11.9896
362 11.9896
363 11.9896
364 11.9896
365 11.9896
366 11.9896
367 11.9896
368 11.9896
369 11.9896
370 11.9896
371 11.9896
372 11.9896
373 11.9896
374 11.9896
375 11.9896
376 11.9896
377 11.9896
378 11.9896
379 11.9896
380 11.9896
381 11.9896
382 11.9896
383 11.9896
384 11.9896
385 11.9896
386 11.9896
387 11.9896
388 11.9896
389 11.9896
390 11.9896
391 11.9896
392 11.9896
393 11.9896
394 11.9896
395 11.9896
396 11.9896
397 11.9896
398 11.9896
399 11.9896
400 11.9896
401 11.9896
402 11.9896
403 11.9896
404 11.9896
405 11.9896
406 11.9896
407 11.9896
408 11.9896
409 11.9896
410 11.9896
411 11.9896
412 11.9896
413 11.9896
414 11.9896
415 11.9896
416 11.9896
417 11.9896
418 11.9896
419 11.9896
420 11.9896
421 11.9896
422 11.9896
423 11.9896
424 11.9896
425 11.9896
426 11.9896
427 11.9896
428 11.9896
429 11.9896
430 11.9896
431 11.9896
432 11.9896
433 11.9896
434 11.9896
435 11.9896
436 11.9896
437 11.9896
438 11.9896
439 11.9896
440 11.9896
441 11.9896
442 11.9896
443 11.9896
444 11.9896
445 11.9896
446 11.9896
447 11.9896
448 11.9896
449 11.9896
450 11.9896
451 11.9896
452 11.9896
453 11.9896
454 11.9896
455 11.9896
456 11.9896
457 11.9896
458 11.9896
459 11.9896
460 11.9896
461 11.9896
462 11.9896
463 11.9896
464 11.9896
465 11.9896
466 11.9896
467 11.9896
468 11.9896
469 11.9896
470 11.9896
471 11.9896
472 11.9896
473 11.9896
474 11.9896
475 11.9896
476 11.9896
477 11.9896
478 11.9896
479 11.9896
480 11.9896
481 11.9896
482 11.9896
483 11.9896
484 11.9896
485 11.9896
486 11.9896
487 11.9896
488 11.9896
489 11.9896
490 11.9896
491 11.9896
492 11.9896
493 11.9896
494 11.9896
495 11.9896
496 11.9896
497 11.9896
498 11.9896
499 11.9896
500 11.9896
501 11.9896
502 11.9896
503 11.9896
504 11.9896
505 11.9896
506 11.9896
507 11.9896
508 11.9896
509 11.9896
510 11.9896
511 11.9896
512 11.9896
513 11.9896
514 11.9896
515 11.9896
516 11.9896
517 11.9896
518 11.9896
519 11.9896
520 11.9896
521 11.9896
522 11.9896
523 11.9896
524 11.9896
525 11.9896
526 11.9896
527 11.9896
528 11.9896
529 11.9896
530 11.9896
531 11.9896
532 11.9896
533 11.9896
534 11.9896
535 11.9896
536 11.9896
537 11.9896
538 11.9896
539 11.9896
540 11.9896
541 11.9896
542 11.9896
