1 11.9893
2 11.9893
3 11.9893
4 11.9893
5 11.9893
6 11.9893
7 11.9893
8 11.9893
9 11.9893
10 11.9893
11 11.9893
12 11.9893
13 11.9893
14 11.9893
15 11.9893
16 11.9893
17 11.9893
18 11.9893
19 11.9893
20 11.9893
21 11.9893
22 11.9893
23 11.9893
24 11.9893
25 11.9893
26 11.9893
27 11.9893
28 11.9893
29 11.9893
30 11.9893
31 11.9893
32 11.9893
33 11.9893
34 11.9893
35 11.9893
36 11.9893
37 11.9893
38 11.9893
39 11.9893
40 11.9893
41 11.9893
42 11.9893
43 11.9893
44 11.9893
45 11.9893
46 11.9893
47 11.9893
48 11.9893
49 11.9893
50 11.9893
51 11.9893
52 11.9893
53 11.9893
54 11.9893
55 11.9893
56 11.9893
57 11.9893
58 11.9893
59 11.9893
60 11.9893
61 11.9893
62 11.9893
63 11.9893
64 11.9893
65 11.9893
66 11.9893
67 11.9893
68 11.9893
69 11.9893
70 11.9893
71 11.9893
72 11.9893
73 11.9893
74 11.9893
75 11.9893
76 11.9893
77 11.9893
78 11.9893
79 11.9893
80 11.9893
81 11.9893
82 11.9893
83 11.9893
84 11.9893
85 11.9893
86 11.9893
87 11.9893
88 11.9893
89 11.9893
90 11.9893
91 11.9893
92 11.9893
93 11.9893
94 11.9893
95 11.9893
96 11.9893
97 11.9893
98 11.9893
99 11.9893
100 11.9893
101 11.9893
102 11.9893
103 11.9893
104 11.9893
105 11.9893
106 11.9893
107 11.9893
108 11.9893
109 11.9893
110 11.9893
111 11.9893
112 11.9893
113 11.9893
114 11.9893
115 11.9893
116 11.9893
117 11.9893
118 11.9893
119 11.9893
120 11.9893
121 11.9893
122 11.9893
123 11.9893
124 11.9893
125 11.9893
126 11.9893
127 11.9893
128 11.9893
129 11.9893
130 11.9893
131 11.9893
132 11.9893
133 11.9893
134 11.9893
135 11.9893
136 11.9893
137 11.9893
138 11.9893
139 11.9893
140 11.9893
141 11.9893
142 11.9893
143 11.9893
144 11.9893
145 11.9893
146 11.9893
147 11.9893
148 11.9893
149 11.9893
150 11.9893
151 11.9893
152 11.9893
153 11.9893
154 11.9893
155 11.9893
156 11.9893
157 11.9893
158 11.9893
159 11.9893
160 11.9893
161 11.9893
162 11.9893
163 11.9893
164 11.9893
165 11.9893
166 11.9893
167 11.9893
168 11.9893
169 11.9893
170 11.9893
171 11.9893
172 11.9893
173 11.9893
174 11.9893
175 11.9893
176 11.9893
177 11.9893
178 11.9893
179 11.9893
180 11.9893
181 11.9893
182 11.9893
183 11.9893
184 11.9893
185 11.9893
186 11.9893
187 11.9893
188 11.9893
189 11.9893
190 11.9893
191 11.9893
192 11.9893
193 11.9893
194 11.9893
195 11.9893
196 11.9893
197 11.9893
198 11.9893
199 11.9893
200 11.9893
201 11.9893
202 11.9893
203 11.9893
204 11.9893
205 11.9893
206 11.9893
207 11.9893
208 11.9893
209 11.9893
210 11.9893
211 11.9893
212 11.9893
213 11.9893
214 11.9893
215 11.9893
216 11.9893
217 11.9893
218 11.9893
219 11.9893
220 11.9893
221 11.9893
222 11.9893
223 11.9893
224 11.9893
225 11.9893
226 12
227 11.9512
228 11.6794
229 11.1884
230 10.6065
231 10.0062
232 9.41016
233 8.8206
234 8.23878
235 7.66689
236 7.10786
237 6.56469
238 6.03993
239 5.53556
240 5.05298
241 4.59314
242 4.1567
243 3.74418
244 3.35596
245 2.99245
246 2.65404
247 2.34108
248 2.05393
249 1.79285
250 1.55795
251 1.34917
252 1.3856
253 1.41008
254 1.43713
255 1.44777
256 1.45977
257 1.46346
258 1.46445
259 1.46552
260 1.46664
261 1.46781
262 1.46808
263 1.46814
264 1.4682
265 1.46822
266 1.46822
267 1.46822
268 1.46822
269 1.46822
270 1.46822
271 1.46822
272 1.46822
273 1.46822
274 1.46822
275 1.46822
276 1.46822
277 1.46822
278 1.46822
279 1.4682
280 1.46814
281 1.46808
282 1.46781
283 1.46754
284 1.46642
285 1.46537
286 1.46439
287 1.46077
288 1.44913
289 1.42046
290 1.39395
291 1.36585
292 1.32761
293 1.54354
294 1.78825
295 2.06218
296 2.36553
297 2.69833
298 3.06035
299 3.45116
300 3.87
301 4.31567
302 4.78629
303 5.27913
304 5.79037
305 6.3151
306 6.84758
307 7.3819
308 7.91303
309 8.43808
310 8.95723
311 9.47414
312 9.9952
313 10.5272
314 11.0609
315 11.5454
316 11.8633
317 11.9803
318 11.9931
319 11.9893
320 11.9893
321 11.9893
322 11.9893
323 11.9893
324 11.9893
325 11.9893
326 11.9893
327 11.9893
328 11.9893
329 11.9893
330 11.9893
331 11.9893
332 11.9893
333 11.9893
334 11.9893
335 11.9893
336 11.9893
337 11.9893
338 11.9893
339 11.9893
340 11.9893
341 11.9893
342 11.9893
343 11.9893
344 11.9893
345 11.9893
346 11.9893
347 11.9893
348 11.9893
349 11.9893
350 11.9893
351 11.9893
352 11.9893
353 11.9893
354 11.9893
355 11.9893
356 11.9893
357 11.9893
358 11.9893
359 11.9893
360 11.9893
361 11.9893
362 11.9893
363 11.9893
364 11.9893
365 11.9893
366 11.9893
367 11.9893
368 11.9893
369 11.9893
370 11.9893
371 11.9893
372 11.9893
373 11.9893
374 11.9893
375 11.9893
376 11.9893
377 11.9893
378 11.9893
379 11.9893
380 11.9893
381 11.9893
382 11.9893
383 11.9893
384 11.9893
385 11.9893
386 11.9893
387 11.9893
388 11.9893
389 11.9893
390 11.9893
391 11.9893
392 11.9893
393 11.9893
394 11.9893
395 11.9893
396 11.9893
397 11.9893
398 11.9893
399 11.9893
400 11.9893
401 11.9893
402 11.9893
403 11.9893
404 11.9893
405 11.9893
406 11.9893
407 11.9893
408 11.9893
409 11.9893
410 11.9893
411 11.9893
412 11.9893
413 11.9893
414 11.9893
415 11.9893
416 11.9893
417 11.9893
418 11.9893
419 11.9893
420 11.9893
421 11.9893
422 11.9893
423 11.9893
424 11.9893
425 11.9893
426 11.9893
427 11.9893
428 11.9893
429 11.9893
430 11.9893
431 11.9893
432 11.9893
433 11.9893
434 11.9893
435 11.9893
436 11.9893
437 11.9893
438 11.9893
439 11.9893
440 11.9893
441 11.9893
442 11.9893
443 11.9893
444 11.9893
445 11.9893
446 11.9893
447 11.9893
448 11.9893
449 11.9893
450 11.9893
451 11.9893
452 11.9893
453 11.9893
454 11.9893
455 11.9893
456 11.9893
457 11.9893
458 11.9893
459 11.9893
460 11.9893
461 11.9893
462 11.9893
463 11.9893
464 11.9893
465 11.9893
466 11.9893
467 11.9893
468 11.9893
469 11.9893
470 11.9893
471 11.9893
472 11.9893
473 11.9893
474 11.9893
475 11.9893
476 11.9893
477 11.9893
478 11.9893
479 11.9893
480 11.9893
481 11.9893
482 11.9893
483 11.9893
484 11.9893
485 11.9893
486 11.9893
487 11.9893
488 11.9893
489 11.9893
490 11.9893
491 11.9893
492 11.9893
493 11.9893
494 11.9893
495 11.9893
496 11.9893
497 11.9893
498 11.9893
499 11.9893
500 11.9893
501 11.9893
502 11.9893
503 11.9893
504 11.9893
505 11.9893
506 11.9893
507 11.9893
508 11.9893
509 11.9893
510 11.9893
511 11.9893
512 11.9893
513 11.9893
514 11.9893
515 11.9893
516 11.9893
517 11.9893
518 11.9893
519 11.9893
520 11.9893
521 11.9893
522 11.9893
523 11.9893
524 11.9893
525 11.9893
526 11.9893
527 11.9893
528 11.9893
529 11.9893
530 11.9893
531 11.9893
532 11.9893
533 11.9893
534 11.9893
535 11.9893
536 11.9893
537 11.9893
538 11.9893
539 11.9893
540 11.9893
541 11.9893
542 11.9893
