1 11.9859
2 11.9859
3 11.9859
4 11.9859
5 11.9859
6 11.9859
7 11.9859
8 11.9859
9 11.9859
10 11.9859
11 11.9859
12 11.9859
13 11.9859
14 11.9859
15 11.9859
16 11.9859
17 11.9859
18 11.9859
19 11.9859
20 11.9859
21 11.9859
22 11.9859
23 11.9859
24 11.9859
25 11.9859
26 11.9859
27 11.9859
28 11.9859
29 11.9859
30 11.9859
31 11.9859
32 11.9859
33 11.9859
34 11.9859
35 11.9859
36 11.9859
37 11.9859
38 11.9859
39 11.9859
40 11.9859
41 11.9859
42 11.9859
43 11.9859
44 11.9859
45 11.9859
46 11.9859
47 11.9859
48 11.9859
49 11.9859
50 11.9859
51 11.9859
52 11.9859
53 11.9859
54 11.9859
55 11.9859
56 11.9859
57 11.9859
58 11.9859
59 11.9859
60 11.9859
61 11.9859
62 11.9859
63 11.9859
64 11.9859
65 11.9859
66 11.9859
67 11.9859
68 11.9859
69 11.9859
70 11.9859
71 11.9859
72 11.9859
73 11.9859
74 11.9859
75 11.9859
76 11.9859
77 11.9859
78 11.9859
79 11.9859
80 11.9859
81 11.9859
82 11.9859
83 11.9859
84 11.9859
85 11.9859
86 11.9859
87 11.9859
88 11.9859
89 11.9859
90 11.9859
91 11.9859
92 11.9859
93 11.9859
94 11.9859
95 11.9859
96 11.9859
97 11.9859
98 11.9859
99 11.9859
100 11.9859
101 11.9859
102 11.9859
103 11.9859
104 11.9859
105 11.9859
106 11.9859
107 11.9859
108 11.9859
109 11.9859
110 11.9859
111 11.9859
112 11.9859
113 11.9859
114 11.9859
115 11.9859
116 11.9859
117 11.9859
118 11.9859
119 11.9859
120 11.9859
121 11.9859
122 11.9859
123 11.9859
124 11.9859
125 11.9859
126 11.9859
127 11.9859
128 11.9859
129 11.9859
130 11.9859
131 11.9859
132 11.9859
133 11.9859
134 11.9859
135 11.9859
136 11.9859
137 11.9859
138 11.9859
139 11.9859
140 11.9859
141 11.9859
142 11.9859
143 11.9859
144 11.9859
145 11.9859
146 11.9859
147 11.9859
148 11.9859
149 11.9859
150 11.9859
151 11.9859
152 11.9859
153 11.9859
154 11.9859
155 11.9859
156 11.9859
157 11.9859
158 11.9859
159 11.9859
160 11.9859
161 11.9859
162 11.9859
163 11.9859
164 11.9859
165 11.9859
166 11.9859
167 11.9859
168 11.9859
169 11.9859
170 11.9859
171 11.9859
172 11.9859
173 11.9859
174 11.9859
175 11.9859
176 11.9859
177 11.9859
178 11.9859
179 11.9859
180 11.9859
181 11.9859
182 11.9859
183 11.9859
184 11.9859
185 11.9859
186 11.9859
187 11.9859
188 11.9859
189 11.9859
190 11.9859
191 11.9859
192 11.9859
193 11.9859
194 11.9859
195 11.9859
196 11.9859
197 11.9859
198 11.9859
199 11.9859
200 11.9859
201 11.9859
202 11.9859
203 11.9859
204 11.9859
205 11.9859
206 11.9859
207 11.9859
208 11.9859
209 11.9859
210 11.9859
211 11.9859
212 11.9859
213 11.9859
214 11.9859
215 11.9859
216 11.9859
217 11.9859
218 11.9859
219 11.9859
220 11.9859
221 11.9859
222 11.9859
223 11.9859
224 11.9859
225 11.9859
226 11.9859
227 11.9859
228 11.9859
229 11.9859
230 11.9859
231 11.9859
232 11.9859
233 11.9859
234 11.9859
235 11.9859
236 12
237 11.8424
238 11.3882
239 10.7803
240 10.0997
241 9.38078
242 8.64206
243 7.88664
244 7.11692
245 6.33693
246 5.55351
247 4.7751
248 4.00998
249 3.26486
250 2.54436
251 1.85108
252 1.86452
253 1.91999
254 1.86285
255 1.89661
256 1.82236
257 1.84717
258 1.87974
259 1.89036
260 1.78467
261 1.43855
262 1.4119
263 1.42859
264 1.38509
265 1.39406
266 1.40846
267 1.41889
268 1.42475
269 1.42706
270 1.43165
271 1.43271
272 1.43058
273 1.43028
274 1.43168
275 1.43017
276 1.42551
277 1.41643
278 1.40157
279 1.38337
280 1.38533
281 1.36107
282 1.36034
283 1.33191
284 1.33541
285 1.30388
286 1.27525
287 1.24064
288 1.22945
289 1.4244
290 1.41691
291 1.70765
292 1.70419
293 2.42493
294 3.17032
295 3.93655
296 4.71743
297 5.5043
298 6.28711
299 7.05662
300 7.80716
301 8.53822
302 9.25241
303 9.95133
304 10.6195
305 11.2213
306 11.6948
307 11.9853
308 11.9859
309 11.9859
310 11.9859
311 11.9859
312 11.9859
313 11.9859
314 11.9859
315 11.9859
316 11.9859
317 11.9859
318 11.9859
319 11.9859
320 11.9859
321 11.9859
322 11.9859
323 11.9859
324 11.9859
325 11.9859
326 11.9859
327 11.9859
328 11.9859
329 11.9859
330 11.9859
331 11.9859
332 11.9859
333 11.9859
334 11.9859
335 11.9859
336 11.9859
337 11.9859
338 11.9859
339 11.9859
340 11.9859
341 11.9859
342 11.9859
343 11.9859
344 11.9859
345 11.9859
346 11.9859
347 11.9859
348 11.9859
349 11.9859
350 11.9859
351 11.9859
352 11.9859
353 11.9859
354 11.9859
355 11.9859
356 11.9859
357 11.9859
358 11.9859
359 11.9859
360 11.9859
361 11.9859
362 11.9859
363 11.9859
364 11.9859
365 11.9859
366 11.9859
367 11.9859
368 11.9859
369 11.9859
370 11.9859
371 11.9859
372 11.9859
373 11.9859
374 11.9859
375 11.9859
376 11.9859
377 11.9859
378 11.9859
379 11.9859
380 11.9859
381 11.9859
382 11.9859
383 11.9859
384 11.9859
385 11.9859
386 11.9859
387 11.9859
388 11.9859
389 11.9859
390 11.9859
391 11.9859
392 11.9859
393 11.9859
394 11.9859
395 11.9859
396 11.9859
397 11.9859
398 11.9859
399 11.9859
400 11.9859
401 11.9859
402 11.9859
403 11.9859
404 11.9859
405 11.9859
406 11.9859
407 11.9859
408 11.9859
409 11.9859
410 11.9859
411 11.9859
412 11.9859
413 11.9859
414 11.9859
415 11.9859
416 11.9859
417 11.9859
418 11.9859
419 11.9859
420 11.9859
421 11.9859
422 11.9859
423 11.9859
424 11.9859
425 11.9859
426 11.9859
427 11.9859
428 11.9859
429 11.9859
430 11.9859
431 11.9859
432 11.9859
433 11.9859
434 11.9859
435 11.9859
436 11.9859
437 11.9859
438 11.9859
439 11.9859
440 11.9859
441 11.9859
442 11.9859
443 11.9859
444 11.9859
445 11.9859
446 11.9859
447 11.9859
448 11.9859
449 11.9859
450 11.9859
451 11.9859
452 11.9859
453 11.9859
454 11.9859
455 11.9859
456 11.9859
457 11.9859
458 11.9859
459 11.9859
460 11.9859
461 11.9859
462 11.9859
463 11.9859
464 11.9859
465 11.9859
466 11.9859
467 11.9859
468 11.9859
469 11.9859
470 11.9859
471 11.9859
472 11.9859
473 11.9859
474 11.9859
475 11.9859
476 11.9859
477 11.9859
478 11.9859
479 11.9859
480 11.9859
481 11.9859
482 11.9859
483 11.9859
484 11.9859
485 11.9859
486 11.9859
487 11.9859
488 11.9859
489 11.9859
490 11.9859
491 11.9859
492 11.9859
493 11.9859
494 11.9859
495 11.9859
496 11.9859
497 11.9859
498 11.9859
499 11.9859
500 11.9859
501 11.9859
502 11.9859
503 11.9859
504 11.9859
505 11.9859
506 11.9859
507 11.9859
508 11.9859
509 11.9859
510 11.9859
511 11.9859
512 11.9859
513 11.9859
514 11.9859
515 11.9859
516 11.9859
517 11.9859
518 11.9859
519 11.9859
520 11.9859
521 11.9859
522 11.9859
523 11.9859
524 11.9859
525 11.9859
526 11.9859
527 11.9859
528 11.9859
529 11.9859
530 11.9859
531 11.9859
532 11.9859
533 11.9859
534 11.9859
535 11.9859
536 11.9859
537 11.9859
538 11.9859
539 11.9859
540 11.9859
541 11.9859
542 11.9859
