1 11.8569
2 11.8569
3 11.8569
4 11.8569
5 11.8569
6 11.8569
7 11.8569
8 11.8569
9 11.8569
10 11.8569
11 11.8569
12 11.8569
13 11.8569
14 11.8569
15 11.8569
16 11.8569
17 11.8569
18 11.8569
19 11.8569
20 11.8569
21 11.8569
22 11.8569
23 11.8569
24 11.8569
25 11.8569
26 11.8569
27 11.8569
28 11.8569
29 11.8569
30 11.8569
31 11.8569
32 11.8569
33 11.8569
34 11.8569
35 11.8569
36 11.8569
37 11.8569
38 11.8569
39 11.8569
40 11.8569
41 11.8569
42 11.8569
43 11.8569
44 11.8569
45 11.8569
46 11.8569
47 11.8569
48 11.8569
49 11.8569
50 11.8569
51 11.8569
52 11.8569
53 11.8569
54 11.8569
55 11.8569
56 11.8569
57 11.8569
58 11.8569
59 11.8569
60 11.8569
61 11.8569
62 11.8569
63 11.8569
64 11.8569
65 11.8569
66 11.8569
67 11.8569
68 11.8569
69 11.8569
70 11.8569
71 11.8569
72 11.8569
73 11.8569
74 11.8569
75 11.8569
76 11.8569
77 11.8569
78 11.8569
79 11.8569
80 11.8569
81 11.8569
82 11.8569
83 11.8569
84 11.8569
85 11.8569
86 11.8569
87 11.8569
88 11.8569
89 11.8569
90 11.8569
91 11.8569
92 11.8569
93 11.8569
94 11.8569
95 11.8569
96 11.8569
97 11.8569
98 11.8569
99 11.8569
100 11.8569
101 11.8569
102 11.8569
103 11.8569
104 11.8569
105 11.8569
106 11.8569
107 11.8569
108 11.8569
109 11.8569
110 11.8569
111 11.8569
112 11.8569
113 11.8569
114 11.8569
115 11.8569
116 11.8569
117 11.8569
118 11.8569
119 11.8569
120 11.8569
121 11.8569
122 11.8569
123 11.8569
124 11.8569
125 11.8569
126 11.8569
127 11.8569
128 11.8569
129 11.8569
130 11.8569
131 11.8569
132 11.8569
133 11.8569
134 11.8569
135 11.8569
136 11.8569
137 11.8569
138 11.8569
139 11.8569
140 11.8569
141 11.8569
142 11.8569
143 11.8569
144 11.8569
145 11.8569
146 11.8569
147 11.8569
148 11.8569
149 11.8569
150 11.8569
151 11.8569
152 11.8569
153 11.8569
154 11.8569
155 11.8569
156 11.8569
157 11.8569
158 11.8569
159 11.8569
160 11.8569
161 11.8569
162 11.8569
163 11.8569
164 11.8569
165 11.8569
166 11.8569
167 11.8569
168 11.8569
169 11.8569
170 11.8569
171 11.8569
172 11.8569
173 11.8569
174 11.8569
175 11.8569
176 11.8569
177 11.8569
178 11.8569
179 11.8569
180 11.8569
181 11.8569
182 11.8569
183 11.8569
184 11.8569
185 11.8569
186 11.8569
187 11.8569
188 11.8569
189 11.8569
190 11.8569
191 11.8569
192 11.8569
193 11.8569
194 11.8569
195 11.8569
196 11.8569
197 11.8569
198 11.8569
199 11.8569
200 11.8569
201 11.8569
202 11.8569
203 11.8569
204 11.8569
205 11.8569
206 11.8569
207 11.8569
208 11.8569
209 11.8569
210 11.8569
211 11.8569
212 11.8569
213 11.8569
214 11.8569
215 11.8569
216 11.8569
217 11.8569
218 11.8569
219 11.8569
220 11.8569
221 11.8569
222 11.8569
223 11.8569
224 11.8569
225 11.8569
226 11.8569
227 11.8569
228 11.8569
229 11.8569
230 11.8569
231 11.8569
232 11.8569
233 11.8569
234 11.8569
235 11.8569
236 11.8569
237 11.8569
238 11.8569
239 11.8569
240 11.8569
241 11.8569
242 11.8569
243 11.8569
244 11.8569
245 11.8569
246 11.8569
247 11.8569
248 11.8569
249 11.957
250 11.6492
251 11.0683
252 11.1474
253 11.5613
254 11.3576
255 11.5613
256 11.1474
257 11.0683
258 11.6492
259 12
260 11.611
261 10.9214
262 10.9218
263 10.9905
264 10.5991
265 10.5211
266 10.5051
267 10.5211
268 10.5991
269 10.9905
270 10.9766
271 11.0587
272 11.6252
273 11.2492
274 10.4116
275 10.3276
276 10.3115
277 10.3156
278 10.3399
279 10.4317
280 11.0062
281 11.0636
282 11.6033
283 11.4336
284 11.8548
285 11.5561
286 10.8719
287 10.8505
288 10.9194
289 11.3737
290 11.2959
291 11.6903
292 11.3475
293 11.7576
294 11.8569
295 11.8569
296 11.8569
297 11.8569
298 11.8569
299 11.8569
300 11.8569
301 11.8569
302 11.8569
303 11.8569
304 11.8569
305 11.8569
306 11.8569
307 11.8569
308 11.8569
309 11.8569
310 11.8569
311 11.8569
312 11.8569
313 11.8569
314 11.8569
315 11.8569
316 11.8569
317 11.8569
318 11.8569
319 11.8569
320 11.8569
321 11.8569
322 11.8569
323 11.8569
324 11.8569
325 11.8569
326 11.8569
327 11.8569
328 11.8569
329 11.8569
330 11.8569
331 11.8569
332 11.8569
333 11.8569
334 11.8569
335 11.8569
336 11.8569
337 11.8569
338 11.8569
339 11.8569
340 11.8569
341 11.8569
342 11.8569
343 11.8569
344 11.8569
345 11.8569
346 11.8569
347 11.8569
348 11.8569
349 11.8569
350 11.8569
351 11.8569
352 11.8569
353 11.8569
354 11.8569
355 11.8569
356 11.8569
357 11.8569
358 11.8569
359 11.8569
360 11.8569
361 11.8569
362 11.8569
363 11.8569
364 11.8569
365 11.8569
366 11.8569
367 11.8569
368 11.8569
369 11.8569
370 11.8569
371 11.8569
372 11.8569
373 11.8569
374 11.8569
375 11.8569
376 11.8569
377 11.8569
378 11.8569
379 11.8569
380 11.8569
381 11.8569
382 11.8569
383 11.8569
384 11.8569
385 11.8569
386 11.8569
387 11.8569
388 11.8569
389 11.8569
390 11.8569
391 11.8569
392 11.8569
393 11.8569
394 11.8569
395 11.8569
396 11.8569
397 11.8569
398 11.8569
399 11.8569
400 11.8569
401 11.8569
402 11.8569
403 11.8569
404 11.8569
405 11.8569
406 11.8569
407 11.8569
408 11.8569
409 11.8569
410 11.8569
411 11.8569
412 11.8569
413 11.8569
414 11.8569
415 11.8569
416 11.8569
417 11.8569
418 11.8569
419 11.8569
420 11.8569
421 11.8569
422 11.8569
423 11.8569
424 11.8569
425 11.8569
426 11.8569
427 11.8569
428 11.8569
429 11.8569
430 11.8569
431 11.8569
432 11.8569
433 11.8569
434 11.8569
435 11.8569
436 11.8569
437 11.8569
438 11.8569
439 11.8569
440 11.8569
441 11.8569
442 11.8569
443 11.8569
444 11.8569
445 11.8569
446 11.8569
447 11.8569
448 11.8569
449 11.8569
450 11.8569
451 11.8569
452 11.8569
453 11.8569
454 11.8569
455 11.8569
456 11.8569
457 11.8569
458 11.8569
459 11.8569
460 11.8569
461 11.8569
462 11.8569
463 11.8569
464 11.8569
465 11.8569
466 11.8569
467 11.8569
468 11.8569
469 11.8569
470 11.8569
471 11.8569
472 11.8569
473 11.8569
474 11.8569
475 11.8569
476 11.8569
477 11.8569
478 11.8569
479 11.8569
480 11.8569
481 11.8569
482 11.8569
483 11.8569
484 11.8569
485 11.8569
486 11.8569
487 11.8569
488 11.8569
489 11.8569
490 11.8569
491 11.8569
492 11.8569
493 11.8569
494 11.8569
495 11.8569
496 11.8569
497 11.8569
498 11.8569
499 11.8569
500 11.8569
501 11.8569
502 11.8569
503 11.8569
504 11.8569
505 11.8569
506 11.8569
507 11.8569
508 11.8569
509 11.8569
510 11.8569
511 11.8569
512 11.8569
513 11.8569
514 11.8569
515 11.8569
516 11.8569
517 11.8569
518 11.8569
519 11.8569
520 11.8569
521 11.8569
522 11.8569
523 11.8569
524 11.8569
525 11.8569
526 11.8569
527 11.8569
528 11.8569
529 11.8569
530 11.8569
531 11.8569
532 11.8569
533 11.8569
534 11.8569
535 11.8569
536 11.8569
537 11.8569
538 11.8569
539 11.8569
540 11.8569
541 11.8569
542 11.8569
