1 11.9745
2 11.9745
3 11.9745
4 11.9745
5 11.9745
6 11.9745
7 11.9745
8 11.9745
9 11.9745
10 11.9745
11 11.9745
12 11.9745
13 11.9745
14 11.9745
15 11.9745
16 11.9745
17 11.9745
18 11.9745
19 11.9745
20 11.9745
21 11.9745
22 11.9745
23 11.9745
24 11.9745
25 11.9745
26 11.9745
27 11.9745
28 11.9745
29 11.9745
30 11.9745
31 11.9745
32 11.9745
33 11.9745
34 11.9745
35 11.9745
36 11.9745
37 11.9745
38 11.9745
39 11.9745
40 11.9745
41 11.9745
42 11.9745
43 11.9745
44 11.9745
45 11.9745
46 11.9745
47 11.9745
48 11.9745
49 11.9745
50 11.9745
51 11.9745
52 11.9745
53 11.9745
54 11.9745
55 11.9745
56 11.9745
57 11.9745
58 11.9745
59 11.9745
60 11.9745
61 11.9745
62 11.9745
63 11.9745
64 11.9745
65 11.9745
66 11.9745
67 11.9745
68 11.9745
69 11.9745
70 11.9745
71 11.9745
72 11.9745
73 11.9745
74 11.9745
75 11.9745
76 11.9745
77 11.9745
78 11.9745
79 11.9745
80 11.9745
81 11.9745
82 11.9745
83 11.9745
84 11.9745
85 11.9745
86 11.9745
87 11.9745
88 11.9745
89 11.9745
90 11.9745
91 11.9745
92 11.9745
93 11.9745
94 11.9745
95 11.9745
96 11.9745
97 11.9745
98 11.9745
99 11.9745
100 11.9745
101 11.9745
102 11.9745
103 11.9745
104 11.9745
105 11.9745
106 11.9745
107 11.9745
108 11.9745
109 11.9745
110 11.9745
111 11.9745
112 11.9745
113 11.9745
114 11.9745
115 11.9745
116 11.9745
117 11.9745
118 11.9745
119 11.9745
120 11.9745
121 11.9745
122 11.9745
123 11.9745
124 11.9745
125 11.9745
126 11.9745
127 11.9745
128 11.9745
129 11.9745
130 11.9745
131 11.9745
132 11.9745
133 11.9745
134 11.9745
135 11.9745
136 11.9745
137 11.9745
138 11.9745
139 11.9745
140 11.9745
141 11.9745
142 11.9745
143 11.9745
144 11.9745
145 11.9745
146 11.9745
147 11.9745
148 11.9745
149 11.9745
150 11.9745
151 11.9745
152 11.9745
153 11.9745
154 11.9745
155 11.9745
156 11.9745
157 11.9745
158 11.9745
159 11.9745
160 11.9745
161 11.9745
162 11.9745
163 11.9745
164 11.9745
165 11.9745
166 11.9745
167 11.9745
168 11.9745
169 11.9745
170 11.9745
171 11.9745
172 11.9745
173 11.9745
174 11.9745
175 11.9745
176 11.9745
177 11.9745
178 11.9745
179 11.9745
180 11.9745
181 11.9745
182 11.9745
183 11.9745
184 11.9745
185 11.9745
186 11.9745
187 11.9745
188 11.9745
189 11.9745
190 11.9745
191 11.9745
192 11.9745
193 11.9745
194 11.9745
195 11.9745
196 11.9745
197 11.9745
198 11.9745
199 11.9745
200 11.9745
201 11.9745
202 11.9745
203 11.9745
204 11.9745
205 11.9745
206 11.9745
207 11.9745
208 11.9745
209 11.9745
210 11.9745
211 11.9745
212 11.9745
213 11.9745
214 11.9745
215 11.9745
216 11.9745
217 11.9745
218 11.9745
219 11.9745
220 11.9745
221 11.9745
222 11.9745
223 11.9745
224 11.9745
225 11.9745
226 11.9745
227 11.9745
228 11.9745
229 11.9745
230 11.9745
231 11.9745
232 11.9745
233 11.9745
234 11.9745
235 11.9745
236 11.9745
237 11.9745
238 11.9745
239 11.9745
240 11.9745
241 11.9745
242 11.9745
243 11.9745
244 11.9745
245 11.9745
246 11.9745
247 11.9745
248 11.9745
249 11.9745
250 11.9934
251 11.0334
252 11.0334
253 12
254 11.2052
255 12
256 11.0334
257 11.0334
258 11.9934
259 11.9745
260 11.9934
261 11.0334
262 11.0334
263 12
264 11.0782
265 11.0375
266 11.037
267 11.0375
268 11.0782
269 12
270 11.0334
271 11.0334
272 11.9934
273 11.9934
274 11.1088
275 11.075
276 11.0751
277 11.0751
278 11.075
279 11.1088
280 12
281 11.2052
282 12
283 11.2052
284 11.9934
285 11.9934
286 11.0333
287 10.9713
288 11.0333
289 12
290 11.2052
291 12
292 11.2052
293 11.9934
294 11.9745
295 11.9745
296 11.9745
297 11.9745
298 11.9745
299 11.9745
300 11.9745
301 11.9745
302 11.9745
303 11.9745
304 11.9745
305 11.9745
306 11.9745
307 11.9745
308 11.9745
309 11.9745
310 11.9745
311 11.9745
312 11.9745
313 11.9745
314 11.9745
315 11.9745
316 11.9745
317 11.9745
318 11.9745
319 11.9745
320 11.9745
321 11.9745
322 11.9745
323 11.9745
324 11.9745
325 11.9745
326 11.9745
327 11.9745
328 11.9745
329 11.9745
330 11.9745
331 11.9745
332 11.9745
333 11.9745
334 11.9745
335 11.9745
336 11.9745
337 11.9745
338 11.9745
339 11.9745
340 11.9745
341 11.9745
342 11.9745
343 11.9745
344 11.9745
345 11.9745
346 11.9745
347 11.9745
348 11.9745
349 11.9745
350 11.9745
351 11.9745
352 11.9745
353 11.9745
354 11.9745
355 11.9745
356 11.9745
357 11.9745
358 11.9745
359 11.9745
360 11.9745
361 11.9745
362 11.9745
363 11.9745
364 11.9745
365 11.9745
366 11.9745
367 11.9745
368 11.9745
369 11.9745
370 11.9745
371 11.9745
372 11.9745
373 11.9745
374 11.9745
375 11.9745
376 11.9745
377 11.9745
378 11.9745
379 11.9745
380 11.9745
381 11.9745
382 11.9745
383 11.9745
384 11.9745
385 11.9745
386 11.9745
387 11.9745
388 11.9745
389 11.9745
390 11.9745
391 11.9745
392 11.9745
393 11.9745
394 11.9745
395 11.9745
396 11.9745
397 11.9745
398 11.9745
399 11.9745
400 11.9745
401 11.9745
402 11.9745
403 11.9745
404 11.9745
405 11.9745
406 11.9745
407 11.9745
408 11.9745
409 11.9745
410 11.9745
411 11.9745
412 11.9745
413 11.9745
414 11.9745
415 11.9745
416 11.9745
417 11.9745
418 11.9745
419 11.9745
420 11.9745
421 11.9745
422 11.9745
423 11.9745
424 11.9745
425 11.9745
426 11.9745
427 11.9745
428 11.9745
429 11.9745
430 11.9745
431 11.9745
432 11.9745
433 11.9745
434 11.9745
435 11.9745
436 11.9745
437 11.9745
438 11.9745
439 11.9745
440 11.9745
441 11.9745
442 11.9745
443 11.9745
444 11.9745
445 11.9745
446 11.9745
447 11.9745
448 11.9745
449 11.9745
450 11.9745
451 11.9745
452 11.9745
453 11.9745
454 11.9745
455 11.9745
456 11.9745
457 11.9745
458 11.9745
459 11.9745
460 11.9745
461 11.9745
462 11.9745
463 11.9745
464 11.9745
465 11.9745
466 11.9745
467 11.9745
468 11.9745
469 11.9745
470 11.9745
471 11.9745
472 11.9745
473 11.9745
474 11.9745
475 11.9745
476 11.9745
477 11.9745
478 11.9745
479 11.9745
480 11.9745
481 11.9745
482 11.9745
483 11.9745
484 11.9745
485 11.9745
486 11.9745
487 11.9745
488 11.9745
489 11.9745
490 11.9745
491 11.9745
492 11.9745
493 11.9745
494 11.9745
495 11.9745
496 11.9745
497 11.9745
498 11.9745
499 11.9745
500 11.9745
501 11.9745
502 11.9745
503 11.9745
504 11.9745
505 11.9745
506 11.9745
507 11.9745
508 11.9745
509 11.9745
510 11.9745
511 11.9745
512 11.9745
513 11.9745
514 11.9745
515 11.9745
516 11.9745
517 11.9745
518 11.9745
519 11.9745
520 11.9745
521 11.9745
522 11.9745
523 11.9745
524 11.9745
525 11.9745
526 11.9745
527 11.9745
528 11.9745
529 11.9745
530 11.9745
531 11.9745
532 11.9745
533 11.9745
534 11.9745
535 11.9745
536 11.9745
537 11.9745
538 11.9745
539 11.9745
540 11.9745
541 11.9745
542 11.9745
