1 11.815
2 11.815
3 11.815
4 11.815
5 11.815
6 11.815
7 11.815
8 11.815
9 11.815
10 11.815
11 11.815
12 11.815
13 11.815
14 11.815
15 11.815
16 11.815
17 11.815
18 11.815
19 11.815
20 11.815
21 11.815
22 11.815
23 11.815
24 11.815
25 11.815
26 11.815
27 11.815
28 11.815
29 11.815
30 11.815
31 11.815
32 11.815
33 11.815
34 11.815
35 11.815
36 11.815
37 11.815
38 11.815
39 11.815
40 11.815
41 11.815
42 11.815
43 11.815
44 11.815
45 11.815
46 11.815
47 11.815
48 11.815
49 11.815
50 11.815
51 11.815
52 11.815
53 11.815
54 11.815
55 11.815
56 11.815
57 11.815
58 11.815
59 11.815
60 11.815
61 11.815
62 11.815
63 11.815
64 11.815
65 11.815
66 11.815
67 11.815
68 11.815
69 11.815
70 11.815
71 11.815
72 11.815
73 11.815
74 11.815
75 11.815
76 11.815
77 11.815
78 11.815
79 11.815
80 11.815
81 11.815
82 11.815
83 11.815
84 11.815
85 11.815
86 11.815
87 11.815
88 11.815
89 11.815
90 11.815
91 11.815
92 11.815
93 11.815
94 11.815
95 11.815
96 11.815
97 11.815
98 11.815
99 11.815
100 11.815
101 11.815
102 11.815
103 11.815
104 11.815
105 11.815
106 11.815
107 11.815
108 11.815
109 11.815
110 11.815
111 11.815
112 11.815
113 11.815
114 11.815
115 11.815
116 11.815
117 11.815
118 11.815
119 11.815
120 11.815
121 11.815
122 11.815
123 11.815
124 11.815
125 11.815
126 11.815
127 11.815
128 11.815
129 11.815
130 11.815
131 11.815
132 11.815
133 11.815
134 11.815
135 11.815
136 11.815
137 11.815
138 11.815
139 11.815
140 11.815
141 11.815
142 11.815
143 11.815
144 11.815
145 11.815
146 11.815
147 11.815
148 11.815
149 11.815
150 11.815
151 11.815
152 11.815
153 11.815
154 11.815
155 11.815
156 11.815
157 11.815
158 11.815
159 11.815
160 11.815
161 11.815
162 11.815
163 11.815
164 11.815
165 11.815
166 11.815
167 11.815
168 11.815
169 11.815
170 11.815
171 11.815
172 11.815
173 11.815
174 11.815
175 11.815
176 11.815
177 11.815
178 11.815
179 11.815
180 11.815
181 11.815
182 11.815
183 11.815
184 11.815
185 11.815
186 11.815
187 11.815
188 11.815
189 11.815
190 11.815
191 11.815
192 11.815
193 11.815
194 11.815
195 11.815
196 11.815
197 11.815
198 11.815
199 11.815
200 11.815
201 11.815
202 11.815
203 11.815
204 11.815
205 11.815
206 11.815
207 11.815
208 11.815
209 11.815
210 11.815
211 11.815
212 11.815
213 11.815
214 11.815
215 11.815
216 11.815
217 11.815
218 11.815
219 11.815
220 11.815
221 11.815
222 11.815
223 11.815
224 11.815
225 11.815
226 11.815
227 11.815
228 11.815
229 11.815
230 11.815
231 11.815
232 11.815
233 11.815
234 11.815
235 11.815
236 11.815
237 11.815
238 11.815
239 11.815
240 11.815
241 11.815
242 11.815
243 11.815
244 11.815
245 11.815
246 11.815
247 11.815
248 11.815
249 11.941
250 11.6628
251 11.0556
252 11.1381
253 11.6031
254 11.3697
255 11.6031
256 11.1381
257 11.0556
258 11.6628
259 12
260 11.6911
261 10.9985
262 11.0096
263 11.1087
264 10.675
265 10.5858
266 10.5666
267 10.5858
268 10.675
269 11.1087
270 11.0659
271 11.1412
272 11.7536
273 11.3678
274 10.4895
275 10.3965
276 10.3757
277 10.38
278 10.4098
279 10.5134
280 11.1302
281 11.1682
282 11.7101
283 11.4595
284 11.8896
285 11.5997
286 10.8798
287 10.8546
288 10.9301
289 11.4296
290 11.3185
291 11.7301
292 11.3277
293 11.7447
294 11.815
295 11.815
296 11.815
297 11.815
298 11.815
299 11.815
300 11.815
301 11.815
302 11.815
303 11.815
304 11.815
305 11.815
306 11.815
307 11.815
308 11.815
309 11.815
310 11.815
311 11.815
312 11.815
313 11.815
314 11.815
315 11.815
316 11.815
317 11.815
318 11.815
319 11.815
320 11.815
321 11.815
322 11.815
323 11.815
324 11.815
325 11.815
326 11.815
327 11.815
328 11.815
329 11.815
330 11.815
331 11.815
332 11.815
333 11.815
334 11.815
335 11.815
336 11.815
337 11.815
338 11.815
339 11.815
340 11.815
341 11.815
342 11.815
343 11.815
344 11.815
345 11.815
346 11.815
347 11.815
348 11.815
349 11.815
350 11.815
351 11.815
352 11.815
353 11.815
354 11.815
355 11.815
356 11.815
357 11.815
358 11.815
359 11.815
360 11.815
361 11.815
362 11.815
363 11.815
364 11.815
365 11.815
366 11.815
367 11.815
368 11.815
369 11.815
370 11.815
371 11.815
372 11.815
373 11.815
374 11.815
375 11.815
376 11.815
377 11.815
378 11.815
379 11.815
380 11.815
381 11.815
382 11.815
383 11.815
384 11.815
385 11.815
386 11.815
387 11.815
388 11.815
389 11.815
390 11.815
391 11.815
392 11.815
393 11.815
394 11.815
395 11.815
396 11.815
397 11.815
398 11.815
399 11.815
400 11.815
401 11.815
402 11.815
403 11.815
404 11.815
405 11.815
406 11.815
407 11.815
408 11.815
409 11.815
410 11.815
411 11.815
412 11.815
413 11.815
414 11.815
415 11.815
416 11.815
417 11.815
418 11.815
419 11.815
420 11.815
421 11.815
422 11.815
423 11.815
424 11.815
425 11.815
426 11.815
427 11.815
428 11.815
429 11.815
430 11.815
431 11.815
432 11.815
433 11.815
434 11.815
435 11.815
436 11.815
437 11.815
438 11.815
439 11.815
440 11.815
441 11.815
442 11.815
443 11.815
444 11.815
445 11.815
446 11.815
447 11.815
448 11.815
449 11.815
450 11.815
451 11.815
452 11.815
453 11.815
454 11.815
455 11.815
456 11.815
457 11.815
458 11.815
459 11.815
460 11.815
461 11.815
462 11.815
463 11.815
464 11.815
465 11.815
466 11.815
467 11.815
468 11.815
469 11.815
470 11.815
471 11.815
472 11.815
473 11.815
474 11.815
475 11.815
476 11.815
477 11.815
478 11.815
479 11.815
480 11.815
481 11.815
482 11.815
483 11.815
484 11.815
485 11.815
486 11.815
487 11.815
488 11.815
489 11.815
490 11.815
491 11.815
492 11.815
493 11.815
494 11.815
495 11.815
496 11.815
497 11.815
498 11.815
499 11.815
500 11.815
501 11.815
502 11.815
503 11.815
504 11.815
505 11.815
506 11.815
507 11.815
508 11.815
509 11.815
510 11.815
511 11.815
512 11.815
513 11.815
514 11.815
515 11.815
516 11.815
517 11.815
518 11.815
519 11.815
520 11.815
521 11.815
522 11.815
523 11.815
524 11.815
525 11.815
526 11.815
527 11.815
528 11.815
529 11.815
530 11.815
531 11.815
532 11.815
533 11.815
534 11.815
535 11.815
536 11.815
537 11.815
538 11.815
539 11.815
540 11.815
541 11.815
542 11.815
