1 11.9046
2 11.9046
3 11.9046
4 11.9046
5 11.9046
6 11.9046
7 11.9046
8 11.9046
9 11.9046
10 11.9046
11 11.9046
12 11.9046
13 11.9046
14 11.9046
15 11.9046
16 11.9046
17 11.9046
18 11.9046
19 11.9046
20 11.9046
21 11.9046
22 11.9046
23 11.9046
24 11.9046
25 11.9046
26 11.9046
27 11.9046
28 11.9046
29 11.9046
30 11.9046
31 11.9046
32 11.9046
33 11.9046
34 11.9046
35 11.9046
36 11.9046
37 11.9046
38 11.9046
39 11.9046
40 11.9046
41 11.9046
42 11.9046
43 11.9046
44 11.9046
45 11.9046
46 11.9046
47 11.9046
48 11.9046
49 11.9046
50 11.9046
51 11.9046
52 11.9046
53 11.9046
54 11.9046
55 11.9046
56 11.9046
57 11.9046
58 11.9046
59 11.9046
60 11.9046
61 11.9046
62 11.9046
63 11.9046
64 11.9046
65 11.9046
66 11.9046
67 11.9046
68 11.9046
69 11.9046
70 11.9046
71 11.9046
72 11.9046
73 11.9046
74 11.9046
75 11.9046
76 11.9046
77 11.9046
78 11.9046
79 11.9046
80 11.9046
81 11.9046
82 11.9046
83 11.9046
84 11.9046
85 11.9046
86 11.9046
87 11.9046
88 11.9046
89 11.9046
90 11.9046
91 11.9046
92 11.9046
93 11.9046
94 11.9046
95 11.9046
96 11.9046
97 11.9046
98 11.9046
99 11.9046
100 11.9046
101 11.9046
102 11.9046
103 11.9046
104 11.9046
105 11.9046
106 11.9046
107 11.9046
108 11.9046
109 11.9046
110 11.9046
111 11.9046
112 11.9046
113 11.9046
114 11.9046
115 11.9046
116 11.9046
117 11.9046
118 11.9046
119 11.9046
120 11.9046
121 11.9046
122 11.9046
123 11.9046
124 11.9046
125 11.9046
126 11.9046
127 11.9046
128 11.9046
129 11.9046
130 11.9046
131 11.9046
132 11.9046
133 11.9046
134 11.9046
135 11.9046
136 11.9046
137 11.9046
138 11.9046
139 11.9046
140 11.9046
141 11.9046
142 11.9046
143 11.9046
144 11.9046
145 11.9046
146 11.9046
147 11.9046
148 11.9046
149 11.9046
150 11.9046
151 11.9046
152 11.9046
153 11.9046
154 11.9046
155 11.9046
156 11.9046
157 11.9046
158 11.9046
159 11.9046
160 11.9046
161 11.9046
162 11.9046
163 11.9046
164 11.9046
165 11.9046
166 11.9046
167 11.9046
168 11.9046
169 11.9046
170 11.9046
171 11.9046
172 11.9046
173 11.9046
174 11.9046
175 11.9046
176 11.9046
177 11.9046
178 11.9046
179 11.9046
180 11.9046
181 11.9046
182 11.9046
183 11.9046
184 11.9046
185 11.9046
186 11.9046
187 11.9046
188 11.9046
189 11.9046
190 11.9046
191 11.9046
192 11.9046
193 11.9046
194 11.9046
195 11.9046
196 11.9046
197 11.9046
198 11.9046
199 11.9046
200 11.9046
201 11.9046
202 11.9046
203 11.9046
204 11.9046
205 11.9046
206 11.9046
207 11.9046
208 11.9046
209 11.9046
210 11.9046
211 11.9046
212 11.9046
213 11.9046
214 11.9046
215 11.9046
216 11.9046
217 11.9046
218 11.9046
219 11.9046
220 11.9046
221 11.9046
222 11.9046
223 11.9046
224 11.9046
225 11.9046
226 11.9046
227 11.9046
228 11.9046
229 11.9046
230 11.9046
231 11.9046
232 11.9046
233 11.9046
234 11.9046
235 11.9046
236 11.9046
237 11.9046
238 11.9046
239 11.9046
240 11.9046
241 11.9046
242 11.9046
243 11.9046
244 11.9046
245 11.9046
246 11.9046
247 11.9046
248 11.9587
249 11.6497
250 11.1325
251 10.59
252 10.6045
253 10.7085
254 10.7037
255 10.8142
256 10.7658
257 10.8413
258 11.2775
259 11.1551
260 10.4435
261 9.59834
262 9.55269
263 9.5701
264 9.40194
265 9.39458
266 9.41043
267 9.42963
268 9.47134
269 9.63014
270 9.63218
271 9.69364
272 9.92781
273 9.85771
274 9.47024
275 9.395
276 9.37544
277 9.3607
278 9.34639
279 9.37243
280 9.70834
281 9.76738
282 10.2214
283 10.3284
284 10.911
285 10.9352
286 10.5449
287 10.47
288 10.4561
289 10.6161
290 10.5879
291 10.8082
292 10.7845
293 11.3474
294 11.832
295 12
296 11.9046
297 11.9046
298 11.9046
299 11.9046
300 11.9046
301 11.9046
302 11.9046
303 11.9046
304 11.9046
305 11.9046
306 11.9046
307 11.9046
308 11.9046
309 11.9046
310 11.9046
311 11.9046
312 11.9046
313 11.9046
314 11.9046
315 11.9046
316 11.9046
317 11.9046
318 11.9046
319 11.9046
320 11.9046
321 11.9046
322 11.9046
323 11.9046
324 11.9046
325 11.9046
326 11.9046
327 11.9046
328 11.9046
329 11.9046
330 11.9046
331 11.9046
332 11.9046
333 11.9046
334 11.9046
335 11.9046
336 11.9046
337 11.9046
338 11.9046
339 11.9046
340 11.9046
341 11.9046
342 11.9046
343 11.9046
344 11.9046
345 11.9046
346 11.9046
347 11.9046
348 11.9046
349 11.9046
350 11.9046
351 11.9046
352 11.9046
353 11.9046
354 11.9046
355 11.9046
356 11.9046
357 11.9046
358 11.9046
359 11.9046
360 11.9046
361 11.9046
362 11.9046
363 11.9046
364 11.9046
365 11.9046
366 11.9046
367 11.9046
368 11.9046
369 11.9046
370 11.9046
371 11.9046
372 11.9046
373 11.9046
374 11.9046
375 11.9046
376 11.9046
377 11.9046
378 11.9046
379 11.9046
380 11.9046
381 11.9046
382 11.9046
383 11.9046
384 11.9046
385 11.9046
386 11.9046
387 11.9046
388 11.9046
389 11.9046
390 11.9046
391 11.9046
392 11.9046
393 11.9046
394 11.9046
395 11.9046
396 11.9046
397 11.9046
398 11.9046
399 11.9046
400 11.9046
401 11.9046
402 11.9046
403 11.9046
404 11.9046
405 11.9046
406 11.9046
407 11.9046
408 11.9046
409 11.9046
410 11.9046
411 11.9046
412 11.9046
413 11.9046
414 11.9046
415 11.9046
416 11.9046
417 11.9046
418 11.9046
419 11.9046
420 11.9046
421 11.9046
422 11.9046
423 11.9046
424 11.9046
425 11.9046
426 11.9046
427 11.9046
428 11.9046
429 11.9046
430 11.9046
431 11.9046
432 11.9046
433 11.9046
434 11.9046
435 11.9046
436 11.9046
437 11.9046
438 11.9046
439 11.9046
440 11.9046
441 11.9046
442 11.9046
443 11.9046
444 11.9046
445 11.9046
446 11.9046
447 11.9046
448 11.9046
449 11.9046
450 11.9046
451 11.9046
452 11.9046
453 11.9046
454 11.9046
455 11.9046
456 11.9046
457 11.9046
458 11.9046
459 11.9046
460 11.9046
461 11.9046
462 11.9046
463 11.9046
464 11.9046
465 11.9046
466 11.9046
467 11.9046
468 11.9046
469 11.9046
470 11.9046
471 11.9046
472 11.9046
473 11.9046
474 11.9046
475 11.9046
476 11.9046
477 11.9046
478 11.9046
479 11.9046
480 11.9046
481 11.9046
482 11.9046
483 11.9046
484 11.9046
485 11.9046
486 11.9046
487 11.9046
488 11.9046
489 11.9046
490 11.9046
491 11.9046
492 11.9046
493 11.9046
494 11.9046
495 11.9046
496 11.9046
497 11.9046
498 11.9046
499 11.9046
500 11.9046
501 11.9046
502 11.9046
503 11.9046
504 11.9046
505 11.9046
506 11.9046
507 11.9046
508 11.9046
509 11.9046
510 11.9046
511 11.9046
512 11.9046
513 11.9046
514 11.9046
515 11.9046
516 11.9046
517 11.9046
518 11.9046
519 11.9046
520 11.9046
521 11.9046
522 11.9046
523 11.9046
524 11.9046
525 11.9046
526 11.9046
527 11.9046
528 11.9046
529 11.9046
530 11.9046
531 11.9046
532 11.9046
533 11.9046
534 11.9046
535 11.9046
536 11.9046
537 11.9046
538 11.9046
539 11.9046
540 11.9046
541 11.9046
542 11.9046
