1 11.9915
2 11.9915
3 11.9915
4 11.9915
5 11.9915
6 11.9915
7 11.9915
8 11.9915
9 11.9915
10 11.9915
11 11.9915
12 11.9915
13 11.9915
14 11.9915
15 11.9915
16 11.9915
17 11.9915
18 11.9915
19 11.9915
20 11.9915
21 11.9915
22 11.9915
23 11.9915
24 11.9915
25 11.9915
26 11.9915
27 11.9915
28 11.9915
29 11.9915
30 11.9915
31 11.9915
32 11.9915
33 11.9915
34 11.9915
35 11.9915
36 11.9915
37 11.9915
38 11.9915
39 11.9915
40 11.9915
41 11.9915
42 11.9915
43 11.9915
44 11.9915
45 11.9915
46 11.9915
47 11.9915
48 11.9915
49 11.9915
50 11.9915
51 11.9915
52 11.9915
53 11.9915
54 11.9915
55 11.9915
56 11.9915
57 11.9915
58 11.9915
59 11.9915
60 11.9915
61 11.9915
62 11.9915
63 11.9915
64 11.9915
65 11.9915
66 11.9915
67 11.9915
68 11.9915
69 11.9915
70 11.9915
71 11.9915
72 11.9915
73 11.9915
74 11.9915
75 11.9915
76 11.9915
77 11.9915
78 11.9915
79 11.9915
80 11.9915
81 11.9915
82 11.9915
83 11.9915
84 11.9915
85 11.9915
86 11.9915
87 11.9915
88 11.9915
89 11.9915
90 11.9915
91 11.9915
92 11.9915
93 11.9915
94 11.9915
95 11.9915
96 11.9915
97 11.9915
98 11.9915
99 11.9915
100 11.9915
101 11.9915
102 11.9915
103 11.9915
104 11.9915
105 11.9915
106 11.9915
107 11.9915
108 11.9915
109 11.9915
110 11.9915
111 11.9915
112 11.9915
113 11.9915
114 11.9915
115 11.9915
116 11.9915
117 11.9915
118 11.9915
119 11.9915
120 11.9915
121 11.9915
122 11.9915
123 11.9915
124 11.9915
125 11.9915
126 11.9915
127 11.9915
128 11.9915
129 11.9915
130 11.9915
131 11.9915
132 11.9915
133 11.9915
134 11.9915
135 11.9915
136 11.9915
137 11.9915
138 11.9915
139 11.9915
140 11.9915
141 11.9915
142 11.9915
143 11.9915
144 11.9915
145 11.9915
146 11.9915
147 11.9915
148 11.9915
149 11.9915
150 11.9915
151 11.9915
152 11.9915
153 11.9915
154 11.9915
155 11.9915
156 11.9915
157 11.9915
158 11.9915
159 11.9915
160 11.9915
161 11.9915
162 11.9915
163 11.9915
164 11.9915
165 11.9915
166 11.9915
167 11.9915
168 11.9915
169 11.9915
170 11.9915
171 11.9915
172 11.9915
173 11.9915
174 11.9915
175 11.9915
176 11.9915
177 11.9915
178 11.9915
179 11.9915
180 11.9915
181 11.9915
182 11.9915
183 11.9915
184 11.9915
185 11.9915
186 11.9915
187 11.9915
188 11.9915
189 11.9915
190 11.9915
191 11.9915
192 11.9915
193 11.9915
194 11.9915
195 11.9915
196 11.9915
197 11.9915
198 11.9915
199 11.9915
200 11.9915
201 11.9915
202 11.9915
203 11.9915
204 11.9915
205 11.9915
206 11.9915
207 11.9915
208 11.9915
209 11.9915
210 11.9915
211 11.9915
212 11.9915
213 11.9915
214 11.9915
215 11.9915
216 11.9915
217 11.9915
218 11.9915
219 11.9915
220 11.9915
221 11.9915
222 11.9915
223 11.9915
224 11.9915
225 11.9915
226 11.9915
227 11.9915
228 11.9915
229 11.9915
230 11.9915
231 11.9915
232 11.9915
233 11.9827
234 11.7592
235 11.1792
236 10.4791
237 9.75649
238 9.04355
239 8.35005
240 7.6798
241 7.03327
242 6.40963
243 5.80675
244 5.22125
245 4.64861
246 4.08336
247 3.51968
248 2.95235
249 2.37788
250 1.79553
251 1.20762
252 1.22117
253 1.26531
254 1.246
255 1.273
256 1.25072
257 1.27061
258 1.28865
259 1.30591
260 1.30588
261 1.25792
262 1.26958
263 1.28144
264 1.29442
265 1.30245
266 1.30594
267 1.30722
268 1.30764
269 1.30777
270 1.30792
271 1.30795
272 1.30791
273 1.30788
274 1.30786
275 1.30775
276 1.30736
277 1.30619
278 1.30306
279 1.29601
280 1.28468
281 1.27453
282 1.26347
283 1.25034
284 1.24139
285 1.22467
286 1.21026
287 1.18877
288 1.1725
289 1.24876
290 1.2233
291 1.3504
292 1.31853
293 1.81596
294 2.31061
295 2.81012
296 3.32136
297 3.84967
298 4.39874
299 4.9709
300 5.56746
301 6.1891
302 6.836
303 7.50795
304 8.20417
305 8.92322
306 9.66115
307 10.411
308 11.1433
309 11.7524
310 12
311 11.9915
312 11.9915
313 11.9915
314 11.9915
315 11.9915
316 11.9915
317 11.9915
318 11.9915
319 11.9915
320 11.9915
321 11.9915
322 11.9915
323 11.9915
324 11.9915
325 11.9915
326 11.9915
327 11.9915
328 11.9915
329 11.9915
330 11.9915
331 11.9915
332 11.9915
333 11.9915
334 11.9915
335 11.9915
336 11.9915
337 11.9915
338 11.9915
339 11.9915
340 11.9915
341 11.9915
342 11.9915
343 11.9915
344 11.9915
345 11.9915
346 11.9915
347 11.9915
348 11.9915
349 11.9915
350 11.9915
351 11.9915
352 11.9915
353 11.9915
354 11.9915
355 11.9915
356 11.9915
357 11.9915
358 11.9915
359 11.9915
360 11.9915
361 11.9915
362 11.9915
363 11.9915
364 11.9915
365 11.9915
366 11.9915
367 11.9915
368 11.9915
369 11.9915
370 11.9915
371 11.9915
372 11.9915
373 11.9915
374 11.9915
375 11.9915
376 11.9915
377 11.9915
378 11.9915
379 11.9915
380 11.9915
381 11.9915
382 11.9915
383 11.9915
384 11.9915
385 11.9915
386 11.9915
387 11.9915
388 11.9915
389 11.9915
390 11.9915
391 11.9915
392 11.9915
393 11.9915
394 11.9915
395 11.9915
396 11.9915
397 11.9915
398 11.9915
399 11.9915
400 11.9915
401 11.9915
402 11.9915
403 11.9915
404 11.9915
405 11.9915
406 11.9915
407 11.9915
408 11.9915
409 11.9915
410 11.9915
411 11.9915
412 11.9915
413 11.9915
414 11.9915
415 11.9915
416 11.9915
417 11.9915
418 11.9915
419 11.9915
420 11.9915
421 11.9915
422 11.9915
423 11.9915
424 11.9915
425 11.9915
426 11.9915
427 11.9915
428 11.9915
429 11.9915
430 11.9915
431 11.9915
432 11.9915
433 11.9915
434 11.9915
435 11.9915
436 11.9915
437 11.9915
438 11.9915
439 11.9915
440 11.9915
441 11.9915
442 11.9915
443 11.9915
444 11.9915
445 11.9915
446 11.9915
447 11.9915
448 11.9915
449 11.9915
450 11.9915
451 11.9915
452 11.9915
453 11.9915
454 11.9915
455 11.9915
456 11.9915
457 11.9915
458 11.9915
459 11.9915
460 11.9915
461 11.9915
462 11.9915
463 11.9915
464 11.9915
465 11.9915
466 11.9915
467 11.9915
468 11.9915
469 11.9915
470 11.9915
471 11.9915
472 11.9915
473 11.9915
474 11.9915
475 11.9915
476 11.9915
477 11.9915
478 11.9915
479 11.9915
480 11.9915
481 11.9915
482 11.9915
483 11.9915
484 11.9915
485 11.9915
486 11.9915
487 11.9915
488 11.9915
489 11.9915
490 11.9915
491 11.9915
492 11.9915
493 11.9915
494 11.9915
495 11.9915
496 11.9915
497 11.9915
498 11.9915
499 11.9915
500 11.9915
501 11.9915
502 11.9915
503 11.9915
504 11.9915
505 11.9915
506 11.9915
507 11.9915
508 11.9915
509 11.9915
510 11.9915
511 11.9915
512 11.9915
513 11.9915
514 11.9915
515 11.9915
516 11.9915
517 11.9915
518 11.9915
519 11.9915
520 11.9915
521 11.9915
522 11.9915
523 11.9915
524 11.9915
525 11.9915
526 11.9915
527 11.9915
528 11.9915
529 11.9915
530 11.9915
531 11.9915
532 11.9915
533 11.9915
534 11.9915
535 11.9915
536 11.9915
537 11.9915
538 11.9915
539 11.9915
540 11.9915
541 11.9915
542 11.9915
