1 11.945
2 11.945
3 11.945
4 11.945
5 11.945
6 11.945
7 11.945
8 11.945
9 11.945
10 11.945
11 11.945
12 11.945
13 11.945
14 11.945
15 11.945
16 11.945
17 11.945
18 11.945
19 11.945
20 11.945
21 11.945
22 11.945
23 11.945
24 11.945
25 11.945
26 11.945
27 11.945
28 11.945
29 11.945
30 11.945
31 11.945
32 11.945
33 11.945
34 11.945
35 11.945
36 11.945
37 11.945
38 11.945
39 11.945
40 11.945
41 11.945
42 11.945
43 11.945
44 11.945
45 11.945
46 11.945
47 11.945
48 11.945
49 11.945
50 11.945
51 11.945
52 11.945
53 11.945
54 11.945
55 11.945
56 11.945
57 11.945
58 11.945
59 11.945
60 11.945
61 11.945
62 11.945
63 11.945
64 11.945
65 11.945
66 11.945
67 11.945
68 11.945
69 11.945
70 11.945
71 11.945
72 11.945
73 11.945
74 11.945
75 11.945
76 11.945
77 11.945
78 11.945
79 11.945
80 11.945
81 11.945
82 11.945
83 11.945
84 11.945
85 11.945
86 11.945
87 11.945
88 11.945
89 11.945
90 11.945
91 11.945
92 11.945
93 11.945
94 11.945
95 11.945
96 11.945
97 11.945
98 11.945
99 11.945
100 11.945
101 11.945
102 11.945
103 11.945
104 11.945
105 11.945
106 11.945
107 11.945
108 11.945
109 11.945
110 11.945
111 11.945
112 11.945
113 11.945
114 11.945
115 11.945
116 11.945
117 11.945
118 11.945
119 11.945
120 11.945
121 11.945
122 11.945
123 11.945
124 11.945
125 11.945
126 11.945
127 11.945
128 11.945
129 11.945
130 11.945
131 11.945
132 11.945
133 11.945
134 11.945
135 11.945
136 11.945
137 11.945
138 11.945
139 11.945
140 11.945
141 11.945
142 11.945
143 11.945
144 11.945
145 11.945
146 11.945
147 11.945
148 11.945
149 11.945
150 11.945
151 11.945
152 11.945
153 11.945
154 11.945
155 11.945
156 11.945
157 11.945
158 11.945
159 11.945
160 11.945
161 11.945
162 11.945
163 11.945
164 11.945
165 11.945
166 11.945
167 11.945
168 11.945
169 11.945
170 11.945
171 11.945
172 11.945
173 11.945
174 11.945
175 11.945
176 11.945
177 11.945
178 11.945
179 11.945
180 11.945
181 11.945
182 11.945
183 11.945
184 11.945
185 11.945
186 11.945
187 11.945
188 11.945
189 11.945
190 11.945
191 11.945
192 11.945
193 11.945
194 11.945
195 11.945
196 11.945
197 11.945
198 11.945
199 11.945
200 11.945
201 11.945
202 11.945
203 11.945
204 11.945
205 11.945
206 11.945
207 11.945
208 11.945
209 11.945
210 11.945
211 11.945
212 11.945
213 11.945
214 11.945
215 11.945
216 11.945
217 11.945
218 11.945
219 11.945
220 11.945
221 11.945
222 11.945
223 11.945
224 11.945
225 11.945
226 11.945
227 11.945
228 11.945
229 11.945
230 11.945
231 11.945
232 11.945
233 11.945
234 11.945
235 11.945
236 11.945
237 11.945
238 11.945
239 11.945
240 11.945
241 11.945
242 11.945
243 11.945
244 11.945
245 11.945
246 11.945
247 11.9907
248 11.7452
249 11.2601
250 10.7592
251 10.2516
252 10.2838
253 10.3659
254 10.3626
255 10.4441
256 10.3434
257 10.3671
258 10.5715
259 10.3792
260 9.73055
261 8.90594
262 8.86131
263 8.88055
264 8.70512
265 8.68536
266 8.69044
267 8.69695
268 8.71067
269 8.77778
270 8.76937
271 8.79878
272 8.92809
273 8.91166
274 8.74317
275 8.71586
276 8.71294
277 8.70904
278 8.70718
279 8.74618
280 9.06593
281 9.10967
282 9.48471
283 9.56571
284 10.0618
285 10.1568
286 10.0005
287 9.97483
288 9.99273
289 10.1915
290 10.1744
291 10.3744
292 10.3506
293 10.905
294 11.4217
295 11.8713
296 12
297 11.945
298 11.945
299 11.945
300 11.945
301 11.945
302 11.945
303 11.945
304 11.945
305 11.945
306 11.945
307 11.945
308 11.945
309 11.945
310 11.945
311 11.945
312 11.945
313 11.945
314 11.945
315 11.945
316 11.945
317 11.945
318 11.945
319 11.945
320 11.945
321 11.945
322 11.945
323 11.945
324 11.945
325 11.945
326 11.945
327 11.945
328 11.945
329 11.945
330 11.945
331 11.945
332 11.945
333 11.945
334 11.945
335 11.945
336 11.945
337 11.945
338 11.945
339 11.945
340 11.945
341 11.945
342 11.945
343 11.945
344 11.945
345 11.945
346 11.945
347 11.945
348 11.945
349 11.945
350 11.945
351 11.945
352 11.945
353 11.945
354 11.945
355 11.945
356 11.945
357 11.945
358 11.945
359 11.945
360 11.945
361 11.945
362 11.945
363 11.945
364 11.945
365 11.945
366 11.945
367 11.945
368 11.945
369 11.945
370 11.945
371 11.945
372 11.945
373 11.945
374 11.945
375 11.945
376 11.945
377 11.945
378 11.945
379 11.945
380 11.945
381 11.945
382 11.945
383 11.945
384 11.945
385 11.945
386 11.945
387 11.945
388 11.945
389 11.945
390 11.945
391 11.945
392 11.945
393 11.945
394 11.945
395 11.945
396 11.945
397 11.945
398 11.945
399 11.945
400 11.945
401 11.945
402 11.945
403 11.945
404 11.945
405 11.945
406 11.945
407 11.945
408 11.945
409 11.945
410 11.945
411 11.945
412 11.945
413 11.945
414 11.945
415 11.945
416 11.945
417 11.945
418 11.945
419 11.945
420 11.945
421 11.945
422 11.945
423 11.945
424 11.945
425 11.945
426 11.945
427 11.945
428 11.945
429 11.945
430 11.945
431 11.945
432 11.945
433 11.945
434 11.945
435 11.945
436 11.945
437 11.945
438 11.945
439 11.945
440 11.945
441 11.945
442 11.945
443 11.945
444 11.945
445 11.945
446 11.945
447 11.945
448 11.945
449 11.945
450 11.945
451 11.945
452 11.945
453 11.945
454 11.945
455 11.945
456 11.945
457 11.945
458 11.945
459 11.945
460 11.945
461 11.945
462 11.945
463 11.945
464 11.945
465 11.945
466 11.945
467 11.945
468 11.945
469 11.945
470 11.945
471 11.945
472 11.945
473 11.945
474 11.945
475 11.945
476 11.945
477 11.945
478 11.945
479 11.945
480 11.945
481 11.945
482 11.945
483 11.945
484 11.945
485 11.945
486 11.945
487 11.945
488 11.945
489 11.945
490 11.945
491 11.945
492 11.945
493 11.945
494 11.945
495 11.945
496 11.945
497 11.945
498 11.945
499 11.945
500 11.945
501 11.945
502 11.945
503 11.945
504 11.945
505 11.945
506 11.945
507 11.945
508 11.945
509 11.945
510 11.945
511 11.945
512 11.945
513 11.945
514 11.945
515 11.945
516 11.945
517 11.945
518 11.945
519 11.945
520 11.945
521 11.945
522 11.945
523 11.945
524 11.945
525 11.945
526 11.945
527 11.945
528 11.945
529 11.945
530 11.945
531 11.945
532 11.945
533 11.945
534 11.945
535 11.945
536 11.945
537 11.945
538 11.945
539 11.945
540 11.945
541 11.945
542 11.945
