1 11.9858
2 11.9858
3 11.9858
4 11.9858
5 11.9858
6 11.9858
7 11.9858
8 11.9858
9 11.9858
10 11.9858
11 11.9858
12 11.9858
13 11.9858
14 11.9858
15 11.9858
16 11.9858
17 11.9858
18 11.9858
19 11.9858
20 11.9858
21 11.9858
22 11.9858
23 11.9858
24 11.9858
25 11.9858
26 11.9858
27 11.9858
28 11.9858
29 11.9858
30 11.9858
31 11.9858
32 11.9858
33 11.9858
34 11.9858
35 11.9858
36 11.9858
37 11.9858
38 11.9858
39 11.9858
40 11.9858
41 11.9858
42 11.9858
43 11.9858
44 11.9858
45 11.9858
46 11.9858
47 11.9858
48 11.9858
49 11.9858
50 11.9858
51 11.9858
52 11.9858
53 11.9858
54 11.9858
55 11.9858
56 11.9858
57 11.9858
58 11.9858
59 11.9858
60 11.9858
61 11.9858
62 11.9858
63 11.9858
64 11.9858
65 11.9858
66 11.9858
67 11.9858
68 11.9858
69 11.9858
70 11.9858
71 11.9858
72 11.9858
73 11.9858
74 11.9858
75 11.9858
76 11.9858
77 11.9858
78 11.9858
79 11.9858
80 11.9858
81 11.9858
82 11.9858
83 11.9858
84 11.9858
85 11.9858
86 11.9858
87 11.9858
88 11.9858
89 11.9858
90 11.9858
91 11.9858
92 11.9858
93 11.9858
94 11.9858
95 11.9858
96 11.9858
97 11.9858
98 11.9858
99 11.9858
100 11.9858
101 11.9858
102 11.9858
103 11.9858
104 11.9858
105 11.9858
106 11.9858
107 11.9858
108 11.9858
109 11.9858
110 11.9858
111 11.9858
112 11.9858
113 11.9858
114 11.9858
115 11.9858
116 11.9858
117 11.9858
118 11.9858
119 11.9858
120 11.9858
121 11.9858
122 11.9858
123 11.9858
124 11.9858
125 11.9858
126 11.9858
127 11.9858
128 11.9858
129 11.9858
130 11.9858
131 11.9858
132 11.9858
133 11.9858
134 11.9858
135 11.9858
136 11.9858
137 11.9858
138 11.9858
139 11.9858
140 11.9858
141 11.9858
142 11.9858
143 11.9858
144 11.9858
145 11.9858
146 11.9858
147 11.9858
148 11.9858
149 11.9858
150 11.9858
151 11.9858
152 11.9858
153 11.9858
154 11.9858
155 11.9858
156 11.9858
157 11.9858
158 11.9858
159 11.9858
160 11.9858
161 11.9858
162 11.9858
163 11.9858
164 11.9858
165 11.9858
166 11.9858
167 11.9858
168 11.9858
169 11.9858
170 11.9858
171 11.9858
172 11.9858
173 11.9858
174 11.9858
175 11.9858
176 11.9858
177 11.9858
178 11.9858
179 11.9858
180 11.9858
181 11.9858
182 11.9858
183 11.9858
184 11.9858
185 11.9858
186 11.9858
187 11.9858
188 11.9858
189 11.9858
190 11.9858
191 11.9858
192 11.9858
193 11.9858
194 11.9858
195 11.9858
196 11.9858
197 11.9858
198 11.9858
199 11.9858
200 11.9858
201 11.9858
202 11.9858
203 11.9858
204 11.9858
205 11.9858
206 11.9858
207 11.9858
208 11.9858
209 11.9858
210 11.9858
211 11.9858
212 11.9858
213 11.9858
214 11.9858
215 11.9858
216 11.9858
217 11.9858
218 11.9858
219 11.9858
220 11.9858
221 11.9858
222 11.9858
223 11.9858
224 11.9858
225 11.9858
226 11.9858
227 11.9858
228 11.9858
229 11.9858
230 11.9858
231 11.9858
232 11.9858
233 11.9858
234 11.9858
235 11.9858
236 11.9858
237 11.9858
238 11.9858
239 11.9858
240 11.9858
241 11.9858
242 11.9858
243 11.9858
244 11.9858
245 11.9858
246 11.9858
247 11.9858
248 12
249 11.8065
250 11.3197
251 10.751
252 10.7745
253 10.9176
254 10.8684
255 10.9748
256 10.9107
257 10.9847
258 11.5559
259 11.53
260 10.8123
261 9.97113
262 9.92513
263 9.93975
264 9.74807
265 9.73738
266 9.75508
267 9.78097
268 9.84098
269 10.0652
270 10.0779
271 10.1617
272 10.4684
273 10.3461
274 9.80573
275 9.70309
276 9.67477
277 9.65728
278 9.64332
279 9.67474
280 10.051
281 10.1231
282 10.6223
283 10.7302
284 11.3247
285 11.2598
286 10.7197
287 10.6305
288 10.6138
289 10.8013
290 10.7837
291 11.0354
292 10.9855
293 11.5514
294 11.9661
295 11.9858
296 11.9858
297 11.9858
298 11.9858
299 11.9858
300 11.9858
301 11.9858
302 11.9858
303 11.9858
304 11.9858
305 11.9858
306 11.9858
307 11.9858
308 11.9858
309 11.9858
310 11.9858
311 11.9858
312 11.9858
313 11.9858
314 11.9858
315 11.9858
316 11.9858
317 11.9858
318 11.9858
319 11.9858
320 11.9858
321 11.9858
322 11.9858
323 11.9858
324 11.9858
325 11.9858
326 11.9858
327 11.9858
328 11.9858
329 11.9858
330 11.9858
331 11.9858
332 11.9858
333 11.9858
334 11.9858
335 11.9858
336 11.9858
337 11.9858
338 11.9858
339 11.9858
340 11.9858
341 11.9858
342 11.9858
343 11.9858
344 11.9858
345 11.9858
346 11.9858
347 11.9858
348 11.9858
349 11.9858
350 11.9858
351 11.9858
352 11.9858
353 11.9858
354 11.9858
355 11.9858
356 11.9858
357 11.9858
358 11.9858
359 11.9858
360 11.9858
361 11.9858
362 11.9858
363 11.9858
364 11.9858
365 11.9858
366 11.9858
367 11.9858
368 11.9858
369 11.9858
370 11.9858
371 11.9858
372 11.9858
373 11.9858
374 11.9858
375 11.9858
376 11.9858
377 11.9858
378 11.9858
379 11.9858
380 11.9858
381 11.9858
382 11.9858
383 11.9858
384 11.9858
385 11.9858
386 11.9858
387 11.9858
388 11.9858
389 11.9858
390 11.9858
391 11.9858
392 11.9858
393 11.9858
394 11.9858
395 11.9858
396 11.9858
397 11.9858
398 11.9858
399 11.9858
400 11.9858
401 11.9858
402 11.9858
403 11.9858
404 11.9858
405 11.9858
406 11.9858
407 11.9858
408 11.9858
409 11.9858
410 11.9858
411 11.9858
412 11.9858
413 11.9858
414 11.9858
415 11.9858
416 11.9858
417 11.9858
418 11.9858
419 11.9858
420 11.9858
421 11.9858
422 11.9858
423 11.9858
424 11.9858
425 11.9858
426 11.9858
427 11.9858
428 11.9858
429 11.9858
430 11.9858
431 11.9858
432 11.9858
433 11.9858
434 11.9858
435 11.9858
436 11.9858
437 11.9858
438 11.9858
439 11.9858
440 11.9858
441 11.9858
442 11.9858
443 11.9858
444 11.9858
445 11.9858
446 11.9858
447 11.9858
448 11.9858
449 11.9858
450 11.9858
451 11.9858
452 11.9858
453 11.9858
454 11.9858
455 11.9858
456 11.9858
457 11.9858
458 11.9858
459 11.9858
460 11.9858
461 11.9858
462 11.9858
463 11.9858
464 11.9858
465 11.9858
466 11.9858
467 11.9858
468 11.9858
469 11.9858
470 11.9858
471 11.9858
472 11.9858
473 11.9858
474 11.9858
475 11.9858
476 11.9858
477 11.9858
478 11.9858
479 11.9858
480 11.9858
481 11.9858
482 11.9858
483 11.9858
484 11.9858
485 11.9858
486 11.9858
487 11.9858
488 11.9858
489 11.9858
490 11.9858
491 11.9858
492 11.9858
493 11.9858
494 11.9858
495 11.9858
496 11.9858
497 11.9858
498 11.9858
499 11.9858
500 11.9858
501 11.9858
502 11.9858
503 11.9858
504 11.9858
505 11.9858
506 11.9858
507 11.9858
508 11.9858
509 11.9858
510 11.9858
511 11.9858
512 11.9858
513 11.9858
514 11.9858
515 11.9858
516 11.9858
517 11.9858
518 11.9858
519 11.9858
520 11.9858
521 11.9858
522 11.9858
523 11.9858
524 11.9858
525 11.9858
526 11.9858
527 11.9858
528 11.9858
529 11.9858
530 11.9858
531 11.9858
532 11.9858
533 11.9858
534 11.9858
535 11.9858
536 11.9858
537 11.9858
538 11.9858
539 11.9858
540 11.9858
541 11.9858
542 11.9858
