1 11.7744
2 11.7744
3 11.7744
4 11.7744
5 11.7744
6 11.7744
7 11.7744
8 11.7744
9 11.7744
10 11.7744
11 11.7744
12 11.7744
13 11.7744
14 11.7744
15 11.7744
16 11.7744
17 11.7744
18 11.7744
19 11.7744
20 11.7744
21 11.7744
22 11.7744
23 11.7744
24 11.7744
25 11.7744
26 11.7744
27 11.7744
28 11.7744
29 11.7744
30 11.7744
31 11.7744
32 11.7744
33 11.7744
34 11.7744
35 11.7744
36 11.7744
37 11.7744
38 11.7744
39 11.7744
40 11.7744
41 11.7744
42 11.7744
43 11.7744
44 11.7744
45 11.7744
46 11.7744
47 11.7744
48 11.7744
49 11.7744
50 11.7744
51 11.7744
52 11.7744
53 11.7744
54 11.7744
55 11.7744
56 11.7744
57 11.7744
58 11.7744
59 11.7744
60 11.7744
61 11.7744
62 11.7744
63 11.7744
64 11.7744
65 11.7744
66 11.7744
67 11.7744
68 11.7744
69 11.7744
70 11.7744
71 11.7744
72 11.7744
73 11.7744
74 11.7744
75 11.7744
76 11.7744
77 11.7744
78 11.7744
79 11.7744
80 11.7744
81 11.7744
82 11.7744
83 11.7744
84 11.7744
85 11.7744
86 11.7744
87 11.7744
88 11.7744
89 11.7744
90 11.7744
91 11.7744
92 11.7744
93 11.7744
94 11.7744
95 11.7744
96 11.7744
97 11.7744
98 11.7744
99 11.7744
100 11.7744
101 11.7744
102 11.7744
103 11.7744
104 11.7744
105 11.7744
106 11.7744
107 11.7744
108 11.7744
109 11.7744
110 11.7744
111 11.7744
112 11.7744
113 11.7744
114 11.7744
115 11.7744
116 11.7744
117 11.7744
118 11.7744
119 11.7744
120 11.7744
121 11.7744
122 11.7744
123 11.7744
124 11.7744
125 11.7744
126 11.7744
127 11.7744
128 11.7744
129 11.7744
130 11.7744
131 11.7744
132 11.7744
133 11.7744
134 11.7744
135 11.7744
136 11.7744
137 11.7744
138 11.7744
139 11.7744
140 11.7744
141 11.7744
142 11.7744
143 11.7744
144 11.7744
145 11.7744
146 11.7744
147 11.7744
148 11.7744
149 11.7744
150 11.7744
151 11.7744
152 11.7744
153 11.7744
154 11.7744
155 11.7744
156 11.7744
157 11.7744
158 11.7744
159 11.7744
160 11.7744
161 11.7744
162 11.7744
163 11.7744
164 11.7744
165 11.7744
166 11.7744
167 11.7744
168 11.7744
169 11.7744
170 11.7744
171 11.7744
172 11.7744
173 11.7744
174 11.7744
175 11.7744
176 11.7744
177 11.7744
178 11.7744
179 11.7744
180 11.7744
181 11.7744
182 11.7744
183 11.7744
184 11.7744
185 11.7744
186 11.7744
187 11.7744
188 11.7744
189 11.7744
190 11.7744
191 11.7744
192 11.7744
193 11.7744
194 11.7744
195 11.7744
196 11.7744
197 11.7744
198 11.7744
199 11.7744
200 11.7744
201 11.7744
202 11.7744
203 11.7744
204 11.7744
205 11.7744
206 11.7744
207 11.7744
208 11.7744
209 11.7744
210 11.7744
211 11.7744
212 11.7744
213 11.7744
214 11.7744
215 11.7744
216 11.7744
217 11.7744
218 11.7744
219 11.7744
220 11.7744
221 11.7744
222 11.7744
223 11.7744
224 11.7744
225 11.7744
226 11.7744
227 11.7744
228 11.7744
229 11.7744
230 11.7744
231 11.7744
232 11.7744
233 11.7744
234 11.7744
235 11.7744
236 11.7744
237 11.7744
238 11.7744
239 11.7744
240 11.7744
241 11.7744
242 11.7744
243 11.7744
244 11.7744
245 11.7744
246 11.7744
247 11.7744
248 11.7744
249 11.9183
250 11.5465
251 10.9681
252 11.0246
253 11.4024
254 11.2246
255 11.4024
256 11.0246
257 10.9681
258 11.5465
259 12
260 11.5061
261 10.76
262 10.7349
263 10.7815
264 10.4443
265 10.3898
266 10.3907
267 10.4227
268 10.5191
269 10.9255
270 10.9353
271 11.0575
272 11.6075
273 11.2742
274 10.375
275 10.2475
276 10.2135
277 10.2023
278 10.2107
279 10.2864
280 10.8269
281 10.8898
282 11.4306
283 11.3396
284 11.8088
285 11.4252
286 10.7456
287 10.7163
288 10.778
289 11.2008
290 11.1521
291 11.5526
292 11.2821
293 11.7657
294 11.9141
295 11.7744
296 11.7744
297 11.7744
298 11.7744
299 11.7744
300 11.7744
301 11.7744
302 11.7744
303 11.7744
304 11.7744
305 11.7744
306 11.7744
307 11.7744
308 11.7744
309 11.7744
310 11.7744
311 11.7744
312 11.7744
313 11.7744
314 11.7744
315 11.7744
316 11.7744
317 11.7744
318 11.7744
319 11.7744
320 11.7744
321 11.7744
322 11.7744
323 11.7744
324 11.7744
325 11.7744
326 11.7744
327 11.7744
328 11.7744
329 11.7744
330 11.7744
331 11.7744
332 11.7744
333 11.7744
334 11.7744
335 11.7744
336 11.7744
337 11.7744
338 11.7744
339 11.7744
340 11.7744
341 11.7744
342 11.7744
343 11.7744
344 11.7744
345 11.7744
346 11.7744
347 11.7744
348 11.7744
349 11.7744
350 11.7744
351 11.7744
352 11.7744
353 11.7744
354 11.7744
355 11.7744
356 11.7744
357 11.7744
358 11.7744
359 11.7744
360 11.7744
361 11.7744
362 11.7744
363 11.7744
364 11.7744
365 11.7744
366 11.7744
367 11.7744
368 11.7744
369 11.7744
370 11.7744
371 11.7744
372 11.7744
373 11.7744
374 11.7744
375 11.7744
376 11.7744
377 11.7744
378 11.7744
379 11.7744
380 11.7744
381 11.7744
382 11.7744
383 11.7744
384 11.7744
385 11.7744
386 11.7744
387 11.7744
388 11.7744
389 11.7744
390 11.7744
391 11.7744
392 11.7744
393 11.7744
394 11.7744
395 11.7744
396 11.7744
397 11.7744
398 11.7744
399 11.7744
400 11.7744
401 11.7744
402 11.7744
403 11.7744
404 11.7744
405 11.7744
406 11.7744
407 11.7744
408 11.7744
409 11.7744
410 11.7744
411 11.7744
412 11.7744
413 11.7744
414 11.7744
415 11.7744
416 11.7744
417 11.7744
418 11.7744
419 11.7744
420 11.7744
421 11.7744
422 11.7744
423 11.7744
424 11.7744
425 11.7744
426 11.7744
427 11.7744
428 11.7744
429 11.7744
430 11.7744
431 11.7744
432 11.7744
433 11.7744
434 11.7744
435 11.7744
436 11.7744
437 11.7744
438 11.7744
439 11.7744
440 11.7744
441 11.7744
442 11.7744
443 11.7744
444 11.7744
445 11.7744
446 11.7744
447 11.7744
448 11.7744
449 11.7744
450 11.7744
451 11.7744
452 11.7744
453 11.7744
454 11.7744
455 11.7744
456 11.7744
457 11.7744
458 11.7744
459 11.7744
460 11.7744
461 11.7744
462 11.7744
463 11.7744
464 11.7744
465 11.7744
466 11.7744
467 11.7744
468 11.7744
469 11.7744
470 11.7744
471 11.7744
472 11.7744
473 11.7744
474 11.7744
475 11.7744
476 11.7744
477 11.7744
478 11.7744
479 11.7744
480 11.7744
481 11.7744
482 11.7744
483 11.7744
484 11.7744
485 11.7744
486 11.7744
487 11.7744
488 11.7744
489 11.7744
490 11.7744
491 11.7744
492 11.7744
493 11.7744
494 11.7744
495 11.7744
496 11.7744
497 11.7744
498 11.7744
499 11.7744
500 11.7744
501 11.7744
502 11.7744
503 11.7744
504 11.7744
505 11.7744
506 11.7744
507 11.7744
508 11.7744
509 11.7744
510 11.7744
511 11.7744
512 11.7744
513 11.7744
514 11.7744
515 11.7744
516 11.7744
517 11.7744
518 11.7744
519 11.7744
520 11.7744
521 11.7744
522 11.7744
523 11.7744
524 11.7744
525 11.7744
526 11.7744
527 11.7744
528 11.7744
529 11.7744
530 11.7744
531 11.7744
532 11.7744
533 11.7744
534 11.7744
535 11.7744
536 11.7744
537 11.7744
538 11.7744
539 11.7744
540 11.7744
541 11.7744
542 11.7744
