1 11.938
2 11.938
3 11.938
4 11.938
5 11.938
6 11.938
7 11.938
8 11.938
9 11.938
10 11.938
11 11.938
12 11.938
13 11.938
14 11.938
15 11.938
16 11.938
17 11.938
18 11.938
19 11.938
20 11.938
21 11.938
22 11.938
23 11.938
24 11.938
25 11.938
26 11.938
27 11.938
28 11.938
29 11.938
30 11.938
31 11.938
32 11.938
33 11.938
34 11.938
35 11.938
36 11.938
37 11.938
38 11.938
39 11.938
40 11.938
41 11.938
42 11.938
43 11.938
44 11.938
45 11.938
46 11.938
47 11.938
48 11.938
49 11.938
50 11.938
51 11.938
52 11.938
53 11.938
54 11.938
55 11.938
56 11.938
57 11.938
58 11.938
59 11.938
60 11.938
61 11.938
62 11.938
63 11.938
64 11.938
65 11.938
66 11.938
67 11.938
68 11.938
69 11.938
70 11.938
71 11.938
72 11.938
73 11.938
74 11.938
75 11.938
76 11.938
77 11.938
78 11.938
79 11.938
80 11.938
81 11.938
82 11.938
83 11.938
84 11.938
85 11.938
86 11.938
87 11.938
88 11.938
89 11.938
90 11.938
91 11.938
92 11.938
93 11.938
94 11.938
95 11.938
96 11.938
97 11.938
98 11.938
99 11.938
100 11.938
101 11.938
102 11.938
103 11.938
104 11.938
105 11.938
106 11.938
107 11.938
108 11.938
109 11.938
110 11.938
111 11.938
112 11.938
113 11.938
114 11.938
115 11.938
116 11.938
117 11.938
118 11.938
119 11.938
120 11.938
121 11.938
122 11.938
123 11.938
124 11.938
125 11.938
126 11.938
127 11.938
128 11.938
129 11.938
130 11.938
131 11.938
132 11.938
133 11.938
134 11.938
135 11.938
136 11.938
137 11.938
138 11.938
139 11.938
140 11.938
141 11.938
142 11.938
143 11.938
144 11.938
145 11.938
146 11.938
147 11.938
148 11.938
149 11.938
150 11.938
151 11.938
152 11.938
153 11.938
154 11.938
155 11.938
156 11.938
157 11.938
158 11.938
159 11.938
160 11.938
161 11.938
162 11.938
163 11.938
164 11.938
165 11.938
166 11.938
167 11.938
168 11.938
169 11.938
170 11.938
171 11.938
172 11.938
173 11.938
174 11.938
175 11.938
176 11.938
177 11.938
178 11.938
179 11.938
180 11.938
181 11.938
182 11.938
183 11.938
184 11.938
185 11.938
186 11.938
187 11.938
188 11.938
189 11.938
190 11.938
191 11.938
192 11.938
193 11.938
194 11.938
195 11.938
196 11.938
197 11.938
198 11.938
199 11.938
200 11.938
201 11.938
202 11.938
203 11.938
204 11.938
205 11.938
206 11.938
207 11.938
208 11.938
209 11.938
210 11.938
211 11.938
212 11.938
213 11.938
214 11.938
215 11.938
216 11.938
217 11.938
218 11.938
219 11.938
220 11.938
221 11.938
222 11.938
223 11.938
224 11.938
225 11.938
226 11.938
227 11.938
228 11.938
229 11.938
230 11.938
231 11.938
232 11.938
233 11.938
234 11.938
235 11.938
236 11.938
237 11.938
238 11.938
239 11.938
240 11.938
241 11.938
242 11.9718
243 12
244 11.8449
245 11.4953
246 10.9953
247 10.4413
248 9.83756
249 9.16986
250 8.43785
251 7.66401
252 7.638
253 7.66753
254 7.48033
255 7.46659
256 7.18496
257 7.14568
258 7.14881
259 6.9737
260 6.37396
261 5.47075
262 5.38474
263 5.38956
264 5.1766
265 5.15484
266 5.17093
267 5.18912
268 5.19736
269 5.19112
270 5.20395
271 5.20256
272 5.18958
273 5.19302
274 5.214
275 5.22093
276 5.21518
277 5.20362
278 5.2041
279 5.27225
280 5.69165
281 5.77393
282 6.20406
283 6.2795
284 6.65257
285 6.7012
286 6.67664
287 6.65182
288 6.67172
289 7.00566
290 7.02673
291 7.42943
292 7.45427
293 8.24317
294 9.00858
295 9.72794
296 10.3951
297 11.012
298 11.5529
299 11.8954
300 11.9836
301 11.9496
302 11.938
303 11.938
304 11.938
305 11.938
306 11.938
307 11.938
308 11.938
309 11.938
310 11.938
311 11.938
312 11.938
313 11.938
314 11.938
315 11.938
316 11.938
317 11.938
318 11.938
319 11.938
320 11.938
321 11.938
322 11.938
323 11.938
324 11.938
325 11.938
326 11.938
327 11.938
328 11.938
329 11.938
330 11.938
331 11.938
332 11.938
333 11.938
334 11.938
335 11.938
336 11.938
337 11.938
338 11.938
339 11.938
340 11.938
341 11.938
342 11.938
343 11.938
344 11.938
345 11.938
346 11.938
347 11.938
348 11.938
349 11.938
350 11.938
351 11.938
352 11.938
353 11.938
354 11.938
355 11.938
356 11.938
357 11.938
358 11.938
359 11.938
360 11.938
361 11.938
362 11.938
363 11.938
364 11.938
365 11.938
366 11.938
367 11.938
368 11.938
369 11.938
370 11.938
371 11.938
372 11.938
373 11.938
374 11.938
375 11.938
376 11.938
377 11.938
378 11.938
379 11.938
380 11.938
381 11.938
382 11.938
383 11.938
384 11.938
385 11.938
386 11.938
387 11.938
388 11.938
389 11.938
390 11.938
391 11.938
392 11.938
393 11.938
394 11.938
395 11.938
396 11.938
397 11.938
398 11.938
399 11.938
400 11.938
401 11.938
402 11.938
403 11.938
404 11.938
405 11.938
406 11.938
407 11.938
408 11.938
409 11.938
410 11.938
411 11.938
412 11.938
413 11.938
414 11.938
415 11.938
416 11.938
417 11.938
418 11.938
419 11.938
420 11.938
421 11.938
422 11.938
423 11.938
424 11.938
425 11.938
426 11.938
427 11.938
428 11.938
429 11.938
430 11.938
431 11.938
432 11.938
433 11.938
434 11.938
435 11.938
436 11.938
437 11.938
438 11.938
439 11.938
440 11.938
441 11.938
442 11.938
443 11.938
444 11.938
445 11.938
446 11.938
447 11.938
448 11.938
449 11.938
450 11.938
451 11.938
452 11.938
453 11.938
454 11.938
455 11.938
456 11.938
457 11.938
458 11.938
459 11.938
460 11.938
461 11.938
462 11.938
463 11.938
464 11.938
465 11.938
466 11.938
467 11.938
468 11.938
469 11.938
470 11.938
471 11.938
472 11.938
473 11.938
474 11.938
475 11.938
476 11.938
477 11.938
478 11.938
479 11.938
480 11.938
481 11.938
482 11.938
483 11.938
484 11.938
485 11.938
486 11.938
487 11.938
488 11.938
489 11.938
490 11.938
491 11.938
492 11.938
493 11.938
494 11.938
495 11.938
496 11.938
497 11.938
498 11.938
499 11.938
500 11.938
501 11.938
502 11.938
503 11.938
504 11.938
505 11.938
506 11.938
507 11.938
508 11.938
509 11.938
510 11.938
511 11.938
512 11.938
513 11.938
514 11.938
515 11.938
516 11.938
517 11.938
518 11.938
519 11.938
520 11.938
521 11.938
522 11.938
523 11.938
524 11.938
525 11.938
526 11.938
527 11.938
528 11.938
529 11.938
530 11.938
531 11.938
532 11.938
533 11.938
534 11.938
535 11.938
536 11.938
537 11.938
538 11.938
539 11.938
540 11.938
541 11.938
542 11.938
