1 11.9521
2 11.9521
3 11.9521
4 11.9521
5 11.9521
6 11.9521
7 11.9521
8 11.9521
9 11.9521
10 11.9521
11 11.9521
12 11.9521
13 11.9521
14 11.9521
15 11.9521
16 11.9521
17 11.9521
18 11.9521
19 11.9521
20 11.9521
21 11.9521
22 11.9521
23 11.9521
24 11.9521
25 11.9521
26 11.9521
27 11.9521
28 11.9521
29 11.9521
30 11.9521
31 11.9521
32 11.9521
33 11.9521
34 11.9521
35 11.9521
36 11.9521
37 11.9521
38 11.9521
39 11.9521
40 11.9521
41 11.9521
42 11.9521
43 11.9521
44 11.9521
45 11.9521
46 11.9521
47 11.9521
48 11.9521
49 11.9521
50 11.9521
51 11.9521
52 11.9521
53 11.9521
54 11.9521
55 11.9521
56 11.9521
57 11.9521
58 11.9521
59 11.9521
60 11.9521
61 11.9521
62 11.9521
63 11.9521
64 11.9521
65 11.9521
66 11.9521
67 11.9521
68 11.9521
69 11.9521
70 11.9521
71 11.9521
72 11.9521
73 11.9521
74 11.9521
75 11.9521
76 11.9521
77 11.9521
78 11.9521
79 11.9521
80 11.9521
81 11.9521
82 11.9521
83 11.9521
84 11.9521
85 11.9521
86 11.9521
87 11.9521
88 11.9521
89 11.9521
90 11.9521
91 11.9521
92 11.9521
93 11.9521
94 11.9521
95 11.9521
96 11.9521
97 11.9521
98 11.9521
99 11.9521
100 11.9521
101 11.9521
102 11.9521
103 11.9521
104 11.9521
105 11.9521
106 11.9521
107 11.9521
108 11.9521
109 11.9521
110 11.9521
111 11.9521
112 11.9521
113 11.9521
114 11.9521
115 11.9521
116 11.9521
117 11.9521
118 11.9521
119 11.9521
120 11.9521
121 11.9521
122 11.9521
123 11.9521
124 11.9521
125 11.9521
126 11.9521
127 11.9521
128 11.9521
129 11.9521
130 11.9521
131 11.9521
132 11.9521
133 11.9521
134 11.9521
135 11.9521
136 11.9521
137 11.9521
138 11.9521
139 11.9521
140 11.9521
141 11.9521
142 11.9521
143 11.9521
144 11.9521
145 11.9521
146 11.9521
147 11.9521
148 11.9521
149 11.9521
150 11.9521
151 11.9521
152 11.9521
153 11.9521
154 11.9521
155 11.9521
156 11.9521
157 11.9521
158 11.9521
159 11.9521
160 11.9521
161 11.9521
162 11.9521
163 11.9521
164 11.9521
165 11.9521
166 11.9521
167 11.9521
168 11.9521
169 11.9521
170 11.9521
171 11.9521
172 11.9521
173 11.9521
174 11.9521
175 11.9521
176 11.9521
177 11.9521
178 11.9521
179 11.9521
180 11.9521
181 11.9521
182 11.9521
183 11.9521
184 11.9521
185 11.9521
186 11.9521
187 11.9521
188 11.9521
189 11.9521
190 11.9521
191 11.9521
192 11.9521
193 11.9521
194 11.9521
195 11.9521
196 11.9521
197 11.9521
198 11.9521
199 11.9521
200 11.9521
201 11.9521
202 11.9521
203 11.9521
204 11.9521
205 11.9521
206 11.9521
207 11.9521
208 11.9521
209 11.9521
210 11.9521
211 11.9521
212 11.9521
213 11.9521
214 11.9521
215 11.9521
216 11.9521
217 11.9521
218 11.9521
219 11.9521
220 11.9521
221 11.9521
222 11.9521
223 11.9521
224 11.9521
225 11.9521
226 11.9521
227 11.9521
228 11.9521
229 11.9521
230 11.9521
231 11.9521
232 11.9521
233 11.9521
234 11.9521
235 11.9521
236 11.9521
237 11.9521
238 11.9635
239 11.9927
240 11.9953
241 11.8869
242 11.5382
243 10.9904
244 10.3469
245 9.6542
246 8.91696
247 8.14581
248 7.36284
249 6.58761
250 5.82884
251 5.08436
252 5.0821
253 5.12765
254 4.94998
255 4.93635
256 4.61742
257 4.56308
258 4.56353
259 4.37734
260 3.802
261 2.97229
262 2.91535
263 2.94013
264 2.83643
265 2.85105
266 2.88054
267 2.9033
268 2.91494
269 2.91476
270 2.92807
271 2.92867
272 2.91633
273 2.91777
274 2.93168
275 2.93372
276 2.9245
277 2.90669
278 2.89117
279 2.92059
280 3.21082
281 3.26356
282 3.63481
283 3.71012
284 4.1366
285 4.22321
286 4.20273
287 4.19196
288 4.23203
289 4.57939
290 4.58856
291 4.93237
292 4.92363
293 5.64419
294 6.3863
295 7.15319
296 7.93863
297 8.72764
298 9.50285
299 10.254
300 10.9674
301 11.5691
302 11.9187
303 12
304 11.9782
305 11.956
306 11.9521
307 11.9521
308 11.9521
309 11.9521
310 11.9521
311 11.9521
312 11.9521
313 11.9521
314 11.9521
315 11.9521
316 11.9521
317 11.9521
318 11.9521
319 11.9521
320 11.9521
321 11.9521
322 11.9521
323 11.9521
324 11.9521
325 11.9521
326 11.9521
327 11.9521
328 11.9521
329 11.9521
330 11.9521
331 11.9521
332 11.9521
333 11.9521
334 11.9521
335 11.9521
336 11.9521
337 11.9521
338 11.9521
339 11.9521
340 11.9521
341 11.9521
342 11.9521
343 11.9521
344 11.9521
345 11.9521
346 11.9521
347 11.9521
348 11.9521
349 11.9521
350 11.9521
351 11.9521
352 11.9521
353 11.9521
354 11.9521
355 11.9521
356 11.9521
357 11.9521
358 11.9521
359 11.9521
360 11.9521
361 11.9521
362 11.9521
363 11.9521
364 11.9521
365 11.9521
366 11.9521
367 11.9521
368 11.9521
369 11.9521
370 11.9521
371 11.9521
372 11.9521
373 11.9521
374 11.9521
375 11.9521
376 11.9521
377 11.9521
378 11.9521
379 11.9521
380 11.9521
381 11.9521
382 11.9521
383 11.9521
384 11.9521
385 11.9521
386 11.9521
387 11.9521
388 11.9521
389 11.9521
390 11.9521
391 11.9521
392 11.9521
393 11.9521
394 11.9521
395 11.9521
396 11.9521
397 11.9521
398 11.9521
399 11.9521
400 11.9521
401 11.9521
402 11.9521
403 11.9521
404 11.9521
405 11.9521
406 11.9521
407 11.9521
408 11.9521
409 11.9521
410 11.9521
411 11.9521
412 11.9521
413 11.9521
414 11.9521
415 11.9521
416 11.9521
417 11.9521
418 11.9521
419 11.9521
420 11.9521
421 11.9521
422 11.9521
423 11.9521
424 11.9521
425 11.9521
426 11.9521
427 11.9521
428 11.9521
429 11.9521
430 11.9521
431 11.9521
432 11.9521
433 11.9521
434 11.9521
435 11.9521
436 11.9521
437 11.9521
438 11.9521
439 11.9521
440 11.9521
441 11.9521
442 11.9521
443 11.9521
444 11.9521
445 11.9521
446 11.9521
447 11.9521
448 11.9521
449 11.9521
450 11.9521
451 11.9521
452 11.9521
453 11.9521
454 11.9521
455 11.9521
456 11.9521
457 11.9521
458 11.9521
459 11.9521
460 11.9521
461 11.9521
462 11.9521
463 11.9521
464 11.9521
465 11.9521
466 11.9521
467 11.9521
468 11.9521
469 11.9521
470 11.9521
471 11.9521
472 11.9521
473 11.9521
474 11.9521
475 11.9521
476 11.9521
477 11.9521
478 11.9521
479 11.9521
480 11.9521
481 11.9521
482 11.9521
483 11.9521
484 11.9521
485 11.9521
486 11.9521
487 11.9521
488 11.9521
489 11.9521
490 11.9521
491 11.9521
492 11.9521
493 11.9521
494 11.9521
495 11.9521
496 11.9521
497 11.9521
498 11.9521
499 11.9521
500 11.9521
501 11.9521
502 11.9521
503 11.9521
504 11.9521
505 11.9521
506 11.9521
507 11.9521
508 11.9521
509 11.9521
510 11.9521
511 11.9521
512 11.9521
513 11.9521
514 11.9521
515 11.9521
516 11.9521
517 11.9521
518 11.9521
519 11.9521
520 11.9521
521 11.9521
522 11.9521
523 11.9521
524 11.9521
525 11.9521
526 11.9521
527 11.9521
528 11.9521
529 11.9521
530 11.9521
531 11.9521
532 11.9521
533 11.9521
534 11.9521
535 11.9521
536 11.9521
537 11.9521
538 11.9521
539 11.9521
540 11.9521
541 11.9521
542 11.9521
