1 11.9953
2 11.9953
3 11.9953
4 11.9953
5 11.9953
6 11.9953
7 11.9953
8 11.9953
9 11.9953
10 11.9953
11 11.9953
12 11.9953
13 11.9953
14 11.9953
15 11.9953
16 11.9953
17 11.9953
18 11.9953
19 11.9953
20 11.9953
21 11.9953
22 11.9953
23 11.9953
24 11.9953
25 11.9953
26 11.9953
27 11.9953
28 11.9953
29 11.9953
30 11.9953
31 11.9953
32 11.9953
33 11.9953
34 11.9953
35 11.9953
36 11.9953
37 11.9953
38 11.9953
39 11.9953
40 11.9953
41 11.9953
42 11.9953
43 11.9953
44 11.9953
45 11.9953
46 11.9953
47 11.9953
48 11.9953
49 11.9953
50 11.9953
51 11.9953
52 11.9953
53 11.9953
54 11.9953
55 11.9953
56 11.9953
57 11.9953
58 11.9953
59 11.9953
60 11.9953
61 11.9953
62 11.9953
63 11.9953
64 11.9953
65 11.9953
66 11.9953
67 11.9953
68 11.9953
69 11.9953
70 11.9953
71 11.9953
72 11.9953
73 11.9953
74 11.9953
75 11.9953
76 11.9953
77 11.9953
78 11.9953
79 11.9953
80 11.9953
81 11.9953
82 11.9953
83 11.9953
84 11.9953
85 11.9953
86 11.9953
87 11.9953
88 11.9953
89 11.9953
90 11.9953
91 11.9953
92 11.9953
93 11.9953
94 11.9953
95 11.9953
96 11.9953
97 11.9953
98 11.9953
99 11.9953
100 11.9953
101 11.9953
102 11.9953
103 11.9953
104 11.9953
105 11.9953
106 11.9953
107 11.9953
108 11.9953
109 11.9953
110 11.9953
111 11.9953
112 11.9953
113 11.9953
114 11.9953
115 11.9953
116 11.9953
117 11.9953
118 11.9953
119 11.9953
120 11.9953
121 11.9953
122 11.9953
123 11.9953
124 11.9953
125 11.9953
126 11.9953
127 11.9953
128 11.9953
129 11.9953
130 11.9953
131 11.9953
132 11.9953
133 11.9953
134 11.9953
135 11.9953
136 11.9953
137 11.9953
138 11.9953
139 11.9953
140 11.9953
141 11.9953
142 11.9953
143 11.9953
144 11.9953
145 11.9953
146 11.9953
147 11.9953
148 11.9953
149 11.9953
150 11.9953
151 11.9953
152 11.9953
153 11.9953
154 11.9953
155 11.9953
156 11.9953
157 11.9953
158 11.9953
159 11.9953
160 11.9953
161 11.9953
162 11.9953
163 11.9953
164 11.9953
165 11.9953
166 11.9953
167 11.9953
168 11.9953
169 11.9953
170 11.9953
171 11.9953
172 11.9953
173 11.9953
174 11.9953
175 11.9953
176 11.9953
177 11.9953
178 11.9953
179 11.9953
180 11.9953
181 11.9953
182 11.9953
183 11.9953
184 11.9953
185 11.9953
186 11.9953
187 11.9953
188 11.9953
189 11.9953
190 11.9953
191 11.9953
192 11.9953
193 11.9953
194 11.9953
195 11.9953
196 11.9953
197 11.9953
198 11.9953
199 11.9953
200 11.9953
201 11.9953
202 11.9953
203 11.9953
204 11.9953
205 11.9953
206 11.9953
207 11.9953
208 11.9953
209 11.9953
210 11.9953
211 11.9953
212 11.9953
213 11.9953
214 11.9953
215 11.9953
216 11.9953
217 11.9953
218 11.9953
219 11.9953
220 11.9953
221 11.9953
222 11.9953
223 11.9953
224 11.9953
225 11.9953
226 11.9953
227 11.9953
228 11.9953
229 11.9953
230 11.999
231 11.8955
232 11.5276
233 11.0222
234 10.4697
235 9.91076
236 9.34986
237 8.78796
238 8.22322
239 7.65343
240 7.07749
241 6.49606
242 5.91182
243 5.32909
244 4.75298
245 4.18854
246 3.64011
247 3.11108
248 2.60382
249 2.11992
250 1.66042
251 1.22601
252 1.25905
253 1.30009
254 1.3355
255 1.36258
256 1.39276
257 1.40926
258 1.41608
259 1.42495
260 1.43603
261 1.44937
262 1.45406
263 1.45547
264 1.45711
265 1.45754
266 1.45765
267 1.45767
268 1.45768
269 1.45768
270 1.45768
271 1.45768
272 1.45768
273 1.45768
274 1.45768
275 1.45768
276 1.45767
277 1.45765
278 1.45754
279 1.45712
280 1.45552
281 1.45415
282 1.44968
283 1.44603
284 1.43588
285 1.42787
286 1.4218
287 1.40743
288 1.38178
289 1.37405
290 1.34218
291 1.40479
292 1.37905
293 1.85073
294 2.34687
295 2.86321
296 3.39399
297 3.93231
298 4.47085
299 5.00323
300 5.52544
301 6.03682
302 6.54
303 7.03999
304 7.54274
305 8.05378
306 8.57742
307 9.11615
308 9.67035
309 10.2377
310 10.8092
311 11.3674
312 11.8256
313 12
314 11.9953
315 11.9953
316 11.9953
317 11.9953
318 11.9953
319 11.9953
320 11.9953
321 11.9953
322 11.9953
323 11.9953
324 11.9953
325 11.9953
326 11.9953
327 11.9953
328 11.9953
329 11.9953
330 11.9953
331 11.9953
332 11.9953
333 11.9953
334 11.9953
335 11.9953
336 11.9953
337 11.9953
338 11.9953
339 11.9953
340 11.9953
341 11.9953
342 11.9953
343 11.9953
344 11.9953
345 11.9953
346 11.9953
347 11.9953
348 11.9953
349 11.9953
350 11.9953
351 11.9953
352 11.9953
353 11.9953
354 11.9953
355 11.9953
356 11.9953
357 11.9953
358 11.9953
359 11.9953
360 11.9953
361 11.9953
362 11.9953
363 11.9953
364 11.9953
365 11.9953
366 11.9953
367 11.9953
368 11.9953
369 11.9953
370 11.9953
371 11.9953
372 11.9953
373 11.9953
374 11.9953
375 11.9953
376 11.9953
377 11.9953
378 11.9953
379 11.9953
380 11.9953
381 11.9953
382 11.9953
383 11.9953
384 11.9953
385 11.9953
386 11.9953
387 11.9953
388 11.9953
389 11.9953
390 11.9953
391 11.9953
392 11.9953
393 11.9953
394 11.9953
395 11.9953
396 11.9953
397 11.9953
398 11.9953
399 11.9953
400 11.9953
401 11.9953
402 11.9953
403 11.9953
404 11.9953
405 11.9953
406 11.9953
407 11.9953
408 11.9953
409 11.9953
410 11.9953
411 11.9953
412 11.9953
413 11.9953
414 11.9953
415 11.9953
416 11.9953
417 11.9953
418 11.9953
419 11.9953
420 11.9953
421 11.9953
422 11.9953
423 11.9953
424 11.9953
425 11.9953
426 11.9953
427 11.9953
428 11.9953
429 11.9953
430 11.9953
431 11.9953
432 11.9953
433 11.9953
434 11.9953
435 11.9953
436 11.9953
437 11.9953
438 11.9953
439 11.9953
440 11.9953
441 11.9953
442 11.9953
443 11.9953
444 11.9953
445 11.9953
446 11.9953
447 11.9953
448 11.9953
449 11.9953
450 11.9953
451 11.9953
452 11.9953
453 11.9953
454 11.9953
455 11.9953
456 11.9953
457 11.9953
458 11.9953
459 11.9953
460 11.9953
461 11.9953
462 11.9953
463 11.9953
464 11.9953
465 11.9953
466 11.9953
467 11.9953
468 11.9953
469 11.9953
470 11.9953
471 11.9953
472 11.9953
473 11.9953
474 11.9953
475 11.9953
476 11.9953
477 11.9953
478 11.9953
479 11.9953
480 11.9953
481 11.9953
482 11.9953
483 11.9953
484 11.9953
485 11.9953
486 11.9953
487 11.9953
488 11.9953
489 11.9953
490 11.9953
491 11.9953
492 11.9953
493 11.9953
494 11.9953
495 11.9953
496 11.9953
497 11.9953
498 11.9953
499 11.9953
500 11.9953
501 11.9953
502 11.9953
503 11.9953
504 11.9953
505 11.9953
506 11.9953
507 11.9953
508 11.9953
509 11.9953
510 11.9953
511 11.9953
512 11.9953
513 11.9953
514 11.9953
515 11.9953
516 11.9953
517 11.9953
518 11.9953
519 11.9953
520 11.9953
521 11.9953
522 11.9953
523 11.9953
524 11.9953
525 11.9953
526 11.9953
527 11.9953
528 11.9953
529 11.9953
530 11.9953
531 11.9953
532 11.9953
533 11.9953
534 11.9953
535 11.9953
536 11.9953
537 11.9953
538 11.9953
539 11.9953
540 11.9953
541 11.9953
542 11.9953
