1 11.9874
2 11.9874
3 11.9874
4 11.9874
5 11.9874
6 11.9874
7 11.9874
8 11.9874
9 11.9874
10 11.9874
11 11.9874
12 11.9874
13 11.9874
14 11.9874
15 11.9874
16 11.9874
17 11.9874
18 11.9874
19 11.9874
20 11.9874
21 11.9874
22 11.9874
23 11.9874
24 11.9874
25 11.9874
26 11.9874
27 11.9874
28 11.9874
29 11.9874
30 11.9874
31 11.9874
32 11.9874
33 11.9874
34 11.9874
35 11.9874
36 11.9874
37 11.9874
38 11.9874
39 11.9874
40 11.9874
41 11.9874
42 11.9874
43 11.9874
44 11.9874
45 11.9874
46 11.9874
47 11.9874
48 11.9874
49 11.9874
50 11.9874
51 11.9874
52 11.9874
53 11.9874
54 11.9874
55 11.9874
56 11.9874
57 11.9874
58 11.9874
59 11.9874
60 11.9874
61 11.9874
62 11.9874
63 11.9874
64 11.9874
65 11.9874
66 11.9874
67 11.9874
68 11.9874
69 11.9874
70 11.9874
71 11.9874
72 11.9874
73 11.9874
74 11.9874
75 11.9874
76 11.9874
77 11.9874
78 11.9874
79 11.9874
80 11.9874
81 11.9874
82 11.9874
83 11.9874
84 11.9874
85 11.9874
86 11.9874
87 11.9874
88 11.9874
89 11.9874
90 11.9874
91 11.9874
92 11.9874
93 11.9874
94 11.9874
95 11.9874
96 11.9874
97 11.9874
98 11.9874
99 11.9874
100 11.9874
101 11.9874
102 11.9874
103 11.9874
104 11.9874
105 11.9874
106 11.9874
107 11.9874
108 11.9874
109 11.9874
110 11.9874
111 11.9874
112 11.9874
113 11.9874
114 11.9874
115 11.9874
116 11.9874
117 11.9874
118 11.9874
119 11.9874
120 11.9874
121 11.9874
122 11.9874
123 11.9874
124 11.9874
125 11.9874
126 11.9874
127 11.9874
128 11.9874
129 11.9874
130 11.9874
131 11.9874
132 11.9874
133 11.9874
134 11.9874
135 11.9874
136 11.9874
137 11.9874
138 11.9874
139 11.9874
140 11.9874
141 11.9874
142 11.9874
143 11.9874
144 11.9874
145 11.9874
146 11.9874
147 11.9874
148 11.9874
149 11.9874
150 11.9874
151 11.9874
152 11.9874
153 11.9874
154 11.9874
155 11.9874
156 11.9874
157 11.9874
158 11.9874
159 11.9874
160 11.9874
161 11.9874
162 11.9874
163 11.9874
164 11.9874
165 11.9874
166 11.9874
167 11.9874
168 11.9874
169 11.9874
170 11.9874
171 11.9874
172 11.9874
173 11.9874
174 11.9874
175 11.9874
176 11.9874
177 11.9874
178 11.9874
179 11.9874
180 11.9874
181 11.9874
182 11.9874
183 11.9874
184 11.9874
185 11.9874
186 11.9874
187 11.9874
188 11.9874
189 11.9874
190 11.9874
191 11.9874
192 11.9874
193 11.9874
194 11.9874
195 11.9874
196 11.9874
197 11.9874
198 11.9874
199 11.9874
200 11.9874
201 11.9874
202 11.9874
203 11.9874
204 11.9874
205 11.9874
206 11.9874
207 11.9874
208 11.9874
209 11.9874
210 11.9874
211 11.9874
212 11.9874
213 11.9874
214 11.9874
215 11.9874
216 11.9874
217 11.9874
218 11.9874
219 11.9874
220 11.9874
221 11.9874
222 11.9874
223 11.9874
224 11.9874
225 11.9874
226 11.9874
227 11.9874
228 11.9874
229 11.9874
230 11.9874
231 11.9874
232 11.9874
233 11.9874
234 11.9874
235 11.9874
236 11.9874
237 11.9429
238 11.5542
239 10.971
240 10.2872
241 9.56349
242 8.82635
243 8.08076
244 7.32501
245 6.55695
246 5.77792
247 4.99334
248 4.21134
249 3.44059
250 2.68849
251 1.96035
252 1.96391
253 2.01467
254 1.9288
255 1.95468
256 1.84801
257 1.86641
258 1.89884
259 1.90268
260 1.77618
261 1.40429
262 1.38009
263 1.39981
264 1.35537
265 1.36534
266 1.381
267 1.39256
268 1.39917
269 1.40168
270 1.4071
271 1.40835
272 1.40568
273 1.40552
274 1.40771
275 1.40623
276 1.40093
277 1.39055
278 1.37382
279 1.35451
280 1.36424
281 1.34087
282 1.35717
283 1.33248
284 1.36167
285 1.33557
286 1.30627
287 1.27389
288 1.27265
289 1.51003
290 1.5129
291 1.84286
292 1.84874
293 2.60112
294 3.37323
295 4.15802
296 4.94608
297 5.72703
298 6.49234
299 7.23826
300 7.96716
301 8.68598
302 9.40147
303 10.1136
304 10.8044
305 11.4067
306 11.8512
307 12
308 11.9874
309 11.9874
310 11.9874
311 11.9874
312 11.9874
313 11.9874
314 11.9874
315 11.9874
316 11.9874
317 11.9874
318 11.9874
319 11.9874
320 11.9874
321 11.9874
322 11.9874
323 11.9874
324 11.9874
325 11.9874
326 11.9874
327 11.9874
328 11.9874
329 11.9874
330 11.9874
331 11.9874
332 11.9874
333 11.9874
334 11.9874
335 11.9874
336 11.9874
337 11.9874
338 11.9874
339 11.9874
340 11.9874
341 11.9874
342 11.9874
343 11.9874
344 11.9874
345 11.9874
346 11.9874
347 11.9874
348 11.9874
349 11.9874
350 11.9874
351 11.9874
352 11.9874
353 11.9874
354 11.9874
355 11.9874
356 11.9874
357 11.9874
358 11.9874
359 11.9874
360 11.9874
361 11.9874
362 11.9874
363 11.9874
364 11.9874
365 11.9874
366 11.9874
367 11.9874
368 11.9874
369 11.9874
370 11.9874
371 11.9874
372 11.9874
373 11.9874
374 11.9874
375 11.9874
376 11.9874
377 11.9874
378 11.9874
379 11.9874
380 11.9874
381 11.9874
382 11.9874
383 11.9874
384 11.9874
385 11.9874
386 11.9874
387 11.9874
388 11.9874
389 11.9874
390 11.9874
391 11.9874
392 11.9874
393 11.9874
394 11.9874
395 11.9874
396 11.9874
397 11.9874
398 11.9874
399 11.9874
400 11.9874
401 11.9874
402 11.9874
403 11.9874
404 11.9874
405 11.9874
406 11.9874
407 11.9874
408 11.9874
409 11.9874
410 11.9874
411 11.9874
412 11.9874
413 11.9874
414 11.9874
415 11.9874
416 11.9874
417 11.9874
418 11.9874
419 11.9874
420 11.9874
421 11.9874
422 11.9874
423 11.9874
424 11.9874
425 11.9874
426 11.9874
427 11.9874
428 11.9874
429 11.9874
430 11.9874
431 11.9874
432 11.9874
433 11.9874
434 11.9874
435 11.9874
436 11.9874
437 11.9874
438 11.9874
439 11.9874
440 11.9874
441 11.9874
442 11.9874
443 11.9874
444 11.9874
445 11.9874
446 11.9874
447 11.9874
448 11.9874
449 11.9874
450 11.9874
451 11.9874
452 11.9874
453 11.9874
454 11.9874
455 11.9874
456 11.9874
457 11.9874
458 11.9874
459 11.9874
460 11.9874
461 11.9874
462 11.9874
463 11.9874
464 11.9874
465 11.9874
466 11.9874
467 11.9874
468 11.9874
469 11.9874
470 11.9874
471 11.9874
472 11.9874
473 11.9874
474 11.9874
475 11.9874
476 11.9874
477 11.9874
478 11.9874
479 11.9874
480 11.9874
481 11.9874
482 11.9874
483 11.9874
484 11.9874
485 11.9874
486 11.9874
487 11.9874
488 11.9874
489 11.9874
490 11.9874
491 11.9874
492 11.9874
493 11.9874
494 11.9874
495 11.9874
496 11.9874
497 11.9874
498 11.9874
499 11.9874
500 11.9874
501 11.9874
502 11.9874
503 11.9874
504 11.9874
505 11.9874
506 11.9874
507 11.9874
508 11.9874
509 11.9874
510 11.9874
511 11.9874
512 11.9874
513 11.9874
514 11.9874
515 11.9874
516 11.9874
517 11.9874
518 11.9874
519 11.9874
520 11.9874
521 11.9874
522 11.9874
523 11.9874
524 11.9874
525 11.9874
526 11.9874
527 11.9874
528 11.9874
529 11.9874
530 11.9874
531 11.9874
532 11.9874
533 11.9874
534 11.9874
535 11.9874
536 11.9874
537 11.9874
538 11.9874
539 11.9874
540 11.9874
541 11.9874
542 11.9874
