1 11.8731
2 11.8731
3 11.8731
4 11.8731
5 11.8731
6 11.8731
7 11.8731
8 11.8731
9 11.8731
10 11.8731
11 11.8731
12 11.8731
13 11.8731
14 11.8731
15 11.8731
16 11.8731
17 11.8731
18 11.8731
19 11.8731
20 11.8731
21 11.8731
22 11.8731
23 11.8731
24 11.8731
25 11.8731
26 11.8731
27 11.8731
28 11.8731
29 11.8731
30 11.8731
31 11.8731
32 11.8731
33 11.8731
34 11.8731
35 11.8731
36 11.8731
37 11.8731
38 11.8731
39 11.8731
40 11.8731
41 11.8731
42 11.8731
43 11.8731
44 11.8731
45 11.8731
46 11.8731
47 11.8731
48 11.8731
49 11.8731
50 11.8731
51 11.8731
52 11.8731
53 11.8731
54 11.8731
55 11.8731
56 11.8731
57 11.8731
58 11.8731
59 11.8731
60 11.8731
61 11.8731
62 11.8731
63 11.8731
64 11.8731
65 11.8731
66 11.8731
67 11.8731
68 11.8731
69 11.8731
70 11.8731
71 11.8731
72 11.8731
73 11.8731
74 11.8731
75 11.8731
76 11.8731
77 11.8731
78 11.8731
79 11.8731
80 11.8731
81 11.8731
82 11.8731
83 11.8731
84 11.8731
85 11.8731
86 11.8731
87 11.8731
88 11.8731
89 11.8731
90 11.8731
91 11.8731
92 11.8731
93 11.8731
94 11.8731
95 11.8731
96 11.8731
97 11.8731
98 11.8731
99 11.8731
100 11.8731
101 11.8731
102 11.8731
103 11.8731
104 11.8731
105 11.8731
106 11.8731
107 11.8731
108 11.8731
109 11.8731
110 11.8731
111 11.8731
112 11.8731
113 11.8731
114 11.8731
115 11.8731
116 11.8731
117 11.8731
118 11.8731
119 11.8731
120 11.8731
121 11.8731
122 11.8731
123 11.8731
124 11.8731
125 11.8731
126 11.8731
127 11.8731
128 11.8731
129 11.8731
130 11.8731
131 11.8731
132 11.8731
133 11.8731
134 11.8731
135 11.8731
136 11.8731
137 11.8731
138 11.8731
139 11.8731
140 11.8731
141 11.8731
142 11.8731
143 11.8731
144 11.8731
145 11.8731
146 11.8731
147 11.8731
148 11.8731
149 11.8731
150 11.8731
151 11.8731
152 11.8731
153 11.8731
154 11.8731
155 11.8731
156 11.8731
157 11.8731
158 11.8731
159 11.8731
160 11.8731
161 11.8731
162 11.8731
163 11.8731
164 11.8731
165 11.8731
166 11.8731
167 11.8731
168 11.8731
169 11.8731
170 11.8731
171 11.8731
172 11.8731
173 11.8731
174 11.8731
175 11.8731
176 11.8731
177 11.8731
178 11.8731
179 11.8731
180 11.8731
181 11.8731
182 11.8731
183 11.8731
184 11.8731
185 11.8731
186 11.8731
187 11.8731
188 11.8731
189 11.8731
190 11.8731
191 11.8731
192 11.8731
193 11.8731
194 11.8731
195 11.8731
196 11.8731
197 11.8731
198 11.8731
199 11.8731
200 11.8731
201 11.8731
202 11.8731
203 11.8731
204 11.8731
205 11.8731
206 11.8731
207 11.8731
208 11.8731
209 11.8731
210 11.8731
211 11.8731
212 11.8731
213 11.8731
214 11.8731
215 11.8731
216 11.8731
217 11.8731
218 11.8731
219 11.8731
220 11.8731
221 11.8731
222 11.8731
223 11.8731
224 11.8731
225 11.8731
226 11.8731
227 11.8731
228 11.8731
229 11.8731
230 11.8731
231 11.8731
232 11.8731
233 11.8731
234 11.8731
235 11.8731
236 11.8731
237 11.8731
238 11.8731
239 11.8731
240 11.8731
241 11.8731
242 11.8731
243 11.8731
244 11.8731
245 11.8731
246 11.8731
247 12
248 11.8596
249 11.4186
250 10.9151
251 10.4067
252 10.4399
253 10.5296
254 10.5284
255 10.6211
256 10.5379
257 10.5757
258 10.8225
259 10.6351
260 9.96706
261 9.13307
262 9.08799
263 9.10724
264 8.93678
265 8.9208
266 8.92831
267 8.93693
268 8.95544
269 9.03867
270 9.03104
271 9.06618
272 9.21514
273 9.19087
274 8.98425
275 8.94778
276 8.94186
277 8.93582
278 8.93068
279 8.96511
280 9.2829
281 9.32883
282 9.71917
283 9.80709
284 10.3269
285 10.4166
286 10.218
287 10.1812
288 10.1899
289 10.3722
290 10.3515
291 10.5512
292 10.5237
293 11.0712
294 11.5786
295 11.9477
296 11.9418
297 11.8731
298 11.8731
299 11.8731
300 11.8731
301 11.8731
302 11.8731
303 11.8731
304 11.8731
305 11.8731
306 11.8731
307 11.8731
308 11.8731
309 11.8731
310 11.8731
311 11.8731
312 11.8731
313 11.8731
314 11.8731
315 11.8731
316 11.8731
317 11.8731
318 11.8731
319 11.8731
320 11.8731
321 11.8731
322 11.8731
323 11.8731
324 11.8731
325 11.8731
326 11.8731
327 11.8731
328 11.8731
329 11.8731
330 11.8731
331 11.8731
332 11.8731
333 11.8731
334 11.8731
335 11.8731
336 11.8731
337 11.8731
338 11.8731
339 11.8731
340 11.8731
341 11.8731
342 11.8731
343 11.8731
344 11.8731
345 11.8731
346 11.8731
347 11.8731
348 11.8731
349 11.8731
350 11.8731
351 11.8731
352 11.8731
353 11.8731
354 11.8731
355 11.8731
356 11.8731
357 11.8731
358 11.8731
359 11.8731
360 11.8731
361 11.8731
362 11.8731
363 11.8731
364 11.8731
365 11.8731
366 11.8731
367 11.8731
368 11.8731
369 11.8731
370 11.8731
371 11.8731
372 11.8731
373 11.8731
374 11.8731
375 11.8731
376 11.8731
377 11.8731
378 11.8731
379 11.8731
380 11.8731
381 11.8731
382 11.8731
383 11.8731
384 11.8731
385 11.8731
386 11.8731
387 11.8731
388 11.8731
389 11.8731
390 11.8731
391 11.8731
392 11.8731
393 11.8731
394 11.8731
395 11.8731
396 11.8731
397 11.8731
398 11.8731
399 11.8731
400 11.8731
401 11.8731
402 11.8731
403 11.8731
404 11.8731
405 11.8731
406 11.8731
407 11.8731
408 11.8731
409 11.8731
410 11.8731
411 11.8731
412 11.8731
413 11.8731
414 11.8731
415 11.8731
416 11.8731
417 11.8731
418 11.8731
419 11.8731
420 11.8731
421 11.8731
422 11.8731
423 11.8731
424 11.8731
425 11.8731
426 11.8731
427 11.8731
428 11.8731
429 11.8731
430 11.8731
431 11.8731
432 11.8731
433 11.8731
434 11.8731
435 11.8731
436 11.8731
437 11.8731
438 11.8731
439 11.8731
440 11.8731
441 11.8731
442 11.8731
443 11.8731
444 11.8731
445 11.8731
446 11.8731
447 11.8731
448 11.8731
449 11.8731
450 11.8731
451 11.8731
452 11.8731
453 11.8731
454 11.8731
455 11.8731
456 11.8731
457 11.8731
458 11.8731
459 11.8731
460 11.8731
461 11.8731
462 11.8731
463 11.8731
464 11.8731
465 11.8731
466 11.8731
467 11.8731
468 11.8731
469 11.8731
470 11.8731
471 11.8731
472 11.8731
473 11.8731
474 11.8731
475 11.8731
476 11.8731
477 11.8731
478 11.8731
479 11.8731
480 11.8731
481 11.8731
482 11.8731
483 11.8731
484 11.8731
485 11.8731
486 11.8731
487 11.8731
488 11.8731
489 11.8731
490 11.8731
491 11.8731
492 11.8731
493 11.8731
494 11.8731
495 11.8731
496 11.8731
497 11.8731
498 11.8731
499 11.8731
500 11.8731
501 11.8731
502 11.8731
503 11.8731
504 11.8731
505 11.8731
506 11.8731
507 11.8731
508 11.8731
509 11.8731
510 11.8731
511 11.8731
512 11.8731
513 11.8731
514 11.8731
515 11.8731
516 11.8731
517 11.8731
518 11.8731
519 11.8731
520 11.8731
521 11.8731
522 11.8731
523 11.8731
524 11.8731
525 11.8731
526 11.8731
527 11.8731
528 11.8731
529 11.8731
530 11.8731
531 11.8731
532 11.8731
533 11.8731
534 11.8731
535 11.8731
536 11.8731
537 11.8731
538 11.8731
539 11.8731
540 11.8731
541 11.8731
542 11.8731
