1 11.8894
2 11.8894
3 11.8894
4 11.8894
5 11.8894
6 11.8894
7 11.8894
8 11.8894
9 11.8894
10 11.8894
11 11.8894
12 11.8894
13 11.8894
14 11.8894
15 11.8894
16 11.8894
17 11.8894
18 11.8894
19 11.8894
20 11.8894
21 11.8894
22 11.8894
23 11.8894
24 11.8894
25 11.8894
26 11.8894
27 11.8894
28 11.8894
29 11.8894
30 11.8894
31 11.8894
32 11.8894
33 11.8894
34 11.8894
35 11.8894
36 11.8894
37 11.8894
38 11.8894
39 11.8894
40 11.8894
41 11.8894
42 11.8894
43 11.8894
44 11.8894
45 11.8894
46 11.8894
47 11.8894
48 11.8894
49 11.8894
50 11.8894
51 11.8894
52 11.8894
53 11.8894
54 11.8894
55 11.8894
56 11.8894
57 11.8894
58 11.8894
59 11.8894
60 11.8894
61 11.8894
62 11.8894
63 11.8894
64 11.8894
65 11.8894
66 11.8894
67 11.8894
68 11.8894
69 11.8894
70 11.8894
71 11.8894
72 11.8894
73 11.8894
74 11.8894
75 11.8894
76 11.8894
77 11.8894
78 11.8894
79 11.8894
80 11.8894
81 11.8894
82 11.8894
83 11.8894
84 11.8894
85 11.8894
86 11.8894
87 11.8894
88 11.8894
89 11.8894
90 11.8894
91 11.8894
92 11.8894
93 11.8894
94 11.8894
95 11.8894
96 11.8894
97 11.8894
98 11.8894
99 11.8894
100 11.8894
101 11.8894
102 11.8894
103 11.8894
104 11.8894
105 11.8894
106 11.8894
107 11.8894
108 11.8894
109 11.8894
110 11.8894
111 11.8894
112 11.8894
113 11.8894
114 11.8894
115 11.8894
116 11.8894
117 11.8894
118 11.8894
119 11.8894
120 11.8894
121 11.8894
122 11.8894
123 11.8894
124 11.8894
125 11.8894
126 11.8894
127 11.8894
128 11.8894
129 11.8894
130 11.8894
131 11.8894
132 11.8894
133 11.8894
134 11.8894
135 11.8894
136 11.8894
137 11.8894
138 11.8894
139 11.8894
140 11.8894
141 11.8894
142 11.8894
143 11.8894
144 11.8894
145 11.8894
146 11.8894
147 11.8894
148 11.8894
149 11.8894
150 11.8894
151 11.8894
152 11.8894
153 11.8894
154 11.8894
155 11.8894
156 11.8894
157 11.8894
158 11.8894
159 11.8894
160 11.8894
161 11.8894
162 11.8894
163 11.8894
164 11.8894
165 11.8894
166 11.8894
167 11.8894
168 11.8894
169 11.8894
170 11.8894
171 11.8894
172 11.8894
173 11.8894
174 11.8894
175 11.8894
176 11.8894
177 11.8894
178 11.8894
179 11.8894
180 11.8894
181 11.8894
182 11.8894
183 11.8894
184 11.8894
185 11.8894
186 11.8894
187 11.8894
188 11.8894
189 11.8894
190 11.8894
191 11.8894
192 11.8894
193 11.8894
194 11.8894
195 11.8894
196 11.8894
197 11.8894
198 11.8894
199 11.8894
200 11.8894
201 11.8894
202 11.8894
203 11.8894
204 11.8894
205 11.8894
206 11.8894
207 11.8894
208 11.8894
209 11.8894
210 11.8894
211 11.8894
212 11.8894
213 11.8894
214 11.8894
215 11.8894
216 11.8894
217 11.8894
218 11.8894
219 11.8894
220 11.8894
221 11.8894
222 11.8894
223 11.8894
224 11.8894
225 11.8894
226 11.8894
227 11.8894
228 11.8894
229 11.8894
230 11.8894
231 11.8894
232 11.8894
233 11.8894
234 11.8894
235 11.8894
236 11.8894
237 11.8894
238 11.8894
239 11.8894
240 11.8894
241 11.8894
242 11.8894
243 11.8894
244 11.8894
245 11.8894
246 11.8894
247 11.8894
248 11.8894
249 11.8894
250 11.6605
251 11.0394
252 11.0776
253 11.608
254 11.3161
255 11.608
256 11.0776
257 11.0394
258 11.6605
259 11.8894
260 11.8217
261 11.1693
262 11.2348
263 11.436
264 10.9313
265 10.8305
266 10.8114
267 10.8305
268 10.9313
269 11.436
270 11.2785
271 11.278
272 12
273 11.6085
274 10.7119
275 10.6343
276 10.6248
277 10.6348
278 10.6676
279 10.7725
280 11.4413
281 11.38
282 11.8955
283 11.3912
284 11.7708
285 11.5622
286 10.8884
287 10.8719
288 10.9478
289 11.5154
290 11.3015
291 11.7185
292 11.2542
293 11.7708
294 11.8894
295 11.8894
296 11.8894
297 11.8894
298 11.8894
299 11.8894
300 11.8894
301 11.8894
302 11.8894
303 11.8894
304 11.8894
305 11.8894
306 11.8894
307 11.8894
308 11.8894
309 11.8894
310 11.8894
311 11.8894
312 11.8894
313 11.8894
314 11.8894
315 11.8894
316 11.8894
317 11.8894
318 11.8894
319 11.8894
320 11.8894
321 11.8894
322 11.8894
323 11.8894
324 11.8894
325 11.8894
326 11.8894
327 11.8894
328 11.8894
329 11.8894
330 11.8894
331 11.8894
332 11.8894
333 11.8894
334 11.8894
335 11.8894
336 11.8894
337 11.8894
338 11.8894
339 11.8894
340 11.8894
341 11.8894
342 11.8894
343 11.8894
344 11.8894
345 11.8894
346 11.8894
347 11.8894
348 11.8894
349 11.8894
350 11.8894
351 11.8894
352 11.8894
353 11.8894
354 11.8894
355 11.8894
356 11.8894
357 11.8894
358 11.8894
359 11.8894
360 11.8894
361 11.8894
362 11.8894
363 11.8894
364 11.8894
365 11.8894
366 11.8894
367 11.8894
368 11.8894
369 11.8894
370 11.8894
371 11.8894
372 11.8894
373 11.8894
374 11.8894
375 11.8894
376 11.8894
377 11.8894
378 11.8894
379 11.8894
380 11.8894
381 11.8894
382 11.8894
383 11.8894
384 11.8894
385 11.8894
386 11.8894
387 11.8894
388 11.8894
389 11.8894
390 11.8894
391 11.8894
392 11.8894
393 11.8894
394 11.8894
395 11.8894
396 11.8894
397 11.8894
398 11.8894
399 11.8894
400 11.8894
401 11.8894
402 11.8894
403 11.8894
404 11.8894
405 11.8894
406 11.8894
407 11.8894
408 11.8894
409 11.8894
410 11.8894
411 11.8894
412 11.8894
413 11.8894
414 11.8894
415 11.8894
416 11.8894
417 11.8894
418 11.8894
419 11.8894
420 11.8894
421 11.8894
422 11.8894
423 11.8894
424 11.8894
425 11.8894
426 11.8894
427 11.8894
428 11.8894
429 11.8894
430 11.8894
431 11.8894
432 11.8894
433 11.8894
434 11.8894
435 11.8894
436 11.8894
437 11.8894
438 11.8894
439 11.8894
440 11.8894
441 11.8894
442 11.8894
443 11.8894
444 11.8894
445 11.8894
446 11.8894
447 11.8894
448 11.8894
449 11.8894
450 11.8894
451 11.8894
452 11.8894
453 11.8894
454 11.8894
455 11.8894
456 11.8894
457 11.8894
458 11.8894
459 11.8894
460 11.8894
461 11.8894
462 11.8894
463 11.8894
464 11.8894
465 11.8894
466 11.8894
467 11.8894
468 11.8894
469 11.8894
470 11.8894
471 11.8894
472 11.8894
473 11.8894
474 11.8894
475 11.8894
476 11.8894
477 11.8894
478 11.8894
479 11.8894
480 11.8894
481 11.8894
482 11.8894
483 11.8894
484 11.8894
485 11.8894
486 11.8894
487 11.8894
488 11.8894
489 11.8894
490 11.8894
491 11.8894
492 11.8894
493 11.8894
494 11.8894
495 11.8894
496 11.8894
497 11.8894
498 11.8894
499 11.8894
500 11.8894
501 11.8894
502 11.8894
503 11.8894
504 11.8894
505 11.8894
506 11.8894
507 11.8894
508 11.8894
509 11.8894
510 11.8894
511 11.8894
512 11.8894
513 11.8894
514 11.8894
515 11.8894
516 11.8894
517 11.8894
518 11.8894
519 11.8894
520 11.8894
521 11.8894
522 11.8894
523 11.8894
524 11.8894
525 11.8894
526 11.8894
527 11.8894
528 11.8894
529 11.8894
530 11.8894
531 11.8894
532 11.8894
533 11.8894
534 11.8894
535 11.8894
536 11.8894
537 11.8894
538 11.8894
539 11.8894
540 11.8894
541 11.8894
542 11.8894
