1 11.9235
2 11.9235
3 11.9235
4 11.9235
5 11.9235
6 11.9235
7 11.9235
8 11.9235
9 11.9235
10 11.9235
11 11.9235
12 11.9235
13 11.9235
14 11.9235
15 11.9235
16 11.9235
17 11.9235
18 11.9235
19 11.9235
20 11.9235
21 11.9235
22 11.9235
23 11.9235
24 11.9235
25 11.9235
26 11.9235
27 11.9235
28 11.9235
29 11.9235
30 11.9235
31 11.9235
32 11.9235
33 11.9235
34 11.9235
35 11.9235
36 11.9235
37 11.9235
38 11.9235
39 11.9235
40 11.9235
41 11.9235
42 11.9235
43 11.9235
44 11.9235
45 11.9235
46 11.9235
47 11.9235
48 11.9235
49 11.9235
50 11.9235
51 11.9235
52 11.9235
53 11.9235
54 11.9235
55 11.9235
56 11.9235
57 11.9235
58 11.9235
59 11.9235
60 11.9235
61 11.9235
62 11.9235
63 11.9235
64 11.9235
65 11.9235
66 11.9235
67 11.9235
68 11.9235
69 11.9235
70 11.9235
71 11.9235
72 11.9235
73 11.9235
74 11.9235
75 11.9235
76 11.9235
77 11.9235
78 11.9235
79 11.9235
80 11.9235
81 11.9235
82 11.9235
83 11.9235
84 11.9235
85 11.9235
86 11.9235
87 11.9235
88 11.9235
89 11.9235
90 11.9235
91 11.9235
92 11.9235
93 11.9235
94 11.9235
95 11.9235
96 11.9235
97 11.9235
98 11.9235
99 11.9235
100 11.9235
101 11.9235
102 11.9235
103 11.9235
104 11.9235
105 11.9235
106 11.9235
107 11.9235
108 11.9235
109 11.9235
110 11.9235
111 11.9235
112 11.9235
113 11.9235
114 11.9235
115 11.9235
116 11.9235
117 11.9235
118 11.9235
119 11.9235
120 11.9235
121 11.9235
122 11.9235
123 11.9235
124 11.9235
125 11.9235
126 11.9235
127 11.9235
128 11.9235
129 11.9235
130 11.9235
131 11.9235
132 11.9235
133 11.9235
134 11.9235
135 11.9235
136 11.9235
137 11.9235
138 11.9235
139 11.9235
140 11.9235
141 11.9235
142 11.9235
143 11.9235
144 11.9235
145 11.9235
146 11.9235
147 11.9235
148 11.9235
149 11.9235
150 11.9235
151 11.9235
152 11.9235
153 11.9235
154 11.9235
155 11.9235
156 11.9235
157 11.9235
158 11.9235
159 11.9235
160 11.9235
161 11.9235
162 11.9235
163 11.9235
164 11.9235
165 11.9235
166 11.9235
167 11.9235
168 11.9235
169 11.9235
170 11.9235
171 11.9235
172 11.9235
173 11.9235
174 11.9235
175 11.9235
176 11.9235
177 11.9235
178 11.9235
179 11.9235
180 11.9235
181 11.9235
182 11.9235
183 11.9235
184 11.9235
185 11.9235
186 11.9235
187 11.9235
188 11.9235
189 11.9235
190 11.9235
191 11.9235
192 11.9235
193 11.9235
194 11.9235
195 11.9235
196 11.9235
197 11.9235
198 11.9235
199 11.9235
200 11.9235
201 11.9235
202 11.9235
203 11.9235
204 11.9235
205 11.9235
206 11.9235
207 11.9235
208 11.9235
209 11.9235
210 11.9235
211 11.9235
212 11.9235
213 11.9235
214 11.9235
215 11.9235
216 11.9235
217 11.9235
218 11.9235
219 11.9235
220 11.9235
221 11.9235
222 11.9235
223 11.9235
224 11.9235
225 11.9235
226 11.9235
227 11.9235
228 11.9235
229 11.9235
230 11.9235
231 11.9235
232 11.9235
233 11.9235
234 11.9235
235 11.9235
236 11.9235
237 11.9235
238 11.9235
239 11.9235
240 11.9235
241 11.9235
242 11.9235
243 11.9235
244 11.9475
245 12
246 11.8
247 11.4133
248 10.9445
249 10.4329
250 9.89748
251 9.30867
252 9.30891
253 9.33644
254 9.18128
255 9.15955
256 8.87052
257 8.82141
258 8.8351
259 8.6716
260 8.12195
261 7.28483
262 7.20945
263 7.21132
264 6.9607
265 6.91557
266 6.91521
267 6.92184
268 6.92241
269 6.9173
270 6.92053
271 6.92173
272 6.93468
273 6.94112
274 6.94813
275 6.95866
276 6.96091
277 6.95993
278 6.97374
279 7.05547
280 7.47824
281 7.54687
282 7.91227
283 7.9638
284 8.29472
285 8.34644
286 8.33128
287 8.32846
288 8.38105
289 8.76775
290 8.81136
291 9.18376
292 9.19611
293 9.84639
294 10.4448
295 11.0113
296 11.5226
297 11.8741
298 11.9809
299 11.9235
300 11.9235
301 11.9235
302 11.9235
303 11.9235
304 11.9235
305 11.9235
306 11.9235
307 11.9235
308 11.9235
309 11.9235
310 11.9235
311 11.9235
312 11.9235
313 11.9235
314 11.9235
315 11.9235
316 11.9235
317 11.9235
318 11.9235
319 11.9235
320 11.9235
321 11.9235
322 11.9235
323 11.9235
324 11.9235
325 11.9235
326 11.9235
327 11.9235
328 11.9235
329 11.9235
330 11.9235
331 11.9235
332 11.9235
333 11.9235
334 11.9235
335 11.9235
336 11.9235
337 11.9235
338 11.9235
339 11.9235
340 11.9235
341 11.9235
342 11.9235
343 11.9235
344 11.9235
345 11.9235
346 11.9235
347 11.9235
348 11.9235
349 11.9235
350 11.9235
351 11.9235
352 11.9235
353 11.9235
354 11.9235
355 11.9235
356 11.9235
357 11.9235
358 11.9235
359 11.9235
360 11.9235
361 11.9235
362 11.9235
363 11.9235
364 11.9235
365 11.9235
366 11.9235
367 11.9235
368 11.9235
369 11.9235
370 11.9235
371 11.9235
372 11.9235
373 11.9235
374 11.9235
375 11.9235
376 11.9235
377 11.9235
378 11.9235
379 11.9235
380 11.9235
381 11.9235
382 11.9235
383 11.9235
384 11.9235
385 11.9235
386 11.9235
387 11.9235
388 11.9235
389 11.9235
390 11.9235
391 11.9235
392 11.9235
393 11.9235
394 11.9235
395 11.9235
396 11.9235
397 11.9235
398 11.9235
399 11.9235
400 11.9235
401 11.9235
402 11.9235
403 11.9235
404 11.9235
405 11.9235
406 11.9235
407 11.9235
408 11.9235
409 11.9235
410 11.9235
411 11.9235
412 11.9235
413 11.9235
414 11.9235
415 11.9235
416 11.9235
417 11.9235
418 11.9235
419 11.9235
420 11.9235
421 11.9235
422 11.9235
423 11.9235
424 11.9235
425 11.9235
426 11.9235
427 11.9235
428 11.9235
429 11.9235
430 11.9235
431 11.9235
432 11.9235
433 11.9235
434 11.9235
435 11.9235
436 11.9235
437 11.9235
438 11.9235
439 11.9235
440 11.9235
441 11.9235
442 11.9235
443 11.9235
444 11.9235
445 11.9235
446 11.9235
447 11.9235
448 11.9235
449 11.9235
450 11.9235
451 11.9235
452 11.9235
453 11.9235
454 11.9235
455 11.9235
456 11.9235
457 11.9235
458 11.9235
459 11.9235
460 11.9235
461 11.9235
462 11.9235
463 11.9235
464 11.9235
465 11.9235
466 11.9235
467 11.9235
468 11.9235
469 11.9235
470 11.9235
471 11.9235
472 11.9235
473 11.9235
474 11.9235
475 11.9235
476 11.9235
477 11.9235
478 11.9235
479 11.9235
480 11.9235
481 11.9235
482 11.9235
483 11.9235
484 11.9235
485 11.9235
486 11.9235
487 11.9235
488 11.9235
489 11.9235
490 11.9235
491 11.9235
492 11.9235
493 11.9235
494 11.9235
495 11.9235
496 11.9235
497 11.9235
498 11.9235
499 11.9235
500 11.9235
501 11.9235
502 11.9235
503 11.9235
504 11.9235
505 11.9235
506 11.9235
507 11.9235
508 11.9235
509 11.9235
510 11.9235
511 11.9235
512 11.9235
513 11.9235
514 11.9235
515 11.9235
516 11.9235
517 11.9235
518 11.9235
519 11.9235
520 11.9235
521 11.9235
522 11.9235
523 11.9235
524 11.9235
525 11.9235
526 11.9235
527 11.9235
528 11.9235
529 11.9235
530 11.9235
531 11.9235
532 11.9235
533 11.9235
534 11.9235
535 11.9235
536 11.9235
537 11.9235
538 11.9235
539 11.9235
540 11.9235
541 11.9235
542 11.9235
