1 11.9617
2 11.9617
3 11.9617
4 11.9617
5 11.9617
6 11.9617
7 11.9617
8 11.9617
9 11.9617
10 11.9617
11 11.9617
12 11.9617
13 11.9617
14 11.9617
15 11.9617
16 11.9617
17 11.9617
18 11.9617
19 11.9617
20 11.9617
21 11.9617
22 11.9617
23 11.9617
24 11.9617
25 11.9617
26 11.9617
27 11.9617
28 11.9617
29 11.9617
30 11.9617
31 11.9617
32 11.9617
33 11.9617
34 11.9617
35 11.9617
36 11.9617
37 11.9617
38 11.9617
39 11.9617
40 11.9617
41 11.9617
42 11.9617
43 11.9617
44 11.9617
45 11.9617
46 11.9617
47 11.9617
48 11.9617
49 11.9617
50 11.9617
51 11.9617
52 11.9617
53 11.9617
54 11.9617
55 11.9617
56 11.9617
57 11.9617
58 11.9617
59 11.9617
60 11.9617
61 11.9617
62 11.9617
63 11.9617
64 11.9617
65 11.9617
66 11.9617
67 11.9617
68 11.9617
69 11.9617
70 11.9617
71 11.9617
72 11.9617
73 11.9617
74 11.9617
75 11.9617
76 11.9617
77 11.9617
78 11.9617
79 11.9617
80 11.9617
81 11.9617
82 11.9617
83 11.9617
84 11.9617
85 11.9617
86 11.9617
87 11.9617
88 11.9617
89 11.9617
90 11.9617
91 11.9617
92 11.9617
93 11.9617
94 11.9617
95 11.9617
96 11.9617
97 11.9617
98 11.9617
99 11.9617
100 11.9617
101 11.9617
102 11.9617
103 11.9617
104 11.9617
105 11.9617
106 11.9617
107 11.9617
108 11.9617
109 11.9617
110 11.9617
111 11.9617
112 11.9617
113 11.9617
114 11.9617
115 11.9617
116 11.9617
117 11.9617
118 11.9617
119 11.9617
120 11.9617
121 11.9617
122 11.9617
123 11.9617
124 11.9617
125 11.9617
126 11.9617
127 11.9617
128 11.9617
129 11.9617
130 11.9617
131 11.9617
132 11.9617
133 11.9617
134 11.9617
135 11.9617
136 11.9617
137 11.9617
138 11.9617
139 11.9617
140 11.9617
141 11.9617
142 11.9617
143 11.9617
144 11.9617
145 11.9617
146 11.9617
147 11.9617
148 11.9617
149 11.9617
150 11.9617
151 11.9617
152 11.9617
153 11.9617
154 11.9617
155 11.9617
156 11.9617
157 11.9617
158 11.9617
159 11.9617
160 11.9617
161 11.9617
162 11.9617
163 11.9617
164 11.9617
165 11.9617
166 11.9617
167 11.9617
168 11.9617
169 11.9617
170 11.9617
171 11.9617
172 11.9617
173 11.9617
174 11.9617
175 11.9617
176 11.9617
177 11.9617
178 11.9617
179 11.9617
180 11.9617
181 11.9617
182 11.9617
183 11.9617
184 11.9617
185 11.9617
186 11.9617
187 11.9617
188 11.9617
189 11.9617
190 11.9617
191 11.9617
192 11.9617
193 11.9617
194 11.9617
195 11.9617
196 11.9617
197 11.9617
198 11.9617
199 11.9617
200 11.9617
201 11.9617
202 11.9617
203 11.9617
204 11.9617
205 11.9617
206 11.9617
207 11.9617
208 11.9617
209 11.9617
210 11.9617
211 11.9617
212 11.9617
213 11.9617
214 11.9617
215 11.9617
216 11.9617
217 11.9617
218 11.9617
219 11.9617
220 11.9617
221 11.9617
222 11.9617
223 11.9617
224 11.9617
225 11.9617
226 11.9617
227 11.9617
228 11.9617
229 11.9617
230 11.9617
231 11.9617
232 11.9617
233 11.9617
234 11.9617
235 11.9617
236 11.9617
237 11.9617
238 11.9617
239 11.9617
240 11.9617
241 11.9897
242 12
243 11.871
244 11.5208
245 11.0009
246 10.4181
247 9.78545
248 9.09358
249 8.34627
250 7.56762
251 6.7857
252 6.77005
253 6.8098
254 6.63772
255 6.63124
256 6.34846
257 6.30632
258 6.3079
259 6.11891
260 5.50222
261 4.60122
262 4.52249
263 4.53422
264 4.35821
265 4.35051
266 4.37298
267 4.39415
268 4.40453
269 4.40066
270 4.41475
271 4.41395
272 4.39917
273 4.40154
274 4.4206
275 4.4254
276 4.41761
277 4.4028
278 4.39683
279 4.45228
280 4.83701
281 4.91315
282 5.34374
283 5.42667
284 5.83879
285 5.90415
286 5.87926
287 5.85553
288 5.87391
289 6.18845
290 6.19624
291 6.56648
292 6.57712
293 7.3569
294 8.14623
295 8.92193
296 9.66194
297 10.3574
298 11.007
299 11.5722
300 11.9195
301 11.9969
302 11.9758
303 11.9617
304 11.9617
305 11.9617
306 11.9617
307 11.9617
308 11.9617
309 11.9617
310 11.9617
311 11.9617
312 11.9617
313 11.9617
314 11.9617
315 11.9617
316 11.9617
317 11.9617
318 11.9617
319 11.9617
320 11.9617
321 11.9617
322 11.9617
323 11.9617
324 11.9617
325 11.9617
326 11.9617
327 11.9617
328 11.9617
329 11.9617
330 11.9617
331 11.9617
332 11.9617
333 11.9617
334 11.9617
335 11.9617
336 11.9617
337 11.9617
338 11.9617
339 11.9617
340 11.9617
341 11.9617
342 11.9617
343 11.9617
344 11.9617
345 11.9617
346 11.9617
347 11.9617
348 11.9617
349 11.9617
350 11.9617
351 11.9617
352 11.9617
353 11.9617
354 11.9617
355 11.9617
356 11.9617
357 11.9617
358 11.9617
359 11.9617
360 11.9617
361 11.9617
362 11.9617
363 11.9617
364 11.9617
365 11.9617
366 11.9617
367 11.9617
368 11.9617
369 11.9617
370 11.9617
371 11.9617
372 11.9617
373 11.9617
374 11.9617
375 11.9617
376 11.9617
377 11.9617
378 11.9617
379 11.9617
380 11.9617
381 11.9617
382 11.9617
383 11.9617
384 11.9617
385 11.9617
386 11.9617
387 11.9617
388 11.9617
389 11.9617
390 11.9617
391 11.9617
392 11.9617
393 11.9617
394 11.9617
395 11.9617
396 11.9617
397 11.9617
398 11.9617
399 11.9617
400 11.9617
401 11.9617
402 11.9617
403 11.9617
404 11.9617
405 11.9617
406 11.9617
407 11.9617
408 11.9617
409 11.9617
410 11.9617
411 11.9617
412 11.9617
413 11.9617
414 11.9617
415 11.9617
416 11.9617
417 11.9617
418 11.9617
419 11.9617
420 11.9617
421 11.9617
422 11.9617
423 11.9617
424 11.9617
425 11.9617
426 11.9617
427 11.9617
428 11.9617
429 11.9617
430 11.9617
431 11.9617
432 11.9617
433 11.9617
434 11.9617
435 11.9617
436 11.9617
437 11.9617
438 11.9617
439 11.9617
440 11.9617
441 11.9617
442 11.9617
443 11.9617
444 11.9617
445 11.9617
446 11.9617
447 11.9617
448 11.9617
449 11.9617
450 11.9617
451 11.9617
452 11.9617
453 11.9617
454 11.9617
455 11.9617
456 11.9617
457 11.9617
458 11.9617
459 11.9617
460 11.9617
461 11.9617
462 11.9617
463 11.9617
464 11.9617
465 11.9617
466 11.9617
467 11.9617
468 11.9617
469 11.9617
470 11.9617
471 11.9617
472 11.9617
473 11.9617
474 11.9617
475 11.9617
476 11.9617
477 11.9617
478 11.9617
479 11.9617
480 11.9617
481 11.9617
482 11.9617
483 11.9617
484 11.9617
485 11.9617
486 11.9617
487 11.9617
488 11.9617
489 11.9617
490 11.9617
491 11.9617
492 11.9617
493 11.9617
494 11.9617
495 11.9617
496 11.9617
497 11.9617
498 11.9617
499 11.9617
500 11.9617
501 11.9617
502 11.9617
503 11.9617
504 11.9617
505 11.9617
506 11.9617
507 11.9617
508 11.9617
509 11.9617
510 11.9617
511 11.9617
512 11.9617
513 11.9617
514 11.9617
515 11.9617
516 11.9617
517 11.9617
518 11.9617
519 11.9617
520 11.9617
521 11.9617
522 11.9617
523 11.9617
524 11.9617
525 11.9617
526 11.9617
527 11.9617
528 11.9617
529 11.9617
530 11.9617
531 11.9617
532 11.9617
533 11.9617
534 11.9617
535 11.9617
536 11.9617
537 11.9617
538 11.9617
539 11.9617
540 11.9617
541 11.9617
542 11.9617
