1 11.9916
2 11.9916
3 11.9916
4 11.9916
5 11.9916
6 11.9916
7 11.9916
8 11.9916
9 11.9916
10 11.9916
11 11.9916
12 11.9916
13 11.9916
14 11.9916
15 11.9916
16 11.9916
17 11.9916
18 11.9916
19 11.9916
20 11.9916
21 11.9916
22 11.9916
23 11.9916
24 11.9916
25 11.9916
26 11.9916
27 11.9916
28 11.9916
29 11.9916
30 11.9916
31 11.9916
32 11.9916
33 11.9916
34 11.9916
35 11.9916
36 11.9916
37 11.9916
38 11.9916
39 11.9916
40 11.9916
41 11.9916
42 11.9916
43 11.9916
44 11.9916
45 11.9916
46 11.9916
47 11.9916
48 11.9916
49 11.9916
50 11.9916
51 11.9916
52 11.9916
53 11.9916
54 11.9916
55 11.9916
56 11.9916
57 11.9916
58 11.9916
59 11.9916
60 11.9916
61 11.9916
62 11.9916
63 11.9916
64 11.9916
65 11.9916
66 11.9916
67 11.9916
68 11.9916
69 11.9916
70 11.9916
71 11.9916
72 11.9916
73 11.9916
74 11.9916
75 11.9916
76 11.9916
77 11.9916
78 11.9916
79 11.9916
80 11.9916
81 11.9916
82 11.9916
83 11.9916
84 11.9916
85 11.9916
86 11.9916
87 11.9916
88 11.9916
89 11.9916
90 11.9916
91 11.9916
92 11.9916
93 11.9916
94 11.9916
95 11.9916
96 11.9916
97 11.9916
98 11.9916
99 11.9916
100 11.9916
101 11.9916
102 11.9916
103 11.9916
104 11.9916
105 11.9916
106 11.9916
107 11.9916
108 11.9916
109 11.9916
110 11.9916
111 11.9916
112 11.9916
113 11.9916
114 11.9916
115 11.9916
116 11.9916
117 11.9916
118 11.9916
119 11.9916
120 11.9916
121 11.9916
122 11.9916
123 11.9916
124 11.9916
125 11.9916
126 11.9916
127 11.9916
128 11.9916
129 11.9916
130 11.9916
131 11.9916
132 11.9916
133 11.9916
134 11.9916
135 11.9916
136 11.9916
137 11.9916
138 11.9916
139 11.9916
140 11.9916
141 11.9916
142 11.9916
143 11.9916
144 11.9916
145 11.9916
146 11.9916
147 11.9916
148 11.9916
149 11.9916
150 11.9916
151 11.9916
152 11.9916
153 11.9916
154 11.9916
155 11.9916
156 11.9916
157 11.9916
158 11.9916
159 11.9916
160 11.9916
161 11.9916
162 11.9916
163 11.9916
164 11.9916
165 11.9916
166 11.9916
167 11.9916
168 11.9916
169 11.9916
170 11.9916
171 11.9916
172 11.9916
173 11.9916
174 11.9916
175 11.9916
176 11.9916
177 11.9916
178 11.9916
179 11.9916
180 11.9916
181 11.9916
182 11.9916
183 11.9916
184 11.9916
185 11.9916
186 11.9916
187 11.9916
188 11.9916
189 11.9916
190 11.9916
191 11.9916
192 11.9916
193 11.9916
194 11.9916
195 11.9916
196 11.9916
197 11.9916
198 11.9916
199 11.9916
200 11.9916
201 11.9916
202 11.9916
203 11.9916
204 11.9916
205 11.9916
206 11.9916
207 11.9916
208 11.9916
209 11.9916
210 11.9916
211 11.9916
212 11.9916
213 11.9916
214 11.9916
215 11.9916
216 11.9916
217 11.9916
218 11.9916
219 11.9916
220 11.9916
221 11.9916
222 11.9916
223 11.9916
224 11.9916
225 11.9916
226 11.9916
227 11.9916
228 11.9916
229 11.9864
230 11.8343
231 11.4448
232 10.9291
233 10.376
234 9.81256
235 9.24499
236 8.67189
237 8.09346
238 7.51159
239 6.92971
240 6.35241
241 5.78452
242 5.23048
243 4.69391
244 4.17751
245 3.68315
246 3.21207
247 2.76508
248 2.34276
249 1.94557
250 1.57394
251 1.22828
252 1.26497
253 1.30012
254 1.33668
255 1.35697
256 1.38109
257 1.39107
258 1.39446
259 1.39856
260 1.40338
261 1.40887
262 1.41042
263 1.41081
264 1.41124
265 1.41134
266 1.41136
267 1.41136
268 1.41136
269 1.41136
270 1.41136
271 1.41136
272 1.41136
273 1.41136
274 1.41136
275 1.41136
276 1.41136
277 1.41136
278 1.41134
279 1.41124
280 1.41082
281 1.41043
282 1.40891
283 1.40755
284 1.40292
285 1.399
286 1.39581
287 1.38655
288 1.36471
289 1.33491
290 1.30078
291 1.31197
292 1.27712
293 1.64842
294 2.04967
295 2.47994
296 2.93773
297 3.42068
298 3.92537
299 4.44706
300 4.97979
301 5.5168
302 6.05156
303 6.57896
304 7.09654
305 7.60492
306 8.10753
307 8.60937
308 9.11588
309 9.63155
310 10.16
311 10.7
312 11.2323
313 11.7033
314 11.9606
315 12
316 11.9916
317 11.9916
318 11.9916
319 11.9916
320 11.9916
321 11.9916
322 11.9916
323 11.9916
324 11.9916
325 11.9916
326 11.9916
327 11.9916
328 11.9916
329 11.9916
330 11.9916
331 11.9916
332 11.9916
333 11.9916
334 11.9916
335 11.9916
336 11.9916
337 11.9916
338 11.9916
339 11.9916
340 11.9916
341 11.9916
342 11.9916
343 11.9916
344 11.9916
345 11.9916
346 11.9916
347 11.9916
348 11.9916
349 11.9916
350 11.9916
351 11.9916
352 11.9916
353 11.9916
354 11.9916
355 11.9916
356 11.9916
357 11.9916
358 11.9916
359 11.9916
360 11.9916
361 11.9916
362 11.9916
363 11.9916
364 11.9916
365 11.9916
366 11.9916
367 11.9916
368 11.9916
369 11.9916
370 11.9916
371 11.9916
372 11.9916
373 11.9916
374 11.9916
375 11.9916
376 11.9916
377 11.9916
378 11.9916
379 11.9916
380 11.9916
381 11.9916
382 11.9916
383 11.9916
384 11.9916
385 11.9916
386 11.9916
387 11.9916
388 11.9916
389 11.9916
390 11.9916
391 11.9916
392 11.9916
393 11.9916
394 11.9916
395 11.9916
396 11.9916
397 11.9916
398 11.9916
399 11.9916
400 11.9916
401 11.9916
402 11.9916
403 11.9916
404 11.9916
405 11.9916
406 11.9916
407 11.9916
408 11.9916
409 11.9916
410 11.9916
411 11.9916
412 11.9916
413 11.9916
414 11.9916
415 11.9916
416 11.9916
417 11.9916
418 11.9916
419 11.9916
420 11.9916
421 11.9916
422 11.9916
423 11.9916
424 11.9916
425 11.9916
426 11.9916
427 11.9916
428 11.9916
429 11.9916
430 11.9916
431 11.9916
432 11.9916
433 11.9916
434 11.9916
435 11.9916
436 11.9916
437 11.9916
438 11.9916
439 11.9916
440 11.9916
441 11.9916
442 11.9916
443 11.9916
444 11.9916
445 11.9916
446 11.9916
447 11.9916
448 11.9916
449 11.9916
450 11.9916
451 11.9916
452 11.9916
453 11.9916
454 11.9916
455 11.9916
456 11.9916
457 11.9916
458 11.9916
459 11.9916
460 11.9916
461 11.9916
462 11.9916
463 11.9916
464 11.9916
465 11.9916
466 11.9916
467 11.9916
468 11.9916
469 11.9916
470 11.9916
471 11.9916
472 11.9916
473 11.9916
474 11.9916
475 11.9916
476 11.9916
477 11.9916
478 11.9916
479 11.9916
480 11.9916
481 11.9916
482 11.9916
483 11.9916
484 11.9916
485 11.9916
486 11.9916
487 11.9916
488 11.9916
489 11.9916
490 11.9916
491 11.9916
492 11.9916
493 11.9916
494 11.9916
495 11.9916
496 11.9916
497 11.9916
498 11.9916
499 11.9916
500 11.9916
501 11.9916
502 11.9916
503 11.9916
504 11.9916
505 11.9916
506 11.9916
507 11.9916
508 11.9916
509 11.9916
510 11.9916
511 11.9916
512 11.9916
513 11.9916
514 11.9916
515 11.9916
516 11.9916
517 11.9916
518 11.9916
519 11.9916
520 11.9916
521 11.9916
522 11.9916
523 11.9916
524 11.9916
525 11.9916
526 11.9916
527 11.9916
528 11.9916
529 11.9916
530 11.9916
531 11.9916
532 11.9916
533 11.9916
534 11.9916
535 11.9916
536 11.9916
537 11.9916
538 11.9916
539 11.9916
540 11.9916
541 11.9916
542 11.9916
