1 11.9951
2 11.9951
3 11.9951
4 11.9951
5 11.9951
6 11.9951
7 11.9951
8 11.9951
9 11.9951
10 11.9951
11 11.9951
12 11.9951
13 11.9951
14 11.9951
15 11.9951
16 11.9951
17 11.9951
18 11.9951
19 11.9951
20 11.9951
21 11.9951
22 11.9951
23 11.9951
24 11.9951
25 11.9951
26 11.9951
27 11.9951
28 11.9951
29 11.9951
30 11.9951
31 11.9951
32 11.9951
33 11.9951
34 11.9951
35 11.9951
36 11.9951
37 11.9951
38 11.9951
39 11.9951
40 11.9951
41 11.9951
42 11.9951
43 11.9951
44 11.9951
45 11.9951
46 11.9951
47 11.9951
48 11.9951
49 11.9951
50 11.9951
51 11.9951
52 11.9951
53 11.9951
54 11.9951
55 11.9951
56 11.9951
57 11.9951
58 11.9951
59 11.9951
60 11.9951
61 11.9951
62 11.9951
63 11.9951
64 11.9951
65 11.9951
66 11.9951
67 11.9951
68 11.9951
69 11.9951
70 11.9951
71 11.9951
72 11.9951
73 11.9951
74 11.9951
75 11.9951
76 11.9951
77 11.9951
78 11.9951
79 11.9951
80 11.9951
81 11.9951
82 11.9951
83 11.9951
84 11.9951
85 11.9951
86 11.9951
87 11.9951
88 11.9951
89 11.9951
90 11.9951
91 11.9951
92 11.9951
93 11.9951
94 11.9951
95 11.9951
96 11.9951
97 11.9951
98 11.9951
99 11.9951
100 11.9951
101 11.9951
102 11.9951
103 11.9951
104 11.9951
105 11.9951
106 11.9951
107 11.9951
108 11.9951
109 11.9951
110 11.9951
111 11.9951
112 11.9951
113 11.9951
114 11.9951
115 11.9951
116 11.9951
117 11.9951
118 11.9951
119 11.9951
120 11.9951
121 11.9951
122 11.9951
123 11.9951
124 11.9951
125 11.9951
126 11.9951
127 11.9951
128 11.9951
129 11.9951
130 11.9951
131 11.9951
132 11.9951
133 11.9951
134 11.9951
135 11.9951
136 11.9951
137 11.9951
138 11.9951
139 11.9951
140 11.9951
141 11.9951
142 11.9951
143 11.9951
144 11.9951
145 11.9951
146 11.9951
147 11.9951
148 11.9951
149 11.9951
150 11.9951
151 11.9951
152 11.9951
153 11.9951
154 11.9951
155 11.9951
156 11.9951
157 11.9951
158 11.9951
159 11.9951
160 11.9951
161 11.9951
162 11.9951
163 11.9951
164 11.9951
165 11.9951
166 11.9951
167 11.9951
168 11.9951
169 11.9951
170 11.9951
171 11.9951
172 11.9951
173 11.9951
174 11.9951
175 11.9951
176 11.9951
177 11.9951
178 11.9951
179 11.9951
180 11.9951
181 11.9951
182 11.9951
183 11.9951
184 11.9951
185 11.9951
186 11.9951
187 11.9951
188 11.9951
189 11.9951
190 11.9951
191 11.9951
192 11.9951
193 11.9951
194 11.9951
195 11.9951
196 11.9951
197 11.9951
198 11.9951
199 11.9951
200 11.9951
201 11.9951
202 11.9951
203 11.9951
204 11.9951
205 11.9951
206 11.9951
207 11.9951
208 11.9951
209 11.9951
210 11.9951
211 11.9951
212 11.9951
213 11.9951
214 11.9951
215 11.9951
216 11.9951
217 11.9951
218 11.9951
219 11.9951
220 11.9951
221 11.9951
222 11.9972
223 12
224 11.9669
225 11.795
226 11.3679
227 10.7183
228 10.0011
229 9.31595
230 8.68013
231 8.08335
232 7.51593
233 6.97285
234 6.45222
235 5.95369
236 5.47747
237 5.02393
238 4.59345
239 4.18636
240 3.80301
241 3.44373
242 3.10888
243 2.7988
244 2.51378
245 2.25406
246 2.01976
247 1.81079
248 1.62686
249 1.46739
250 1.33145
251 1.21776
252 1.25017
253 1.26708
254 1.28514
255 1.29103
256 1.29723
257 1.29889
258 1.29929
259 1.29969
260 1.30011
261 1.30052
262 1.30062
263 1.30064
264 1.30066
265 1.30066
266 1.30066
267 1.30066
268 1.30066
269 1.30066
270 1.30066
271 1.30066
272 1.30066
273 1.30066
274 1.30066
275 1.30066
276 1.30066
277 1.30066
278 1.30066
279 1.30066
280 1.30064
281 1.30062
282 1.30052
283 1.30043
284 1.30002
285 1.29961
286 1.29921
287 1.29756
288 1.29141
289 1.27238
290 1.25434
291 1.22152
292 1.18719
293 1.30123
294 1.43871
295 1.60123
296 1.79001
297 2.00599
298 2.24983
299 2.52192
300 2.82246
301 3.15146
302 3.50874
303 3.89393
304 4.30637
305 4.74504
306 5.20839
307 5.69418
308 6.19938
309 6.72029
310 7.25292
311 7.79405
312 8.34299
313 8.90386
314 9.48711
315 10.1055
316 10.7488
317 11.3399
318 11.7511
319 11.9391
320 11.9902
321 11.997
322 11.9951
323 11.9951
324 11.9951
325 11.9951
326 11.9951
327 11.9951
328 11.9951
329 11.9951
330 11.9951
331 11.9951
332 11.9951
333 11.9951
334 11.9951
335 11.9951
336 11.9951
337 11.9951
338 11.9951
339 11.9951
340 11.9951
341 11.9951
342 11.9951
343 11.9951
344 11.9951
345 11.9951
346 11.9951
347 11.9951
348 11.9951
349 11.9951
350 11.9951
351 11.9951
352 11.9951
353 11.9951
354 11.9951
355 11.9951
356 11.9951
357 11.9951
358 11.9951
359 11.9951
360 11.9951
361 11.9951
362 11.9951
363 11.9951
364 11.9951
365 11.9951
366 11.9951
367 11.9951
368 11.9951
369 11.9951
370 11.9951
371 11.9951
372 11.9951
373 11.9951
374 11.9951
375 11.9951
376 11.9951
377 11.9951
378 11.9951
379 11.9951
380 11.9951
381 11.9951
382 11.9951
383 11.9951
384 11.9951
385 11.9951
386 11.9951
387 11.9951
388 11.9951
389 11.9951
390 11.9951
391 11.9951
392 11.9951
393 11.9951
394 11.9951
395 11.9951
396 11.9951
397 11.9951
398 11.9951
399 11.9951
400 11.9951
401 11.9951
402 11.9951
403 11.9951
404 11.9951
405 11.9951
406 11.9951
407 11.9951
408 11.9951
409 11.9951
410 11.9951
411 11.9951
412 11.9951
413 11.9951
414 11.9951
415 11.9951
416 11.9951
417 11.9951
418 11.9951
419 11.9951
420 11.9951
421 11.9951
422 11.9951
423 11.9951
424 11.9951
425 11.9951
426 11.9951
427 11.9951
428 11.9951
429 11.9951
430 11.9951
431 11.9951
432 11.9951
433 11.9951
434 11.9951
435 11.9951
436 11.9951
437 11.9951
438 11.9951
439 11.9951
440 11.9951
441 11.9951
442 11.9951
443 11.9951
444 11.9951
445 11.9951
446 11.9951
447 11.9951
448 11.9951
449 11.9951
450 11.9951
451 11.9951
452 11.9951
453 11.9951
454 11.9951
455 11.9951
456 11.9951
457 11.9951
458 11.9951
459 11.9951
460 11.9951
461 11.9951
462 11.9951
463 11.9951
464 11.9951
465 11.9951
466 11.9951
467 11.9951
468 11.9951
469 11.9951
470 11.9951
471 11.9951
472 11.9951
473 11.9951
474 11.9951
475 11.9951
476 11.9951
477 11.9951
478 11.9951
479 11.9951
480 11.9951
481 11.9951
482 11.9951
483 11.9951
484 11.9951
485 11.9951
486 11.9951
487 11.9951
488 11.9951
489 11.9951
490 11.9951
491 11.9951
492 11.9951
493 11.9951
494 11.9951
495 11.9951
496 11.9951
497 11.9951
498 11.9951
499 11.9951
500 11.9951
501 11.9951
502 11.9951
503 11.9951
504 11.9951
505 11.9951
506 11.9951
507 11.9951
508 11.9951
509 11.9951
510 11.9951
511 11.9951
512 11.9951
513 11.9951
514 11.9951
515 11.9951
516 11.9951
517 11.9951
518 11.9951
519 11.9951
520 11.9951
521 11.9951
522 11.9951
523 11.9951
524 11.9951
525 11.9951
526 11.9951
527 11.9951
528 11.9951
529 11.9951
530 11.9951
531 11.9951
532 11.9951
533 11.9951
534 11.9951
535 11.9951
536 11.9951
537 11.9951
538 11.9951
539 11.9951
540 11.9951
541 11.9951
542 11.9951
