1 11.8349
2 11.8349
3 11.8349
4 11.8349
5 11.8349
6 11.8349
7 11.8349
8 11.8349
9 11.8349
10 11.8349
11 11.8349
12 11.8349
13 11.8349
14 11.8349
15 11.8349
16 11.8349
17 11.8349
18 11.8349
19 11.8349
20 11.8349
21 11.8349
22 11.8349
23 11.8349
24 11.8349
25 11.8349
26 11.8349
27 11.8349
28 11.8349
29 11.8349
30 11.8349
31 11.8349
32 11.8349
33 11.8349
34 11.8349
35 11.8349
36 11.8349
37 11.8349
38 11.8349
39 11.8349
40 11.8349
41 11.8349
42 11.8349
43 11.8349
44 11.8349
45 11.8349
46 11.8349
47 11.8349
48 11.8349
49 11.8349
50 11.8349
51 11.8349
52 11.8349
53 11.8349
54 11.8349
55 11.8349
56 11.8349
57 11.8349
58 11.8349
59 11.8349
60 11.8349
61 11.8349
62 11.8349
63 11.8349
64 11.8349
65 11.8349
66 11.8349
67 11.8349
68 11.8349
69 11.8349
70 11.8349
71 11.8349
72 11.8349
73 11.8349
74 11.8349
75 11.8349
76 11.8349
77 11.8349
78 11.8349
79 11.8349
80 11.8349
81 11.8349
82 11.8349
83 11.8349
84 11.8349
85 11.8349
86 11.8349
87 11.8349
88 11.8349
89 11.8349
90 11.8349
91 11.8349
92 11.8349
93 11.8349
94 11.8349
95 11.8349
96 11.8349
97 11.8349
98 11.8349
99 11.8349
100 11.8349
101 11.8349
102 11.8349
103 11.8349
104 11.8349
105 11.8349
106 11.8349
107 11.8349
108 11.8349
109 11.8349
110 11.8349
111 11.8349
112 11.8349
113 11.8349
114 11.8349
115 11.8349
116 11.8349
117 11.8349
118 11.8349
119 11.8349
120 11.8349
121 11.8349
122 11.8349
123 11.8349
124 11.8349
125 11.8349
126 11.8349
127 11.8349
128 11.8349
129 11.8349
130 11.8349
131 11.8349
132 11.8349
133 11.8349
134 11.8349
135 11.8349
136 11.8349
137 11.8349
138 11.8349
139 11.8349
140 11.8349
141 11.8349
142 11.8349
143 11.8349
144 11.8349
145 11.8349
146 11.8349
147 11.8349
148 11.8349
149 11.8349
150 11.8349
151 11.8349
152 11.8349
153 11.8349
154 11.8349
155 11.8349
156 11.8349
157 11.8349
158 11.8349
159 11.8349
160 11.8349
161 11.8349
162 11.8349
163 11.8349
164 11.8349
165 11.8349
166 11.8349
167 11.8349
168 11.8349
169 11.8349
170 11.8349
171 11.8349
172 11.8349
173 11.8349
174 11.8349
175 11.8349
176 11.8349
177 11.8349
178 11.8349
179 11.8349
180 11.8349
181 11.8349
182 11.8349
183 11.8349
184 11.8349
185 11.8349
186 11.8349
187 11.8349
188 11.8349
189 11.8349
190 11.8349
191 11.8349
192 11.8349
193 11.8349
194 11.8349
195 11.8349
196 11.8349
197 11.8349
198 11.8349
199 11.8349
200 11.8349
201 11.8349
202 11.8349
203 11.8349
204 11.8349
205 11.8349
206 11.8349
207 11.8349
208 11.8349
209 11.8349
210 11.8349
211 11.8349
212 11.8349
213 11.8349
214 11.8349
215 11.8349
216 11.8349
217 11.8349
218 11.8349
219 11.8349
220 11.8349
221 11.8349
222 11.8349
223 11.8349
224 11.8349
225 11.8349
226 11.8349
227 11.8349
228 11.8349
229 11.8349
230 11.8349
231 11.8349
232 11.8349
233 11.8349
234 11.8349
235 11.8349
236 11.8349
237 11.8349
238 11.8349
239 11.8349
240 11.8349
241 11.8349
242 11.8349
243 11.8349
244 11.8349
245 11.8349
246 11.8349
247 11.8349
248 11.8349
249 11.9489
250 11.6556
251 11.0617
252 11.1426
253 11.5821
254 11.3639
255 11.5821
256 11.1426
257 11.0617
258 11.6556
259 12
260 11.6528
261 10.9619
262 10.9671
263 11.05
264 10.6375
265 10.5538
266 10.5362
267 10.5538
268 10.6375
269 11.05
270 11.0228
271 11.102
272 11.6907
273 11.3089
274 10.4506
275 10.362
276 10.3435
277 10.3478
278 10.3748
279 10.4727
280 11.0685
281 11.1174
282 11.6589
283 11.4493
284 11.8725
285 11.5777
286 10.8755
287 10.8522
288 10.9245
289 11.4014
290 11.3076
291 11.7106
292 11.338
293 11.7505
294 11.8349
295 11.8349
296 11.8349
297 11.8349
298 11.8349
299 11.8349
300 11.8349
301 11.8349
302 11.8349
303 11.8349
304 11.8349
305 11.8349
306 11.8349
307 11.8349
308 11.8349
309 11.8349
310 11.8349
311 11.8349
312 11.8349
313 11.8349
314 11.8349
315 11.8349
316 11.8349
317 11.8349
318 11.8349
319 11.8349
320 11.8349
321 11.8349
322 11.8349
323 11.8349
324 11.8349
325 11.8349
326 11.8349
327 11.8349
328 11.8349
329 11.8349
330 11.8349
331 11.8349
332 11.8349
333 11.8349
334 11.8349
335 11.8349
336 11.8349
337 11.8349
338 11.8349
339 11.8349
340 11.8349
341 11.8349
342 11.8349
343 11.8349
344 11.8349
345 11.8349
346 11.8349
347 11.8349
348 11.8349
349 11.8349
350 11.8349
351 11.8349
352 11.8349
353 11.8349
354 11.8349
355 11.8349
356 11.8349
357 11.8349
358 11.8349
359 11.8349
360 11.8349
361 11.8349
362 11.8349
363 11.8349
364 11.8349
365 11.8349
366 11.8349
367 11.8349
368 11.8349
369 11.8349
370 11.8349
371 11.8349
372 11.8349
373 11.8349
374 11.8349
375 11.8349
376 11.8349
377 11.8349
378 11.8349
379 11.8349
380 11.8349
381 11.8349
382 11.8349
383 11.8349
384 11.8349
385 11.8349
386 11.8349
387 11.8349
388 11.8349
389 11.8349
390 11.8349
391 11.8349
392 11.8349
393 11.8349
394 11.8349
395 11.8349
396 11.8349
397 11.8349
398 11.8349
399 11.8349
400 11.8349
401 11.8349
402 11.8349
403 11.8349
404 11.8349
405 11.8349
406 11.8349
407 11.8349
408 11.8349
409 11.8349
410 11.8349
411 11.8349
412 11.8349
413 11.8349
414 11.8349
415 11.8349
416 11.8349
417 11.8349
418 11.8349
419 11.8349
420 11.8349
421 11.8349
422 11.8349
423 11.8349
424 11.8349
425 11.8349
426 11.8349
427 11.8349
428 11.8349
429 11.8349
430 11.8349
431 11.8349
432 11.8349
433 11.8349
434 11.8349
435 11.8349
436 11.8349
437 11.8349
438 11.8349
439 11.8349
440 11.8349
441 11.8349
442 11.8349
443 11.8349
444 11.8349
445 11.8349
446 11.8349
447 11.8349
448 11.8349
449 11.8349
450 11.8349
451 11.8349
452 11.8349
453 11.8349
454 11.8349
455 11.8349
456 11.8349
457 11.8349
458 11.8349
459 11.8349
460 11.8349
461 11.8349
462 11.8349
463 11.8349
464 11.8349
465 11.8349
466 11.8349
467 11.8349
468 11.8349
469 11.8349
470 11.8349
471 11.8349
472 11.8349
473 11.8349
474 11.8349
475 11.8349
476 11.8349
477 11.8349
478 11.8349
479 11.8349
480 11.8349
481 11.8349
482 11.8349
483 11.8349
484 11.8349
485 11.8349
486 11.8349
487 11.8349
488 11.8349
489 11.8349
490 11.8349
491 11.8349
492 11.8349
493 11.8349
494 11.8349
495 11.8349
496 11.8349
497 11.8349
498 11.8349
499 11.8349
500 11.8349
501 11.8349
502 11.8349
503 11.8349
504 11.8349
505 11.8349
506 11.8349
507 11.8349
508 11.8349
509 11.8349
510 11.8349
511 11.8349
512 11.8349
513 11.8349
514 11.8349
515 11.8349
516 11.8349
517 11.8349
518 11.8349
519 11.8349
520 11.8349
521 11.8349
522 11.8349
523 11.8349
524 11.8349
525 11.8349
526 11.8349
527 11.8349
528 11.8349
529 11.8349
530 11.8349
531 11.8349
532 11.8349
533 11.8349
534 11.8349
535 11.8349
536 11.8349
537 11.8349
538 11.8349
539 11.8349
540 11.8349
541 11.8349
542 11.8349
