1 11.9873
2 11.9873
3 11.9873
4 11.9873
5 11.9873
6 11.9873
7 11.9873
8 11.9873
9 11.9873
10 11.9873
11 11.9873
12 11.9873
13 11.9873
14 11.9873
15 11.9873
16 11.9873
17 11.9873
18 11.9873
19 11.9873
20 11.9873
21 11.9873
22 11.9873
23 11.9873
24 11.9873
25 11.9873
26 11.9873
27 11.9873
28 11.9873
29 11.9873
30 11.9873
31 11.9873
32 11.9873
33 11.9873
34 11.9873
35 11.9873
36 11.9873
37 11.9873
38 11.9873
39 11.9873
40 11.9873
41 11.9873
42 11.9873
43 11.9873
44 11.9873
45 11.9873
46 11.9873
47 11.9873
48 11.9873
49 11.9873
50 11.9873
51 11.9873
52 11.9873
53 11.9873
54 11.9873
55 11.9873
56 11.9873
57 11.9873
58 11.9873
59 11.9873
60 11.9873
61 11.9873
62 11.9873
63 11.9873
64 11.9873
65 11.9873
66 11.9873
67 11.9873
68 11.9873
69 11.9873
70 11.9873
71 11.9873
72 11.9873
73 11.9873
74 11.9873
75 11.9873
76 11.9873
77 11.9873
78 11.9873
79 11.9873
80 11.9873
81 11.9873
82 11.9873
83 11.9873
84 11.9873
85 11.9873
86 11.9873
87 11.9873
88 11.9873
89 11.9873
90 11.9873
91 11.9873
92 11.9873
93 11.9873
94 11.9873
95 11.9873
96 11.9873
97 11.9873
98 11.9873
99 11.9873
100 11.9873
101 11.9873
102 11.9873
103 11.9873
104 11.9873
105 11.9873
106 11.9873
107 11.9873
108 11.9873
109 11.9873
110 11.9873
111 11.9873
112 11.9873
113 11.9873
114 11.9873
115 11.9873
116 11.9873
117 11.9873
118 11.9873
119 11.9873
120 11.9873
121 11.9873
122 11.9873
123 11.9873
124 11.9873
125 11.9873
126 11.9873
127 11.9873
128 11.9873
129 11.9873
130 11.9873
131 11.9873
132 11.9873
133 11.9873
134 11.9873
135 11.9873
136 11.9873
137 11.9873
138 11.9873
139 11.9873
140 11.9873
141 11.9873
142 11.9873
143 11.9873
144 11.9873
145 11.9873
146 11.9873
147 11.9873
148 11.9873
149 11.9873
150 11.9873
151 11.9873
152 11.9873
153 11.9873
154 11.9873
155 11.9873
156 11.9873
157 11.9873
158 11.9873
159 11.9873
160 11.9873
161 11.9873
162 11.9873
163 11.9873
164 11.9873
165 11.9873
166 11.9873
167 11.9873
168 11.9873
169 11.9873
170 11.9873
171 11.9873
172 11.9873
173 11.9873
174 11.9873
175 11.9873
176 11.9873
177 11.9873
178 11.9873
179 11.9873
180 11.9873
181 11.9873
182 11.9873
183 11.9873
184 11.9873
185 11.9873
186 11.9873
187 11.9873
188 11.9873
189 11.9873
190 11.9873
191 11.9873
192 11.9873
193 11.9873
194 11.9873
195 11.9873
196 11.9873
197 11.9873
198 11.9873
199 11.9873
200 11.9873
201 11.9873
202 11.9873
203 11.9873
204 11.9873
205 11.9873
206 11.9873
207 11.9873
208 11.9873
209 11.9873
210 11.9873
211 11.9873
212 11.9873
213 11.9873
214 11.9873
215 11.9873
216 11.9873
217 11.9873
218 11.9873
219 11.9873
220 11.9873
221 11.9873
222 11.9873
223 11.9873
224 11.9873
225 11.9873
226 11.9873
227 11.9873
228 11.9873
229 11.9873
230 12
231 11.8285
232 11.4261
233 10.9171
234 10.3653
235 9.80756
236 9.24683
237 8.68305
238 8.11438
239 7.53973
240 6.95943
241 6.37579
242 5.79279
243 5.21538
244 4.6486
245 4.09692
246 3.56387
247 3.05202
248 2.5631
249 2.09822
250 1.65815
251 1.24341
252 1.27759
253 1.31748
254 1.35399
255 1.37967
256 1.40907
257 1.42403
258 1.42994
259 1.43751
260 1.44688
261 1.45807
262 1.46178
263 1.46286
264 1.46407
265 1.46439
266 1.46446
267 1.46448
268 1.46448
269 1.46448
270 1.46448
271 1.46448
272 1.46448
273 1.46448
274 1.46448
275 1.46448
276 1.46448
277 1.46446
278 1.46439
279 1.46408
280 1.46289
281 1.46184
282 1.45827
283 1.45531
284 1.44661
285 1.43966
286 1.43433
287 1.4211
288 1.39577
289 1.38092
290 1.34787
291 1.39743
292 1.36921
293 1.81971
294 2.29686
295 2.79747
296 3.31698
297 3.84944
298 4.38787
299 4.92515
300 5.45539
301 5.97528
302 6.48484
303 6.9872
304 7.48757
305 7.99177
306 8.50505
307 9.03106
308 9.57097
309 10.1235
310 10.6811
311 11.2259
312 11.7146
313 11.9806
314 11.9873
315 11.9873
316 11.9873
317 11.9873
318 11.9873
319 11.9873
320 11.9873
321 11.9873
322 11.9873
323 11.9873
324 11.9873
325 11.9873
326 11.9873
327 11.9873
328 11.9873
329 11.9873
330 11.9873
331 11.9873
332 11.9873
333 11.9873
334 11.9873
335 11.9873
336 11.9873
337 11.9873
338 11.9873
339 11.9873
340 11.9873
341 11.9873
342 11.9873
343 11.9873
344 11.9873
345 11.9873
346 11.9873
347 11.9873
348 11.9873
349 11.9873
350 11.9873
351 11.9873
352 11.9873
353 11.9873
354 11.9873
355 11.9873
356 11.9873
357 11.9873
358 11.9873
359 11.9873
360 11.9873
361 11.9873
362 11.9873
363 11.9873
364 11.9873
365 11.9873
366 11.9873
367 11.9873
368 11.9873
369 11.9873
370 11.9873
371 11.9873
372 11.9873
373 11.9873
374 11.9873
375 11.9873
376 11.9873
377 11.9873
378 11.9873
379 11.9873
380 11.9873
381 11.9873
382 11.9873
383 11.9873
384 11.9873
385 11.9873
386 11.9873
387 11.9873
388 11.9873
389 11.9873
390 11.9873
391 11.9873
392 11.9873
393 11.9873
394 11.9873
395 11.9873
396 11.9873
397 11.9873
398 11.9873
399 11.9873
400 11.9873
401 11.9873
402 11.9873
403 11.9873
404 11.9873
405 11.9873
406 11.9873
407 11.9873
408 11.9873
409 11.9873
410 11.9873
411 11.9873
412 11.9873
413 11.9873
414 11.9873
415 11.9873
416 11.9873
417 11.9873
418 11.9873
419 11.9873
420 11.9873
421 11.9873
422 11.9873
423 11.9873
424 11.9873
425 11.9873
426 11.9873
427 11.9873
428 11.9873
429 11.9873
430 11.9873
431 11.9873
432 11.9873
433 11.9873
434 11.9873
435 11.9873
436 11.9873
437 11.9873
438 11.9873
439 11.9873
440 11.9873
441 11.9873
442 11.9873
443 11.9873
444 11.9873
445 11.9873
446 11.9873
447 11.9873
448 11.9873
449 11.9873
450 11.9873
451 11.9873
452 11.9873
453 11.9873
454 11.9873
455 11.9873
456 11.9873
457 11.9873
458 11.9873
459 11.9873
460 11.9873
461 11.9873
462 11.9873
463 11.9873
464 11.9873
465 11.9873
466 11.9873
467 11.9873
468 11.9873
469 11.9873
470 11.9873
471 11.9873
472 11.9873
473 11.9873
474 11.9873
475 11.9873
476 11.9873
477 11.9873
478 11.9873
479 11.9873
480 11.9873
481 11.9873
482 11.9873
483 11.9873
484 11.9873
485 11.9873
486 11.9873
487 11.9873
488 11.9873
489 11.9873
490 11.9873
491 11.9873
492 11.9873
493 11.9873
494 11.9873
495 11.9873
496 11.9873
497 11.9873
498 11.9873
499 11.9873
500 11.9873
501 11.9873
502 11.9873
503 11.9873
504 11.9873
505 11.9873
506 11.9873
507 11.9873
508 11.9873
509 11.9873
510 11.9873
511 11.9873
512 11.9873
513 11.9873
514 11.9873
515 11.9873
516 11.9873
517 11.9873
518 11.9873
519 11.9873
520 11.9873
521 11.9873
522 11.9873
523 11.9873
524 11.9873
525 11.9873
526 11.9873
527 11.9873
528 11.9873
529 11.9873
530 11.9873
531 11.9873
532 11.9873
533 11.9873
534 11.9873
535 11.9873
536 11.9873
537 11.9873
538 11.9873
539 11.9873
540 11.9873
541 11.9873
542 11.9873
