1 11.9548
2 11.9548
3 11.9548
4 11.9548
5 11.9548
6 11.9548
7 11.9548
8 11.9548
9 11.9548
10 11.9548
11 11.9548
12 11.9548
13 11.9548
14 11.9548
15 11.9548
16 11.9548
17 11.9548
18 11.9548
19 11.9548
20 11.9548
21 11.9548
22 11.9548
23 11.9548
24 11.9548
25 11.9548
26 11.9548
27 11.9548
28 11.9548
29 11.9548
30 11.9548
31 11.9548
32 11.9548
33 11.9548
34 11.9548
35 11.9548
36 11.9548
37 11.9548
38 11.9548
39 11.9548
40 11.9548
41 11.9548
42 11.9548
43 11.9548
44 11.9548
45 11.9548
46 11.9548
47 11.9548
48 11.9548
49 11.9548
50 11.9548
51 11.9548
52 11.9548
53 11.9548
54 11.9548
55 11.9548
56 11.9548
57 11.9548
58 11.9548
59 11.9548
60 11.9548
61 11.9548
62 11.9548
63 11.9548
64 11.9548
65 11.9548
66 11.9548
67 11.9548
68 11.9548
69 11.9548
70 11.9548
71 11.9548
72 11.9548
73 11.9548
74 11.9548
75 11.9548
76 11.9548
77 11.9548
78 11.9548
79 11.9548
80 11.9548
81 11.9548
82 11.9548
83 11.9548
84 11.9548
85 11.9548
86 11.9548
87 11.9548
88 11.9548
89 11.9548
90 11.9548
91 11.9548
92 11.9548
93 11.9548
94 11.9548
95 11.9548
96 11.9548
97 11.9548
98 11.9548
99 11.9548
100 11.9548
101 11.9548
102 11.9548
103 11.9548
104 11.9548
105 11.9548
106 11.9548
107 11.9548
108 11.9548
109 11.9548
110 11.9548
111 11.9548
112 11.9548
113 11.9548
114 11.9548
115 11.9548
116 11.9548
117 11.9548
118 11.9548
119 11.9548
120 11.9548
121 11.9548
122 11.9548
123 11.9548
124 11.9548
125 11.9548
126 11.9548
127 11.9548
128 11.9548
129 11.9548
130 11.9548
131 11.9548
132 11.9548
133 11.9548
134 11.9548
135 11.9548
136 11.9548
137 11.9548
138 11.9548
139 11.9548
140 11.9548
141 11.9548
142 11.9548
143 11.9548
144 11.9548
145 11.9548
146 11.9548
147 11.9548
148 11.9548
149 11.9548
150 11.9548
151 11.9548
152 11.9548
153 11.9548
154 11.9548
155 11.9548
156 11.9548
157 11.9548
158 11.9548
159 11.9548
160 11.9548
161 11.9548
162 11.9548
163 11.9548
164 11.9548
165 11.9548
166 11.9548
167 11.9548
168 11.9548
169 11.9548
170 11.9548
171 11.9548
172 11.9548
173 11.9548
174 11.9548
175 11.9548
176 11.9548
177 11.9548
178 11.9548
179 11.9548
180 11.9548
181 11.9548
182 11.9548
183 11.9548
184 11.9548
185 11.9548
186 11.9548
187 11.9548
188 11.9548
189 11.9548
190 11.9548
191 11.9548
192 11.9548
193 11.9548
194 11.9548
195 11.9548
196 11.9548
197 11.9548
198 11.9548
199 11.9548
200 11.9548
201 11.9548
202 11.9548
203 11.9548
204 11.9548
205 11.9548
206 11.9548
207 11.9548
208 11.9548
209 11.9548
210 11.9548
211 11.9548
212 11.9548
213 11.9548
214 11.9548
215 11.9548
216 11.9548
217 11.9548
218 11.9548
219 11.9548
220 11.9548
221 11.9548
222 11.9548
223 11.9548
224 11.9548
225 11.9548
226 11.9548
227 11.9548
228 11.9548
229 11.9548
230 11.9548
231 11.9548
232 11.9548
233 11.9548
234 11.9548
235 11.9548
236 11.9548
237 11.9548
238 11.9548
239 11.9548
240 11.9548
241 11.9548
242 11.9548
243 11.9548
244 11.9548
245 11.9548
246 11.9548
247 11.9548
248 11.9548
249 11.9548
250 11.9871
251 11.1417
252 11.1965
253 11.994
254 11.3495
255 11.994
256 11.1965
257 11.1417
258 11.9871
259 11.9548
260 11.9871
261 11.1417
262 11.1965
263 12
264 11.1037
265 11.0182
266 10.9934
267 11.0182
268 11.1037
269 12
270 11.1965
271 11.1417
272 11.9871
273 11.9871
274 11.0945
275 11.048
276 11.0273
277 11.0273
278 11.048
279 11.123
280 11.994
281 11.3495
282 11.9852
283 11.2767
284 11.9669
285 11.9871
286 11.0531
287 11.0239
288 11.1004
289 11.994
290 11.3495
291 11.9852
292 11.2767
293 11.9669
294 11.9548
295 11.9548
296 11.9548
297 11.9548
298 11.9548
299 11.9548
300 11.9548
301 11.9548
302 11.9548
303 11.9548
304 11.9548
305 11.9548
306 11.9548
307 11.9548
308 11.9548
309 11.9548
310 11.9548
311 11.9548
312 11.9548
313 11.9548
314 11.9548
315 11.9548
316 11.9548
317 11.9548
318 11.9548
319 11.9548
320 11.9548
321 11.9548
322 11.9548
323 11.9548
324 11.9548
325 11.9548
326 11.9548
327 11.9548
328 11.9548
329 11.9548
330 11.9548
331 11.9548
332 11.9548
333 11.9548
334 11.9548
335 11.9548
336 11.9548
337 11.9548
338 11.9548
339 11.9548
340 11.9548
341 11.9548
342 11.9548
343 11.9548
344 11.9548
345 11.9548
346 11.9548
347 11.9548
348 11.9548
349 11.9548
350 11.9548
351 11.9548
352 11.9548
353 11.9548
354 11.9548
355 11.9548
356 11.9548
357 11.9548
358 11.9548
359 11.9548
360 11.9548
361 11.9548
362 11.9548
363 11.9548
364 11.9548
365 11.9548
366 11.9548
367 11.9548
368 11.9548
369 11.9548
370 11.9548
371 11.9548
372 11.9548
373 11.9548
374 11.9548
375 11.9548
376 11.9548
377 11.9548
378 11.9548
379 11.9548
380 11.9548
381 11.9548
382 11.9548
383 11.9548
384 11.9548
385 11.9548
386 11.9548
387 11.9548
388 11.9548
389 11.9548
390 11.9548
391 11.9548
392 11.9548
393 11.9548
394 11.9548
395 11.9548
396 11.9548
397 11.9548
398 11.9548
399 11.9548
400 11.9548
401 11.9548
402 11.9548
403 11.9548
404 11.9548
405 11.9548
406 11.9548
407 11.9548
408 11.9548
409 11.9548
410 11.9548
411 11.9548
412 11.9548
413 11.9548
414 11.9548
415 11.9548
416 11.9548
417 11.9548
418 11.9548
419 11.9548
420 11.9548
421 11.9548
422 11.9548
423 11.9548
424 11.9548
425 11.9548
426 11.9548
427 11.9548
428 11.9548
429 11.9548
430 11.9548
431 11.9548
432 11.9548
433 11.9548
434 11.9548
435 11.9548
436 11.9548
437 11.9548
438 11.9548
439 11.9548
440 11.9548
441 11.9548
442 11.9548
443 11.9548
444 11.9548
445 11.9548
446 11.9548
447 11.9548
448 11.9548
449 11.9548
450 11.9548
451 11.9548
452 11.9548
453 11.9548
454 11.9548
455 11.9548
456 11.9548
457 11.9548
458 11.9548
459 11.9548
460 11.9548
461 11.9548
462 11.9548
463 11.9548
464 11.9548
465 11.9548
466 11.9548
467 11.9548
468 11.9548
469 11.9548
470 11.9548
471 11.9548
472 11.9548
473 11.9548
474 11.9548
475 11.9548
476 11.9548
477 11.9548
478 11.9548
479 11.9548
480 11.9548
481 11.9548
482 11.9548
483 11.9548
484 11.9548
485 11.9548
486 11.9548
487 11.9548
488 11.9548
489 11.9548
490 11.9548
491 11.9548
492 11.9548
493 11.9548
494 11.9548
495 11.9548
496 11.9548
497 11.9548
498 11.9548
499 11.9548
500 11.9548
501 11.9548
502 11.9548
503 11.9548
504 11.9548
505 11.9548
506 11.9548
507 11.9548
508 11.9548
509 11.9548
510 11.9548
511 11.9548
512 11.9548
513 11.9548
514 11.9548
515 11.9548
516 11.9548
517 11.9548
518 11.9548
519 11.9548
520 11.9548
521 11.9548
522 11.9548
523 11.9548
524 11.9548
525 11.9548
526 11.9548
527 11.9548
528 11.9548
529 11.9548
530 11.9548
531 11.9548
532 11.9548
533 11.9548
534 11.9548
535 11.9548
536 11.9548
537 11.9548
538 11.9548
539 11.9548
540 11.9548
541 11.9548
542 11.9548
