1 11.9517
2 11.9517
3 11.9517
4 11.9517
5 11.9517
6 11.9517
7 11.9517
8 11.9517
9 11.9517
10 11.9517
11 11.9517
12 11.9517
13 11.9517
14 11.9517
15 11.9517
16 11.9517
17 11.9517
18 11.9517
19 11.9517
20 11.9517
21 11.9517
22 11.9517
23 11.9517
24 11.9517
25 11.9517
26 11.9517
27 11.9517
28 11.9517
29 11.9517
30 11.9517
31 11.9517
32 11.9517
33 11.9517
34 11.9517
35 11.9517
36 11.9517
37 11.9517
38 11.9517
39 11.9517
40 11.9517
41 11.9517
42 11.9517
43 11.9517
44 11.9517
45 11.9517
46 11.9517
47 11.9517
48 11.9517
49 11.9517
50 11.9517
51 11.9517
52 11.9517
53 11.9517
54 11.9517
55 11.9517
56 11.9517
57 11.9517
58 11.9517
59 11.9517
60 11.9517
61 11.9517
62 11.9517
63 11.9517
64 11.9517
65 11.9517
66 11.9517
67 11.9517
68 11.9517
69 11.9517
70 11.9517
71 11.9517
72 11.9517
73 11.9517
74 11.9517
75 11.9517
76 11.9517
77 11.9517
78 11.9517
79 11.9517
80 11.9517
81 11.9517
82 11.9517
83 11.9517
84 11.9517
85 11.9517
86 11.9517
87 11.9517
88 11.9517
89 11.9517
90 11.9517
91 11.9517
92 11.9517
93 11.9517
94 11.9517
95 11.9517
96 11.9517
97 11.9517
98 11.9517
99 11.9517
100 11.9517
101 11.9517
102 11.9517
103 11.9517
104 11.9517
105 11.9517
106 11.9517
107 11.9517
108 11.9517
109 11.9517
110 11.9517
111 11.9517
112 11.9517
113 11.9517
114 11.9517
115 11.9517
116 11.9517
117 11.9517
118 11.9517
119 11.9517
120 11.9517
121 11.9517
122 11.9517
123 11.9517
124 11.9517
125 11.9517
126 11.9517
127 11.9517
128 11.9517
129 11.9517
130 11.9517
131 11.9517
132 11.9517
133 11.9517
134 11.9517
135 11.9517
136 11.9517
137 11.9517
138 11.9517
139 11.9517
140 11.9517
141 11.9517
142 11.9517
143 11.9517
144 11.9517
145 11.9517
146 11.9517
147 11.9517
148 11.9517
149 11.9517
150 11.9517
151 11.9517
152 11.9517
153 11.9517
154 11.9517
155 11.9517
156 11.9517
157 11.9517
158 11.9517
159 11.9517
160 11.9517
161 11.9517
162 11.9517
163 11.9517
164 11.9517
165 11.9517
166 11.9517
167 11.9517
168 11.9517
169 11.9517
170 11.9517
171 11.9517
172 11.9517
173 11.9517
174 11.9517
175 11.9517
176 11.9517
177 11.9517
178 11.9517
179 11.9517
180 11.9517
181 11.9517
182 11.9517
183 11.9517
184 11.9517
185 11.9517
186 11.9517
187 11.9517
188 11.9517
189 11.9517
190 11.9517
191 11.9517
192 11.9517
193 11.9517
194 11.9517
195 11.9517
196 11.9517
197 11.9517
198 11.9517
199 11.9517
200 11.9517
201 11.9517
202 11.9517
203 11.9517
204 11.9517
205 11.9517
206 11.9517
207 11.9517
208 11.9517
209 11.9517
210 11.9517
211 11.9517
212 11.9517
213 11.9517
214 11.9517
215 11.9517
216 11.9517
217 11.9517
218 11.9517
219 11.9517
220 11.9517
221 11.9517
222 11.9517
223 11.9517
224 11.9517
225 11.9517
226 11.9517
227 11.9517
228 11.9517
229 11.9517
230 11.9517
231 11.9517
232 11.9517
233 11.9517
234 11.9517
235 11.9517
236 11.9517
237 11.9517
238 11.9517
239 11.9517
240 11.9517
241 11.9517
242 11.9517
243 11.9517
244 12
245 11.9322
246 11.6182
247 11.1774
248 10.6661
249 10.1292
250 9.54486
251 8.89187
252 8.8763
253 8.89791
254 8.71411
255 8.68719
256 8.39177
257 8.34519
258 8.35216
259 8.19167
260 7.63526
261 6.77514
262 6.69239
263 6.69231
264 6.44154
265 6.39995
266 6.40363
267 6.41376
268 6.41641
269 6.40875
270 6.41564
271 6.4151
272 6.41626
273 6.42213
274 6.43824
275 6.4487
276 6.44851
277 6.44453
278 6.45571
279 6.53755
280 6.97302
281 7.04957
282 7.4369
283 7.49308
284 7.82009
285 7.86312
286 7.84619
287 7.83499
288 7.87746
289 8.26076
290 8.30437
291 8.71082
292 8.73528
293 9.44062
294 10.0871
295 10.6848
296 11.2434
297 11.7032
298 11.9498
299 11.9788
300 11.9517
301 11.9517
302 11.9517
303 11.9517
304 11.9517
305 11.9517
306 11.9517
307 11.9517
308 11.9517
309 11.9517
310 11.9517
311 11.9517
312 11.9517
313 11.9517
314 11.9517
315 11.9517
316 11.9517
317 11.9517
318 11.9517
319 11.9517
320 11.9517
321 11.9517
322 11.9517
323 11.9517
324 11.9517
325 11.9517
326 11.9517
327 11.9517
328 11.9517
329 11.9517
330 11.9517
331 11.9517
332 11.9517
333 11.9517
334 11.9517
335 11.9517
336 11.9517
337 11.9517
338 11.9517
339 11.9517
340 11.9517
341 11.9517
342 11.9517
343 11.9517
344 11.9517
345 11.9517
346 11.9517
347 11.9517
348 11.9517
349 11.9517
350 11.9517
351 11.9517
352 11.9517
353 11.9517
354 11.9517
355 11.9517
356 11.9517
357 11.9517
358 11.9517
359 11.9517
360 11.9517
361 11.9517
362 11.9517
363 11.9517
364 11.9517
365 11.9517
366 11.9517
367 11.9517
368 11.9517
369 11.9517
370 11.9517
371 11.9517
372 11.9517
373 11.9517
374 11.9517
375 11.9517
376 11.9517
377 11.9517
378 11.9517
379 11.9517
380 11.9517
381 11.9517
382 11.9517
383 11.9517
384 11.9517
385 11.9517
386 11.9517
387 11.9517
388 11.9517
389 11.9517
390 11.9517
391 11.9517
392 11.9517
393 11.9517
394 11.9517
395 11.9517
396 11.9517
397 11.9517
398 11.9517
399 11.9517
400 11.9517
401 11.9517
402 11.9517
403 11.9517
404 11.9517
405 11.9517
406 11.9517
407 11.9517
408 11.9517
409 11.9517
410 11.9517
411 11.9517
412 11.9517
413 11.9517
414 11.9517
415 11.9517
416 11.9517
417 11.9517
418 11.9517
419 11.9517
420 11.9517
421 11.9517
422 11.9517
423 11.9517
424 11.9517
425 11.9517
426 11.9517
427 11.9517
428 11.9517
429 11.9517
430 11.9517
431 11.9517
432 11.9517
433 11.9517
434 11.9517
435 11.9517
436 11.9517
437 11.9517
438 11.9517
439 11.9517
440 11.9517
441 11.9517
442 11.9517
443 11.9517
444 11.9517
445 11.9517
446 11.9517
447 11.9517
448 11.9517
449 11.9517
450 11.9517
451 11.9517
452 11.9517
453 11.9517
454 11.9517
455 11.9517
456 11.9517
457 11.9517
458 11.9517
459 11.9517
460 11.9517
461 11.9517
462 11.9517
463 11.9517
464 11.9517
465 11.9517
466 11.9517
467 11.9517
468 11.9517
469 11.9517
470 11.9517
471 11.9517
472 11.9517
473 11.9517
474 11.9517
475 11.9517
476 11.9517
477 11.9517
478 11.9517
479 11.9517
480 11.9517
481 11.9517
482 11.9517
483 11.9517
484 11.9517
485 11.9517
486 11.9517
487 11.9517
488 11.9517
489 11.9517
490 11.9517
491 11.9517
492 11.9517
493 11.9517
494 11.9517
495 11.9517
496 11.9517
497 11.9517
498 11.9517
499 11.9517
500 11.9517
501 11.9517
502 11.9517
503 11.9517
504 11.9517
505 11.9517
506 11.9517
507 11.9517
508 11.9517
509 11.9517
510 11.9517
511 11.9517
512 11.9517
513 11.9517
514 11.9517
515 11.9517
516 11.9517
517 11.9517
518 11.9517
519 11.9517
520 11.9517
521 11.9517
522 11.9517
523 11.9517
524 11.9517
525 11.9517
526 11.9517
527 11.9517
528 11.9517
529 11.9517
530 11.9517
531 11.9517
532 11.9517
533 11.9517
534 11.9517
535 11.9517
536 11.9517
537 11.9517
538 11.9517
539 11.9517
540 11.9517
541 11.9517
542 11.9517
