1 11.9846
2 11.9846
3 11.9846
4 11.9846
5 11.9846
6 11.9846
7 11.9846
8 11.9846
9 11.9846
10 11.9846
11 11.9846
12 11.9846
13 11.9846
14 11.9846
15 11.9846
16 11.9846
17 11.9846
18 11.9846
19 11.9846
20 11.9846
21 11.9846
22 11.9846
23 11.9846
24 11.9846
25 11.9846
26 11.9846
27 11.9846
28 11.9846
29 11.9846
30 11.9846
31 11.9846
32 11.9846
33 11.9846
34 11.9846
35 11.9846
36 11.9846
37 11.9846
38 11.9846
39 11.9846
40 11.9846
41 11.9846
42 11.9846
43 11.9846
44 11.9846
45 11.9846
46 11.9846
47 11.9846
48 11.9846
49 11.9846
50 11.9846
51 11.9846
52 11.9846
53 11.9846
54 11.9846
55 11.9846
56 11.9846
57 11.9846
58 11.9846
59 11.9846
60 11.9846
61 11.9846
62 11.9846
63 11.9846
64 11.9846
65 11.9846
66 11.9846
67 11.9846
68 11.9846
69 11.9846
70 11.9846
71 11.9846
72 11.9846
73 11.9846
74 11.9846
75 11.9846
76 11.9846
77 11.9846
78 11.9846
79 11.9846
80 11.9846
81 11.9846
82 11.9846
83 11.9846
84 11.9846
85 11.9846
86 11.9846
87 11.9846
88 11.9846
89 11.9846
90 11.9846
91 11.9846
92 11.9846
93 11.9846
94 11.9846
95 11.9846
96 11.9846
97 11.9846
98 11.9846
99 11.9846
100 11.9846
101 11.9846
102 11.9846
103 11.9846
104 11.9846
105 11.9846
106 11.9846
107 11.9846
108 11.9846
109 11.9846
110 11.9846
111 11.9846
112 11.9846
113 11.9846
114 11.9846
115 11.9846
116 11.9846
117 11.9846
118 11.9846
119 11.9846
120 11.9846
121 11.9846
122 11.9846
123 11.9846
124 11.9846
125 11.9846
126 11.9846
127 11.9846
128 11.9846
129 11.9846
130 11.9846
131 11.9846
132 11.9846
133 11.9846
134 11.9846
135 11.9846
136 11.9846
137 11.9846
138 11.9846
139 11.9846
140 11.9846
141 11.9846
142 11.9846
143 11.9846
144 11.9846
145 11.9846
146 11.9846
147 11.9846
148 11.9846
149 11.9846
150 11.9846
151 11.9846
152 11.9846
153 11.9846
154 11.9846
155 11.9846
156 11.9846
157 11.9846
158 11.9846
159 11.9846
160 11.9846
161 11.9846
162 11.9846
163 11.9846
164 11.9846
165 11.9846
166 11.9846
167 11.9846
168 11.9846
169 11.9846
170 11.9846
171 11.9846
172 11.9846
173 11.9846
174 11.9846
175 11.9846
176 11.9846
177 11.9846
178 11.9846
179 11.9846
180 11.9846
181 11.9846
182 11.9846
183 11.9846
184 11.9846
185 11.9846
186 11.9846
187 11.9846
188 11.9846
189 11.9846
190 11.9846
191 11.9846
192 11.9846
193 11.9846
194 11.9846
195 11.9846
196 11.9846
197 11.9846
198 11.9846
199 11.9846
200 11.9846
201 11.9846
202 11.9846
203 11.9846
204 11.9846
205 11.9846
206 11.9846
207 11.9846
208 11.9846
209 11.9846
210 11.9846
211 11.9846
212 11.9846
213 11.9846
214 11.9846
215 11.9846
216 11.9846
217 11.9846
218 11.9846
219 11.9846
220 11.9846
221 11.9846
222 11.9846
223 11.9846
224 11.9846
225 11.9846
226 11.9846
227 11.9846
228 11.9846
229 11.9846
230 11.9846
231 11.9846
232 11.9846
233 11.9846
234 11.9846
235 11.9846
236 12
237 11.7705
238 11.2825
239 10.6444
240 9.94414
241 9.21175
242 8.45675
243 7.68572
244 6.90543
245 6.12389
246 5.34965
247 4.59051
248 3.85249
249 3.13958
250 2.45385
251 1.79578
252 1.81774
253 1.87656
254 1.84217
255 1.8811
256 1.8297
257 1.85764
258 1.88911
259 1.90173
260 1.80679
261 1.47816
262 1.44982
263 1.46447
264 1.42544
265 1.4347
266 1.44818
267 1.45753
268 1.46261
269 1.46464
270 1.4684
271 1.46927
272 1.46762
273 1.46726
274 1.46806
275 1.46663
276 1.4626
277 1.45469
278 1.44155
279 1.42499
280 1.4239
281 1.40067
282 1.39158
283 1.3622
284 1.35003
285 1.31588
286 1.28829
287 1.25235
288 1.23263
289 1.38852
290 1.37177
291 1.62444
292 1.6123
293 2.29895
294 3.0123
295 3.75064
296 4.51073
297 5.28712
298 6.07197
299 6.85565
300 7.62849
301 8.38301
302 9.11531
303 9.8233
304 10.4991
305 11.1177
306 11.606
307 11.9268
308 11.9846
309 11.9846
310 11.9846
311 11.9846
312 11.9846
313 11.9846
314 11.9846
315 11.9846
316 11.9846
317 11.9846
318 11.9846
319 11.9846
320 11.9846
321 11.9846
322 11.9846
323 11.9846
324 11.9846
325 11.9846
326 11.9846
327 11.9846
328 11.9846
329 11.9846
330 11.9846
331 11.9846
332 11.9846
333 11.9846
334 11.9846
335 11.9846
336 11.9846
337 11.9846
338 11.9846
339 11.9846
340 11.9846
341 11.9846
342 11.9846
343 11.9846
344 11.9846
345 11.9846
346 11.9846
347 11.9846
348 11.9846
349 11.9846
350 11.9846
351 11.9846
352 11.9846
353 11.9846
354 11.9846
355 11.9846
356 11.9846
357 11.9846
358 11.9846
359 11.9846
360 11.9846
361 11.9846
362 11.9846
363 11.9846
364 11.9846
365 11.9846
366 11.9846
367 11.9846
368 11.9846
369 11.9846
370 11.9846
371 11.9846
372 11.9846
373 11.9846
374 11.9846
375 11.9846
376 11.9846
377 11.9846
378 11.9846
379 11.9846
380 11.9846
381 11.9846
382 11.9846
383 11.9846
384 11.9846
385 11.9846
386 11.9846
387 11.9846
388 11.9846
389 11.9846
390 11.9846
391 11.9846
392 11.9846
393 11.9846
394 11.9846
395 11.9846
396 11.9846
397 11.9846
398 11.9846
399 11.9846
400 11.9846
401 11.9846
402 11.9846
403 11.9846
404 11.9846
405 11.9846
406 11.9846
407 11.9846
408 11.9846
409 11.9846
410 11.9846
411 11.9846
412 11.9846
413 11.9846
414 11.9846
415 11.9846
416 11.9846
417 11.9846
418 11.9846
419 11.9846
420 11.9846
421 11.9846
422 11.9846
423 11.9846
424 11.9846
425 11.9846
426 11.9846
427 11.9846
428 11.9846
429 11.9846
430 11.9846
431 11.9846
432 11.9846
433 11.9846
434 11.9846
435 11.9846
436 11.9846
437 11.9846
438 11.9846
439 11.9846
440 11.9846
441 11.9846
442 11.9846
443 11.9846
444 11.9846
445 11.9846
446 11.9846
447 11.9846
448 11.9846
449 11.9846
450 11.9846
451 11.9846
452 11.9846
453 11.9846
454 11.9846
455 11.9846
456 11.9846
457 11.9846
458 11.9846
459 11.9846
460 11.9846
461 11.9846
462 11.9846
463 11.9846
464 11.9846
465 11.9846
466 11.9846
467 11.9846
468 11.9846
469 11.9846
470 11.9846
471 11.9846
472 11.9846
473 11.9846
474 11.9846
475 11.9846
476 11.9846
477 11.9846
478 11.9846
479 11.9846
480 11.9846
481 11.9846
482 11.9846
483 11.9846
484 11.9846
485 11.9846
486 11.9846
487 11.9846
488 11.9846
489 11.9846
490 11.9846
491 11.9846
492 11.9846
493 11.9846
494 11.9846
495 11.9846
496 11.9846
497 11.9846
498 11.9846
499 11.9846
500 11.9846
501 11.9846
502 11.9846
503 11.9846
504 11.9846
505 11.9846
506 11.9846
507 11.9846
508 11.9846
509 11.9846
510 11.9846
511 11.9846
512 11.9846
513 11.9846
514 11.9846
515 11.9846
516 11.9846
517 11.9846
518 11.9846
519 11.9846
520 11.9846
521 11.9846
522 11.9846
523 11.9846
524 11.9846
525 11.9846
526 11.9846
527 11.9846
528 11.9846
529 11.9846
530 11.9846
531 11.9846
532 11.9846
533 11.9846
534 11.9846
535 11.9846
536 11.9846
537 11.9846
538 11.9846
539 11.9846
540 11.9846
541 11.9846
542 11.9846
