1 11.9426
2 11.9426
3 11.9426
4 11.9426
5 11.9426
6 11.9426
7 11.9426
8 11.9426
9 11.9426
10 11.9426
11 11.9426
12 11.9426
13 11.9426
14 11.9426
15 11.9426
16 11.9426
17 11.9426
18 11.9426
19 11.9426
20 11.9426
21 11.9426
22 11.9426
23 11.9426
24 11.9426
25 11.9426
26 11.9426
27 11.9426
28 11.9426
29 11.9426
30 11.9426
31 11.9426
32 11.9426
33 11.9426
34 11.9426
35 11.9426
36 11.9426
37 11.9426
38 11.9426
39 11.9426
40 11.9426
41 11.9426
42 11.9426
43 11.9426
44 11.9426
45 11.9426
46 11.9426
47 11.9426
48 11.9426
49 11.9426
50 11.9426
51 11.9426
52 11.9426
53 11.9426
54 11.9426
55 11.9426
56 11.9426
57 11.9426
58 11.9426
59 11.9426
60 11.9426
61 11.9426
62 11.9426
63 11.9426
64 11.9426
65 11.9426
66 11.9426
67 11.9426
68 11.9426
69 11.9426
70 11.9426
71 11.9426
72 11.9426
73 11.9426
74 11.9426
75 11.9426
76 11.9426
77 11.9426
78 11.9426
79 11.9426
80 11.9426
81 11.9426
82 11.9426
83 11.9426
84 11.9426
85 11.9426
86 11.9426
87 11.9426
88 11.9426
89 11.9426
90 11.9426
91 11.9426
92 11.9426
93 11.9426
94 11.9426
95 11.9426
96 11.9426
97 11.9426
98 11.9426
99 11.9426
100 11.9426
101 11.9426
102 11.9426
103 11.9426
104 11.9426
105 11.9426
106 11.9426
107 11.9426
108 11.9426
109 11.9426
110 11.9426
111 11.9426
112 11.9426
113 11.9426
114 11.9426
115 11.9426
116 11.9426
117 11.9426
118 11.9426
119 11.9426
120 11.9426
121 11.9426
122 11.9426
123 11.9426
124 11.9426
125 11.9426
126 11.9426
127 11.9426
128 11.9426
129 11.9426
130 11.9426
131 11.9426
132 11.9426
133 11.9426
134 11.9426
135 11.9426
136 11.9426
137 11.9426
138 11.9426
139 11.9426
140 11.9426
141 11.9426
142 11.9426
143 11.9426
144 11.9426
145 11.9426
146 11.9426
147 11.9426
148 11.9426
149 11.9426
150 11.9426
151 11.9426
152 11.9426
153 11.9426
154 11.9426
155 11.9426
156 11.9426
157 11.9426
158 11.9426
159 11.9426
160 11.9426
161 11.9426
162 11.9426
163 11.9426
164 11.9426
165 11.9426
166 11.9426
167 11.9426
168 11.9426
169 11.9426
170 11.9426
171 11.9426
172 11.9426
173 11.9426
174 11.9426
175 11.9426
176 11.9426
177 11.9426
178 11.9426
179 11.9426
180 11.9426
181 11.9426
182 11.9426
183 11.9426
184 11.9426
185 11.9426
186 11.9426
187 11.9426
188 11.9426
189 11.9426
190 11.9426
191 11.9426
192 11.9426
193 11.9426
194 11.9426
195 11.9426
196 11.9426
197 11.9426
198 11.9426
199 11.9426
200 11.9426
201 11.9426
202 11.9426
203 11.9426
204 11.9426
205 11.9426
206 11.9426
207 11.9426
208 11.9426
209 11.9426
210 11.9426
211 11.9426
212 11.9426
213 11.9426
214 11.9426
215 11.9426
216 11.9426
217 11.9426
218 11.9426
219 11.9426
220 11.9426
221 11.9426
222 11.9426
223 11.9426
224 11.9426
225 11.9426
226 11.9426
227 11.9426
228 11.9426
229 11.9426
230 11.9426
231 11.9426
232 11.9426
233 11.9426
234 11.9426
235 11.9426
236 11.9426
237 11.9426
238 11.9426
239 11.9426
240 11.9426
241 11.9426
242 11.9426
243 11.9426
244 11.9426
245 12
246 11.8798
247 11.5043
248 11.056
249 10.5548
250 10.0325
251 9.46905
252 9.47779
253 9.51061
254 9.37541
255 9.36007
256 9.08001
257 9.03126
258 9.05113
259 8.88402
260 8.33331
261 7.50627
262 7.43541
263 7.43908
264 7.19232
265 7.14687
266 7.14507
267 7.15016
268 7.15003
269 7.14743
270 7.14868
271 7.15122
272 7.17177
273 7.17818
274 7.17794
275 7.18782
276 7.19108
277 7.19133
278 7.20571
279 7.28574
280 7.69829
281 7.7623
282 8.11829
283 8.16891
284 8.50768
285 8.56561
286 8.54947
287 8.55032
288 8.60647
289 8.98713
290 9.02733
291 9.37527
292 9.38011
293 10.0054
294 10.5861
295 11.1328
296 11.6035
297 11.9156
298 11.9785
299 11.9426
300 11.9426
301 11.9426
302 11.9426
303 11.9426
304 11.9426
305 11.9426
306 11.9426
307 11.9426
308 11.9426
309 11.9426
310 11.9426
311 11.9426
312 11.9426
313 11.9426
314 11.9426
315 11.9426
316 11.9426
317 11.9426
318 11.9426
319 11.9426
320 11.9426
321 11.9426
322 11.9426
323 11.9426
324 11.9426
325 11.9426
326 11.9426
327 11.9426
328 11.9426
329 11.9426
330 11.9426
331 11.9426
332 11.9426
333 11.9426
334 11.9426
335 11.9426
336 11.9426
337 11.9426
338 11.9426
339 11.9426
340 11.9426
341 11.9426
342 11.9426
343 11.9426
344 11.9426
345 11.9426
346 11.9426
347 11.9426
348 11.9426
349 11.9426
350 11.9426
351 11.9426
352 11.9426
353 11.9426
354 11.9426
355 11.9426
356 11.9426
357 11.9426
358 11.9426
359 11.9426
360 11.9426
361 11.9426
362 11.9426
363 11.9426
364 11.9426
365 11.9426
366 11.9426
367 11.9426
368 11.9426
369 11.9426
370 11.9426
371 11.9426
372 11.9426
373 11.9426
374 11.9426
375 11.9426
376 11.9426
377 11.9426
378 11.9426
379 11.9426
380 11.9426
381 11.9426
382 11.9426
383 11.9426
384 11.9426
385 11.9426
386 11.9426
387 11.9426
388 11.9426
389 11.9426
390 11.9426
391 11.9426
392 11.9426
393 11.9426
394 11.9426
395 11.9426
396 11.9426
397 11.9426
398 11.9426
399 11.9426
400 11.9426
401 11.9426
402 11.9426
403 11.9426
404 11.9426
405 11.9426
406 11.9426
407 11.9426
408 11.9426
409 11.9426
410 11.9426
411 11.9426
412 11.9426
413 11.9426
414 11.9426
415 11.9426
416 11.9426
417 11.9426
418 11.9426
419 11.9426
420 11.9426
421 11.9426
422 11.9426
423 11.9426
424 11.9426
425 11.9426
426 11.9426
427 11.9426
428 11.9426
429 11.9426
430 11.9426
431 11.9426
432 11.9426
433 11.9426
434 11.9426
435 11.9426
436 11.9426
437 11.9426
438 11.9426
439 11.9426
440 11.9426
441 11.9426
442 11.9426
443 11.9426
444 11.9426
445 11.9426
446 11.9426
447 11.9426
448 11.9426
449 11.9426
450 11.9426
451 11.9426
452 11.9426
453 11.9426
454 11.9426
455 11.9426
456 11.9426
457 11.9426
458 11.9426
459 11.9426
460 11.9426
461 11.9426
462 11.9426
463 11.9426
464 11.9426
465 11.9426
466 11.9426
467 11.9426
468 11.9426
469 11.9426
470 11.9426
471 11.9426
472 11.9426
473 11.9426
474 11.9426
475 11.9426
476 11.9426
477 11.9426
478 11.9426
479 11.9426
480 11.9426
481 11.9426
482 11.9426
483 11.9426
484 11.9426
485 11.9426
486 11.9426
487 11.9426
488 11.9426
489 11.9426
490 11.9426
491 11.9426
492 11.9426
493 11.9426
494 11.9426
495 11.9426
496 11.9426
497 11.9426
498 11.9426
499 11.9426
500 11.9426
501 11.9426
502 11.9426
503 11.9426
504 11.9426
505 11.9426
506 11.9426
507 11.9426
508 11.9426
509 11.9426
510 11.9426
511 11.9426
512 11.9426
513 11.9426
514 11.9426
515 11.9426
516 11.9426
517 11.9426
518 11.9426
519 11.9426
520 11.9426
521 11.9426
522 11.9426
523 11.9426
524 11.9426
525 11.9426
526 11.9426
527 11.9426
528 11.9426
529 11.9426
530 11.9426
531 11.9426
532 11.9426
533 11.9426
534 11.9426
535 11.9426
536 11.9426
537 11.9426
538 11.9426
539 11.9426
540 11.9426
541 11.9426
542 11.9426
