1 11.8058
2 11.8058
3 11.8058
4 11.8058
5 11.8058
6 11.8058
7 11.8058
8 11.8058
9 11.8058
10 11.8058
11 11.8058
12 11.8058
13 11.8058
14 11.8058
15 11.8058
16 11.8058
17 11.8058
18 11.8058
19 11.8058
20 11.8058
21 11.8058
22 11.8058
23 11.8058
24 11.8058
25 11.8058
26 11.8058
27 11.8058
28 11.8058
29 11.8058
30 11.8058
31 11.8058
32 11.8058
33 11.8058
34 11.8058
35 11.8058
36 11.8058
37 11.8058
38 11.8058
39 11.8058
40 11.8058
41 11.8058
42 11.8058
43 11.8058
44 11.8058
45 11.8058
46 11.8058
47 11.8058
48 11.8058
49 11.8058
50 11.8058
51 11.8058
52 11.8058
53 11.8058
54 11.8058
55 11.8058
56 11.8058
57 11.8058
58 11.8058
59 11.8058
60 11.8058
61 11.8058
62 11.8058
63 11.8058
64 11.8058
65 11.8058
66 11.8058
67 11.8058
68 11.8058
69 11.8058
70 11.8058
71 11.8058
72 11.8058
73 11.8058
74 11.8058
75 11.8058
76 11.8058
77 11.8058
78 11.8058
79 11.8058
80 11.8058
81 11.8058
82 11.8058
83 11.8058
84 11.8058
85 11.8058
86 11.8058
87 11.8058
88 11.8058
89 11.8058
90 11.8058
91 11.8058
92 11.8058
93 11.8058
94 11.8058
95 11.8058
96 11.8058
97 11.8058
98 11.8058
99 11.8058
100 11.8058
101 11.8058
102 11.8058
103 11.8058
104 11.8058
105 11.8058
106 11.8058
107 11.8058
108 11.8058
109 11.8058
110 11.8058
111 11.8058
112 11.8058
113 11.8058
114 11.8058
115 11.8058
116 11.8058
117 11.8058
118 11.8058
119 11.8058
120 11.8058
121 11.8058
122 11.8058
123 11.8058
124 11.8058
125 11.8058
126 11.8058
127 11.8058
128 11.8058
129 11.8058
130 11.8058
131 11.8058
132 11.8058
133 11.8058
134 11.8058
135 11.8058
136 11.8058
137 11.8058
138 11.8058
139 11.8058
140 11.8058
141 11.8058
142 11.8058
143 11.8058
144 11.8058
145 11.8058
146 11.8058
147 11.8058
148 11.8058
149 11.8058
150 11.8058
151 11.8058
152 11.8058
153 11.8058
154 11.8058
155 11.8058
156 11.8058
157 11.8058
158 11.8058
159 11.8058
160 11.8058
161 11.8058
162 11.8058
163 11.8058
164 11.8058
165 11.8058
166 11.8058
167 11.8058
168 11.8058
169 11.8058
170 11.8058
171 11.8058
172 11.8058
173 11.8058
174 11.8058
175 11.8058
176 11.8058
177 11.8058
178 11.8058
179 11.8058
180 11.8058
181 11.8058
182 11.8058
183 11.8058
184 11.8058
185 11.8058
186 11.8058
187 11.8058
188 11.8058
189 11.8058
190 11.8058
191 11.8058
192 11.8058
193 11.8058
194 11.8058
195 11.8058
196 11.8058
197 11.8058
198 11.8058
199 11.8058
200 11.8058
201 11.8058
202 11.8058
203 11.8058
204 11.8058
205 11.8058
206 11.8058
207 11.8058
208 11.8058
209 11.8058
210 11.8058
211 11.8058
212 11.8058
213 11.8058
214 11.8058
215 11.8058
216 11.8058
217 11.8058
218 11.8058
219 11.8058
220 11.8058
221 11.8058
222 11.8058
223 11.8058
224 11.8058
225 11.8058
226 11.8058
227 11.8058
228 11.8058
229 11.8058
230 11.8058
231 11.8058
232 11.8058
233 11.8058
234 11.8058
235 11.8058
236 11.8058
237 11.8058
238 11.8058
239 11.8058
240 11.8058
241 11.8058
242 11.8058
243 11.8058
244 11.8058
245 11.8058
246 11.8058
247 11.8058
248 11.8058
249 11.928
250 11.5813
251 11.013
252 11.0611
253 11.4134
254 11.2459
255 11.4134
256 11.0611
257 11.013
258 11.5813
259 12
260 11.4729
261 10.7218
262 10.6924
263 10.73
264 10.4138
265 10.3658
266 10.3717
267 10.4033
268 10.4987
269 10.8906
270 10.9069
271 11.0294
272 11.551
273 11.2378
274 10.3608
275 10.2315
276 10.1959
277 10.1834
278 10.1881
279 10.2571
280 10.7753
281 10.8484
282 11.3873
283 11.3442
284 11.8284
285 11.4649
286 10.792
287 10.7566
288 10.8168
289 11.2165
290 11.1818
291 11.5669
292 11.3358
293 11.8202
294 11.9388
295 11.8058
296 11.8058
297 11.8058
298 11.8058
299 11.8058
300 11.8058
301 11.8058
302 11.8058
303 11.8058
304 11.8058
305 11.8058
306 11.8058
307 11.8058
308 11.8058
309 11.8058
310 11.8058
311 11.8058
312 11.8058
313 11.8058
314 11.8058
315 11.8058
316 11.8058
317 11.8058
318 11.8058
319 11.8058
320 11.8058
321 11.8058
322 11.8058
323 11.8058
324 11.8058
325 11.8058
326 11.8058
327 11.8058
328 11.8058
329 11.8058
330 11.8058
331 11.8058
332 11.8058
333 11.8058
334 11.8058
335 11.8058
336 11.8058
337 11.8058
338 11.8058
339 11.8058
340 11.8058
341 11.8058
342 11.8058
343 11.8058
344 11.8058
345 11.8058
346 11.8058
347 11.8058
348 11.8058
349 11.8058
350 11.8058
351 11.8058
352 11.8058
353 11.8058
354 11.8058
355 11.8058
356 11.8058
357 11.8058
358 11.8058
359 11.8058
360 11.8058
361 11.8058
362 11.8058
363 11.8058
364 11.8058
365 11.8058
366 11.8058
367 11.8058
368 11.8058
369 11.8058
370 11.8058
371 11.8058
372 11.8058
373 11.8058
374 11.8058
375 11.8058
376 11.8058
377 11.8058
378 11.8058
379 11.8058
380 11.8058
381 11.8058
382 11.8058
383 11.8058
384 11.8058
385 11.8058
386 11.8058
387 11.8058
388 11.8058
389 11.8058
390 11.8058
391 11.8058
392 11.8058
393 11.8058
394 11.8058
395 11.8058
396 11.8058
397 11.8058
398 11.8058
399 11.8058
400 11.8058
401 11.8058
402 11.8058
403 11.8058
404 11.8058
405 11.8058
406 11.8058
407 11.8058
408 11.8058
409 11.8058
410 11.8058
411 11.8058
412 11.8058
413 11.8058
414 11.8058
415 11.8058
416 11.8058
417 11.8058
418 11.8058
419 11.8058
420 11.8058
421 11.8058
422 11.8058
423 11.8058
424 11.8058
425 11.8058
426 11.8058
427 11.8058
428 11.8058
429 11.8058
430 11.8058
431 11.8058
432 11.8058
433 11.8058
434 11.8058
435 11.8058
436 11.8058
437 11.8058
438 11.8058
439 11.8058
440 11.8058
441 11.8058
442 11.8058
443 11.8058
444 11.8058
445 11.8058
446 11.8058
447 11.8058
448 11.8058
449 11.8058
450 11.8058
451 11.8058
452 11.8058
453 11.8058
454 11.8058
455 11.8058
456 11.8058
457 11.8058
458 11.8058
459 11.8058
460 11.8058
461 11.8058
462 11.8058
463 11.8058
464 11.8058
465 11.8058
466 11.8058
467 11.8058
468 11.8058
469 11.8058
470 11.8058
471 11.8058
472 11.8058
473 11.8058
474 11.8058
475 11.8058
476 11.8058
477 11.8058
478 11.8058
479 11.8058
480 11.8058
481 11.8058
482 11.8058
483 11.8058
484 11.8058
485 11.8058
486 11.8058
487 11.8058
488 11.8058
489 11.8058
490 11.8058
491 11.8058
492 11.8058
493 11.8058
494 11.8058
495 11.8058
496 11.8058
497 11.8058
498 11.8058
499 11.8058
500 11.8058
501 11.8058
502 11.8058
503 11.8058
504 11.8058
505 11.8058
506 11.8058
507 11.8058
508 11.8058
509 11.8058
510 11.8058
511 11.8058
512 11.8058
513 11.8058
514 11.8058
515 11.8058
516 11.8058
517 11.8058
518 11.8058
519 11.8058
520 11.8058
521 11.8058
522 11.8058
523 11.8058
524 11.8058
525 11.8058
526 11.8058
527 11.8058
528 11.8058
529 11.8058
530 11.8058
531 11.8058
532 11.8058
533 11.8058
534 11.8058
535 11.8058
536 11.8058
537 11.8058
538 11.8058
539 11.8058
540 11.8058
541 11.8058
542 11.8058
