1 11.9978
2 11.9978
3 11.9978
4 11.9978
5 11.9978
6 11.9978
7 11.9978
8 11.9978
9 11.9978
10 11.9978
11 11.9978
12 11.9978
13 11.9978
14 11.9978
15 11.9978
16 11.9978
17 11.9978
18 11.9978
19 11.9978
20 11.9978
21 11.9978
22 11.9978
23 11.9978
24 11.9978
25 11.9978
26 11.9978
27 11.9978
28 11.9978
29 11.9978
30 11.9978
31 11.9978
32 11.9978
33 11.9978
34 11.9978
35 11.9978
36 11.9978
37 11.9978
38 11.9978
39 11.9978
40 11.9978
41 11.9978
42 11.9978
43 11.9978
44 11.9978
45 11.9978
46 11.9978
47 11.9978
48 11.9978
49 11.9978
50 11.9978
51 11.9978
52 11.9978
53 11.9978
54 11.9978
55 11.9978
56 11.9978
57 11.9978
58 11.9978
59 11.9978
60 11.9978
61 11.9978
62 11.9978
63 11.9978
64 11.9978
65 11.9978
66 11.9978
67 11.9978
68 11.9978
69 11.9978
70 11.9978
71 11.9978
72 11.9978
73 11.9978
74 11.9978
75 11.9978
76 11.9978
77 11.9978
78 11.9978
79 11.9978
80 11.9978
81 11.9978
82 11.9978
83 11.9978
84 11.9978
85 11.9978
86 11.9978
87 11.9978
88 11.9978
89 11.9978
90 11.9978
91 11.9978
92 11.9978
93 11.9978
94 11.9978
95 11.9978
96 11.9978
97 11.9978
98 11.9978
99 11.9978
100 11.9978
101 11.9978
102 11.9978
103 11.9978
104 11.9978
105 11.9978
106 11.9978
107 11.9978
108 11.9978
109 11.9978
110 11.9978
111 11.9978
112 11.9978
113 11.9978
114 11.9978
115 11.9978
116 11.9978
117 11.9978
118 11.9978
119 11.9978
120 11.9978
121 11.9978
122 11.9978
123 11.9978
124 11.9978
125 11.9978
126 11.9978
127 11.9978
128 11.9978
129 11.9978
130 11.9978
131 11.9978
132 11.9978
133 11.9978
134 11.9978
135 11.9978
136 11.9978
137 11.9978
138 11.9978
139 11.9978
140 11.9978
141 11.9978
142 11.9978
143 11.9978
144 11.9978
145 11.9978
146 11.9978
147 11.9978
148 11.9978
149 11.9978
150 11.9978
151 11.9978
152 11.9978
153 11.9978
154 11.9978
155 11.9978
156 11.9978
157 11.9978
158 11.9978
159 11.9978
160 11.9978
161 11.9978
162 11.9978
163 11.9978
164 11.9978
165 11.9978
166 11.9978
167 11.9978
168 11.9978
169 11.9978
170 11.9978
171 11.9978
172 11.9978
173 11.9978
174 11.9978
175 11.9978
176 11.9978
177 11.9978
178 11.9978
179 11.9978
180 11.9978
181 11.9978
182 11.9978
183 11.9978
184 11.9978
185 11.9978
186 11.9978
187 11.9978
188 11.9978
189 11.9978
190 11.9978
191 11.9978
192 11.9978
193 11.9978
194 11.9978
195 11.9978
196 11.9978
197 11.9978
198 11.9978
199 11.9978
200 11.9978
201 11.9978
202 11.9978
203 11.9978
204 11.9978
205 11.9978
206 11.9978
207 11.9978
208 11.9978
209 11.9978
210 11.9978
211 11.9978
212 11.9978
213 11.9978
214 11.9978
215 11.9978
216 11.9978
217 11.9978
218 11.9978
219 11.9978
220 11.9978
221 11.9978
222 11.9978
223 11.9978
224 11.9978
225 11.9978
226 11.9978
227 11.9978
228 11.9978
229 11.9978
230 11.9978
231 11.9978
232 11.9978
233 11.9978
234 11.9978
235 11.9978
236 12
237 11.7629
238 11.2933
239 10.678
240 9.99062
241 9.26731
242 8.51868
243 7.7526
244 6.97474
245 6.19221
246 5.41339
247 4.64658
248 3.89869
249 3.1746
250 2.47716
251 1.8075
252 1.8268
253 1.88467
254 1.84343
255 1.88094
256 1.82302
257 1.85028
258 1.88223
259 1.89462
260 1.79695
261 1.46302
262 1.43509
263 1.45032
264 1.40944
265 1.41849
266 1.43226
267 1.44197
268 1.44731
269 1.44944
270 1.45348
271 1.45441
272 1.4526
273 1.45226
274 1.45324
275 1.45177
276 1.44753
277 1.43924
278 1.42556
279 1.40843
280 1.40798
281 1.38425
282 1.37713
283 1.3478
284 1.33985
285 1.30629
286 1.27833
287 1.24273
288 1.22568
289 1.39416
290 1.38036
291 1.64551
292 1.63617
293 2.3343
294 3.05867
295 3.807
296 4.57518
297 5.35669
298 6.14274
299 6.92336
300 7.68968
301 8.43614
302 9.16105
303 9.86228
304 10.5317
305 11.1396
306 11.6158
307 11.9599
308 11.9978
309 11.9978
310 11.9978
311 11.9978
312 11.9978
313 11.9978
314 11.9978
315 11.9978
316 11.9978
317 11.9978
318 11.9978
319 11.9978
320 11.9978
321 11.9978
322 11.9978
323 11.9978
324 11.9978
325 11.9978
326 11.9978
327 11.9978
328 11.9978
329 11.9978
330 11.9978
331 11.9978
332 11.9978
333 11.9978
334 11.9978
335 11.9978
336 11.9978
337 11.9978
338 11.9978
339 11.9978
340 11.9978
341 11.9978
342 11.9978
343 11.9978
344 11.9978
345 11.9978
346 11.9978
347 11.9978
348 11.9978
349 11.9978
350 11.9978
351 11.9978
352 11.9978
353 11.9978
354 11.9978
355 11.9978
356 11.9978
357 11.9978
358 11.9978
359 11.9978
360 11.9978
361 11.9978
362 11.9978
363 11.9978
364 11.9978
365 11.9978
366 11.9978
367 11.9978
368 11.9978
369 11.9978
370 11.9978
371 11.9978
372 11.9978
373 11.9978
374 11.9978
375 11.9978
376 11.9978
377 11.9978
378 11.9978
379 11.9978
380 11.9978
381 11.9978
382 11.9978
383 11.9978
384 11.9978
385 11.9978
386 11.9978
387 11.9978
388 11.9978
389 11.9978
390 11.9978
391 11.9978
392 11.9978
393 11.9978
394 11.9978
395 11.9978
396 11.9978
397 11.9978
398 11.9978
399 11.9978
400 11.9978
401 11.9978
402 11.9978
403 11.9978
404 11.9978
405 11.9978
406 11.9978
407 11.9978
408 11.9978
409 11.9978
410 11.9978
411 11.9978
412 11.9978
413 11.9978
414 11.9978
415 11.9978
416 11.9978
417 11.9978
418 11.9978
419 11.9978
420 11.9978
421 11.9978
422 11.9978
423 11.9978
424 11.9978
425 11.9978
426 11.9978
427 11.9978
428 11.9978
429 11.9978
430 11.9978
431 11.9978
432 11.9978
433 11.9978
434 11.9978
435 11.9978
436 11.9978
437 11.9978
438 11.9978
439 11.9978
440 11.9978
441 11.9978
442 11.9978
443 11.9978
444 11.9978
445 11.9978
446 11.9978
447 11.9978
448 11.9978
449 11.9978
450 11.9978
451 11.9978
452 11.9978
453 11.9978
454 11.9978
455 11.9978
456 11.9978
457 11.9978
458 11.9978
459 11.9978
460 11.9978
461 11.9978
462 11.9978
463 11.9978
464 11.9978
465 11.9978
466 11.9978
467 11.9978
468 11.9978
469 11.9978
470 11.9978
471 11.9978
472 11.9978
473 11.9978
474 11.9978
475 11.9978
476 11.9978
477 11.9978
478 11.9978
479 11.9978
480 11.9978
481 11.9978
482 11.9978
483 11.9978
484 11.9978
485 11.9978
486 11.9978
487 11.9978
488 11.9978
489 11.9978
490 11.9978
491 11.9978
492 11.9978
493 11.9978
494 11.9978
495 11.9978
496 11.9978
497 11.9978
498 11.9978
499 11.9978
500 11.9978
501 11.9978
502 11.9978
503 11.9978
504 11.9978
505 11.9978
506 11.9978
507 11.9978
508 11.9978
509 11.9978
510 11.9978
511 11.9978
512 11.9978
513 11.9978
514 11.9978
515 11.9978
516 11.9978
517 11.9978
518 11.9978
519 11.9978
520 11.9978
521 11.9978
522 11.9978
523 11.9978
524 11.9978
525 11.9978
526 11.9978
527 11.9978
528 11.9978
529 11.9978
530 11.9978
531 11.9978
532 11.9978
533 11.9978
534 11.9978
535 11.9978
536 11.9978
537 11.9978
538 11.9978
539 11.9978
540 11.9978
541 11.9978
542 11.9978
