1 11.9299
2 11.9299
3 11.9299
4 11.9299
5 11.9299
6 11.9299
7 11.9299
8 11.9299
9 11.9299
10 11.9299
11 11.9299
12 11.9299
13 11.9299
14 11.9299
15 11.9299
16 11.9299
17 11.9299
18 11.9299
19 11.9299
20 11.9299
21 11.9299
22 11.9299
23 11.9299
24 11.9299
25 11.9299
26 11.9299
27 11.9299
28 11.9299
29 11.9299
30 11.9299
31 11.9299
32 11.9299
33 11.9299
34 11.9299
35 11.9299
36 11.9299
37 11.9299
38 11.9299
39 11.9299
40 11.9299
41 11.9299
42 11.9299
43 11.9299
44 11.9299
45 11.9299
46 11.9299
47 11.9299
48 11.9299
49 11.9299
50 11.9299
51 11.9299
52 11.9299
53 11.9299
54 11.9299
55 11.9299
56 11.9299
57 11.9299
58 11.9299
59 11.9299
60 11.9299
61 11.9299
62 11.9299
63 11.9299
64 11.9299
65 11.9299
66 11.9299
67 11.9299
68 11.9299
69 11.9299
70 11.9299
71 11.9299
72 11.9299
73 11.9299
74 11.9299
75 11.9299
76 11.9299
77 11.9299
78 11.9299
79 11.9299
80 11.9299
81 11.9299
82 11.9299
83 11.9299
84 11.9299
85 11.9299
86 11.9299
87 11.9299
88 11.9299
89 11.9299
90 11.9299
91 11.9299
92 11.9299
93 11.9299
94 11.9299
95 11.9299
96 11.9299
97 11.9299
98 11.9299
99 11.9299
100 11.9299
101 11.9299
102 11.9299
103 11.9299
104 11.9299
105 11.9299
106 11.9299
107 11.9299
108 11.9299
109 11.9299
110 11.9299
111 11.9299
112 11.9299
113 11.9299
114 11.9299
115 11.9299
116 11.9299
117 11.9299
118 11.9299
119 11.9299
120 11.9299
121 11.9299
122 11.9299
123 11.9299
124 11.9299
125 11.9299
126 11.9299
127 11.9299
128 11.9299
129 11.9299
130 11.9299
131 11.9299
132 11.9299
133 11.9299
134 11.9299
135 11.9299
136 11.9299
137 11.9299
138 11.9299
139 11.9299
140 11.9299
141 11.9299
142 11.9299
143 11.9299
144 11.9299
145 11.9299
146 11.9299
147 11.9299
148 11.9299
149 11.9299
150 11.9299
151 11.9299
152 11.9299
153 11.9299
154 11.9299
155 11.9299
156 11.9299
157 11.9299
158 11.9299
159 11.9299
160 11.9299
161 11.9299
162 11.9299
163 11.9299
164 11.9299
165 11.9299
166 11.9299
167 11.9299
168 11.9299
169 11.9299
170 11.9299
171 11.9299
172 11.9299
173 11.9299
174 11.9299
175 11.9299
176 11.9299
177 11.9299
178 11.9299
179 11.9299
180 11.9299
181 11.9299
182 11.9299
183 11.9299
184 11.9299
185 11.9299
186 11.9299
187 11.9299
188 11.9299
189 11.9299
190 11.9299
191 11.9299
192 11.9299
193 11.9299
194 11.9299
195 11.9299
196 11.9299
197 11.9299
198 11.9299
199 11.9299
200 11.9299
201 11.9299
202 11.9299
203 11.9299
204 11.9299
205 11.9299
206 11.9299
207 11.9299
208 11.9299
209 11.9299
210 11.9299
211 11.9299
212 11.9299
213 11.9299
214 11.9299
215 11.9299
216 11.9299
217 11.9299
218 11.9299
219 11.9299
220 11.9299
221 11.9299
222 11.9299
223 11.9299
224 11.9299
225 11.9299
226 11.9299
227 11.9299
228 11.9299
229 11.9299
230 11.9299
231 11.9299
232 11.9299
233 11.9299
234 11.9299
235 11.9299
236 11.9299
237 11.9299
238 11.9299
239 11.9299
240 11.9299
241 11.9563
242 12
243 11.9177
244 11.6393
245 11.1719
246 10.6174
247 10.0124
248 9.35048
249 8.62636
250 7.85753
251 7.07387
252 7.05434
253 7.09094
254 6.91437
255 6.90625
256 6.62559
257 6.58505
258 6.58721
259 6.40239
260 5.78912
261 4.88462
262 4.80294
263 4.81225
264 4.62348
265 4.61117
266 4.6317
267 4.65206
268 4.66186
269 4.6572
270 4.67104
271 4.67
272 4.65546
273 4.65813
274 4.67798
275 4.68343
276 4.6762
277 4.66233
278 4.65842
279 4.71824
280 5.11596
281 5.19477
282 5.6277
283 5.7089
284 6.10899
285 6.16836
286 6.14319
287 6.11836
288 6.136
289 6.45453
290 6.46597
291 6.84714
292 6.86285
293 7.64933
294 8.43573
295 9.19637
296 9.91221
297 10.5818
298 11.1964
299 11.6945
300 11.9426
301 11.9784
302 11.939
303 11.9299
304 11.9299
305 11.9299
306 11.9299
307 11.9299
308 11.9299
309 11.9299
310 11.9299
311 11.9299
312 11.9299
313 11.9299
314 11.9299
315 11.9299
316 11.9299
317 11.9299
318 11.9299
319 11.9299
320 11.9299
321 11.9299
322 11.9299
323 11.9299
324 11.9299
325 11.9299
326 11.9299
327 11.9299
328 11.9299
329 11.9299
330 11.9299
331 11.9299
332 11.9299
333 11.9299
334 11.9299
335 11.9299
336 11.9299
337 11.9299
338 11.9299
339 11.9299
340 11.9299
341 11.9299
342 11.9299
343 11.9299
344 11.9299
345 11.9299
346 11.9299
347 11.9299
348 11.9299
349 11.9299
350 11.9299
351 11.9299
352 11.9299
353 11.9299
354 11.9299
355 11.9299
356 11.9299
357 11.9299
358 11.9299
359 11.9299
360 11.9299
361 11.9299
362 11.9299
363 11.9299
364 11.9299
365 11.9299
366 11.9299
367 11.9299
368 11.9299
369 11.9299
370 11.9299
371 11.9299
372 11.9299
373 11.9299
374 11.9299
375 11.9299
376 11.9299
377 11.9299
378 11.9299
379 11.9299
380 11.9299
381 11.9299
382 11.9299
383 11.9299
384 11.9299
385 11.9299
386 11.9299
387 11.9299
388 11.9299
389 11.9299
390 11.9299
391 11.9299
392 11.9299
393 11.9299
394 11.9299
395 11.9299
396 11.9299
397 11.9299
398 11.9299
399 11.9299
400 11.9299
401 11.9299
402 11.9299
403 11.9299
404 11.9299
405 11.9299
406 11.9299
407 11.9299
408 11.9299
409 11.9299
410 11.9299
411 11.9299
412 11.9299
413 11.9299
414 11.9299
415 11.9299
416 11.9299
417 11.9299
418 11.9299
419 11.9299
420 11.9299
421 11.9299
422 11.9299
423 11.9299
424 11.9299
425 11.9299
426 11.9299
427 11.9299
428 11.9299
429 11.9299
430 11.9299
431 11.9299
432 11.9299
433 11.9299
434 11.9299
435 11.9299
436 11.9299
437 11.9299
438 11.9299
439 11.9299
440 11.9299
441 11.9299
442 11.9299
443 11.9299
444 11.9299
445 11.9299
446 11.9299
447 11.9299
448 11.9299
449 11.9299
450 11.9299
451 11.9299
452 11.9299
453 11.9299
454 11.9299
455 11.9299
456 11.9299
457 11.9299
458 11.9299
459 11.9299
460 11.9299
461 11.9299
462 11.9299
463 11.9299
464 11.9299
465 11.9299
466 11.9299
467 11.9299
468 11.9299
469 11.9299
470 11.9299
471 11.9299
472 11.9299
473 11.9299
474 11.9299
475 11.9299
476 11.9299
477 11.9299
478 11.9299
479 11.9299
480 11.9299
481 11.9299
482 11.9299
483 11.9299
484 11.9299
485 11.9299
486 11.9299
487 11.9299
488 11.9299
489 11.9299
490 11.9299
491 11.9299
492 11.9299
493 11.9299
494 11.9299
495 11.9299
496 11.9299
497 11.9299
498 11.9299
499 11.9299
500 11.9299
501 11.9299
502 11.9299
503 11.9299
504 11.9299
505 11.9299
506 11.9299
507 11.9299
508 11.9299
509 11.9299
510 11.9299
511 11.9299
512 11.9299
513 11.9299
514 11.9299
515 11.9299
516 11.9299
517 11.9299
518 11.9299
519 11.9299
520 11.9299
521 11.9299
522 11.9299
523 11.9299
524 11.9299
525 11.9299
526 11.9299
527 11.9299
528 11.9299
529 11.9299
530 11.9299
531 11.9299
532 11.9299
533 11.9299
534 11.9299
535 11.9299
536 11.9299
537 11.9299
538 11.9299
539 11.9299
540 11.9299
541 11.9299
542 11.9299
