1 11.9852
2 11.9852
3 11.9852
4 11.9852
5 11.9852
6 11.9852
7 11.9852
8 11.9852
9 11.9852
10 11.9852
11 11.9852
12 11.9852
13 11.9852
14 11.9852
15 11.9852
16 11.9852
17 11.9852
18 11.9852
19 11.9852
20 11.9852
21 11.9852
22 11.9852
23 11.9852
24 11.9852
25 11.9852
26 11.9852
27 11.9852
28 11.9852
29 11.9852
30 11.9852
31 11.9852
32 11.9852
33 11.9852
34 11.9852
35 11.9852
36 11.9852
37 11.9852
38 11.9852
39 11.9852
40 11.9852
41 11.9852
42 11.9852
43 11.9852
44 11.9852
45 11.9852
46 11.9852
47 11.9852
48 11.9852
49 11.9852
50 11.9852
51 11.9852
52 11.9852
53 11.9852
54 11.9852
55 11.9852
56 11.9852
57 11.9852
58 11.9852
59 11.9852
60 11.9852
61 11.9852
62 11.9852
63 11.9852
64 11.9852
65 11.9852
66 11.9852
67 11.9852
68 11.9852
69 11.9852
70 11.9852
71 11.9852
72 11.9852
73 11.9852
74 11.9852
75 11.9852
76 11.9852
77 11.9852
78 11.9852
79 11.9852
80 11.9852
81 11.9852
82 11.9852
83 11.9852
84 11.9852
85 11.9852
86 11.9852
87 11.9852
88 11.9852
89 11.9852
90 11.9852
91 11.9852
92 11.9852
93 11.9852
94 11.9852
95 11.9852
96 11.9852
97 11.9852
98 11.9852
99 11.9852
100 11.9852
101 11.9852
102 11.9852
103 11.9852
104 11.9852
105 11.9852
106 11.9852
107 11.9852
108 11.9852
109 11.9852
110 11.9852
111 11.9852
112 11.9852
113 11.9852
114 11.9852
115 11.9852
116 11.9852
117 11.9852
118 11.9852
119 11.9852
120 11.9852
121 11.9852
122 11.9852
123 11.9852
124 11.9852
125 11.9852
126 11.9852
127 11.9852
128 11.9852
129 11.9852
130 11.9852
131 11.9852
132 11.9852
133 11.9852
134 11.9852
135 11.9852
136 11.9852
137 11.9852
138 11.9852
139 11.9852
140 11.9852
141 11.9852
142 11.9852
143 11.9852
144 11.9852
145 11.9852
146 11.9852
147 11.9852
148 11.9852
149 11.9852
150 11.9852
151 11.9852
152 11.9852
153 11.9852
154 11.9852
155 11.9852
156 11.9852
157 11.9852
158 11.9852
159 11.9852
160 11.9852
161 11.9852
162 11.9852
163 11.9852
164 11.9852
165 11.9852
166 11.9852
167 11.9852
168 11.9852
169 11.9852
170 11.9852
171 11.9852
172 11.9852
173 11.9852
174 11.9852
175 11.9852
176 11.9852
177 11.9852
178 11.9852
179 11.9852
180 11.9852
181 11.9852
182 11.9852
183 11.9852
184 11.9852
185 11.9852
186 11.9852
187 11.9852
188 11.9852
189 11.9852
190 11.9852
191 11.9852
192 11.9852
193 11.9852
194 11.9852
195 11.9852
196 11.9852
197 11.9852
198 11.9852
199 11.9852
200 11.9852
201 11.9852
202 11.9852
203 11.9852
204 11.9852
205 11.9852
206 11.9852
207 11.9852
208 11.9852
209 11.9852
210 11.9852
211 11.9852
212 11.9852
213 11.9852
214 11.9852
215 11.9852
216 11.9852
217 11.9852
218 11.9852
219 11.9852
220 11.9852
221 11.9852
222 11.9852
223 11.9852
224 11.9852
225 11.9852
226 11.9852
227 11.9852
228 11.9852
229 11.9852
230 11.9753
231 11.7447
232 11.3158
233 10.7971
234 10.2477
235 9.69147
236 9.1309
237 8.56491
238 7.99246
239 7.41377
240 6.83102
241 6.24802
242 5.66956
243 5.10068
244 4.54595
245 4.00907
246 3.49277
247 2.99894
248 2.52879
249 2.08315
250 1.66259
251 1.26755
252 1.30268
253 1.34131
254 1.37838
255 1.40256
256 1.43078
257 1.44423
258 1.44931
259 1.45572
260 1.46355
261 1.4728
262 1.47571
263 1.47652
264 1.47742
265 1.47765
266 1.4777
267 1.47771
268 1.47771
269 1.47771
270 1.47771
271 1.47771
272 1.47771
273 1.47771
274 1.47771
275 1.47771
276 1.47771
277 1.4777
278 1.47765
279 1.47743
280 1.47654
281 1.47575
282 1.47293
283 1.47054
284 1.46318
285 1.45722
286 1.45257
287 1.4405
288 1.41584
289 1.39519
290 1.36136
291 1.3987
292 1.36824
293 1.79663
294 2.25317
295 2.73556
296 3.24033
297 3.76268
298 4.29648
299 4.83472
300 5.37055
301 5.89861
302 6.41627
303 6.92419
304 7.42592
305 7.92669
306 8.43203
307 8.94647
308 9.47335
309 10.012
310 10.5588
311 11.0975
312 11.5995
313 11.9407
314 12
315 11.9852
316 11.9852
317 11.9852
318 11.9852
319 11.9852
320 11.9852
321 11.9852
322 11.9852
323 11.9852
324 11.9852
325 11.9852
326 11.9852
327 11.9852
328 11.9852
329 11.9852
330 11.9852
331 11.9852
332 11.9852
333 11.9852
334 11.9852
335 11.9852
336 11.9852
337 11.9852
338 11.9852
339 11.9852
340 11.9852
341 11.9852
342 11.9852
343 11.9852
344 11.9852
345 11.9852
346 11.9852
347 11.9852
348 11.9852
349 11.9852
350 11.9852
351 11.9852
352 11.9852
353 11.9852
354 11.9852
355 11.9852
356 11.9852
357 11.9852
358 11.9852
359 11.9852
360 11.9852
361 11.9852
362 11.9852
363 11.9852
364 11.9852
365 11.9852
366 11.9852
367 11.9852
368 11.9852
369 11.9852
370 11.9852
371 11.9852
372 11.9852
373 11.9852
374 11.9852
375 11.9852
376 11.9852
377 11.9852
378 11.9852
379 11.9852
380 11.9852
381 11.9852
382 11.9852
383 11.9852
384 11.9852
385 11.9852
386 11.9852
387 11.9852
388 11.9852
389 11.9852
390 11.9852
391 11.9852
392 11.9852
393 11.9852
394 11.9852
395 11.9852
396 11.9852
397 11.9852
398 11.9852
399 11.9852
400 11.9852
401 11.9852
402 11.9852
403 11.9852
404 11.9852
405 11.9852
406 11.9852
407 11.9852
408 11.9852
409 11.9852
410 11.9852
411 11.9852
412 11.9852
413 11.9852
414 11.9852
415 11.9852
416 11.9852
417 11.9852
418 11.9852
419 11.9852
420 11.9852
421 11.9852
422 11.9852
423 11.9852
424 11.9852
425 11.9852
426 11.9852
427 11.9852
428 11.9852
429 11.9852
430 11.9852
431 11.9852
432 11.9852
433 11.9852
434 11.9852
435 11.9852
436 11.9852
437 11.9852
438 11.9852
439 11.9852
440 11.9852
441 11.9852
442 11.9852
443 11.9852
444 11.9852
445 11.9852
446 11.9852
447 11.9852
448 11.9852
449 11.9852
450 11.9852
451 11.9852
452 11.9852
453 11.9852
454 11.9852
455 11.9852
456 11.9852
457 11.9852
458 11.9852
459 11.9852
460 11.9852
461 11.9852
462 11.9852
463 11.9852
464 11.9852
465 11.9852
466 11.9852
467 11.9852
468 11.9852
469 11.9852
470 11.9852
471 11.9852
472 11.9852
473 11.9852
474 11.9852
475 11.9852
476 11.9852
477 11.9852
478 11.9852
479 11.9852
480 11.9852
481 11.9852
482 11.9852
483 11.9852
484 11.9852
485 11.9852
486 11.9852
487 11.9852
488 11.9852
489 11.9852
490 11.9852
491 11.9852
492 11.9852
493 11.9852
494 11.9852
495 11.9852
496 11.9852
497 11.9852
498 11.9852
499 11.9852
500 11.9852
501 11.9852
502 11.9852
503 11.9852
504 11.9852
505 11.9852
506 11.9852
507 11.9852
508 11.9852
509 11.9852
510 11.9852
511 11.9852
512 11.9852
513 11.9852
514 11.9852
515 11.9852
516 11.9852
517 11.9852
518 11.9852
519 11.9852
520 11.9852
521 11.9852
522 11.9852
523 11.9852
524 11.9852
525 11.9852
526 11.9852
527 11.9852
528 11.9852
529 11.9852
530 11.9852
531 11.9852
532 11.9852
533 11.9852
534 11.9852
535 11.9852
536 11.9852
537 11.9852
538 11.9852
539 11.9852
540 11.9852
541 11.9852
542 11.9852
