1 11.9115
2 11.9115
3 11.9115
4 11.9115
5 11.9115
6 11.9115
7 11.9115
8 11.9115
9 11.9115
10 11.9115
11 11.9115
12 11.9115
13 11.9115
14 11.9115
15 11.9115
16 11.9115
17 11.9115
18 11.9115
19 11.9115
20 11.9115
21 11.9115
22 11.9115
23 11.9115
24 11.9115
25 11.9115
26 11.9115
27 11.9115
28 11.9115
29 11.9115
30 11.9115
31 11.9115
32 11.9115
33 11.9115
34 11.9115
35 11.9115
36 11.9115
37 11.9115
38 11.9115
39 11.9115
40 11.9115
41 11.9115
42 11.9115
43 11.9115
44 11.9115
45 11.9115
46 11.9115
47 11.9115
48 11.9115
49 11.9115
50 11.9115
51 11.9115
52 11.9115
53 11.9115
54 11.9115
55 11.9115
56 11.9115
57 11.9115
58 11.9115
59 11.9115
60 11.9115
61 11.9115
62 11.9115
63 11.9115
64 11.9115
65 11.9115
66 11.9115
67 11.9115
68 11.9115
69 11.9115
70 11.9115
71 11.9115
72 11.9115
73 11.9115
74 11.9115
75 11.9115
76 11.9115
77 11.9115
78 11.9115
79 11.9115
80 11.9115
81 11.9115
82 11.9115
83 11.9115
84 11.9115
85 11.9115
86 11.9115
87 11.9115
88 11.9115
89 11.9115
90 11.9115
91 11.9115
92 11.9115
93 11.9115
94 11.9115
95 11.9115
96 11.9115
97 11.9115
98 11.9115
99 11.9115
100 11.9115
101 11.9115
102 11.9115
103 11.9115
104 11.9115
105 11.9115
106 11.9115
107 11.9115
108 11.9115
109 11.9115
110 11.9115
111 11.9115
112 11.9115
113 11.9115
114 11.9115
115 11.9115
116 11.9115
117 11.9115
118 11.9115
119 11.9115
120 11.9115
121 11.9115
122 11.9115
123 11.9115
124 11.9115
125 11.9115
126 11.9115
127 11.9115
128 11.9115
129 11.9115
130 11.9115
131 11.9115
132 11.9115
133 11.9115
134 11.9115
135 11.9115
136 11.9115
137 11.9115
138 11.9115
139 11.9115
140 11.9115
141 11.9115
142 11.9115
143 11.9115
144 11.9115
145 11.9115
146 11.9115
147 11.9115
148 11.9115
149 11.9115
150 11.9115
151 11.9115
152 11.9115
153 11.9115
154 11.9115
155 11.9115
156 11.9115
157 11.9115
158 11.9115
159 11.9115
160 11.9115
161 11.9115
162 11.9115
163 11.9115
164 11.9115
165 11.9115
166 11.9115
167 11.9115
168 11.9115
169 11.9115
170 11.9115
171 11.9115
172 11.9115
173 11.9115
174 11.9115
175 11.9115
176 11.9115
177 11.9115
178 11.9115
179 11.9115
180 11.9115
181 11.9115
182 11.9115
183 11.9115
184 11.9115
185 11.9115
186 11.9115
187 11.9115
188 11.9115
189 11.9115
190 11.9115
191 11.9115
192 11.9115
193 11.9115
194 11.9115
195 11.9115
196 11.9115
197 11.9115
198 11.9115
199 11.9115
200 11.9115
201 11.9115
202 11.9115
203 11.9115
204 11.9115
205 11.9115
206 11.9115
207 11.9115
208 11.9115
209 11.9115
210 11.9115
211 11.9115
212 11.9115
213 11.9115
214 11.9115
215 11.9115
216 11.9115
217 11.9115
218 11.9115
219 11.9115
220 11.9115
221 11.9115
222 11.9115
223 11.9115
224 11.9115
225 11.9115
226 11.9115
227 11.9115
228 11.9115
229 11.9115
230 11.9115
231 11.9115
232 11.9115
233 11.9115
234 11.9115
235 11.9115
236 11.9115
237 11.9115
238 11.9115
239 11.9115
240 11.9115
241 11.9115
242 11.9115
243 11.9115
244 11.9115
245 11.9115
246 11.9115
247 11.9115
248 11.9115
249 11.9115
250 11.6603
251 11.0826
252 11.1436
253 11.6605
254 11.3798
255 11.6605
256 11.1436
257 11.0826
258 11.6603
259 11.9115
260 11.8443
261 11.1899
262 11.236
263 11.4084
264 10.9206
265 10.822
266 10.7984
267 10.822
268 10.9206
269 11.4084
270 11.2878
271 11.3173
272 12
273 11.6097
274 10.7112
275 10.6282
276 10.6125
277 10.6221
278 10.654
279 10.7584
280 11.4158
281 11.3836
282 11.9089
283 11.4813
284 11.8673
285 11.6508
286 10.954
287 10.9412
288 11.0205
289 11.5682
290 11.387
291 11.7958
292 11.3245
293 11.7821
294 11.9115
295 11.9115
296 11.9115
297 11.9115
298 11.9115
299 11.9115
300 11.9115
301 11.9115
302 11.9115
303 11.9115
304 11.9115
305 11.9115
306 11.9115
307 11.9115
308 11.9115
309 11.9115
310 11.9115
311 11.9115
312 11.9115
313 11.9115
314 11.9115
315 11.9115
316 11.9115
317 11.9115
318 11.9115
319 11.9115
320 11.9115
321 11.9115
322 11.9115
323 11.9115
324 11.9115
325 11.9115
326 11.9115
327 11.9115
328 11.9115
329 11.9115
330 11.9115
331 11.9115
332 11.9115
333 11.9115
334 11.9115
335 11.9115
336 11.9115
337 11.9115
338 11.9115
339 11.9115
340 11.9115
341 11.9115
342 11.9115
343 11.9115
344 11.9115
345 11.9115
346 11.9115
347 11.9115
348 11.9115
349 11.9115
350 11.9115
351 11.9115
352 11.9115
353 11.9115
354 11.9115
355 11.9115
356 11.9115
357 11.9115
358 11.9115
359 11.9115
360 11.9115
361 11.9115
362 11.9115
363 11.9115
364 11.9115
365 11.9115
366 11.9115
367 11.9115
368 11.9115
369 11.9115
370 11.9115
371 11.9115
372 11.9115
373 11.9115
374 11.9115
375 11.9115
376 11.9115
377 11.9115
378 11.9115
379 11.9115
380 11.9115
381 11.9115
382 11.9115
383 11.9115
384 11.9115
385 11.9115
386 11.9115
387 11.9115
388 11.9115
389 11.9115
390 11.9115
391 11.9115
392 11.9115
393 11.9115
394 11.9115
395 11.9115
396 11.9115
397 11.9115
398 11.9115
399 11.9115
400 11.9115
401 11.9115
402 11.9115
403 11.9115
404 11.9115
405 11.9115
406 11.9115
407 11.9115
408 11.9115
409 11.9115
410 11.9115
411 11.9115
412 11.9115
413 11.9115
414 11.9115
415 11.9115
416 11.9115
417 11.9115
418 11.9115
419 11.9115
420 11.9115
421 11.9115
422 11.9115
423 11.9115
424 11.9115
425 11.9115
426 11.9115
427 11.9115
428 11.9115
429 11.9115
430 11.9115
431 11.9115
432 11.9115
433 11.9115
434 11.9115
435 11.9115
436 11.9115
437 11.9115
438 11.9115
439 11.9115
440 11.9115
441 11.9115
442 11.9115
443 11.9115
444 11.9115
445 11.9115
446 11.9115
447 11.9115
448 11.9115
449 11.9115
450 11.9115
451 11.9115
452 11.9115
453 11.9115
454 11.9115
455 11.9115
456 11.9115
457 11.9115
458 11.9115
459 11.9115
460 11.9115
461 11.9115
462 11.9115
463 11.9115
464 11.9115
465 11.9115
466 11.9115
467 11.9115
468 11.9115
469 11.9115
470 11.9115
471 11.9115
472 11.9115
473 11.9115
474 11.9115
475 11.9115
476 11.9115
477 11.9115
478 11.9115
479 11.9115
480 11.9115
481 11.9115
482 11.9115
483 11.9115
484 11.9115
485 11.9115
486 11.9115
487 11.9115
488 11.9115
489 11.9115
490 11.9115
491 11.9115
492 11.9115
493 11.9115
494 11.9115
495 11.9115
496 11.9115
497 11.9115
498 11.9115
499 11.9115
500 11.9115
501 11.9115
502 11.9115
503 11.9115
504 11.9115
505 11.9115
506 11.9115
507 11.9115
508 11.9115
509 11.9115
510 11.9115
511 11.9115
512 11.9115
513 11.9115
514 11.9115
515 11.9115
516 11.9115
517 11.9115
518 11.9115
519 11.9115
520 11.9115
521 11.9115
522 11.9115
523 11.9115
524 11.9115
525 11.9115
526 11.9115
527 11.9115
528 11.9115
529 11.9115
530 11.9115
531 11.9115
532 11.9115
533 11.9115
534 11.9115
535 11.9115
536 11.9115
537 11.9115
538 11.9115
539 11.9115
540 11.9115
541 11.9115
542 11.9115
