1 11.9924
2 11.9924
3 11.9924
4 11.9924
5 11.9924
6 11.9924
7 11.9924
8 11.9924
9 11.9924
10 11.9924
11 11.9924
12 11.9924
13 11.9924
14 11.9924
15 11.9924
16 11.9924
17 11.9924
18 11.9924
19 11.9924
20 11.9924
21 11.9924
22 11.9924
23 11.9924
24 11.9924
25 11.9924
26 11.9924
27 11.9924
28 11.9924
29 11.9924
30 11.9924
31 11.9924
32 11.9924
33 11.9924
34 11.9924
35 11.9924
36 11.9924
37 11.9924
38 11.9924
39 11.9924
40 11.9924
41 11.9924
42 11.9924
43 11.9924
44 11.9924
45 11.9924
46 11.9924
47 11.9924
48 11.9924
49 11.9924
50 11.9924
51 11.9924
52 11.9924
53 11.9924
54 11.9924
55 11.9924
56 11.9924
57 11.9924
58 11.9924
59 11.9924
60 11.9924
61 11.9924
62 11.9924
63 11.9924
64 11.9924
65 11.9924
66 11.9924
67 11.9924
68 11.9924
69 11.9924
70 11.9924
71 11.9924
72 11.9924
73 11.9924
74 11.9924
75 11.9924
76 11.9924
77 11.9924
78 11.9924
79 11.9924
80 11.9924
81 11.9924
82 11.9924
83 11.9924
84 11.9924
85 11.9924
86 11.9924
87 11.9924
88 11.9924
89 11.9924
90 11.9924
91 11.9924
92 11.9924
93 11.9924
94 11.9924
95 11.9924
96 11.9924
97 11.9924
98 11.9924
99 11.9924
100 11.9924
101 11.9924
102 11.9924
103 11.9924
104 11.9924
105 11.9924
106 11.9924
107 11.9924
108 11.9924
109 11.9924
110 11.9924
111 11.9924
112 11.9924
113 11.9924
114 11.9924
115 11.9924
116 11.9924
117 11.9924
118 11.9924
119 11.9924
120 11.9924
121 11.9924
122 11.9924
123 11.9924
124 11.9924
125 11.9924
126 11.9924
127 11.9924
128 11.9924
129 11.9924
130 11.9924
131 11.9924
132 11.9924
133 11.9924
134 11.9924
135 11.9924
136 11.9924
137 11.9924
138 11.9924
139 11.9924
140 11.9924
141 11.9924
142 11.9924
143 11.9924
144 11.9924
145 11.9924
146 11.9924
147 11.9924
148 11.9924
149 11.9924
150 11.9924
151 11.9924
152 11.9924
153 11.9924
154 11.9924
155 11.9924
156 11.9924
157 11.9924
158 11.9924
159 11.9924
160 11.9924
161 11.9924
162 11.9924
163 11.9924
164 11.9924
165 11.9924
166 11.9924
167 11.9924
168 11.9924
169 11.9924
170 11.9924
171 11.9924
172 11.9924
173 11.9924
174 11.9924
175 11.9924
176 11.9924
177 11.9924
178 11.9924
179 11.9924
180 11.9924
181 11.9924
182 11.9924
183 11.9924
184 11.9924
185 11.9924
186 11.9924
187 11.9924
188 11.9924
189 11.9924
190 11.9924
191 11.9924
192 11.9924
193 11.9924
194 11.9924
195 11.9924
196 11.9924
197 11.9924
198 11.9924
199 11.9924
200 11.9924
201 11.9924
202 11.9924
203 11.9924
204 11.9924
205 11.9924
206 11.9924
207 11.9924
208 11.9924
209 11.9924
210 11.9924
211 11.9924
212 11.9924
213 11.9924
214 11.9924
215 11.9924
216 11.9924
217 11.9924
218 11.9924
219 11.9924
220 11.9924
221 11.9924
222 11.9924
223 11.9924
224 11.9924
225 11.9924
226 11.9924
227 11.9924
228 11.9924
229 11.9924
230 11.9924
231 11.9924
232 12
233 11.9081
234 11.4598
235 10.8169
236 10.14
237 9.455
238 8.7828
239 8.13094
240 7.5005
241 6.89073
242 6.29908
243 5.72167
244 5.15354
245 4.58913
246 4.02307
247 3.4513
248 2.87204
249 2.28642
250 1.69824
251 1.11306
252 1.12707
253 1.17087
254 1.16257
255 1.19153
256 1.18621
257 1.20858
258 1.22544
259 1.24468
260 1.25797
261 1.24867
262 1.26396
263 1.27394
264 1.28613
265 1.29197
266 1.29419
267 1.29493
268 1.29515
269 1.29521
270 1.29528
271 1.29529
272 1.29528
273 1.29526
274 1.29526
275 1.2952
276 1.29499
277 1.2943
278 1.29226
279 1.287
280 1.27623
281 1.26756
282 1.25424
283 1.24197
284 1.22883
285 1.21283
286 1.19975
287 1.17969
288 1.16502
289 1.24425
290 1.22471
291 1.3661
292 1.34349
293 1.85868
294 2.36189
295 2.85833
296 3.35511
297 3.85945
298 4.37748
299 4.91381
300 5.47152
301 6.05248
302 6.65769
303 7.28753
304 7.94174
305 8.61911
306 9.31727
307 10.0285
308 10.736
309 11.4084
310 11.8946
311 12
312 11.9924
313 11.9924
314 11.9924
315 11.9924
316 11.9924
317 11.9924
318 11.9924
319 11.9924
320 11.9924
321 11.9924
322 11.9924
323 11.9924
324 11.9924
325 11.9924
326 11.9924
327 11.9924
328 11.9924
329 11.9924
330 11.9924
331 11.9924
332 11.9924
333 11.9924
334 11.9924
335 11.9924
336 11.9924
337 11.9924
338 11.9924
339 11.9924
340 11.9924
341 11.9924
342 11.9924
343 11.9924
344 11.9924
345 11.9924
346 11.9924
347 11.9924
348 11.9924
349 11.9924
350 11.9924
351 11.9924
352 11.9924
353 11.9924
354 11.9924
355 11.9924
356 11.9924
357 11.9924
358 11.9924
359 11.9924
360 11.9924
361 11.9924
362 11.9924
363 11.9924
364 11.9924
365 11.9924
366 11.9924
367 11.9924
368 11.9924
369 11.9924
370 11.9924
371 11.9924
372 11.9924
373 11.9924
374 11.9924
375 11.9924
376 11.9924
377 11.9924
378 11.9924
379 11.9924
380 11.9924
381 11.9924
382 11.9924
383 11.9924
384 11.9924
385 11.9924
386 11.9924
387 11.9924
388 11.9924
389 11.9924
390 11.9924
391 11.9924
392 11.9924
393 11.9924
394 11.9924
395 11.9924
396 11.9924
397 11.9924
398 11.9924
399 11.9924
400 11.9924
401 11.9924
402 11.9924
403 11.9924
404 11.9924
405 11.9924
406 11.9924
407 11.9924
408 11.9924
409 11.9924
410 11.9924
411 11.9924
412 11.9924
413 11.9924
414 11.9924
415 11.9924
416 11.9924
417 11.9924
418 11.9924
419 11.9924
420 11.9924
421 11.9924
422 11.9924
423 11.9924
424 11.9924
425 11.9924
426 11.9924
427 11.9924
428 11.9924
429 11.9924
430 11.9924
431 11.9924
432 11.9924
433 11.9924
434 11.9924
435 11.9924
436 11.9924
437 11.9924
438 11.9924
439 11.9924
440 11.9924
441 11.9924
442 11.9924
443 11.9924
444 11.9924
445 11.9924
446 11.9924
447 11.9924
448 11.9924
449 11.9924
450 11.9924
451 11.9924
452 11.9924
453 11.9924
454 11.9924
455 11.9924
456 11.9924
457 11.9924
458 11.9924
459 11.9924
460 11.9924
461 11.9924
462 11.9924
463 11.9924
464 11.9924
465 11.9924
466 11.9924
467 11.9924
468 11.9924
469 11.9924
470 11.9924
471 11.9924
472 11.9924
473 11.9924
474 11.9924
475 11.9924
476 11.9924
477 11.9924
478 11.9924
479 11.9924
480 11.9924
481 11.9924
482 11.9924
483 11.9924
484 11.9924
485 11.9924
486 11.9924
487 11.9924
488 11.9924
489 11.9924
490 11.9924
491 11.9924
492 11.9924
493 11.9924
494 11.9924
495 11.9924
496 11.9924
497 11.9924
498 11.9924
499 11.9924
500 11.9924
501 11.9924
502 11.9924
503 11.9924
504 11.9924
505 11.9924
506 11.9924
507 11.9924
508 11.9924
509 11.9924
510 11.9924
511 11.9924
512 11.9924
513 11.9924
514 11.9924
515 11.9924
516 11.9924
517 11.9924
518 11.9924
519 11.9924
520 11.9924
521 11.9924
522 11.9924
523 11.9924
524 11.9924
525 11.9924
526 11.9924
527 11.9924
528 11.9924
529 11.9924
530 11.9924
531 11.9924
532 11.9924
533 11.9924
534 11.9924
535 11.9924
536 11.9924
537 11.9924
538 11.9924
539 11.9924
540 11.9924
541 11.9924
542 11.9924
