1 11.9876
2 11.9876
3 11.9876
4 11.9876
5 11.9876
6 11.9876
7 11.9876
8 11.9876
9 11.9876
10 11.9876
11 11.9876
12 11.9876
13 11.9876
14 11.9876
15 11.9876
16 11.9876
17 11.9876
18 11.9876
19 11.9876
20 11.9876
21 11.9876
22 11.9876
23 11.9876
24 11.9876
25 11.9876
26 11.9876
27 11.9876
28 11.9876
29 11.9876
30 11.9876
31 11.9876
32 11.9876
33 11.9876
34 11.9876
35 11.9876
36 11.9876
37 11.9876
38 11.9876
39 11.9876
40 11.9876
41 11.9876
42 11.9876
43 11.9876
44 11.9876
45 11.9876
46 11.9876
47 11.9876
48 11.9876
49 11.9876
50 11.9876
51 11.9876
52 11.9876
53 11.9876
54 11.9876
55 11.9876
56 11.9876
57 11.9876
58 11.9876
59 11.9876
60 11.9876
61 11.9876
62 11.9876
63 11.9876
64 11.9876
65 11.9876
66 11.9876
67 11.9876
68 11.9876
69 11.9876
70 11.9876
71 11.9876
72 11.9876
73 11.9876
74 11.9876
75 11.9876
76 11.9876
77 11.9876
78 11.9876
79 11.9876
80 11.9876
81 11.9876
82 11.9876
83 11.9876
84 11.9876
85 11.9876
86 11.9876
87 11.9876
88 11.9876
89 11.9876
90 11.9876
91 11.9876
92 11.9876
93 11.9876
94 11.9876
95 11.9876
96 11.9876
97 11.9876
98 11.9876
99 11.9876
100 11.9876
101 11.9876
102 11.9876
103 11.9876
104 11.9876
105 11.9876
106 11.9876
107 11.9876
108 11.9876
109 11.9876
110 11.9876
111 11.9876
112 11.9876
113 11.9876
114 11.9876
115 11.9876
116 11.9876
117 11.9876
118 11.9876
119 11.9876
120 11.9876
121 11.9876
122 11.9876
123 11.9876
124 11.9876
125 11.9876
126 11.9876
127 11.9876
128 11.9876
129 11.9876
130 11.9876
131 11.9876
132 11.9876
133 11.9876
134 11.9876
135 11.9876
136 11.9876
137 11.9876
138 11.9876
139 11.9876
140 11.9876
141 11.9876
142 11.9876
143 11.9876
144 11.9876
145 11.9876
146 11.9876
147 11.9876
148 11.9876
149 11.9876
150 11.9876
151 11.9876
152 11.9876
153 11.9876
154 11.9876
155 11.9876
156 11.9876
157 11.9876
158 11.9876
159 11.9876
160 11.9876
161 11.9876
162 11.9876
163 11.9876
164 11.9876
165 11.9876
166 11.9876
167 11.9876
168 11.9876
169 11.9876
170 11.9876
171 11.9876
172 11.9876
173 11.9876
174 11.9876
175 11.9876
176 11.9876
177 11.9876
178 11.9876
179 11.9876
180 11.9876
181 11.9876
182 11.9876
183 11.9876
184 11.9876
185 11.9876
186 11.9876
187 11.9876
188 11.9876
189 11.9876
190 11.9876
191 11.9876
192 11.9876
193 11.9876
194 11.9876
195 11.9876
196 11.9876
197 11.9876
198 11.9876
199 11.9876
200 11.9876
201 11.9876
202 11.9876
203 11.9876
204 11.9876
205 11.9876
206 11.9876
207 11.9876
208 11.9876
209 11.9876
210 11.9876
211 11.9876
212 11.9876
213 11.9876
214 11.9876
215 11.9876
216 11.9876
217 11.9876
218 11.9876
219 11.9876
220 11.9876
221 11.9876
222 11.9876
223 11.9876
224 11.9876
225 11.9876
226 11.9876
227 11.9876
228 11.9876
229 11.9876
230 11.9876
231 11.9876
232 11.9876
233 11.9876
234 12
235 11.7758
236 11.1941
237 10.4694
238 9.72211
239 8.9716
240 8.23344
241 7.51529
242 6.82054
243 6.15078
244 5.506
245 4.88492
246 4.28506
247 3.70271
248 3.13296
249 2.56991
250 2.00737
251 1.43988
252 1.46266
253 1.51213
254 1.4899
255 1.51771
256 1.47565
257 1.49209
258 1.51165
259 1.5218
260 1.48437
261 1.33673
262 1.33404
263 1.34734
264 1.35435
265 1.36556
266 1.37198
267 1.37482
268 1.37591
269 1.37628
270 1.37678
271 1.37688
272 1.37673
273 1.37664
274 1.3766
275 1.37627
276 1.37531
277 1.37283
278 1.36734
279 1.35766
280 1.34963
281 1.3376
282 1.33213
283 1.31691
284 1.31032
285 1.28964
286 1.27196
287 1.24488
288 1.21815
289 1.27363
290 1.23564
291 1.34662
292 1.30531
293 1.81236
294 2.33628
295 2.88117
296 3.44958
297 4.04295
298 4.662
299 5.30699
300 5.9778
301 6.67385
302 7.39377
303 8.13479
304 8.8922
305 9.65692
306 10.4161
307 11.1479
308 11.7453
309 11.9874
310 11.9876
311 11.9876
312 11.9876
313 11.9876
314 11.9876
315 11.9876
316 11.9876
317 11.9876
318 11.9876
319 11.9876
320 11.9876
321 11.9876
322 11.9876
323 11.9876
324 11.9876
325 11.9876
326 11.9876
327 11.9876
328 11.9876
329 11.9876
330 11.9876
331 11.9876
332 11.9876
333 11.9876
334 11.9876
335 11.9876
336 11.9876
337 11.9876
338 11.9876
339 11.9876
340 11.9876
341 11.9876
342 11.9876
343 11.9876
344 11.9876
345 11.9876
346 11.9876
347 11.9876
348 11.9876
349 11.9876
350 11.9876
351 11.9876
352 11.9876
353 11.9876
354 11.9876
355 11.9876
356 11.9876
357 11.9876
358 11.9876
359 11.9876
360 11.9876
361 11.9876
362 11.9876
363 11.9876
364 11.9876
365 11.9876
366 11.9876
367 11.9876
368 11.9876
369 11.9876
370 11.9876
371 11.9876
372 11.9876
373 11.9876
374 11.9876
375 11.9876
376 11.9876
377 11.9876
378 11.9876
379 11.9876
380 11.9876
381 11.9876
382 11.9876
383 11.9876
384 11.9876
385 11.9876
386 11.9876
387 11.9876
388 11.9876
389 11.9876
390 11.9876
391 11.9876
392 11.9876
393 11.9876
394 11.9876
395 11.9876
396 11.9876
397 11.9876
398 11.9876
399 11.9876
400 11.9876
401 11.9876
402 11.9876
403 11.9876
404 11.9876
405 11.9876
406 11.9876
407 11.9876
408 11.9876
409 11.9876
410 11.9876
411 11.9876
412 11.9876
413 11.9876
414 11.9876
415 11.9876
416 11.9876
417 11.9876
418 11.9876
419 11.9876
420 11.9876
421 11.9876
422 11.9876
423 11.9876
424 11.9876
425 11.9876
426 11.9876
427 11.9876
428 11.9876
429 11.9876
430 11.9876
431 11.9876
432 11.9876
433 11.9876
434 11.9876
435 11.9876
436 11.9876
437 11.9876
438 11.9876
439 11.9876
440 11.9876
441 11.9876
442 11.9876
443 11.9876
444 11.9876
445 11.9876
446 11.9876
447 11.9876
448 11.9876
449 11.9876
450 11.9876
451 11.9876
452 11.9876
453 11.9876
454 11.9876
455 11.9876
456 11.9876
457 11.9876
458 11.9876
459 11.9876
460 11.9876
461 11.9876
462 11.9876
463 11.9876
464 11.9876
465 11.9876
466 11.9876
467 11.9876
468 11.9876
469 11.9876
470 11.9876
471 11.9876
472 11.9876
473 11.9876
474 11.9876
475 11.9876
476 11.9876
477 11.9876
478 11.9876
479 11.9876
480 11.9876
481 11.9876
482 11.9876
483 11.9876
484 11.9876
485 11.9876
486 11.9876
487 11.9876
488 11.9876
489 11.9876
490 11.9876
491 11.9876
492 11.9876
493 11.9876
494 11.9876
495 11.9876
496 11.9876
497 11.9876
498 11.9876
499 11.9876
500 11.9876
501 11.9876
502 11.9876
503 11.9876
504 11.9876
505 11.9876
506 11.9876
507 11.9876
508 11.9876
509 11.9876
510 11.9876
511 11.9876
512 11.9876
513 11.9876
514 11.9876
515 11.9876
516 11.9876
517 11.9876
518 11.9876
519 11.9876
520 11.9876
521 11.9876
522 11.9876
523 11.9876
524 11.9876
525 11.9876
526 11.9876
527 11.9876
528 11.9876
529 11.9876
530 11.9876
531 11.9876
532 11.9876
533 11.9876
534 11.9876
535 11.9876
536 11.9876
537 11.9876
538 11.9876
539 11.9876
540 11.9876
541 11.9876
542 11.9876
