1 11.9892
2 11.9892
3 11.9892
4 11.9892
5 11.9892
6 11.9892
7 11.9892
8 11.9892
9 11.9892
10 11.9892
11 11.9892
12 11.9892
13 11.9892
14 11.9892
15 11.9892
16 11.9892
17 11.9892
18 11.9892
19 11.9892
20 11.9892
21 11.9892
22 11.9892
23 11.9892
24 11.9892
25 11.9892
26 11.9892
27 11.9892
28 11.9892
29 11.9892
30 11.9892
31 11.9892
32 11.9892
33 11.9892
34 11.9892
35 11.9892
36 11.9892
37 11.9892
38 11.9892
39 11.9892
40 11.9892
41 11.9892
42 11.9892
43 11.9892
44 11.9892
45 11.9892
46 11.9892
47 11.9892
48 11.9892
49 11.9892
50 11.9892
51 11.9892
52 11.9892
53 11.9892
54 11.9892
55 11.9892
56 11.9892
57 11.9892
58 11.9892
59 11.9892
60 11.9892
61 11.9892
62 11.9892
63 11.9892
64 11.9892
65 11.9892
66 11.9892
67 11.9892
68 11.9892
69 11.9892
70 11.9892
71 11.9892
72 11.9892
73 11.9892
74 11.9892
75 11.9892
76 11.9892
77 11.9892
78 11.9892
79 11.9892
80 11.9892
81 11.9892
82 11.9892
83 11.9892
84 11.9892
85 11.9892
86 11.9892
87 11.9892
88 11.9892
89 11.9892
90 11.9892
91 11.9892
92 11.9892
93 11.9892
94 11.9892
95 11.9892
96 11.9892
97 11.9892
98 11.9892
99 11.9892
100 11.9892
101 11.9892
102 11.9892
103 11.9892
104 11.9892
105 11.9892
106 11.9892
107 11.9892
108 11.9892
109 11.9892
110 11.9892
111 11.9892
112 11.9892
113 11.9892
114 11.9892
115 11.9892
116 11.9892
117 11.9892
118 11.9892
119 11.9892
120 11.9892
121 11.9892
122 11.9892
123 11.9892
124 11.9892
125 11.9892
126 11.9892
127 11.9892
128 11.9892
129 11.9892
130 11.9892
131 11.9892
132 11.9892
133 11.9892
134 11.9892
135 11.9892
136 11.9892
137 11.9892
138 11.9892
139 11.9892
140 11.9892
141 11.9892
142 11.9892
143 11.9892
144 11.9892
145 11.9892
146 11.9892
147 11.9892
148 11.9892
149 11.9892
150 11.9892
151 11.9892
152 11.9892
153 11.9892
154 11.9892
155 11.9892
156 11.9892
157 11.9892
158 11.9892
159 11.9892
160 11.9892
161 11.9892
162 11.9892
163 11.9892
164 11.9892
165 11.9892
166 11.9892
167 11.9892
168 11.9892
169 11.9892
170 11.9892
171 11.9892
172 11.9892
173 11.9892
174 11.9892
175 11.9892
176 11.9892
177 11.9892
178 11.9892
179 11.9892
180 11.9892
181 11.9892
182 11.9892
183 11.9892
184 11.9892
185 11.9892
186 11.9892
187 11.9892
188 11.9892
189 11.9892
190 11.9892
191 11.9892
192 11.9892
193 11.9892
194 11.9892
195 11.9892
196 11.9892
197 11.9892
198 11.9892
199 11.9892
200 11.9892
201 11.9892
202 11.9892
203 11.9892
204 11.9892
205 11.9892
206 11.9892
207 11.9892
208 11.9892
209 11.9892
210 11.9892
211 11.9892
212 11.9892
213 11.9892
214 11.9892
215 11.9892
216 11.9892
217 11.9892
218 11.9892
219 11.9892
220 11.9892
221 11.9892
222 11.9892
223 11.9892
224 11.9892
225 11.9892
226 11.9892
227 11.9892
228 11.9892
229 11.9892
230 11.9892
231 11.9892
232 11.9892
233 11.9892
234 11.9892
235 12
236 11.9146
237 11.4626
238 10.807
239 10.0809
240 9.32708
241 8.55647
242 7.78082
243 7.01043
244 6.25374
245 5.51696
246 4.80414
247 4.11744
248 3.45746
249 2.82349
250 2.21354
251 1.62436
252 1.65792
253 1.71863
254 1.71021
255 1.75058
256 1.71696
257 1.74186
258 1.76795
259 1.77629
260 1.69241
261 1.40562
262 1.3803
263 1.39337
264 1.37322
265 1.38475
266 1.39605
267 1.40275
268 1.40599
269 1.40724
270 1.40928
271 1.40974
272 1.40896
273 1.40865
274 1.40876
275 1.40776
276 1.40512
277 1.3996
278 1.38979
279 1.3767
280 1.37469
281 1.35682
282 1.34752
283 1.3227
284 1.30236
285 1.26994
286 1.24571
287 1.20994
288 1.17734
289 1.2615
290 1.22799
291 1.40224
292 1.37329
293 1.98029
294 2.61424
295 3.27519
296 3.96285
297 4.67637
298 5.41393
299 6.1722
300 6.94573
301 7.72663
302 8.50485
303 9.26976
304 10.0104
305 10.7193
306 11.3666
307 11.8295
308 11.988
309 11.9892
310 11.9892
311 11.9892
312 11.9892
313 11.9892
314 11.9892
315 11.9892
316 11.9892
317 11.9892
318 11.9892
319 11.9892
320 11.9892
321 11.9892
322 11.9892
323 11.9892
324 11.9892
325 11.9892
326 11.9892
327 11.9892
328 11.9892
329 11.9892
330 11.9892
331 11.9892
332 11.9892
333 11.9892
334 11.9892
335 11.9892
336 11.9892
337 11.9892
338 11.9892
339 11.9892
340 11.9892
341 11.9892
342 11.9892
343 11.9892
344 11.9892
345 11.9892
346 11.9892
347 11.9892
348 11.9892
349 11.9892
350 11.9892
351 11.9892
352 11.9892
353 11.9892
354 11.9892
355 11.9892
356 11.9892
357 11.9892
358 11.9892
359 11.9892
360 11.9892
361 11.9892
362 11.9892
363 11.9892
364 11.9892
365 11.9892
366 11.9892
367 11.9892
368 11.9892
369 11.9892
370 11.9892
371 11.9892
372 11.9892
373 11.9892
374 11.9892
375 11.9892
376 11.9892
377 11.9892
378 11.9892
379 11.9892
380 11.9892
381 11.9892
382 11.9892
383 11.9892
384 11.9892
385 11.9892
386 11.9892
387 11.9892
388 11.9892
389 11.9892
390 11.9892
391 11.9892
392 11.9892
393 11.9892
394 11.9892
395 11.9892
396 11.9892
397 11.9892
398 11.9892
399 11.9892
400 11.9892
401 11.9892
402 11.9892
403 11.9892
404 11.9892
405 11.9892
406 11.9892
407 11.9892
408 11.9892
409 11.9892
410 11.9892
411 11.9892
412 11.9892
413 11.9892
414 11.9892
415 11.9892
416 11.9892
417 11.9892
418 11.9892
419 11.9892
420 11.9892
421 11.9892
422 11.9892
423 11.9892
424 11.9892
425 11.9892
426 11.9892
427 11.9892
428 11.9892
429 11.9892
430 11.9892
431 11.9892
432 11.9892
433 11.9892
434 11.9892
435 11.9892
436 11.9892
437 11.9892
438 11.9892
439 11.9892
440 11.9892
441 11.9892
442 11.9892
443 11.9892
444 11.9892
445 11.9892
446 11.9892
447 11.9892
448 11.9892
449 11.9892
450 11.9892
451 11.9892
452 11.9892
453 11.9892
454 11.9892
455 11.9892
456 11.9892
457 11.9892
458 11.9892
459 11.9892
460 11.9892
461 11.9892
462 11.9892
463 11.9892
464 11.9892
465 11.9892
466 11.9892
467 11.9892
468 11.9892
469 11.9892
470 11.9892
471 11.9892
472 11.9892
473 11.9892
474 11.9892
475 11.9892
476 11.9892
477 11.9892
478 11.9892
479 11.9892
480 11.9892
481 11.9892
482 11.9892
483 11.9892
484 11.9892
485 11.9892
486 11.9892
487 11.9892
488 11.9892
489 11.9892
490 11.9892
491 11.9892
492 11.9892
493 11.9892
494 11.9892
495 11.9892
496 11.9892
497 11.9892
498 11.9892
499 11.9892
500 11.9892
501 11.9892
502 11.9892
503 11.9892
504 11.9892
505 11.9892
506 11.9892
507 11.9892
508 11.9892
509 11.9892
510 11.9892
511 11.9892
512 11.9892
513 11.9892
514 11.9892
515 11.9892
516 11.9892
517 11.9892
518 11.9892
519 11.9892
520 11.9892
521 11.9892
522 11.9892
523 11.9892
524 11.9892
525 11.9892
526 11.9892
527 11.9892
528 11.9892
529 11.9892
530 11.9892
531 11.9892
532 11.9892
533 11.9892
534 11.9892
535 11.9892
536 11.9892
537 11.9892
538 11.9892
539 11.9892
540 11.9892
541 11.9892
542 11.9892
