1 11.9182
2 11.9182
3 11.9182
4 11.9182
5 11.9182
6 11.9182
7 11.9182
8 11.9182
9 11.9182
10 11.9182
11 11.9182
12 11.9182
13 11.9182
14 11.9182
15 11.9182
16 11.9182
17 11.9182
18 11.9182
19 11.9182
20 11.9182
21 11.9182
22 11.9182
23 11.9182
24 11.9182
25 11.9182
26 11.9182
27 11.9182
28 11.9182
29 11.9182
30 11.9182
31 11.9182
32 11.9182
33 11.9182
34 11.9182
35 11.9182
36 11.9182
37 11.9182
38 11.9182
39 11.9182
40 11.9182
41 11.9182
42 11.9182
43 11.9182
44 11.9182
45 11.9182
46 11.9182
47 11.9182
48 11.9182
49 11.9182
50 11.9182
51 11.9182
52 11.9182
53 11.9182
54 11.9182
55 11.9182
56 11.9182
57 11.9182
58 11.9182
59 11.9182
60 11.9182
61 11.9182
62 11.9182
63 11.9182
64 11.9182
65 11.9182
66 11.9182
67 11.9182
68 11.9182
69 11.9182
70 11.9182
71 11.9182
72 11.9182
73 11.9182
74 11.9182
75 11.9182
76 11.9182
77 11.9182
78 11.9182
79 11.9182
80 11.9182
81 11.9182
82 11.9182
83 11.9182
84 11.9182
85 11.9182
86 11.9182
87 11.9182
88 11.9182
89 11.9182
90 11.9182
91 11.9182
92 11.9182
93 11.9182
94 11.9182
95 11.9182
96 11.9182
97 11.9182
98 11.9182
99 11.9182
100 11.9182
101 11.9182
102 11.9182
103 11.9182
104 11.9182
105 11.9182
106 11.9182
107 11.9182
108 11.9182
109 11.9182
110 11.9182
111 11.9182
112 11.9182
113 11.9182
114 11.9182
115 11.9182
116 11.9182
117 11.9182
118 11.9182
119 11.9182
120 11.9182
121 11.9182
122 11.9182
123 11.9182
124 11.9182
125 11.9182
126 11.9182
127 11.9182
128 11.9182
129 11.9182
130 11.9182
131 11.9182
132 11.9182
133 11.9182
134 11.9182
135 11.9182
136 11.9182
137 11.9182
138 11.9182
139 11.9182
140 11.9182
141 11.9182
142 11.9182
143 11.9182
144 11.9182
145 11.9182
146 11.9182
147 11.9182
148 11.9182
149 11.9182
150 11.9182
151 11.9182
152 11.9182
153 11.9182
154 11.9182
155 11.9182
156 11.9182
157 11.9182
158 11.9182
159 11.9182
160 11.9182
161 11.9182
162 11.9182
163 11.9182
164 11.9182
165 11.9182
166 11.9182
167 11.9182
168 11.9182
169 11.9182
170 11.9182
171 11.9182
172 11.9182
173 11.9182
174 11.9182
175 11.9182
176 11.9182
177 11.9182
178 11.9182
179 11.9182
180 11.9182
181 11.9182
182 11.9182
183 11.9182
184 11.9182
185 11.9182
186 11.9182
187 11.9182
188 11.9182
189 11.9182
190 11.9182
191 11.9182
192 11.9182
193 11.9182
194 11.9182
195 11.9182
196 11.9182
197 11.9182
198 11.9182
199 11.9182
200 11.9182
201 11.9182
202 11.9182
203 11.9182
204 11.9182
205 11.9182
206 11.9182
207 11.9182
208 11.9182
209 11.9182
210 11.9182
211 11.9182
212 11.9182
213 11.9182
214 11.9182
215 11.9182
216 11.9182
217 11.9182
218 11.9182
219 11.9182
220 11.9182
221 11.9182
222 11.9182
223 11.9182
224 11.9182
225 11.9182
226 11.9182
227 11.9182
228 11.9182
229 11.9182
230 11.9182
231 11.9182
232 11.9182
233 11.9182
234 11.9182
235 11.9182
236 11.9182
237 11.9182
238 11.9182
239 11.9182
240 11.9182
241 11.9182
242 11.9182
243 11.9182
244 11.9182
245 11.9182
246 11.9182
247 11.9182
248 12
249 11.7507
250 11.2359
251 10.6716
252 10.6862
253 10.8178
254 10.7886
255 10.9018
256 10.8397
257 10.9231
258 11.4638
259 11.395
260 10.6703
261 9.81613
262 9.76624
263 9.77997
264 9.59734
265 9.58793
266 9.60478
267 9.6282
268 9.6821
269 9.88416
270 9.89237
271 9.9683
272 10.25
273 10.1465
274 9.65785
275 9.56384
276 9.53826
277 9.52136
278 9.50686
279 9.53646
280 9.89797
281 9.96745
282 10.4544
283 10.5665
284 11.1607
285 11.1318
286 10.6338
287 10.546
288 10.532
289 10.7121
290 10.6889
291 10.9318
292 10.9022
293 11.478
294 11.9284
295 11.9816
296 11.9182
297 11.9182
298 11.9182
299 11.9182
300 11.9182
301 11.9182
302 11.9182
303 11.9182
304 11.9182
305 11.9182
306 11.9182
307 11.9182
308 11.9182
309 11.9182
310 11.9182
311 11.9182
312 11.9182
313 11.9182
314 11.9182
315 11.9182
316 11.9182
317 11.9182
318 11.9182
319 11.9182
320 11.9182
321 11.9182
322 11.9182
323 11.9182
324 11.9182
325 11.9182
326 11.9182
327 11.9182
328 11.9182
329 11.9182
330 11.9182
331 11.9182
332 11.9182
333 11.9182
334 11.9182
335 11.9182
336 11.9182
337 11.9182
338 11.9182
339 11.9182
340 11.9182
341 11.9182
342 11.9182
343 11.9182
344 11.9182
345 11.9182
346 11.9182
347 11.9182
348 11.9182
349 11.9182
350 11.9182
351 11.9182
352 11.9182
353 11.9182
354 11.9182
355 11.9182
356 11.9182
357 11.9182
358 11.9182
359 11.9182
360 11.9182
361 11.9182
362 11.9182
363 11.9182
364 11.9182
365 11.9182
366 11.9182
367 11.9182
368 11.9182
369 11.9182
370 11.9182
371 11.9182
372 11.9182
373 11.9182
374 11.9182
375 11.9182
376 11.9182
377 11.9182
378 11.9182
379 11.9182
380 11.9182
381 11.9182
382 11.9182
383 11.9182
384 11.9182
385 11.9182
386 11.9182
387 11.9182
388 11.9182
389 11.9182
390 11.9182
391 11.9182
392 11.9182
393 11.9182
394 11.9182
395 11.9182
396 11.9182
397 11.9182
398 11.9182
399 11.9182
400 11.9182
401 11.9182
402 11.9182
403 11.9182
404 11.9182
405 11.9182
406 11.9182
407 11.9182
408 11.9182
409 11.9182
410 11.9182
411 11.9182
412 11.9182
413 11.9182
414 11.9182
415 11.9182
416 11.9182
417 11.9182
418 11.9182
419 11.9182
420 11.9182
421 11.9182
422 11.9182
423 11.9182
424 11.9182
425 11.9182
426 11.9182
427 11.9182
428 11.9182
429 11.9182
430 11.9182
431 11.9182
432 11.9182
433 11.9182
434 11.9182
435 11.9182
436 11.9182
437 11.9182
438 11.9182
439 11.9182
440 11.9182
441 11.9182
442 11.9182
443 11.9182
444 11.9182
445 11.9182
446 11.9182
447 11.9182
448 11.9182
449 11.9182
450 11.9182
451 11.9182
452 11.9182
453 11.9182
454 11.9182
455 11.9182
456 11.9182
457 11.9182
458 11.9182
459 11.9182
460 11.9182
461 11.9182
462 11.9182
463 11.9182
464 11.9182
465 11.9182
466 11.9182
467 11.9182
468 11.9182
469 11.9182
470 11.9182
471 11.9182
472 11.9182
473 11.9182
474 11.9182
475 11.9182
476 11.9182
477 11.9182
478 11.9182
479 11.9182
480 11.9182
481 11.9182
482 11.9182
483 11.9182
484 11.9182
485 11.9182
486 11.9182
487 11.9182
488 11.9182
489 11.9182
490 11.9182
491 11.9182
492 11.9182
493 11.9182
494 11.9182
495 11.9182
496 11.9182
497 11.9182
498 11.9182
499 11.9182
500 11.9182
501 11.9182
502 11.9182
503 11.9182
504 11.9182
505 11.9182
506 11.9182
507 11.9182
508 11.9182
509 11.9182
510 11.9182
511 11.9182
512 11.9182
513 11.9182
514 11.9182
515 11.9182
516 11.9182
517 11.9182
518 11.9182
519 11.9182
520 11.9182
521 11.9182
522 11.9182
523 11.9182
524 11.9182
525 11.9182
526 11.9182
527 11.9182
528 11.9182
529 11.9182
530 11.9182
531 11.9182
532 11.9182
533 11.9182
534 11.9182
535 11.9182
536 11.9182
537 11.9182
538 11.9182
539 11.9182
540 11.9182
541 11.9182
542 11.9182
