1 11.9698
2 11.9698
3 11.9698
4 11.9698
5 11.9698
6 11.9698
7 11.9698
8 11.9698
9 11.9698
10 11.9698
11 11.9698
12 11.9698
13 11.9698
14 11.9698
15 11.9698
16 11.9698
17 11.9698
18 11.9698
19 11.9698
20 11.9698
21 11.9698
22 11.9698
23 11.9698
24 11.9698
25 11.9698
26 11.9698
27 11.9698
28 11.9698
29 11.9698
30 11.9698
31 11.9698
32 11.9698
33 11.9698
34 11.9698
35 11.9698
36 11.9698
37 11.9698
38 11.9698
39 11.9698
40 11.9698
41 11.9698
42 11.9698
43 11.9698
44 11.9698
45 11.9698
46 11.9698
47 11.9698
48 11.9698
49 11.9698
50 11.9698
51 11.9698
52 11.9698
53 11.9698
54 11.9698
55 11.9698
56 11.9698
57 11.9698
58 11.9698
59 11.9698
60 11.9698
61 11.9698
62 11.9698
63 11.9698
64 11.9698
65 11.9698
66 11.9698
67 11.9698
68 11.9698
69 11.9698
70 11.9698
71 11.9698
72 11.9698
73 11.9698
74 11.9698
75 11.9698
76 11.9698
77 11.9698
78 11.9698
79 11.9698
80 11.9698
81 11.9698
82 11.9698
83 11.9698
84 11.9698
85 11.9698
86 11.9698
87 11.9698
88 11.9698
89 11.9698
90 11.9698
91 11.9698
92 11.9698
93 11.9698
94 11.9698
95 11.9698
96 11.9698
97 11.9698
98 11.9698
99 11.9698
100 11.9698
101 11.9698
102 11.9698
103 11.9698
104 11.9698
105 11.9698
106 11.9698
107 11.9698
108 11.9698
109 11.9698
110 11.9698
111 11.9698
112 11.9698
113 11.9698
114 11.9698
115 11.9698
116 11.9698
117 11.9698
118 11.9698
119 11.9698
120 11.9698
121 11.9698
122 11.9698
123 11.9698
124 11.9698
125 11.9698
126 11.9698
127 11.9698
128 11.9698
129 11.9698
130 11.9698
131 11.9698
132 11.9698
133 11.9698
134 11.9698
135 11.9698
136 11.9698
137 11.9698
138 11.9698
139 11.9698
140 11.9698
141 11.9698
142 11.9698
143 11.9698
144 11.9698
145 11.9698
146 11.9698
147 11.9698
148 11.9698
149 11.9698
150 11.9698
151 11.9698
152 11.9698
153 11.9698
154 11.9698
155 11.9698
156 11.9698
157 11.9698
158 11.9698
159 11.9698
160 11.9698
161 11.9698
162 11.9698
163 11.9698
164 11.9698
165 11.9698
166 11.9698
167 11.9698
168 11.9698
169 11.9698
170 11.9698
171 11.9698
172 11.9698
173 11.9698
174 11.9698
175 11.9698
176 11.9698
177 11.9698
178 11.9698
179 11.9698
180 11.9698
181 11.9698
182 11.9698
183 11.9698
184 11.9698
185 11.9698
186 11.9698
187 11.9698
188 11.9698
189 11.9698
190 11.9698
191 11.9698
192 11.9698
193 11.9698
194 11.9698
195 11.9698
196 11.9698
197 11.9698
198 11.9698
199 11.9698
200 11.9698
201 11.9698
202 11.9698
203 11.9698
204 11.9698
205 11.9698
206 11.9698
207 11.9698
208 11.9698
209 11.9698
210 11.9698
211 11.9698
212 11.9698
213 11.9698
214 11.9698
215 11.9698
216 11.9698
217 11.9698
218 11.9698
219 11.9698
220 11.9698
221 11.9698
222 11.9698
223 11.9698
224 11.9698
225 11.9698
226 11.9698
227 11.9698
228 11.9698
229 11.9698
230 11.9698
231 11.9698
232 11.9698
233 11.9698
234 11.9698
235 11.9698
236 11.9698
237 11.9698
238 11.9698
239 11.9698
240 11.9698
241 11.9698
242 12
243 11.9729
244 11.7595
245 11.3422
246 10.8081
247 10.2315
248 9.60064
249 8.90414
250 8.15112
251 7.36989
252 7.34679
253 7.37993
254 7.19809
255 7.1875
256 6.90718
257 6.86762
258 6.8703
259 6.69024
260 6.08277
261 5.17753
262 5.09338
263 5.10035
264 4.89917
265 4.88214
266 4.90054
267 4.91991
268 4.92899
269 4.92353
270 4.93695
271 4.93572
272 4.92175
273 4.92478
274 4.94529
275 4.95146
276 4.9449
277 4.93212
278 4.93037
279 4.99445
280 5.40382
281 5.48471
282 5.91749
283 5.99615
284 6.38295
285 6.43663
286 6.41155
287 6.38633
288 6.40447
289 6.72962
290 6.74557
291 7.13789
292 7.15844
293 7.94828
294 8.72675
295 9.46825
296 10.1593
297 10.8019
298 11.3892
299 11.8238
300 11.9823
301 11.9852
302 11.9698
303 11.9698
304 11.9698
305 11.9698
306 11.9698
307 11.9698
308 11.9698
309 11.9698
310 11.9698
311 11.9698
312 11.9698
313 11.9698
314 11.9698
315 11.9698
316 11.9698
317 11.9698
318 11.9698
319 11.9698
320 11.9698
321 11.9698
322 11.9698
323 11.9698
324 11.9698
325 11.9698
326 11.9698
327 11.9698
328 11.9698
329 11.9698
330 11.9698
331 11.9698
332 11.9698
333 11.9698
334 11.9698
335 11.9698
336 11.9698
337 11.9698
338 11.9698
339 11.9698
340 11.9698
341 11.9698
342 11.9698
343 11.9698
344 11.9698
345 11.9698
346 11.9698
347 11.9698
348 11.9698
349 11.9698
350 11.9698
351 11.9698
352 11.9698
353 11.9698
354 11.9698
355 11.9698
356 11.9698
357 11.9698
358 11.9698
359 11.9698
360 11.9698
361 11.9698
362 11.9698
363 11.9698
364 11.9698
365 11.9698
366 11.9698
367 11.9698
368 11.9698
369 11.9698
370 11.9698
371 11.9698
372 11.9698
373 11.9698
374 11.9698
375 11.9698
376 11.9698
377 11.9698
378 11.9698
379 11.9698
380 11.9698
381 11.9698
382 11.9698
383 11.9698
384 11.9698
385 11.9698
386 11.9698
387 11.9698
388 11.9698
389 11.9698
390 11.9698
391 11.9698
392 11.9698
393 11.9698
394 11.9698
395 11.9698
396 11.9698
397 11.9698
398 11.9698
399 11.9698
400 11.9698
401 11.9698
402 11.9698
403 11.9698
404 11.9698
405 11.9698
406 11.9698
407 11.9698
408 11.9698
409 11.9698
410 11.9698
411 11.9698
412 11.9698
413 11.9698
414 11.9698
415 11.9698
416 11.9698
417 11.9698
418 11.9698
419 11.9698
420 11.9698
421 11.9698
422 11.9698
423 11.9698
424 11.9698
425 11.9698
426 11.9698
427 11.9698
428 11.9698
429 11.9698
430 11.9698
431 11.9698
432 11.9698
433 11.9698
434 11.9698
435 11.9698
436 11.9698
437 11.9698
438 11.9698
439 11.9698
440 11.9698
441 11.9698
442 11.9698
443 11.9698
444 11.9698
445 11.9698
446 11.9698
447 11.9698
448 11.9698
449 11.9698
450 11.9698
451 11.9698
452 11.9698
453 11.9698
454 11.9698
455 11.9698
456 11.9698
457 11.9698
458 11.9698
459 11.9698
460 11.9698
461 11.9698
462 11.9698
463 11.9698
464 11.9698
465 11.9698
466 11.9698
467 11.9698
468 11.9698
469 11.9698
470 11.9698
471 11.9698
472 11.9698
473 11.9698
474 11.9698
475 11.9698
476 11.9698
477 11.9698
478 11.9698
479 11.9698
480 11.9698
481 11.9698
482 11.9698
483 11.9698
484 11.9698
485 11.9698
486 11.9698
487 11.9698
488 11.9698
489 11.9698
490 11.9698
491 11.9698
492 11.9698
493 11.9698
494 11.9698
495 11.9698
496 11.9698
497 11.9698
498 11.9698
499 11.9698
500 11.9698
501 11.9698
502 11.9698
503 11.9698
504 11.9698
505 11.9698
506 11.9698
507 11.9698
508 11.9698
509 11.9698
510 11.9698
511 11.9698
512 11.9698
513 11.9698
514 11.9698
515 11.9698
516 11.9698
517 11.9698
518 11.9698
519 11.9698
520 11.9698
521 11.9698
522 11.9698
523 11.9698
524 11.9698
525 11.9698
526 11.9698
527 11.9698
528 11.9698
529 11.9698
530 11.9698
531 11.9698
532 11.9698
533 11.9698
534 11.9698
535 11.9698
536 11.9698
537 11.9698
538 11.9698
539 11.9698
540 11.9698
541 11.9698
542 11.9698
