1 11.9159
2 11.9159
3 11.9159
4 11.9159
5 11.9159
6 11.9159
7 11.9159
8 11.9159
9 11.9159
10 11.9159
11 11.9159
12 11.9159
13 11.9159
14 11.9159
15 11.9159
16 11.9159
17 11.9159
18 11.9159
19 11.9159
20 11.9159
21 11.9159
22 11.9159
23 11.9159
24 11.9159
25 11.9159
26 11.9159
27 11.9159
28 11.9159
29 11.9159
30 11.9159
31 11.9159
32 11.9159
33 11.9159
34 11.9159
35 11.9159
36 11.9159
37 11.9159
38 11.9159
39 11.9159
40 11.9159
41 11.9159
42 11.9159
43 11.9159
44 11.9159
45 11.9159
46 11.9159
47 11.9159
48 11.9159
49 11.9159
50 11.9159
51 11.9159
52 11.9159
53 11.9159
54 11.9159
55 11.9159
56 11.9159
57 11.9159
58 11.9159
59 11.9159
60 11.9159
61 11.9159
62 11.9159
63 11.9159
64 11.9159
65 11.9159
66 11.9159
67 11.9159
68 11.9159
69 11.9159
70 11.9159
71 11.9159
72 11.9159
73 11.9159
74 11.9159
75 11.9159
76 11.9159
77 11.9159
78 11.9159
79 11.9159
80 11.9159
81 11.9159
82 11.9159
83 11.9159
84 11.9159
85 11.9159
86 11.9159
87 11.9159
88 11.9159
89 11.9159
90 11.9159
91 11.9159
92 11.9159
93 11.9159
94 11.9159
95 11.9159
96 11.9159
97 11.9159
98 11.9159
99 11.9159
100 11.9159
101 11.9159
102 11.9159
103 11.9159
104 11.9159
105 11.9159
106 11.9159
107 11.9159
108 11.9159
109 11.9159
110 11.9159
111 11.9159
112 11.9159
113 11.9159
114 11.9159
115 11.9159
116 11.9159
117 11.9159
118 11.9159
119 11.9159
120 11.9159
121 11.9159
122 11.9159
123 11.9159
124 11.9159
125 11.9159
126 11.9159
127 11.9159
128 11.9159
129 11.9159
130 11.9159
131 11.9159
132 11.9159
133 11.9159
134 11.9159
135 11.9159
136 11.9159
137 11.9159
138 11.9159
139 11.9159
140 11.9159
141 11.9159
142 11.9159
143 11.9159
144 11.9159
145 11.9159
146 11.9159
147 11.9159
148 11.9159
149 11.9159
150 11.9159
151 11.9159
152 11.9159
153 11.9159
154 11.9159
155 11.9159
156 11.9159
157 11.9159
158 11.9159
159 11.9159
160 11.9159
161 11.9159
162 11.9159
163 11.9159
164 11.9159
165 11.9159
166 11.9159
167 11.9159
168 11.9159
169 11.9159
170 11.9159
171 11.9159
172 11.9159
173 11.9159
174 11.9159
175 11.9159
176 11.9159
177 11.9159
178 11.9159
179 11.9159
180 11.9159
181 11.9159
182 11.9159
183 11.9159
184 11.9159
185 11.9159
186 11.9159
187 11.9159
188 11.9159
189 11.9159
190 11.9159
191 11.9159
192 11.9159
193 11.9159
194 11.9159
195 11.9159
196 11.9159
197 11.9159
198 11.9159
199 11.9159
200 11.9159
201 11.9159
202 11.9159
203 11.9159
204 11.9159
205 11.9159
206 11.9159
207 11.9159
208 11.9159
209 11.9159
210 11.9159
211 11.9159
212 11.9159
213 11.9159
214 11.9159
215 11.9159
216 11.9159
217 11.9159
218 11.9159
219 11.9159
220 11.9159
221 11.9159
222 11.9159
223 11.9159
224 11.9159
225 11.9159
226 11.9159
227 11.9159
228 11.9159
229 11.9159
230 11.9159
231 11.9159
232 11.9159
233 11.9159
234 11.9159
235 11.9159
236 11.9159
237 11.9159
238 11.9159
239 11.9159
240 11.9159
241 11.9159
242 11.9159
243 11.9159
244 11.9801
245 12
246 11.7338
247 11.3202
248 10.8344
249 10.3105
250 9.75678
251 9.13882
252 9.13098
253 9.1548
254 8.9834
255 8.95786
256 8.66403
257 8.61584
258 8.62531
259 8.46412
260 7.91265
261 7.06447
262 6.98511
263 6.98573
264 6.73379
265 6.68999
266 6.6915
267 6.69984
268 6.70137
269 6.69463
270 6.69976
271 6.69995
272 6.70646
273 6.71269
274 6.72504
275 6.73572
276 6.73679
277 6.73437
278 6.74707
279 6.82937
280 7.25982
281 7.33268
282 7.70867
283 7.76204
284 8.08894
285 8.13558
286 8.12003
287 8.11305
288 8.16089
289 8.54795
290 8.59248
291 8.98408
292 9.00271
293 9.67807
294 10.2939
295 10.8725
296 11.4048
297 11.8047
298 11.9908
299 11.9393
300 11.9159
301 11.9159
302 11.9159
303 11.9159
304 11.9159
305 11.9159
306 11.9159
307 11.9159
308 11.9159
309 11.9159
310 11.9159
311 11.9159
312 11.9159
313 11.9159
314 11.9159
315 11.9159
316 11.9159
317 11.9159
318 11.9159
319 11.9159
320 11.9159
321 11.9159
322 11.9159
323 11.9159
324 11.9159
325 11.9159
326 11.9159
327 11.9159
328 11.9159
329 11.9159
330 11.9159
331 11.9159
332 11.9159
333 11.9159
334 11.9159
335 11.9159
336 11.9159
337 11.9159
338 11.9159
339 11.9159
340 11.9159
341 11.9159
342 11.9159
343 11.9159
344 11.9159
345 11.9159
346 11.9159
347 11.9159
348 11.9159
349 11.9159
350 11.9159
351 11.9159
352 11.9159
353 11.9159
354 11.9159
355 11.9159
356 11.9159
357 11.9159
358 11.9159
359 11.9159
360 11.9159
361 11.9159
362 11.9159
363 11.9159
364 11.9159
365 11.9159
366 11.9159
367 11.9159
368 11.9159
369 11.9159
370 11.9159
371 11.9159
372 11.9159
373 11.9159
374 11.9159
375 11.9159
376 11.9159
377 11.9159
378 11.9159
379 11.9159
380 11.9159
381 11.9159
382 11.9159
383 11.9159
384 11.9159
385 11.9159
386 11.9159
387 11.9159
388 11.9159
389 11.9159
390 11.9159
391 11.9159
392 11.9159
393 11.9159
394 11.9159
395 11.9159
396 11.9159
397 11.9159
398 11.9159
399 11.9159
400 11.9159
401 11.9159
402 11.9159
403 11.9159
404 11.9159
405 11.9159
406 11.9159
407 11.9159
408 11.9159
409 11.9159
410 11.9159
411 11.9159
412 11.9159
413 11.9159
414 11.9159
415 11.9159
416 11.9159
417 11.9159
418 11.9159
419 11.9159
420 11.9159
421 11.9159
422 11.9159
423 11.9159
424 11.9159
425 11.9159
426 11.9159
427 11.9159
428 11.9159
429 11.9159
430 11.9159
431 11.9159
432 11.9159
433 11.9159
434 11.9159
435 11.9159
436 11.9159
437 11.9159
438 11.9159
439 11.9159
440 11.9159
441 11.9159
442 11.9159
443 11.9159
444 11.9159
445 11.9159
446 11.9159
447 11.9159
448 11.9159
449 11.9159
450 11.9159
451 11.9159
452 11.9159
453 11.9159
454 11.9159
455 11.9159
456 11.9159
457 11.9159
458 11.9159
459 11.9159
460 11.9159
461 11.9159
462 11.9159
463 11.9159
464 11.9159
465 11.9159
466 11.9159
467 11.9159
468 11.9159
469 11.9159
470 11.9159
471 11.9159
472 11.9159
473 11.9159
474 11.9159
475 11.9159
476 11.9159
477 11.9159
478 11.9159
479 11.9159
480 11.9159
481 11.9159
482 11.9159
483 11.9159
484 11.9159
485 11.9159
486 11.9159
487 11.9159
488 11.9159
489 11.9159
490 11.9159
491 11.9159
492 11.9159
493 11.9159
494 11.9159
495 11.9159
496 11.9159
497 11.9159
498 11.9159
499 11.9159
500 11.9159
501 11.9159
502 11.9159
503 11.9159
504 11.9159
505 11.9159
506 11.9159
507 11.9159
508 11.9159
509 11.9159
510 11.9159
511 11.9159
512 11.9159
513 11.9159
514 11.9159
515 11.9159
516 11.9159
517 11.9159
518 11.9159
519 11.9159
520 11.9159
521 11.9159
522 11.9159
523 11.9159
524 11.9159
525 11.9159
526 11.9159
527 11.9159
528 11.9159
529 11.9159
530 11.9159
531 11.9159
532 11.9159
533 11.9159
534 11.9159
535 11.9159
536 11.9159
537 11.9159
538 11.9159
539 11.9159
540 11.9159
541 11.9159
542 11.9159
