1 11.9612
2 11.9612
3 11.9612
4 11.9612
5 11.9612
6 11.9612
7 11.9612
8 11.9612
9 11.9612
10 11.9612
11 11.9612
12 11.9612
13 11.9612
14 11.9612
15 11.9612
16 11.9612
17 11.9612
18 11.9612
19 11.9612
20 11.9612
21 11.9612
22 11.9612
23 11.9612
24 11.9612
25 11.9612
26 11.9612
27 11.9612
28 11.9612
29 11.9612
30 11.9612
31 11.9612
32 11.9612
33 11.9612
34 11.9612
35 11.9612
36 11.9612
37 11.9612
38 11.9612
39 11.9612
40 11.9612
41 11.9612
42 11.9612
43 11.9612
44 11.9612
45 11.9612
46 11.9612
47 11.9612
48 11.9612
49 11.9612
50 11.9612
51 11.9612
52 11.9612
53 11.9612
54 11.9612
55 11.9612
56 11.9612
57 11.9612
58 11.9612
59 11.9612
60 11.9612
61 11.9612
62 11.9612
63 11.9612
64 11.9612
65 11.9612
66 11.9612
67 11.9612
68 11.9612
69 11.9612
70 11.9612
71 11.9612
72 11.9612
73 11.9612
74 11.9612
75 11.9612
76 11.9612
77 11.9612
78 11.9612
79 11.9612
80 11.9612
81 11.9612
82 11.9612
83 11.9612
84 11.9612
85 11.9612
86 11.9612
87 11.9612
88 11.9612
89 11.9612
90 11.9612
91 11.9612
92 11.9612
93 11.9612
94 11.9612
95 11.9612
96 11.9612
97 11.9612
98 11.9612
99 11.9612
100 11.9612
101 11.9612
102 11.9612
103 11.9612
104 11.9612
105 11.9612
106 11.9612
107 11.9612
108 11.9612
109 11.9612
110 11.9612
111 11.9612
112 11.9612
113 11.9612
114 11.9612
115 11.9612
116 11.9612
117 11.9612
118 11.9612
119 11.9612
120 11.9612
121 11.9612
122 11.9612
123 11.9612
124 11.9612
125 11.9612
126 11.9612
127 11.9612
128 11.9612
129 11.9612
130 11.9612
131 11.9612
132 11.9612
133 11.9612
134 11.9612
135 11.9612
136 11.9612
137 11.9612
138 11.9612
139 11.9612
140 11.9612
141 11.9612
142 11.9612
143 11.9612
144 11.9612
145 11.9612
146 11.9612
147 11.9612
148 11.9612
149 11.9612
150 11.9612
151 11.9612
152 11.9612
153 11.9612
154 11.9612
155 11.9612
156 11.9612
157 11.9612
158 11.9612
159 11.9612
160 11.9612
161 11.9612
162 11.9612
163 11.9612
164 11.9612
165 11.9612
166 11.9612
167 11.9612
168 11.9612
169 11.9612
170 11.9612
171 11.9612
172 11.9612
173 11.9612
174 11.9612
175 11.9612
176 11.9612
177 11.9612
178 11.9612
179 11.9612
180 11.9612
181 11.9612
182 11.9612
183 11.9612
184 11.9612
185 11.9612
186 11.9612
187 11.9612
188 11.9612
189 11.9612
190 11.9612
191 11.9612
192 11.9612
193 11.9612
194 11.9612
195 11.9612
196 11.9612
197 11.9612
198 11.9612
199 11.9612
200 11.9612
201 11.9612
202 11.9612
203 11.9612
204 11.9612
205 11.9612
206 11.9612
207 11.9612
208 11.9612
209 11.9612
210 11.9612
211 11.9612
212 11.9612
213 11.9612
214 11.9612
215 11.9612
216 11.9612
217 11.9612
218 11.9612
219 11.9612
220 11.9612
221 11.9612
222 11.9612
223 11.9612
224 11.9612
225 11.9612
226 11.9612
227 11.9612
228 11.9612
229 11.9612
230 11.9612
231 11.9612
232 11.9612
233 11.9612
234 11.9612
235 11.9612
236 11.9612
237 11.9712
238 11.9959
239 11.9954
240 11.8913
241 11.546
242 10.9874
243 10.3211
244 9.60463
245 8.85047
246 8.07208
247 7.28948
248 6.51806
249 5.76279
250 5.01925
251 4.27773
252 4.27132
253 4.31217
254 4.11618
255 4.09503
256 3.76432
257 3.70996
258 3.71347
259 3.54948
260 3.03084
261 2.2604
262 2.21389
263 2.24287
264 2.1671
265 2.18823
266 2.21838
267 2.24036
268 2.25169
269 2.2526
270 2.26475
271 2.26586
272 2.25559
273 2.25683
274 2.26847
275 2.26965
276 2.26054
277 2.24257
278 2.22405
279 2.24153
280 2.48022
281 2.51924
282 2.84035
283 2.90249
284 3.29219
285 3.37147
286 3.35127
287 3.34404
288 3.39451
289 3.77521
290 3.79678
291 4.16155
292 4.15633
293 4.86747
294 5.58533
295 6.32162
296 7.0819
297 7.86331
298 8.65463
299 9.44127
300 10.2124
301 10.9489
302 11.5657
303 11.9177
304 12
305 11.9835
306 11.9646
307 11.9612
308 11.9612
309 11.9612
310 11.9612
311 11.9612
312 11.9612
313 11.9612
314 11.9612
315 11.9612
316 11.9612
317 11.9612
318 11.9612
319 11.9612
320 11.9612
321 11.9612
322 11.9612
323 11.9612
324 11.9612
325 11.9612
326 11.9612
327 11.9612
328 11.9612
329 11.9612
330 11.9612
331 11.9612
332 11.9612
333 11.9612
334 11.9612
335 11.9612
336 11.9612
337 11.9612
338 11.9612
339 11.9612
340 11.9612
341 11.9612
342 11.9612
343 11.9612
344 11.9612
345 11.9612
346 11.9612
347 11.9612
348 11.9612
349 11.9612
350 11.9612
351 11.9612
352 11.9612
353 11.9612
354 11.9612
355 11.9612
356 11.9612
357 11.9612
358 11.9612
359 11.9612
360 11.9612
361 11.9612
362 11.9612
363 11.9612
364 11.9612
365 11.9612
366 11.9612
367 11.9612
368 11.9612
369 11.9612
370 11.9612
371 11.9612
372 11.9612
373 11.9612
374 11.9612
375 11.9612
376 11.9612
377 11.9612
378 11.9612
379 11.9612
380 11.9612
381 11.9612
382 11.9612
383 11.9612
384 11.9612
385 11.9612
386 11.9612
387 11.9612
388 11.9612
389 11.9612
390 11.9612
391 11.9612
392 11.9612
393 11.9612
394 11.9612
395 11.9612
396 11.9612
397 11.9612
398 11.9612
399 11.9612
400 11.9612
401 11.9612
402 11.9612
403 11.9612
404 11.9612
405 11.9612
406 11.9612
407 11.9612
408 11.9612
409 11.9612
410 11.9612
411 11.9612
412 11.9612
413 11.9612
414 11.9612
415 11.9612
416 11.9612
417 11.9612
418 11.9612
419 11.9612
420 11.9612
421 11.9612
422 11.9612
423 11.9612
424 11.9612
425 11.9612
426 11.9612
427 11.9612
428 11.9612
429 11.9612
430 11.9612
431 11.9612
432 11.9612
433 11.9612
434 11.9612
435 11.9612
436 11.9612
437 11.9612
438 11.9612
439 11.9612
440 11.9612
441 11.9612
442 11.9612
443 11.9612
444 11.9612
445 11.9612
446 11.9612
447 11.9612
448 11.9612
449 11.9612
450 11.9612
451 11.9612
452 11.9612
453 11.9612
454 11.9612
455 11.9612
456 11.9612
457 11.9612
458 11.9612
459 11.9612
460 11.9612
461 11.9612
462 11.9612
463 11.9612
464 11.9612
465 11.9612
466 11.9612
467 11.9612
468 11.9612
469 11.9612
470 11.9612
471 11.9612
472 11.9612
473 11.9612
474 11.9612
475 11.9612
476 11.9612
477 11.9612
478 11.9612
479 11.9612
480 11.9612
481 11.9612
482 11.9612
483 11.9612
484 11.9612
485 11.9612
486 11.9612
487 11.9612
488 11.9612
489 11.9612
490 11.9612
491 11.9612
492 11.9612
493 11.9612
494 11.9612
495 11.9612
496 11.9612
497 11.9612
498 11.9612
499 11.9612
500 11.9612
501 11.9612
502 11.9612
503 11.9612
504 11.9612
505 11.9612
506 11.9612
507 11.9612
508 11.9612
509 11.9612
510 11.9612
511 11.9612
512 11.9612
513 11.9612
514 11.9612
515 11.9612
516 11.9612
517 11.9612
518 11.9612
519 11.9612
520 11.9612
521 11.9612
522 11.9612
523 11.9612
524 11.9612
525 11.9612
526 11.9612
527 11.9612
528 11.9612
529 11.9612
530 11.9612
531 11.9612
532 11.9612
533 11.9612
534 11.9612
535 11.9612
536 11.9612
537 11.9612
538 11.9612
539 11.9612
540 11.9612
541 11.9612
542 11.9612
