1 11.9964
2 11.9964
3 11.9964
4 11.9964
5 11.9964
6 11.9964
7 11.9964
8 11.9964
9 11.9964
10 11.9964
11 11.9964
12 11.9964
13 11.9964
14 11.9964
15 11.9964
16 11.9964
17 11.9964
18 11.9964
19 11.9964
20 11.9964
21 11.9964
22 11.9964
23 11.9964
24 11.9964
25 11.9964
26 11.9964
27 11.9964
28 11.9964
29 11.9964
30 11.9964
31 11.9964
32 11.9964
33 11.9964
34 11.9964
35 11.9964
36 11.9964
37 11.9964
38 11.9964
39 11.9964
40 11.9964
41 11.9964
42 11.9964
43 11.9964
44 11.9964
45 11.9964
46 11.9964
47 11.9964
48 11.9964
49 11.9964
50 11.9964
51 11.9964
52 11.9964
53 11.9964
54 11.9964
55 11.9964
56 11.9964
57 11.9964
58 11.9964
59 11.9964
60 11.9964
61 11.9964
62 11.9964
63 11.9964
64 11.9964
65 11.9964
66 11.9964
67 11.9964
68 11.9964
69 11.9964
70 11.9964
71 11.9964
72 11.9964
73 11.9964
74 11.9964
75 11.9964
76 11.9964
77 11.9964
78 11.9964
79 11.9964
80 11.9964
81 11.9964
82 11.9964
83 11.9964
84 11.9964
85 11.9964
86 11.9964
87 11.9964
88 11.9964
89 11.9964
90 11.9964
91 11.9964
92 11.9964
93 11.9964
94 11.9964
95 11.9964
96 11.9964
97 11.9964
98 11.9964
99 11.9964
100 11.9964
101 11.9964
102 11.9964
103 11.9964
104 11.9964
105 11.9964
106 11.9964
107 11.9964
108 11.9964
109 11.9964
110 11.9964
111 11.9964
112 11.9964
113 11.9964
114 11.9964
115 11.9964
116 11.9964
117 11.9964
118 11.9964
119 11.9964
120 11.9964
121 11.9964
122 11.9964
123 11.9964
124 11.9964
125 11.9964
126 11.9964
127 11.9964
128 11.9964
129 11.9964
130 11.9964
131 11.9964
132 11.9964
133 11.9964
134 11.9964
135 11.9964
136 11.9964
137 11.9964
138 11.9964
139 11.9964
140 11.9964
141 11.9964
142 11.9964
143 11.9964
144 11.9964
145 11.9964
146 11.9964
147 11.9964
148 11.9964
149 11.9964
150 11.9964
151 11.9964
152 11.9964
153 11.9964
154 11.9964
155 11.9964
156 11.9964
157 11.9964
158 11.9964
159 11.9964
160 11.9964
161 11.9964
162 11.9964
163 11.9964
164 11.9964
165 11.9964
166 11.9964
167 11.9964
168 11.9964
169 11.9964
170 11.9964
171 11.9964
172 11.9964
173 11.9964
174 11.9964
175 11.9964
176 11.9964
177 11.9964
178 11.9964
179 11.9964
180 11.9964
181 11.9964
182 11.9964
183 11.9964
184 11.9964
185 11.9964
186 11.9964
187 11.9964
188 11.9964
189 11.9964
190 11.9964
191 11.9964
192 11.9964
193 11.9964
194 11.9964
195 11.9964
196 11.9964
197 11.9964
198 11.9964
199 11.9964
200 11.9964
201 11.9964
202 11.9964
203 11.9964
204 11.9964
205 11.9964
206 11.9964
207 11.9964
208 11.9964
209 11.9964
210 11.9964
211 11.9964
212 11.9964
213 11.9964
214 11.9964
215 11.9964
216 11.9964
217 11.9964
218 11.9964
219 11.9964
220 11.9964
221 11.9977
222 12
223 11.9771
224 11.8507
225 11.4943
226 10.87
227 10.1167
228 9.38285
229 8.71354
230 8.09939
231 7.5249
232 6.98032
233 6.46101
234 5.96515
235 5.49222
236 5.04219
237 4.61526
238 4.21168
239 3.83174
240 3.47575
241 3.14405
242 2.83696
243 2.55477
244 2.2977
245 2.06585
246 1.85911
247 1.67717
248 1.51945
249 1.385
250 1.27255
251 1.18044
252 1.21129
253 1.22644
254 1.2424
255 1.24741
256 1.25261
257 1.25397
258 1.25429
259 1.25461
260 1.25494
261 1.25527
262 1.25535
263 1.25536
264 1.25538
265 1.25538
266 1.25538
267 1.25538
268 1.25538
269 1.25538
270 1.25538
271 1.25538
272 1.25538
273 1.25538
274 1.25538
275 1.25538
276 1.25538
277 1.25538
278 1.25538
279 1.25538
280 1.25536
281 1.25535
282 1.25527
283 1.2552
284 1.25487
285 1.25454
286 1.25422
287 1.25287
288 1.2477
289 1.23103
290 1.21504
291 1.1832
292 1.15058
293 1.2421
294 1.35485
295 1.49076
296 1.6514
297 1.83801
298 2.05152
299 2.2926
300 2.56165
301 2.8589
302 3.18435
303 3.53786
304 3.91911
305 4.32749
306 4.76208
307 5.22149
308 5.70376
309 6.20626
310 6.7259
311 7.25973
312 7.80615
313 8.36719
314 8.95105
315 9.57234
316 10.2401
317 10.9165
318 11.4821
319 11.823
320 11.9596
321 11.9938
322 11.9976
323 11.9964
324 11.9964
325 11.9964
326 11.9964
327 11.9964
328 11.9964
329 11.9964
330 11.9964
331 11.9964
332 11.9964
333 11.9964
334 11.9964
335 11.9964
336 11.9964
337 11.9964
338 11.9964
339 11.9964
340 11.9964
341 11.9964
342 11.9964
343 11.9964
344 11.9964
345 11.9964
346 11.9964
347 11.9964
348 11.9964
349 11.9964
350 11.9964
351 11.9964
352 11.9964
353 11.9964
354 11.9964
355 11.9964
356 11.9964
357 11.9964
358 11.9964
359 11.9964
360 11.9964
361 11.9964
362 11.9964
363 11.9964
364 11.9964
365 11.9964
366 11.9964
367 11.9964
368 11.9964
369 11.9964
370 11.9964
371 11.9964
372 11.9964
373 11.9964
374 11.9964
375 11.9964
376 11.9964
377 11.9964
378 11.9964
379 11.9964
380 11.9964
381 11.9964
382 11.9964
383 11.9964
384 11.9964
385 11.9964
386 11.9964
387 11.9964
388 11.9964
389 11.9964
390 11.9964
391 11.9964
392 11.9964
393 11.9964
394 11.9964
395 11.9964
396 11.9964
397 11.9964
398 11.9964
399 11.9964
400 11.9964
401 11.9964
402 11.9964
403 11.9964
404 11.9964
405 11.9964
406 11.9964
407 11.9964
408 11.9964
409 11.9964
410 11.9964
411 11.9964
412 11.9964
413 11.9964
414 11.9964
415 11.9964
416 11.9964
417 11.9964
418 11.9964
419 11.9964
420 11.9964
421 11.9964
422 11.9964
423 11.9964
424 11.9964
425 11.9964
426 11.9964
427 11.9964
428 11.9964
429 11.9964
430 11.9964
431 11.9964
432 11.9964
433 11.9964
434 11.9964
435 11.9964
436 11.9964
437 11.9964
438 11.9964
439 11.9964
440 11.9964
441 11.9964
442 11.9964
443 11.9964
444 11.9964
445 11.9964
446 11.9964
447 11.9964
448 11.9964
449 11.9964
450 11.9964
451 11.9964
452 11.9964
453 11.9964
454 11.9964
455 11.9964
456 11.9964
457 11.9964
458 11.9964
459 11.9964
460 11.9964
461 11.9964
462 11.9964
463 11.9964
464 11.9964
465 11.9964
466 11.9964
467 11.9964
468 11.9964
469 11.9964
470 11.9964
471 11.9964
472 11.9964
473 11.9964
474 11.9964
475 11.9964
476 11.9964
477 11.9964
478 11.9964
479 11.9964
480 11.9964
481 11.9964
482 11.9964
483 11.9964
484 11.9964
485 11.9964
486 11.9964
487 11.9964
488 11.9964
489 11.9964
490 11.9964
491 11.9964
492 11.9964
493 11.9964
494 11.9964
495 11.9964
496 11.9964
497 11.9964
498 11.9964
499 11.9964
500 11.9964
501 11.9964
502 11.9964
503 11.9964
504 11.9964
505 11.9964
506 11.9964
507 11.9964
508 11.9964
509 11.9964
510 11.9964
511 11.9964
512 11.9964
513 11.9964
514 11.9964
515 11.9964
516 11.9964
517 11.9964
518 11.9964
519 11.9964
520 11.9964
521 11.9964
522 11.9964
523 11.9964
524 11.9964
525 11.9964
526 11.9964
527 11.9964
528 11.9964
529 11.9964
530 11.9964
531 11.9964
532 11.9964
533 11.9964
534 11.9964
535 11.9964
536 11.9964
537 11.9964
538 11.9964
539 11.9964
540 11.9964
541 11.9964
542 11.9964
