1 11.9409
2 11.9409
3 11.9409
4 11.9409
5 11.9409
6 11.9409
7 11.9409
8 11.9409
9 11.9409
10 11.9409
11 11.9409
12 11.9409
13 11.9409
14 11.9409
15 11.9409
16 11.9409
17 11.9409
18 11.9409
19 11.9409
20 11.9409
21 11.9409
22 11.9409
23 11.9409
24 11.9409
25 11.9409
26 11.9409
27 11.9409
28 11.9409
29 11.9409
30 11.9409
31 11.9409
32 11.9409
33 11.9409
34 11.9409
35 11.9409
36 11.9409
37 11.9409
38 11.9409
39 11.9409
40 11.9409
41 11.9409
42 11.9409
43 11.9409
44 11.9409
45 11.9409
46 11.9409
47 11.9409
48 11.9409
49 11.9409
50 11.9409
51 11.9409
52 11.9409
53 11.9409
54 11.9409
55 11.9409
56 11.9409
57 11.9409
58 11.9409
59 11.9409
60 11.9409
61 11.9409
62 11.9409
63 11.9409
64 11.9409
65 11.9409
66 11.9409
67 11.9409
68 11.9409
69 11.9409
70 11.9409
71 11.9409
72 11.9409
73 11.9409
74 11.9409
75 11.9409
76 11.9409
77 11.9409
78 11.9409
79 11.9409
80 11.9409
81 11.9409
82 11.9409
83 11.9409
84 11.9409
85 11.9409
86 11.9409
87 11.9409
88 11.9409
89 11.9409
90 11.9409
91 11.9409
92 11.9409
93 11.9409
94 11.9409
95 11.9409
96 11.9409
97 11.9409
98 11.9409
99 11.9409
100 11.9409
101 11.9409
102 11.9409
103 11.9409
104 11.9409
105 11.9409
106 11.9409
107 11.9409
108 11.9409
109 11.9409
110 11.9409
111 11.9409
112 11.9409
113 11.9409
114 11.9409
115 11.9409
116 11.9409
117 11.9409
118 11.9409
119 11.9409
120 11.9409
121 11.9409
122 11.9409
123 11.9409
124 11.9409
125 11.9409
126 11.9409
127 11.9409
128 11.9409
129 11.9409
130 11.9409
131 11.9409
132 11.9409
133 11.9409
134 11.9409
135 11.9409
136 11.9409
137 11.9409
138 11.9409
139 11.9409
140 11.9409
141 11.9409
142 11.9409
143 11.9409
144 11.9409
145 11.9409
146 11.9409
147 11.9409
148 11.9409
149 11.9409
150 11.9409
151 11.9409
152 11.9409
153 11.9409
154 11.9409
155 11.9409
156 11.9409
157 11.9409
158 11.9409
159 11.9409
160 11.9409
161 11.9409
162 11.9409
163 11.9409
164 11.9409
165 11.9409
166 11.9409
167 11.9409
168 11.9409
169 11.9409
170 11.9409
171 11.9409
172 11.9409
173 11.9409
174 11.9409
175 11.9409
176 11.9409
177 11.9409
178 11.9409
179 11.9409
180 11.9409
181 11.9409
182 11.9409
183 11.9409
184 11.9409
185 11.9409
186 11.9409
187 11.9409
188 11.9409
189 11.9409
190 11.9409
191 11.9409
192 11.9409
193 11.9409
194 11.9409
195 11.9409
196 11.9409
197 11.9409
198 11.9409
199 11.9409
200 11.9409
201 11.9409
202 11.9409
203 11.9409
204 11.9409
205 11.9409
206 11.9409
207 11.9409
208 11.9409
209 11.9409
210 11.9409
211 11.9409
212 11.9409
213 11.9409
214 11.9409
215 11.9409
216 11.9409
217 11.9409
218 11.9409
219 11.9409
220 11.9409
221 11.9409
222 11.9409
223 11.9409
224 11.9409
225 11.9409
226 11.9409
227 11.9409
228 11.9409
229 11.9409
230 11.9409
231 11.9409
232 11.9409
233 11.9409
234 11.9409
235 11.9409
236 11.9409
237 11.9409
238 11.9409
239 11.9409
240 11.9409
241 11.9409
242 11.9409
243 11.9409
244 11.9409
245 11.9409
246 11.9409
247 11.9409
248 11.9958
249 11.7132
250 11.1987
251 10.6456
252 10.6587
253 10.7724
254 10.754
255 10.861
256 10.8121
257 10.8932
258 11.3822
259 11.2797
260 10.5689
261 9.72991
262 9.68465
263 9.70084
264 9.52819
265 9.52092
266 9.53758
267 9.55885
268 9.60647
269 9.7865
270 9.79098
271 9.85912
272 10.1162
273 10.0302
274 9.59321
275 9.5085
276 9.48596
277 9.47001
278 9.45502
279 9.48153
280 9.82634
281 9.88909
282 10.3539
283 10.4631
284 11.0475
285 11.0499
286 10.6066
287 10.5258
288 10.5108
289 10.6766
290 10.6517
291 10.8758
292 10.8546
293 11.4242
294 11.8922
295 12
296 11.9409
297 11.9409
298 11.9409
299 11.9409
300 11.9409
301 11.9409
302 11.9409
303 11.9409
304 11.9409
305 11.9409
306 11.9409
307 11.9409
308 11.9409
309 11.9409
310 11.9409
311 11.9409
312 11.9409
313 11.9409
314 11.9409
315 11.9409
316 11.9409
317 11.9409
318 11.9409
319 11.9409
320 11.9409
321 11.9409
322 11.9409
323 11.9409
324 11.9409
325 11.9409
326 11.9409
327 11.9409
328 11.9409
329 11.9409
330 11.9409
331 11.9409
332 11.9409
333 11.9409
334 11.9409
335 11.9409
336 11.9409
337 11.9409
338 11.9409
339 11.9409
340 11.9409
341 11.9409
342 11.9409
343 11.9409
344 11.9409
345 11.9409
346 11.9409
347 11.9409
348 11.9409
349 11.9409
350 11.9409
351 11.9409
352 11.9409
353 11.9409
354 11.9409
355 11.9409
356 11.9409
357 11.9409
358 11.9409
359 11.9409
360 11.9409
361 11.9409
362 11.9409
363 11.9409
364 11.9409
365 11.9409
366 11.9409
367 11.9409
368 11.9409
369 11.9409
370 11.9409
371 11.9409
372 11.9409
373 11.9409
374 11.9409
375 11.9409
376 11.9409
377 11.9409
378 11.9409
379 11.9409
380 11.9409
381 11.9409
382 11.9409
383 11.9409
384 11.9409
385 11.9409
386 11.9409
387 11.9409
388 11.9409
389 11.9409
390 11.9409
391 11.9409
392 11.9409
393 11.9409
394 11.9409
395 11.9409
396 11.9409
397 11.9409
398 11.9409
399 11.9409
400 11.9409
401 11.9409
402 11.9409
403 11.9409
404 11.9409
405 11.9409
406 11.9409
407 11.9409
408 11.9409
409 11.9409
410 11.9409
411 11.9409
412 11.9409
413 11.9409
414 11.9409
415 11.9409
416 11.9409
417 11.9409
418 11.9409
419 11.9409
420 11.9409
421 11.9409
422 11.9409
423 11.9409
424 11.9409
425 11.9409
426 11.9409
427 11.9409
428 11.9409
429 11.9409
430 11.9409
431 11.9409
432 11.9409
433 11.9409
434 11.9409
435 11.9409
436 11.9409
437 11.9409
438 11.9409
439 11.9409
440 11.9409
441 11.9409
442 11.9409
443 11.9409
444 11.9409
445 11.9409
446 11.9409
447 11.9409
448 11.9409
449 11.9409
450 11.9409
451 11.9409
452 11.9409
453 11.9409
454 11.9409
455 11.9409
456 11.9409
457 11.9409
458 11.9409
459 11.9409
460 11.9409
461 11.9409
462 11.9409
463 11.9409
464 11.9409
465 11.9409
466 11.9409
467 11.9409
468 11.9409
469 11.9409
470 11.9409
471 11.9409
472 11.9409
473 11.9409
474 11.9409
475 11.9409
476 11.9409
477 11.9409
478 11.9409
479 11.9409
480 11.9409
481 11.9409
482 11.9409
483 11.9409
484 11.9409
485 11.9409
486 11.9409
487 11.9409
488 11.9409
489 11.9409
490 11.9409
491 11.9409
492 11.9409
493 11.9409
494 11.9409
495 11.9409
496 11.9409
497 11.9409
498 11.9409
499 11.9409
500 11.9409
501 11.9409
502 11.9409
503 11.9409
504 11.9409
505 11.9409
506 11.9409
507 11.9409
508 11.9409
509 11.9409
510 11.9409
511 11.9409
512 11.9409
513 11.9409
514 11.9409
515 11.9409
516 11.9409
517 11.9409
518 11.9409
519 11.9409
520 11.9409
521 11.9409
522 11.9409
523 11.9409
524 11.9409
525 11.9409
526 11.9409
527 11.9409
528 11.9409
529 11.9409
530 11.9409
531 11.9409
532 11.9409
533 11.9409
534 11.9409
535 11.9409
536 11.9409
537 11.9409
538 11.9409
539 11.9409
540 11.9409
541 11.9409
542 11.9409
