1 11.9943
2 11.9943
3 11.9943
4 11.9943
5 11.9943
6 11.9943
7 11.9943
8 11.9943
9 11.9943
10 11.9943
11 11.9943
12 11.9943
13 11.9943
14 11.9943
15 11.9943
16 11.9943
17 11.9943
18 11.9943
19 11.9943
20 11.9943
21 11.9943
22 11.9943
23 11.9943
24 11.9943
25 11.9943
26 11.9943
27 11.9943
28 11.9943
29 11.9943
30 11.9943
31 11.9943
32 11.9943
33 11.9943
34 11.9943
35 11.9943
36 11.9943
37 11.9943
38 11.9943
39 11.9943
40 11.9943
41 11.9943
42 11.9943
43 11.9943
44 11.9943
45 11.9943
46 11.9943
47 11.9943
48 11.9943
49 11.9943
50 11.9943
51 11.9943
52 11.9943
53 11.9943
54 11.9943
55 11.9943
56 11.9943
57 11.9943
58 11.9943
59 11.9943
60 11.9943
61 11.9943
62 11.9943
63 11.9943
64 11.9943
65 11.9943
66 11.9943
67 11.9943
68 11.9943
69 11.9943
70 11.9943
71 11.9943
72 11.9943
73 11.9943
74 11.9943
75 11.9943
76 11.9943
77 11.9943
78 11.9943
79 11.9943
80 11.9943
81 11.9943
82 11.9943
83 11.9943
84 11.9943
85 11.9943
86 11.9943
87 11.9943
88 11.9943
89 11.9943
90 11.9943
91 11.9943
92 11.9943
93 11.9943
94 11.9943
95 11.9943
96 11.9943
97 11.9943
98 11.9943
99 11.9943
100 11.9943
101 11.9943
102 11.9943
103 11.9943
104 11.9943
105 11.9943
106 11.9943
107 11.9943
108 11.9943
109 11.9943
110 11.9943
111 11.9943
112 11.9943
113 11.9943
114 11.9943
115 11.9943
116 11.9943
117 11.9943
118 11.9943
119 11.9943
120 11.9943
121 11.9943
122 11.9943
123 11.9943
124 11.9943
125 11.9943
126 11.9943
127 11.9943
128 11.9943
129 11.9943
130 11.9943
131 11.9943
132 11.9943
133 11.9943
134 11.9943
135 11.9943
136 11.9943
137 11.9943
138 11.9943
139 11.9943
140 11.9943
141 11.9943
142 11.9943
143 11.9943
144 11.9943
145 11.9943
146 11.9943
147 11.9943
148 11.9943
149 11.9943
150 11.9943
151 11.9943
152 11.9943
153 11.9943
154 11.9943
155 11.9943
156 11.9943
157 11.9943
158 11.9943
159 11.9943
160 11.9943
161 11.9943
162 11.9943
163 11.9943
164 11.9943
165 11.9943
166 11.9943
167 11.9943
168 11.9943
169 11.9943
170 11.9943
171 11.9943
172 11.9943
173 11.9943
174 11.9943
175 11.9943
176 11.9943
177 11.9943
178 11.9943
179 11.9943
180 11.9943
181 11.9943
182 11.9943
183 11.9943
184 11.9943
185 11.9943
186 11.9943
187 11.9943
188 11.9943
189 11.9943
190 11.9943
191 11.9943
192 11.9943
193 11.9943
194 11.9943
195 11.9943
196 11.9943
197 11.9943
198 11.9943
199 11.9943
200 11.9943
201 11.9943
202 11.9943
203 11.9943
204 11.9943
205 11.9943
206 11.9943
207 11.9943
208 11.9943
209 11.9943
210 11.9943
211 11.9943
212 11.9943
213 11.9943
214 11.9943
215 11.9943
216 11.9943
217 11.9943
218 11.9943
219 11.9943
220 11.9943
221 11.9943
222 11.9943
223 11.9943
224 11.9943
225 11.9943
226 11.9994
227 12
228 11.8732
229 11.5053
230 10.9699
231 10.3797
232 9.78447
233 9.19263
234 8.6052
235 8.02341
236 7.44993
237 6.88819
238 6.34162
239 5.81304
240 5.30466
241 4.81802
242 4.35418
243 3.91385
244 3.49755
245 3.10571
246 2.73872
247 2.39697
248 2.08086
249 1.79073
250 1.52687
251 1.28941
252 1.32639
253 1.35314
254 1.38272
255 1.39512
256 1.40936
257 1.41398
258 1.41527
259 1.41669
260 1.41822
261 1.41983
262 1.42022
263 1.42031
264 1.4204
265 1.42041
266 1.42042
267 1.42042
268 1.42042
269 1.42042
270 1.42042
271 1.42042
272 1.42042
273 1.42042
274 1.42042
275 1.42042
276 1.42042
277 1.42042
278 1.42041
279 1.4204
280 1.42031
281 1.42022
282 1.41983
283 1.41946
284 1.41795
285 1.41654
286 1.41527
287 1.41078
288 1.39712
289 1.36627
290 1.33751
291 1.31405
292 1.2756
293 1.52322
294 1.80036
295 2.10721
296 2.44377
297 2.80981
298 3.20484
299 3.62803
300 4.07809
301 4.55298
302 5.04977
303 5.56436
304 6.09157
305 6.62537
306 7.15967
307 7.68948
308 8.2121
309 8.72788
310 9.24061
311 9.75692
312 10.2842
313 10.8246
314 11.3457
315 11.7537
316 11.9606
317 11.9992
318 11.9943
319 11.9943
320 11.9943
321 11.9943
322 11.9943
323 11.9943
324 11.9943
325 11.9943
326 11.9943
327 11.9943
328 11.9943
329 11.9943
330 11.9943
331 11.9943
332 11.9943
333 11.9943
334 11.9943
335 11.9943
336 11.9943
337 11.9943
338 11.9943
339 11.9943
340 11.9943
341 11.9943
342 11.9943
343 11.9943
344 11.9943
345 11.9943
346 11.9943
347 11.9943
348 11.9943
349 11.9943
350 11.9943
351 11.9943
352 11.9943
353 11.9943
354 11.9943
355 11.9943
356 11.9943
357 11.9943
358 11.9943
359 11.9943
360 11.9943
361 11.9943
362 11.9943
363 11.9943
364 11.9943
365 11.9943
366 11.9943
367 11.9943
368 11.9943
369 11.9943
370 11.9943
371 11.9943
372 11.9943
373 11.9943
374 11.9943
375 11.9943
376 11.9943
377 11.9943
378 11.9943
379 11.9943
380 11.9943
381 11.9943
382 11.9943
383 11.9943
384 11.9943
385 11.9943
386 11.9943
387 11.9943
388 11.9943
389 11.9943
390 11.9943
391 11.9943
392 11.9943
393 11.9943
394 11.9943
395 11.9943
396 11.9943
397 11.9943
398 11.9943
399 11.9943
400 11.9943
401 11.9943
402 11.9943
403 11.9943
404 11.9943
405 11.9943
406 11.9943
407 11.9943
408 11.9943
409 11.9943
410 11.9943
411 11.9943
412 11.9943
413 11.9943
414 11.9943
415 11.9943
416 11.9943
417 11.9943
418 11.9943
419 11.9943
420 11.9943
421 11.9943
422 11.9943
423 11.9943
424 11.9943
425 11.9943
426 11.9943
427 11.9943
428 11.9943
429 11.9943
430 11.9943
431 11.9943
432 11.9943
433 11.9943
434 11.9943
435 11.9943
436 11.9943
437 11.9943
438 11.9943
439 11.9943
440 11.9943
441 11.9943
442 11.9943
443 11.9943
444 11.9943
445 11.9943
446 11.9943
447 11.9943
448 11.9943
449 11.9943
450 11.9943
451 11.9943
452 11.9943
453 11.9943
454 11.9943
455 11.9943
456 11.9943
457 11.9943
458 11.9943
459 11.9943
460 11.9943
461 11.9943
462 11.9943
463 11.9943
464 11.9943
465 11.9943
466 11.9943
467 11.9943
468 11.9943
469 11.9943
470 11.9943
471 11.9943
472 11.9943
473 11.9943
474 11.9943
475 11.9943
476 11.9943
477 11.9943
478 11.9943
479 11.9943
480 11.9943
481 11.9943
482 11.9943
483 11.9943
484 11.9943
485 11.9943
486 11.9943
487 11.9943
488 11.9943
489 11.9943
490 11.9943
491 11.9943
492 11.9943
493 11.9943
494 11.9943
495 11.9943
496 11.9943
497 11.9943
498 11.9943
499 11.9943
500 11.9943
501 11.9943
502 11.9943
503 11.9943
504 11.9943
505 11.9943
506 11.9943
507 11.9943
508 11.9943
509 11.9943
510 11.9943
511 11.9943
512 11.9943
513 11.9943
514 11.9943
515 11.9943
516 11.9943
517 11.9943
518 11.9943
519 11.9943
520 11.9943
521 11.9943
522 11.9943
523 11.9943
524 11.9943
525 11.9943
526 11.9943
527 11.9943
528 11.9943
529 11.9943
530 11.9943
531 11.9943
532 11.9943
533 11.9943
534 11.9943
535 11.9943
536 11.9943
537 11.9943
538 11.9943
539 11.9943
540 11.9943
541 11.9943
542 11.9943
