1 11.8922
2 11.8922
3 11.8922
4 11.8922
5 11.8922
6 11.8922
7 11.8922
8 11.8922
9 11.8922
10 11.8922
11 11.8922
12 11.8922
13 11.8922
14 11.8922
15 11.8922
16 11.8922
17 11.8922
18 11.8922
19 11.8922
20 11.8922
21 11.8922
22 11.8922
23 11.8922
24 11.8922
25 11.8922
26 11.8922
27 11.8922
28 11.8922
29 11.8922
30 11.8922
31 11.8922
32 11.8922
33 11.8922
34 11.8922
35 11.8922
36 11.8922
37 11.8922
38 11.8922
39 11.8922
40 11.8922
41 11.8922
42 11.8922
43 11.8922
44 11.8922
45 11.8922
46 11.8922
47 11.8922
48 11.8922
49 11.8922
50 11.8922
51 11.8922
52 11.8922
53 11.8922
54 11.8922
55 11.8922
56 11.8922
57 11.8922
58 11.8922
59 11.8922
60 11.8922
61 11.8922
62 11.8922
63 11.8922
64 11.8922
65 11.8922
66 11.8922
67 11.8922
68 11.8922
69 11.8922
70 11.8922
71 11.8922
72 11.8922
73 11.8922
74 11.8922
75 11.8922
76 11.8922
77 11.8922
78 11.8922
79 11.8922
80 11.8922
81 11.8922
82 11.8922
83 11.8922
84 11.8922
85 11.8922
86 11.8922
87 11.8922
88 11.8922
89 11.8922
90 11.8922
91 11.8922
92 11.8922
93 11.8922
94 11.8922
95 11.8922
96 11.8922
97 11.8922
98 11.8922
99 11.8922
100 11.8922
101 11.8922
102 11.8922
103 11.8922
104 11.8922
105 11.8922
106 11.8922
107 11.8922
108 11.8922
109 11.8922
110 11.8922
111 11.8922
112 11.8922
113 11.8922
114 11.8922
115 11.8922
116 11.8922
117 11.8922
118 11.8922
119 11.8922
120 11.8922
121 11.8922
122 11.8922
123 11.8922
124 11.8922
125 11.8922
126 11.8922
127 11.8922
128 11.8922
129 11.8922
130 11.8922
131 11.8922
132 11.8922
133 11.8922
134 11.8922
135 11.8922
136 11.8922
137 11.8922
138 11.8922
139 11.8922
140 11.8922
141 11.8922
142 11.8922
143 11.8922
144 11.8922
145 11.8922
146 11.8922
147 11.8922
148 11.8922
149 11.8922
150 11.8922
151 11.8922
152 11.8922
153 11.8922
154 11.8922
155 11.8922
156 11.8922
157 11.8922
158 11.8922
159 11.8922
160 11.8922
161 11.8922
162 11.8922
163 11.8922
164 11.8922
165 11.8922
166 11.8922
167 11.8922
168 11.8922
169 11.8922
170 11.8922
171 11.8922
172 11.8922
173 11.8922
174 11.8922
175 11.8922
176 11.8922
177 11.8922
178 11.8922
179 11.8922
180 11.8922
181 11.8922
182 11.8922
183 11.8922
184 11.8922
185 11.8922
186 11.8922
187 11.8922
188 11.8922
189 11.8922
190 11.8922
191 11.8922
192 11.8922
193 11.8922
194 11.8922
195 11.8922
196 11.8922
197 11.8922
198 11.8922
199 11.8922
200 11.8922
201 11.8922
202 11.8922
203 11.8922
204 11.8922
205 11.8922
206 11.8922
207 11.8922
208 11.8922
209 11.8922
210 11.8922
211 11.8922
212 11.8922
213 11.8922
214 11.8922
215 11.8922
216 11.8922
217 11.8922
218 11.8922
219 11.8922
220 11.8922
221 11.8922
222 11.8922
223 11.8922
224 11.8922
225 11.8922
226 11.8922
227 11.8922
228 11.8922
229 11.8922
230 11.8922
231 11.8922
232 11.8922
233 11.8922
234 11.8922
235 11.8922
236 11.8922
237 11.8922
238 11.8922
239 11.8922
240 11.8922
241 11.8922
242 11.8922
243 11.8922
244 11.8922
245 11.8922
246 11.8922
247 11.8922
248 11.8922
249 11.9991
250 11.6452
251 11.0684
252 11.1131
253 11.3998
254 11.272
255 11.3998
256 11.1355
257 11.1084
258 11.7113
259 11.9852
260 11.345
261 10.5725
262 10.5308
263 10.5438
264 10.2907
265 10.2615
266 10.2733
267 10.305
268 10.3903
269 10.7264
270 10.7518
271 10.8655
272 11.3083
273 11.0563
274 10.2734
275 10.1502
276 10.1162
277 10.1002
278 10.0953
279 10.1439
280 10.59
281 10.6731
282 11.2064
283 11.2542
284 11.8065
285 11.5096
286 10.8583
287 10.8179
288 10.8613
289 11.1974
290 11.1733
291 11.5239
292 11.3658
293 11.8849
294 12
295 11.8922
296 11.8922
297 11.8922
298 11.8922
299 11.8922
300 11.8922
301 11.8922
302 11.8922
303 11.8922
304 11.8922
305 11.8922
306 11.8922
307 11.8922
308 11.8922
309 11.8922
310 11.8922
311 11.8922
312 11.8922
313 11.8922
314 11.8922
315 11.8922
316 11.8922
317 11.8922
318 11.8922
319 11.8922
320 11.8922
321 11.8922
322 11.8922
323 11.8922
324 11.8922
325 11.8922
326 11.8922
327 11.8922
328 11.8922
329 11.8922
330 11.8922
331 11.8922
332 11.8922
333 11.8922
334 11.8922
335 11.8922
336 11.8922
337 11.8922
338 11.8922
339 11.8922
340 11.8922
341 11.8922
342 11.8922
343 11.8922
344 11.8922
345 11.8922
346 11.8922
347 11.8922
348 11.8922
349 11.8922
350 11.8922
351 11.8922
352 11.8922
353 11.8922
354 11.8922
355 11.8922
356 11.8922
357 11.8922
358 11.8922
359 11.8922
360 11.8922
361 11.8922
362 11.8922
363 11.8922
364 11.8922
365 11.8922
366 11.8922
367 11.8922
368 11.8922
369 11.8922
370 11.8922
371 11.8922
372 11.8922
373 11.8922
374 11.8922
375 11.8922
376 11.8922
377 11.8922
378 11.8922
379 11.8922
380 11.8922
381 11.8922
382 11.8922
383 11.8922
384 11.8922
385 11.8922
386 11.8922
387 11.8922
388 11.8922
389 11.8922
390 11.8922
391 11.8922
392 11.8922
393 11.8922
394 11.8922
395 11.8922
396 11.8922
397 11.8922
398 11.8922
399 11.8922
400 11.8922
401 11.8922
402 11.8922
403 11.8922
404 11.8922
405 11.8922
406 11.8922
407 11.8922
408 11.8922
409 11.8922
410 11.8922
411 11.8922
412 11.8922
413 11.8922
414 11.8922
415 11.8922
416 11.8922
417 11.8922
418 11.8922
419 11.8922
420 11.8922
421 11.8922
422 11.8922
423 11.8922
424 11.8922
425 11.8922
426 11.8922
427 11.8922
428 11.8922
429 11.8922
430 11.8922
431 11.8922
432 11.8922
433 11.8922
434 11.8922
435 11.8922
436 11.8922
437 11.8922
438 11.8922
439 11.8922
440 11.8922
441 11.8922
442 11.8922
443 11.8922
444 11.8922
445 11.8922
446 11.8922
447 11.8922
448 11.8922
449 11.8922
450 11.8922
451 11.8922
452 11.8922
453 11.8922
454 11.8922
455 11.8922
456 11.8922
457 11.8922
458 11.8922
459 11.8922
460 11.8922
461 11.8922
462 11.8922
463 11.8922
464 11.8922
465 11.8922
466 11.8922
467 11.8922
468 11.8922
469 11.8922
470 11.8922
471 11.8922
472 11.8922
473 11.8922
474 11.8922
475 11.8922
476 11.8922
477 11.8922
478 11.8922
479 11.8922
480 11.8922
481 11.8922
482 11.8922
483 11.8922
484 11.8922
485 11.8922
486 11.8922
487 11.8922
488 11.8922
489 11.8922
490 11.8922
491 11.8922
492 11.8922
493 11.8922
494 11.8922
495 11.8922
496 11.8922
497 11.8922
498 11.8922
499 11.8922
500 11.8922
501 11.8922
502 11.8922
503 11.8922
504 11.8922
505 11.8922
506 11.8922
507 11.8922
508 11.8922
509 11.8922
510 11.8922
511 11.8922
512 11.8922
513 11.8922
514 11.8922
515 11.8922
516 11.8922
517 11.8922
518 11.8922
519 11.8922
520 11.8922
521 11.8922
522 11.8922
523 11.8922
524 11.8922
525 11.8922
526 11.8922
527 11.8922
528 11.8922
529 11.8922
530 11.8922
531 11.8922
532 11.8922
533 11.8922
534 11.8922
535 11.8922
536 11.8922
537 11.8922
538 11.8922
539 11.8922
540 11.8922
541 11.8922
542 11.8922
