1 11.985
2 11.985
3 11.985
4 11.985
5 11.985
6 11.985
7 11.985
8 11.985
9 11.985
10 11.985
11 11.985
12 11.985
13 11.985
14 11.985
15 11.985
16 11.985
17 11.985
18 11.985
19 11.985
20 11.985
21 11.985
22 11.985
23 11.985
24 11.985
25 11.985
26 11.985
27 11.985
28 11.985
29 11.985
30 11.985
31 11.985
32 11.985
33 11.985
34 11.985
35 11.985
36 11.985
37 11.985
38 11.985
39 11.985
40 11.985
41 11.985
42 11.985
43 11.985
44 11.985
45 11.985
46 11.985
47 11.985
48 11.985
49 11.985
50 11.985
51 11.985
52 11.985
53 11.985
54 11.985
55 11.985
56 11.985
57 11.985
58 11.985
59 11.985
60 11.985
61 11.985
62 11.985
63 11.985
64 11.985
65 11.985
66 11.985
67 11.985
68 11.985
69 11.985
70 11.985
71 11.985
72 11.985
73 11.985
74 11.985
75 11.985
76 11.985
77 11.985
78 11.985
79 11.985
80 11.985
81 11.985
82 11.985
83 11.985
84 11.985
85 11.985
86 11.985
87 11.985
88 11.985
89 11.985
90 11.985
91 11.985
92 11.985
93 11.985
94 11.985
95 11.985
96 11.985
97 11.985
98 11.985
99 11.985
100 11.985
101 11.985
102 11.985
103 11.985
104 11.985
105 11.985
106 11.985
107 11.985
108 11.985
109 11.985
110 11.985
111 11.985
112 11.985
113 11.985
114 11.985
115 11.985
116 11.985
117 11.985
118 11.985
119 11.985
120 11.985
121 11.985
122 11.985
123 11.985
124 11.985
125 11.985
126 11.985
127 11.985
128 11.985
129 11.985
130 11.985
131 11.985
132 11.985
133 11.985
134 11.985
135 11.985
136 11.985
137 11.985
138 11.985
139 11.985
140 11.985
141 11.985
142 11.985
143 11.985
144 11.985
145 11.985
146 11.985
147 11.985
148 11.985
149 11.985
150 11.985
151 11.985
152 11.985
153 11.985
154 11.985
155 11.985
156 11.985
157 11.985
158 11.985
159 11.985
160 11.985
161 11.985
162 11.985
163 11.985
164 11.985
165 11.985
166 11.985
167 11.985
168 11.985
169 11.985
170 11.985
171 11.985
172 11.985
173 11.985
174 11.985
175 11.985
176 11.985
177 11.985
178 11.985
179 11.985
180 11.985
181 11.985
182 11.985
183 11.985
184 11.985
185 11.985
186 11.985
187 11.985
188 11.985
189 11.985
190 11.985
191 11.985
192 11.985
193 11.985
194 11.985
195 11.985
196 11.985
197 11.985
198 11.985
199 11.985
200 11.985
201 11.985
202 11.985
203 11.985
204 11.985
205 11.985
206 11.985
207 11.985
208 11.985
209 11.985
210 11.985
211 11.985
212 11.985
213 11.985
214 11.985
215 11.985
216 11.985
217 11.985
218 11.985
219 11.985
220 11.985
221 11.985
222 11.985
223 11.985
224 11.985
225 11.985
226 11.985
227 11.985
228 11.985
229 12
230 11.8922
231 11.552
232 11.0791
233 10.5518
234 10.0027
235 9.44348
236 8.87567
237 8.30074
238 7.72043
239 7.13809
240 6.55823
241 5.98582
242 5.42561
243 4.88159
244 4.35684
245 3.85355
246 3.37319
247 2.91672
248 2.48479
249 2.07788
250 1.69645
251 1.3409
252 1.37736
253 1.41323
254 1.45009
255 1.47116
256 1.49618
257 1.50681
258 1.51049
259 1.51499
260 1.52032
261 1.52644
262 1.5282
263 1.52865
264 1.52915
265 1.52926
266 1.52929
267 1.52929
268 1.5293
269 1.5293
270 1.5293
271 1.5293
272 1.52929
273 1.52929
274 1.5293
275 1.5293
276 1.52929
277 1.52929
278 1.52926
279 1.52915
280 1.52866
281 1.52821
282 1.52648
283 1.52497
284 1.51986
285 1.51559
286 1.51213
287 1.50234
288 1.47983
289 1.4513
290 1.41705
291 1.43294
292 1.39882
293 1.78162
294 2.19418
295 2.63537
296 3.10337
297 3.59544
298 4.10764
299 4.63469
300 5.17018
301 5.70725
302 6.23971
303 6.76335
304 7.27686
305 7.78199
306 8.28273
307 8.7842
308 9.29071
309 9.80439
310 10.3246
311 10.8432
312 11.3324
313 11.7573
314 11.9816
315 11.985
316 11.985
317 11.985
318 11.985
319 11.985
320 11.985
321 11.985
322 11.985
323 11.985
324 11.985
325 11.985
326 11.985
327 11.985
328 11.985
329 11.985
330 11.985
331 11.985
332 11.985
333 11.985
334 11.985
335 11.985
336 11.985
337 11.985
338 11.985
339 11.985
340 11.985
341 11.985
342 11.985
343 11.985
344 11.985
345 11.985
346 11.985
347 11.985
348 11.985
349 11.985
350 11.985
351 11.985
352 11.985
353 11.985
354 11.985
355 11.985
356 11.985
357 11.985
358 11.985
359 11.985
360 11.985
361 11.985
362 11.985
363 11.985
364 11.985
365 11.985
366 11.985
367 11.985
368 11.985
369 11.985
370 11.985
371 11.985
372 11.985
373 11.985
374 11.985
375 11.985
376 11.985
377 11.985
378 11.985
379 11.985
380 11.985
381 11.985
382 11.985
383 11.985
384 11.985
385 11.985
386 11.985
387 11.985
388 11.985
389 11.985
390 11.985
391 11.985
392 11.985
393 11.985
394 11.985
395 11.985
396 11.985
397 11.985
398 11.985
399 11.985
400 11.985
401 11.985
402 11.985
403 11.985
404 11.985
405 11.985
406 11.985
407 11.985
408 11.985
409 11.985
410 11.985
411 11.985
412 11.985
413 11.985
414 11.985
415 11.985
416 11.985
417 11.985
418 11.985
419 11.985
420 11.985
421 11.985
422 11.985
423 11.985
424 11.985
425 11.985
426 11.985
427 11.985
428 11.985
429 11.985
430 11.985
431 11.985
432 11.985
433 11.985
434 11.985
435 11.985
436 11.985
437 11.985
438 11.985
439 11.985
440 11.985
441 11.985
442 11.985
443 11.985
444 11.985
445 11.985
446 11.985
447 11.985
448 11.985
449 11.985
450 11.985
451 11.985
452 11.985
453 11.985
454 11.985
455 11.985
456 11.985
457 11.985
458 11.985
459 11.985
460 11.985
461 11.985
462 11.985
463 11.985
464 11.985
465 11.985
466 11.985
467 11.985
468 11.985
469 11.985
470 11.985
471 11.985
472 11.985
473 11.985
474 11.985
475 11.985
476 11.985
477 11.985
478 11.985
479 11.985
480 11.985
481 11.985
482 11.985
483 11.985
484 11.985
485 11.985
486 11.985
487 11.985
488 11.985
489 11.985
490 11.985
491 11.985
492 11.985
493 11.985
494 11.985
495 11.985
496 11.985
497 11.985
498 11.985
499 11.985
500 11.985
501 11.985
502 11.985
503 11.985
504 11.985
505 11.985
506 11.985
507 11.985
508 11.985
509 11.985
510 11.985
511 11.985
512 11.985
513 11.985
514 11.985
515 11.985
516 11.985
517 11.985
518 11.985
519 11.985
520 11.985
521 11.985
522 11.985
523 11.985
524 11.985
525 11.985
526 11.985
527 11.985
528 11.985
529 11.985
530 11.985
531 11.985
532 11.985
533 11.985
534 11.985
535 11.985
536 11.985
537 11.985
538 11.985
539 11.985
540 11.985
541 11.985
542 11.985
