1 11.9999
2 11.9999
3 11.9999
4 11.9999
5 11.9999
6 11.9999
7 11.9999
8 11.9999
9 11.9999
10 11.9999
11 11.9999
12 11.9999
13 11.9999
14 11.9999
15 11.9999
16 11.9999
17 11.9999
18 11.9999
19 11.9999
20 11.9999
21 11.9999
22 11.9999
23 11.9999
24 11.9999
25 11.9999
26 11.9999
27 11.9999
28 11.9999
29 11.9999
30 11.9999
31 11.9999
32 11.9999
33 11.9999
34 11.9999
35 11.9999
36 11.9999
37 11.9999
38 11.9999
39 11.9999
40 11.9999
41 11.9999
42 11.9999
43 11.9999
44 11.9999
45 11.9999
46 11.9999
47 11.9999
48 11.9999
49 11.9999
50 11.9999
51 11.9999
52 11.9999
53 11.9999
54 11.9999
55 11.9999
56 11.9999
57 11.9999
58 11.9999
59 11.9999
60 11.9999
61 11.9999
62 11.9999
63 11.9999
64 11.9999
65 11.9999
66 11.9999
67 11.9999
68 11.9999
69 11.9999
70 11.9999
71 11.9999
72 11.9999
73 11.9999
74 11.9999
75 11.9999
76 11.9999
77 11.9999
78 11.9999
79 11.9999
80 11.9999
81 11.9999
82 11.9999
83 11.9999
84 11.9999
85 11.9999
86 11.9999
87 11.9999
88 11.9999
89 11.9999
90 11.9999
91 11.9999
92 11.9999
93 11.9999
94 11.9999
95 11.9999
96 11.9999
97 11.9999
98 11.9999
99 11.9999
100 11.9999
101 11.9999
102 11.9999
103 11.9999
104 11.9999
105 11.9999
106 11.9999
107 11.9999
108 11.9999
109 11.9999
110 11.9999
111 11.9999
112 11.9999
113 11.9999
114 11.9999
115 11.9999
116 11.9999
117 11.9999
118 11.9999
119 11.9999
120 11.9999
121 11.9999
122 11.9999
123 11.9999
124 11.9999
125 11.9999
126 11.9999
127 11.9999
128 11.9999
129 11.9999
130 11.9999
131 11.9999
132 11.9999
133 11.9999
134 11.9999
135 11.9999
136 11.9999
137 11.9999
138 11.9999
139 11.9999
140 11.9999
141 11.9999
142 11.9999
143 11.9999
144 11.9999
145 11.9999
146 11.9999
147 11.9999
148 11.9999
149 11.9999
150 11.9999
151 11.9999
152 11.9999
153 11.9999
154 11.9999
155 11.9999
156 11.9999
157 11.9999
158 11.9999
159 11.9999
160 11.9999
161 11.9999
162 11.9999
163 11.9999
164 11.9999
165 11.9999
166 11.9999
167 11.9999
168 11.9999
169 11.9999
170 11.9999
171 11.9999
172 11.9999
173 11.9999
174 11.9999
175 11.9999
176 11.9999
177 11.9999
178 11.9999
179 11.9999
180 11.9999
181 11.9999
182 11.9999
183 11.9999
184 11.9999
185 11.9999
186 11.9999
187 11.9999
188 11.9999
189 11.9999
190 11.9999
191 11.9999
192 11.9999
193 11.9999
194 11.9999
195 11.9999
196 11.9999
197 11.9999
198 11.9999
199 11.9999
200 11.9999
201 11.9999
202 11.9999
203 11.9999
204 11.9999
205 11.9999
206 11.9999
207 11.9999
208 11.9999
209 11.9999
210 11.9999
211 11.9999
212 11.9999
213 11.9999
214 11.9999
215 11.9999
216 11.9999
217 11.9999
218 11.9999
219 11.9999
220 11.9999
221 11.9999
222 11.9999
223 11.9999
224 11.9999
225 11.9999
226 11.9999
227 11.9999
228 11.9999
229 11.9999
230 11.9999
231 11.9999
232 11.9999
233 11.9999
234 11.9999
235 11.9185
236 11.4631
237 10.7688
238 10.014
239 9.24633
240 8.48565
241 7.73949
242 7.01376
243 6.31178
244 5.63516
245 4.9841
246 4.35755
247 3.75327
248 3.16778
249 2.59632
250 2.03305
251 1.47157
252 1.49991
253 1.55318
254 1.53617
255 1.56696
256 1.52422
257 1.54128
258 1.5619
259 1.56946
260 1.515
261 1.32164
262 1.31158
263 1.32491
264 1.32627
265 1.33823
266 1.34605
267 1.34981
268 1.35135
269 1.35188
270 1.35266
271 1.35283
272 1.35258
273 1.35244
274 1.35239
275 1.35192
276 1.35059
277 1.34739
278 1.34077
279 1.33021
280 1.32443
281 1.3114
282 1.30678
283 1.28967
284 1.28033
285 1.25657
286 1.23711
287 1.20703
288 1.17578
289 1.2278
290 1.1875
291 1.30502
292 1.2644
293 1.79204
294 2.34163
295 2.91547
296 3.51478
297 4.14016
298 4.79179
299 5.46948
300 6.17255
301 6.89955
302 7.64777
303 8.41279
304 9.18769
305 9.96519
306 10.7272
307 11.4286
308 11.8985
309 12
310 11.9999
311 11.9999
312 11.9999
313 11.9999
314 11.9999
315 11.9999
316 11.9999
317 11.9999
318 11.9999
319 11.9999
320 11.9999
321 11.9999
322 11.9999
323 11.9999
324 11.9999
325 11.9999
326 11.9999
327 11.9999
328 11.9999
329 11.9999
330 11.9999
331 11.9999
332 11.9999
333 11.9999
334 11.9999
335 11.9999
336 11.9999
337 11.9999
338 11.9999
339 11.9999
340 11.9999
341 11.9999
342 11.9999
343 11.9999
344 11.9999
345 11.9999
346 11.9999
347 11.9999
348 11.9999
349 11.9999
350 11.9999
351 11.9999
352 11.9999
353 11.9999
354 11.9999
355 11.9999
356 11.9999
357 11.9999
358 11.9999
359 11.9999
360 11.9999
361 11.9999
362 11.9999
363 11.9999
364 11.9999
365 11.9999
366 11.9999
367 11.9999
368 11.9999
369 11.9999
370 11.9999
371 11.9999
372 11.9999
373 11.9999
374 11.9999
375 11.9999
376 11.9999
377 11.9999
378 11.9999
379 11.9999
380 11.9999
381 11.9999
382 11.9999
383 11.9999
384 11.9999
385 11.9999
386 11.9999
387 11.9999
388 11.9999
389 11.9999
390 11.9999
391 11.9999
392 11.9999
393 11.9999
394 11.9999
395 11.9999
396 11.9999
397 11.9999
398 11.9999
399 11.9999
400 11.9999
401 11.9999
402 11.9999
403 11.9999
404 11.9999
405 11.9999
406 11.9999
407 11.9999
408 11.9999
409 11.9999
410 11.9999
411 11.9999
412 11.9999
413 11.9999
414 11.9999
415 11.9999
416 11.9999
417 11.9999
418 11.9999
419 11.9999
420 11.9999
421 11.9999
422 11.9999
423 11.9999
424 11.9999
425 11.9999
426 11.9999
427 11.9999
428 11.9999
429 11.9999
430 11.9999
431 11.9999
432 11.9999
433 11.9999
434 11.9999
435 11.9999
436 11.9999
437 11.9999
438 11.9999
439 11.9999
440 11.9999
441 11.9999
442 11.9999
443 11.9999
444 11.9999
445 11.9999
446 11.9999
447 11.9999
448 11.9999
449 11.9999
450 11.9999
451 11.9999
452 11.9999
453 11.9999
454 11.9999
455 11.9999
456 11.9999
457 11.9999
458 11.9999
459 11.9999
460 11.9999
461 11.9999
462 11.9999
463 11.9999
464 11.9999
465 11.9999
466 11.9999
467 11.9999
468 11.9999
469 11.9999
470 11.9999
471 11.9999
472 11.9999
473 11.9999
474 11.9999
475 11.9999
476 11.9999
477 11.9999
478 11.9999
479 11.9999
480 11.9999
481 11.9999
482 11.9999
483 11.9999
484 11.9999
485 11.9999
486 11.9999
487 11.9999
488 11.9999
489 11.9999
490 11.9999
491 11.9999
492 11.9999
493 11.9999
494 11.9999
495 11.9999
496 11.9999
497 11.9999
498 11.9999
499 11.9999
500 11.9999
501 11.9999
502 11.9999
503 11.9999
504 11.9999
505 11.9999
506 11.9999
507 11.9999
508 11.9999
509 11.9999
510 11.9999
511 11.9999
512 11.9999
513 11.9999
514 11.9999
515 11.9999
516 11.9999
517 11.9999
518 11.9999
519 11.9999
520 11.9999
521 11.9999
522 11.9999
523 11.9999
524 11.9999
525 11.9999
526 11.9999
527 11.9999
528 11.9999
529 11.9999
530 11.9999
531 11.9999
532 11.9999
533 11.9999
534 11.9999
535 11.9999
536 11.9999
537 11.9999
538 11.9999
539 11.9999
540 11.9999
541 11.9999
542 11.9999
