1 11.9953
2 11.9953
3 11.9953
4 11.9953
5 11.9953
6 11.9953
7 11.9953
8 11.9953
9 11.9953
10 11.9953
11 11.9953
12 11.9953
13 11.9953
14 11.9953
15 11.9953
16 11.9953
17 11.9953
18 11.9953
19 11.9953
20 11.9953
21 11.9953
22 11.9953
23 11.9953
24 11.9953
25 11.9953
26 11.9953
27 11.9953
28 11.9953
29 11.9953
30 11.9953
31 11.9953
32 11.9953
33 11.9953
34 11.9953
35 11.9953
36 11.9953
37 11.9953
38 11.9953
39 11.9953
40 11.9953
41 11.9953
42 11.9953
43 11.9953
44 11.9953
45 11.9953
46 11.9953
47 11.9953
48 11.9953
49 11.9953
50 11.9953
51 11.9953
52 11.9953
53 11.9953
54 11.9953
55 11.9953
56 11.9953
57 11.9953
58 11.9953
59 11.9953
60 11.9953
61 11.9953
62 11.9953
63 11.9953
64 11.9953
65 11.9953
66 11.9953
67 11.9953
68 11.9953
69 11.9953
70 11.9953
71 11.9953
72 11.9953
73 11.9953
74 11.9953
75 11.9953
76 11.9953
77 11.9953
78 11.9953
79 11.9953
80 11.9953
81 11.9953
82 11.9953
83 11.9953
84 11.9953
85 11.9953
86 11.9953
87 11.9953
88 11.9953
89 11.9953
90 11.9953
91 11.9953
92 11.9953
93 11.9953
94 11.9953
95 11.9953
96 11.9953
97 11.9953
98 11.9953
99 11.9953
100 11.9953
101 11.9953
102 11.9953
103 11.9953
104 11.9953
105 11.9953
106 11.9953
107 11.9953
108 11.9953
109 11.9953
110 11.9953
111 11.9953
112 11.9953
113 11.9953
114 11.9953
115 11.9953
116 11.9953
117 11.9953
118 11.9953
119 11.9953
120 11.9953
121 11.9953
122 11.9953
123 11.9953
124 11.9953
125 11.9953
126 11.9953
127 11.9953
128 11.9953
129 11.9953
130 11.9953
131 11.9953
132 11.9953
133 11.9953
134 11.9953
135 11.9953
136 11.9953
137 11.9953
138 11.9953
139 11.9953
140 11.9953
141 11.9953
142 11.9953
143 11.9953
144 11.9953
145 11.9953
146 11.9953
147 11.9953
148 11.9953
149 11.9953
150 11.9953
151 11.9953
152 11.9953
153 11.9953
154 11.9953
155 11.9953
156 11.9953
157 11.9953
158 11.9953
159 11.9953
160 11.9953
161 11.9953
162 11.9953
163 11.9953
164 11.9953
165 11.9953
166 11.9953
167 11.9953
168 11.9953
169 11.9953
170 11.9953
171 11.9953
172 11.9953
173 11.9953
174 11.9953
175 11.9953
176 11.9953
177 11.9953
178 11.9953
179 11.9953
180 11.9953
181 11.9953
182 11.9953
183 11.9953
184 11.9953
185 11.9953
186 11.9953
187 11.9953
188 11.9953
189 11.9953
190 11.9953
191 11.9953
192 11.9953
193 11.9953
194 11.9953
195 11.9953
196 11.9953
197 11.9953
198 11.9953
199 11.9953
200 11.9953
201 11.9953
202 11.9953
203 11.9953
204 11.9953
205 11.9953
206 11.9953
207 11.9953
208 11.9953
209 11.9953
210 11.9953
211 11.9953
212 11.9953
213 11.9953
214 11.9953
215 11.9953
216 11.9953
217 11.9953
218 11.9953
219 11.9953
220 11.9953
221 11.9953
222 11.9953
223 11.9953
224 11.9953
225 12
226 11.9733
227 11.7831
228 11.3415
229 10.7456
230 10.1129
231 9.49156
232 8.88861
233 8.30108
234 7.72803
235 7.17042
236 6.63004
237 6.10879
238 5.60825
239 5.12959
240 4.67367
241 4.24107
242 3.83225
243 3.44761
244 3.08753
245 2.7524
246 2.44255
247 2.15834
248 1.9
249 1.66763
250 1.46114
251 1.28018
252 1.31581
253 1.33809
254 1.36257
255 1.37165
256 1.38169
257 1.38464
258 1.38541
259 1.38621
260 1.38705
261 1.38791
262 1.38811
263 1.38815
264 1.38819
265 1.3882
266 1.3882
267 1.3882
268 1.3882
269 1.3882
270 1.3882
271 1.3882
272 1.3882
273 1.3882
274 1.3882
275 1.3882
276 1.3882
277 1.3882
278 1.3882
279 1.38819
280 1.38815
281 1.38811
282 1.38791
283 1.38771
284 1.38688
285 1.38608
286 1.38532
287 1.38241
288 1.37259
289 1.34648
290 1.32233
291 1.29124
292 1.25363
293 1.43927
294 1.65266
295 1.89451
296 2.16527
297 2.46519
298 2.79427
299 3.15234
300 3.53901
301 3.95357
302 4.3949
303 4.8613
304 5.35021
305 5.85811
306 6.38043
307 6.91179
308 7.44667
309 7.98047
310 8.51098
311 9.03968
312 9.57257
313 10.1198
314 10.6849
315 11.2383
316 11.686
317 11.9235
318 11.9936
319 11.9977
320 11.9953
321 11.9953
322 11.9953
323 11.9953
324 11.9953
325 11.9953
326 11.9953
327 11.9953
328 11.9953
329 11.9953
330 11.9953
331 11.9953
332 11.9953
333 11.9953
334 11.9953
335 11.9953
336 11.9953
337 11.9953
338 11.9953
339 11.9953
340 11.9953
341 11.9953
342 11.9953
343 11.9953
344 11.9953
345 11.9953
346 11.9953
347 11.9953
348 11.9953
349 11.9953
350 11.9953
351 11.9953
352 11.9953
353 11.9953
354 11.9953
355 11.9953
356 11.9953
357 11.9953
358 11.9953
359 11.9953
360 11.9953
361 11.9953
362 11.9953
363 11.9953
364 11.9953
365 11.9953
366 11.9953
367 11.9953
368 11.9953
369 11.9953
370 11.9953
371 11.9953
372 11.9953
373 11.9953
374 11.9953
375 11.9953
376 11.9953
377 11.9953
378 11.9953
379 11.9953
380 11.9953
381 11.9953
382 11.9953
383 11.9953
384 11.9953
385 11.9953
386 11.9953
387 11.9953
388 11.9953
389 11.9953
390 11.9953
391 11.9953
392 11.9953
393 11.9953
394 11.9953
395 11.9953
396 11.9953
397 11.9953
398 11.9953
399 11.9953
400 11.9953
401 11.9953
402 11.9953
403 11.9953
404 11.9953
405 11.9953
406 11.9953
407 11.9953
408 11.9953
409 11.9953
410 11.9953
411 11.9953
412 11.9953
413 11.9953
414 11.9953
415 11.9953
416 11.9953
417 11.9953
418 11.9953
419 11.9953
420 11.9953
421 11.9953
422 11.9953
423 11.9953
424 11.9953
425 11.9953
426 11.9953
427 11.9953
428 11.9953
429 11.9953
430 11.9953
431 11.9953
432 11.9953
433 11.9953
434 11.9953
435 11.9953
436 11.9953
437 11.9953
438 11.9953
439 11.9953
440 11.9953
441 11.9953
442 11.9953
443 11.9953
444 11.9953
445 11.9953
446 11.9953
447 11.9953
448 11.9953
449 11.9953
450 11.9953
451 11.9953
452 11.9953
453 11.9953
454 11.9953
455 11.9953
456 11.9953
457 11.9953
458 11.9953
459 11.9953
460 11.9953
461 11.9953
462 11.9953
463 11.9953
464 11.9953
465 11.9953
466 11.9953
467 11.9953
468 11.9953
469 11.9953
470 11.9953
471 11.9953
472 11.9953
473 11.9953
474 11.9953
475 11.9953
476 11.9953
477 11.9953
478 11.9953
479 11.9953
480 11.9953
481 11.9953
482 11.9953
483 11.9953
484 11.9953
485 11.9953
486 11.9953
487 11.9953
488 11.9953
489 11.9953
490 11.9953
491 11.9953
492 11.9953
493 11.9953
494 11.9953
495 11.9953
496 11.9953
497 11.9953
498 11.9953
499 11.9953
500 11.9953
501 11.9953
502 11.9953
503 11.9953
504 11.9953
505 11.9953
506 11.9953
507 11.9953
508 11.9953
509 11.9953
510 11.9953
511 11.9953
512 11.9953
513 11.9953
514 11.9953
515 11.9953
516 11.9953
517 11.9953
518 11.9953
519 11.9953
520 11.9953
521 11.9953
522 11.9953
523 11.9953
524 11.9953
525 11.9953
526 11.9953
527 11.9953
528 11.9953
529 11.9953
530 11.9953
531 11.9953
532 11.9953
533 11.9953
534 11.9953
535 11.9953
536 11.9953
537 11.9953
538 11.9953
539 11.9953
540 11.9953
541 11.9953
542 11.9953
