1 11.9982
2 11.9982
3 11.9982
4 11.9982
5 11.9982
6 11.9982
7 11.9982
8 11.9982
9 11.9982
10 11.9982
11 11.9982
12 11.9982
13 11.9982
14 11.9982
15 11.9982
16 11.9982
17 11.9982
18 11.9982
19 11.9982
20 11.9982
21 11.9982
22 11.9982
23 11.9982
24 11.9982
25 11.9982
26 11.9982
27 11.9982
28 11.9982
29 11.9982
30 11.9982
31 11.9982
32 11.9982
33 11.9982
34 11.9982
35 11.9982
36 11.9982
37 11.9982
38 11.9982
39 11.9982
40 11.9982
41 11.9982
42 11.9982
43 11.9982
44 11.9982
45 11.9982
46 11.9982
47 11.9982
48 11.9982
49 11.9982
50 11.9982
51 11.9982
52 11.9982
53 11.9982
54 11.9982
55 11.9982
56 11.9982
57 11.9982
58 11.9982
59 11.9982
60 11.9982
61 11.9982
62 11.9982
63 11.9982
64 11.9982
65 11.9982
66 11.9982
67 11.9982
68 11.9982
69 11.9982
70 11.9982
71 11.9982
72 11.9982
73 11.9982
74 11.9982
75 11.9982
76 11.9982
77 11.9982
78 11.9982
79 11.9982
80 11.9982
81 11.9982
82 11.9982
83 11.9982
84 11.9982
85 11.9982
86 11.9982
87 11.9982
88 11.9982
89 11.9982
90 11.9982
91 11.9982
92 11.9982
93 11.9982
94 11.9982
95 11.9982
96 11.9982
97 11.9982
98 11.9982
99 11.9982
100 11.9982
101 11.9982
102 11.9982
103 11.9982
104 11.9982
105 11.9982
106 11.9982
107 11.9982
108 11.9982
109 11.9982
110 11.9982
111 11.9982
112 11.9982
113 11.9982
114 11.9982
115 11.9982
116 11.9982
117 11.9982
118 11.9982
119 11.9982
120 11.9982
121 11.9982
122 11.9982
123 11.9982
124 11.9982
125 11.9982
126 11.9982
127 11.9982
128 11.9982
129 11.9982
130 11.9982
131 11.9982
132 11.9982
133 11.9982
134 11.9982
135 11.9982
136 11.9982
137 11.9982
138 11.9982
139 11.9982
140 11.9982
141 11.9982
142 11.9982
143 11.9982
144 11.9982
145 11.9982
146 11.9982
147 11.9982
148 11.9982
149 11.9982
150 11.9982
151 11.9982
152 11.9982
153 11.9982
154 11.9982
155 11.9982
156 11.9982
157 11.9982
158 11.9982
159 11.9982
160 11.9982
161 11.9982
162 11.9982
163 11.9982
164 11.9982
165 11.9982
166 11.9982
167 11.9982
168 11.9982
169 11.9982
170 11.9982
171 11.9982
172 11.9982
173 11.9982
174 11.9982
175 11.9982
176 11.9982
177 11.9982
178 11.9982
179 11.9982
180 11.9982
181 11.9982
182 11.9982
183 11.9982
184 11.9982
185 11.9982
186 11.9982
187 11.9982
188 11.9982
189 11.9982
190 11.9982
191 11.9982
192 11.9982
193 11.9982
194 11.9982
195 11.9982
196 11.9982
197 11.9982
198 11.9982
199 11.9982
200 11.9982
201 11.9982
202 11.9982
203 11.9982
204 11.9982
205 11.9982
206 11.9982
207 11.9982
208 11.9982
209 11.9982
210 11.9982
211 11.9982
212 11.9982
213 11.9982
214 11.9982
215 11.9982
216 11.9982
217 11.9982
218 11.9982
219 11.9982
220 11.9982
221 11.9982
222 11.9982
223 11.9982
224 12
225 11.9725
226 11.7979
227 11.3683
228 10.7425
229 10.0634
230 9.40746
231 8.78632
232 8.19298
233 7.62197
234 7.07113
235 6.54034
236 6.03032
237 5.54191
238 5.07584
239 4.6327
240 4.21293
241 3.81693
242 3.44506
243 3.09769
244 2.77517
245 2.47784
246 2.20599
247 1.9598
248 1.73928
249 1.54424
250 1.37421
251 1.2284
252 1.26261
253 1.2821
254 1.30325
255 1.31056
256 1.31845
257 1.32065
258 1.32119
259 1.32176
260 1.32234
261 1.32292
262 1.32306
263 1.32308
264 1.32311
265 1.32312
266 1.32312
267 1.32312
268 1.32312
269 1.32312
270 1.32312
271 1.32312
272 1.32312
273 1.32312
274 1.32312
275 1.32312
276 1.32312
277 1.32312
278 1.32312
279 1.32311
280 1.32308
281 1.32306
282 1.32292
283 1.32279
284 1.32221
285 1.32165
286 1.32111
287 1.31893
288 1.31115
289 1.28865
290 1.26763
291 1.23472
292 1.19849
293 1.34644
294 1.52027
295 1.72114
296 1.94984
297 2.20695
298 2.49277
299 2.80742
300 3.1508
301 3.52266
302 3.92246
303 4.34936
304 4.802
305 5.2784
306 5.77571
307 6.29017
308 6.81721
309 7.35199
310 7.89048
311 8.43108
312 8.97655
313 9.53537
314 10.1198
315 10.728
316 11.3052
317 11.7323
318 11.9361
319 11.9916
320 11.9989
321 11.9982
322 11.9982
323 11.9982
324 11.9982
325 11.9982
326 11.9982
327 11.9982
328 11.9982
329 11.9982
330 11.9982
331 11.9982
332 11.9982
333 11.9982
334 11.9982
335 11.9982
336 11.9982
337 11.9982
338 11.9982
339 11.9982
340 11.9982
341 11.9982
342 11.9982
343 11.9982
344 11.9982
345 11.9982
346 11.9982
347 11.9982
348 11.9982
349 11.9982
350 11.9982
351 11.9982
352 11.9982
353 11.9982
354 11.9982
355 11.9982
356 11.9982
357 11.9982
358 11.9982
359 11.9982
360 11.9982
361 11.9982
362 11.9982
363 11.9982
364 11.9982
365 11.9982
366 11.9982
367 11.9982
368 11.9982
369 11.9982
370 11.9982
371 11.9982
372 11.9982
373 11.9982
374 11.9982
375 11.9982
376 11.9982
377 11.9982
378 11.9982
379 11.9982
380 11.9982
381 11.9982
382 11.9982
383 11.9982
384 11.9982
385 11.9982
386 11.9982
387 11.9982
388 11.9982
389 11.9982
390 11.9982
391 11.9982
392 11.9982
393 11.9982
394 11.9982
395 11.9982
396 11.9982
397 11.9982
398 11.9982
399 11.9982
400 11.9982
401 11.9982
402 11.9982
403 11.9982
404 11.9982
405 11.9982
406 11.9982
407 11.9982
408 11.9982
409 11.9982
410 11.9982
411 11.9982
412 11.9982
413 11.9982
414 11.9982
415 11.9982
416 11.9982
417 11.9982
418 11.9982
419 11.9982
420 11.9982
421 11.9982
422 11.9982
423 11.9982
424 11.9982
425 11.9982
426 11.9982
427 11.9982
428 11.9982
429 11.9982
430 11.9982
431 11.9982
432 11.9982
433 11.9982
434 11.9982
435 11.9982
436 11.9982
437 11.9982
438 11.9982
439 11.9982
440 11.9982
441 11.9982
442 11.9982
443 11.9982
444 11.9982
445 11.9982
446 11.9982
447 11.9982
448 11.9982
449 11.9982
450 11.9982
451 11.9982
452 11.9982
453 11.9982
454 11.9982
455 11.9982
456 11.9982
457 11.9982
458 11.9982
459 11.9982
460 11.9982
461 11.9982
462 11.9982
463 11.9982
464 11.9982
465 11.9982
466 11.9982
467 11.9982
468 11.9982
469 11.9982
470 11.9982
471 11.9982
472 11.9982
473 11.9982
474 11.9982
475 11.9982
476 11.9982
477 11.9982
478 11.9982
479 11.9982
480 11.9982
481 11.9982
482 11.9982
483 11.9982
484 11.9982
485 11.9982
486 11.9982
487 11.9982
488 11.9982
489 11.9982
490 11.9982
491 11.9982
492 11.9982
493 11.9982
494 11.9982
495 11.9982
496 11.9982
497 11.9982
498 11.9982
499 11.9982
500 11.9982
501 11.9982
502 11.9982
503 11.9982
504 11.9982
505 11.9982
506 11.9982
507 11.9982
508 11.9982
509 11.9982
510 11.9982
511 11.9982
512 11.9982
513 11.9982
514 11.9982
515 11.9982
516 11.9982
517 11.9982
518 11.9982
519 11.9982
520 11.9982
521 11.9982
522 11.9982
523 11.9982
524 11.9982
525 11.9982
526 11.9982
527 11.9982
528 11.9982
529 11.9982
530 11.9982
531 11.9982
532 11.9982
533 11.9982
534 11.9982
535 11.9982
536 11.9982
537 11.9982
538 11.9982
539 11.9982
540 11.9982
541 11.9982
542 11.9982
