1 11.7971
2 11.7971
3 11.7971
4 11.7971
5 11.7971
6 11.7971
7 11.7971
8 11.7971
9 11.7971
10 11.7971
11 11.7971
12 11.7971
13 11.7971
14 11.7971
15 11.7971
16 11.7971
17 11.7971
18 11.7971
19 11.7971
20 11.7971
21 11.7971
22 11.7971
23 11.7971
24 11.7971
25 11.7971
26 11.7971
27 11.7971
28 11.7971
29 11.7971
30 11.7971
31 11.7971
32 11.7971
33 11.7971
34 11.7971
35 11.7971
36 11.7971
37 11.7971
38 11.7971
39 11.7971
40 11.7971
41 11.7971
42 11.7971
43 11.7971
44 11.7971
45 11.7971
46 11.7971
47 11.7971
48 11.7971
49 11.7971
50 11.7971
51 11.7971
52 11.7971
53 11.7971
54 11.7971
55 11.7971
56 11.7971
57 11.7971
58 11.7971
59 11.7971
60 11.7971
61 11.7971
62 11.7971
63 11.7971
64 11.7971
65 11.7971
66 11.7971
67 11.7971
68 11.7971
69 11.7971
70 11.7971
71 11.7971
72 11.7971
73 11.7971
74 11.7971
75 11.7971
76 11.7971
77 11.7971
78 11.7971
79 11.7971
80 11.7971
81 11.7971
82 11.7971
83 11.7971
84 11.7971
85 11.7971
86 11.7971
87 11.7971
88 11.7971
89 11.7971
90 11.7971
91 11.7971
92 11.7971
93 11.7971
94 11.7971
95 11.7971
96 11.7971
97 11.7971
98 11.7971
99 11.7971
100 11.7971
101 11.7971
102 11.7971
103 11.7971
104 11.7971
105 11.7971
106 11.7971
107 11.7971
108 11.7971
109 11.7971
110 11.7971
111 11.7971
112 11.7971
113 11.7971
114 11.7971
115 11.7971
116 11.7971
117 11.7971
118 11.7971
119 11.7971
120 11.7971
121 11.7971
122 11.7971
123 11.7971
124 11.7971
125 11.7971
126 11.7971
127 11.7971
128 11.7971
129 11.7971
130 11.7971
131 11.7971
132 11.7971
133 11.7971
134 11.7971
135 11.7971
136 11.7971
137 11.7971
138 11.7971
139 11.7971
140 11.7971
141 11.7971
142 11.7971
143 11.7971
144 11.7971
145 11.7971
146 11.7971
147 11.7971
148 11.7971
149 11.7971
150 11.7971
151 11.7971
152 11.7971
153 11.7971
154 11.7971
155 11.7971
156 11.7971
157 11.7971
158 11.7971
159 11.7971
160 11.7971
161 11.7971
162 11.7971
163 11.7971
164 11.7971
165 11.7971
166 11.7971
167 11.7971
168 11.7971
169 11.7971
170 11.7971
171 11.7971
172 11.7971
173 11.7971
174 11.7971
175 11.7971
176 11.7971
177 11.7971
178 11.7971
179 11.7971
180 11.7971
181 11.7971
182 11.7971
183 11.7971
184 11.7971
185 11.7971
186 11.7971
187 11.7971
188 11.7971
189 11.7971
190 11.7971
191 11.7971
192 11.7971
193 11.7971
194 11.7971
195 11.7971
196 11.7971
197 11.7971
198 11.7971
199 11.7971
200 11.7971
201 11.7971
202 11.7971
203 11.7971
204 11.7971
205 11.7971
206 11.7971
207 11.7971
208 11.7971
209 11.7971
210 11.7971
211 11.7971
212 11.7971
213 11.7971
214 11.7971
215 11.7971
216 11.7971
217 11.7971
218 11.7971
219 11.7971
220 11.7971
221 11.7971
222 11.7971
223 11.7971
224 11.7971
225 11.7971
226 11.7971
227 11.7971
228 11.7971
229 11.7971
230 11.7971
231 11.7971
232 11.7971
233 11.7971
234 11.7971
235 11.7971
236 11.7971
237 11.7971
238 11.7971
239 11.7971
240 11.7971
241 11.7971
242 11.7971
243 11.7971
244 11.7971
245 11.7971
246 11.7971
247 11.7971
248 11.7971
249 11.9335
250 11.671
251 11.0501
252 11.134
253 11.6243
254 11.3752
255 11.6243
256 11.134
257 11.0501
258 11.671
259 12
260 11.726
261 11.0314
262 11.0492
263 11.1666
264 10.7117
265 10.6171
266 10.5963
267 10.6171
268 10.7117
269 11.1666
270 11.106
271 11.1764
272 11.8136
273 11.4256
274 10.5281
275 10.4309
276 10.408
277 10.4125
278 10.4449
279 10.5538
280 11.1912
281 11.2158
282 11.7572
283 11.4648
284 11.9061
285 11.6221
286 10.8846
287 10.8578
288 10.9364
289 11.4582
290 11.3286
291 11.7488
292 11.317
293 11.7402
294 11.7971
295 11.7971
296 11.7971
297 11.7971
298 11.7971
299 11.7971
300 11.7971
301 11.7971
302 11.7971
303 11.7971
304 11.7971
305 11.7971
306 11.7971
307 11.7971
308 11.7971
309 11.7971
310 11.7971
311 11.7971
312 11.7971
313 11.7971
314 11.7971
315 11.7971
316 11.7971
317 11.7971
318 11.7971
319 11.7971
320 11.7971
321 11.7971
322 11.7971
323 11.7971
324 11.7971
325 11.7971
326 11.7971
327 11.7971
328 11.7971
329 11.7971
330 11.7971
331 11.7971
332 11.7971
333 11.7971
334 11.7971
335 11.7971
336 11.7971
337 11.7971
338 11.7971
339 11.7971
340 11.7971
341 11.7971
342 11.7971
343 11.7971
344 11.7971
345 11.7971
346 11.7971
347 11.7971
348 11.7971
349 11.7971
350 11.7971
351 11.7971
352 11.7971
353 11.7971
354 11.7971
355 11.7971
356 11.7971
357 11.7971
358 11.7971
359 11.7971
360 11.7971
361 11.7971
362 11.7971
363 11.7971
364 11.7971
365 11.7971
366 11.7971
367 11.7971
368 11.7971
369 11.7971
370 11.7971
371 11.7971
372 11.7971
373 11.7971
374 11.7971
375 11.7971
376 11.7971
377 11.7971
378 11.7971
379 11.7971
380 11.7971
381 11.7971
382 11.7971
383 11.7971
384 11.7971
385 11.7971
386 11.7971
387 11.7971
388 11.7971
389 11.7971
390 11.7971
391 11.7971
392 11.7971
393 11.7971
394 11.7971
395 11.7971
396 11.7971
397 11.7971
398 11.7971
399 11.7971
400 11.7971
401 11.7971
402 11.7971
403 11.7971
404 11.7971
405 11.7971
406 11.7971
407 11.7971
408 11.7971
409 11.7971
410 11.7971
411 11.7971
412 11.7971
413 11.7971
414 11.7971
415 11.7971
416 11.7971
417 11.7971
418 11.7971
419 11.7971
420 11.7971
421 11.7971
422 11.7971
423 11.7971
424 11.7971
425 11.7971
426 11.7971
427 11.7971
428 11.7971
429 11.7971
430 11.7971
431 11.7971
432 11.7971
433 11.7971
434 11.7971
435 11.7971
436 11.7971
437 11.7971
438 11.7971
439 11.7971
440 11.7971
441 11.7971
442 11.7971
443 11.7971
444 11.7971
445 11.7971
446 11.7971
447 11.7971
448 11.7971
449 11.7971
450 11.7971
451 11.7971
452 11.7971
453 11.7971
454 11.7971
455 11.7971
456 11.7971
457 11.7971
458 11.7971
459 11.7971
460 11.7971
461 11.7971
462 11.7971
463 11.7971
464 11.7971
465 11.7971
466 11.7971
467 11.7971
468 11.7971
469 11.7971
470 11.7971
471 11.7971
472 11.7971
473 11.7971
474 11.7971
475 11.7971
476 11.7971
477 11.7971
478 11.7971
479 11.7971
480 11.7971
481 11.7971
482 11.7971
483 11.7971
484 11.7971
485 11.7971
486 11.7971
487 11.7971
488 11.7971
489 11.7971
490 11.7971
491 11.7971
492 11.7971
493 11.7971
494 11.7971
495 11.7971
496 11.7971
497 11.7971
498 11.7971
499 11.7971
500 11.7971
501 11.7971
502 11.7971
503 11.7971
504 11.7971
505 11.7971
506 11.7971
507 11.7971
508 11.7971
509 11.7971
510 11.7971
511 11.7971
512 11.7971
513 11.7971
514 11.7971
515 11.7971
516 11.7971
517 11.7971
518 11.7971
519 11.7971
520 11.7971
521 11.7971
522 11.7971
523 11.7971
524 11.7971
525 11.7971
526 11.7971
527 11.7971
528 11.7971
529 11.7971
530 11.7971
531 11.7971
532 11.7971
533 11.7971
534 11.7971
535 11.7971
536 11.7971
537 11.7971
538 11.7971
539 11.7971
540 11.7971
541 11.7971
542 11.7971
