1 11.9514
2 11.9514
3 11.9514
4 11.9514
5 11.9514
6 11.9514
7 11.9514
8 11.9514
9 11.9514
10 11.9514
11 11.9514
12 11.9514
13 11.9514
14 11.9514
15 11.9514
16 11.9514
17 11.9514
18 11.9514
19 11.9514
20 11.9514
21 11.9514
22 11.9514
23 11.9514
24 11.9514
25 11.9514
26 11.9514
27 11.9514
28 11.9514
29 11.9514
30 11.9514
31 11.9514
32 11.9514
33 11.9514
34 11.9514
35 11.9514
36 11.9514
37 11.9514
38 11.9514
39 11.9514
40 11.9514
41 11.9514
42 11.9514
43 11.9514
44 11.9514
45 11.9514
46 11.9514
47 11.9514
48 11.9514
49 11.9514
50 11.9514
51 11.9514
52 11.9514
53 11.9514
54 11.9514
55 11.9514
56 11.9514
57 11.9514
58 11.9514
59 11.9514
60 11.9514
61 11.9514
62 11.9514
63 11.9514
64 11.9514
65 11.9514
66 11.9514
67 11.9514
68 11.9514
69 11.9514
70 11.9514
71 11.9514
72 11.9514
73 11.9514
74 11.9514
75 11.9514
76 11.9514
77 11.9514
78 11.9514
79 11.9514
80 11.9514
81 11.9514
82 11.9514
83 11.9514
84 11.9514
85 11.9514
86 11.9514
87 11.9514
88 11.9514
89 11.9514
90 11.9514
91 11.9514
92 11.9514
93 11.9514
94 11.9514
95 11.9514
96 11.9514
97 11.9514
98 11.9514
99 11.9514
100 11.9514
101 11.9514
102 11.9514
103 11.9514
104 11.9514
105 11.9514
106 11.9514
107 11.9514
108 11.9514
109 11.9514
110 11.9514
111 11.9514
112 11.9514
113 11.9514
114 11.9514
115 11.9514
116 11.9514
117 11.9514
118 11.9514
119 11.9514
120 11.9514
121 11.9514
122 11.9514
123 11.9514
124 11.9514
125 11.9514
126 11.9514
127 11.9514
128 11.9514
129 11.9514
130 11.9514
131 11.9514
132 11.9514
133 11.9514
134 11.9514
135 11.9514
136 11.9514
137 11.9514
138 11.9514
139 11.9514
140 11.9514
141 11.9514
142 11.9514
143 11.9514
144 11.9514
145 11.9514
146 11.9514
147 11.9514
148 11.9514
149 11.9514
150 11.9514
151 11.9514
152 11.9514
153 11.9514
154 11.9514
155 11.9514
156 11.9514
157 11.9514
158 11.9514
159 11.9514
160 11.9514
161 11.9514
162 11.9514
163 11.9514
164 11.9514
165 11.9514
166 11.9514
167 11.9514
168 11.9514
169 11.9514
170 11.9514
171 11.9514
172 11.9514
173 11.9514
174 11.9514
175 11.9514
176 11.9514
177 11.9514
178 11.9514
179 11.9514
180 11.9514
181 11.9514
182 11.9514
183 11.9514
184 11.9514
185 11.9514
186 11.9514
187 11.9514
188 11.9514
189 11.9514
190 11.9514
191 11.9514
192 11.9514
193 11.9514
194 11.9514
195 11.9514
196 11.9514
197 11.9514
198 11.9514
199 11.9514
200 11.9514
201 11.9514
202 11.9514
203 11.9514
204 11.9514
205 11.9514
206 11.9514
207 11.9514
208 11.9514
209 11.9514
210 11.9514
211 11.9514
212 11.9514
213 11.9514
214 11.9514
215 11.9514
216 11.9514
217 11.9514
218 11.9514
219 11.9514
220 11.9514
221 11.9514
222 11.9514
223 11.9514
224 11.9514
225 11.9514
226 11.9514
227 11.9514
228 11.9514
229 11.9514
230 11.9514
231 11.9514
232 11.9514
233 11.9514
234 11.9514
235 11.9514
236 11.9514
237 11.9514
238 11.9552
239 11.9814
240 12
241 11.9438
242 11.6854
243 11.1957
244 10.5905
245 9.92703
246 9.21431
247 8.45769
248 7.67756
249 6.89739
250 6.13153
251 5.38221
252 5.37973
253 5.42596
254 5.25315
255 5.24213
256 4.92977
257 4.87679
258 4.87684
259 4.68617
260 4.09659
261 3.24998
262 3.18933
263 3.2123
264 3.09779
265 3.10951
266 3.13837
267 3.1612
268 3.17285
269 3.17219
270 3.18582
271 3.18622
272 3.17322
273 3.17474
274 3.18947
275 3.19185
276 3.1827
277 3.16511
278 3.15085
279 3.18444
280 3.49158
281 3.54874
282 3.93435
283 4.01292
284 4.44537
285 4.53153
286 4.51048
287 4.49766
288 4.5333
289 4.8699
290 4.87612
291 5.21782
292 5.21005
293 5.93848
294 6.69117
295 7.46731
296 8.25598
297 9.03878
298 9.79864
299 10.5268
300 11.2012
301 11.7278
302 11.974
303 11.9963
304 11.9683
305 11.9514
306 11.9514
307 11.9514
308 11.9514
309 11.9514
310 11.9514
311 11.9514
312 11.9514
313 11.9514
314 11.9514
315 11.9514
316 11.9514
317 11.9514
318 11.9514
319 11.9514
320 11.9514
321 11.9514
322 11.9514
323 11.9514
324 11.9514
325 11.9514
326 11.9514
327 11.9514
328 11.9514
329 11.9514
330 11.9514
331 11.9514
332 11.9514
333 11.9514
334 11.9514
335 11.9514
336 11.9514
337 11.9514
338 11.9514
339 11.9514
340 11.9514
341 11.9514
342 11.9514
343 11.9514
344 11.9514
345 11.9514
346 11.9514
347 11.9514
348 11.9514
349 11.9514
350 11.9514
351 11.9514
352 11.9514
353 11.9514
354 11.9514
355 11.9514
356 11.9514
357 11.9514
358 11.9514
359 11.9514
360 11.9514
361 11.9514
362 11.9514
363 11.9514
364 11.9514
365 11.9514
366 11.9514
367 11.9514
368 11.9514
369 11.9514
370 11.9514
371 11.9514
372 11.9514
373 11.9514
374 11.9514
375 11.9514
376 11.9514
377 11.9514
378 11.9514
379 11.9514
380 11.9514
381 11.9514
382 11.9514
383 11.9514
384 11.9514
385 11.9514
386 11.9514
387 11.9514
388 11.9514
389 11.9514
390 11.9514
391 11.9514
392 11.9514
393 11.9514
394 11.9514
395 11.9514
396 11.9514
397 11.9514
398 11.9514
399 11.9514
400 11.9514
401 11.9514
402 11.9514
403 11.9514
404 11.9514
405 11.9514
406 11.9514
407 11.9514
408 11.9514
409 11.9514
410 11.9514
411 11.9514
412 11.9514
413 11.9514
414 11.9514
415 11.9514
416 11.9514
417 11.9514
418 11.9514
419 11.9514
420 11.9514
421 11.9514
422 11.9514
423 11.9514
424 11.9514
425 11.9514
426 11.9514
427 11.9514
428 11.9514
429 11.9514
430 11.9514
431 11.9514
432 11.9514
433 11.9514
434 11.9514
435 11.9514
436 11.9514
437 11.9514
438 11.9514
439 11.9514
440 11.9514
441 11.9514
442 11.9514
443 11.9514
444 11.9514
445 11.9514
446 11.9514
447 11.9514
448 11.9514
449 11.9514
450 11.9514
451 11.9514
452 11.9514
453 11.9514
454 11.9514
455 11.9514
456 11.9514
457 11.9514
458 11.9514
459 11.9514
460 11.9514
461 11.9514
462 11.9514
463 11.9514
464 11.9514
465 11.9514
466 11.9514
467 11.9514
468 11.9514
469 11.9514
470 11.9514
471 11.9514
472 11.9514
473 11.9514
474 11.9514
475 11.9514
476 11.9514
477 11.9514
478 11.9514
479 11.9514
480 11.9514
481 11.9514
482 11.9514
483 11.9514
484 11.9514
485 11.9514
486 11.9514
487 11.9514
488 11.9514
489 11.9514
490 11.9514
491 11.9514
492 11.9514
493 11.9514
494 11.9514
495 11.9514
496 11.9514
497 11.9514
498 11.9514
499 11.9514
500 11.9514
501 11.9514
502 11.9514
503 11.9514
504 11.9514
505 11.9514
506 11.9514
507 11.9514
508 11.9514
509 11.9514
510 11.9514
511 11.9514
512 11.9514
513 11.9514
514 11.9514
515 11.9514
516 11.9514
517 11.9514
518 11.9514
519 11.9514
520 11.9514
521 11.9514
522 11.9514
523 11.9514
524 11.9514
525 11.9514
526 11.9514
527 11.9514
528 11.9514
529 11.9514
530 11.9514
531 11.9514
532 11.9514
533 11.9514
534 11.9514
535 11.9514
536 11.9514
537 11.9514
538 11.9514
539 11.9514
540 11.9514
541 11.9514
542 11.9514
