1 11.9493
2 11.9493
3 11.9493
4 11.9493
5 11.9493
6 11.9493
7 11.9493
8 11.9493
9 11.9493
10 11.9493
11 11.9493
12 11.9493
13 11.9493
14 11.9493
15 11.9493
16 11.9493
17 11.9493
18 11.9493
19 11.9493
20 11.9493
21 11.9493
22 11.9493
23 11.9493
24 11.9493
25 11.9493
26 11.9493
27 11.9493
28 11.9493
29 11.9493
30 11.9493
31 11.9493
32 11.9493
33 11.9493
34 11.9493
35 11.9493
36 11.9493
37 11.9493
38 11.9493
39 11.9493
40 11.9493
41 11.9493
42 11.9493
43 11.9493
44 11.9493
45 11.9493
46 11.9493
47 11.9493
48 11.9493
49 11.9493
50 11.9493
51 11.9493
52 11.9493
53 11.9493
54 11.9493
55 11.9493
56 11.9493
57 11.9493
58 11.9493
59 11.9493
60 11.9493
61 11.9493
62 11.9493
63 11.9493
64 11.9493
65 11.9493
66 11.9493
67 11.9493
68 11.9493
69 11.9493
70 11.9493
71 11.9493
72 11.9493
73 11.9493
74 11.9493
75 11.9493
76 11.9493
77 11.9493
78 11.9493
79 11.9493
80 11.9493
81 11.9493
82 11.9493
83 11.9493
84 11.9493
85 11.9493
86 11.9493
87 11.9493
88 11.9493
89 11.9493
90 11.9493
91 11.9493
92 11.9493
93 11.9493
94 11.9493
95 11.9493
96 11.9493
97 11.9493
98 11.9493
99 11.9493
100 11.9493
101 11.9493
102 11.9493
103 11.9493
104 11.9493
105 11.9493
106 11.9493
107 11.9493
108 11.9493
109 11.9493
110 11.9493
111 11.9493
112 11.9493
113 11.9493
114 11.9493
115 11.9493
116 11.9493
117 11.9493
118 11.9493
119 11.9493
120 11.9493
121 11.9493
122 11.9493
123 11.9493
124 11.9493
125 11.9493
126 11.9493
127 11.9493
128 11.9493
129 11.9493
130 11.9493
131 11.9493
132 11.9493
133 11.9493
134 11.9493
135 11.9493
136 11.9493
137 11.9493
138 11.9493
139 11.9493
140 11.9493
141 11.9493
142 11.9493
143 11.9493
144 11.9493
145 11.9493
146 11.9493
147 11.9493
148 11.9493
149 11.9493
150 11.9493
151 11.9493
152 11.9493
153 11.9493
154 11.9493
155 11.9493
156 11.9493
157 11.9493
158 11.9493
159 11.9493
160 11.9493
161 11.9493
162 11.9493
163 11.9493
164 11.9493
165 11.9493
166 11.9493
167 11.9493
168 11.9493
169 11.9493
170 11.9493
171 11.9493
172 11.9493
173 11.9493
174 11.9493
175 11.9493
176 11.9493
177 11.9493
178 11.9493
179 11.9493
180 11.9493
181 11.9493
182 11.9493
183 11.9493
184 11.9493
185 11.9493
186 11.9493
187 11.9493
188 11.9493
189 11.9493
190 11.9493
191 11.9493
192 11.9493
193 11.9493
194 11.9493
195 11.9493
196 11.9493
197 11.9493
198 11.9493
199 11.9493
200 11.9493
201 11.9493
202 11.9493
203 11.9493
204 11.9493
205 11.9493
206 11.9493
207 11.9493
208 11.9493
209 11.9493
210 11.9493
211 11.9493
212 11.9493
213 11.9493
214 11.9493
215 11.9493
216 11.9493
217 11.9493
218 11.9493
219 11.9493
220 11.9493
221 11.9493
222 11.9493
223 11.9493
224 11.9493
225 11.9493
226 11.9493
227 11.9493
228 11.9493
229 11.9493
230 11.9493
231 11.9493
232 11.9493
233 11.9493
234 11.9493
235 11.9493
236 11.9493
237 11.9493
238 11.9493
239 11.9493
240 11.9493
241 11.9493
242 11.9493
243 11.9493
244 11.9493
245 11.9493
246 11.9493
247 11.9493
248 11.9993
249 11.8832
250 11.4142
251 10.8209
252 10.8477
253 11.0549
254 10.9539
255 11.0631
256 10.9205
257 10.9642
258 11.615
259 11.7355
260 11.0072
261 10.1858
262 10.1413
263 10.1552
264 9.92887
265 9.90829
266 9.92342
267 9.95291
268 10.0283
269 10.3144
270 10.3381
271 10.4434
272 10.8239
273 10.6373
274 9.95598
275 9.83515
276 9.80116
277 9.78327
278 9.77323
279 9.81515
280 10.2362
281 10.3205
282 10.8526
283 10.9546
284 11.5496
285 11.3793
286 10.7254
287 10.6363
288 10.6367
289 10.8785
290 10.877
291 11.1972
292 11.1082
293 11.6733
294 12
295 11.9493
296 11.9493
297 11.9493
298 11.9493
299 11.9493
300 11.9493
301 11.9493
302 11.9493
303 11.9493
304 11.9493
305 11.9493
306 11.9493
307 11.9493
308 11.9493
309 11.9493
310 11.9493
311 11.9493
312 11.9493
313 11.9493
314 11.9493
315 11.9493
316 11.9493
317 11.9493
318 11.9493
319 11.9493
320 11.9493
321 11.9493
322 11.9493
323 11.9493
324 11.9493
325 11.9493
326 11.9493
327 11.9493
328 11.9493
329 11.9493
330 11.9493
331 11.9493
332 11.9493
333 11.9493
334 11.9493
335 11.9493
336 11.9493
337 11.9493
338 11.9493
339 11.9493
340 11.9493
341 11.9493
342 11.9493
343 11.9493
344 11.9493
345 11.9493
346 11.9493
347 11.9493
348 11.9493
349 11.9493
350 11.9493
351 11.9493
352 11.9493
353 11.9493
354 11.9493
355 11.9493
356 11.9493
357 11.9493
358 11.9493
359 11.9493
360 11.9493
361 11.9493
362 11.9493
363 11.9493
364 11.9493
365 11.9493
366 11.9493
367 11.9493
368 11.9493
369 11.9493
370 11.9493
371 11.9493
372 11.9493
373 11.9493
374 11.9493
375 11.9493
376 11.9493
377 11.9493
378 11.9493
379 11.9493
380 11.9493
381 11.9493
382 11.9493
383 11.9493
384 11.9493
385 11.9493
386 11.9493
387 11.9493
388 11.9493
389 11.9493
390 11.9493
391 11.9493
392 11.9493
393 11.9493
394 11.9493
395 11.9493
396 11.9493
397 11.9493
398 11.9493
399 11.9493
400 11.9493
401 11.9493
402 11.9493
403 11.9493
404 11.9493
405 11.9493
406 11.9493
407 11.9493
408 11.9493
409 11.9493
410 11.9493
411 11.9493
412 11.9493
413 11.9493
414 11.9493
415 11.9493
416 11.9493
417 11.9493
418 11.9493
419 11.9493
420 11.9493
421 11.9493
422 11.9493
423 11.9493
424 11.9493
425 11.9493
426 11.9493
427 11.9493
428 11.9493
429 11.9493
430 11.9493
431 11.9493
432 11.9493
433 11.9493
434 11.9493
435 11.9493
436 11.9493
437 11.9493
438 11.9493
439 11.9493
440 11.9493
441 11.9493
442 11.9493
443 11.9493
444 11.9493
445 11.9493
446 11.9493
447 11.9493
448 11.9493
449 11.9493
450 11.9493
451 11.9493
452 11.9493
453 11.9493
454 11.9493
455 11.9493
456 11.9493
457 11.9493
458 11.9493
459 11.9493
460 11.9493
461 11.9493
462 11.9493
463 11.9493
464 11.9493
465 11.9493
466 11.9493
467 11.9493
468 11.9493
469 11.9493
470 11.9493
471 11.9493
472 11.9493
473 11.9493
474 11.9493
475 11.9493
476 11.9493
477 11.9493
478 11.9493
479 11.9493
480 11.9493
481 11.9493
482 11.9493
483 11.9493
484 11.9493
485 11.9493
486 11.9493
487 11.9493
488 11.9493
489 11.9493
490 11.9493
491 11.9493
492 11.9493
493 11.9493
494 11.9493
495 11.9493
496 11.9493
497 11.9493
498 11.9493
499 11.9493
500 11.9493
501 11.9493
502 11.9493
503 11.9493
504 11.9493
505 11.9493
506 11.9493
507 11.9493
508 11.9493
509 11.9493
510 11.9493
511 11.9493
512 11.9493
513 11.9493
514 11.9493
515 11.9493
516 11.9493
517 11.9493
518 11.9493
519 11.9493
520 11.9493
521 11.9493
522 11.9493
523 11.9493
524 11.9493
525 11.9493
526 11.9493
527 11.9493
528 11.9493
529 11.9493
530 11.9493
531 11.9493
532 11.9493
533 11.9493
534 11.9493
535 11.9493
536 11.9493
537 11.9493
538 11.9493
539 11.9493
540 11.9493
541 11.9493
542 11.9493
