1 11.999
2 11.999
3 11.999
4 11.999
5 11.999
6 11.999
7 11.999
8 11.999
9 11.999
10 11.999
11 11.999
12 11.999
13 11.999
14 11.999
15 11.999
16 11.999
17 11.999
18 11.999
19 11.999
20 11.999
21 11.999
22 11.999
23 11.999
24 11.999
25 11.999
26 11.999
27 11.999
28 11.999
29 11.999
30 11.999
31 11.999
32 11.999
33 11.999
34 11.999
35 11.999
36 11.999
37 11.999
38 11.999
39 11.999
40 11.999
41 11.999
42 11.999
43 11.999
44 11.999
45 11.999
46 11.999
47 11.999
48 11.999
49 11.999
50 11.999
51 11.999
52 11.999
53 11.999
54 11.999
55 11.999
56 11.999
57 11.999
58 11.999
59 11.999
60 11.999
61 11.999
62 11.999
63 11.999
64 11.999
65 11.999
66 11.999
67 11.999
68 11.999
69 11.999
70 11.999
71 11.999
72 11.999
73 11.999
74 11.999
75 11.999
76 11.999
77 11.999
78 11.999
79 11.999
80 11.999
81 11.999
82 11.999
83 11.999
84 11.999
85 11.999
86 11.999
87 11.999
88 11.999
89 11.999
90 11.999
91 11.999
92 11.999
93 11.999
94 11.999
95 11.999
96 11.999
97 11.999
98 11.999
99 11.999
100 11.999
101 11.999
102 11.999
103 11.999
104 11.999
105 11.999
106 11.999
107 11.999
108 11.999
109 11.999
110 11.999
111 11.999
112 11.999
113 11.999
114 11.999
115 11.999
116 11.999
117 11.999
118 11.999
119 11.999
120 11.999
121 11.999
122 11.999
123 11.999
124 11.999
125 11.999
126 11.999
127 11.999
128 11.999
129 11.999
130 11.999
131 11.999
132 11.999
133 11.999
134 11.999
135 11.999
136 11.999
137 11.999
138 11.999
139 11.999
140 11.999
141 11.999
142 11.999
143 11.999
144 11.999
145 11.999
146 11.999
147 11.999
148 11.999
149 11.999
150 11.999
151 11.999
152 11.999
153 11.999
154 11.999
155 11.999
156 11.999
157 11.999
158 11.999
159 11.999
160 11.999
161 11.999
162 11.999
163 11.999
164 11.999
165 11.999
166 11.999
167 11.999
168 11.999
169 11.999
170 11.999
171 11.999
172 11.999
173 11.999
174 11.999
175 11.999
176 11.999
177 11.999
178 11.999
179 11.999
180 11.999
181 11.999
182 11.999
183 11.999
184 11.999
185 11.999
186 11.999
187 11.999
188 11.999
189 11.999
190 11.999
191 11.999
192 11.999
193 11.999
194 11.999
195 11.999
196 11.999
197 11.999
198 11.999
199 11.999
200 11.999
201 11.999
202 11.999
203 11.999
204 11.999
205 11.999
206 11.999
207 11.999
208 11.999
209 11.999
210 11.999
211 11.999
212 11.999
213 11.999
214 11.999
215 11.999
216 11.999
217 11.999
218 11.999
219 11.999
220 11.999
221 11.999
222 11.999
223 11.999
224 11.999
225 11.999
226 11.999
227 11.999
228 11.999
229 11.999
230 11.999
231 11.999
232 11.999
233 11.999
234 11.999
235 12
236 11.8117
237 11.2588
238 10.5406
239 9.78244
240 9.01022
241 8.23654
242 7.47041
243 6.71967
244 5.98977
245 5.28418
246 4.60461
247 3.95131
248 3.32326
249 2.71824
250 2.13274
251 1.5619
252 1.59583
253 1.65473
254 1.64629
255 1.68364
256 1.64711
257 1.66855
258 1.69219
259 1.69885
260 1.62257
261 1.36427
262 1.34347
263 1.35659
264 1.34526
265 1.35738
266 1.36747
267 1.37302
268 1.37554
269 1.37648
270 1.37795
271 1.37827
272 1.37775
273 1.37751
274 1.37751
275 1.37672
276 1.37462
277 1.37003
278 1.36146
279 1.34943
280 1.34663
281 1.33096
282 1.32421
283 1.3025
284 1.28567
285 1.25617
286 1.23366
287 1.1994
288 1.16514
289 1.22997
290 1.19196
291 1.33944
292 1.30489
293 1.87961
294 2.48037
295 3.10771
296 3.76177
297 4.44236
298 5.14878
299 5.8795
300 6.63164
301 7.40033
302 8.17838
303 8.9563
304 9.72412
305 10.4697
306 11.1714
307 11.7341
308 11.9684
309 11.999
310 11.999
311 11.999
312 11.999
313 11.999
314 11.999
315 11.999
316 11.999
317 11.999
318 11.999
319 11.999
320 11.999
321 11.999
322 11.999
323 11.999
324 11.999
325 11.999
326 11.999
327 11.999
328 11.999
329 11.999
330 11.999
331 11.999
332 11.999
333 11.999
334 11.999
335 11.999
336 11.999
337 11.999
338 11.999
339 11.999
340 11.999
341 11.999
342 11.999
343 11.999
344 11.999
345 11.999
346 11.999
347 11.999
348 11.999
349 11.999
350 11.999
351 11.999
352 11.999
353 11.999
354 11.999
355 11.999
356 11.999
357 11.999
358 11.999
359 11.999
360 11.999
361 11.999
362 11.999
363 11.999
364 11.999
365 11.999
366 11.999
367 11.999
368 11.999
369 11.999
370 11.999
371 11.999
372 11.999
373 11.999
374 11.999
375 11.999
376 11.999
377 11.999
378 11.999
379 11.999
380 11.999
381 11.999
382 11.999
383 11.999
384 11.999
385 11.999
386 11.999
387 11.999
388 11.999
389 11.999
390 11.999
391 11.999
392 11.999
393 11.999
394 11.999
395 11.999
396 11.999
397 11.999
398 11.999
399 11.999
400 11.999
401 11.999
402 11.999
403 11.999
404 11.999
405 11.999
406 11.999
407 11.999
408 11.999
409 11.999
410 11.999
411 11.999
412 11.999
413 11.999
414 11.999
415 11.999
416 11.999
417 11.999
418 11.999
419 11.999
420 11.999
421 11.999
422 11.999
423 11.999
424 11.999
425 11.999
426 11.999
427 11.999
428 11.999
429 11.999
430 11.999
431 11.999
432 11.999
433 11.999
434 11.999
435 11.999
436 11.999
437 11.999
438 11.999
439 11.999
440 11.999
441 11.999
442 11.999
443 11.999
444 11.999
445 11.999
446 11.999
447 11.999
448 11.999
449 11.999
450 11.999
451 11.999
452 11.999
453 11.999
454 11.999
455 11.999
456 11.999
457 11.999
458 11.999
459 11.999
460 11.999
461 11.999
462 11.999
463 11.999
464 11.999
465 11.999
466 11.999
467 11.999
468 11.999
469 11.999
470 11.999
471 11.999
472 11.999
473 11.999
474 11.999
475 11.999
476 11.999
477 11.999
478 11.999
479 11.999
480 11.999
481 11.999
482 11.999
483 11.999
484 11.999
485 11.999
486 11.999
487 11.999
488 11.999
489 11.999
490 11.999
491 11.999
492 11.999
493 11.999
494 11.999
495 11.999
496 11.999
497 11.999
498 11.999
499 11.999
500 11.999
501 11.999
502 11.999
503 11.999
504 11.999
505 11.999
506 11.999
507 11.999
508 11.999
509 11.999
510 11.999
511 11.999
512 11.999
513 11.999
514 11.999
515 11.999
516 11.999
517 11.999
518 11.999
519 11.999
520 11.999
521 11.999
522 11.999
523 11.999
524 11.999
525 11.999
526 11.999
527 11.999
528 11.999
529 11.999
530 11.999
531 11.999
532 11.999
533 11.999
534 11.999
535 11.999
536 11.999
537 11.999
538 11.999
539 11.999
540 11.999
541 11.999
542 11.999
