1 11.9921
2 11.9921
3 11.9921
4 11.9921
5 11.9921
6 11.9921
7 11.9921
8 11.9921
9 11.9921
10 11.9921
11 11.9921
12 11.9921
13 11.9921
14 11.9921
15 11.9921
16 11.9921
17 11.9921
18 11.9921
19 11.9921
20 11.9921
21 11.9921
22 11.9921
23 11.9921
24 11.9921
25 11.9921
26 11.9921
27 11.9921
28 11.9921
29 11.9921
30 11.9921
31 11.9921
32 11.9921
33 11.9921
34 11.9921
35 11.9921
36 11.9921
37 11.9921
38 11.9921
39 11.9921
40 11.9921
41 11.9921
42 11.9921
43 11.9921
44 11.9921
45 11.9921
46 11.9921
47 11.9921
48 11.9921
49 11.9921
50 11.9921
51 11.9921
52 11.9921
53 11.9921
54 11.9921
55 11.9921
56 11.9921
57 11.9921
58 11.9921
59 11.9921
60 11.9921
61 11.9921
62 11.9921
63 11.9921
64 11.9921
65 11.9921
66 11.9921
67 11.9921
68 11.9921
69 11.9921
70 11.9921
71 11.9921
72 11.9921
73 11.9921
74 11.9921
75 11.9921
76 11.9921
77 11.9921
78 11.9921
79 11.9921
80 11.9921
81 11.9921
82 11.9921
83 11.9921
84 11.9921
85 11.9921
86 11.9921
87 11.9921
88 11.9921
89 11.9921
90 11.9921
91 11.9921
92 11.9921
93 11.9921
94 11.9921
95 11.9921
96 11.9921
97 11.9921
98 11.9921
99 11.9921
100 11.9921
101 11.9921
102 11.9921
103 11.9921
104 11.9921
105 11.9921
106 11.9921
107 11.9921
108 11.9921
109 11.9921
110 11.9921
111 11.9921
112 11.9921
113 11.9921
114 11.9921
115 11.9921
116 11.9921
117 11.9921
118 11.9921
119 11.9921
120 11.9921
121 11.9921
122 11.9921
123 11.9921
124 11.9921
125 11.9921
126 11.9921
127 11.9921
128 11.9921
129 11.9921
130 11.9921
131 11.9921
132 11.9921
133 11.9921
134 11.9921
135 11.9921
136 11.9921
137 11.9921
138 11.9921
139 11.9921
140 11.9921
141 11.9921
142 11.9921
143 11.9921
144 11.9921
145 11.9921
146 11.9921
147 11.9921
148 11.9921
149 11.9921
150 11.9921
151 11.9921
152 11.9921
153 11.9921
154 11.9921
155 11.9921
156 11.9921
157 11.9921
158 11.9921
159 11.9921
160 11.9921
161 11.9921
162 11.9921
163 11.9921
164 11.9921
165 11.9921
166 11.9921
167 11.9921
168 11.9921
169 11.9921
170 11.9921
171 11.9921
172 11.9921
173 11.9921
174 11.9921
175 11.9921
176 11.9921
177 11.9921
178 11.9921
179 11.9921
180 11.9921
181 11.9921
182 11.9921
183 11.9921
184 11.9921
185 11.9921
186 11.9921
187 11.9921
188 11.9921
189 11.9921
190 11.9921
191 11.9921
192 11.9921
193 11.9921
194 11.9921
195 11.9921
196 11.9921
197 11.9921
198 11.9921
199 11.9921
200 11.9921
201 11.9921
202 11.9921
203 11.9921
204 11.9921
205 11.9921
206 11.9921
207 11.9921
208 11.9921
209 11.9921
210 11.9921
211 11.9921
212 11.9921
213 11.9921
214 11.9921
215 11.9921
216 11.9921
217 11.9921
218 11.9921
219 11.9921
220 11.9921
221 11.9921
222 11.9921
223 11.9921
224 11.9921
225 11.9921
226 11.9921
227 11.9921
228 11.9921
229 11.9921
230 11.9921
231 11.9921
232 11.9921
233 11.9921
234 11.9921
235 11.9917
236 11.6989
237 11.0795
238 10.3383
239 9.5739
240 8.80323
241 8.03775
242 7.28551
243 6.55286
244 5.84373
245 5.16014
246 4.5026
247 3.87032
248 3.2613
249 2.6723
250 2.09877
251 1.53495
252 1.56749
253 1.62442
254 1.61331
255 1.64805
256 1.60855
257 1.62784
258 1.65008
259 1.6565
260 1.58762
261 1.35293
262 1.33604
263 1.34925
264 1.3434
265 1.35563
266 1.36484
267 1.36964
268 1.37173
269 1.3725
270 1.37365
271 1.3739
272 1.37351
273 1.37331
274 1.37328
275 1.37263
276 1.37085
277 1.36684
278 1.35906
279 1.34765
280 1.34387
281 1.32942
282 1.32401
283 1.30429
284 1.29058
285 1.26334
286 1.24204
287 1.20924
288 1.17535
289 1.23205
290 1.19226
291 1.32522
292 1.28765
293 1.84219
294 2.42165
295 3.02707
296 3.65892
297 4.31729
298 5.00191
299 5.71194
300 6.44567
301 7.1999
302 7.96937
303 8.7462
304 9.52166
305 10.284
306 11.0164
307 11.6421
308 11.9646
309 12
310 11.9921
311 11.9921
312 11.9921
313 11.9921
314 11.9921
315 11.9921
316 11.9921
317 11.9921
318 11.9921
319 11.9921
320 11.9921
321 11.9921
322 11.9921
323 11.9921
324 11.9921
325 11.9921
326 11.9921
327 11.9921
328 11.9921
329 11.9921
330 11.9921
331 11.9921
332 11.9921
333 11.9921
334 11.9921
335 11.9921
336 11.9921
337 11.9921
338 11.9921
339 11.9921
340 11.9921
341 11.9921
342 11.9921
343 11.9921
344 11.9921
345 11.9921
346 11.9921
347 11.9921
348 11.9921
349 11.9921
350 11.9921
351 11.9921
352 11.9921
353 11.9921
354 11.9921
355 11.9921
356 11.9921
357 11.9921
358 11.9921
359 11.9921
360 11.9921
361 11.9921
362 11.9921
363 11.9921
364 11.9921
365 11.9921
366 11.9921
367 11.9921
368 11.9921
369 11.9921
370 11.9921
371 11.9921
372 11.9921
373 11.9921
374 11.9921
375 11.9921
376 11.9921
377 11.9921
378 11.9921
379 11.9921
380 11.9921
381 11.9921
382 11.9921
383 11.9921
384 11.9921
385 11.9921
386 11.9921
387 11.9921
388 11.9921
389 11.9921
390 11.9921
391 11.9921
392 11.9921
393 11.9921
394 11.9921
395 11.9921
396 11.9921
397 11.9921
398 11.9921
399 11.9921
400 11.9921
401 11.9921
402 11.9921
403 11.9921
404 11.9921
405 11.9921
406 11.9921
407 11.9921
408 11.9921
409 11.9921
410 11.9921
411 11.9921
412 11.9921
413 11.9921
414 11.9921
415 11.9921
416 11.9921
417 11.9921
418 11.9921
419 11.9921
420 11.9921
421 11.9921
422 11.9921
423 11.9921
424 11.9921
425 11.9921
426 11.9921
427 11.9921
428 11.9921
429 11.9921
430 11.9921
431 11.9921
432 11.9921
433 11.9921
434 11.9921
435 11.9921
436 11.9921
437 11.9921
438 11.9921
439 11.9921
440 11.9921
441 11.9921
442 11.9921
443 11.9921
444 11.9921
445 11.9921
446 11.9921
447 11.9921
448 11.9921
449 11.9921
450 11.9921
451 11.9921
452 11.9921
453 11.9921
454 11.9921
455 11.9921
456 11.9921
457 11.9921
458 11.9921
459 11.9921
460 11.9921
461 11.9921
462 11.9921
463 11.9921
464 11.9921
465 11.9921
466 11.9921
467 11.9921
468 11.9921
469 11.9921
470 11.9921
471 11.9921
472 11.9921
473 11.9921
474 11.9921
475 11.9921
476 11.9921
477 11.9921
478 11.9921
479 11.9921
480 11.9921
481 11.9921
482 11.9921
483 11.9921
484 11.9921
485 11.9921
486 11.9921
487 11.9921
488 11.9921
489 11.9921
490 11.9921
491 11.9921
492 11.9921
493 11.9921
494 11.9921
495 11.9921
496 11.9921
497 11.9921
498 11.9921
499 11.9921
500 11.9921
501 11.9921
502 11.9921
503 11.9921
504 11.9921
505 11.9921
506 11.9921
507 11.9921
508 11.9921
509 11.9921
510 11.9921
511 11.9921
512 11.9921
513 11.9921
514 11.9921
515 11.9921
516 11.9921
517 11.9921
518 11.9921
519 11.9921
520 11.9921
521 11.9921
522 11.9921
523 11.9921
524 11.9921
525 11.9921
526 11.9921
527 11.9921
528 11.9921
529 11.9921
530 11.9921
531 11.9921
532 11.9921
533 11.9921
534 11.9921
535 11.9921
536 11.9921
537 11.9921
538 11.9921
539 11.9921
540 11.9921
541 11.9921
542 11.9921
