1 11.9599
2 11.9599
3 11.9599
4 11.9599
5 11.9599
6 11.9599
7 11.9599
8 11.9599
9 11.9599
10 11.9599
11 11.9599
12 11.9599
13 11.9599
14 11.9599
15 11.9599
16 11.9599
17 11.9599
18 11.9599
19 11.9599
20 11.9599
21 11.9599
22 11.9599
23 11.9599
24 11.9599
25 11.9599
26 11.9599
27 11.9599
28 11.9599
29 11.9599
30 11.9599
31 11.9599
32 11.9599
33 11.9599
34 11.9599
35 11.9599
36 11.9599
37 11.9599
38 11.9599
39 11.9599
40 11.9599
41 11.9599
42 11.9599
43 11.9599
44 11.9599
45 11.9599
46 11.9599
47 11.9599
48 11.9599
49 11.9599
50 11.9599
51 11.9599
52 11.9599
53 11.9599
54 11.9599
55 11.9599
56 11.9599
57 11.9599
58 11.9599
59 11.9599
60 11.9599
61 11.9599
62 11.9599
63 11.9599
64 11.9599
65 11.9599
66 11.9599
67 11.9599
68 11.9599
69 11.9599
70 11.9599
71 11.9599
72 11.9599
73 11.9599
74 11.9599
75 11.9599
76 11.9599
77 11.9599
78 11.9599
79 11.9599
80 11.9599
81 11.9599
82 11.9599
83 11.9599
84 11.9599
85 11.9599
86 11.9599
87 11.9599
88 11.9599
89 11.9599
90 11.9599
91 11.9599
92 11.9599
93 11.9599
94 11.9599
95 11.9599
96 11.9599
97 11.9599
98 11.9599
99 11.9599
100 11.9599
101 11.9599
102 11.9599
103 11.9599
104 11.9599
105 11.9599
106 11.9599
107 11.9599
108 11.9599
109 11.9599
110 11.9599
111 11.9599
112 11.9599
113 11.9599
114 11.9599
115 11.9599
116 11.9599
117 11.9599
118 11.9599
119 11.9599
120 11.9599
121 11.9599
122 11.9599
123 11.9599
124 11.9599
125 11.9599
126 11.9599
127 11.9599
128 11.9599
129 11.9599
130 11.9599
131 11.9599
132 11.9599
133 11.9599
134 11.9599
135 11.9599
136 11.9599
137 11.9599
138 11.9599
139 11.9599
140 11.9599
141 11.9599
142 11.9599
143 11.9599
144 11.9599
145 11.9599
146 11.9599
147 11.9599
148 11.9599
149 11.9599
150 11.9599
151 11.9599
152 11.9599
153 11.9599
154 11.9599
155 11.9599
156 11.9599
157 11.9599
158 11.9599
159 11.9599
160 11.9599
161 11.9599
162 11.9599
163 11.9599
164 11.9599
165 11.9599
166 11.9599
167 11.9599
168 11.9599
169 11.9599
170 11.9599
171 11.9599
172 11.9599
173 11.9599
174 11.9599
175 11.9599
176 11.9599
177 11.9599
178 11.9599
179 11.9599
180 11.9599
181 11.9599
182 11.9599
183 11.9599
184 11.9599
185 11.9599
186 11.9599
187 11.9599
188 11.9599
189 11.9599
190 11.9599
191 11.9599
192 11.9599
193 11.9599
194 11.9599
195 11.9599
196 11.9599
197 11.9599
198 11.9599
199 11.9599
200 11.9599
201 11.9599
202 11.9599
203 11.9599
204 11.9599
205 11.9599
206 11.9599
207 11.9599
208 11.9599
209 11.9599
210 11.9599
211 11.9599
212 11.9599
213 11.9599
214 11.9599
215 11.9599
216 11.9599
217 11.9599
218 11.9599
219 11.9599
220 11.9599
221 11.9599
222 11.9599
223 11.9599
224 11.9599
225 11.9599
226 11.9599
227 11.9599
228 11.9599
229 11.9599
230 11.9599
231 11.9599
232 11.9599
233 11.9599
234 11.9599
235 11.9599
236 11.9599
237 11.9599
238 11.9599
239 11.9599
240 11.9599
241 11.9599
242 11.9599
243 11.9599
244 11.9599
245 11.9599
246 11.9599
247 11.9599
248 12
249 11.8519
250 11.3791
251 10.7968
252 10.8205
253 11.0049
254 10.9138
255 11.0134
256 10.8953
257 10.9434
258 11.5617
259 11.633
260 10.9036
261 10.0955
262 10.0556
263 10.0708
264 9.86118
265 9.84582
266 9.86252
267 9.89072
268 9.96042
269 10.2242
270 10.245
271 10.3433
272 10.698
273 10.533
274 9.89966
275 9.78522
276 9.75308
277 9.73468
278 9.72177
279 9.75725
280 10.1555
281 10.2335
282 10.746
283 10.8552
284 11.4538
285 11.321
286 10.7068
287 10.619
288 10.6135
289 10.8304
290 10.8324
291 11.1386
292 11.0673
293 11.6304
294 11.9849
295 11.9599
296 11.9599
297 11.9599
298 11.9599
299 11.9599
300 11.9599
301 11.9599
302 11.9599
303 11.9599
304 11.9599
305 11.9599
306 11.9599
307 11.9599
308 11.9599
309 11.9599
310 11.9599
311 11.9599
312 11.9599
313 11.9599
314 11.9599
315 11.9599
316 11.9599
317 11.9599
318 11.9599
319 11.9599
320 11.9599
321 11.9599
322 11.9599
323 11.9599
324 11.9599
325 11.9599
326 11.9599
327 11.9599
328 11.9599
329 11.9599
330 11.9599
331 11.9599
332 11.9599
333 11.9599
334 11.9599
335 11.9599
336 11.9599
337 11.9599
338 11.9599
339 11.9599
340 11.9599
341 11.9599
342 11.9599
343 11.9599
344 11.9599
345 11.9599
346 11.9599
347 11.9599
348 11.9599
349 11.9599
350 11.9599
351 11.9599
352 11.9599
353 11.9599
354 11.9599
355 11.9599
356 11.9599
357 11.9599
358 11.9599
359 11.9599
360 11.9599
361 11.9599
362 11.9599
363 11.9599
364 11.9599
365 11.9599
366 11.9599
367 11.9599
368 11.9599
369 11.9599
370 11.9599
371 11.9599
372 11.9599
373 11.9599
374 11.9599
375 11.9599
376 11.9599
377 11.9599
378 11.9599
379 11.9599
380 11.9599
381 11.9599
382 11.9599
383 11.9599
384 11.9599
385 11.9599
386 11.9599
387 11.9599
388 11.9599
389 11.9599
390 11.9599
391 11.9599
392 11.9599
393 11.9599
394 11.9599
395 11.9599
396 11.9599
397 11.9599
398 11.9599
399 11.9599
400 11.9599
401 11.9599
402 11.9599
403 11.9599
404 11.9599
405 11.9599
406 11.9599
407 11.9599
408 11.9599
409 11.9599
410 11.9599
411 11.9599
412 11.9599
413 11.9599
414 11.9599
415 11.9599
416 11.9599
417 11.9599
418 11.9599
419 11.9599
420 11.9599
421 11.9599
422 11.9599
423 11.9599
424 11.9599
425 11.9599
426 11.9599
427 11.9599
428 11.9599
429 11.9599
430 11.9599
431 11.9599
432 11.9599
433 11.9599
434 11.9599
435 11.9599
436 11.9599
437 11.9599
438 11.9599
439 11.9599
440 11.9599
441 11.9599
442 11.9599
443 11.9599
444 11.9599
445 11.9599
446 11.9599
447 11.9599
448 11.9599
449 11.9599
450 11.9599
451 11.9599
452 11.9599
453 11.9599
454 11.9599
455 11.9599
456 11.9599
457 11.9599
458 11.9599
459 11.9599
460 11.9599
461 11.9599
462 11.9599
463 11.9599
464 11.9599
465 11.9599
466 11.9599
467 11.9599
468 11.9599
469 11.9599
470 11.9599
471 11.9599
472 11.9599
473 11.9599
474 11.9599
475 11.9599
476 11.9599
477 11.9599
478 11.9599
479 11.9599
480 11.9599
481 11.9599
482 11.9599
483 11.9599
484 11.9599
485 11.9599
486 11.9599
487 11.9599
488 11.9599
489 11.9599
490 11.9599
491 11.9599
492 11.9599
493 11.9599
494 11.9599
495 11.9599
496 11.9599
497 11.9599
498 11.9599
499 11.9599
500 11.9599
501 11.9599
502 11.9599
503 11.9599
504 11.9599
505 11.9599
506 11.9599
507 11.9599
508 11.9599
509 11.9599
510 11.9599
511 11.9599
512 11.9599
513 11.9599
514 11.9599
515 11.9599
516 11.9599
517 11.9599
518 11.9599
519 11.9599
520 11.9599
521 11.9599
522 11.9599
523 11.9599
524 11.9599
525 11.9599
526 11.9599
527 11.9599
528 11.9599
529 11.9599
530 11.9599
531 11.9599
532 11.9599
533 11.9599
534 11.9599
535 11.9599
536 11.9599
537 11.9599
538 11.9599
539 11.9599
540 11.9599
541 11.9599
542 11.9599
