1 11.9568
2 11.9568
3 11.9568
4 11.9568
5 11.9568
6 11.9568
7 11.9568
8 11.9568
9 11.9568
10 11.9568
11 11.9568
12 11.9568
13 11.9568
14 11.9568
15 11.9568
16 11.9568
17 11.9568
18 11.9568
19 11.9568
20 11.9568
21 11.9568
22 11.9568
23 11.9568
24 11.9568
25 11.9568
26 11.9568
27 11.9568
28 11.9568
29 11.9568
30 11.9568
31 11.9568
32 11.9568
33 11.9568
34 11.9568
35 11.9568
36 11.9568
37 11.9568
38 11.9568
39 11.9568
40 11.9568
41 11.9568
42 11.9568
43 11.9568
44 11.9568
45 11.9568
46 11.9568
47 11.9568
48 11.9568
49 11.9568
50 11.9568
51 11.9568
52 11.9568
53 11.9568
54 11.9568
55 11.9568
56 11.9568
57 11.9568
58 11.9568
59 11.9568
60 11.9568
61 11.9568
62 11.9568
63 11.9568
64 11.9568
65 11.9568
66 11.9568
67 11.9568
68 11.9568
69 11.9568
70 11.9568
71 11.9568
72 11.9568
73 11.9568
74 11.9568
75 11.9568
76 11.9568
77 11.9568
78 11.9568
79 11.9568
80 11.9568
81 11.9568
82 11.9568
83 11.9568
84 11.9568
85 11.9568
86 11.9568
87 11.9568
88 11.9568
89 11.9568
90 11.9568
91 11.9568
92 11.9568
93 11.9568
94 11.9568
95 11.9568
96 11.9568
97 11.9568
98 11.9568
99 11.9568
100 11.9568
101 11.9568
102 11.9568
103 11.9568
104 11.9568
105 11.9568
106 11.9568
107 11.9568
108 11.9568
109 11.9568
110 11.9568
111 11.9568
112 11.9568
113 11.9568
114 11.9568
115 11.9568
116 11.9568
117 11.9568
118 11.9568
119 11.9568
120 11.9568
121 11.9568
122 11.9568
123 11.9568
124 11.9568
125 11.9568
126 11.9568
127 11.9568
128 11.9568
129 11.9568
130 11.9568
131 11.9568
132 11.9568
133 11.9568
134 11.9568
135 11.9568
136 11.9568
137 11.9568
138 11.9568
139 11.9568
140 11.9568
141 11.9568
142 11.9568
143 11.9568
144 11.9568
145 11.9568
146 11.9568
147 11.9568
148 11.9568
149 11.9568
150 11.9568
151 11.9568
152 11.9568
153 11.9568
154 11.9568
155 11.9568
156 11.9568
157 11.9568
158 11.9568
159 11.9568
160 11.9568
161 11.9568
162 11.9568
163 11.9568
164 11.9568
165 11.9568
166 11.9568
167 11.9568
168 11.9568
169 11.9568
170 11.9568
171 11.9568
172 11.9568
173 11.9568
174 11.9568
175 11.9568
176 11.9568
177 11.9568
178 11.9568
179 11.9568
180 11.9568
181 11.9568
182 11.9568
183 11.9568
184 11.9568
185 11.9568
186 11.9568
187 11.9568
188 11.9568
189 11.9568
190 11.9568
191 11.9568
192 11.9568
193 11.9568
194 11.9568
195 11.9568
196 11.9568
197 11.9568
198 11.9568
199 11.9568
200 11.9568
201 11.9568
202 11.9568
203 11.9568
204 11.9568
205 11.9568
206 11.9568
207 11.9568
208 11.9568
209 11.9568
210 11.9568
211 11.9568
212 11.9568
213 11.9568
214 11.9568
215 11.9568
216 11.9568
217 11.9568
218 11.9568
219 11.9568
220 11.9568
221 11.9568
222 11.9568
223 11.9568
224 11.9568
225 11.9568
226 11.9568
227 11.9568
228 11.9568
229 11.9568
230 11.9568
231 11.9568
232 11.9568
233 11.9568
234 11.9568
235 11.9568
236 11.9568
237 11.9568
238 11.9568
239 11.9568
240 11.9568
241 11.9568
242 11.9568
243 11.9568
244 11.9568
245 11.9568
246 11.9568
247 11.9568
248 11.9568
249 11.9568
250 11.9886
251 11.0279
252 11.0279
253 12
254 11.185
255 12
256 11.0279
257 11.0279
258 11.9886
259 11.9568
260 11.9886
261 11.0279
262 11.0279
263 12
264 11.1008
265 11.0634
266 11.0643
267 11.0634
268 11.1008
269 12
270 11.0279
271 11.0279
272 11.9886
273 11.9886
274 11.1359
275 11.1067
276 11.1097
277 11.1097
278 11.1067
279 11.1359
280 12
281 11.185
282 12
283 11.185
284 11.9886
285 11.9886
286 11.0397
287 10.9787
288 11.0397
289 12
290 11.185
291 12
292 11.185
293 11.9886
294 11.9568
295 11.9568
296 11.9568
297 11.9568
298 11.9568
299 11.9568
300 11.9568
301 11.9568
302 11.9568
303 11.9568
304 11.9568
305 11.9568
306 11.9568
307 11.9568
308 11.9568
309 11.9568
310 11.9568
311 11.9568
312 11.9568
313 11.9568
314 11.9568
315 11.9568
316 11.9568
317 11.9568
318 11.9568
319 11.9568
320 11.9568
321 11.9568
322 11.9568
323 11.9568
324 11.9568
325 11.9568
326 11.9568
327 11.9568
328 11.9568
329 11.9568
330 11.9568
331 11.9568
332 11.9568
333 11.9568
334 11.9568
335 11.9568
336 11.9568
337 11.9568
338 11.9568
339 11.9568
340 11.9568
341 11.9568
342 11.9568
343 11.9568
344 11.9568
345 11.9568
346 11.9568
347 11.9568
348 11.9568
349 11.9568
350 11.9568
351 11.9568
352 11.9568
353 11.9568
354 11.9568
355 11.9568
356 11.9568
357 11.9568
358 11.9568
359 11.9568
360 11.9568
361 11.9568
362 11.9568
363 11.9568
364 11.9568
365 11.9568
366 11.9568
367 11.9568
368 11.9568
369 11.9568
370 11.9568
371 11.9568
372 11.9568
373 11.9568
374 11.9568
375 11.9568
376 11.9568
377 11.9568
378 11.9568
379 11.9568
380 11.9568
381 11.9568
382 11.9568
383 11.9568
384 11.9568
385 11.9568
386 11.9568
387 11.9568
388 11.9568
389 11.9568
390 11.9568
391 11.9568
392 11.9568
393 11.9568
394 11.9568
395 11.9568
396 11.9568
397 11.9568
398 11.9568
399 11.9568
400 11.9568
401 11.9568
402 11.9568
403 11.9568
404 11.9568
405 11.9568
406 11.9568
407 11.9568
408 11.9568
409 11.9568
410 11.9568
411 11.9568
412 11.9568
413 11.9568
414 11.9568
415 11.9568
416 11.9568
417 11.9568
418 11.9568
419 11.9568
420 11.9568
421 11.9568
422 11.9568
423 11.9568
424 11.9568
425 11.9568
426 11.9568
427 11.9568
428 11.9568
429 11.9568
430 11.9568
431 11.9568
432 11.9568
433 11.9568
434 11.9568
435 11.9568
436 11.9568
437 11.9568
438 11.9568
439 11.9568
440 11.9568
441 11.9568
442 11.9568
443 11.9568
444 11.9568
445 11.9568
446 11.9568
447 11.9568
448 11.9568
449 11.9568
450 11.9568
451 11.9568
452 11.9568
453 11.9568
454 11.9568
455 11.9568
456 11.9568
457 11.9568
458 11.9568
459 11.9568
460 11.9568
461 11.9568
462 11.9568
463 11.9568
464 11.9568
465 11.9568
466 11.9568
467 11.9568
468 11.9568
469 11.9568
470 11.9568
471 11.9568
472 11.9568
473 11.9568
474 11.9568
475 11.9568
476 11.9568
477 11.9568
478 11.9568
479 11.9568
480 11.9568
481 11.9568
482 11.9568
483 11.9568
484 11.9568
485 11.9568
486 11.9568
487 11.9568
488 11.9568
489 11.9568
490 11.9568
491 11.9568
492 11.9568
493 11.9568
494 11.9568
495 11.9568
496 11.9568
497 11.9568
498 11.9568
499 11.9568
500 11.9568
501 11.9568
502 11.9568
503 11.9568
504 11.9568
505 11.9568
506 11.9568
507 11.9568
508 11.9568
509 11.9568
510 11.9568
511 11.9568
512 11.9568
513 11.9568
514 11.9568
515 11.9568
516 11.9568
517 11.9568
518 11.9568
519 11.9568
520 11.9568
521 11.9568
522 11.9568
523 11.9568
524 11.9568
525 11.9568
526 11.9568
527 11.9568
528 11.9568
529 11.9568
530 11.9568
531 11.9568
532 11.9568
533 11.9568
534 11.9568
535 11.9568
536 11.9568
537 11.9568
538 11.9568
539 11.9568
540 11.9568
541 11.9568
542 11.9568
