1 11.8953
2 11.8953
3 11.8953
4 11.8953
5 11.8953
6 11.8953
7 11.8953
8 11.8953
9 11.8953
10 11.8953
11 11.8953
12 11.8953
13 11.8953
14 11.8953
15 11.8953
16 11.8953
17 11.8953
18 11.8953
19 11.8953
20 11.8953
21 11.8953
22 11.8953
23 11.8953
24 11.8953
25 11.8953
26 11.8953
27 11.8953
28 11.8953
29 11.8953
30 11.8953
31 11.8953
32 11.8953
33 11.8953
34 11.8953
35 11.8953
36 11.8953
37 11.8953
38 11.8953
39 11.8953
40 11.8953
41 11.8953
42 11.8953
43 11.8953
44 11.8953
45 11.8953
46 11.8953
47 11.8953
48 11.8953
49 11.8953
50 11.8953
51 11.8953
52 11.8953
53 11.8953
54 11.8953
55 11.8953
56 11.8953
57 11.8953
58 11.8953
59 11.8953
60 11.8953
61 11.8953
62 11.8953
63 11.8953
64 11.8953
65 11.8953
66 11.8953
67 11.8953
68 11.8953
69 11.8953
70 11.8953
71 11.8953
72 11.8953
73 11.8953
74 11.8953
75 11.8953
76 11.8953
77 11.8953
78 11.8953
79 11.8953
80 11.8953
81 11.8953
82 11.8953
83 11.8953
84 11.8953
85 11.8953
86 11.8953
87 11.8953
88 11.8953
89 11.8953
90 11.8953
91 11.8953
92 11.8953
93 11.8953
94 11.8953
95 11.8953
96 11.8953
97 11.8953
98 11.8953
99 11.8953
100 11.8953
101 11.8953
102 11.8953
103 11.8953
104 11.8953
105 11.8953
106 11.8953
107 11.8953
108 11.8953
109 11.8953
110 11.8953
111 11.8953
112 11.8953
113 11.8953
114 11.8953
115 11.8953
116 11.8953
117 11.8953
118 11.8953
119 11.8953
120 11.8953
121 11.8953
122 11.8953
123 11.8953
124 11.8953
125 11.8953
126 11.8953
127 11.8953
128 11.8953
129 11.8953
130 11.8953
131 11.8953
132 11.8953
133 11.8953
134 11.8953
135 11.8953
136 11.8953
137 11.8953
138 11.8953
139 11.8953
140 11.8953
141 11.8953
142 11.8953
143 11.8953
144 11.8953
145 11.8953
146 11.8953
147 11.8953
148 11.8953
149 11.8953
150 11.8953
151 11.8953
152 11.8953
153 11.8953
154 11.8953
155 11.8953
156 11.8953
157 11.8953
158 11.8953
159 11.8953
160 11.8953
161 11.8953
162 11.8953
163 11.8953
164 11.8953
165 11.8953
166 11.8953
167 11.8953
168 11.8953
169 11.8953
170 11.8953
171 11.8953
172 11.8953
173 11.8953
174 11.8953
175 11.8953
176 11.8953
177 11.8953
178 11.8953
179 11.8953
180 11.8953
181 11.8953
182 11.8953
183 11.8953
184 11.8953
185 11.8953
186 11.8953
187 11.8953
188 11.8953
189 11.8953
190 11.8953
191 11.8953
192 11.8953
193 11.8953
194 11.8953
195 11.8953
196 11.8953
197 11.8953
198 11.8953
199 11.8953
200 11.8953
201 11.8953
202 11.8953
203 11.8953
204 11.8953
205 11.8953
206 11.8953
207 11.8953
208 11.8953
209 11.8953
210 11.8953
211 11.8953
212 11.8953
213 11.8953
214 11.8953
215 11.8953
216 11.8953
217 11.8953
218 11.8953
219 11.8953
220 11.8953
221 11.8953
222 11.8953
223 11.8953
224 11.8953
225 11.8953
226 11.8953
227 11.8953
228 11.8953
229 11.8953
230 11.8953
231 11.8953
232 11.8953
233 11.8953
234 11.8953
235 11.8953
236 11.8953
237 11.8953
238 11.8953
239 11.8953
240 11.8953
241 11.8953
242 11.8953
243 11.8953
244 11.8953
245 11.8953
246 11.8953
247 11.9537
248 11.9317
249 11.5441
250 11.0227
251 10.5086
252 10.5356
253 10.6299
254 10.6302
255 10.7415
256 10.6801
257 10.7363
258 11.0724
259 10.9115
260 10.2213
261 9.38152
262 9.33698
263 9.35569
264 9.1905
265 9.1803
266 9.19204
267 9.20528
268 9.23424
269 9.3526
270 9.34867
271 9.39636
272 9.58653
273 9.54224
274 9.25075
275 9.19529
276 9.18294
277 9.17258
278 9.16202
279 9.19004
280 9.51086
281 9.56221
282 9.98151
283 10.079
284 10.6314
285 10.6964
286 10.4071
287 10.3514
288 10.3459
289 10.5094
290 10.4867
291 10.6967
292 10.6681
293 11.2054
294 11.7175
295 12
296 11.8953
297 11.8953
298 11.8953
299 11.8953
300 11.8953
301 11.8953
302 11.8953
303 11.8953
304 11.8953
305 11.8953
306 11.8953
307 11.8953
308 11.8953
309 11.8953
310 11.8953
311 11.8953
312 11.8953
313 11.8953
314 11.8953
315 11.8953
316 11.8953
317 11.8953
318 11.8953
319 11.8953
320 11.8953
321 11.8953
322 11.8953
323 11.8953
324 11.8953
325 11.8953
326 11.8953
327 11.8953
328 11.8953
329 11.8953
330 11.8953
331 11.8953
332 11.8953
333 11.8953
334 11.8953
335 11.8953
336 11.8953
337 11.8953
338 11.8953
339 11.8953
340 11.8953
341 11.8953
342 11.8953
343 11.8953
344 11.8953
345 11.8953
346 11.8953
347 11.8953
348 11.8953
349 11.8953
350 11.8953
351 11.8953
352 11.8953
353 11.8953
354 11.8953
355 11.8953
356 11.8953
357 11.8953
358 11.8953
359 11.8953
360 11.8953
361 11.8953
362 11.8953
363 11.8953
364 11.8953
365 11.8953
366 11.8953
367 11.8953
368 11.8953
369 11.8953
370 11.8953
371 11.8953
372 11.8953
373 11.8953
374 11.8953
375 11.8953
376 11.8953
377 11.8953
378 11.8953
379 11.8953
380 11.8953
381 11.8953
382 11.8953
383 11.8953
384 11.8953
385 11.8953
386 11.8953
387 11.8953
388 11.8953
389 11.8953
390 11.8953
391 11.8953
392 11.8953
393 11.8953
394 11.8953
395 11.8953
396 11.8953
397 11.8953
398 11.8953
399 11.8953
400 11.8953
401 11.8953
402 11.8953
403 11.8953
404 11.8953
405 11.8953
406 11.8953
407 11.8953
408 11.8953
409 11.8953
410 11.8953
411 11.8953
412 11.8953
413 11.8953
414 11.8953
415 11.8953
416 11.8953
417 11.8953
418 11.8953
419 11.8953
420 11.8953
421 11.8953
422 11.8953
423 11.8953
424 11.8953
425 11.8953
426 11.8953
427 11.8953
428 11.8953
429 11.8953
430 11.8953
431 11.8953
432 11.8953
433 11.8953
434 11.8953
435 11.8953
436 11.8953
437 11.8953
438 11.8953
439 11.8953
440 11.8953
441 11.8953
442 11.8953
443 11.8953
444 11.8953
445 11.8953
446 11.8953
447 11.8953
448 11.8953
449 11.8953
450 11.8953
451 11.8953
452 11.8953
453 11.8953
454 11.8953
455 11.8953
456 11.8953
457 11.8953
458 11.8953
459 11.8953
460 11.8953
461 11.8953
462 11.8953
463 11.8953
464 11.8953
465 11.8953
466 11.8953
467 11.8953
468 11.8953
469 11.8953
470 11.8953
471 11.8953
472 11.8953
473 11.8953
474 11.8953
475 11.8953
476 11.8953
477 11.8953
478 11.8953
479 11.8953
480 11.8953
481 11.8953
482 11.8953
483 11.8953
484 11.8953
485 11.8953
486 11.8953
487 11.8953
488 11.8953
489 11.8953
490 11.8953
491 11.8953
492 11.8953
493 11.8953
494 11.8953
495 11.8953
496 11.8953
497 11.8953
498 11.8953
499 11.8953
500 11.8953
501 11.8953
502 11.8953
503 11.8953
504 11.8953
505 11.8953
506 11.8953
507 11.8953
508 11.8953
509 11.8953
510 11.8953
511 11.8953
512 11.8953
513 11.8953
514 11.8953
515 11.8953
516 11.8953
517 11.8953
518 11.8953
519 11.8953
520 11.8953
521 11.8953
522 11.8953
523 11.8953
524 11.8953
525 11.8953
526 11.8953
527 11.8953
528 11.8953
529 11.8953
530 11.8953
531 11.8953
532 11.8953
533 11.8953
534 11.8953
535 11.8953
536 11.8953
537 11.8953
538 11.8953
539 11.8953
540 11.8953
541 11.8953
542 11.8953
