1 11.9696
2 11.9696
3 11.9696
4 11.9696
5 11.9696
6 11.9696
7 11.9696
8 11.9696
9 11.9696
10 11.9696
11 11.9696
12 11.9696
13 11.9696
14 11.9696
15 11.9696
16 11.9696
17 11.9696
18 11.9696
19 11.9696
20 11.9696
21 11.9696
22 11.9696
23 11.9696
24 11.9696
25 11.9696
26 11.9696
27 11.9696
28 11.9696
29 11.9696
30 11.9696
31 11.9696
32 11.9696
33 11.9696
34 11.9696
35 11.9696
36 11.9696
37 11.9696
38 11.9696
39 11.9696
40 11.9696
41 11.9696
42 11.9696
43 11.9696
44 11.9696
45 11.9696
46 11.9696
47 11.9696
48 11.9696
49 11.9696
50 11.9696
51 11.9696
52 11.9696
53 11.9696
54 11.9696
55 11.9696
56 11.9696
57 11.9696
58 11.9696
59 11.9696
60 11.9696
61 11.9696
62 11.9696
63 11.9696
64 11.9696
65 11.9696
66 11.9696
67 11.9696
68 11.9696
69 11.9696
70 11.9696
71 11.9696
72 11.9696
73 11.9696
74 11.9696
75 11.9696
76 11.9696
77 11.9696
78 11.9696
79 11.9696
80 11.9696
81 11.9696
82 11.9696
83 11.9696
84 11.9696
85 11.9696
86 11.9696
87 11.9696
88 11.9696
89 11.9696
90 11.9696
91 11.9696
92 11.9696
93 11.9696
94 11.9696
95 11.9696
96 11.9696
97 11.9696
98 11.9696
99 11.9696
100 11.9696
101 11.9696
102 11.9696
103 11.9696
104 11.9696
105 11.9696
106 11.9696
107 11.9696
108 11.9696
109 11.9696
110 11.9696
111 11.9696
112 11.9696
113 11.9696
114 11.9696
115 11.9696
116 11.9696
117 11.9696
118 11.9696
119 11.9696
120 11.9696
121 11.9696
122 11.9696
123 11.9696
124 11.9696
125 11.9696
126 11.9696
127 11.9696
128 11.9696
129 11.9696
130 11.9696
131 11.9696
132 11.9696
133 11.9696
134 11.9696
135 11.9696
136 11.9696
137 11.9696
138 11.9696
139 11.9696
140 11.9696
141 11.9696
142 11.9696
143 11.9696
144 11.9696
145 11.9696
146 11.9696
147 11.9696
148 11.9696
149 11.9696
150 11.9696
151 11.9696
152 11.9696
153 11.9696
154 11.9696
155 11.9696
156 11.9696
157 11.9696
158 11.9696
159 11.9696
160 11.9696
161 11.9696
162 11.9696
163 11.9696
164 11.9696
165 11.9696
166 11.9696
167 11.9696
168 11.9696
169 11.9696
170 11.9696
171 11.9696
172 11.9696
173 11.9696
174 11.9696
175 11.9696
176 11.9696
177 11.9696
178 11.9696
179 11.9696
180 11.9696
181 11.9696
182 11.9696
183 11.9696
184 11.9696
185 11.9696
186 11.9696
187 11.9696
188 11.9696
189 11.9696
190 11.9696
191 11.9696
192 11.9696
193 11.9696
194 11.9696
195 11.9696
196 11.9696
197 11.9696
198 11.9696
199 11.9696
200 11.9696
201 11.9696
202 11.9696
203 11.9696
204 11.9696
205 11.9696
206 11.9696
207 11.9696
208 11.9696
209 11.9696
210 11.9696
211 11.9696
212 11.9696
213 11.9696
214 11.9696
215 11.9696
216 11.9696
217 11.9696
218 11.9696
219 11.9696
220 11.9696
221 11.9696
222 11.9696
223 11.9696
224 11.9696
225 11.9696
226 11.9696
227 11.9696
228 11.9696
229 11.9696
230 11.9696
231 11.9696
232 11.9696
233 11.9696
234 11.9696
235 11.9696
236 11.9696
237 11.9801
238 12
239 11.9745
240 11.8031
241 11.3758
242 10.7696
243 10.0799
244 9.34557
245 8.57849
246 7.796
247 7.01688
248 6.25215
249 5.50238
250 4.76047
251 4.01603
252 4.00709
253 4.04595
254 3.84423
255 3.82135
256 3.49059
257 3.4377
258 3.44279
259 3.2885
260 2.79237
261 2.04397
262 2.00064
263 2.03062
264 1.9625
265 1.98505
266 2.01506
267 2.03663
268 2.04778
269 2.04896
270 2.0607
271 2.06192
272 2.05233
273 2.05352
274 2.06446
275 2.0654
276 2.05638
277 2.03851
278 2.01923
279 2.03296
280 2.25446
281 2.28885
282 2.59153
283 2.64844
284 3.02069
285 3.09505
286 3.07447
287 3.0674
288 3.11975
289 3.5095
290 3.53546
291 3.91051
292 3.90831
293 4.6216
294 5.33555
295 6.06328
296 6.81328
297 7.58648
298 8.37522
299 9.16596
300 9.94595
301 10.7012
302 11.3753
303 11.8294
304 11.9861
305 11.9892
306 11.9732
307 11.9696
308 11.9696
309 11.9696
310 11.9696
311 11.9696
312 11.9696
313 11.9696
314 11.9696
315 11.9696
316 11.9696
317 11.9696
318 11.9696
319 11.9696
320 11.9696
321 11.9696
322 11.9696
323 11.9696
324 11.9696
325 11.9696
326 11.9696
327 11.9696
328 11.9696
329 11.9696
330 11.9696
331 11.9696
332 11.9696
333 11.9696
334 11.9696
335 11.9696
336 11.9696
337 11.9696
338 11.9696
339 11.9696
340 11.9696
341 11.9696
342 11.9696
343 11.9696
344 11.9696
345 11.9696
346 11.9696
347 11.9696
348 11.9696
349 11.9696
350 11.9696
351 11.9696
352 11.9696
353 11.9696
354 11.9696
355 11.9696
356 11.9696
357 11.9696
358 11.9696
359 11.9696
360 11.9696
361 11.9696
362 11.9696
363 11.9696
364 11.9696
365 11.9696
366 11.9696
367 11.9696
368 11.9696
369 11.9696
370 11.9696
371 11.9696
372 11.9696
373 11.9696
374 11.9696
375 11.9696
376 11.9696
377 11.9696
378 11.9696
379 11.9696
380 11.9696
381 11.9696
382 11.9696
383 11.9696
384 11.9696
385 11.9696
386 11.9696
387 11.9696
388 11.9696
389 11.9696
390 11.9696
391 11.9696
392 11.9696
393 11.9696
394 11.9696
395 11.9696
396 11.9696
397 11.9696
398 11.9696
399 11.9696
400 11.9696
401 11.9696
402 11.9696
403 11.9696
404 11.9696
405 11.9696
406 11.9696
407 11.9696
408 11.9696
409 11.9696
410 11.9696
411 11.9696
412 11.9696
413 11.9696
414 11.9696
415 11.9696
416 11.9696
417 11.9696
418 11.9696
419 11.9696
420 11.9696
421 11.9696
422 11.9696
423 11.9696
424 11.9696
425 11.9696
426 11.9696
427 11.9696
428 11.9696
429 11.9696
430 11.9696
431 11.9696
432 11.9696
433 11.9696
434 11.9696
435 11.9696
436 11.9696
437 11.9696
438 11.9696
439 11.9696
440 11.9696
441 11.9696
442 11.9696
443 11.9696
444 11.9696
445 11.9696
446 11.9696
447 11.9696
448 11.9696
449 11.9696
450 11.9696
451 11.9696
452 11.9696
453 11.9696
454 11.9696
455 11.9696
456 11.9696
457 11.9696
458 11.9696
459 11.9696
460 11.9696
461 11.9696
462 11.9696
463 11.9696
464 11.9696
465 11.9696
466 11.9696
467 11.9696
468 11.9696
469 11.9696
470 11.9696
471 11.9696
472 11.9696
473 11.9696
474 11.9696
475 11.9696
476 11.9696
477 11.9696
478 11.9696
479 11.9696
480 11.9696
481 11.9696
482 11.9696
483 11.9696
484 11.9696
485 11.9696
486 11.9696
487 11.9696
488 11.9696
489 11.9696
490 11.9696
491 11.9696
492 11.9696
493 11.9696
494 11.9696
495 11.9696
496 11.9696
497 11.9696
498 11.9696
499 11.9696
500 11.9696
501 11.9696
502 11.9696
503 11.9696
504 11.9696
505 11.9696
506 11.9696
507 11.9696
508 11.9696
509 11.9696
510 11.9696
511 11.9696
512 11.9696
513 11.9696
514 11.9696
515 11.9696
516 11.9696
517 11.9696
518 11.9696
519 11.9696
520 11.9696
521 11.9696
522 11.9696
523 11.9696
524 11.9696
525 11.9696
526 11.9696
527 11.9696
528 11.9696
529 11.9696
530 11.9696
531 11.9696
532 11.9696
533 11.9696
534 11.9696
535 11.9696
536 11.9696
537 11.9696
538 11.9696
539 11.9696
540 11.9696
541 11.9696
542 11.9696
