1 11.9966
2 11.9966
3 11.9966
4 11.9966
5 11.9966
6 11.9966
7 11.9966
8 11.9966
9 11.9966
10 11.9966
11 11.9966
12 11.9966
13 11.9966
14 11.9966
15 11.9966
16 11.9966
17 11.9966
18 11.9966
19 11.9966
20 11.9966
21 11.9966
22 11.9966
23 11.9966
24 11.9966
25 11.9966
26 11.9966
27 11.9966
28 11.9966
29 11.9966
30 11.9966
31 11.9966
32 11.9966
33 11.9966
34 11.9966
35 11.9966
36 11.9966
37 11.9966
38 11.9966
39 11.9966
40 11.9966
41 11.9966
42 11.9966
43 11.9966
44 11.9966
45 11.9966
46 11.9966
47 11.9966
48 11.9966
49 11.9966
50 11.9966
51 11.9966
52 11.9966
53 11.9966
54 11.9966
55 11.9966
56 11.9966
57 11.9966
58 11.9966
59 11.9966
60 11.9966
61 11.9966
62 11.9966
63 11.9966
64 11.9966
65 11.9966
66 11.9966
67 11.9966
68 11.9966
69 11.9966
70 11.9966
71 11.9966
72 11.9966
73 11.9966
74 11.9966
75 11.9966
76 11.9966
77 11.9966
78 11.9966
79 11.9966
80 11.9966
81 11.9966
82 11.9966
83 11.9966
84 11.9966
85 11.9966
86 11.9966
87 11.9966
88 11.9966
89 11.9966
90 11.9966
91 11.9966
92 11.9966
93 11.9966
94 11.9966
95 11.9966
96 11.9966
97 11.9966
98 11.9966
99 11.9966
100 11.9966
101 11.9966
102 11.9966
103 11.9966
104 11.9966
105 11.9966
106 11.9966
107 11.9966
108 11.9966
109 11.9966
110 11.9966
111 11.9966
112 11.9966
113 11.9966
114 11.9966
115 11.9966
116 11.9966
117 11.9966
118 11.9966
119 11.9966
120 11.9966
121 11.9966
122 11.9966
123 11.9966
124 11.9966
125 11.9966
126 11.9966
127 11.9966
128 11.9966
129 11.9966
130 11.9966
131 11.9966
132 11.9966
133 11.9966
134 11.9966
135 11.9966
136 11.9966
137 11.9966
138 11.9966
139 11.9966
140 11.9966
141 11.9966
142 11.9966
143 11.9966
144 11.9966
145 11.9966
146 11.9966
147 11.9966
148 11.9966
149 11.9966
150 11.9966
151 11.9966
152 11.9966
153 11.9966
154 11.9966
155 11.9966
156 11.9966
157 11.9966
158 11.9966
159 11.9966
160 11.9966
161 11.9966
162 11.9966
163 11.9966
164 11.9966
165 11.9966
166 11.9966
167 11.9966
168 11.9966
169 11.9966
170 11.9966
171 11.9966
172 11.9966
173 11.9966
174 11.9966
175 11.9966
176 11.9966
177 11.9966
178 11.9966
179 11.9966
180 11.9966
181 11.9966
182 11.9966
183 11.9966
184 11.9966
185 11.9966
186 11.9966
187 11.9966
188 11.9966
189 11.9966
190 11.9966
191 11.9966
192 11.9966
193 11.9966
194 11.9966
195 11.9966
196 11.9966
197 11.9966
198 11.9966
199 11.9966
200 11.9966
201 11.9966
202 11.9966
203 11.9966
204 11.9966
205 11.9966
206 11.9966
207 11.9966
208 11.9966
209 11.9966
210 11.9966
211 11.9966
212 11.9966
213 11.9966
214 11.9966
215 11.9966
216 11.9966
217 11.9966
218 11.9966
219 11.9966
220 11.9966
221 11.9966
222 11.9966
223 11.9966
224 11.9966
225 11.9966
226 11.9966
227 11.9966
228 11.9966
229 11.9966
230 11.9966
231 11.9966
232 11.9966
233 11.9966
234 11.9966
235 11.9966
236 11.9498
237 11.5941
238 10.9867
239 10.298
240 9.57028
241 8.8149
242 8.0425
243 7.26388
244 6.48896
245 5.7263
246 4.98259
247 4.26241
248 3.56839
249 2.90149
250 2.26127
251 1.64605
252 1.6763
253 1.73726
254 1.72247
255 1.76393
256 1.72809
257 1.75566
258 1.78432
259 1.79509
260 1.70667
261 1.39907
262 1.37111
263 1.38445
264 1.35542
265 1.36598
266 1.37832
267 1.38618
268 1.39019
269 1.39178
270 1.3945
271 1.39512
272 1.39401
273 1.39366
274 1.39397
275 1.39276
276 1.38954
277 1.38304
278 1.3719
279 1.35749
280 1.35566
281 1.33534
282 1.32415
283 1.2966
284 1.27599
285 1.24174
286 1.21594
287 1.17952
288 1.15107
289 1.26202
290 1.23477
291 1.4404
292 1.41806
293 2.05876
294 2.72673
295 3.42158
296 4.14226
297 4.88665
298 5.6509
299 6.42892
300 7.21227
301 7.99078
302 8.75407
303 9.49305
304 10.2005
305 10.8689
306 11.4694
307 11.876
308 12
309 11.9966
310 11.9966
311 11.9966
312 11.9966
313 11.9966
314 11.9966
315 11.9966
316 11.9966
317 11.9966
318 11.9966
319 11.9966
320 11.9966
321 11.9966
322 11.9966
323 11.9966
324 11.9966
325 11.9966
326 11.9966
327 11.9966
328 11.9966
329 11.9966
330 11.9966
331 11.9966
332 11.9966
333 11.9966
334 11.9966
335 11.9966
336 11.9966
337 11.9966
338 11.9966
339 11.9966
340 11.9966
341 11.9966
342 11.9966
343 11.9966
344 11.9966
345 11.9966
346 11.9966
347 11.9966
348 11.9966
349 11.9966
350 11.9966
351 11.9966
352 11.9966
353 11.9966
354 11.9966
355 11.9966
356 11.9966
357 11.9966
358 11.9966
359 11.9966
360 11.9966
361 11.9966
362 11.9966
363 11.9966
364 11.9966
365 11.9966
366 11.9966
367 11.9966
368 11.9966
369 11.9966
370 11.9966
371 11.9966
372 11.9966
373 11.9966
374 11.9966
375 11.9966
376 11.9966
377 11.9966
378 11.9966
379 11.9966
380 11.9966
381 11.9966
382 11.9966
383 11.9966
384 11.9966
385 11.9966
386 11.9966
387 11.9966
388 11.9966
389 11.9966
390 11.9966
391 11.9966
392 11.9966
393 11.9966
394 11.9966
395 11.9966
396 11.9966
397 11.9966
398 11.9966
399 11.9966
400 11.9966
401 11.9966
402 11.9966
403 11.9966
404 11.9966
405 11.9966
406 11.9966
407 11.9966
408 11.9966
409 11.9966
410 11.9966
411 11.9966
412 11.9966
413 11.9966
414 11.9966
415 11.9966
416 11.9966
417 11.9966
418 11.9966
419 11.9966
420 11.9966
421 11.9966
422 11.9966
423 11.9966
424 11.9966
425 11.9966
426 11.9966
427 11.9966
428 11.9966
429 11.9966
430 11.9966
431 11.9966
432 11.9966
433 11.9966
434 11.9966
435 11.9966
436 11.9966
437 11.9966
438 11.9966
439 11.9966
440 11.9966
441 11.9966
442 11.9966
443 11.9966
444 11.9966
445 11.9966
446 11.9966
447 11.9966
448 11.9966
449 11.9966
450 11.9966
451 11.9966
452 11.9966
453 11.9966
454 11.9966
455 11.9966
456 11.9966
457 11.9966
458 11.9966
459 11.9966
460 11.9966
461 11.9966
462 11.9966
463 11.9966
464 11.9966
465 11.9966
466 11.9966
467 11.9966
468 11.9966
469 11.9966
470 11.9966
471 11.9966
472 11.9966
473 11.9966
474 11.9966
475 11.9966
476 11.9966
477 11.9966
478 11.9966
479 11.9966
480 11.9966
481 11.9966
482 11.9966
483 11.9966
484 11.9966
485 11.9966
486 11.9966
487 11.9966
488 11.9966
489 11.9966
490 11.9966
491 11.9966
492 11.9966
493 11.9966
494 11.9966
495 11.9966
496 11.9966
497 11.9966
498 11.9966
499 11.9966
500 11.9966
501 11.9966
502 11.9966
503 11.9966
504 11.9966
505 11.9966
506 11.9966
507 11.9966
508 11.9966
509 11.9966
510 11.9966
511 11.9966
512 11.9966
513 11.9966
514 11.9966
515 11.9966
516 11.9966
517 11.9966
518 11.9966
519 11.9966
520 11.9966
521 11.9966
522 11.9966
523 11.9966
524 11.9966
525 11.9966
526 11.9966
527 11.9966
528 11.9966
529 11.9966
530 11.9966
531 11.9966
532 11.9966
533 11.9966
534 11.9966
535 11.9966
536 11.9966
537 11.9966
538 11.9966
539 11.9966
540 11.9966
541 11.9966
542 11.9966
