1 11.9467
2 11.9467
3 11.9467
4 11.9467
5 11.9467
6 11.9467
7 11.9467
8 11.9467
9 11.9467
10 11.9467
11 11.9467
12 11.9467
13 11.9467
14 11.9467
15 11.9467
16 11.9467
17 11.9467
18 11.9467
19 11.9467
20 11.9467
21 11.9467
22 11.9467
23 11.9467
24 11.9467
25 11.9467
26 11.9467
27 11.9467
28 11.9467
29 11.9467
30 11.9467
31 11.9467
32 11.9467
33 11.9467
34 11.9467
35 11.9467
36 11.9467
37 11.9467
38 11.9467
39 11.9467
40 11.9467
41 11.9467
42 11.9467
43 11.9467
44 11.9467
45 11.9467
46 11.9467
47 11.9467
48 11.9467
49 11.9467
50 11.9467
51 11.9467
52 11.9467
53 11.9467
54 11.9467
55 11.9467
56 11.9467
57 11.9467
58 11.9467
59 11.9467
60 11.9467
61 11.9467
62 11.9467
63 11.9467
64 11.9467
65 11.9467
66 11.9467
67 11.9467
68 11.9467
69 11.9467
70 11.9467
71 11.9467
72 11.9467
73 11.9467
74 11.9467
75 11.9467
76 11.9467
77 11.9467
78 11.9467
79 11.9467
80 11.9467
81 11.9467
82 11.9467
83 11.9467
84 11.9467
85 11.9467
86 11.9467
87 11.9467
88 11.9467
89 11.9467
90 11.9467
91 11.9467
92 11.9467
93 11.9467
94 11.9467
95 11.9467
96 11.9467
97 11.9467
98 11.9467
99 11.9467
100 11.9467
101 11.9467
102 11.9467
103 11.9467
104 11.9467
105 11.9467
106 11.9467
107 11.9467
108 11.9467
109 11.9467
110 11.9467
111 11.9467
112 11.9467
113 11.9467
114 11.9467
115 11.9467
116 11.9467
117 11.9467
118 11.9467
119 11.9467
120 11.9467
121 11.9467
122 11.9467
123 11.9467
124 11.9467
125 11.9467
126 11.9467
127 11.9467
128 11.9467
129 11.9467
130 11.9467
131 11.9467
132 11.9467
133 11.9467
134 11.9467
135 11.9467
136 11.9467
137 11.9467
138 11.9467
139 11.9467
140 11.9467
141 11.9467
142 11.9467
143 11.9467
144 11.9467
145 11.9467
146 11.9467
147 11.9467
148 11.9467
149 11.9467
150 11.9467
151 11.9467
152 11.9467
153 11.9467
154 11.9467
155 11.9467
156 11.9467
157 11.9467
158 11.9467
159 11.9467
160 11.9467
161 11.9467
162 11.9467
163 11.9467
164 11.9467
165 11.9467
166 11.9467
167 11.9467
168 11.9467
169 11.9467
170 11.9467
171 11.9467
172 11.9467
173 11.9467
174 11.9467
175 11.9467
176 11.9467
177 11.9467
178 11.9467
179 11.9467
180 11.9467
181 11.9467
182 11.9467
183 11.9467
184 11.9467
185 11.9467
186 11.9467
187 11.9467
188 11.9467
189 11.9467
190 11.9467
191 11.9467
192 11.9467
193 11.9467
194 11.9467
195 11.9467
196 11.9467
197 11.9467
198 11.9467
199 11.9467
200 11.9467
201 11.9467
202 11.9467
203 11.9467
204 11.9467
205 11.9467
206 11.9467
207 11.9467
208 11.9467
209 11.9467
210 11.9467
211 11.9467
212 11.9467
213 11.9467
214 11.9467
215 11.9467
216 11.9467
217 11.9467
218 11.9467
219 11.9467
220 11.9467
221 11.9467
222 11.9467
223 11.9467
224 11.9467
225 11.9467
226 11.9467
227 11.9467
228 11.9467
229 11.9467
230 11.9467
231 11.9467
232 11.9467
233 11.9467
234 11.9467
235 11.9467
236 11.9467
237 11.9467
238 11.9467
239 11.9467
240 11.9602
241 12
242 11.9762
243 11.7855
244 11.3691
245 10.8146
246 10.2105
247 9.55251
248 8.8351
249 8.07128
250 7.28874
251 6.51181
252 6.49999
253 6.54236
254 6.37352
255 6.36777
256 6.08116
257 6.03697
258 6.03797
259 5.84577
260 5.22842
261 4.33362
262 4.2582
263 4.27236
264 4.1092
265 4.10594
266 4.13013
267 4.15194
268 4.16278
269 4.15967
270 4.17387
271 4.17331
272 4.15856
273 4.16068
274 4.17889
275 4.18309
276 4.17485
277 4.15924
278 4.15134
279 4.20236
280 4.57299
281 4.64598
282 5.0718
283 5.15561
284 5.57776
285 5.64896
286 5.62466
287 5.60261
288 5.62289
289 5.93631
290 5.94146
291 6.30172
292 6.30741
293 7.07782
294 7.86498
295 8.64918
296 9.40669
297 10.1224
298 10.7941
299 11.4048
300 11.84
301 11.9901
302 11.9835
303 11.9534
304 11.9467
305 11.9467
306 11.9467
307 11.9467
308 11.9467
309 11.9467
310 11.9467
311 11.9467
312 11.9467
313 11.9467
314 11.9467
315 11.9467
316 11.9467
317 11.9467
318 11.9467
319 11.9467
320 11.9467
321 11.9467
322 11.9467
323 11.9467
324 11.9467
325 11.9467
326 11.9467
327 11.9467
328 11.9467
329 11.9467
330 11.9467
331 11.9467
332 11.9467
333 11.9467
334 11.9467
335 11.9467
336 11.9467
337 11.9467
338 11.9467
339 11.9467
340 11.9467
341 11.9467
342 11.9467
343 11.9467
344 11.9467
345 11.9467
346 11.9467
347 11.9467
348 11.9467
349 11.9467
350 11.9467
351 11.9467
352 11.9467
353 11.9467
354 11.9467
355 11.9467
356 11.9467
357 11.9467
358 11.9467
359 11.9467
360 11.9467
361 11.9467
362 11.9467
363 11.9467
364 11.9467
365 11.9467
366 11.9467
367 11.9467
368 11.9467
369 11.9467
370 11.9467
371 11.9467
372 11.9467
373 11.9467
374 11.9467
375 11.9467
376 11.9467
377 11.9467
378 11.9467
379 11.9467
380 11.9467
381 11.9467
382 11.9467
383 11.9467
384 11.9467
385 11.9467
386 11.9467
387 11.9467
388 11.9467
389 11.9467
390 11.9467
391 11.9467
392 11.9467
393 11.9467
394 11.9467
395 11.9467
396 11.9467
397 11.9467
398 11.9467
399 11.9467
400 11.9467
401 11.9467
402 11.9467
403 11.9467
404 11.9467
405 11.9467
406 11.9467
407 11.9467
408 11.9467
409 11.9467
410 11.9467
411 11.9467
412 11.9467
413 11.9467
414 11.9467
415 11.9467
416 11.9467
417 11.9467
418 11.9467
419 11.9467
420 11.9467
421 11.9467
422 11.9467
423 11.9467
424 11.9467
425 11.9467
426 11.9467
427 11.9467
428 11.9467
429 11.9467
430 11.9467
431 11.9467
432 11.9467
433 11.9467
434 11.9467
435 11.9467
436 11.9467
437 11.9467
438 11.9467
439 11.9467
440 11.9467
441 11.9467
442 11.9467
443 11.9467
444 11.9467
445 11.9467
446 11.9467
447 11.9467
448 11.9467
449 11.9467
450 11.9467
451 11.9467
452 11.9467
453 11.9467
454 11.9467
455 11.9467
456 11.9467
457 11.9467
458 11.9467
459 11.9467
460 11.9467
461 11.9467
462 11.9467
463 11.9467
464 11.9467
465 11.9467
466 11.9467
467 11.9467
468 11.9467
469 11.9467
470 11.9467
471 11.9467
472 11.9467
473 11.9467
474 11.9467
475 11.9467
476 11.9467
477 11.9467
478 11.9467
479 11.9467
480 11.9467
481 11.9467
482 11.9467
483 11.9467
484 11.9467
485 11.9467
486 11.9467
487 11.9467
488 11.9467
489 11.9467
490 11.9467
491 11.9467
492 11.9467
493 11.9467
494 11.9467
495 11.9467
496 11.9467
497 11.9467
498 11.9467
499 11.9467
500 11.9467
501 11.9467
502 11.9467
503 11.9467
504 11.9467
505 11.9467
506 11.9467
507 11.9467
508 11.9467
509 11.9467
510 11.9467
511 11.9467
512 11.9467
513 11.9467
514 11.9467
515 11.9467
516 11.9467
517 11.9467
518 11.9467
519 11.9467
520 11.9467
521 11.9467
522 11.9467
523 11.9467
524 11.9467
525 11.9467
526 11.9467
527 11.9467
528 11.9467
529 11.9467
530 11.9467
531 11.9467
532 11.9467
533 11.9467
534 11.9467
535 11.9467
536 11.9467
537 11.9467
538 11.9467
539 11.9467
540 11.9467
541 11.9467
542 11.9467
