1 11.9912
2 11.9912
3 11.9912
4 11.9912
5 11.9912
6 11.9912
7 11.9912
8 11.9912
9 11.9912
10 11.9912
11 11.9912
12 11.9912
13 11.9912
14 11.9912
15 11.9912
16 11.9912
17 11.9912
18 11.9912
19 11.9912
20 11.9912
21 11.9912
22 11.9912
23 11.9912
24 11.9912
25 11.9912
26 11.9912
27 11.9912
28 11.9912
29 11.9912
30 11.9912
31 11.9912
32 11.9912
33 11.9912
34 11.9912
35 11.9912
36 11.9912
37 11.9912
38 11.9912
39 11.9912
40 11.9912
41 11.9912
42 11.9912
43 11.9912
44 11.9912
45 11.9912
46 11.9912
47 11.9912
48 11.9912
49 11.9912
50 11.9912
51 11.9912
52 11.9912
53 11.9912
54 11.9912
55 11.9912
56 11.9912
57 11.9912
58 11.9912
59 11.9912
60 11.9912
61 11.9912
62 11.9912
63 11.9912
64 11.9912
65 11.9912
66 11.9912
67 11.9912
68 11.9912
69 11.9912
70 11.9912
71 11.9912
72 11.9912
73 11.9912
74 11.9912
75 11.9912
76 11.9912
77 11.9912
78 11.9912
79 11.9912
80 11.9912
81 11.9912
82 11.9912
83 11.9912
84 11.9912
85 11.9912
86 11.9912
87 11.9912
88 11.9912
89 11.9912
90 11.9912
91 11.9912
92 11.9912
93 11.9912
94 11.9912
95 11.9912
96 11.9912
97 11.9912
98 11.9912
99 11.9912
100 11.9912
101 11.9912
102 11.9912
103 11.9912
104 11.9912
105 11.9912
106 11.9912
107 11.9912
108 11.9912
109 11.9912
110 11.9912
111 11.9912
112 11.9912
113 11.9912
114 11.9912
115 11.9912
116 11.9912
117 11.9912
118 11.9912
119 11.9912
120 11.9912
121 11.9912
122 11.9912
123 11.9912
124 11.9912
125 11.9912
126 11.9912
127 11.9912
128 11.9912
129 11.9912
130 11.9912
131 11.9912
132 11.9912
133 11.9912
134 11.9912
135 11.9912
136 11.9912
137 11.9912
138 11.9912
139 11.9912
140 11.9912
141 11.9912
142 11.9912
143 11.9912
144 11.9912
145 11.9912
146 11.9912
147 11.9912
148 11.9912
149 11.9912
150 11.9912
151 11.9912
152 11.9912
153 11.9912
154 11.9912
155 11.9912
156 11.9912
157 11.9912
158 11.9912
159 11.9912
160 11.9912
161 11.9912
162 11.9912
163 11.9912
164 11.9912
165 11.9912
166 11.9912
167 11.9912
168 11.9912
169 11.9912
170 11.9912
171 11.9912
172 11.9912
173 11.9912
174 11.9912
175 11.9912
176 11.9912
177 11.9912
178 11.9912
179 11.9912
180 11.9912
181 11.9912
182 11.9912
183 11.9912
184 11.9912
185 11.9912
186 11.9912
187 11.9912
188 11.9912
189 11.9912
190 11.9912
191 11.9912
192 11.9912
193 11.9912
194 11.9912
195 11.9912
196 11.9912
197 11.9912
198 11.9912
199 11.9912
200 11.9912
201 11.9912
202 11.9912
203 11.9912
204 11.9912
205 11.9912
206 11.9912
207 11.9912
208 11.9912
209 11.9912
210 11.9912
211 11.9912
212 11.9912
213 11.9912
214 11.9912
215 11.9912
216 11.9912
217 11.9912
218 11.9912
219 11.9912
220 11.9912
221 11.9912
222 11.9912
223 11.9912
224 11.9912
225 11.9912
226 12
227 11.9876
228 11.8197
229 11.4093
230 10.8561
231 10.2609
232 9.66404
233 9.07167
234 8.48494
235 7.90545
236 7.33599
237 6.77984
238 6.24012
239 5.71934
240 5.21941
241 4.74162
242 4.28688
243 3.85579
244 3.44885
245 3.06644
246 2.70897
247 2.37682
248 2.07037
249 1.78996
250 1.53579
251 1.30797
252 1.3448
253 1.37079
254 1.39953
255 1.41132
256 1.42478
257 1.42907
258 1.43025
259 1.43154
260 1.43292
261 1.43436
262 1.43471
263 1.43478
264 1.43486
265 1.43488
266 1.43488
267 1.43489
268 1.43489
269 1.43489
270 1.43489
271 1.43489
272 1.43488
273 1.43488
274 1.43489
275 1.43489
276 1.43489
277 1.43488
278 1.43488
279 1.43486
280 1.43478
281 1.43471
282 1.43436
283 1.43403
284 1.43267
285 1.43139
286 1.43022
287 1.42604
288 1.41308
289 1.38289
290 1.35487
291 1.32966
292 1.29123
293 1.52815
294 1.79437
295 2.09017
296 2.41561
297 2.77054
298 3.15458
299 3.56706
300 4.00688
301 4.47233
302 4.96085
303 5.46885
304 5.99159
305 6.52334
306 7.05804
307 7.5902
308 8.11619
309 8.63523
310 9.14993
311 9.66605
312 10.1906
313 10.7274
314 11.2524
315 11.6868
316 11.9302
317 11.9956
318 11.9912
319 11.9912
320 11.9912
321 11.9912
322 11.9912
323 11.9912
324 11.9912
325 11.9912
326 11.9912
327 11.9912
328 11.9912
329 11.9912
330 11.9912
331 11.9912
332 11.9912
333 11.9912
334 11.9912
335 11.9912
336 11.9912
337 11.9912
338 11.9912
339 11.9912
340 11.9912
341 11.9912
342 11.9912
343 11.9912
344 11.9912
345 11.9912
346 11.9912
347 11.9912
348 11.9912
349 11.9912
350 11.9912
351 11.9912
352 11.9912
353 11.9912
354 11.9912
355 11.9912
356 11.9912
357 11.9912
358 11.9912
359 11.9912
360 11.9912
361 11.9912
362 11.9912
363 11.9912
364 11.9912
365 11.9912
366 11.9912
367 11.9912
368 11.9912
369 11.9912
370 11.9912
371 11.9912
372 11.9912
373 11.9912
374 11.9912
375 11.9912
376 11.9912
377 11.9912
378 11.9912
379 11.9912
380 11.9912
381 11.9912
382 11.9912
383 11.9912
384 11.9912
385 11.9912
386 11.9912
387 11.9912
388 11.9912
389 11.9912
390 11.9912
391 11.9912
392 11.9912
393 11.9912
394 11.9912
395 11.9912
396 11.9912
397 11.9912
398 11.9912
399 11.9912
400 11.9912
401 11.9912
402 11.9912
403 11.9912
404 11.9912
405 11.9912
406 11.9912
407 11.9912
408 11.9912
409 11.9912
410 11.9912
411 11.9912
412 11.9912
413 11.9912
414 11.9912
415 11.9912
416 11.9912
417 11.9912
418 11.9912
419 11.9912
420 11.9912
421 11.9912
422 11.9912
423 11.9912
424 11.9912
425 11.9912
426 11.9912
427 11.9912
428 11.9912
429 11.9912
430 11.9912
431 11.9912
432 11.9912
433 11.9912
434 11.9912
435 11.9912
436 11.9912
437 11.9912
438 11.9912
439 11.9912
440 11.9912
441 11.9912
442 11.9912
443 11.9912
444 11.9912
445 11.9912
446 11.9912
447 11.9912
448 11.9912
449 11.9912
450 11.9912
451 11.9912
452 11.9912
453 11.9912
454 11.9912
455 11.9912
456 11.9912
457 11.9912
458 11.9912
459 11.9912
460 11.9912
461 11.9912
462 11.9912
463 11.9912
464 11.9912
465 11.9912
466 11.9912
467 11.9912
468 11.9912
469 11.9912
470 11.9912
471 11.9912
472 11.9912
473 11.9912
474 11.9912
475 11.9912
476 11.9912
477 11.9912
478 11.9912
479 11.9912
480 11.9912
481 11.9912
482 11.9912
483 11.9912
484 11.9912
485 11.9912
486 11.9912
487 11.9912
488 11.9912
489 11.9912
490 11.9912
491 11.9912
492 11.9912
493 11.9912
494 11.9912
495 11.9912
496 11.9912
497 11.9912
498 11.9912
499 11.9912
500 11.9912
501 11.9912
502 11.9912
503 11.9912
504 11.9912
505 11.9912
506 11.9912
507 11.9912
508 11.9912
509 11.9912
510 11.9912
511 11.9912
512 11.9912
513 11.9912
514 11.9912
515 11.9912
516 11.9912
517 11.9912
518 11.9912
519 11.9912
520 11.9912
521 11.9912
522 11.9912
523 11.9912
524 11.9912
525 11.9912
526 11.9912
527 11.9912
528 11.9912
529 11.9912
530 11.9912
531 11.9912
532 11.9912
533 11.9912
534 11.9912
535 11.9912
536 11.9912
537 11.9912
538 11.9912
539 11.9912
540 11.9912
541 11.9912
542 11.9912
