1 11.8765
2 11.8765
3 11.8765
4 11.8765
5 11.8765
6 11.8765
7 11.8765
8 11.8765
9 11.8765
10 11.8765
11 11.8765
12 11.8765
13 11.8765
14 11.8765
15 11.8765
16 11.8765
17 11.8765
18 11.8765
19 11.8765
20 11.8765
21 11.8765
22 11.8765
23 11.8765
24 11.8765
25 11.8765
26 11.8765
27 11.8765
28 11.8765
29 11.8765
30 11.8765
31 11.8765
32 11.8765
33 11.8765
34 11.8765
35 11.8765
36 11.8765
37 11.8765
38 11.8765
39 11.8765
40 11.8765
41 11.8765
42 11.8765
43 11.8765
44 11.8765
45 11.8765
46 11.8765
47 11.8765
48 11.8765
49 11.8765
50 11.8765
51 11.8765
52 11.8765
53 11.8765
54 11.8765
55 11.8765
56 11.8765
57 11.8765
58 11.8765
59 11.8765
60 11.8765
61 11.8765
62 11.8765
63 11.8765
64 11.8765
65 11.8765
66 11.8765
67 11.8765
68 11.8765
69 11.8765
70 11.8765
71 11.8765
72 11.8765
73 11.8765
74 11.8765
75 11.8765
76 11.8765
77 11.8765
78 11.8765
79 11.8765
80 11.8765
81 11.8765
82 11.8765
83 11.8765
84 11.8765
85 11.8765
86 11.8765
87 11.8765
88 11.8765
89 11.8765
90 11.8765
91 11.8765
92 11.8765
93 11.8765
94 11.8765
95 11.8765
96 11.8765
97 11.8765
98 11.8765
99 11.8765
100 11.8765
101 11.8765
102 11.8765
103 11.8765
104 11.8765
105 11.8765
106 11.8765
107 11.8765
108 11.8765
109 11.8765
110 11.8765
111 11.8765
112 11.8765
113 11.8765
114 11.8765
115 11.8765
116 11.8765
117 11.8765
118 11.8765
119 11.8765
120 11.8765
121 11.8765
122 11.8765
123 11.8765
124 11.8765
125 11.8765
126 11.8765
127 11.8765
128 11.8765
129 11.8765
130 11.8765
131 11.8765
132 11.8765
133 11.8765
134 11.8765
135 11.8765
136 11.8765
137 11.8765
138 11.8765
139 11.8765
140 11.8765
141 11.8765
142 11.8765
143 11.8765
144 11.8765
145 11.8765
146 11.8765
147 11.8765
148 11.8765
149 11.8765
150 11.8765
151 11.8765
152 11.8765
153 11.8765
154 11.8765
155 11.8765
156 11.8765
157 11.8765
158 11.8765
159 11.8765
160 11.8765
161 11.8765
162 11.8765
163 11.8765
164 11.8765
165 11.8765
166 11.8765
167 11.8765
168 11.8765
169 11.8765
170 11.8765
171 11.8765
172 11.8765
173 11.8765
174 11.8765
175 11.8765
176 11.8765
177 11.8765
178 11.8765
179 11.8765
180 11.8765
181 11.8765
182 11.8765
183 11.8765
184 11.8765
185 11.8765
186 11.8765
187 11.8765
188 11.8765
189 11.8765
190 11.8765
191 11.8765
192 11.8765
193 11.8765
194 11.8765
195 11.8765
196 11.8765
197 11.8765
198 11.8765
199 11.8765
200 11.8765
201 11.8765
202 11.8765
203 11.8765
204 11.8765
205 11.8765
206 11.8765
207 11.8765
208 11.8765
209 11.8765
210 11.8765
211 11.8765
212 11.8765
213 11.8765
214 11.8765
215 11.8765
216 11.8765
217 11.8765
218 11.8765
219 11.8765
220 11.8765
221 11.8765
222 11.8765
223 11.8765
224 11.8765
225 11.8765
226 11.8765
227 11.8765
228 11.8765
229 11.8765
230 11.8765
231 11.8765
232 11.8765
233 11.8765
234 11.8765
235 11.8765
236 11.8765
237 11.8765
238 11.8765
239 11.8765
240 11.8765
241 11.8765
242 11.8765
243 11.8765
244 11.8765
245 11.8765
246 11.8765
247 11.8765
248 11.8765
249 11.9502
250 11.5888
251 11.0232
252 11.065
253 11.3266
254 11.2098
255 11.3266
256 11.1151
257 11.1169
258 11.7534
259 12
260 11.3227
261 10.5292
262 10.4909
263 10.5117
264 10.2556
265 10.226
266 10.2396
267 10.2731
268 10.3601
269 10.6883
270 10.7152
271 10.8328
272 11.2634
273 11.0326
274 10.2659
275 10.1348
276 10.0969
277 10.0787
278 10.0727
279 10.1237
280 10.5826
281 10.6637
282 11.2045
283 11.2655
284 11.8275
285 11.5715
286 10.8915
287 10.8238
288 10.8416
289 11.1223
290 11.1049
291 11.4435
292 11.309
293 11.8287
294 11.9741
295 11.8765
296 11.8765
297 11.8765
298 11.8765
299 11.8765
300 11.8765
301 11.8765
302 11.8765
303 11.8765
304 11.8765
305 11.8765
306 11.8765
307 11.8765
308 11.8765
309 11.8765
310 11.8765
311 11.8765
312 11.8765
313 11.8765
314 11.8765
315 11.8765
316 11.8765
317 11.8765
318 11.8765
319 11.8765
320 11.8765
321 11.8765
322 11.8765
323 11.8765
324 11.8765
325 11.8765
326 11.8765
327 11.8765
328 11.8765
329 11.8765
330 11.8765
331 11.8765
332 11.8765
333 11.8765
334 11.8765
335 11.8765
336 11.8765
337 11.8765
338 11.8765
339 11.8765
340 11.8765
341 11.8765
342 11.8765
343 11.8765
344 11.8765
345 11.8765
346 11.8765
347 11.8765
348 11.8765
349 11.8765
350 11.8765
351 11.8765
352 11.8765
353 11.8765
354 11.8765
355 11.8765
356 11.8765
357 11.8765
358 11.8765
359 11.8765
360 11.8765
361 11.8765
362 11.8765
363 11.8765
364 11.8765
365 11.8765
366 11.8765
367 11.8765
368 11.8765
369 11.8765
370 11.8765
371 11.8765
372 11.8765
373 11.8765
374 11.8765
375 11.8765
376 11.8765
377 11.8765
378 11.8765
379 11.8765
380 11.8765
381 11.8765
382 11.8765
383 11.8765
384 11.8765
385 11.8765
386 11.8765
387 11.8765
388 11.8765
389 11.8765
390 11.8765
391 11.8765
392 11.8765
393 11.8765
394 11.8765
395 11.8765
396 11.8765
397 11.8765
398 11.8765
399 11.8765
400 11.8765
401 11.8765
402 11.8765
403 11.8765
404 11.8765
405 11.8765
406 11.8765
407 11.8765
408 11.8765
409 11.8765
410 11.8765
411 11.8765
412 11.8765
413 11.8765
414 11.8765
415 11.8765
416 11.8765
417 11.8765
418 11.8765
419 11.8765
420 11.8765
421 11.8765
422 11.8765
423 11.8765
424 11.8765
425 11.8765
426 11.8765
427 11.8765
428 11.8765
429 11.8765
430 11.8765
431 11.8765
432 11.8765
433 11.8765
434 11.8765
435 11.8765
436 11.8765
437 11.8765
438 11.8765
439 11.8765
440 11.8765
441 11.8765
442 11.8765
443 11.8765
444 11.8765
445 11.8765
446 11.8765
447 11.8765
448 11.8765
449 11.8765
450 11.8765
451 11.8765
452 11.8765
453 11.8765
454 11.8765
455 11.8765
456 11.8765
457 11.8765
458 11.8765
459 11.8765
460 11.8765
461 11.8765
462 11.8765
463 11.8765
464 11.8765
465 11.8765
466 11.8765
467 11.8765
468 11.8765
469 11.8765
470 11.8765
471 11.8765
472 11.8765
473 11.8765
474 11.8765
475 11.8765
476 11.8765
477 11.8765
478 11.8765
479 11.8765
480 11.8765
481 11.8765
482 11.8765
483 11.8765
484 11.8765
485 11.8765
486 11.8765
487 11.8765
488 11.8765
489 11.8765
490 11.8765
491 11.8765
492 11.8765
493 11.8765
494 11.8765
495 11.8765
496 11.8765
497 11.8765
498 11.8765
499 11.8765
500 11.8765
501 11.8765
502 11.8765
503 11.8765
504 11.8765
505 11.8765
506 11.8765
507 11.8765
508 11.8765
509 11.8765
510 11.8765
511 11.8765
512 11.8765
513 11.8765
514 11.8765
515 11.8765
516 11.8765
517 11.8765
518 11.8765
519 11.8765
520 11.8765
521 11.8765
522 11.8765
523 11.8765
524 11.8765
525 11.8765
526 11.8765
527 11.8765
528 11.8765
529 11.8765
530 11.8765
531 11.8765
532 11.8765
533 11.8765
534 11.8765
535 11.8765
536 11.8765
537 11.8765
538 11.8765
539 11.8765
540 11.8765
541 11.8765
542 11.8765
