1 11.9777
2 11.9777
3 11.9777
4 11.9777
5 11.9777
6 11.9777
7 11.9777
8 11.9777
9 11.9777
10 11.9777
11 11.9777
12 11.9777
13 11.9777
14 11.9777
15 11.9777
16 11.9777
17 11.9777
18 11.9777
19 11.9777
20 11.9777
21 11.9777
22 11.9777
23 11.9777
24 11.9777
25 11.9777
26 11.9777
27 11.9777
28 11.9777
29 11.9777
30 11.9777
31 11.9777
32 11.9777
33 11.9777
34 11.9777
35 11.9777
36 11.9777
37 11.9777
38 11.9777
39 11.9777
40 11.9777
41 11.9777
42 11.9777
43 11.9777
44 11.9777
45 11.9777
46 11.9777
47 11.9777
48 11.9777
49 11.9777
50 11.9777
51 11.9777
52 11.9777
53 11.9777
54 11.9777
55 11.9777
56 11.9777
57 11.9777
58 11.9777
59 11.9777
60 11.9777
61 11.9777
62 11.9777
63 11.9777
64 11.9777
65 11.9777
66 11.9777
67 11.9777
68 11.9777
69 11.9777
70 11.9777
71 11.9777
72 11.9777
73 11.9777
74 11.9777
75 11.9777
76 11.9777
77 11.9777
78 11.9777
79 11.9777
80 11.9777
81 11.9777
82 11.9777
83 11.9777
84 11.9777
85 11.9777
86 11.9777
87 11.9777
88 11.9777
89 11.9777
90 11.9777
91 11.9777
92 11.9777
93 11.9777
94 11.9777
95 11.9777
96 11.9777
97 11.9777
98 11.9777
99 11.9777
100 11.9777
101 11.9777
102 11.9777
103 11.9777
104 11.9777
105 11.9777
106 11.9777
107 11.9777
108 11.9777
109 11.9777
110 11.9777
111 11.9777
112 11.9777
113 11.9777
114 11.9777
115 11.9777
116 11.9777
117 11.9777
118 11.9777
119 11.9777
120 11.9777
121 11.9777
122 11.9777
123 11.9777
124 11.9777
125 11.9777
126 11.9777
127 11.9777
128 11.9777
129 11.9777
130 11.9777
131 11.9777
132 11.9777
133 11.9777
134 11.9777
135 11.9777
136 11.9777
137 11.9777
138 11.9777
139 11.9777
140 11.9777
141 11.9777
142 11.9777
143 11.9777
144 11.9777
145 11.9777
146 11.9777
147 11.9777
148 11.9777
149 11.9777
150 11.9777
151 11.9777
152 11.9777
153 11.9777
154 11.9777
155 11.9777
156 11.9777
157 11.9777
158 11.9777
159 11.9777
160 11.9777
161 11.9777
162 11.9777
163 11.9777
164 11.9777
165 11.9777
166 11.9777
167 11.9777
168 11.9777
169 11.9777
170 11.9777
171 11.9777
172 11.9777
173 11.9777
174 11.9777
175 11.9777
176 11.9777
177 11.9777
178 11.9777
179 11.9777
180 11.9777
181 11.9777
182 11.9777
183 11.9777
184 11.9777
185 11.9777
186 11.9777
187 11.9777
188 11.9777
189 11.9777
190 11.9777
191 11.9777
192 11.9777
193 11.9777
194 11.9777
195 11.9777
196 11.9777
197 11.9777
198 11.9777
199 11.9777
200 11.9777
201 11.9777
202 11.9777
203 11.9777
204 11.9777
205 11.9777
206 11.9777
207 11.9777
208 11.9777
209 11.9777
210 11.9777
211 11.9777
212 11.9777
213 11.9777
214 11.9777
215 11.9777
216 11.9777
217 11.9777
218 11.9777
219 11.9777
220 11.9777
221 11.9777
222 11.9777
223 11.9777
224 11.9777
225 11.9777
226 11.9777
227 11.9777
228 11.9777
229 11.9777
230 11.9777
231 11.9777
232 11.9777
233 11.9777
234 11.9777
235 11.9777
236 11.9777
237 11.9777
238 11.9777
239 11.9777
240 11.9777
241 11.9777
242 11.9777
243 11.9777
244 11.9777
245 11.9777
246 11.9777
247 11.9777
248 11.9777
249 11.9777
250 11.9684
251 11.2011
252 11.2494
253 11.9729
254 11.4783
255 11.9729
256 11.2494
257 11.2011
258 11.9684
259 11.9777
260 11.9684
261 11.2479
262 11.3628
263 12
264 11.2051
265 11.082
266 11.0489
267 11.082
268 11.2051
269 12
270 11.3628
271 11.2479
272 11.9684
273 11.994
274 11.0844
275 11.0165
276 11.003
277 11.0169
278 11.0493
279 11.1547
280 11.9959
281 11.4788
282 11.966
283 11.3022
284 11.9681
285 11.9775
286 11.1634
287 11.1414
288 11.2326
289 11.9877
290 11.4788
291 11.966
292 11.3022
293 11.9681
294 11.9777
295 11.9777
296 11.9777
297 11.9777
298 11.9777
299 11.9777
300 11.9777
301 11.9777
302 11.9777
303 11.9777
304 11.9777
305 11.9777
306 11.9777
307 11.9777
308 11.9777
309 11.9777
310 11.9777
311 11.9777
312 11.9777
313 11.9777
314 11.9777
315 11.9777
316 11.9777
317 11.9777
318 11.9777
319 11.9777
320 11.9777
321 11.9777
322 11.9777
323 11.9777
324 11.9777
325 11.9777
326 11.9777
327 11.9777
328 11.9777
329 11.9777
330 11.9777
331 11.9777
332 11.9777
333 11.9777
334 11.9777
335 11.9777
336 11.9777
337 11.9777
338 11.9777
339 11.9777
340 11.9777
341 11.9777
342 11.9777
343 11.9777
344 11.9777
345 11.9777
346 11.9777
347 11.9777
348 11.9777
349 11.9777
350 11.9777
351 11.9777
352 11.9777
353 11.9777
354 11.9777
355 11.9777
356 11.9777
357 11.9777
358 11.9777
359 11.9777
360 11.9777
361 11.9777
362 11.9777
363 11.9777
364 11.9777
365 11.9777
366 11.9777
367 11.9777
368 11.9777
369 11.9777
370 11.9777
371 11.9777
372 11.9777
373 11.9777
374 11.9777
375 11.9777
376 11.9777
377 11.9777
378 11.9777
379 11.9777
380 11.9777
381 11.9777
382 11.9777
383 11.9777
384 11.9777
385 11.9777
386 11.9777
387 11.9777
388 11.9777
389 11.9777
390 11.9777
391 11.9777
392 11.9777
393 11.9777
394 11.9777
395 11.9777
396 11.9777
397 11.9777
398 11.9777
399 11.9777
400 11.9777
401 11.9777
402 11.9777
403 11.9777
404 11.9777
405 11.9777
406 11.9777
407 11.9777
408 11.9777
409 11.9777
410 11.9777
411 11.9777
412 11.9777
413 11.9777
414 11.9777
415 11.9777
416 11.9777
417 11.9777
418 11.9777
419 11.9777
420 11.9777
421 11.9777
422 11.9777
423 11.9777
424 11.9777
425 11.9777
426 11.9777
427 11.9777
428 11.9777
429 11.9777
430 11.9777
431 11.9777
432 11.9777
433 11.9777
434 11.9777
435 11.9777
436 11.9777
437 11.9777
438 11.9777
439 11.9777
440 11.9777
441 11.9777
442 11.9777
443 11.9777
444 11.9777
445 11.9777
446 11.9777
447 11.9777
448 11.9777
449 11.9777
450 11.9777
451 11.9777
452 11.9777
453 11.9777
454 11.9777
455 11.9777
456 11.9777
457 11.9777
458 11.9777
459 11.9777
460 11.9777
461 11.9777
462 11.9777
463 11.9777
464 11.9777
465 11.9777
466 11.9777
467 11.9777
468 11.9777
469 11.9777
470 11.9777
471 11.9777
472 11.9777
473 11.9777
474 11.9777
475 11.9777
476 11.9777
477 11.9777
478 11.9777
479 11.9777
480 11.9777
481 11.9777
482 11.9777
483 11.9777
484 11.9777
485 11.9777
486 11.9777
487 11.9777
488 11.9777
489 11.9777
490 11.9777
491 11.9777
492 11.9777
493 11.9777
494 11.9777
495 11.9777
496 11.9777
497 11.9777
498 11.9777
499 11.9777
500 11.9777
501 11.9777
502 11.9777
503 11.9777
504 11.9777
505 11.9777
506 11.9777
507 11.9777
508 11.9777
509 11.9777
510 11.9777
511 11.9777
512 11.9777
513 11.9777
514 11.9777
515 11.9777
516 11.9777
517 11.9777
518 11.9777
519 11.9777
520 11.9777
521 11.9777
522 11.9777
523 11.9777
524 11.9777
525 11.9777
526 11.9777
527 11.9777
528 11.9777
529 11.9777
530 11.9777
531 11.9777
532 11.9777
533 11.9777
534 11.9777
535 11.9777
536 11.9777
537 11.9777
538 11.9777
539 11.9777
540 11.9777
541 11.9777
542 11.9777
