1 11.9835
2 11.9835
3 11.9835
4 11.9835
5 11.9835
6 11.9835
7 11.9835
8 11.9835
9 11.9835
10 11.9835
11 11.9835
12 11.9835
13 11.9835
14 11.9835
15 11.9835
16 11.9835
17 11.9835
18 11.9835
19 11.9835
20 11.9835
21 11.9835
22 11.9835
23 11.9835
24 11.9835
25 11.9835
26 11.9835
27 11.9835
28 11.9835
29 11.9835
30 11.9835
31 11.9835
32 11.9835
33 11.9835
34 11.9835
35 11.9835
36 11.9835
37 11.9835
38 11.9835
39 11.9835
40 11.9835
41 11.9835
42 11.9835
43 11.9835
44 11.9835
45 11.9835
46 11.9835
47 11.9835
48 11.9835
49 11.9835
50 11.9835
51 11.9835
52 11.9835
53 11.9835
54 11.9835
55 11.9835
56 11.9835
57 11.9835
58 11.9835
59 11.9835
60 11.9835
61 11.9835
62 11.9835
63 11.9835
64 11.9835
65 11.9835
66 11.9835
67 11.9835
68 11.9835
69 11.9835
70 11.9835
71 11.9835
72 11.9835
73 11.9835
74 11.9835
75 11.9835
76 11.9835
77 11.9835
78 11.9835
79 11.9835
80 11.9835
81 11.9835
82 11.9835
83 11.9835
84 11.9835
85 11.9835
86 11.9835
87 11.9835
88 11.9835
89 11.9835
90 11.9835
91 11.9835
92 11.9835
93 11.9835
94 11.9835
95 11.9835
96 11.9835
97 11.9835
98 11.9835
99 11.9835
100 11.9835
101 11.9835
102 11.9835
103 11.9835
104 11.9835
105 11.9835
106 11.9835
107 11.9835
108 11.9835
109 11.9835
110 11.9835
111 11.9835
112 11.9835
113 11.9835
114 11.9835
115 11.9835
116 11.9835
117 11.9835
118 11.9835
119 11.9835
120 11.9835
121 11.9835
122 11.9835
123 11.9835
124 11.9835
125 11.9835
126 11.9835
127 11.9835
128 11.9835
129 11.9835
130 11.9835
131 11.9835
132 11.9835
133 11.9835
134 11.9835
135 11.9835
136 11.9835
137 11.9835
138 11.9835
139 11.9835
140 11.9835
141 11.9835
142 11.9835
143 11.9835
144 11.9835
145 11.9835
146 11.9835
147 11.9835
148 11.9835
149 11.9835
150 11.9835
151 11.9835
152 11.9835
153 11.9835
154 11.9835
155 11.9835
156 11.9835
157 11.9835
158 11.9835
159 11.9835
160 11.9835
161 11.9835
162 11.9835
163 11.9835
164 11.9835
165 11.9835
166 11.9835
167 11.9835
168 11.9835
169 11.9835
170 11.9835
171 11.9835
172 11.9835
173 11.9835
174 11.9835
175 11.9835
176 11.9835
177 11.9835
178 11.9835
179 11.9835
180 11.9835
181 11.9835
182 11.9835
183 11.9835
184 11.9835
185 11.9835
186 11.9835
187 11.9835
188 11.9835
189 11.9835
190 11.9835
191 11.9835
192 11.9835
193 11.9835
194 11.9835
195 11.9835
196 11.9835
197 11.9835
198 11.9835
199 11.9835
200 11.9835
201 11.9835
202 11.9835
203 11.9835
204 11.9835
205 11.9835
206 11.9835
207 11.9835
208 11.9835
209 11.9835
210 11.9835
211 11.9835
212 11.9835
213 11.9835
214 11.9835
215 11.9835
216 11.9835
217 11.9835
218 11.9835
219 11.9835
220 11.9835
221 11.9835
222 11.9835
223 11.9835
224 11.9835
225 11.9891
226 12
227 11.9111
228 11.5848
229 11.0664
230 10.4743
231 9.87166
232 9.27544
233 8.68716
234 8.10816
235 7.54067
236 6.98749
237 6.45133
238 5.93445
239 5.43852
240 4.96476
241 4.51396
242 4.08672
243 3.68348
244 3.30464
245 2.95059
246 2.6217
247 2.31833
248 2.04081
249 1.78935
250 1.56399
251 1.36459
252 1.40079
253 1.42453
254 1.45072
255 1.46082
256 1.47213
257 1.47555
258 1.47646
259 1.47743
260 1.47845
261 1.4795
262 1.47974
263 1.4798
264 1.47985
265 1.47987
266 1.47987
267 1.47987
268 1.47987
269 1.47987
270 1.47987
271 1.47987
272 1.47987
273 1.47987
274 1.47987
275 1.47987
276 1.47987
277 1.47987
278 1.47987
279 1.47985
280 1.4798
281 1.47974
282 1.4795
283 1.47926
284 1.47825
285 1.47729
286 1.47639
287 1.47302
288 1.46202
289 1.43417
290 1.40844
291 1.37917
292 1.3411
293 1.54676
294 1.78089
295 2.04402
296 2.33644
297 2.65822
298 3.00923
299 3.38914
300 3.79733
301 4.23278
302 4.6939
303 5.17835
304 5.68275
305 6.20266
306 6.73266
307 7.26687
308 7.79991
309 8.32805
310 8.85039
311 9.36948
312 9.89097
313 10.422
314 10.9575
315 11.4545
316 11.8125
317 11.9696
318 11.9905
319 11.9835
320 11.9835
321 11.9835
322 11.9835
323 11.9835
324 11.9835
325 11.9835
326 11.9835
327 11.9835
328 11.9835
329 11.9835
330 11.9835
331 11.9835
332 11.9835
333 11.9835
334 11.9835
335 11.9835
336 11.9835
337 11.9835
338 11.9835
339 11.9835
340 11.9835
341 11.9835
342 11.9835
343 11.9835
344 11.9835
345 11.9835
346 11.9835
347 11.9835
348 11.9835
349 11.9835
350 11.9835
351 11.9835
352 11.9835
353 11.9835
354 11.9835
355 11.9835
356 11.9835
357 11.9835
358 11.9835
359 11.9835
360 11.9835
361 11.9835
362 11.9835
363 11.9835
364 11.9835
365 11.9835
366 11.9835
367 11.9835
368 11.9835
369 11.9835
370 11.9835
371 11.9835
372 11.9835
373 11.9835
374 11.9835
375 11.9835
376 11.9835
377 11.9835
378 11.9835
379 11.9835
380 11.9835
381 11.9835
382 11.9835
383 11.9835
384 11.9835
385 11.9835
386 11.9835
387 11.9835
388 11.9835
389 11.9835
390 11.9835
391 11.9835
392 11.9835
393 11.9835
394 11.9835
395 11.9835
396 11.9835
397 11.9835
398 11.9835
399 11.9835
400 11.9835
401 11.9835
402 11.9835
403 11.9835
404 11.9835
405 11.9835
406 11.9835
407 11.9835
408 11.9835
409 11.9835
410 11.9835
411 11.9835
412 11.9835
413 11.9835
414 11.9835
415 11.9835
416 11.9835
417 11.9835
418 11.9835
419 11.9835
420 11.9835
421 11.9835
422 11.9835
423 11.9835
424 11.9835
425 11.9835
426 11.9835
427 11.9835
428 11.9835
429 11.9835
430 11.9835
431 11.9835
432 11.9835
433 11.9835
434 11.9835
435 11.9835
436 11.9835
437 11.9835
438 11.9835
439 11.9835
440 11.9835
441 11.9835
442 11.9835
443 11.9835
444 11.9835
445 11.9835
446 11.9835
447 11.9835
448 11.9835
449 11.9835
450 11.9835
451 11.9835
452 11.9835
453 11.9835
454 11.9835
455 11.9835
456 11.9835
457 11.9835
458 11.9835
459 11.9835
460 11.9835
461 11.9835
462 11.9835
463 11.9835
464 11.9835
465 11.9835
466 11.9835
467 11.9835
468 11.9835
469 11.9835
470 11.9835
471 11.9835
472 11.9835
473 11.9835
474 11.9835
475 11.9835
476 11.9835
477 11.9835
478 11.9835
479 11.9835
480 11.9835
481 11.9835
482 11.9835
483 11.9835
484 11.9835
485 11.9835
486 11.9835
487 11.9835
488 11.9835
489 11.9835
490 11.9835
491 11.9835
492 11.9835
493 11.9835
494 11.9835
495 11.9835
496 11.9835
497 11.9835
498 11.9835
499 11.9835
500 11.9835
501 11.9835
502 11.9835
503 11.9835
504 11.9835
505 11.9835
506 11.9835
507 11.9835
508 11.9835
509 11.9835
510 11.9835
511 11.9835
512 11.9835
513 11.9835
514 11.9835
515 11.9835
516 11.9835
517 11.9835
518 11.9835
519 11.9835
520 11.9835
521 11.9835
522 11.9835
523 11.9835
524 11.9835
525 11.9835
526 11.9835
527 11.9835
528 11.9835
529 11.9835
530 11.9835
531 11.9835
532 11.9835
533 11.9835
534 11.9835
535 11.9835
536 11.9835
537 11.9835
538 11.9835
539 11.9835
540 11.9835
541 11.9835
542 11.9835
