1 11.9957
2 11.9957
3 11.9957
4 11.9957
5 11.9957
6 11.9957
7 11.9957
8 11.9957
9 11.9957
10 11.9957
11 11.9957
12 11.9957
13 11.9957
14 11.9957
15 11.9957
16 11.9957
17 11.9957
18 11.9957
19 11.9957
20 11.9957
21 11.9957
22 11.9957
23 11.9957
24 11.9957
25 11.9957
26 11.9957
27 11.9957
28 11.9957
29 11.9957
30 11.9957
31 11.9957
32 11.9957
33 11.9957
34 11.9957
35 11.9957
36 11.9957
37 11.9957
38 11.9957
39 11.9957
40 11.9957
41 11.9957
42 11.9957
43 11.9957
44 11.9957
45 11.9957
46 11.9957
47 11.9957
48 11.9957
49 11.9957
50 11.9957
51 11.9957
52 11.9957
53 11.9957
54 11.9957
55 11.9957
56 11.9957
57 11.9957
58 11.9957
59 11.9957
60 11.9957
61 11.9957
62 11.9957
63 11.9957
64 11.9957
65 11.9957
66 11.9957
67 11.9957
68 11.9957
69 11.9957
70 11.9957
71 11.9957
72 11.9957
73 11.9957
74 11.9957
75 11.9957
76 11.9957
77 11.9957
78 11.9957
79 11.9957
80 11.9957
81 11.9957
82 11.9957
83 11.9957
84 11.9957
85 11.9957
86 11.9957
87 11.9957
88 11.9957
89 11.9957
90 11.9957
91 11.9957
92 11.9957
93 11.9957
94 11.9957
95 11.9957
96 11.9957
97 11.9957
98 11.9957
99 11.9957
100 11.9957
101 11.9957
102 11.9957
103 11.9957
104 11.9957
105 11.9957
106 11.9957
107 11.9957
108 11.9957
109 11.9957
110 11.9957
111 11.9957
112 11.9957
113 11.9957
114 11.9957
115 11.9957
116 11.9957
117 11.9957
118 11.9957
119 11.9957
120 11.9957
121 11.9957
122 11.9957
123 11.9957
124 11.9957
125 11.9957
126 11.9957
127 11.9957
128 11.9957
129 11.9957
130 11.9957
131 11.9957
132 11.9957
133 11.9957
134 11.9957
135 11.9957
136 11.9957
137 11.9957
138 11.9957
139 11.9957
140 11.9957
141 11.9957
142 11.9957
143 11.9957
144 11.9957
145 11.9957
146 11.9957
147 11.9957
148 11.9957
149 11.9957
150 11.9957
151 11.9957
152 11.9957
153 11.9957
154 11.9957
155 11.9957
156 11.9957
157 11.9957
158 11.9957
159 11.9957
160 11.9957
161 11.9957
162 11.9957
163 11.9957
164 11.9957
165 11.9957
166 11.9957
167 11.9957
168 11.9957
169 11.9957
170 11.9957
171 11.9957
172 11.9957
173 11.9957
174 11.9957
175 11.9957
176 11.9957
177 11.9957
178 11.9957
179 11.9957
180 11.9957
181 11.9957
182 11.9957
183 11.9957
184 11.9957
185 11.9957
186 11.9957
187 11.9957
188 11.9957
189 11.9957
190 11.9957
191 11.9957
192 11.9957
193 11.9957
194 11.9957
195 11.9957
196 11.9957
197 11.9957
198 11.9957
199 11.9957
200 11.9957
201 11.9957
202 11.9957
203 11.9957
204 11.9957
205 11.9957
206 11.9957
207 11.9957
208 11.9957
209 11.9957
210 11.9957
211 11.9957
212 11.9957
213 11.9957
214 11.9957
215 11.9957
216 11.9957
217 11.9957
218 11.9957
219 11.9957
220 11.9957
221 11.9957
222 11.9957
223 11.9957
224 11.9957
225 12
226 11.9908
227 11.8474
228 11.4591
229 10.8864
230 10.2559
231 9.63102
232 9.02397
233 8.43207
234 7.85395
235 7.29027
236 6.74289
237 6.21385
238 5.70495
239 5.21757
240 4.75267
241 4.31095
242 3.89291
243 3.49897
244 3.12951
245 2.78491
246 2.46554
247 2.17177
248 1.90385
249 1.66196
250 1.44609
251 1.25597
252 1.29189
253 1.3149
254 1.34023
255 1.34981
256 1.36047
257 1.36365
258 1.36448
259 1.36536
260 1.36629
261 1.36723
262 1.36745
263 1.3675
264 1.36755
265 1.36756
266 1.36756
267 1.36756
268 1.36756
269 1.36756
270 1.36756
271 1.36756
272 1.36756
273 1.36756
274 1.36756
275 1.36756
276 1.36756
277 1.36756
278 1.36756
279 1.36755
280 1.3675
281 1.36745
282 1.36723
283 1.36702
284 1.3661
285 1.36522
286 1.3644
287 1.36127
288 1.35087
289 1.32388
290 1.29893
291 1.26868
292 1.23081
293 1.42638
294 1.65006
295 1.90249
296 2.18404
297 2.49485
298 2.83488
299 3.20387
300 3.60133
301 4.02639
302 4.47775
303 4.95337
304 5.45033
305 5.96466
306 6.49137
307 7.02484
308 7.55966
309 8.09181
310 8.62014
311 9.14752
312 9.68128
313 10.232
314 10.7994
315 11.3415
316 11.7516
317 11.9481
318 11.9956
319 11.9957
320 11.9957
321 11.9957
322 11.9957
323 11.9957
324 11.9957
325 11.9957
326 11.9957
327 11.9957
328 11.9957
329 11.9957
330 11.9957
331 11.9957
332 11.9957
333 11.9957
334 11.9957
335 11.9957
336 11.9957
337 11.9957
338 11.9957
339 11.9957
340 11.9957
341 11.9957
342 11.9957
343 11.9957
344 11.9957
345 11.9957
346 11.9957
347 11.9957
348 11.9957
349 11.9957
350 11.9957
351 11.9957
352 11.9957
353 11.9957
354 11.9957
355 11.9957
356 11.9957
357 11.9957
358 11.9957
359 11.9957
360 11.9957
361 11.9957
362 11.9957
363 11.9957
364 11.9957
365 11.9957
366 11.9957
367 11.9957
368 11.9957
369 11.9957
370 11.9957
371 11.9957
372 11.9957
373 11.9957
374 11.9957
375 11.9957
376 11.9957
377 11.9957
378 11.9957
379 11.9957
380 11.9957
381 11.9957
382 11.9957
383 11.9957
384 11.9957
385 11.9957
386 11.9957
387 11.9957
388 11.9957
389 11.9957
390 11.9957
391 11.9957
392 11.9957
393 11.9957
394 11.9957
395 11.9957
396 11.9957
397 11.9957
398 11.9957
399 11.9957
400 11.9957
401 11.9957
402 11.9957
403 11.9957
404 11.9957
405 11.9957
406 11.9957
407 11.9957
408 11.9957
409 11.9957
410 11.9957
411 11.9957
412 11.9957
413 11.9957
414 11.9957
415 11.9957
416 11.9957
417 11.9957
418 11.9957
419 11.9957
420 11.9957
421 11.9957
422 11.9957
423 11.9957
424 11.9957
425 11.9957
426 11.9957
427 11.9957
428 11.9957
429 11.9957
430 11.9957
431 11.9957
432 11.9957
433 11.9957
434 11.9957
435 11.9957
436 11.9957
437 11.9957
438 11.9957
439 11.9957
440 11.9957
441 11.9957
442 11.9957
443 11.9957
444 11.9957
445 11.9957
446 11.9957
447 11.9957
448 11.9957
449 11.9957
450 11.9957
451 11.9957
452 11.9957
453 11.9957
454 11.9957
455 11.9957
456 11.9957
457 11.9957
458 11.9957
459 11.9957
460 11.9957
461 11.9957
462 11.9957
463 11.9957
464 11.9957
465 11.9957
466 11.9957
467 11.9957
468 11.9957
469 11.9957
470 11.9957
471 11.9957
472 11.9957
473 11.9957
474 11.9957
475 11.9957
476 11.9957
477 11.9957
478 11.9957
479 11.9957
480 11.9957
481 11.9957
482 11.9957
483 11.9957
484 11.9957
485 11.9957
486 11.9957
487 11.9957
488 11.9957
489 11.9957
490 11.9957
491 11.9957
492 11.9957
493 11.9957
494 11.9957
495 11.9957
496 11.9957
497 11.9957
498 11.9957
499 11.9957
500 11.9957
501 11.9957
502 11.9957
503 11.9957
504 11.9957
505 11.9957
506 11.9957
507 11.9957
508 11.9957
509 11.9957
510 11.9957
511 11.9957
512 11.9957
513 11.9957
514 11.9957
515 11.9957
516 11.9957
517 11.9957
518 11.9957
519 11.9957
520 11.9957
521 11.9957
522 11.9957
523 11.9957
524 11.9957
525 11.9957
526 11.9957
527 11.9957
528 11.9957
529 11.9957
530 11.9957
531 11.9957
532 11.9957
533 11.9957
534 11.9957
535 11.9957
536 11.9957
537 11.9957
538 11.9957
539 11.9957
540 11.9957
541 11.9957
542 11.9957
