1 11.9244
2 11.9244
3 11.9244
4 11.9244
5 11.9244
6 11.9244
7 11.9244
8 11.9244
9 11.9244
10 11.9244
11 11.9244
12 11.9244
13 11.9244
14 11.9244
15 11.9244
16 11.9244
17 11.9244
18 11.9244
19 11.9244
20 11.9244
21 11.9244
22 11.9244
23 11.9244
24 11.9244
25 11.9244
26 11.9244
27 11.9244
28 11.9244
29 11.9244
30 11.9244
31 11.9244
32 11.9244
33 11.9244
34 11.9244
35 11.9244
36 11.9244
37 11.9244
38 11.9244
39 11.9244
40 11.9244
41 11.9244
42 11.9244
43 11.9244
44 11.9244
45 11.9244
46 11.9244
47 11.9244
48 11.9244
49 11.9244
50 11.9244
51 11.9244
52 11.9244
53 11.9244
54 11.9244
55 11.9244
56 11.9244
57 11.9244
58 11.9244
59 11.9244
60 11.9244
61 11.9244
62 11.9244
63 11.9244
64 11.9244
65 11.9244
66 11.9244
67 11.9244
68 11.9244
69 11.9244
70 11.9244
71 11.9244
72 11.9244
73 11.9244
74 11.9244
75 11.9244
76 11.9244
77 11.9244
78 11.9244
79 11.9244
80 11.9244
81 11.9244
82 11.9244
83 11.9244
84 11.9244
85 11.9244
86 11.9244
87 11.9244
88 11.9244
89 11.9244
90 11.9244
91 11.9244
92 11.9244
93 11.9244
94 11.9244
95 11.9244
96 11.9244
97 11.9244
98 11.9244
99 11.9244
100 11.9244
101 11.9244
102 11.9244
103 11.9244
104 11.9244
105 11.9244
106 11.9244
107 11.9244
108 11.9244
109 11.9244
110 11.9244
111 11.9244
112 11.9244
113 11.9244
114 11.9244
115 11.9244
116 11.9244
117 11.9244
118 11.9244
119 11.9244
120 11.9244
121 11.9244
122 11.9244
123 11.9244
124 11.9244
125 11.9244
126 11.9244
127 11.9244
128 11.9244
129 11.9244
130 11.9244
131 11.9244
132 11.9244
133 11.9244
134 11.9244
135 11.9244
136 11.9244
137 11.9244
138 11.9244
139 11.9244
140 11.9244
141 11.9244
142 11.9244
143 11.9244
144 11.9244
145 11.9244
146 11.9244
147 11.9244
148 11.9244
149 11.9244
150 11.9244
151 11.9244
152 11.9244
153 11.9244
154 11.9244
155 11.9244
156 11.9244
157 11.9244
158 11.9244
159 11.9244
160 11.9244
161 11.9244
162 11.9244
163 11.9244
164 11.9244
165 11.9244
166 11.9244
167 11.9244
168 11.9244
169 11.9244
170 11.9244
171 11.9244
172 11.9244
173 11.9244
174 11.9244
175 11.9244
176 11.9244
177 11.9244
178 11.9244
179 11.9244
180 11.9244
181 11.9244
182 11.9244
183 11.9244
184 11.9244
185 11.9244
186 11.9244
187 11.9244
188 11.9244
189 11.9244
190 11.9244
191 11.9244
192 11.9244
193 11.9244
194 11.9244
195 11.9244
196 11.9244
197 11.9244
198 11.9244
199 11.9244
200 11.9244
201 11.9244
202 11.9244
203 11.9244
204 11.9244
205 11.9244
206 11.9244
207 11.9244
208 11.9244
209 11.9244
210 11.9244
211 11.9244
212 11.9244
213 11.9244
214 11.9244
215 11.9244
216 11.9244
217 11.9244
218 11.9244
219 11.9244
220 11.9244
221 11.9244
222 11.9244
223 11.9244
224 11.9244
225 11.9244
226 11.9244
227 11.9244
228 11.9244
229 11.9244
230 11.9244
231 11.9244
232 11.9244
233 11.9244
234 11.9244
235 11.9244
236 11.9244
237 11.9244
238 11.9244
239 11.9244
240 11.9244
241 11.9244
242 11.9244
243 11.9703
244 12
245 11.7918
246 11.4085
247 10.9204
248 10.3848
249 9.80756
250 9.16554
251 8.45162
252 8.4261
253 8.44752
254 8.25265
255 8.22859
256 7.93736
257 7.89485
258 7.89929
259 7.73625
260 7.16454
261 6.28226
262 6.19545
263 6.19581
264 5.95463
265 5.91965
266 5.92823
267 5.94191
268 5.94695
269 5.93902
270 5.9489
271 5.94757
272 5.94085
273 5.94574
274 5.96591
275 5.97521
276 5.97255
277 5.96535
278 5.97261
279 6.05082
280 6.48766
281 6.56917
282 6.97801
283 7.04158
284 7.37941
285 7.42002
286 7.39952
287 7.38086
288 7.41242
289 7.77859
290 7.81545
291 8.2339
292 8.26383
293 9.01623
294 9.71271
295 10.3523
296 10.9463
297 11.4761
298 11.8466
299 11.9843
300 11.9405
301 11.9244
302 11.9244
303 11.9244
304 11.9244
305 11.9244
306 11.9244
307 11.9244
308 11.9244
309 11.9244
310 11.9244
311 11.9244
312 11.9244
313 11.9244
314 11.9244
315 11.9244
316 11.9244
317 11.9244
318 11.9244
319 11.9244
320 11.9244
321 11.9244
322 11.9244
323 11.9244
324 11.9244
325 11.9244
326 11.9244
327 11.9244
328 11.9244
329 11.9244
330 11.9244
331 11.9244
332 11.9244
333 11.9244
334 11.9244
335 11.9244
336 11.9244
337 11.9244
338 11.9244
339 11.9244
340 11.9244
341 11.9244
342 11.9244
343 11.9244
344 11.9244
345 11.9244
346 11.9244
347 11.9244
348 11.9244
349 11.9244
350 11.9244
351 11.9244
352 11.9244
353 11.9244
354 11.9244
355 11.9244
356 11.9244
357 11.9244
358 11.9244
359 11.9244
360 11.9244
361 11.9244
362 11.9244
363 11.9244
364 11.9244
365 11.9244
366 11.9244
367 11.9244
368 11.9244
369 11.9244
370 11.9244
371 11.9244
372 11.9244
373 11.9244
374 11.9244
375 11.9244
376 11.9244
377 11.9244
378 11.9244
379 11.9244
380 11.9244
381 11.9244
382 11.9244
383 11.9244
384 11.9244
385 11.9244
386 11.9244
387 11.9244
388 11.9244
389 11.9244
390 11.9244
391 11.9244
392 11.9244
393 11.9244
394 11.9244
395 11.9244
396 11.9244
397 11.9244
398 11.9244
399 11.9244
400 11.9244
401 11.9244
402 11.9244
403 11.9244
404 11.9244
405 11.9244
406 11.9244
407 11.9244
408 11.9244
409 11.9244
410 11.9244
411 11.9244
412 11.9244
413 11.9244
414 11.9244
415 11.9244
416 11.9244
417 11.9244
418 11.9244
419 11.9244
420 11.9244
421 11.9244
422 11.9244
423 11.9244
424 11.9244
425 11.9244
426 11.9244
427 11.9244
428 11.9244
429 11.9244
430 11.9244
431 11.9244
432 11.9244
433 11.9244
434 11.9244
435 11.9244
436 11.9244
437 11.9244
438 11.9244
439 11.9244
440 11.9244
441 11.9244
442 11.9244
443 11.9244
444 11.9244
445 11.9244
446 11.9244
447 11.9244
448 11.9244
449 11.9244
450 11.9244
451 11.9244
452 11.9244
453 11.9244
454 11.9244
455 11.9244
456 11.9244
457 11.9244
458 11.9244
459 11.9244
460 11.9244
461 11.9244
462 11.9244
463 11.9244
464 11.9244
465 11.9244
466 11.9244
467 11.9244
468 11.9244
469 11.9244
470 11.9244
471 11.9244
472 11.9244
473 11.9244
474 11.9244
475 11.9244
476 11.9244
477 11.9244
478 11.9244
479 11.9244
480 11.9244
481 11.9244
482 11.9244
483 11.9244
484 11.9244
485 11.9244
486 11.9244
487 11.9244
488 11.9244
489 11.9244
490 11.9244
491 11.9244
492 11.9244
493 11.9244
494 11.9244
495 11.9244
496 11.9244
497 11.9244
498 11.9244
499 11.9244
500 11.9244
501 11.9244
502 11.9244
503 11.9244
504 11.9244
505 11.9244
506 11.9244
507 11.9244
508 11.9244
509 11.9244
510 11.9244
511 11.9244
512 11.9244
513 11.9244
514 11.9244
515 11.9244
516 11.9244
517 11.9244
518 11.9244
519 11.9244
520 11.9244
521 11.9244
522 11.9244
523 11.9244
524 11.9244
525 11.9244
526 11.9244
527 11.9244
528 11.9244
529 11.9244
530 11.9244
531 11.9244
532 11.9244
533 11.9244
534 11.9244
535 11.9244
536 11.9244
537 11.9244
538 11.9244
539 11.9244
540 11.9244
541 11.9244
542 11.9244
