1 11.9839
2 11.9839
3 11.9839
4 11.9839
5 11.9839
6 11.9839
7 11.9839
8 11.9839
9 11.9839
10 11.9839
11 11.9839
12 11.9839
13 11.9839
14 11.9839
15 11.9839
16 11.9839
17 11.9839
18 11.9839
19 11.9839
20 11.9839
21 11.9839
22 11.9839
23 11.9839
24 11.9839
25 11.9839
26 11.9839
27 11.9839
28 11.9839
29 11.9839
30 11.9839
31 11.9839
32 11.9839
33 11.9839
34 11.9839
35 11.9839
36 11.9839
37 11.9839
38 11.9839
39 11.9839
40 11.9839
41 11.9839
42 11.9839
43 11.9839
44 11.9839
45 11.9839
46 11.9839
47 11.9839
48 11.9839
49 11.9839
50 11.9839
51 11.9839
52 11.9839
53 11.9839
54 11.9839
55 11.9839
56 11.9839
57 11.9839
58 11.9839
59 11.9839
60 11.9839
61 11.9839
62 11.9839
63 11.9839
64 11.9839
65 11.9839
66 11.9839
67 11.9839
68 11.9839
69 11.9839
70 11.9839
71 11.9839
72 11.9839
73 11.9839
74 11.9839
75 11.9839
76 11.9839
77 11.9839
78 11.9839
79 11.9839
80 11.9839
81 11.9839
82 11.9839
83 11.9839
84 11.9839
85 11.9839
86 11.9839
87 11.9839
88 11.9839
89 11.9839
90 11.9839
91 11.9839
92 11.9839
93 11.9839
94 11.9839
95 11.9839
96 11.9839
97 11.9839
98 11.9839
99 11.9839
100 11.9839
101 11.9839
102 11.9839
103 11.9839
104 11.9839
105 11.9839
106 11.9839
107 11.9839
108 11.9839
109 11.9839
110 11.9839
111 11.9839
112 11.9839
113 11.9839
114 11.9839
115 11.9839
116 11.9839
117 11.9839
118 11.9839
119 11.9839
120 11.9839
121 11.9839
122 11.9839
123 11.9839
124 11.9839
125 11.9839
126 11.9839
127 11.9839
128 11.9839
129 11.9839
130 11.9839
131 11.9839
132 11.9839
133 11.9839
134 11.9839
135 11.9839
136 11.9839
137 11.9839
138 11.9839
139 11.9839
140 11.9839
141 11.9839
142 11.9839
143 11.9839
144 11.9839
145 11.9839
146 11.9839
147 11.9839
148 11.9839
149 11.9839
150 11.9839
151 11.9839
152 11.9839
153 11.9839
154 11.9839
155 11.9839
156 11.9839
157 11.9839
158 11.9839
159 11.9839
160 11.9839
161 11.9839
162 11.9839
163 11.9839
164 11.9839
165 11.9839
166 11.9839
167 11.9839
168 11.9839
169 11.9839
170 11.9839
171 11.9839
172 11.9839
173 11.9839
174 11.9839
175 11.9839
176 11.9839
177 11.9839
178 11.9839
179 11.9839
180 11.9839
181 11.9839
182 11.9839
183 11.9839
184 11.9839
185 11.9839
186 11.9839
187 11.9839
188 11.9839
189 11.9839
190 11.9839
191 11.9839
192 11.9839
193 11.9839
194 11.9839
195 11.9839
196 11.9839
197 11.9839
198 11.9839
199 11.9839
200 11.9839
201 11.9839
202 11.9839
203 11.9839
204 11.9839
205 11.9839
206 11.9839
207 11.9839
208 11.9839
209 11.9839
210 11.9839
211 11.9839
212 11.9839
213 11.9839
214 11.9839
215 11.9839
216 11.9839
217 11.9839
218 11.9839
219 11.9839
220 11.9839
221 11.9839
222 11.9839
223 11.9839
224 11.9839
225 11.9839
226 11.9839
227 11.9839
228 11.9839
229 11.9839
230 11.9926
231 11.9106
232 11.562
233 11.0645
234 10.5094
235 9.9469
236 9.38334
237 8.8204
238 8.2563
239 7.68835
240 7.11471
241 6.5351
242 5.95135
243 5.3672
244 4.78759
245 4.21771
246 3.66227
247 3.12508
248 2.6089
249 2.11563
250 1.64648
251 1.20225
252 1.23463
253 1.27619
254 1.31083
255 1.33857
256 1.36895
257 1.38622
258 1.39353
259 1.40308
260 1.41508
261 1.42954
262 1.43479
263 1.43641
264 1.4383
265 1.43881
266 1.43894
267 1.43897
268 1.43898
269 1.43898
270 1.43898
271 1.43898
272 1.43898
273 1.43898
274 1.43898
275 1.43898
276 1.43897
277 1.43894
278 1.43882
279 1.43832
280 1.43648
281 1.43492
282 1.42993
283 1.4259
284 1.41499
285 1.40642
286 1.39997
287 1.38506
288 1.35939
289 1.35571
290 1.32458
291 1.39397
292 1.36954
293 1.85129
294 2.35611
295 2.87913
296 3.41403
297 3.95355
298 4.49052
299 5.01927
300 5.53705
301 6.04458
302 6.54564
303 7.04588
304 7.55133
305 8.06718
306 8.5972
307 9.14323
308 9.7049
309 10.2788
310 10.8532
311 11.4137
312 11.8567
313 12
314 11.9839
315 11.9839
316 11.9839
317 11.9839
318 11.9839
319 11.9839
320 11.9839
321 11.9839
322 11.9839
323 11.9839
324 11.9839
325 11.9839
326 11.9839
327 11.9839
328 11.9839
329 11.9839
330 11.9839
331 11.9839
332 11.9839
333 11.9839
334 11.9839
335 11.9839
336 11.9839
337 11.9839
338 11.9839
339 11.9839
340 11.9839
341 11.9839
342 11.9839
343 11.9839
344 11.9839
345 11.9839
346 11.9839
347 11.9839
348 11.9839
349 11.9839
350 11.9839
351 11.9839
352 11.9839
353 11.9839
354 11.9839
355 11.9839
356 11.9839
357 11.9839
358 11.9839
359 11.9839
360 11.9839
361 11.9839
362 11.9839
363 11.9839
364 11.9839
365 11.9839
366 11.9839
367 11.9839
368 11.9839
369 11.9839
370 11.9839
371 11.9839
372 11.9839
373 11.9839
374 11.9839
375 11.9839
376 11.9839
377 11.9839
378 11.9839
379 11.9839
380 11.9839
381 11.9839
382 11.9839
383 11.9839
384 11.9839
385 11.9839
386 11.9839
387 11.9839
388 11.9839
389 11.9839
390 11.9839
391 11.9839
392 11.9839
393 11.9839
394 11.9839
395 11.9839
396 11.9839
397 11.9839
398 11.9839
399 11.9839
400 11.9839
401 11.9839
402 11.9839
403 11.9839
404 11.9839
405 11.9839
406 11.9839
407 11.9839
408 11.9839
409 11.9839
410 11.9839
411 11.9839
412 11.9839
413 11.9839
414 11.9839
415 11.9839
416 11.9839
417 11.9839
418 11.9839
419 11.9839
420 11.9839
421 11.9839
422 11.9839
423 11.9839
424 11.9839
425 11.9839
426 11.9839
427 11.9839
428 11.9839
429 11.9839
430 11.9839
431 11.9839
432 11.9839
433 11.9839
434 11.9839
435 11.9839
436 11.9839
437 11.9839
438 11.9839
439 11.9839
440 11.9839
441 11.9839
442 11.9839
443 11.9839
444 11.9839
445 11.9839
446 11.9839
447 11.9839
448 11.9839
449 11.9839
450 11.9839
451 11.9839
452 11.9839
453 11.9839
454 11.9839
455 11.9839
456 11.9839
457 11.9839
458 11.9839
459 11.9839
460 11.9839
461 11.9839
462 11.9839
463 11.9839
464 11.9839
465 11.9839
466 11.9839
467 11.9839
468 11.9839
469 11.9839
470 11.9839
471 11.9839
472 11.9839
473 11.9839
474 11.9839
475 11.9839
476 11.9839
477 11.9839
478 11.9839
479 11.9839
480 11.9839
481 11.9839
482 11.9839
483 11.9839
484 11.9839
485 11.9839
486 11.9839
487 11.9839
488 11.9839
489 11.9839
490 11.9839
491 11.9839
492 11.9839
493 11.9839
494 11.9839
495 11.9839
496 11.9839
497 11.9839
498 11.9839
499 11.9839
500 11.9839
501 11.9839
502 11.9839
503 11.9839
504 11.9839
505 11.9839
506 11.9839
507 11.9839
508 11.9839
509 11.9839
510 11.9839
511 11.9839
512 11.9839
513 11.9839
514 11.9839
515 11.9839
516 11.9839
517 11.9839
518 11.9839
519 11.9839
520 11.9839
521 11.9839
522 11.9839
523 11.9839
524 11.9839
525 11.9839
526 11.9839
527 11.9839
528 11.9839
529 11.9839
530 11.9839
531 11.9839
532 11.9839
533 11.9839
534 11.9839
535 11.9839
536 11.9839
537 11.9839
538 11.9839
539 11.9839
540 11.9839
541 11.9839
542 11.9839
