1 11.9883
2 11.9883
3 11.9883
4 11.9883
5 11.9883
6 11.9883
7 11.9883
8 11.9883
9 11.9883
10 11.9883
11 11.9883
12 11.9883
13 11.9883
14 11.9883
15 11.9883
16 11.9883
17 11.9883
18 11.9883
19 11.9883
20 11.9883
21 11.9883
22 11.9883
23 11.9883
24 11.9883
25 11.9883
26 11.9883
27 11.9883
28 11.9883
29 11.9883
30 11.9883
31 11.9883
32 11.9883
33 11.9883
34 11.9883
35 11.9883
36 11.9883
37 11.9883
38 11.9883
39 11.9883
40 11.9883
41 11.9883
42 11.9883
43 11.9883
44 11.9883
45 11.9883
46 11.9883
47 11.9883
48 11.9883
49 11.9883
50 11.9883
51 11.9883
52 11.9883
53 11.9883
54 11.9883
55 11.9883
56 11.9883
57 11.9883
58 11.9883
59 11.9883
60 11.9883
61 11.9883
62 11.9883
63 11.9883
64 11.9883
65 11.9883
66 11.9883
67 11.9883
68 11.9883
69 11.9883
70 11.9883
71 11.9883
72 11.9883
73 11.9883
74 11.9883
75 11.9883
76 11.9883
77 11.9883
78 11.9883
79 11.9883
80 11.9883
81 11.9883
82 11.9883
83 11.9883
84 11.9883
85 11.9883
86 11.9883
87 11.9883
88 11.9883
89 11.9883
90 11.9883
91 11.9883
92 11.9883
93 11.9883
94 11.9883
95 11.9883
96 11.9883
97 11.9883
98 11.9883
99 11.9883
100 11.9883
101 11.9883
102 11.9883
103 11.9883
104 11.9883
105 11.9883
106 11.9883
107 11.9883
108 11.9883
109 11.9883
110 11.9883
111 11.9883
112 11.9883
113 11.9883
114 11.9883
115 11.9883
116 11.9883
117 11.9883
118 11.9883
119 11.9883
120 11.9883
121 11.9883
122 11.9883
123 11.9883
124 11.9883
125 11.9883
126 11.9883
127 11.9883
128 11.9883
129 11.9883
130 11.9883
131 11.9883
132 11.9883
133 11.9883
134 11.9883
135 11.9883
136 11.9883
137 11.9883
138 11.9883
139 11.9883
140 11.9883
141 11.9883
142 11.9883
143 11.9883
144 11.9883
145 11.9883
146 11.9883
147 11.9883
148 11.9883
149 11.9883
150 11.9883
151 11.9883
152 11.9883
153 11.9883
154 11.9883
155 11.9883
156 11.9883
157 11.9883
158 11.9883
159 11.9883
160 11.9883
161 11.9883
162 11.9883
163 11.9883
164 11.9883
165 11.9883
166 11.9883
167 11.9883
168 11.9883
169 11.9883
170 11.9883
171 11.9883
172 11.9883
173 11.9883
174 11.9883
175 11.9883
176 11.9883
177 11.9883
178 11.9883
179 11.9883
180 11.9883
181 11.9883
182 11.9883
183 11.9883
184 11.9883
185 11.9883
186 11.9883
187 11.9883
188 11.9883
189 11.9883
190 11.9883
191 11.9883
192 11.9883
193 11.9883
194 11.9883
195 11.9883
196 11.9883
197 11.9883
198 11.9883
199 11.9883
200 11.9883
201 11.9883
202 11.9883
203 11.9883
204 11.9883
205 11.9883
206 11.9883
207 11.9883
208 11.9883
209 11.9883
210 11.9883
211 11.9883
212 11.9883
213 11.9883
214 11.9883
215 11.9883
216 11.9883
217 11.9883
218 11.9883
219 11.9883
220 11.9883
221 11.9883
222 11.9883
223 11.9883
224 11.9883
225 11.9883
226 11.9883
227 11.9978
228 12
229 11.8347
230 11.4304
231 10.9055
232 10.3411
233 9.76714
234 9.18798
235 8.6062
236 8.02474
237 7.44732
238 6.8784
239 6.32225
240 5.78247
241 5.26184
242 4.76236
243 4.28539
244 3.83183
245 3.4023
246 2.99727
247 2.61716
248 2.26236
249 1.9333
250 1.63035
251 1.35383
252 1.39115
253 1.42098
254 1.45368
255 1.46873
256 1.48636
257 1.49255
258 1.4944
259 1.4965
260 1.49882
261 1.50133
262 1.50196
263 1.50211
264 1.50226
265 1.5023
266 1.50231
267 1.50231
268 1.50231
269 1.50231
270 1.50231
271 1.50231
272 1.50231
273 1.50231
274 1.50231
275 1.50231
276 1.50231
277 1.50231
278 1.5023
279 1.50226
280 1.50211
281 1.50196
282 1.50133
283 1.50074
284 1.49846
285 1.49641
286 1.49461
287 1.48868
288 1.47205
289 1.43946
290 1.40806
291 1.39376
292 1.35575
293 1.64731
294 1.96898
295 2.32065
296 2.70198
297 3.11231
298 3.55055
299 4.01503
300 4.50319
301 5.01139
302 5.53478
303 6.06741
304 6.60286
305 7.1352
306 7.66013
307 8.17599
308 8.684
309 9.18807
310 9.69381
311 10.2058
312 10.7266
313 11.2373
314 11.6761
315 11.9401
316 11.9992
317 11.9883
318 11.9883
319 11.9883
320 11.9883
321 11.9883
322 11.9883
323 11.9883
324 11.9883
325 11.9883
326 11.9883
327 11.9883
328 11.9883
329 11.9883
330 11.9883
331 11.9883
332 11.9883
333 11.9883
334 11.9883
335 11.9883
336 11.9883
337 11.9883
338 11.9883
339 11.9883
340 11.9883
341 11.9883
342 11.9883
343 11.9883
344 11.9883
345 11.9883
346 11.9883
347 11.9883
348 11.9883
349 11.9883
350 11.9883
351 11.9883
352 11.9883
353 11.9883
354 11.9883
355 11.9883
356 11.9883
357 11.9883
358 11.9883
359 11.9883
360 11.9883
361 11.9883
362 11.9883
363 11.9883
364 11.9883
365 11.9883
366 11.9883
367 11.9883
368 11.9883
369 11.9883
370 11.9883
371 11.9883
372 11.9883
373 11.9883
374 11.9883
375 11.9883
376 11.9883
377 11.9883
378 11.9883
379 11.9883
380 11.9883
381 11.9883
382 11.9883
383 11.9883
384 11.9883
385 11.9883
386 11.9883
387 11.9883
388 11.9883
389 11.9883
390 11.9883
391 11.9883
392 11.9883
393 11.9883
394 11.9883
395 11.9883
396 11.9883
397 11.9883
398 11.9883
399 11.9883
400 11.9883
401 11.9883
402 11.9883
403 11.9883
404 11.9883
405 11.9883
406 11.9883
407 11.9883
408 11.9883
409 11.9883
410 11.9883
411 11.9883
412 11.9883
413 11.9883
414 11.9883
415 11.9883
416 11.9883
417 11.9883
418 11.9883
419 11.9883
420 11.9883
421 11.9883
422 11.9883
423 11.9883
424 11.9883
425 11.9883
426 11.9883
427 11.9883
428 11.9883
429 11.9883
430 11.9883
431 11.9883
432 11.9883
433 11.9883
434 11.9883
435 11.9883
436 11.9883
437 11.9883
438 11.9883
439 11.9883
440 11.9883
441 11.9883
442 11.9883
443 11.9883
444 11.9883
445 11.9883
446 11.9883
447 11.9883
448 11.9883
449 11.9883
450 11.9883
451 11.9883
452 11.9883
453 11.9883
454 11.9883
455 11.9883
456 11.9883
457 11.9883
458 11.9883
459 11.9883
460 11.9883
461 11.9883
462 11.9883
463 11.9883
464 11.9883
465 11.9883
466 11.9883
467 11.9883
468 11.9883
469 11.9883
470 11.9883
471 11.9883
472 11.9883
473 11.9883
474 11.9883
475 11.9883
476 11.9883
477 11.9883
478 11.9883
479 11.9883
480 11.9883
481 11.9883
482 11.9883
483 11.9883
484 11.9883
485 11.9883
486 11.9883
487 11.9883
488 11.9883
489 11.9883
490 11.9883
491 11.9883
492 11.9883
493 11.9883
494 11.9883
495 11.9883
496 11.9883
497 11.9883
498 11.9883
499 11.9883
500 11.9883
501 11.9883
502 11.9883
503 11.9883
504 11.9883
505 11.9883
506 11.9883
507 11.9883
508 11.9883
509 11.9883
510 11.9883
511 11.9883
512 11.9883
513 11.9883
514 11.9883
515 11.9883
516 11.9883
517 11.9883
518 11.9883
519 11.9883
520 11.9883
521 11.9883
522 11.9883
523 11.9883
524 11.9883
525 11.9883
526 11.9883
527 11.9883
528 11.9883
529 11.9883
530 11.9883
531 11.9883
532 11.9883
533 11.9883
534 11.9883
535 11.9883
536 11.9883
537 11.9883
538 11.9883
539 11.9883
540 11.9883
541 11.9883
542 11.9883
