1 11.9958
2 11.9958
3 11.9958
4 11.9958
5 11.9958
6 11.9958
7 11.9958
8 11.9958
9 11.9958
10 11.9958
11 11.9958
12 11.9958
13 11.9958
14 11.9958
15 11.9958
16 11.9958
17 11.9958
18 11.9958
19 11.9958
20 11.9958
21 11.9958
22 11.9958
23 11.9958
24 11.9958
25 11.9958
26 11.9958
27 11.9958
28 11.9958
29 11.9958
30 11.9958
31 11.9958
32 11.9958
33 11.9958
34 11.9958
35 11.9958
36 11.9958
37 11.9958
38 11.9958
39 11.9958
40 11.9958
41 11.9958
42 11.9958
43 11.9958
44 11.9958
45 11.9958
46 11.9958
47 11.9958
48 11.9958
49 11.9958
50 11.9958
51 11.9958
52 11.9958
53 11.9958
54 11.9958
55 11.9958
56 11.9958
57 11.9958
58 11.9958
59 11.9958
60 11.9958
61 11.9958
62 11.9958
63 11.9958
64 11.9958
65 11.9958
66 11.9958
67 11.9958
68 11.9958
69 11.9958
70 11.9958
71 11.9958
72 11.9958
73 11.9958
74 11.9958
75 11.9958
76 11.9958
77 11.9958
78 11.9958
79 11.9958
80 11.9958
81 11.9958
82 11.9958
83 11.9958
84 11.9958
85 11.9958
86 11.9958
87 11.9958
88 11.9958
89 11.9958
90 11.9958
91 11.9958
92 11.9958
93 11.9958
94 11.9958
95 11.9958
96 11.9958
97 11.9958
98 11.9958
99 11.9958
100 11.9958
101 11.9958
102 11.9958
103 11.9958
104 11.9958
105 11.9958
106 11.9958
107 11.9958
108 11.9958
109 11.9958
110 11.9958
111 11.9958
112 11.9958
113 11.9958
114 11.9958
115 11.9958
116 11.9958
117 11.9958
118 11.9958
119 11.9958
120 11.9958
121 11.9958
122 11.9958
123 11.9958
124 11.9958
125 11.9958
126 11.9958
127 11.9958
128 11.9958
129 11.9958
130 11.9958
131 11.9958
132 11.9958
133 11.9958
134 11.9958
135 11.9958
136 11.9958
137 11.9958
138 11.9958
139 11.9958
140 11.9958
141 11.9958
142 11.9958
143 11.9958
144 11.9958
145 11.9958
146 11.9958
147 11.9958
148 11.9958
149 11.9958
150 11.9958
151 11.9958
152 11.9958
153 11.9958
154 11.9958
155 11.9958
156 11.9958
157 11.9958
158 11.9958
159 11.9958
160 11.9958
161 11.9958
162 11.9958
163 11.9958
164 11.9958
165 11.9958
166 11.9958
167 11.9958
168 11.9958
169 11.9958
170 11.9958
171 11.9958
172 11.9958
173 11.9958
174 11.9958
175 11.9958
176 11.9958
177 11.9958
178 11.9958
179 11.9958
180 11.9958
181 11.9958
182 11.9958
183 11.9958
184 11.9958
185 11.9958
186 11.9958
187 11.9958
188 11.9958
189 11.9958
190 11.9958
191 11.9958
192 11.9958
193 11.9958
194 11.9958
195 11.9958
196 11.9958
197 11.9958
198 11.9958
199 11.9958
200 11.9958
201 11.9958
202 11.9958
203 11.9958
204 11.9958
205 11.9958
206 11.9958
207 11.9958
208 11.9958
209 11.9958
210 11.9958
211 11.9958
212 11.9958
213 11.9958
214 11.9958
215 11.9958
216 11.9958
217 11.9958
218 11.9958
219 11.9958
220 11.9958
221 11.9958
222 11.9958
223 12
224 11.9984
225 11.9143
226 11.6168
227 11.0698
228 10.4003
229 9.72761
230 9.08977
231 8.48546
232 7.90714
233 7.35081
234 6.81522
235 6.30051
236 5.80732
237 5.33629
238 4.88799
239 4.46286
240 4.0613
241 3.68366
242 3.3303
243 3.00157
244 2.69782
245 2.41934
246 2.16634
247 1.93889
248 1.73686
249 1.55988
250 1.40724
251 1.27793
252 1.31129
253 1.32946
254 1.34902
255 1.35558
256 1.36257
257 1.36448
258 1.36494
259 1.36542
260 1.36591
261 1.3664
262 1.36651
263 1.36653
264 1.36656
265 1.36656
266 1.36656
267 1.36656
268 1.36656
269 1.36656
270 1.36656
271 1.36656
272 1.36656
273 1.36656
274 1.36656
275 1.36656
276 1.36656
277 1.36656
278 1.36656
279 1.36656
280 1.36653
281 1.36651
282 1.3664
283 1.36629
284 1.3658
285 1.36532
286 1.36486
287 1.36297
288 1.35605
289 1.33532
290 1.31582
291 1.28275
292 1.24742
293 1.37789
294 1.5331
295 1.71442
296 1.92286
297 2.15916
298 2.4238
299 2.71703
300 3.03889
301 3.38928
302 3.76785
303 4.17403
304 4.60686
305 5.0649
306 5.546
307 6.04717
308 6.56458
309 7.0937
310 7.6301
311 8.17064
312 8.71529
313 9.26905
314 9.84257
315 10.443
316 11.0459
317 11.5589
318 11.8672
319 11.9791
320 11.9995
321 11.9974
322 11.9958
323 11.9958
324 11.9958
325 11.9958
326 11.9958
327 11.9958
328 11.9958
329 11.9958
330 11.9958
331 11.9958
332 11.9958
333 11.9958
334 11.9958
335 11.9958
336 11.9958
337 11.9958
338 11.9958
339 11.9958
340 11.9958
341 11.9958
342 11.9958
343 11.9958
344 11.9958
345 11.9958
346 11.9958
347 11.9958
348 11.9958
349 11.9958
350 11.9958
351 11.9958
352 11.9958
353 11.9958
354 11.9958
355 11.9958
356 11.9958
357 11.9958
358 11.9958
359 11.9958
360 11.9958
361 11.9958
362 11.9958
363 11.9958
364 11.9958
365 11.9958
366 11.9958
367 11.9958
368 11.9958
369 11.9958
370 11.9958
371 11.9958
372 11.9958
373 11.9958
374 11.9958
375 11.9958
376 11.9958
377 11.9958
378 11.9958
379 11.9958
380 11.9958
381 11.9958
382 11.9958
383 11.9958
384 11.9958
385 11.9958
386 11.9958
387 11.9958
388 11.9958
389 11.9958
390 11.9958
391 11.9958
392 11.9958
393 11.9958
394 11.9958
395 11.9958
396 11.9958
397 11.9958
398 11.9958
399 11.9958
400 11.9958
401 11.9958
402 11.9958
403 11.9958
404 11.9958
405 11.9958
406 11.9958
407 11.9958
408 11.9958
409 11.9958
410 11.9958
411 11.9958
412 11.9958
413 11.9958
414 11.9958
415 11.9958
416 11.9958
417 11.9958
418 11.9958
419 11.9958
420 11.9958
421 11.9958
422 11.9958
423 11.9958
424 11.9958
425 11.9958
426 11.9958
427 11.9958
428 11.9958
429 11.9958
430 11.9958
431 11.9958
432 11.9958
433 11.9958
434 11.9958
435 11.9958
436 11.9958
437 11.9958
438 11.9958
439 11.9958
440 11.9958
441 11.9958
442 11.9958
443 11.9958
444 11.9958
445 11.9958
446 11.9958
447 11.9958
448 11.9958
449 11.9958
450 11.9958
451 11.9958
452 11.9958
453 11.9958
454 11.9958
455 11.9958
456 11.9958
457 11.9958
458 11.9958
459 11.9958
460 11.9958
461 11.9958
462 11.9958
463 11.9958
464 11.9958
465 11.9958
466 11.9958
467 11.9958
468 11.9958
469 11.9958
470 11.9958
471 11.9958
472 11.9958
473 11.9958
474 11.9958
475 11.9958
476 11.9958
477 11.9958
478 11.9958
479 11.9958
480 11.9958
481 11.9958
482 11.9958
483 11.9958
484 11.9958
485 11.9958
486 11.9958
487 11.9958
488 11.9958
489 11.9958
490 11.9958
491 11.9958
492 11.9958
493 11.9958
494 11.9958
495 11.9958
496 11.9958
497 11.9958
498 11.9958
499 11.9958
500 11.9958
501 11.9958
502 11.9958
503 11.9958
504 11.9958
505 11.9958
506 11.9958
507 11.9958
508 11.9958
509 11.9958
510 11.9958
511 11.9958
512 11.9958
513 11.9958
514 11.9958
515 11.9958
516 11.9958
517 11.9958
518 11.9958
519 11.9958
520 11.9958
521 11.9958
522 11.9958
523 11.9958
524 11.9958
525 11.9958
526 11.9958
527 11.9958
528 11.9958
529 11.9958
530 11.9958
531 11.9958
532 11.9958
533 11.9958
534 11.9958
535 11.9958
536 11.9958
537 11.9958
538 11.9958
539 11.9958
540 11.9958
541 11.9958
542 11.9958
