1 11.9897
2 11.9897
3 11.9897
4 11.9897
5 11.9897
6 11.9897
7 11.9897
8 11.9897
9 11.9897
10 11.9897
11 11.9897
12 11.9897
13 11.9897
14 11.9897
15 11.9897
16 11.9897
17 11.9897
18 11.9897
19 11.9897
20 11.9897
21 11.9897
22 11.9897
23 11.9897
24 11.9897
25 11.9897
26 11.9897
27 11.9897
28 11.9897
29 11.9897
30 11.9897
31 11.9897
32 11.9897
33 11.9897
34 11.9897
35 11.9897
36 11.9897
37 11.9897
38 11.9897
39 11.9897
40 11.9897
41 11.9897
42 11.9897
43 11.9897
44 11.9897
45 11.9897
46 11.9897
47 11.9897
48 11.9897
49 11.9897
50 11.9897
51 11.9897
52 11.9897
53 11.9897
54 11.9897
55 11.9897
56 11.9897
57 11.9897
58 11.9897
59 11.9897
60 11.9897
61 11.9897
62 11.9897
63 11.9897
64 11.9897
65 11.9897
66 11.9897
67 11.9897
68 11.9897
69 11.9897
70 11.9897
71 11.9897
72 11.9897
73 11.9897
74 11.9897
75 11.9897
76 11.9897
77 11.9897
78 11.9897
79 11.9897
80 11.9897
81 11.9897
82 11.9897
83 11.9897
84 11.9897
85 11.9897
86 11.9897
87 11.9897
88 11.9897
89 11.9897
90 11.9897
91 11.9897
92 11.9897
93 11.9897
94 11.9897
95 11.9897
96 11.9897
97 11.9897
98 11.9897
99 11.9897
100 11.9897
101 11.9897
102 11.9897
103 11.9897
104 11.9897
105 11.9897
106 11.9897
107 11.9897
108 11.9897
109 11.9897
110 11.9897
111 11.9897
112 11.9897
113 11.9897
114 11.9897
115 11.9897
116 11.9897
117 11.9897
118 11.9897
119 11.9897
120 11.9897
121 11.9897
122 11.9897
123 11.9897
124 11.9897
125 11.9897
126 11.9897
127 11.9897
128 11.9897
129 11.9897
130 11.9897
131 11.9897
132 11.9897
133 11.9897
134 11.9897
135 11.9897
136 11.9897
137 11.9897
138 11.9897
139 11.9897
140 11.9897
141 11.9897
142 11.9897
143 11.9897
144 11.9897
145 11.9897
146 11.9897
147 11.9897
148 11.9897
149 11.9897
150 11.9897
151 11.9897
152 11.9897
153 11.9897
154 11.9897
155 11.9897
156 11.9897
157 11.9897
158 11.9897
159 11.9897
160 11.9897
161 11.9897
162 11.9897
163 11.9897
164 11.9897
165 11.9897
166 11.9897
167 11.9897
168 11.9897
169 11.9897
170 11.9897
171 11.9897
172 11.9897
173 11.9897
174 11.9897
175 11.9897
176 11.9897
177 11.9897
178 11.9897
179 11.9897
180 11.9897
181 11.9897
182 11.9897
183 11.9897
184 11.9897
185 11.9897
186 11.9897
187 11.9897
188 11.9897
189 11.9897
190 11.9897
191 11.9897
192 11.9897
193 11.9897
194 11.9897
195 11.9897
196 11.9897
197 11.9897
198 11.9897
199 11.9897
200 11.9897
201 11.9897
202 11.9897
203 11.9897
204 11.9897
205 11.9897
206 11.9897
207 11.9897
208 11.9897
209 11.9897
210 11.9897
211 11.9897
212 11.9897
213 11.9897
214 11.9897
215 11.9897
216 11.9897
217 11.9897
218 11.9897
219 11.9897
220 11.9897
221 11.9897
222 11.9897
223 11.9897
224 11.9897
225 11.9897
226 11.9897
227 11.9897
228 11.9897
229 11.9897
230 11.9897
231 11.9897
232 11.9897
233 11.9897
234 11.9897
235 11.9897
236 11.9897
237 11.9897
238 11.9897
239 11.9897
240 11.9897
241 11.9897
242 11.9897
243 11.9897
244 11.9897
245 11.9897
246 11.9897
247 11.9897
248 11.9897
249 11.9897
250 11.9654
251 11.2069
252 11.2548
253 11.9632
254 11.4873
255 11.9632
256 11.2548
257 11.2069
258 11.9654
259 11.9897
260 11.9654
261 11.295
262 11.4257
263 12
264 11.2663
265 11.1446
266 11.121
267 11.1446
268 11.2663
269 12
270 11.4257
271 11.295
272 11.9654
273 11.9962
274 11.0877
275 11.0269
276 11.0213
277 11.0344
278 11.0721
279 11.1742
280 11.9968
281 11.5289
282 11.9631
283 11.3146
284 11.9725
285 11.968
286 11.1623
287 11.1406
288 11.2312
289 11.972
290 11.488
291 11.9631
292 11.3146
293 11.9725
294 11.9897
295 11.9897
296 11.9897
297 11.9897
298 11.9897
299 11.9897
300 11.9897
301 11.9897
302 11.9897
303 11.9897
304 11.9897
305 11.9897
306 11.9897
307 11.9897
308 11.9897
309 11.9897
310 11.9897
311 11.9897
312 11.9897
313 11.9897
314 11.9897
315 11.9897
316 11.9897
317 11.9897
318 11.9897
319 11.9897
320 11.9897
321 11.9897
322 11.9897
323 11.9897
324 11.9897
325 11.9897
326 11.9897
327 11.9897
328 11.9897
329 11.9897
330 11.9897
331 11.9897
332 11.9897
333 11.9897
334 11.9897
335 11.9897
336 11.9897
337 11.9897
338 11.9897
339 11.9897
340 11.9897
341 11.9897
342 11.9897
343 11.9897
344 11.9897
345 11.9897
346 11.9897
347 11.9897
348 11.9897
349 11.9897
350 11.9897
351 11.9897
352 11.9897
353 11.9897
354 11.9897
355 11.9897
356 11.9897
357 11.9897
358 11.9897
359 11.9897
360 11.9897
361 11.9897
362 11.9897
363 11.9897
364 11.9897
365 11.9897
366 11.9897
367 11.9897
368 11.9897
369 11.9897
370 11.9897
371 11.9897
372 11.9897
373 11.9897
374 11.9897
375 11.9897
376 11.9897
377 11.9897
378 11.9897
379 11.9897
380 11.9897
381 11.9897
382 11.9897
383 11.9897
384 11.9897
385 11.9897
386 11.9897
387 11.9897
388 11.9897
389 11.9897
390 11.9897
391 11.9897
392 11.9897
393 11.9897
394 11.9897
395 11.9897
396 11.9897
397 11.9897
398 11.9897
399 11.9897
400 11.9897
401 11.9897
402 11.9897
403 11.9897
404 11.9897
405 11.9897
406 11.9897
407 11.9897
408 11.9897
409 11.9897
410 11.9897
411 11.9897
412 11.9897
413 11.9897
414 11.9897
415 11.9897
416 11.9897
417 11.9897
418 11.9897
419 11.9897
420 11.9897
421 11.9897
422 11.9897
423 11.9897
424 11.9897
425 11.9897
426 11.9897
427 11.9897
428 11.9897
429 11.9897
430 11.9897
431 11.9897
432 11.9897
433 11.9897
434 11.9897
435 11.9897
436 11.9897
437 11.9897
438 11.9897
439 11.9897
440 11.9897
441 11.9897
442 11.9897
443 11.9897
444 11.9897
445 11.9897
446 11.9897
447 11.9897
448 11.9897
449 11.9897
450 11.9897
451 11.9897
452 11.9897
453 11.9897
454 11.9897
455 11.9897
456 11.9897
457 11.9897
458 11.9897
459 11.9897
460 11.9897
461 11.9897
462 11.9897
463 11.9897
464 11.9897
465 11.9897
466 11.9897
467 11.9897
468 11.9897
469 11.9897
470 11.9897
471 11.9897
472 11.9897
473 11.9897
474 11.9897
475 11.9897
476 11.9897
477 11.9897
478 11.9897
479 11.9897
480 11.9897
481 11.9897
482 11.9897
483 11.9897
484 11.9897
485 11.9897
486 11.9897
487 11.9897
488 11.9897
489 11.9897
490 11.9897
491 11.9897
492 11.9897
493 11.9897
494 11.9897
495 11.9897
496 11.9897
497 11.9897
498 11.9897
499 11.9897
500 11.9897
501 11.9897
502 11.9897
503 11.9897
504 11.9897
505 11.9897
506 11.9897
507 11.9897
508 11.9897
509 11.9897
510 11.9897
511 11.9897
512 11.9897
513 11.9897
514 11.9897
515 11.9897
516 11.9897
517 11.9897
518 11.9897
519 11.9897
520 11.9897
521 11.9897
522 11.9897
523 11.9897
524 11.9897
525 11.9897
526 11.9897
527 11.9897
528 11.9897
529 11.9897
530 11.9897
531 11.9897
532 11.9897
533 11.9897
534 11.9897
535 11.9897
536 11.9897
537 11.9897
538 11.9897
539 11.9897
540 11.9897
541 11.9897
542 11.9897
