1 11.9936
2 11.9936
3 11.9936
4 11.9936
5 11.9936
6 11.9936
7 11.9936
8 11.9936
9 11.9936
10 11.9936
11 11.9936
12 11.9936
13 11.9936
14 11.9936
15 11.9936
16 11.9936
17 11.9936
18 11.9936
19 11.9936
20 11.9936
21 11.9936
22 11.9936
23 11.9936
24 11.9936
25 11.9936
26 11.9936
27 11.9936
28 11.9936
29 11.9936
30 11.9936
31 11.9936
32 11.9936
33 11.9936
34 11.9936
35 11.9936
36 11.9936
37 11.9936
38 11.9936
39 11.9936
40 11.9936
41 11.9936
42 11.9936
43 11.9936
44 11.9936
45 11.9936
46 11.9936
47 11.9936
48 11.9936
49 11.9936
50 11.9936
51 11.9936
52 11.9936
53 11.9936
54 11.9936
55 11.9936
56 11.9936
57 11.9936
58 11.9936
59 11.9936
60 11.9936
61 11.9936
62 11.9936
63 11.9936
64 11.9936
65 11.9936
66 11.9936
67 11.9936
68 11.9936
69 11.9936
70 11.9936
71 11.9936
72 11.9936
73 11.9936
74 11.9936
75 11.9936
76 11.9936
77 11.9936
78 11.9936
79 11.9936
80 11.9936
81 11.9936
82 11.9936
83 11.9936
84 11.9936
85 11.9936
86 11.9936
87 11.9936
88 11.9936
89 11.9936
90 11.9936
91 11.9936
92 11.9936
93 11.9936
94 11.9936
95 11.9936
96 11.9936
97 11.9936
98 11.9936
99 11.9936
100 11.9936
101 11.9936
102 11.9936
103 11.9936
104 11.9936
105 11.9936
106 11.9936
107 11.9936
108 11.9936
109 11.9936
110 11.9936
111 11.9936
112 11.9936
113 11.9936
114 11.9936
115 11.9936
116 11.9936
117 11.9936
118 11.9936
119 11.9936
120 11.9936
121 11.9936
122 11.9936
123 11.9936
124 11.9936
125 11.9936
126 11.9936
127 11.9936
128 11.9936
129 11.9936
130 11.9936
131 11.9936
132 11.9936
133 11.9936
134 11.9936
135 11.9936
136 11.9936
137 11.9936
138 11.9936
139 11.9936
140 11.9936
141 11.9936
142 11.9936
143 11.9936
144 11.9936
145 11.9936
146 11.9936
147 11.9936
148 11.9936
149 11.9936
150 11.9936
151 11.9936
152 11.9936
153 11.9936
154 11.9936
155 11.9936
156 11.9936
157 11.9936
158 11.9936
159 11.9936
160 11.9936
161 11.9936
162 11.9936
163 11.9936
164 11.9936
165 11.9936
166 11.9936
167 11.9936
168 11.9936
169 11.9936
170 11.9936
171 11.9936
172 11.9936
173 11.9936
174 11.9936
175 11.9936
176 11.9936
177 11.9936
178 11.9936
179 11.9936
180 11.9936
181 11.9936
182 11.9936
183 11.9936
184 11.9936
185 11.9936
186 11.9936
187 11.9936
188 11.9936
189 11.9936
190 11.9936
191 11.9936
192 11.9936
193 11.9936
194 11.9936
195 11.9936
196 11.9936
197 11.9936
198 11.9936
199 11.9936
200 11.9936
201 11.9936
202 11.9936
203 11.9936
204 11.9936
205 11.9936
206 11.9936
207 11.9936
208 11.9936
209 11.9936
210 11.9936
211 11.9936
212 11.9936
213 11.9936
214 11.9936
215 11.9936
216 11.9936
217 11.9936
218 11.9936
219 11.9936
220 11.9936
221 11.9936
222 11.9936
223 11.9936
224 11.9936
225 11.9936
226 11.9936
227 11.9936
228 11.9936
229 11.9936
230 11.9936
231 11.9936
232 11.9936
233 11.9936
234 11.9936
235 12
236 11.8436
237 11.3161
238 10.6138
239 9.86645
240 9.09898
241 8.32409
242 7.55314
243 6.79462
244 6.05502
245 5.33866
246 4.64793
247 3.98366
248 3.34534
249 2.73125
250 2.13838
251 1.56241
252 1.59656
253 1.65622
254 1.64841
255 1.68693
256 1.65172
257 1.67432
258 1.69875
259 1.70581
260 1.62655
261 1.35782
262 1.33532
263 1.3484
264 1.33419
265 1.34616
266 1.35668
267 1.36261
268 1.36536
269 1.3664
270 1.36805
271 1.36841
272 1.36781
273 1.36754
274 1.36757
275 1.36672
276 1.36444
277 1.35955
278 1.35057
279 1.33821
280 1.33576
281 1.3194
282 1.31184
283 1.28908
284 1.27086
285 1.2403
286 1.2172
287 1.18234
288 1.14834
289 1.2187
290 1.18197
291 1.33777
292 1.30496
293 1.89022
294 2.50191
295 3.14038
296 3.80563
297 4.4973
298 5.21439
299 5.9549
300 6.7152
301 7.48949
302 8.26944
303 9.04464
304 9.80391
305 10.5356
306 11.2209
307 11.7559
308 11.9716
309 11.9936
310 11.9936
311 11.9936
312 11.9936
313 11.9936
314 11.9936
315 11.9936
316 11.9936
317 11.9936
318 11.9936
319 11.9936
320 11.9936
321 11.9936
322 11.9936
323 11.9936
324 11.9936
325 11.9936
326 11.9936
327 11.9936
328 11.9936
329 11.9936
330 11.9936
331 11.9936
332 11.9936
333 11.9936
334 11.9936
335 11.9936
336 11.9936
337 11.9936
338 11.9936
339 11.9936
340 11.9936
341 11.9936
342 11.9936
343 11.9936
344 11.9936
345 11.9936
346 11.9936
347 11.9936
348 11.9936
349 11.9936
350 11.9936
351 11.9936
352 11.9936
353 11.9936
354 11.9936
355 11.9936
356 11.9936
357 11.9936
358 11.9936
359 11.9936
360 11.9936
361 11.9936
362 11.9936
363 11.9936
364 11.9936
365 11.9936
366 11.9936
367 11.9936
368 11.9936
369 11.9936
370 11.9936
371 11.9936
372 11.9936
373 11.9936
374 11.9936
375 11.9936
376 11.9936
377 11.9936
378 11.9936
379 11.9936
380 11.9936
381 11.9936
382 11.9936
383 11.9936
384 11.9936
385 11.9936
386 11.9936
387 11.9936
388 11.9936
389 11.9936
390 11.9936
391 11.9936
392 11.9936
393 11.9936
394 11.9936
395 11.9936
396 11.9936
397 11.9936
398 11.9936
399 11.9936
400 11.9936
401 11.9936
402 11.9936
403 11.9936
404 11.9936
405 11.9936
406 11.9936
407 11.9936
408 11.9936
409 11.9936
410 11.9936
411 11.9936
412 11.9936
413 11.9936
414 11.9936
415 11.9936
416 11.9936
417 11.9936
418 11.9936
419 11.9936
420 11.9936
421 11.9936
422 11.9936
423 11.9936
424 11.9936
425 11.9936
426 11.9936
427 11.9936
428 11.9936
429 11.9936
430 11.9936
431 11.9936
432 11.9936
433 11.9936
434 11.9936
435 11.9936
436 11.9936
437 11.9936
438 11.9936
439 11.9936
440 11.9936
441 11.9936
442 11.9936
443 11.9936
444 11.9936
445 11.9936
446 11.9936
447 11.9936
448 11.9936
449 11.9936
450 11.9936
451 11.9936
452 11.9936
453 11.9936
454 11.9936
455 11.9936
456 11.9936
457 11.9936
458 11.9936
459 11.9936
460 11.9936
461 11.9936
462 11.9936
463 11.9936
464 11.9936
465 11.9936
466 11.9936
467 11.9936
468 11.9936
469 11.9936
470 11.9936
471 11.9936
472 11.9936
473 11.9936
474 11.9936
475 11.9936
476 11.9936
477 11.9936
478 11.9936
479 11.9936
480 11.9936
481 11.9936
482 11.9936
483 11.9936
484 11.9936
485 11.9936
486 11.9936
487 11.9936
488 11.9936
489 11.9936
490 11.9936
491 11.9936
492 11.9936
493 11.9936
494 11.9936
495 11.9936
496 11.9936
497 11.9936
498 11.9936
499 11.9936
500 11.9936
501 11.9936
502 11.9936
503 11.9936
504 11.9936
505 11.9936
506 11.9936
507 11.9936
508 11.9936
509 11.9936
510 11.9936
511 11.9936
512 11.9936
513 11.9936
514 11.9936
515 11.9936
516 11.9936
517 11.9936
518 11.9936
519 11.9936
520 11.9936
521 11.9936
522 11.9936
523 11.9936
524 11.9936
525 11.9936
526 11.9936
527 11.9936
528 11.9936
529 11.9936
530 11.9936
531 11.9936
532 11.9936
533 11.9936
534 11.9936
535 11.9936
536 11.9936
537 11.9936
538 11.9936
539 11.9936
540 11.9936
541 11.9936
542 11.9936
