1 11.983
2 11.983
3 11.983
4 11.983
5 11.983
6 11.983
7 11.983
8 11.983
9 11.983
10 11.983
11 11.983
12 11.983
13 11.983
14 11.983
15 11.983
16 11.983
17 11.983
18 11.983
19 11.983
20 11.983
21 11.983
22 11.983
23 11.983
24 11.983
25 11.983
26 11.983
27 11.983
28 11.983
29 11.983
30 11.983
31 11.983
32 11.983
33 11.983
34 11.983
35 11.983
36 11.983
37 11.983
38 11.983
39 11.983
40 11.983
41 11.983
42 11.983
43 11.983
44 11.983
45 11.983
46 11.983
47 11.983
48 11.983
49 11.983
50 11.983
51 11.983
52 11.983
53 11.983
54 11.983
55 11.983
56 11.983
57 11.983
58 11.983
59 11.983
60 11.983
61 11.983
62 11.983
63 11.983
64 11.983
65 11.983
66 11.983
67 11.983
68 11.983
69 11.983
70 11.983
71 11.983
72 11.983
73 11.983
74 11.983
75 11.983
76 11.983
77 11.983
78 11.983
79 11.983
80 11.983
81 11.983
82 11.983
83 11.983
84 11.983
85 11.983
86 11.983
87 11.983
88 11.983
89 11.983
90 11.983
91 11.983
92 11.983
93 11.983
94 11.983
95 11.983
96 11.983
97 11.983
98 11.983
99 11.983
100 11.983
101 11.983
102 11.983
103 11.983
104 11.983
105 11.983
106 11.983
107 11.983
108 11.983
109 11.983
110 11.983
111 11.983
112 11.983
113 11.983
114 11.983
115 11.983
116 11.983
117 11.983
118 11.983
119 11.983
120 11.983
121 11.983
122 11.983
123 11.983
124 11.983
125 11.983
126 11.983
127 11.983
128 11.983
129 11.983
130 11.983
131 11.983
132 11.983
133 11.983
134 11.983
135 11.983
136 11.983
137 11.983
138 11.983
139 11.983
140 11.983
141 11.983
142 11.983
143 11.983
144 11.983
145 11.983
146 11.983
147 11.983
148 11.983
149 11.983
150 11.983
151 11.983
152 11.983
153 11.983
154 11.983
155 11.983
156 11.983
157 11.983
158 11.983
159 11.983
160 11.983
161 11.983
162 11.983
163 11.983
164 11.983
165 11.983
166 11.983
167 11.983
168 11.983
169 11.983
170 11.983
171 11.983
172 11.983
173 11.983
174 11.983
175 11.983
176 11.983
177 11.983
178 11.983
179 11.983
180 11.983
181 11.983
182 11.983
183 11.983
184 11.983
185 11.983
186 11.983
187 11.983
188 11.983
189 11.983
190 11.983
191 11.983
192 11.983
193 11.983
194 11.983
195 11.983
196 11.983
197 11.983
198 11.983
199 11.983
200 11.983
201 11.983
202 11.983
203 11.983
204 11.983
205 11.983
206 11.983
207 11.983
208 11.983
209 11.983
210 11.983
211 11.983
212 11.983
213 11.983
214 11.983
215 11.983
216 11.983
217 11.983
218 11.983
219 11.983
220 11.983
221 11.983
222 11.983
223 11.983
224 11.983
225 11.983
226 11.983
227 12
228 11.9827
229 11.7712
230 11.3381
231 10.803
232 10.2346
233 9.65776
234 9.07658
235 8.49405
236 7.91355
237 7.33901
238 6.77479
239 6.22486
240 5.69247
241 5.18006
242 4.68933
243 4.22145
244 3.77716
245 3.35704
246 2.96151
247 2.59098
248 2.24585
249 1.92653
250 1.63338
251 1.36668
252 1.40396
253 1.43302
254 1.46498
255 1.47934
256 1.49608
257 1.50184
258 1.50353
259 1.50544
260 1.50753
261 1.50977
262 1.51033
263 1.51046
264 1.51059
265 1.51062
266 1.51063
267 1.51063
268 1.51063
269 1.51063
270 1.51063
271 1.51063
272 1.51063
273 1.51063
274 1.51063
275 1.51063
276 1.51063
277 1.51063
278 1.51062
279 1.51059
280 1.51046
281 1.51033
282 1.50977
283 1.50925
284 1.50719
285 1.50532
286 1.50368
287 1.49813
288 1.48226
289 1.44994
290 1.41916
291 1.40222
292 1.36401
293 1.64443
294 1.95487
295 2.29527
296 2.6654
297 3.06471
298 3.49232
299 3.9468
300 4.42598
301 4.92669
302 5.44455
303 5.97407
304 6.50897
305 7.04302
306 7.57122
307 8.09083
308 8.60193
309 9.10754
310 9.61262
311 10.1216
312 10.6377
313 11.1461
314 11.597
315 11.8973
316 11.9945
317 11.983
318 11.983
319 11.983
320 11.983
321 11.983
322 11.983
323 11.983
324 11.983
325 11.983
326 11.983
327 11.983
328 11.983
329 11.983
330 11.983
331 11.983
332 11.983
333 11.983
334 11.983
335 11.983
336 11.983
337 11.983
338 11.983
339 11.983
340 11.983
341 11.983
342 11.983
343 11.983
344 11.983
345 11.983
346 11.983
347 11.983
348 11.983
349 11.983
350 11.983
351 11.983
352 11.983
353 11.983
354 11.983
355 11.983
356 11.983
357 11.983
358 11.983
359 11.983
360 11.983
361 11.983
362 11.983
363 11.983
364 11.983
365 11.983
366 11.983
367 11.983
368 11.983
369 11.983
370 11.983
371 11.983
372 11.983
373 11.983
374 11.983
375 11.983
376 11.983
377 11.983
378 11.983
379 11.983
380 11.983
381 11.983
382 11.983
383 11.983
384 11.983
385 11.983
386 11.983
387 11.983
388 11.983
389 11.983
390 11.983
391 11.983
392 11.983
393 11.983
394 11.983
395 11.983
396 11.983
397 11.983
398 11.983
399 11.983
400 11.983
401 11.983
402 11.983
403 11.983
404 11.983
405 11.983
406 11.983
407 11.983
408 11.983
409 11.983
410 11.983
411 11.983
412 11.983
413 11.983
414 11.983
415 11.983
416 11.983
417 11.983
418 11.983
419 11.983
420 11.983
421 11.983
422 11.983
423 11.983
424 11.983
425 11.983
426 11.983
427 11.983
428 11.983
429 11.983
430 11.983
431 11.983
432 11.983
433 11.983
434 11.983
435 11.983
436 11.983
437 11.983
438 11.983
439 11.983
440 11.983
441 11.983
442 11.983
443 11.983
444 11.983
445 11.983
446 11.983
447 11.983
448 11.983
449 11.983
450 11.983
451 11.983
452 11.983
453 11.983
454 11.983
455 11.983
456 11.983
457 11.983
458 11.983
459 11.983
460 11.983
461 11.983
462 11.983
463 11.983
464 11.983
465 11.983
466 11.983
467 11.983
468 11.983
469 11.983
470 11.983
471 11.983
472 11.983
473 11.983
474 11.983
475 11.983
476 11.983
477 11.983
478 11.983
479 11.983
480 11.983
481 11.983
482 11.983
483 11.983
484 11.983
485 11.983
486 11.983
487 11.983
488 11.983
489 11.983
490 11.983
491 11.983
492 11.983
493 11.983
494 11.983
495 11.983
496 11.983
497 11.983
498 11.983
499 11.983
500 11.983
501 11.983
502 11.983
503 11.983
504 11.983
505 11.983
506 11.983
507 11.983
508 11.983
509 11.983
510 11.983
511 11.983
512 11.983
513 11.983
514 11.983
515 11.983
516 11.983
517 11.983
518 11.983
519 11.983
520 11.983
521 11.983
522 11.983
523 11.983
524 11.983
525 11.983
526 11.983
527 11.983
528 11.983
529 11.983
530 11.983
531 11.983
532 11.983
533 11.983
534 11.983
535 11.983
536 11.983
537 11.983
538 11.983
539 11.983
540 11.983
541 11.983
542 11.983
