1 11.8277
2 11.8277
3 11.8277
4 11.8277
5 11.8277
6 11.8277
7 11.8277
8 11.8277
9 11.8277
10 11.8277
11 11.8277
12 11.8277
13 11.8277
14 11.8277
15 11.8277
16 11.8277
17 11.8277
18 11.8277
19 11.8277
20 11.8277
21 11.8277
22 11.8277
23 11.8277
24 11.8277
25 11.8277
26 11.8277
27 11.8277
28 11.8277
29 11.8277
30 11.8277
31 11.8277
32 11.8277
33 11.8277
34 11.8277
35 11.8277
36 11.8277
37 11.8277
38 11.8277
39 11.8277
40 11.8277
41 11.8277
42 11.8277
43 11.8277
44 11.8277
45 11.8277
46 11.8277
47 11.8277
48 11.8277
49 11.8277
50 11.8277
51 11.8277
52 11.8277
53 11.8277
54 11.8277
55 11.8277
56 11.8277
57 11.8277
58 11.8277
59 11.8277
60 11.8277
61 11.8277
62 11.8277
63 11.8277
64 11.8277
65 11.8277
66 11.8277
67 11.8277
68 11.8277
69 11.8277
70 11.8277
71 11.8277
72 11.8277
73 11.8277
74 11.8277
75 11.8277
76 11.8277
77 11.8277
78 11.8277
79 11.8277
80 11.8277
81 11.8277
82 11.8277
83 11.8277
84 11.8277
85 11.8277
86 11.8277
87 11.8277
88 11.8277
89 11.8277
90 11.8277
91 11.8277
92 11.8277
93 11.8277
94 11.8277
95 11.8277
96 11.8277
97 11.8277
98 11.8277
99 11.8277
100 11.8277
101 11.8277
102 11.8277
103 11.8277
104 11.8277
105 11.8277
106 11.8277
107 11.8277
108 11.8277
109 11.8277
110 11.8277
111 11.8277
112 11.8277
113 11.8277
114 11.8277
115 11.8277
116 11.8277
117 11.8277
118 11.8277
119 11.8277
120 11.8277
121 11.8277
122 11.8277
123 11.8277
124 11.8277
125 11.8277
126 11.8277
127 11.8277
128 11.8277
129 11.8277
130 11.8277
131 11.8277
132 11.8277
133 11.8277
134 11.8277
135 11.8277
136 11.8277
137 11.8277
138 11.8277
139 11.8277
140 11.8277
141 11.8277
142 11.8277
143 11.8277
144 11.8277
145 11.8277
146 11.8277
147 11.8277
148 11.8277
149 11.8277
150 11.8277
151 11.8277
152 11.8277
153 11.8277
154 11.8277
155 11.8277
156 11.8277
157 11.8277
158 11.8277
159 11.8277
160 11.8277
161 11.8277
162 11.8277
163 11.8277
164 11.8277
165 11.8277
166 11.8277
167 11.8277
168 11.8277
169 11.8277
170 11.8277
171 11.8277
172 11.8277
173 11.8277
174 11.8277
175 11.8277
176 11.8277
177 11.8277
178 11.8277
179 11.8277
180 11.8277
181 11.8277
182 11.8277
183 11.8277
184 11.8277
185 11.8277
186 11.8277
187 11.8277
188 11.8277
189 11.8277
190 11.8277
191 11.8277
192 11.8277
193 11.8277
194 11.8277
195 11.8277
196 11.8277
197 11.8277
198 11.8277
199 11.8277
200 11.8277
201 11.8277
202 11.8277
203 11.8277
204 11.8277
205 11.8277
206 11.8277
207 11.8277
208 11.8277
209 11.8277
210 11.8277
211 11.8277
212 11.8277
213 11.8277
214 11.8277
215 11.8277
216 11.8277
217 11.8277
218 11.8277
219 11.8277
220 11.8277
221 11.8277
222 11.8277
223 11.8277
224 11.8277
225 11.8277
226 11.8277
227 11.8277
228 11.8277
229 11.8277
230 11.8277
231 11.8277
232 11.8277
233 11.8277
234 11.8277
235 11.8277
236 11.8277
237 11.8277
238 11.8277
239 11.8277
240 11.8277
241 11.8277
242 11.8277
243 11.8277
244 11.8277
245 11.8277
246 11.8277
247 11.8277
248 11.8277
249 11.9263
250 11.601
251 11.0283
252 11.0834
253 11.4102
254 11.2527
255 11.4102
256 11.0955
257 11.0433
258 11.6297
259 12
260 11.4368
261 10.6741
262 10.6398
263 10.6656
264 10.3702
265 10.3289
266 10.3354
267 10.3684
268 10.4618
269 10.8373
270 10.8583
271 10.9794
272 11.4741
273 11.181
274 10.3304
275 10.2012
276 10.1646
277 10.1509
278 10.1538
279 10.2158
280 10.7109
281 10.7916
282 11.3359
283 11.3353
284 11.8479
285 11.5138
286 10.8323
287 10.7982
288 10.8491
289 11.2279
290 11.1949
291 11.5649
292 11.3509
293 11.8537
294 11.9532
295 11.8277
296 11.8277
297 11.8277
298 11.8277
299 11.8277
300 11.8277
301 11.8277
302 11.8277
303 11.8277
304 11.8277
305 11.8277
306 11.8277
307 11.8277
308 11.8277
309 11.8277
310 11.8277
311 11.8277
312 11.8277
313 11.8277
314 11.8277
315 11.8277
316 11.8277
317 11.8277
318 11.8277
319 11.8277
320 11.8277
321 11.8277
322 11.8277
323 11.8277
324 11.8277
325 11.8277
326 11.8277
327 11.8277
328 11.8277
329 11.8277
330 11.8277
331 11.8277
332 11.8277
333 11.8277
334 11.8277
335 11.8277
336 11.8277
337 11.8277
338 11.8277
339 11.8277
340 11.8277
341 11.8277
342 11.8277
343 11.8277
344 11.8277
345 11.8277
346 11.8277
347 11.8277
348 11.8277
349 11.8277
350 11.8277
351 11.8277
352 11.8277
353 11.8277
354 11.8277
355 11.8277
356 11.8277
357 11.8277
358 11.8277
359 11.8277
360 11.8277
361 11.8277
362 11.8277
363 11.8277
364 11.8277
365 11.8277
366 11.8277
367 11.8277
368 11.8277
369 11.8277
370 11.8277
371 11.8277
372 11.8277
373 11.8277
374 11.8277
375 11.8277
376 11.8277
377 11.8277
378 11.8277
379 11.8277
380 11.8277
381 11.8277
382 11.8277
383 11.8277
384 11.8277
385 11.8277
386 11.8277
387 11.8277
388 11.8277
389 11.8277
390 11.8277
391 11.8277
392 11.8277
393 11.8277
394 11.8277
395 11.8277
396 11.8277
397 11.8277
398 11.8277
399 11.8277
400 11.8277
401 11.8277
402 11.8277
403 11.8277
404 11.8277
405 11.8277
406 11.8277
407 11.8277
408 11.8277
409 11.8277
410 11.8277
411 11.8277
412 11.8277
413 11.8277
414 11.8277
415 11.8277
416 11.8277
417 11.8277
418 11.8277
419 11.8277
420 11.8277
421 11.8277
422 11.8277
423 11.8277
424 11.8277
425 11.8277
426 11.8277
427 11.8277
428 11.8277
429 11.8277
430 11.8277
431 11.8277
432 11.8277
433 11.8277
434 11.8277
435 11.8277
436 11.8277
437 11.8277
438 11.8277
439 11.8277
440 11.8277
441 11.8277
442 11.8277
443 11.8277
444 11.8277
445 11.8277
446 11.8277
447 11.8277
448 11.8277
449 11.8277
450 11.8277
451 11.8277
452 11.8277
453 11.8277
454 11.8277
455 11.8277
456 11.8277
457 11.8277
458 11.8277
459 11.8277
460 11.8277
461 11.8277
462 11.8277
463 11.8277
464 11.8277
465 11.8277
466 11.8277
467 11.8277
468 11.8277
469 11.8277
470 11.8277
471 11.8277
472 11.8277
473 11.8277
474 11.8277
475 11.8277
476 11.8277
477 11.8277
478 11.8277
479 11.8277
480 11.8277
481 11.8277
482 11.8277
483 11.8277
484 11.8277
485 11.8277
486 11.8277
487 11.8277
488 11.8277
489 11.8277
490 11.8277
491 11.8277
492 11.8277
493 11.8277
494 11.8277
495 11.8277
496 11.8277
497 11.8277
498 11.8277
499 11.8277
500 11.8277
501 11.8277
502 11.8277
503 11.8277
504 11.8277
505 11.8277
506 11.8277
507 11.8277
508 11.8277
509 11.8277
510 11.8277
511 11.8277
512 11.8277
513 11.8277
514 11.8277
515 11.8277
516 11.8277
517 11.8277
518 11.8277
519 11.8277
520 11.8277
521 11.8277
522 11.8277
523 11.8277
524 11.8277
525 11.8277
526 11.8277
527 11.8277
528 11.8277
529 11.8277
530 11.8277
531 11.8277
532 11.8277
533 11.8277
534 11.8277
535 11.8277
536 11.8277
537 11.8277
538 11.8277
539 11.8277
540 11.8277
541 11.8277
542 11.8277
