1 11.9284
2 11.9284
3 11.9284
4 11.9284
5 11.9284
6 11.9284
7 11.9284
8 11.9284
9 11.9284
10 11.9284
11 11.9284
12 11.9284
13 11.9284
14 11.9284
15 11.9284
16 11.9284
17 11.9284
18 11.9284
19 11.9284
20 11.9284
21 11.9284
22 11.9284
23 11.9284
24 11.9284
25 11.9284
26 11.9284
27 11.9284
28 11.9284
29 11.9284
30 11.9284
31 11.9284
32 11.9284
33 11.9284
34 11.9284
35 11.9284
36 11.9284
37 11.9284
38 11.9284
39 11.9284
40 11.9284
41 11.9284
42 11.9284
43 11.9284
44 11.9284
45 11.9284
46 11.9284
47 11.9284
48 11.9284
49 11.9284
50 11.9284
51 11.9284
52 11.9284
53 11.9284
54 11.9284
55 11.9284
56 11.9284
57 11.9284
58 11.9284
59 11.9284
60 11.9284
61 11.9284
62 11.9284
63 11.9284
64 11.9284
65 11.9284
66 11.9284
67 11.9284
68 11.9284
69 11.9284
70 11.9284
71 11.9284
72 11.9284
73 11.9284
74 11.9284
75 11.9284
76 11.9284
77 11.9284
78 11.9284
79 11.9284
80 11.9284
81 11.9284
82 11.9284
83 11.9284
84 11.9284
85 11.9284
86 11.9284
87 11.9284
88 11.9284
89 11.9284
90 11.9284
91 11.9284
92 11.9284
93 11.9284
94 11.9284
95 11.9284
96 11.9284
97 11.9284
98 11.9284
99 11.9284
100 11.9284
101 11.9284
102 11.9284
103 11.9284
104 11.9284
105 11.9284
106 11.9284
107 11.9284
108 11.9284
109 11.9284
110 11.9284
111 11.9284
112 11.9284
113 11.9284
114 11.9284
115 11.9284
116 11.9284
117 11.9284
118 11.9284
119 11.9284
120 11.9284
121 11.9284
122 11.9284
123 11.9284
124 11.9284
125 11.9284
126 11.9284
127 11.9284
128 11.9284
129 11.9284
130 11.9284
131 11.9284
132 11.9284
133 11.9284
134 11.9284
135 11.9284
136 11.9284
137 11.9284
138 11.9284
139 11.9284
140 11.9284
141 11.9284
142 11.9284
143 11.9284
144 11.9284
145 11.9284
146 11.9284
147 11.9284
148 11.9284
149 11.9284
150 11.9284
151 11.9284
152 11.9284
153 11.9284
154 11.9284
155 11.9284
156 11.9284
157 11.9284
158 11.9284
159 11.9284
160 11.9284
161 11.9284
162 11.9284
163 11.9284
164 11.9284
165 11.9284
166 11.9284
167 11.9284
168 11.9284
169 11.9284
170 11.9284
171 11.9284
172 11.9284
173 11.9284
174 11.9284
175 11.9284
176 11.9284
177 11.9284
178 11.9284
179 11.9284
180 11.9284
181 11.9284
182 11.9284
183 11.9284
184 11.9284
185 11.9284
186 11.9284
187 11.9284
188 11.9284
189 11.9284
190 11.9284
191 11.9284
192 11.9284
193 11.9284
194 11.9284
195 11.9284
196 11.9284
197 11.9284
198 11.9284
199 11.9284
200 11.9284
201 11.9284
202 11.9284
203 11.9284
204 11.9284
205 11.9284
206 11.9284
207 11.9284
208 11.9284
209 11.9284
210 11.9284
211 11.9284
212 11.9284
213 11.9284
214 11.9284
215 11.9284
216 11.9284
217 11.9284
218 11.9284
219 11.9284
220 11.9284
221 11.9284
222 11.9284
223 11.9284
224 11.9284
225 11.9284
226 11.9284
227 11.9284
228 11.9284
229 11.9284
230 11.9284
231 11.9284
232 11.9284
233 11.9284
234 11.9284
235 11.9284
236 11.9284
237 11.9284
238 11.9284
239 11.9284
240 11.9284
241 11.9284
242 11.952
243 12
244 11.8996
245 11.5913
246 11.1207
247 10.5771
248 10.0011
249 9.36597
250 8.66141
251 7.90163
252 7.87403
253 7.90018
254 7.70844
255 7.69119
256 7.40694
257 7.36722
258 7.37072
259 7.20035
260 6.6096
261 5.71107
262 5.62393
263 5.62686
264 5.40307
265 5.37666
266 5.39031
267 5.40715
268 5.41443
269 5.40747
270 5.41952
271 5.41804
272 5.40654
273 5.41043
274 5.4316
275 5.43933
276 5.4345
277 5.42428
278 5.42705
279 5.499
280 5.9265
281 6.0094
282 6.43449
283 6.50621
284 6.86598
285 6.91057
286 6.88699
287 6.86342
288 6.88624
289 7.23049
290 7.25699
291 7.66822
292 7.6963
293 8.47869
294 9.22514
295 9.91795
296 10.5591
297 11.1603
298 11.6674
299 11.9395
300 11.9822
301 11.9403
302 11.9284
303 11.9284
304 11.9284
305 11.9284
306 11.9284
307 11.9284
308 11.9284
309 11.9284
310 11.9284
311 11.9284
312 11.9284
313 11.9284
314 11.9284
315 11.9284
316 11.9284
317 11.9284
318 11.9284
319 11.9284
320 11.9284
321 11.9284
322 11.9284
323 11.9284
324 11.9284
325 11.9284
326 11.9284
327 11.9284
328 11.9284
329 11.9284
330 11.9284
331 11.9284
332 11.9284
333 11.9284
334 11.9284
335 11.9284
336 11.9284
337 11.9284
338 11.9284
339 11.9284
340 11.9284
341 11.9284
342 11.9284
343 11.9284
344 11.9284
345 11.9284
346 11.9284
347 11.9284
348 11.9284
349 11.9284
350 11.9284
351 11.9284
352 11.9284
353 11.9284
354 11.9284
355 11.9284
356 11.9284
357 11.9284
358 11.9284
359 11.9284
360 11.9284
361 11.9284
362 11.9284
363 11.9284
364 11.9284
365 11.9284
366 11.9284
367 11.9284
368 11.9284
369 11.9284
370 11.9284
371 11.9284
372 11.9284
373 11.9284
374 11.9284
375 11.9284
376 11.9284
377 11.9284
378 11.9284
379 11.9284
380 11.9284
381 11.9284
382 11.9284
383 11.9284
384 11.9284
385 11.9284
386 11.9284
387 11.9284
388 11.9284
389 11.9284
390 11.9284
391 11.9284
392 11.9284
393 11.9284
394 11.9284
395 11.9284
396 11.9284
397 11.9284
398 11.9284
399 11.9284
400 11.9284
401 11.9284
402 11.9284
403 11.9284
404 11.9284
405 11.9284
406 11.9284
407 11.9284
408 11.9284
409 11.9284
410 11.9284
411 11.9284
412 11.9284
413 11.9284
414 11.9284
415 11.9284
416 11.9284
417 11.9284
418 11.9284
419 11.9284
420 11.9284
421 11.9284
422 11.9284
423 11.9284
424 11.9284
425 11.9284
426 11.9284
427 11.9284
428 11.9284
429 11.9284
430 11.9284
431 11.9284
432 11.9284
433 11.9284
434 11.9284
435 11.9284
436 11.9284
437 11.9284
438 11.9284
439 11.9284
440 11.9284
441 11.9284
442 11.9284
443 11.9284
444 11.9284
445 11.9284
446 11.9284
447 11.9284
448 11.9284
449 11.9284
450 11.9284
451 11.9284
452 11.9284
453 11.9284
454 11.9284
455 11.9284
456 11.9284
457 11.9284
458 11.9284
459 11.9284
460 11.9284
461 11.9284
462 11.9284
463 11.9284
464 11.9284
465 11.9284
466 11.9284
467 11.9284
468 11.9284
469 11.9284
470 11.9284
471 11.9284
472 11.9284
473 11.9284
474 11.9284
475 11.9284
476 11.9284
477 11.9284
478 11.9284
479 11.9284
480 11.9284
481 11.9284
482 11.9284
483 11.9284
484 11.9284
485 11.9284
486 11.9284
487 11.9284
488 11.9284
489 11.9284
490 11.9284
491 11.9284
492 11.9284
493 11.9284
494 11.9284
495 11.9284
496 11.9284
497 11.9284
498 11.9284
499 11.9284
500 11.9284
501 11.9284
502 11.9284
503 11.9284
504 11.9284
505 11.9284
506 11.9284
507 11.9284
508 11.9284
509 11.9284
510 11.9284
511 11.9284
512 11.9284
513 11.9284
514 11.9284
515 11.9284
516 11.9284
517 11.9284
518 11.9284
519 11.9284
520 11.9284
521 11.9284
522 11.9284
523 11.9284
524 11.9284
525 11.9284
526 11.9284
527 11.9284
528 11.9284
529 11.9284
530 11.9284
531 11.9284
532 11.9284
533 11.9284
534 11.9284
535 11.9284
536 11.9284
537 11.9284
538 11.9284
539 11.9284
540 11.9284
541 11.9284
542 11.9284
