1 11.989
2 11.989
3 11.989
4 11.989
5 11.989
6 11.989
7 11.989
8 11.989
9 11.989
10 11.989
11 11.989
12 11.989
13 11.989
14 11.989
15 11.989
16 11.989
17 11.989
18 11.989
19 11.989
20 11.989
21 11.989
22 11.989
23 11.989
24 11.989
25 11.989
26 11.989
27 11.989
28 11.989
29 11.989
30 11.989
31 11.989
32 11.989
33 11.989
34 11.989
35 11.989
36 11.989
37 11.989
38 11.989
39 11.989
40 11.989
41 11.989
42 11.989
43 11.989
44 11.989
45 11.989
46 11.989
47 11.989
48 11.989
49 11.989
50 11.989
51 11.989
52 11.989
53 11.989
54 11.989
55 11.989
56 11.989
57 11.989
58 11.989
59 11.989
60 11.989
61 11.989
62 11.989
63 11.989
64 11.989
65 11.989
66 11.989
67 11.989
68 11.989
69 11.989
70 11.989
71 11.989
72 11.989
73 11.989
74 11.989
75 11.989
76 11.989
77 11.989
78 11.989
79 11.989
80 11.989
81 11.989
82 11.989
83 11.989
84 11.989
85 11.989
86 11.989
87 11.989
88 11.989
89 11.989
90 11.989
91 11.989
92 11.989
93 11.989
94 11.989
95 11.989
96 11.989
97 11.989
98 11.989
99 11.989
100 11.989
101 11.989
102 11.989
103 11.989
104 11.989
105 11.989
106 11.989
107 11.989
108 11.989
109 11.989
110 11.989
111 11.989
112 11.989
113 11.989
114 11.989
115 11.989
116 11.989
117 11.989
118 11.989
119 11.989
120 11.989
121 11.989
122 11.989
123 11.989
124 11.989
125 11.989
126 11.989
127 11.989
128 11.989
129 11.989
130 11.989
131 11.989
132 11.989
133 11.989
134 11.989
135 11.989
136 11.989
137 11.989
138 11.989
139 11.989
140 11.989
141 11.989
142 11.989
143 11.989
144 11.989
145 11.989
146 11.989
147 11.989
148 11.989
149 11.989
150 11.989
151 11.989
152 11.989
153 11.989
154 11.989
155 11.989
156 11.989
157 11.989
158 11.989
159 11.989
160 11.989
161 11.989
162 11.989
163 11.989
164 11.989
165 11.989
166 11.989
167 11.989
168 11.989
169 11.989
170 11.989
171 11.989
172 11.989
173 11.989
174 11.989
175 11.989
176 11.989
177 11.989
178 11.989
179 11.989
180 11.989
181 11.989
182 11.989
183 11.989
184 11.989
185 11.989
186 11.989
187 11.989
188 11.989
189 11.989
190 11.989
191 11.989
192 11.989
193 11.989
194 11.989
195 11.989
196 11.989
197 11.989
198 11.989
199 11.989
200 11.989
201 11.989
202 11.989
203 11.989
204 11.989
205 11.989
206 11.989
207 11.989
208 11.989
209 11.989
210 11.989
211 11.989
212 11.989
213 11.989
214 11.989
215 11.989
216 11.989
217 11.989
218 11.989
219 11.989
220 11.989
221 11.989
222 11.989
223 11.989
224 11.989
225 11.989
226 12
227 11.9759
228 11.7615
229 11.3077
230 10.7366
231 10.1366
232 9.53882
233 8.94703
234 8.36216
235 7.78601
236 7.22141
237 6.6715
238 6.13908
239 5.6264
240 5.13507
241 4.66623
242 4.22062
243 3.79881
244 3.40123
245 3.02827
246 2.68032
247 2.35777
248 2.06098
249 1.79024
250 1.54574
251 1.32748
252 1.36412
253 1.38935
254 1.41725
255 1.42846
256 1.44117
257 1.44515
258 1.44623
259 1.4474
260 1.44865
261 1.44994
262 1.45025
263 1.45032
264 1.45039
265 1.4504
266 1.45041
267 1.45041
268 1.45041
269 1.45041
270 1.45041
271 1.45041
272 1.45041
273 1.45041
274 1.45041
275 1.45041
276 1.45041
277 1.45041
278 1.4504
279 1.45039
280 1.45032
281 1.45025
282 1.44994
283 1.44965
284 1.44841
285 1.44725
286 1.44618
287 1.44229
288 1.43
289 1.40055
290 1.37327
291 1.34652
292 1.30816
293 1.53452
294 1.78993
295 2.07474
296 2.38911
297 2.73296
298 3.10599
299 3.50767
300 3.93707
301 4.39276
302 4.87254
303 5.37326
304 5.89064
305 6.41937
306 6.95346
307 7.48714
308 8.01604
309 8.5383
310 9.05541
311 9.57231
312 10.0961
313 10.6327
314 11.1657
315 11.6292
316 11.9057
317 11.9944
318 11.9942
319 11.989
320 11.989
321 11.989
322 11.989
323 11.989
324 11.989
325 11.989
326 11.989
327 11.989
328 11.989
329 11.989
330 11.989
331 11.989
332 11.989
333 11.989
334 11.989
335 11.989
336 11.989
337 11.989
338 11.989
339 11.989
340 11.989
341 11.989
342 11.989
343 11.989
344 11.989
345 11.989
346 11.989
347 11.989
348 11.989
349 11.989
350 11.989
351 11.989
352 11.989
353 11.989
354 11.989
355 11.989
356 11.989
357 11.989
358 11.989
359 11.989
360 11.989
361 11.989
362 11.989
363 11.989
364 11.989
365 11.989
366 11.989
367 11.989
368 11.989
369 11.989
370 11.989
371 11.989
372 11.989
373 11.989
374 11.989
375 11.989
376 11.989
377 11.989
378 11.989
379 11.989
380 11.989
381 11.989
382 11.989
383 11.989
384 11.989
385 11.989
386 11.989
387 11.989
388 11.989
389 11.989
390 11.989
391 11.989
392 11.989
393 11.989
394 11.989
395 11.989
396 11.989
397 11.989
398 11.989
399 11.989
400 11.989
401 11.989
402 11.989
403 11.989
404 11.989
405 11.989
406 11.989
407 11.989
408 11.989
409 11.989
410 11.989
411 11.989
412 11.989
413 11.989
414 11.989
415 11.989
416 11.989
417 11.989
418 11.989
419 11.989
420 11.989
421 11.989
422 11.989
423 11.989
424 11.989
425 11.989
426 11.989
427 11.989
428 11.989
429 11.989
430 11.989
431 11.989
432 11.989
433 11.989
434 11.989
435 11.989
436 11.989
437 11.989
438 11.989
439 11.989
440 11.989
441 11.989
442 11.989
443 11.989
444 11.989
445 11.989
446 11.989
447 11.989
448 11.989
449 11.989
450 11.989
451 11.989
452 11.989
453 11.989
454 11.989
455 11.989
456 11.989
457 11.989
458 11.989
459 11.989
460 11.989
461 11.989
462 11.989
463 11.989
464 11.989
465 11.989
466 11.989
467 11.989
468 11.989
469 11.989
470 11.989
471 11.989
472 11.989
473 11.989
474 11.989
475 11.989
476 11.989
477 11.989
478 11.989
479 11.989
480 11.989
481 11.989
482 11.989
483 11.989
484 11.989
485 11.989
486 11.989
487 11.989
488 11.989
489 11.989
490 11.989
491 11.989
492 11.989
493 11.989
494 11.989
495 11.989
496 11.989
497 11.989
498 11.989
499 11.989
500 11.989
501 11.989
502 11.989
503 11.989
504 11.989
505 11.989
506 11.989
507 11.989
508 11.989
509 11.989
510 11.989
511 11.989
512 11.989
513 11.989
514 11.989
515 11.989
516 11.989
517 11.989
518 11.989
519 11.989
520 11.989
521 11.989
522 11.989
523 11.989
524 11.989
525 11.989
526 11.989
527 11.989
528 11.989
529 11.989
530 11.989
531 11.989
532 11.989
533 11.989
534 11.989
535 11.989
536 11.989
537 11.989
538 11.989
539 11.989
540 11.989
541 11.989
542 11.989
