1 1.99974e-08
2 1.99974e-08
3 1.99974e-08
4 1.99974e-08
5 1.99974e-08
6 1.99974e-08
7 1.99974e-08
8 1.99974e-08
9 1.99974e-08
10 1.99974e-08
11 1.99974e-08
12 1.99974e-08
13 1.99974e-08
14 1.99974e-08
15 1.99974e-08
16 1.99974e-08
17 1.99974e-08
18 1.99974e-08
19 1.99974e-08
20 1.99974e-08
21 1.99974e-08
22 1.99974e-08
23 1.99974e-08
24 1.99974e-08
25 1.99974e-08
26 1.99974e-08
27 1.99974e-08
28 1.99974e-08
29 1.99974e-08
30 1.99974e-08
31 1.99974e-08
32 1.99974e-08
33 1.99974e-08
34 1.99974e-08
35 1.99974e-08
36 1.99974e-08
37 1.99974e-08
38 1.99974e-08
39 1.99974e-08
40 1.99974e-08
41 1.99974e-08
42 1.99974e-08
43 1.99974e-08
44 1.99974e-08
45 1.99974e-08
46 1.99974e-08
47 1.99974e-08
48 1.99974e-08
49 1.99974e-08
50 1.99974e-08
51 1.99974e-08
52 1.99974e-08
53 1.99974e-08
54 1.99974e-08
55 1.99974e-08
56 1.99974e-08
57 1.99974e-08
58 1.99974e-08
59 1.99974e-08
60 1.99974e-08
61 1.99974e-08
62 1.99974e-08
63 1.99974e-08
64 1.99974e-08
65 1.99974e-08
66 1.99974e-08
67 1.99974e-08
68 1.99974e-08
69 1.99974e-08
70 1.99974e-08
71 1.99974e-08
72 1.99974e-08
73 1.99974e-08
74 1.99974e-08
75 1.99974e-08
76 1.99974e-08
77 1.99974e-08
78 1.99974e-08
79 1.99974e-08
80 1.99974e-08
81 1.99974e-08
82 1.99974e-08
83 1.99974e-08
84 1.99974e-08
85 1.99974e-08
86 1.99974e-08
87 1.99974e-08
88 1.99974e-08
89 1.99974e-08
90 1.99974e-08
91 1.99974e-08
92 1.99974e-08
93 1.99974e-08
94 1.99974e-08
95 1.99974e-08
96 1.99974e-08
97 1.99974e-08
98 1.99974e-08
99 1.99974e-08
100 1.99974e-08
101 1.99974e-08
102 1.99974e-08
103 1.99974e-08
104 1.99974e-08
105 1.99974e-08
106 1.99974e-08
107 1.99974e-08
108 1.99974e-08
109 1.99974e-08
110 1.99974e-08
111 1.99974e-08
112 1.99974e-08
113 1.99974e-08
114 1.99974e-08
115 1.99974e-08
116 1.99974e-08
117 1.99974e-08
118 1.99974e-08
119 1.99974e-08
120 1.99974e-08
121 1.99974e-08
122 1.99974e-08
123 1.99974e-08
124 1.99974e-08
125 1.99974e-08
126 1.99974e-08
127 1.99974e-08
128 1.99974e-08
129 1.99974e-08
130 1.99974e-08
131 1.99974e-08
132 1.99974e-08
133 1.99974e-08
134 1.99974e-08
135 1.99974e-08
136 1.99974e-08
137 1.99974e-08
138 1.99974e-08
139 1.99974e-08
140 1.99974e-08
141 1.99974e-08
142 1.99974e-08
143 1.99974e-08
144 1.99974e-08
145 1.99974e-08
146 1.99974e-08
147 1.99974e-08
148 1.99974e-08
149 1.99974e-08
150 1.99974e-08
151 1.99974e-08
152 1.99974e-08
153 1.99974e-08
154 1.99974e-08
155 1.99974e-08
156 1.99974e-08
157 1.99974e-08
158 1.99974e-08
159 1.99974e-08
160 1.99974e-08
161 1.99974e-08
162 1.99974e-08
163 1.99974e-08
164 1.99974e-08
165 1.99974e-08
166 1.99974e-08
167 1.99974e-08
168 1.99974e-08
169 1.99974e-08
170 1.99974e-08
171 1.99974e-08
172 1.99974e-08
173 1.99974e-08
174 1.99974e-08
175 1.99974e-08
176 1.99974e-08
177 1.99974e-08
178 1.99974e-08
179 1.99974e-08
180 1.99974e-08
181 1.99974e-08
182 1.99974e-08
183 1.99974e-08
184 1.99974e-08
185 1.99974e-08
186 1.99974e-08
187 1.99974e-08
188 1.99974e-08
189 1.99974e-08
190 1.99974e-08
191 1.99974e-08
192 1.99974e-08
193 1.99974e-08
194 1.99974e-08
195 1.99974e-08
196 1.99974e-08
197 1.99974e-08
198 1.99974e-08
199 1.99974e-08
200 1.99974e-08
201 1.99974e-08
202 1.99974e-08
203 1.99974e-08
204 1.99974e-08
205 1.99974e-08
206 1.99974e-08
207 1.99974e-08
208 1.99974e-08
209 1.99974e-08
210 1.99974e-08
211 1.99974e-08
212 1.99974e-08
213 1.99974e-08
214 1.99974e-08
215 1.99974e-08
216 1.99974e-08
217 1.99974e-08
218 1.99974e-08
219 1.99974e-08
220 1.99974e-08
221 1.99974e-08
222 1.99974e-08
223 1.99974e-08
224 1.99974e-08
225 1.99974e-08
226 2.03096e-08
227 2.32678e-08
228 3.3952e-08
229 6.43643e-08
230 1.4435e-07
231 3.50099e-07
232 8.73132e-07
233 2.18627e-06
234 5.44261e-06
235 1.34043e-05
236 3.25504e-05
237 7.77146e-05
238 0.000181937
239 0.000416607
240 0.000930958
241 0.00202608
242 0.00428689
243 0.00880519
244 0.0175345
245 0.0338178
246 0.0631112
247 0.113885
248 0.1986
249 0.334559
250 0.544315
251 0.855258
252 0.936216
253 0.956466
254 0.983093
255 0.98925
256 0.996751
257 0.998363
258 0.998699
259 0.999069
260 0.999468
261 0.999887
262 0.999967
263 0.999982
264 0.999997
265 0.999999
266 1
267 1
268 1
269 1
270 1
271 1
272 1
273 1
274 1
275 1
276 1
277 1
278 0.999999
279 0.999997
280 0.999982
281 0.999967
282 0.999888
283 0.999811
284 0.999415
285 0.999049
286 0.998719
287 0.997141
288 0.989859
289 0.957477
290 0.932164
291 0.828255
292 0.753442
293 0.470928
294 0.28389
295 0.165104
296 0.0926913
297 0.050279
298 0.0263837
299 0.0134146
300 0.00662164
301 0.00318073
302 0.00149093
303 0.000684067
304 0.00030823
305 0.000136833
306 6.00201e-05
307 2.60707e-05
308 1.12289e-05
309 4.79804e-06
310 2.0343e-06
311 8.56982e-07
312 3.60759e-07
313 1.54589e-07
314 7.0338e-08
315 3.68633e-08
316 2.48829e-08
317 2.08449e-08
318 1.99974e-08
319 1.99974e-08
320 1.99974e-08
321 1.99974e-08
322 1.99974e-08
323 1.99974e-08
324 1.99974e-08
325 1.99974e-08
326 1.99974e-08
327 1.99974e-08
328 1.99974e-08
329 1.99974e-08
330 1.99974e-08
331 1.99974e-08
332 1.99974e-08
333 1.99974e-08
334 1.99974e-08
335 1.99974e-08
336 1.99974e-08
337 1.99974e-08
338 1.99974e-08
339 1.99974e-08
340 1.99974e-08
341 1.99974e-08
342 1.99974e-08
343 1.99974e-08
344 1.99974e-08
345 1.99974e-08
346 1.99974e-08
347 1.99974e-08
348 1.99974e-08
349 1.99974e-08
350 1.99974e-08
351 1.99974e-08
352 1.99974e-08
353 1.99974e-08
354 1.99974e-08
355 1.99974e-08
356 1.99974e-08
357 1.99974e-08
358 1.99974e-08
359 1.99974e-08
360 1.99974e-08
361 1.99974e-08
362 1.99974e-08
363 1.99974e-08
364 1.99974e-08
365 1.99974e-08
366 1.99974e-08
367 1.99974e-08
368 1.99974e-08
369 1.99974e-08
370 1.99974e-08
371 1.99974e-08
372 1.99974e-08
373 1.99974e-08
374 1.99974e-08
375 1.99974e-08
376 1.99974e-08
377 1.99974e-08
378 1.99974e-08
379 1.99974e-08
380 1.99974e-08
381 1.99974e-08
382 1.99974e-08
383 1.99974e-08
384 1.99974e-08
385 1.99974e-08
386 1.99974e-08
387 1.99974e-08
388 1.99974e-08
389 1.99974e-08
390 1.99974e-08
391 1.99974e-08
392 1.99974e-08
393 1.99974e-08
394 1.99974e-08
395 1.99974e-08
396 1.99974e-08
397 1.99974e-08
398 1.99974e-08
399 1.99974e-08
400 1.99974e-08
401 1.99974e-08
402 1.99974e-08
403 1.99974e-08
404 1.99974e-08
405 1.99974e-08
406 1.99974e-08
407 1.99974e-08
408 1.99974e-08
409 1.99974e-08
410 1.99974e-08
411 1.99974e-08
412 1.99974e-08
413 1.99974e-08
414 1.99974e-08
415 1.99974e-08
416 1.99974e-08
417 1.99974e-08
418 1.99974e-08
419 1.99974e-08
420 1.99974e-08
421 1.99974e-08
422 1.99974e-08
423 1.99974e-08
424 1.99974e-08
425 1.99974e-08
426 1.99974e-08
427 1.99974e-08
428 1.99974e-08
429 1.99974e-08
430 1.99974e-08
431 1.99974e-08
432 1.99974e-08
433 1.99974e-08
434 1.99974e-08
435 1.99974e-08
436 1.99974e-08
437 1.99974e-08
438 1.99974e-08
439 1.99974e-08
440 1.99974e-08
441 1.99974e-08
442 1.99974e-08
443 1.99974e-08
444 1.99974e-08
445 1.99974e-08
446 1.99974e-08
447 1.99974e-08
448 1.99974e-08
449 1.99974e-08
450 1.99974e-08
451 1.99974e-08
452 1.99974e-08
453 1.99974e-08
454 1.99974e-08
455 1.99974e-08
456 1.99974e-08
457 1.99974e-08
458 1.99974e-08
459 1.99974e-08
460 1.99974e-08
461 1.99974e-08
462 1.99974e-08
463 1.99974e-08
464 1.99974e-08
465 1.99974e-08
466 1.99974e-08
467 1.99974e-08
468 1.99974e-08
469 1.99974e-08
470 1.99974e-08
471 1.99974e-08
472 1.99974e-08
473 1.99974e-08
474 1.99974e-08
475 1.99974e-08
476 1.99974e-08
477 1.99974e-08
478 1.99974e-08
479 1.99974e-08
480 1.99974e-08
481 1.99974e-08
482 1.99974e-08
483 1.99974e-08
484 1.99974e-08
485 1.99974e-08
486 1.99974e-08
487 1.99974e-08
488 1.99974e-08
489 1.99974e-08
490 1.99974e-08
491 1.99974e-08
492 1.99974e-08
493 1.99974e-08
494 1.99974e-08
495 1.99974e-08
496 1.99974e-08
497 1.99974e-08
498 1.99974e-08
499 1.99974e-08
500 1.99974e-08
501 1.99974e-08
502 1.99974e-08
503 1.99974e-08
504 1.99974e-08
505 1.99974e-08
506 1.99974e-08
507 1.99974e-08
508 1.99974e-08
509 1.99974e-08
510 1.99974e-08
511 1.99974e-08
512 1.99974e-08
513 1.99974e-08
514 1.99974e-08
515 1.99974e-08
516 1.99974e-08
517 1.99974e-08
518 1.99974e-08
519 1.99974e-08
520 1.99974e-08
521 1.99974e-08
522 1.99974e-08
523 1.99974e-08
524 1.99974e-08
525 1.99974e-08
526 1.99974e-08
527 1.99974e-08
528 1.99974e-08
529 1.99974e-08
530 1.99974e-08
531 1.99974e-08
532 1.99974e-08
533 1.99974e-08
534 1.99974e-08
535 1.99974e-08
536 1.99974e-08
537 1.99974e-08
538 1.99974e-08
539 1.99974e-08
540 1.99974e-08
541 1.99974e-08
542 1.99974e-08
