1 4.95272e-08
2 4.95272e-08
3 4.95272e-08
4 4.95272e-08
5 4.95272e-08
6 4.95272e-08
7 4.95272e-08
8 4.95272e-08
9 4.95272e-08
10 4.95272e-08
11 4.95272e-08
12 4.95272e-08
13 4.95272e-08
14 4.95272e-08
15 4.95272e-08
16 4.95272e-08
17 4.95272e-08
18 4.95272e-08
19 4.95272e-08
20 4.95272e-08
21 4.95272e-08
22 4.95272e-08
23 4.95272e-08
24 4.95272e-08
25 4.95272e-08
26 4.95272e-08
27 4.95272e-08
28 4.95272e-08
29 4.95272e-08
30 4.95272e-08
31 4.95272e-08
32 4.95272e-08
33 4.95272e-08
34 4.95272e-08
35 4.95272e-08
36 4.95272e-08
37 4.95272e-08
38 4.95272e-08
39 4.95272e-08
40 4.95272e-08
41 4.95272e-08
42 4.95272e-08
43 4.95272e-08
44 4.95272e-08
45 4.95272e-08
46 4.95272e-08
47 4.95272e-08
48 4.95272e-08
49 4.95272e-08
50 4.95272e-08
51 4.95272e-08
52 4.95272e-08
53 4.95272e-08
54 4.95272e-08
55 4.95272e-08
56 4.95272e-08
57 4.95272e-08
58 4.95272e-08
59 4.95272e-08
60 4.95272e-08
61 4.95272e-08
62 4.95272e-08
63 4.95272e-08
64 4.95272e-08
65 4.95272e-08
66 4.95272e-08
67 4.95272e-08
68 4.95272e-08
69 4.95272e-08
70 4.95272e-08
71 4.95272e-08
72 4.95272e-08
73 4.95272e-08
74 4.95272e-08
75 4.95272e-08
76 4.95272e-08
77 4.95272e-08
78 4.95272e-08
79 4.95272e-08
80 4.95272e-08
81 4.95272e-08
82 4.95272e-08
83 4.95272e-08
84 4.95272e-08
85 4.95272e-08
86 4.95272e-08
87 4.95272e-08
88 4.95272e-08
89 4.95272e-08
90 4.95272e-08
91 4.95272e-08
92 4.95272e-08
93 4.95272e-08
94 4.95272e-08
95 4.95272e-08
96 4.95272e-08
97 4.95272e-08
98 4.95272e-08
99 4.95272e-08
100 4.95272e-08
101 4.95272e-08
102 4.95272e-08
103 4.95272e-08
104 4.95272e-08
105 4.95272e-08
106 4.95272e-08
107 4.95272e-08
108 4.95272e-08
109 4.95272e-08
110 4.95272e-08
111 4.95272e-08
112 4.95272e-08
113 4.95272e-08
114 4.95272e-08
115 4.95272e-08
116 4.95272e-08
117 4.95272e-08
118 4.95272e-08
119 4.95272e-08
120 4.95272e-08
121 4.95272e-08
122 4.95272e-08
123 4.95272e-08
124 4.95272e-08
125 4.95272e-08
126 4.95272e-08
127 4.95272e-08
128 4.95272e-08
129 4.95272e-08
130 4.95272e-08
131 4.95272e-08
132 4.95272e-08
133 4.95272e-08
134 4.95272e-08
135 4.95272e-08
136 4.95272e-08
137 4.95272e-08
138 4.95272e-08
139 4.95272e-08
140 4.95272e-08
141 4.95272e-08
142 4.95272e-08
143 4.95272e-08
144 4.95272e-08
145 4.95272e-08
146 4.95272e-08
147 4.95272e-08
148 4.95272e-08
149 4.95272e-08
150 4.95272e-08
151 4.95272e-08
152 4.95272e-08
153 4.95272e-08
154 4.95272e-08
155 4.95272e-08
156 4.95272e-08
157 4.95272e-08
158 4.95272e-08
159 4.95272e-08
160 4.95272e-08
161 4.95272e-08
162 4.95272e-08
163 4.95272e-08
164 4.95272e-08
165 4.95272e-08
166 4.95272e-08
167 4.95272e-08
168 4.95272e-08
169 4.95272e-08
170 4.95272e-08
171 4.95272e-08
172 4.95272e-08
173 4.95272e-08
174 4.95272e-08
175 4.95272e-08
176 4.95272e-08
177 4.95272e-08
178 4.95272e-08
179 4.95272e-08
180 4.95272e-08
181 4.95272e-08
182 4.95272e-08
183 4.95272e-08
184 4.95272e-08
185 4.95272e-08
186 4.95272e-08
187 4.95272e-08
188 4.95272e-08
189 4.95272e-08
190 4.95272e-08
191 4.95272e-08
192 4.95272e-08
193 4.95272e-08
194 4.95272e-08
195 4.95272e-08
196 4.95272e-08
197 4.95272e-08
198 4.95272e-08
199 4.95272e-08
200 4.95272e-08
201 4.95272e-08
202 4.95272e-08
203 4.95272e-08
204 4.95272e-08
205 4.95272e-08
206 4.95272e-08
207 4.95272e-08
208 4.95272e-08
209 4.95272e-08
210 4.95272e-08
211 4.95272e-08
212 4.95272e-08
213 4.95272e-08
214 4.95272e-08
215 4.95272e-08
216 4.95272e-08
217 4.95272e-08
218 4.95272e-08
219 4.95272e-08
220 4.95272e-08
221 4.95272e-08
222 4.95272e-08
223 5.02132e-08
224 5.38206e-08
225 6.47853e-08
226 9.36973e-08
227 1.6752e-07
228 3.53687e-07
229 8.15995e-07
230 1.94789e-06
231 4.6751e-06
232 1.11253e-05
233 2.60655e-05
234 5.98737e-05
235 0.000134449
236 0.000294483
237 0.000627975
238 0.0013018
239 0.00262001
240 0.0051139
241 0.0096716
242 0.0177098
243 0.0313792
244 0.053775
245 0.0891046
246 0.142738
247 0.221067
248 0.331101
249 0.479807
250 0.67324
251 0.915635
252 0.969208
253 0.980652
254 0.99361
255 0.996217
256 0.999017
257 0.999555
258 0.999657
259 0.999761
260 0.999866
261 0.999973
262 0.999992
263 0.999996
264 0.999999
265 1
266 1
267 1
268 1
269 1
270 1
271 1
272 1
273 1
274 1
275 1
276 1
277 1
278 1
279 0.999999
280 0.999996
281 0.999992
282 0.999973
283 0.999953
284 0.999848
285 0.999744
286 0.999642
287 0.999106
288 0.996325
289 0.982208
290 0.969441
291 0.908134
292 0.856055
293 0.622532
294 0.438153
295 0.298149
296 0.196002
297 0.12443
298 0.0762722
299 0.0451496
300 0.025821
301 0.0142769
302 0.0076396
303 0.00396137
304 0.00199374
305 0.000975886
306 0.000465643
307 0.00021717
308 9.92955e-05
309 4.46499e-05
310 1.98102e-05
311 8.70146e-06
312 3.79856e-06
313 1.6577e-06
314 7.3161e-07
315 3.34523e-07
316 1.65928e-07
317 9.53727e-08
318 6.6262e-08
319 5.48322e-08
320 5.09362e-08
321 4.97279e-08
322 4.95272e-08
323 4.95272e-08
324 4.95272e-08
325 4.95272e-08
326 4.95272e-08
327 4.95272e-08
328 4.95272e-08
329 4.95272e-08
330 4.95272e-08
331 4.95272e-08
332 4.95272e-08
333 4.95272e-08
334 4.95272e-08
335 4.95272e-08
336 4.95272e-08
337 4.95272e-08
338 4.95272e-08
339 4.95272e-08
340 4.95272e-08
341 4.95272e-08
342 4.95272e-08
343 4.95272e-08
344 4.95272e-08
345 4.95272e-08
346 4.95272e-08
347 4.95272e-08
348 4.95272e-08
349 4.95272e-08
350 4.95272e-08
351 4.95272e-08
352 4.95272e-08
353 4.95272e-08
354 4.95272e-08
355 4.95272e-08
356 4.95272e-08
357 4.95272e-08
358 4.95272e-08
359 4.95272e-08
360 4.95272e-08
361 4.95272e-08
362 4.95272e-08
363 4.95272e-08
364 4.95272e-08
365 4.95272e-08
366 4.95272e-08
367 4.95272e-08
368 4.95272e-08
369 4.95272e-08
370 4.95272e-08
371 4.95272e-08
372 4.95272e-08
373 4.95272e-08
374 4.95272e-08
375 4.95272e-08
376 4.95272e-08
377 4.95272e-08
378 4.95272e-08
379 4.95272e-08
380 4.95272e-08
381 4.95272e-08
382 4.95272e-08
383 4.95272e-08
384 4.95272e-08
385 4.95272e-08
386 4.95272e-08
387 4.95272e-08
388 4.95272e-08
389 4.95272e-08
390 4.95272e-08
391 4.95272e-08
392 4.95272e-08
393 4.95272e-08
394 4.95272e-08
395 4.95272e-08
396 4.95272e-08
397 4.95272e-08
398 4.95272e-08
399 4.95272e-08
400 4.95272e-08
401 4.95272e-08
402 4.95272e-08
403 4.95272e-08
404 4.95272e-08
405 4.95272e-08
406 4.95272e-08
407 4.95272e-08
408 4.95272e-08
409 4.95272e-08
410 4.95272e-08
411 4.95272e-08
412 4.95272e-08
413 4.95272e-08
414 4.95272e-08
415 4.95272e-08
416 4.95272e-08
417 4.95272e-08
418 4.95272e-08
419 4.95272e-08
420 4.95272e-08
421 4.95272e-08
422 4.95272e-08
423 4.95272e-08
424 4.95272e-08
425 4.95272e-08
426 4.95272e-08
427 4.95272e-08
428 4.95272e-08
429 4.95272e-08
430 4.95272e-08
431 4.95272e-08
432 4.95272e-08
433 4.95272e-08
434 4.95272e-08
435 4.95272e-08
436 4.95272e-08
437 4.95272e-08
438 4.95272e-08
439 4.95272e-08
440 4.95272e-08
441 4.95272e-08
442 4.95272e-08
443 4.95272e-08
444 4.95272e-08
445 4.95272e-08
446 4.95272e-08
447 4.95272e-08
448 4.95272e-08
449 4.95272e-08
450 4.95272e-08
451 4.95272e-08
452 4.95272e-08
453 4.95272e-08
454 4.95272e-08
455 4.95272e-08
456 4.95272e-08
457 4.95272e-08
458 4.95272e-08
459 4.95272e-08
460 4.95272e-08
461 4.95272e-08
462 4.95272e-08
463 4.95272e-08
464 4.95272e-08
465 4.95272e-08
466 4.95272e-08
467 4.95272e-08
468 4.95272e-08
469 4.95272e-08
470 4.95272e-08
471 4.95272e-08
472 4.95272e-08
473 4.95272e-08
474 4.95272e-08
475 4.95272e-08
476 4.95272e-08
477 4.95272e-08
478 4.95272e-08
479 4.95272e-08
480 4.95272e-08
481 4.95272e-08
482 4.95272e-08
483 4.95272e-08
484 4.95272e-08
485 4.95272e-08
486 4.95272e-08
487 4.95272e-08
488 4.95272e-08
489 4.95272e-08
490 4.95272e-08
491 4.95272e-08
492 4.95272e-08
493 4.95272e-08
494 4.95272e-08
495 4.95272e-08
496 4.95272e-08
497 4.95272e-08
498 4.95272e-08
499 4.95272e-08
500 4.95272e-08
501 4.95272e-08
502 4.95272e-08
503 4.95272e-08
504 4.95272e-08
505 4.95272e-08
506 4.95272e-08
507 4.95272e-08
508 4.95272e-08
509 4.95272e-08
510 4.95272e-08
511 4.95272e-08
512 4.95272e-08
513 4.95272e-08
514 4.95272e-08
515 4.95272e-08
516 4.95272e-08
517 4.95272e-08
518 4.95272e-08
519 4.95272e-08
520 4.95272e-08
521 4.95272e-08
522 4.95272e-08
523 4.95272e-08
524 4.95272e-08
525 4.95272e-08
526 4.95272e-08
527 4.95272e-08
528 4.95272e-08
529 4.95272e-08
530 4.95272e-08
531 4.95272e-08
532 4.95272e-08
533 4.95272e-08
534 4.95272e-08
535 4.95272e-08
536 4.95272e-08
537 4.95272e-08
538 4.95272e-08
539 4.95272e-08
540 4.95272e-08
541 4.95272e-08
542 4.95272e-08
