1 3.97982e-08
2 3.97982e-08
3 3.97982e-08
4 3.97982e-08
5 3.97982e-08
6 3.97982e-08
7 3.97982e-08
8 3.97982e-08
9 3.97982e-08
10 3.97982e-08
11 3.97982e-08
12 3.97982e-08
13 3.97982e-08
14 3.97982e-08
15 3.97982e-08
16 3.97982e-08
17 3.97982e-08
18 3.97982e-08
19 3.97982e-08
20 3.97982e-08
21 3.97982e-08
22 3.97982e-08
23 3.97982e-08
24 3.97982e-08
25 3.97982e-08
26 3.97982e-08
27 3.97982e-08
28 3.97982e-08
29 3.97982e-08
30 3.97982e-08
31 3.97982e-08
32 3.97982e-08
33 3.97982e-08
34 3.97982e-08
35 3.97982e-08
36 3.97982e-08
37 3.97982e-08
38 3.97982e-08
39 3.97982e-08
40 3.97982e-08
41 3.97982e-08
42 3.97982e-08
43 3.97982e-08
44 3.97982e-08
45 3.97982e-08
46 3.97982e-08
47 3.97982e-08
48 3.97982e-08
49 3.97982e-08
50 3.97982e-08
51 3.97982e-08
52 3.97982e-08
53 3.97982e-08
54 3.97982e-08
55 3.97982e-08
56 3.97982e-08
57 3.97982e-08
58 3.97982e-08
59 3.97982e-08
60 3.97982e-08
61 3.97982e-08
62 3.97982e-08
63 3.97982e-08
64 3.97982e-08
65 3.97982e-08
66 3.97982e-08
67 3.97982e-08
68 3.97982e-08
69 3.97982e-08
70 3.97982e-08
71 3.97982e-08
72 3.97982e-08
73 3.97982e-08
74 3.97982e-08
75 3.97982e-08
76 3.97982e-08
77 3.97982e-08
78 3.97982e-08
79 3.97982e-08
80 3.97982e-08
81 3.97982e-08
82 3.97982e-08
83 3.97982e-08
84 3.97982e-08
85 3.97982e-08
86 3.97982e-08
87 3.97982e-08
88 3.97982e-08
89 3.97982e-08
90 3.97982e-08
91 3.97982e-08
92 3.97982e-08
93 3.97982e-08
94 3.97982e-08
95 3.97982e-08
96 3.97982e-08
97 3.97982e-08
98 3.97982e-08
99 3.97982e-08
100 3.97982e-08
101 3.97982e-08
102 3.97982e-08
103 3.97982e-08
104 3.97982e-08
105 3.97982e-08
106 3.97982e-08
107 3.97982e-08
108 3.97982e-08
109 3.97982e-08
110 3.97982e-08
111 3.97982e-08
112 3.97982e-08
113 3.97982e-08
114 3.97982e-08
115 3.97982e-08
116 3.97982e-08
117 3.97982e-08
118 3.97982e-08
119 3.97982e-08
120 3.97982e-08
121 3.97982e-08
122 3.97982e-08
123 3.97982e-08
124 3.97982e-08
125 3.97982e-08
126 3.97982e-08
127 3.97982e-08
128 3.97982e-08
129 3.97982e-08
130 3.97982e-08
131 3.97982e-08
132 3.97982e-08
133 3.97982e-08
134 3.97982e-08
135 3.97982e-08
136 3.97982e-08
137 3.97982e-08
138 3.97982e-08
139 3.97982e-08
140 3.97982e-08
141 3.97982e-08
142 3.97982e-08
143 3.97982e-08
144 3.97982e-08
145 3.97982e-08
146 3.97982e-08
147 3.97982e-08
148 3.97982e-08
149 3.97982e-08
150 3.97982e-08
151 3.97982e-08
152 3.97982e-08
153 3.97982e-08
154 3.97982e-08
155 3.97982e-08
156 3.97982e-08
157 3.97982e-08
158 3.97982e-08
159 3.97982e-08
160 3.97982e-08
161 3.97982e-08
162 3.97982e-08
163 3.97982e-08
164 3.97982e-08
165 3.97982e-08
166 3.97982e-08
167 3.97982e-08
168 3.97982e-08
169 3.97982e-08
170 3.97982e-08
171 3.97982e-08
172 3.97982e-08
173 3.97982e-08
174 3.97982e-08
175 3.97982e-08
176 3.97982e-08
177 3.97982e-08
178 3.97982e-08
179 3.97982e-08
180 3.97982e-08
181 3.97982e-08
182 3.97982e-08
183 3.97982e-08
184 3.97982e-08
185 3.97982e-08
186 3.97982e-08
187 3.97982e-08
188 3.97982e-08
189 3.97982e-08
190 3.97982e-08
191 3.97982e-08
192 3.97982e-08
193 3.97982e-08
194 3.97982e-08
195 3.97982e-08
196 3.97982e-08
197 3.97982e-08
198 3.97982e-08
199 3.97982e-08
200 3.97982e-08
201 3.97982e-08
202 3.97982e-08
203 3.97982e-08
204 3.97982e-08
205 3.97982e-08
206 3.97982e-08
207 3.97982e-08
208 3.97982e-08
209 3.97982e-08
210 3.97982e-08
211 3.97982e-08
212 3.97982e-08
213 3.97982e-08
214 3.97982e-08
215 3.97982e-08
216 3.97982e-08
217 3.97982e-08
218 3.97982e-08
219 3.97982e-08
220 3.97982e-08
221 3.97982e-08
222 3.97982e-08
223 3.97982e-08
224 3.97982e-08
225 3.97982e-08
226 3.97982e-08
227 3.97982e-08
228 3.97982e-08
229 3.97982e-08
230 3.97982e-08
231 3.97982e-08
232 3.97982e-08
233 3.97982e-08
234 3.97982e-08
235 3.97982e-08
236 3.97982e-08
237 4.05788e-08
238 4.38397e-08
239 5.39221e-08
240 8.35752e-08
241 1.64885e-07
242 3.98758e-07
243 1.096e-06
244 3.2684e-06
245 1.02809e-05
246 3.3436e-05
247 0.000110733
248 0.000369682
249 0.00123764
250 0.00414877
251 0.0139328
252 0.0199624
253 0.0236853
254 0.0362448
255 0.0439415
256 0.0694342
257 0.084593
258 0.0933925
259 0.120675
260 0.202768
261 0.44246
262 0.566672
263 0.629248
264 0.797725
265 0.878892
266 0.917271
267 0.934864
268 0.941935
269 0.942409
270 0.950915
271 0.951913
272 0.945503
273 0.946901
274 0.957248
275 0.958525
276 0.951893
277 0.93282
278 0.888481
279 0.790933
280 0.583813
281 0.506163
282 0.352141
283 0.298245
284 0.198441
285 0.165746
286 0.155357
287 0.137717
288 0.108411
289 0.0604393
290 0.0461914
291 0.0230674
292 0.016178
293 0.00487952
294 0.00147342
295 0.000444217
296 0.000133626
297 4.02183e-05
298 1.21977e-05
299 3.77241e-06
300 1.21138e-06
301 4.16358e-07
302 1.62463e-07
303 7.9298e-08
304 5.12077e-08
305 4.22857e-08
306 4.01136e-08
307 3.97982e-08
308 3.97982e-08
309 3.97982e-08
310 3.97982e-08
311 3.97982e-08
312 3.97982e-08
313 3.97982e-08
314 3.97982e-08
315 3.97982e-08
316 3.97982e-08
317 3.97982e-08
318 3.97982e-08
319 3.97982e-08
320 3.97982e-08
321 3.97982e-08
322 3.97982e-08
323 3.97982e-08
324 3.97982e-08
325 3.97982e-08
326 3.97982e-08
327 3.97982e-08
328 3.97982e-08
329 3.97982e-08
330 3.97982e-08
331 3.97982e-08
332 3.97982e-08
333 3.97982e-08
334 3.97982e-08
335 3.97982e-08
336 3.97982e-08
337 3.97982e-08
338 3.97982e-08
339 3.97982e-08
340 3.97982e-08
341 3.97982e-08
342 3.97982e-08
343 3.97982e-08
344 3.97982e-08
345 3.97982e-08
346 3.97982e-08
347 3.97982e-08
348 3.97982e-08
349 3.97982e-08
350 3.97982e-08
351 3.97982e-08
352 3.97982e-08
353 3.97982e-08
354 3.97982e-08
355 3.97982e-08
356 3.97982e-08
357 3.97982e-08
358 3.97982e-08
359 3.97982e-08
360 3.97982e-08
361 3.97982e-08
362 3.97982e-08
363 3.97982e-08
364 3.97982e-08
365 3.97982e-08
366 3.97982e-08
367 3.97982e-08
368 3.97982e-08
369 3.97982e-08
370 3.97982e-08
371 3.97982e-08
372 3.97982e-08
373 3.97982e-08
374 3.97982e-08
375 3.97982e-08
376 3.97982e-08
377 3.97982e-08
378 3.97982e-08
379 3.97982e-08
380 3.97982e-08
381 3.97982e-08
382 3.97982e-08
383 3.97982e-08
384 3.97982e-08
385 3.97982e-08
386 3.97982e-08
387 3.97982e-08
388 3.97982e-08
389 3.97982e-08
390 3.97982e-08
391 3.97982e-08
392 3.97982e-08
393 3.97982e-08
394 3.97982e-08
395 3.97982e-08
396 3.97982e-08
397 3.97982e-08
398 3.97982e-08
399 3.97982e-08
400 3.97982e-08
401 3.97982e-08
402 3.97982e-08
403 3.97982e-08
404 3.97982e-08
405 3.97982e-08
406 3.97982e-08
407 3.97982e-08
408 3.97982e-08
409 3.97982e-08
410 3.97982e-08
411 3.97982e-08
412 3.97982e-08
413 3.97982e-08
414 3.97982e-08
415 3.97982e-08
416 3.97982e-08
417 3.97982e-08
418 3.97982e-08
419 3.97982e-08
420 3.97982e-08
421 3.97982e-08
422 3.97982e-08
423 3.97982e-08
424 3.97982e-08
425 3.97982e-08
426 3.97982e-08
427 3.97982e-08
428 3.97982e-08
429 3.97982e-08
430 3.97982e-08
431 3.97982e-08
432 3.97982e-08
433 3.97982e-08
434 3.97982e-08
435 3.97982e-08
436 3.97982e-08
437 3.97982e-08
438 3.97982e-08
439 3.97982e-08
440 3.97982e-08
441 3.97982e-08
442 3.97982e-08
443 3.97982e-08
444 3.97982e-08
445 3.97982e-08
446 3.97982e-08
447 3.97982e-08
448 3.97982e-08
449 3.97982e-08
450 3.97982e-08
451 3.97982e-08
452 3.97982e-08
453 3.97982e-08
454 3.97982e-08
455 3.97982e-08
456 3.97982e-08
457 3.97982e-08
458 3.97982e-08
459 3.97982e-08
460 3.97982e-08
461 3.97982e-08
462 3.97982e-08
463 3.97982e-08
464 3.97982e-08
465 3.97982e-08
466 3.97982e-08
467 3.97982e-08
468 3.97982e-08
469 3.97982e-08
470 3.97982e-08
471 3.97982e-08
472 3.97982e-08
473 3.97982e-08
474 3.97982e-08
475 3.97982e-08
476 3.97982e-08
477 3.97982e-08
478 3.97982e-08
479 3.97982e-08
480 3.97982e-08
481 3.97982e-08
482 3.97982e-08
483 3.97982e-08
484 3.97982e-08
485 3.97982e-08
486 3.97982e-08
487 3.97982e-08
488 3.97982e-08
489 3.97982e-08
490 3.97982e-08
491 3.97982e-08
492 3.97982e-08
493 3.97982e-08
494 3.97982e-08
495 3.97982e-08
496 3.97982e-08
497 3.97982e-08
498 3.97982e-08
499 3.97982e-08
500 3.97982e-08
501 3.97982e-08
502 3.97982e-08
503 3.97982e-08
504 3.97982e-08
505 3.97982e-08
506 3.97982e-08
507 3.97982e-08
508 3.97982e-08
509 3.97982e-08
510 3.97982e-08
511 3.97982e-08
512 3.97982e-08
513 3.97982e-08
514 3.97982e-08
515 3.97982e-08
516 3.97982e-08
517 3.97982e-08
518 3.97982e-08
519 3.97982e-08
520 3.97982e-08
521 3.97982e-08
522 3.97982e-08
523 3.97982e-08
524 3.97982e-08
525 3.97982e-08
526 3.97982e-08
527 3.97982e-08
528 3.97982e-08
529 3.97982e-08
530 3.97982e-08
531 3.97982e-08
532 3.97982e-08
533 3.97982e-08
534 3.97982e-08
535 3.97982e-08
536 3.97982e-08
537 3.97982e-08
538 3.97982e-08
539 3.97982e-08
540 3.97982e-08
541 3.97982e-08
542 3.97982e-08
