1 6.96803e-08
2 6.96803e-08
3 6.96803e-08
4 6.96803e-08
5 6.96803e-08
6 6.96803e-08
7 6.96803e-08
8 6.96803e-08
9 6.96803e-08
10 6.96803e-08
11 6.96803e-08
12 6.96803e-08
13 6.96803e-08
14 6.96803e-08
15 6.96803e-08
16 6.96803e-08
17 6.96803e-08
18 6.96803e-08
19 6.96803e-08
20 6.96803e-08
21 6.96803e-08
22 6.96803e-08
23 6.96803e-08
24 6.96803e-08
25 6.96803e-08
26 6.96803e-08
27 6.96803e-08
28 6.96803e-08
29 6.96803e-08
30 6.96803e-08
31 6.96803e-08
32 6.96803e-08
33 6.96803e-08
34 6.96803e-08
35 6.96803e-08
36 6.96803e-08
37 6.96803e-08
38 6.96803e-08
39 6.96803e-08
40 6.96803e-08
41 6.96803e-08
42 6.96803e-08
43 6.96803e-08
44 6.96803e-08
45 6.96803e-08
46 6.96803e-08
47 6.96803e-08
48 6.96803e-08
49 6.96803e-08
50 6.96803e-08
51 6.96803e-08
52 6.96803e-08
53 6.96803e-08
54 6.96803e-08
55 6.96803e-08
56 6.96803e-08
57 6.96803e-08
58 6.96803e-08
59 6.96803e-08
60 6.96803e-08
61 6.96803e-08
62 6.96803e-08
63 6.96803e-08
64 6.96803e-08
65 6.96803e-08
66 6.96803e-08
67 6.96803e-08
68 6.96803e-08
69 6.96803e-08
70 6.96803e-08
71 6.96803e-08
72 6.96803e-08
73 6.96803e-08
74 6.96803e-08
75 6.96803e-08
76 6.96803e-08
77 6.96803e-08
78 6.96803e-08
79 6.96803e-08
80 6.96803e-08
81 6.96803e-08
82 6.96803e-08
83 6.96803e-08
84 6.96803e-08
85 6.96803e-08
86 6.96803e-08
87 6.96803e-08
88 6.96803e-08
89 6.96803e-08
90 6.96803e-08
91 6.96803e-08
92 6.96803e-08
93 6.96803e-08
94 6.96803e-08
95 6.96803e-08
96 6.96803e-08
97 6.96803e-08
98 6.96803e-08
99 6.96803e-08
100 6.96803e-08
101 6.96803e-08
102 6.96803e-08
103 6.96803e-08
104 6.96803e-08
105 6.96803e-08
106 6.96803e-08
107 6.96803e-08
108 6.96803e-08
109 6.96803e-08
110 6.96803e-08
111 6.96803e-08
112 6.96803e-08
113 6.96803e-08
114 6.96803e-08
115 6.96803e-08
116 6.96803e-08
117 6.96803e-08
118 6.96803e-08
119 6.96803e-08
120 6.96803e-08
121 6.96803e-08
122 6.96803e-08
123 6.96803e-08
124 6.96803e-08
125 6.96803e-08
126 6.96803e-08
127 6.96803e-08
128 6.96803e-08
129 6.96803e-08
130 6.96803e-08
131 6.96803e-08
132 6.96803e-08
133 6.96803e-08
134 6.96803e-08
135 6.96803e-08
136 6.96803e-08
137 6.96803e-08
138 6.96803e-08
139 6.96803e-08
140 6.96803e-08
141 6.96803e-08
142 6.96803e-08
143 6.96803e-08
144 6.96803e-08
145 6.96803e-08
146 6.96803e-08
147 6.96803e-08
148 6.96803e-08
149 6.96803e-08
150 6.96803e-08
151 6.96803e-08
152 6.96803e-08
153 6.96803e-08
154 6.96803e-08
155 6.96803e-08
156 6.96803e-08
157 6.96803e-08
158 6.96803e-08
159 6.96803e-08
160 6.96803e-08
161 6.96803e-08
162 6.96803e-08
163 6.96803e-08
164 6.96803e-08
165 6.96803e-08
166 6.96803e-08
167 6.96803e-08
168 6.96803e-08
169 6.96803e-08
170 6.96803e-08
171 6.96803e-08
172 6.96803e-08
173 6.96803e-08
174 6.96803e-08
175 6.96803e-08
176 6.96803e-08
177 6.96803e-08
178 6.96803e-08
179 6.96803e-08
180 6.96803e-08
181 6.96803e-08
182 6.96803e-08
183 6.96803e-08
184 6.96803e-08
185 6.96803e-08
186 6.96803e-08
187 6.96803e-08
188 6.96803e-08
189 6.96803e-08
190 6.96803e-08
191 6.96803e-08
192 6.96803e-08
193 6.96803e-08
194 6.96803e-08
195 6.96803e-08
196 6.96803e-08
197 6.96803e-08
198 6.96803e-08
199 6.96803e-08
200 6.96803e-08
201 6.96803e-08
202 6.96803e-08
203 6.96803e-08
204 6.96803e-08
205 6.96803e-08
206 6.96803e-08
207 6.96803e-08
208 6.96803e-08
209 6.96803e-08
210 6.96803e-08
211 6.96803e-08
212 6.96803e-08
213 6.96803e-08
214 6.96803e-08
215 6.96803e-08
216 6.96803e-08
217 6.96803e-08
218 6.96803e-08
219 6.96803e-08
220 6.96803e-08
221 6.96803e-08
222 7.03969e-08
223 7.35853e-08
224 8.28731e-08
225 1.07302e-07
226 1.69537e-07
227 3.26054e-07
228 7.13574e-07
229 1.6591e-06
230 3.92845e-06
231 9.27276e-06
232 2.15941e-05
233 4.93393e-05
234 0.000110229
235 0.000240214
236 0.000509665
237 0.00105124
238 0.00210524
239 0.00408915
240 0.00769687
241 0.0140292
242 0.0247482
243 0.0422332
244 0.0697019
245 0.111241
246 0.171688
247 0.256325
248 0.370372
249 0.518339
250 0.703348
251 0.926587
252 0.974205
253 0.984051
254 0.994879
255 0.997003
256 0.999236
257 0.999659
258 0.999738
259 0.999818
260 0.999898
261 0.999979
262 0.999994
263 0.999997
264 0.999999
265 1
266 1
267 1
268 1
269 1
270 1
271 1
272 1
273 1
274 1
275 1
276 1
277 1
278 1
279 0.999999
280 0.999997
281 0.999994
282 0.999979
283 0.999964
284 0.999884
285 0.999804
286 0.999725
287 0.999304
288 0.997079
289 0.985537
290 0.974818
291 0.92175
292 0.875104
293 0.658019
294 0.479699
295 0.33857
296 0.231106
297 0.152452
298 0.0971448
299 0.0597867
300 0.035542
301 0.0204176
302 0.0113417
303 0.0060979
304 0.00317719
305 0.00160674
306 0.000790156
307 0.000378724
308 0.000177383
309 8.14245e-05
310 3.67503e-05
311 1.63669e-05
312 7.22203e-06
313 3.17521e-06
314 1.40434e-06
315 6.36904e-07
316 3.07282e-07
317 1.67083e-07
318 1.08283e-07
319 8.39664e-08
320 7.42532e-08
321 7.08627e-08
322 6.98506e-08
323 6.96803e-08
324 6.96803e-08
325 6.96803e-08
326 6.96803e-08
327 6.96803e-08
328 6.96803e-08
329 6.96803e-08
330 6.96803e-08
331 6.96803e-08
332 6.96803e-08
333 6.96803e-08
334 6.96803e-08
335 6.96803e-08
336 6.96803e-08
337 6.96803e-08
338 6.96803e-08
339 6.96803e-08
340 6.96803e-08
341 6.96803e-08
342 6.96803e-08
343 6.96803e-08
344 6.96803e-08
345 6.96803e-08
346 6.96803e-08
347 6.96803e-08
348 6.96803e-08
349 6.96803e-08
350 6.96803e-08
351 6.96803e-08
352 6.96803e-08
353 6.96803e-08
354 6.96803e-08
355 6.96803e-08
356 6.96803e-08
357 6.96803e-08
358 6.96803e-08
359 6.96803e-08
360 6.96803e-08
361 6.96803e-08
362 6.96803e-08
363 6.96803e-08
364 6.96803e-08
365 6.96803e-08
366 6.96803e-08
367 6.96803e-08
368 6.96803e-08
369 6.96803e-08
370 6.96803e-08
371 6.96803e-08
372 6.96803e-08
373 6.96803e-08
374 6.96803e-08
375 6.96803e-08
376 6.96803e-08
377 6.96803e-08
378 6.96803e-08
379 6.96803e-08
380 6.96803e-08
381 6.96803e-08
382 6.96803e-08
383 6.96803e-08
384 6.96803e-08
385 6.96803e-08
386 6.96803e-08
387 6.96803e-08
388 6.96803e-08
389 6.96803e-08
390 6.96803e-08
391 6.96803e-08
392 6.96803e-08
393 6.96803e-08
394 6.96803e-08
395 6.96803e-08
396 6.96803e-08
397 6.96803e-08
398 6.96803e-08
399 6.96803e-08
400 6.96803e-08
401 6.96803e-08
402 6.96803e-08
403 6.96803e-08
404 6.96803e-08
405 6.96803e-08
406 6.96803e-08
407 6.96803e-08
408 6.96803e-08
409 6.96803e-08
410 6.96803e-08
411 6.96803e-08
412 6.96803e-08
413 6.96803e-08
414 6.96803e-08
415 6.96803e-08
416 6.96803e-08
417 6.96803e-08
418 6.96803e-08
419 6.96803e-08
420 6.96803e-08
421 6.96803e-08
422 6.96803e-08
423 6.96803e-08
424 6.96803e-08
425 6.96803e-08
426 6.96803e-08
427 6.96803e-08
428 6.96803e-08
429 6.96803e-08
430 6.96803e-08
431 6.96803e-08
432 6.96803e-08
433 6.96803e-08
434 6.96803e-08
435 6.96803e-08
436 6.96803e-08
437 6.96803e-08
438 6.96803e-08
439 6.96803e-08
440 6.96803e-08
441 6.96803e-08
442 6.96803e-08
443 6.96803e-08
444 6.96803e-08
445 6.96803e-08
446 6.96803e-08
447 6.96803e-08
448 6.96803e-08
449 6.96803e-08
450 6.96803e-08
451 6.96803e-08
452 6.96803e-08
453 6.96803e-08
454 6.96803e-08
455 6.96803e-08
456 6.96803e-08
457 6.96803e-08
458 6.96803e-08
459 6.96803e-08
460 6.96803e-08
461 6.96803e-08
462 6.96803e-08
463 6.96803e-08
464 6.96803e-08
465 6.96803e-08
466 6.96803e-08
467 6.96803e-08
468 6.96803e-08
469 6.96803e-08
470 6.96803e-08
471 6.96803e-08
472 6.96803e-08
473 6.96803e-08
474 6.96803e-08
475 6.96803e-08
476 6.96803e-08
477 6.96803e-08
478 6.96803e-08
479 6.96803e-08
480 6.96803e-08
481 6.96803e-08
482 6.96803e-08
483 6.96803e-08
484 6.96803e-08
485 6.96803e-08
486 6.96803e-08
487 6.96803e-08
488 6.96803e-08
489 6.96803e-08
490 6.96803e-08
491 6.96803e-08
492 6.96803e-08
493 6.96803e-08
494 6.96803e-08
495 6.96803e-08
496 6.96803e-08
497 6.96803e-08
498 6.96803e-08
499 6.96803e-08
500 6.96803e-08
501 6.96803e-08
502 6.96803e-08
503 6.96803e-08
504 6.96803e-08
505 6.96803e-08
506 6.96803e-08
507 6.96803e-08
508 6.96803e-08
509 6.96803e-08
510 6.96803e-08
511 6.96803e-08
512 6.96803e-08
513 6.96803e-08
514 6.96803e-08
515 6.96803e-08
516 6.96803e-08
517 6.96803e-08
518 6.96803e-08
519 6.96803e-08
520 6.96803e-08
521 6.96803e-08
522 6.96803e-08
523 6.96803e-08
524 6.96803e-08
525 6.96803e-08
526 6.96803e-08
527 6.96803e-08
528 6.96803e-08
529 6.96803e-08
530 6.96803e-08
531 6.96803e-08
532 6.96803e-08
533 6.96803e-08
534 6.96803e-08
535 6.96803e-08
536 6.96803e-08
537 6.96803e-08
538 6.96803e-08
539 6.96803e-08
540 6.96803e-08
541 6.96803e-08
542 6.96803e-08
