1 9.52727e-08
2 9.52727e-08
3 9.52727e-08
4 9.52727e-08
5 9.52727e-08
6 9.52727e-08
7 9.52727e-08
8 9.52727e-08
9 9.52727e-08
10 9.52727e-08
11 9.52727e-08
12 9.52727e-08
13 9.52727e-08
14 9.52727e-08
15 9.52727e-08
16 9.52727e-08
17 9.52727e-08
18 9.52727e-08
19 9.52727e-08
20 9.52727e-08
21 9.52727e-08
22 9.52727e-08
23 9.52727e-08
24 9.52727e-08
25 9.52727e-08
26 9.52727e-08
27 9.52727e-08
28 9.52727e-08
29 9.52727e-08
30 9.52727e-08
31 9.52727e-08
32 9.52727e-08
33 9.52727e-08
34 9.52727e-08
35 9.52727e-08
36 9.52727e-08
37 9.52727e-08
38 9.52727e-08
39 9.52727e-08
40 9.52727e-08
41 9.52727e-08
42 9.52727e-08
43 9.52727e-08
44 9.52727e-08
45 9.52727e-08
46 9.52727e-08
47 9.52727e-08
48 9.52727e-08
49 9.52727e-08
50 9.52727e-08
51 9.52727e-08
52 9.52727e-08
53 9.52727e-08
54 9.52727e-08
55 9.52727e-08
56 9.52727e-08
57 9.52727e-08
58 9.52727e-08
59 9.52727e-08
60 9.52727e-08
61 9.52727e-08
62 9.52727e-08
63 9.52727e-08
64 9.52727e-08
65 9.52727e-08
66 9.52727e-08
67 9.52727e-08
68 9.52727e-08
69 9.52727e-08
70 9.52727e-08
71 9.52727e-08
72 9.52727e-08
73 9.52727e-08
74 9.52727e-08
75 9.52727e-08
76 9.52727e-08
77 9.52727e-08
78 9.52727e-08
79 9.52727e-08
80 9.52727e-08
81 9.52727e-08
82 9.52727e-08
83 9.52727e-08
84 9.52727e-08
85 9.52727e-08
86 9.52727e-08
87 9.52727e-08
88 9.52727e-08
89 9.52727e-08
90 9.52727e-08
91 9.52727e-08
92 9.52727e-08
93 9.52727e-08
94 9.52727e-08
95 9.52727e-08
96 9.52727e-08
97 9.52727e-08
98 9.52727e-08
99 9.52727e-08
100 9.52727e-08
101 9.52727e-08
102 9.52727e-08
103 9.52727e-08
104 9.52727e-08
105 9.52727e-08
106 9.52727e-08
107 9.52727e-08
108 9.52727e-08
109 9.52727e-08
110 9.52727e-08
111 9.52727e-08
112 9.52727e-08
113 9.52727e-08
114 9.52727e-08
115 9.52727e-08
116 9.52727e-08
117 9.52727e-08
118 9.52727e-08
119 9.52727e-08
120 9.52727e-08
121 9.52727e-08
122 9.52727e-08
123 9.52727e-08
124 9.52727e-08
125 9.52727e-08
126 9.52727e-08
127 9.52727e-08
128 9.52727e-08
129 9.52727e-08
130 9.52727e-08
131 9.52727e-08
132 9.52727e-08
133 9.52727e-08
134 9.52727e-08
135 9.52727e-08
136 9.52727e-08
137 9.52727e-08
138 9.52727e-08
139 9.52727e-08
140 9.52727e-08
141 9.52727e-08
142 9.52727e-08
143 9.52727e-08
144 9.52727e-08
145 9.52727e-08
146 9.52727e-08
147 9.52727e-08
148 9.52727e-08
149 9.52727e-08
150 9.52727e-08
151 9.52727e-08
152 9.52727e-08
153 9.52727e-08
154 9.52727e-08
155 9.52727e-08
156 9.52727e-08
157 9.52727e-08
158 9.52727e-08
159 9.52727e-08
160 9.52727e-08
161 9.52727e-08
162 9.52727e-08
163 9.52727e-08
164 9.52727e-08
165 9.52727e-08
166 9.52727e-08
167 9.52727e-08
168 9.52727e-08
169 9.52727e-08
170 9.52727e-08
171 9.52727e-08
172 9.52727e-08
173 9.52727e-08
174 9.52727e-08
175 9.52727e-08
176 9.52727e-08
177 9.52727e-08
178 9.52727e-08
179 9.52727e-08
180 9.52727e-08
181 9.52727e-08
182 9.52727e-08
183 9.52727e-08
184 9.52727e-08
185 9.52727e-08
186 9.52727e-08
187 9.52727e-08
188 9.52727e-08
189 9.52727e-08
190 9.52727e-08
191 9.52727e-08
192 9.52727e-08
193 9.52727e-08
194 9.52727e-08
195 9.52727e-08
196 9.52727e-08
197 9.52727e-08
198 9.52727e-08
199 9.52727e-08
200 9.52727e-08
201 9.52727e-08
202 9.52727e-08
203 9.52727e-08
204 9.52727e-08
205 9.52727e-08
206 9.52727e-08
207 9.52727e-08
208 9.52727e-08
209 9.52727e-08
210 9.52727e-08
211 9.52727e-08
212 9.52727e-08
213 9.52727e-08
214 9.52727e-08
215 9.52727e-08
216 9.52727e-08
217 9.52727e-08
218 9.52727e-08
219 9.52727e-08
220 9.52727e-08
221 9.52727e-08
222 9.52727e-08
223 9.52727e-08
224 9.52727e-08
225 9.52727e-08
226 9.52727e-08
227 9.52727e-08
228 9.52727e-08
229 9.52727e-08
230 9.52727e-08
231 9.52727e-08
232 9.52727e-08
233 9.52727e-08
234 9.52727e-08
235 9.52727e-08
236 9.52727e-08
237 9.52727e-08
238 9.52727e-08
239 9.52727e-08
240 9.52727e-08
241 9.52727e-08
242 9.52727e-08
243 9.52727e-08
244 1.08556e-07
245 1.70171e-07
246 3.35418e-07
247 8.12505e-07
248 2.10055e-06
249 5.56069e-06
250 1.52148e-05
251 4.33421e-05
252 5.88382e-05
253 6.69544e-05
254 9.68743e-05
255 0.00011323
256 0.000174974
257 0.000209643
258 0.000222274
259 0.000296151
260 0.000559873
261 0.00145905
262 0.00201552
263 0.00235632
264 0.00352135
265 0.00422276
266 0.00462753
267 0.00483493
268 0.00488954
269 0.0047767
270 0.00490843
271 0.00484608
272 0.00454294
273 0.00454742
274 0.00485431
275 0.00493089
276 0.00484529
277 0.00459431
278 0.00412127
279 0.00331486
280 0.00199089
281 0.00160811
282 0.000981805
283 0.000803929
284 0.000502487
285 0.000417704
286 0.000404339
287 0.000363034
288 0.000288135
289 0.00016324
290 0.000126691
291 6.57858e-05
292 4.75022e-05
293 1.56901e-05
294 5.35408e-06
295 1.88359e-06
296 6.87023e-07
297 2.69767e-07
298 1.39328e-07
299 9.97147e-08
300 9.52727e-08
301 9.52727e-08
302 9.52727e-08
303 9.52727e-08
304 9.52727e-08
305 9.52727e-08
306 9.52727e-08
307 9.52727e-08
308 9.52727e-08
309 9.52727e-08
310 9.52727e-08
311 9.52727e-08
312 9.52727e-08
313 9.52727e-08
314 9.52727e-08
315 9.52727e-08
316 9.52727e-08
317 9.52727e-08
318 9.52727e-08
319 9.52727e-08
320 9.52727e-08
321 9.52727e-08
322 9.52727e-08
323 9.52727e-08
324 9.52727e-08
325 9.52727e-08
326 9.52727e-08
327 9.52727e-08
328 9.52727e-08
329 9.52727e-08
330 9.52727e-08
331 9.52727e-08
332 9.52727e-08
333 9.52727e-08
334 9.52727e-08
335 9.52727e-08
336 9.52727e-08
337 9.52727e-08
338 9.52727e-08
339 9.52727e-08
340 9.52727e-08
341 9.52727e-08
342 9.52727e-08
343 9.52727e-08
344 9.52727e-08
345 9.52727e-08
346 9.52727e-08
347 9.52727e-08
348 9.52727e-08
349 9.52727e-08
350 9.52727e-08
351 9.52727e-08
352 9.52727e-08
353 9.52727e-08
354 9.52727e-08
355 9.52727e-08
356 9.52727e-08
357 9.52727e-08
358 9.52727e-08
359 9.52727e-08
360 9.52727e-08
361 9.52727e-08
362 9.52727e-08
363 9.52727e-08
364 9.52727e-08
365 9.52727e-08
366 9.52727e-08
367 9.52727e-08
368 9.52727e-08
369 9.52727e-08
370 9.52727e-08
371 9.52727e-08
372 9.52727e-08
373 9.52727e-08
374 9.52727e-08
375 9.52727e-08
376 9.52727e-08
377 9.52727e-08
378 9.52727e-08
379 9.52727e-08
380 9.52727e-08
381 9.52727e-08
382 9.52727e-08
383 9.52727e-08
384 9.52727e-08
385 9.52727e-08
386 9.52727e-08
387 9.52727e-08
388 9.52727e-08
389 9.52727e-08
390 9.52727e-08
391 9.52727e-08
392 9.52727e-08
393 9.52727e-08
394 9.52727e-08
395 9.52727e-08
396 9.52727e-08
397 9.52727e-08
398 9.52727e-08
399 9.52727e-08
400 9.52727e-08
401 9.52727e-08
402 9.52727e-08
403 9.52727e-08
404 9.52727e-08
405 9.52727e-08
406 9.52727e-08
407 9.52727e-08
408 9.52727e-08
409 9.52727e-08
410 9.52727e-08
411 9.52727e-08
412 9.52727e-08
413 9.52727e-08
414 9.52727e-08
415 9.52727e-08
416 9.52727e-08
417 9.52727e-08
418 9.52727e-08
419 9.52727e-08
420 9.52727e-08
421 9.52727e-08
422 9.52727e-08
423 9.52727e-08
424 9.52727e-08
425 9.52727e-08
426 9.52727e-08
427 9.52727e-08
428 9.52727e-08
429 9.52727e-08
430 9.52727e-08
431 9.52727e-08
432 9.52727e-08
433 9.52727e-08
434 9.52727e-08
435 9.52727e-08
436 9.52727e-08
437 9.52727e-08
438 9.52727e-08
439 9.52727e-08
440 9.52727e-08
441 9.52727e-08
442 9.52727e-08
443 9.52727e-08
444 9.52727e-08
445 9.52727e-08
446 9.52727e-08
447 9.52727e-08
448 9.52727e-08
449 9.52727e-08
450 9.52727e-08
451 9.52727e-08
452 9.52727e-08
453 9.52727e-08
454 9.52727e-08
455 9.52727e-08
456 9.52727e-08
457 9.52727e-08
458 9.52727e-08
459 9.52727e-08
460 9.52727e-08
461 9.52727e-08
462 9.52727e-08
463 9.52727e-08
464 9.52727e-08
465 9.52727e-08
466 9.52727e-08
467 9.52727e-08
468 9.52727e-08
469 9.52727e-08
470 9.52727e-08
471 9.52727e-08
472 9.52727e-08
473 9.52727e-08
474 9.52727e-08
475 9.52727e-08
476 9.52727e-08
477 9.52727e-08
478 9.52727e-08
479 9.52727e-08
480 9.52727e-08
481 9.52727e-08
482 9.52727e-08
483 9.52727e-08
484 9.52727e-08
485 9.52727e-08
486 9.52727e-08
487 9.52727e-08
488 9.52727e-08
489 9.52727e-08
490 9.52727e-08
491 9.52727e-08
492 9.52727e-08
493 9.52727e-08
494 9.52727e-08
495 9.52727e-08
496 9.52727e-08
497 9.52727e-08
498 9.52727e-08
499 9.52727e-08
500 9.52727e-08
501 9.52727e-08
502 9.52727e-08
503 9.52727e-08
504 9.52727e-08
505 9.52727e-08
506 9.52727e-08
507 9.52727e-08
508 9.52727e-08
509 9.52727e-08
510 9.52727e-08
511 9.52727e-08
512 9.52727e-08
513 9.52727e-08
514 9.52727e-08
515 9.52727e-08
516 9.52727e-08
517 9.52727e-08
518 9.52727e-08
519 9.52727e-08
520 9.52727e-08
521 9.52727e-08
522 9.52727e-08
523 9.52727e-08
524 9.52727e-08
525 9.52727e-08
526 9.52727e-08
527 9.52727e-08
528 9.52727e-08
529 9.52727e-08
530 9.52727e-08
531 9.52727e-08
532 9.52727e-08
533 9.52727e-08
534 9.52727e-08
535 9.52727e-08
536 9.52727e-08
537 9.52727e-08
538 9.52727e-08
539 9.52727e-08
540 9.52727e-08
541 9.52727e-08
542 9.52727e-08
