1 2.69765e-08
2 2.69765e-08
3 2.69765e-08
4 2.69765e-08
5 2.69765e-08
6 2.69765e-08
7 2.69765e-08
8 2.69765e-08
9 2.69765e-08
10 2.69765e-08
11 2.69765e-08
12 2.69765e-08
13 2.69765e-08
14 2.69765e-08
15 2.69765e-08
16 2.69765e-08
17 2.69765e-08
18 2.69765e-08
19 2.69765e-08
20 2.69765e-08
21 2.69765e-08
22 2.69765e-08
23 2.69765e-08
24 2.69765e-08
25 2.69765e-08
26 2.69765e-08
27 2.69765e-08
28 2.69765e-08
29 2.69765e-08
30 2.69765e-08
31 2.69765e-08
32 2.69765e-08
33 2.69765e-08
34 2.69765e-08
35 2.69765e-08
36 2.69765e-08
37 2.69765e-08
38 2.69765e-08
39 2.69765e-08
40 2.69765e-08
41 2.69765e-08
42 2.69765e-08
43 2.69765e-08
44 2.69765e-08
45 2.69765e-08
46 2.69765e-08
47 2.69765e-08
48 2.69765e-08
49 2.69765e-08
50 2.69765e-08
51 2.69765e-08
52 2.69765e-08
53 2.69765e-08
54 2.69765e-08
55 2.69765e-08
56 2.69765e-08
57 2.69765e-08
58 2.69765e-08
59 2.69765e-08
60 2.69765e-08
61 2.69765e-08
62 2.69765e-08
63 2.69765e-08
64 2.69765e-08
65 2.69765e-08
66 2.69765e-08
67 2.69765e-08
68 2.69765e-08
69 2.69765e-08
70 2.69765e-08
71 2.69765e-08
72 2.69765e-08
73 2.69765e-08
74 2.69765e-08
75 2.69765e-08
76 2.69765e-08
77 2.69765e-08
78 2.69765e-08
79 2.69765e-08
80 2.69765e-08
81 2.69765e-08
82 2.69765e-08
83 2.69765e-08
84 2.69765e-08
85 2.69765e-08
86 2.69765e-08
87 2.69765e-08
88 2.69765e-08
89 2.69765e-08
90 2.69765e-08
91 2.69765e-08
92 2.69765e-08
93 2.69765e-08
94 2.69765e-08
95 2.69765e-08
96 2.69765e-08
97 2.69765e-08
98 2.69765e-08
99 2.69765e-08
100 2.69765e-08
101 2.69765e-08
102 2.69765e-08
103 2.69765e-08
104 2.69765e-08
105 2.69765e-08
106 2.69765e-08
107 2.69765e-08
108 2.69765e-08
109 2.69765e-08
110 2.69765e-08
111 2.69765e-08
112 2.69765e-08
113 2.69765e-08
114 2.69765e-08
115 2.69765e-08
116 2.69765e-08
117 2.69765e-08
118 2.69765e-08
119 2.69765e-08
120 2.69765e-08
121 2.69765e-08
122 2.69765e-08
123 2.69765e-08
124 2.69765e-08
125 2.69765e-08
126 2.69765e-08
127 2.69765e-08
128 2.69765e-08
129 2.69765e-08
130 2.69765e-08
131 2.69765e-08
132 2.69765e-08
133 2.69765e-08
134 2.69765e-08
135 2.69765e-08
136 2.69765e-08
137 2.69765e-08
138 2.69765e-08
139 2.69765e-08
140 2.69765e-08
141 2.69765e-08
142 2.69765e-08
143 2.69765e-08
144 2.69765e-08
145 2.69765e-08
146 2.69765e-08
147 2.69765e-08
148 2.69765e-08
149 2.69765e-08
150 2.69765e-08
151 2.69765e-08
152 2.69765e-08
153 2.69765e-08
154 2.69765e-08
155 2.69765e-08
156 2.69765e-08
157 2.69765e-08
158 2.69765e-08
159 2.69765e-08
160 2.69765e-08
161 2.69765e-08
162 2.69765e-08
163 2.69765e-08
164 2.69765e-08
165 2.69765e-08
166 2.69765e-08
167 2.69765e-08
168 2.69765e-08
169 2.69765e-08
170 2.69765e-08
171 2.69765e-08
172 2.69765e-08
173 2.69765e-08
174 2.69765e-08
175 2.69765e-08
176 2.69765e-08
177 2.69765e-08
178 2.69765e-08
179 2.69765e-08
180 2.69765e-08
181 2.69765e-08
182 2.69765e-08
183 2.69765e-08
184 2.69765e-08
185 2.69765e-08
186 2.69765e-08
187 2.69765e-08
188 2.69765e-08
189 2.69765e-08
190 2.69765e-08
191 2.69765e-08
192 2.69765e-08
193 2.69765e-08
194 2.69765e-08
195 2.69765e-08
196 2.69765e-08
197 2.69765e-08
198 2.69765e-08
199 2.69765e-08
200 2.69765e-08
201 2.69765e-08
202 2.69765e-08
203 2.69765e-08
204 2.69765e-08
205 2.69765e-08
206 2.69765e-08
207 2.69765e-08
208 2.69765e-08
209 2.69765e-08
210 2.69765e-08
211 2.69765e-08
212 2.69765e-08
213 2.69765e-08
214 2.69765e-08
215 2.69765e-08
216 2.69765e-08
217 2.69765e-08
218 2.69765e-08
219 2.69765e-08
220 2.69765e-08
221 2.69765e-08
222 2.69765e-08
223 2.69765e-08
224 2.69765e-08
225 2.69765e-08
226 2.69765e-08
227 2.69765e-08
228 2.69765e-08
229 2.69765e-08
230 2.69765e-08
231 2.69765e-08
232 2.69765e-08
233 2.69765e-08
234 2.69765e-08
235 2.69765e-08
236 2.69765e-08
237 2.77382e-08
238 3.08911e-08
239 4.07219e-08
240 7.02239e-08
241 1.52332e-07
242 3.93257e-07
243 1.12527e-06
244 3.44283e-06
245 1.10042e-05
246 3.61086e-05
247 0.000120075
248 0.000401463
249 0.00134483
250 0.00451136
251 0.015167
252 0.0217401
253 0.0257977
254 0.0394538
255 0.0477823
256 0.0751648
257 0.0912946
258 0.100558
259 0.128922
260 0.213199
261 0.456229
262 0.580712
263 0.642782
264 0.808446
265 0.887748
266 0.925098
267 0.942207
268 0.949138
269 0.949759
270 0.958008
271 0.95906
272 0.953116
273 0.95446
274 0.964068
275 0.965172
276 0.958886
277 0.940851
278 0.898615
279 0.804677
280 0.602669
281 0.525876
282 0.371381
283 0.316532
284 0.213531
285 0.179329
286 0.168322
287 0.149439
288 0.117801
289 0.0657078
290 0.0501919
291 0.0250098
292 0.0175221
293 0.00527648
294 0.00159285
295 0.000480605
296 0.000144697
297 4.35222e-05
298 1.31455e-05
299 4.02573e-06
300 1.26847e-06
301 4.20755e-07
302 1.5349e-07
303 6.72047e-08
304 3.8489e-08
305 2.94536e-08
306 2.7301e-08
307 2.69765e-08
308 2.69765e-08
309 2.69765e-08
310 2.69765e-08
311 2.69765e-08
312 2.69765e-08
313 2.69765e-08
314 2.69765e-08
315 2.69765e-08
316 2.69765e-08
317 2.69765e-08
318 2.69765e-08
319 2.69765e-08
320 2.69765e-08
321 2.69765e-08
322 2.69765e-08
323 2.69765e-08
324 2.69765e-08
325 2.69765e-08
326 2.69765e-08
327 2.69765e-08
328 2.69765e-08
329 2.69765e-08
330 2.69765e-08
331 2.69765e-08
332 2.69765e-08
333 2.69765e-08
334 2.69765e-08
335 2.69765e-08
336 2.69765e-08
337 2.69765e-08
338 2.69765e-08
339 2.69765e-08
340 2.69765e-08
341 2.69765e-08
342 2.69765e-08
343 2.69765e-08
344 2.69765e-08
345 2.69765e-08
346 2.69765e-08
347 2.69765e-08
348 2.69765e-08
349 2.69765e-08
350 2.69765e-08
351 2.69765e-08
352 2.69765e-08
353 2.69765e-08
354 2.69765e-08
355 2.69765e-08
356 2.69765e-08
357 2.69765e-08
358 2.69765e-08
359 2.69765e-08
360 2.69765e-08
361 2.69765e-08
362 2.69765e-08
363 2.69765e-08
364 2.69765e-08
365 2.69765e-08
366 2.69765e-08
367 2.69765e-08
368 2.69765e-08
369 2.69765e-08
370 2.69765e-08
371 2.69765e-08
372 2.69765e-08
373 2.69765e-08
374 2.69765e-08
375 2.69765e-08
376 2.69765e-08
377 2.69765e-08
378 2.69765e-08
379 2.69765e-08
380 2.69765e-08
381 2.69765e-08
382 2.69765e-08
383 2.69765e-08
384 2.69765e-08
385 2.69765e-08
386 2.69765e-08
387 2.69765e-08
388 2.69765e-08
389 2.69765e-08
390 2.69765e-08
391 2.69765e-08
392 2.69765e-08
393 2.69765e-08
394 2.69765e-08
395 2.69765e-08
396 2.69765e-08
397 2.69765e-08
398 2.69765e-08
399 2.69765e-08
400 2.69765e-08
401 2.69765e-08
402 2.69765e-08
403 2.69765e-08
404 2.69765e-08
405 2.69765e-08
406 2.69765e-08
407 2.69765e-08
408 2.69765e-08
409 2.69765e-08
410 2.69765e-08
411 2.69765e-08
412 2.69765e-08
413 2.69765e-08
414 2.69765e-08
415 2.69765e-08
416 2.69765e-08
417 2.69765e-08
418 2.69765e-08
419 2.69765e-08
420 2.69765e-08
421 2.69765e-08
422 2.69765e-08
423 2.69765e-08
424 2.69765e-08
425 2.69765e-08
426 2.69765e-08
427 2.69765e-08
428 2.69765e-08
429 2.69765e-08
430 2.69765e-08
431 2.69765e-08
432 2.69765e-08
433 2.69765e-08
434 2.69765e-08
435 2.69765e-08
436 2.69765e-08
437 2.69765e-08
438 2.69765e-08
439 2.69765e-08
440 2.69765e-08
441 2.69765e-08
442 2.69765e-08
443 2.69765e-08
444 2.69765e-08
445 2.69765e-08
446 2.69765e-08
447 2.69765e-08
448 2.69765e-08
449 2.69765e-08
450 2.69765e-08
451 2.69765e-08
452 2.69765e-08
453 2.69765e-08
454 2.69765e-08
455 2.69765e-08
456 2.69765e-08
457 2.69765e-08
458 2.69765e-08
459 2.69765e-08
460 2.69765e-08
461 2.69765e-08
462 2.69765e-08
463 2.69765e-08
464 2.69765e-08
465 2.69765e-08
466 2.69765e-08
467 2.69765e-08
468 2.69765e-08
469 2.69765e-08
470 2.69765e-08
471 2.69765e-08
472 2.69765e-08
473 2.69765e-08
474 2.69765e-08
475 2.69765e-08
476 2.69765e-08
477 2.69765e-08
478 2.69765e-08
479 2.69765e-08
480 2.69765e-08
481 2.69765e-08
482 2.69765e-08
483 2.69765e-08
484 2.69765e-08
485 2.69765e-08
486 2.69765e-08
487 2.69765e-08
488 2.69765e-08
489 2.69765e-08
490 2.69765e-08
491 2.69765e-08
492 2.69765e-08
493 2.69765e-08
494 2.69765e-08
495 2.69765e-08
496 2.69765e-08
497 2.69765e-08
498 2.69765e-08
499 2.69765e-08
500 2.69765e-08
501 2.69765e-08
502 2.69765e-08
503 2.69765e-08
504 2.69765e-08
505 2.69765e-08
506 2.69765e-08
507 2.69765e-08
508 2.69765e-08
509 2.69765e-08
510 2.69765e-08
511 2.69765e-08
512 2.69765e-08
513 2.69765e-08
514 2.69765e-08
515 2.69765e-08
516 2.69765e-08
517 2.69765e-08
518 2.69765e-08
519 2.69765e-08
520 2.69765e-08
521 2.69765e-08
522 2.69765e-08
523 2.69765e-08
524 2.69765e-08
525 2.69765e-08
526 2.69765e-08
527 2.69765e-08
528 2.69765e-08
529 2.69765e-08
530 2.69765e-08
531 2.69765e-08
532 2.69765e-08
533 2.69765e-08
534 2.69765e-08
535 2.69765e-08
536 2.69765e-08
537 2.69765e-08
538 2.69765e-08
539 2.69765e-08
540 2.69765e-08
541 2.69765e-08
542 2.69765e-08
