1 3.2083e-07
2 3.2083e-07
3 3.2083e-07
4 3.2083e-07
5 3.2083e-07
6 3.2083e-07
7 3.2083e-07
8 3.2083e-07
9 3.2083e-07
10 3.2083e-07
11 3.2083e-07
12 3.2083e-07
13 3.2083e-07
14 3.2083e-07
15 3.2083e-07
16 3.2083e-07
17 3.2083e-07
18 3.2083e-07
19 3.2083e-07
20 3.2083e-07
21 3.2083e-07
22 3.2083e-07
23 3.2083e-07
24 3.2083e-07
25 3.2083e-07
26 3.2083e-07
27 3.2083e-07
28 3.2083e-07
29 3.2083e-07
30 3.2083e-07
31 3.2083e-07
32 3.2083e-07
33 3.2083e-07
34 3.2083e-07
35 3.2083e-07
36 3.2083e-07
37 3.2083e-07
38 3.2083e-07
39 3.2083e-07
40 3.2083e-07
41 3.2083e-07
42 3.2083e-07
43 3.2083e-07
44 3.2083e-07
45 3.2083e-07
46 3.2083e-07
47 3.2083e-07
48 3.2083e-07
49 3.2083e-07
50 3.2083e-07
51 3.2083e-07
52 3.2083e-07
53 3.2083e-07
54 3.2083e-07
55 3.2083e-07
56 3.2083e-07
57 3.2083e-07
58 3.2083e-07
59 3.2083e-07
60 3.2083e-07
61 3.2083e-07
62 3.2083e-07
63 3.2083e-07
64 3.2083e-07
65 3.2083e-07
66 3.2083e-07
67 3.2083e-07
68 3.2083e-07
69 3.2083e-07
70 3.2083e-07
71 3.2083e-07
72 3.2083e-07
73 3.2083e-07
74 3.2083e-07
75 3.2083e-07
76 3.2083e-07
77 3.2083e-07
78 3.2083e-07
79 3.2083e-07
80 3.2083e-07
81 3.2083e-07
82 3.2083e-07
83 3.2083e-07
84 3.2083e-07
85 3.2083e-07
86 3.2083e-07
87 3.2083e-07
88 3.2083e-07
89 3.2083e-07
90 3.2083e-07
91 3.2083e-07
92 3.2083e-07
93 3.2083e-07
94 3.2083e-07
95 3.2083e-07
96 3.2083e-07
97 3.2083e-07
98 3.2083e-07
99 3.2083e-07
100 3.2083e-07
101 3.2083e-07
102 3.2083e-07
103 3.2083e-07
104 3.2083e-07
105 3.2083e-07
106 3.2083e-07
107 3.2083e-07
108 3.2083e-07
109 3.2083e-07
110 3.2083e-07
111 3.2083e-07
112 3.2083e-07
113 3.2083e-07
114 3.2083e-07
115 3.2083e-07
116 3.2083e-07
117 3.2083e-07
118 3.2083e-07
119 3.2083e-07
120 3.2083e-07
121 3.2083e-07
122 3.2083e-07
123 3.2083e-07
124 3.2083e-07
125 3.2083e-07
126 3.2083e-07
127 3.2083e-07
128 3.2083e-07
129 3.2083e-07
130 3.2083e-07
131 3.2083e-07
132 3.2083e-07
133 3.2083e-07
134 3.2083e-07
135 3.2083e-07
136 3.2083e-07
137 3.2083e-07
138 3.2083e-07
139 3.2083e-07
140 3.2083e-07
141 3.2083e-07
142 3.2083e-07
143 3.2083e-07
144 3.2083e-07
145 3.2083e-07
146 3.2083e-07
147 3.2083e-07
148 3.2083e-07
149 3.2083e-07
150 3.2083e-07
151 3.2083e-07
152 3.2083e-07
153 3.2083e-07
154 3.2083e-07
155 3.2083e-07
156 3.2083e-07
157 3.2083e-07
158 3.2083e-07
159 3.2083e-07
160 3.2083e-07
161 3.2083e-07
162 3.2083e-07
163 3.2083e-07
164 3.2083e-07
165 3.2083e-07
166 3.2083e-07
167 3.2083e-07
168 3.2083e-07
169 3.2083e-07
170 3.2083e-07
171 3.2083e-07
172 3.2083e-07
173 3.2083e-07
174 3.2083e-07
175 3.2083e-07
176 3.2083e-07
177 3.2083e-07
178 3.2083e-07
179 3.2083e-07
180 3.2083e-07
181 3.2083e-07
182 3.2083e-07
183 3.2083e-07
184 3.2083e-07
185 3.2083e-07
186 3.2083e-07
187 3.2083e-07
188 3.2083e-07
189 3.2083e-07
190 3.2083e-07
191 3.2083e-07
192 3.2083e-07
193 3.2083e-07
194 3.2083e-07
195 3.2083e-07
196 3.2083e-07
197 3.2083e-07
198 3.2083e-07
199 3.2083e-07
200 3.2083e-07
201 3.2083e-07
202 3.2083e-07
203 3.2083e-07
204 3.2083e-07
205 3.2083e-07
206 3.2083e-07
207 3.2083e-07
208 3.2083e-07
209 3.2083e-07
210 3.2083e-07
211 3.2083e-07
212 3.2083e-07
213 3.2083e-07
214 3.2083e-07
215 3.2083e-07
216 3.2083e-07
217 3.2083e-07
218 3.2083e-07
219 3.2083e-07
220 3.2083e-07
221 3.2083e-07
222 3.2083e-07
223 3.2083e-07
224 3.2083e-07
225 3.2083e-07
226 3.2083e-07
227 3.2083e-07
228 3.2083e-07
229 3.2083e-07
230 3.2083e-07
231 3.2083e-07
232 3.2083e-07
233 3.2083e-07
234 3.2083e-07
235 3.2083e-07
236 3.2083e-07
237 3.2083e-07
238 3.2083e-07
239 3.2083e-07
240 3.2083e-07
241 3.38528e-07
242 4.04713e-07
243 5.96282e-07
244 1.13195e-06
245 2.57534e-06
246 6.5936e-06
247 1.82038e-05
248 5.34356e-05
249 0.000165251
250 0.000531612
251 0.00175261
252 0.00250042
253 0.00295657
254 0.00449048
255 0.00542372
256 0.00858203
257 0.0105163
258 0.0116628
259 0.0157181
260 0.0294372
261 0.0749094
262 0.101852
263 0.11737
264 0.165199
265 0.191161
266 0.204702
267 0.211287
268 0.213761
269 0.213066
270 0.216454
271 0.216111
272 0.211437
273 0.211566
274 0.216946
275 0.217802
276 0.2148
277 0.206649
278 0.189905
279 0.158143
280 0.100496
281 0.0821092
282 0.0506704
283 0.0411732
284 0.0255573
285 0.0209717
286 0.0196773
287 0.0174777
288 0.0138476
289 0.00785017
290 0.00603517
291 0.00302798
292 0.00212257
293 0.000638135
294 0.000194213
295 6.05771e-05
296 1.96085e-05
297 6.67577e-06
298 2.45045e-06
299 1.03033e-06
300 5.41997e-07
301 3.76388e-07
302 3.29362e-07
303 3.2083e-07
304 3.2083e-07
305 3.2083e-07
306 3.2083e-07
307 3.2083e-07
308 3.2083e-07
309 3.2083e-07
310 3.2083e-07
311 3.2083e-07
312 3.2083e-07
313 3.2083e-07
314 3.2083e-07
315 3.2083e-07
316 3.2083e-07
317 3.2083e-07
318 3.2083e-07
319 3.2083e-07
320 3.2083e-07
321 3.2083e-07
322 3.2083e-07
323 3.2083e-07
324 3.2083e-07
325 3.2083e-07
326 3.2083e-07
327 3.2083e-07
328 3.2083e-07
329 3.2083e-07
330 3.2083e-07
331 3.2083e-07
332 3.2083e-07
333 3.2083e-07
334 3.2083e-07
335 3.2083e-07
336 3.2083e-07
337 3.2083e-07
338 3.2083e-07
339 3.2083e-07
340 3.2083e-07
341 3.2083e-07
342 3.2083e-07
343 3.2083e-07
344 3.2083e-07
345 3.2083e-07
346 3.2083e-07
347 3.2083e-07
348 3.2083e-07
349 3.2083e-07
350 3.2083e-07
351 3.2083e-07
352 3.2083e-07
353 3.2083e-07
354 3.2083e-07
355 3.2083e-07
356 3.2083e-07
357 3.2083e-07
358 3.2083e-07
359 3.2083e-07
360 3.2083e-07
361 3.2083e-07
362 3.2083e-07
363 3.2083e-07
364 3.2083e-07
365 3.2083e-07
366 3.2083e-07
367 3.2083e-07
368 3.2083e-07
369 3.2083e-07
370 3.2083e-07
371 3.2083e-07
372 3.2083e-07
373 3.2083e-07
374 3.2083e-07
375 3.2083e-07
376 3.2083e-07
377 3.2083e-07
378 3.2083e-07
379 3.2083e-07
380 3.2083e-07
381 3.2083e-07
382 3.2083e-07
383 3.2083e-07
384 3.2083e-07
385 3.2083e-07
386 3.2083e-07
387 3.2083e-07
388 3.2083e-07
389 3.2083e-07
390 3.2083e-07
391 3.2083e-07
392 3.2083e-07
393 3.2083e-07
394 3.2083e-07
395 3.2083e-07
396 3.2083e-07
397 3.2083e-07
398 3.2083e-07
399 3.2083e-07
400 3.2083e-07
401 3.2083e-07
402 3.2083e-07
403 3.2083e-07
404 3.2083e-07
405 3.2083e-07
406 3.2083e-07
407 3.2083e-07
408 3.2083e-07
409 3.2083e-07
410 3.2083e-07
411 3.2083e-07
412 3.2083e-07
413 3.2083e-07
414 3.2083e-07
415 3.2083e-07
416 3.2083e-07
417 3.2083e-07
418 3.2083e-07
419 3.2083e-07
420 3.2083e-07
421 3.2083e-07
422 3.2083e-07
423 3.2083e-07
424 3.2083e-07
425 3.2083e-07
426 3.2083e-07
427 3.2083e-07
428 3.2083e-07
429 3.2083e-07
430 3.2083e-07
431 3.2083e-07
432 3.2083e-07
433 3.2083e-07
434 3.2083e-07
435 3.2083e-07
436 3.2083e-07
437 3.2083e-07
438 3.2083e-07
439 3.2083e-07
440 3.2083e-07
441 3.2083e-07
442 3.2083e-07
443 3.2083e-07
444 3.2083e-07
445 3.2083e-07
446 3.2083e-07
447 3.2083e-07
448 3.2083e-07
449 3.2083e-07
450 3.2083e-07
451 3.2083e-07
452 3.2083e-07
453 3.2083e-07
454 3.2083e-07
455 3.2083e-07
456 3.2083e-07
457 3.2083e-07
458 3.2083e-07
459 3.2083e-07
460 3.2083e-07
461 3.2083e-07
462 3.2083e-07
463 3.2083e-07
464 3.2083e-07
465 3.2083e-07
466 3.2083e-07
467 3.2083e-07
468 3.2083e-07
469 3.2083e-07
470 3.2083e-07
471 3.2083e-07
472 3.2083e-07
473 3.2083e-07
474 3.2083e-07
475 3.2083e-07
476 3.2083e-07
477 3.2083e-07
478 3.2083e-07
479 3.2083e-07
480 3.2083e-07
481 3.2083e-07
482 3.2083e-07
483 3.2083e-07
484 3.2083e-07
485 3.2083e-07
486 3.2083e-07
487 3.2083e-07
488 3.2083e-07
489 3.2083e-07
490 3.2083e-07
491 3.2083e-07
492 3.2083e-07
493 3.2083e-07
494 3.2083e-07
495 3.2083e-07
496 3.2083e-07
497 3.2083e-07
498 3.2083e-07
499 3.2083e-07
500 3.2083e-07
501 3.2083e-07
502 3.2083e-07
503 3.2083e-07
504 3.2083e-07
505 3.2083e-07
506 3.2083e-07
507 3.2083e-07
508 3.2083e-07
509 3.2083e-07
510 3.2083e-07
511 3.2083e-07
512 3.2083e-07
513 3.2083e-07
514 3.2083e-07
515 3.2083e-07
516 3.2083e-07
517 3.2083e-07
518 3.2083e-07
519 3.2083e-07
520 3.2083e-07
521 3.2083e-07
522 3.2083e-07
523 3.2083e-07
524 3.2083e-07
525 3.2083e-07
526 3.2083e-07
527 3.2083e-07
528 3.2083e-07
529 3.2083e-07
530 3.2083e-07
531 3.2083e-07
532 3.2083e-07
533 3.2083e-07
534 3.2083e-07
535 3.2083e-07
536 3.2083e-07
537 3.2083e-07
538 3.2083e-07
539 3.2083e-07
540 3.2083e-07
541 3.2083e-07
542 3.2083e-07
