1 4.03803e-08
2 4.03803e-08
3 4.03803e-08
4 4.03803e-08
5 4.03803e-08
6 4.03803e-08
7 4.03803e-08
8 4.03803e-08
9 4.03803e-08
10 4.03803e-08
11 4.03803e-08
12 4.03803e-08
13 4.03803e-08
14 4.03803e-08
15 4.03803e-08
16 4.03803e-08
17 4.03803e-08
18 4.03803e-08
19 4.03803e-08
20 4.03803e-08
21 4.03803e-08
22 4.03803e-08
23 4.03803e-08
24 4.03803e-08
25 4.03803e-08
26 4.03803e-08
27 4.03803e-08
28 4.03803e-08
29 4.03803e-08
30 4.03803e-08
31 4.03803e-08
32 4.03803e-08
33 4.03803e-08
34 4.03803e-08
35 4.03803e-08
36 4.03803e-08
37 4.03803e-08
38 4.03803e-08
39 4.03803e-08
40 4.03803e-08
41 4.03803e-08
42 4.03803e-08
43 4.03803e-08
44 4.03803e-08
45 4.03803e-08
46 4.03803e-08
47 4.03803e-08
48 4.03803e-08
49 4.03803e-08
50 4.03803e-08
51 4.03803e-08
52 4.03803e-08
53 4.03803e-08
54 4.03803e-08
55 4.03803e-08
56 4.03803e-08
57 4.03803e-08
58 4.03803e-08
59 4.03803e-08
60 4.03803e-08
61 4.03803e-08
62 4.03803e-08
63 4.03803e-08
64 4.03803e-08
65 4.03803e-08
66 4.03803e-08
67 4.03803e-08
68 4.03803e-08
69 4.03803e-08
70 4.03803e-08
71 4.03803e-08
72 4.03803e-08
73 4.03803e-08
74 4.03803e-08
75 4.03803e-08
76 4.03803e-08
77 4.03803e-08
78 4.03803e-08
79 4.03803e-08
80 4.03803e-08
81 4.03803e-08
82 4.03803e-08
83 4.03803e-08
84 4.03803e-08
85 4.03803e-08
86 4.03803e-08
87 4.03803e-08
88 4.03803e-08
89 4.03803e-08
90 4.03803e-08
91 4.03803e-08
92 4.03803e-08
93 4.03803e-08
94 4.03803e-08
95 4.03803e-08
96 4.03803e-08
97 4.03803e-08
98 4.03803e-08
99 4.03803e-08
100 4.03803e-08
101 4.03803e-08
102 4.03803e-08
103 4.03803e-08
104 4.03803e-08
105 4.03803e-08
106 4.03803e-08
107 4.03803e-08
108 4.03803e-08
109 4.03803e-08
110 4.03803e-08
111 4.03803e-08
112 4.03803e-08
113 4.03803e-08
114 4.03803e-08
115 4.03803e-08
116 4.03803e-08
117 4.03803e-08
118 4.03803e-08
119 4.03803e-08
120 4.03803e-08
121 4.03803e-08
122 4.03803e-08
123 4.03803e-08
124 4.03803e-08
125 4.03803e-08
126 4.03803e-08
127 4.03803e-08
128 4.03803e-08
129 4.03803e-08
130 4.03803e-08
131 4.03803e-08
132 4.03803e-08
133 4.03803e-08
134 4.03803e-08
135 4.03803e-08
136 4.03803e-08
137 4.03803e-08
138 4.03803e-08
139 4.03803e-08
140 4.03803e-08
141 4.03803e-08
142 4.03803e-08
143 4.03803e-08
144 4.03803e-08
145 4.03803e-08
146 4.03803e-08
147 4.03803e-08
148 4.03803e-08
149 4.03803e-08
150 4.03803e-08
151 4.03803e-08
152 4.03803e-08
153 4.03803e-08
154 4.03803e-08
155 4.03803e-08
156 4.03803e-08
157 4.03803e-08
158 4.03803e-08
159 4.03803e-08
160 4.03803e-08
161 4.03803e-08
162 4.03803e-08
163 4.03803e-08
164 4.03803e-08
165 4.03803e-08
166 4.03803e-08
167 4.03803e-08
168 4.03803e-08
169 4.03803e-08
170 4.03803e-08
171 4.03803e-08
172 4.03803e-08
173 4.03803e-08
174 4.03803e-08
175 4.03803e-08
176 4.03803e-08
177 4.03803e-08
178 4.03803e-08
179 4.03803e-08
180 4.03803e-08
181 4.03803e-08
182 4.03803e-08
183 4.03803e-08
184 4.03803e-08
185 4.03803e-08
186 4.03803e-08
187 4.03803e-08
188 4.03803e-08
189 4.03803e-08
190 4.03803e-08
191 4.03803e-08
192 4.03803e-08
193 4.03803e-08
194 4.03803e-08
195 4.03803e-08
196 4.03803e-08
197 4.03803e-08
198 4.03803e-08
199 4.03803e-08
200 4.03803e-08
201 4.03803e-08
202 4.03803e-08
203 4.03803e-08
204 4.03803e-08
205 4.03803e-08
206 4.03803e-08
207 4.03803e-08
208 4.03803e-08
209 4.03803e-08
210 4.03803e-08
211 4.03803e-08
212 4.03803e-08
213 4.03803e-08
214 4.03803e-08
215 4.03803e-08
216 4.03803e-08
217 4.03803e-08
218 4.03803e-08
219 4.03803e-08
220 4.03803e-08
221 4.03803e-08
222 4.03803e-08
223 4.03803e-08
224 4.03803e-08
225 4.03803e-08
226 4.03803e-08
227 4.03803e-08
228 4.03803e-08
229 4.03803e-08
230 4.03803e-08
231 4.03803e-08
232 4.03803e-08
233 4.03803e-08
234 4.03803e-08
235 4.03803e-08
236 4.03803e-08
237 4.03803e-08
238 4.03803e-08
239 4.03803e-08
240 4.03803e-08
241 4.03803e-08
242 4.03803e-08
243 4.03803e-08
244 4.03803e-08
245 4.03803e-08
246 4.41181e-08
247 8.07414e-08
248 1.96363e-07
249 5.14926e-07
250 1.41072e-06
251 3.80567e-06
252 4.7963e-06
253 4.82739e-06
254 6.07995e-06
255 6.14068e-06
256 8.38627e-06
257 9.04957e-06
258 7.90766e-06
259 1.02527e-05
260 2.07693e-05
261 5.71819e-05
262 7.91516e-05
263 9.18829e-05
264 0.000137462
265 0.000164984
266 0.000180471
267 0.000186462
268 0.000182415
269 0.000164134
270 0.000169373
271 0.000161566
272 0.000137476
273 0.000140838
274 0.000173426
275 0.000186457
276 0.000187384
277 0.00017907
278 0.00016106
279 0.000129786
280 7.76971e-05
281 6.28796e-05
282 3.69792e-05
283 3.01736e-05
284 1.74961e-05
285 1.48997e-05
286 1.69235e-05
287 1.63418e-05
288 1.37111e-05
289 8.57301e-06
290 7.20765e-06
291 4.16197e-06
292 3.23212e-06
293 1.12027e-06
294 3.808e-07
295 1.393e-07
296 5.98972e-08
297 4.03803e-08
298 4.03803e-08
299 4.03803e-08
300 4.03803e-08
301 4.03803e-08
302 4.03803e-08
303 4.03803e-08
304 4.03803e-08
305 4.03803e-08
306 4.03803e-08
307 4.03803e-08
308 4.03803e-08
309 4.03803e-08
310 4.03803e-08
311 4.03803e-08
312 4.03803e-08
313 4.03803e-08
314 4.03803e-08
315 4.03803e-08
316 4.03803e-08
317 4.03803e-08
318 4.03803e-08
319 4.03803e-08
320 4.03803e-08
321 4.03803e-08
322 4.03803e-08
323 4.03803e-08
324 4.03803e-08
325 4.03803e-08
326 4.03803e-08
327 4.03803e-08
328 4.03803e-08
329 4.03803e-08
330 4.03803e-08
331 4.03803e-08
332 4.03803e-08
333 4.03803e-08
334 4.03803e-08
335 4.03803e-08
336 4.03803e-08
337 4.03803e-08
338 4.03803e-08
339 4.03803e-08
340 4.03803e-08
341 4.03803e-08
342 4.03803e-08
343 4.03803e-08
344 4.03803e-08
345 4.03803e-08
346 4.03803e-08
347 4.03803e-08
348 4.03803e-08
349 4.03803e-08
350 4.03803e-08
351 4.03803e-08
352 4.03803e-08
353 4.03803e-08
354 4.03803e-08
355 4.03803e-08
356 4.03803e-08
357 4.03803e-08
358 4.03803e-08
359 4.03803e-08
360 4.03803e-08
361 4.03803e-08
362 4.03803e-08
363 4.03803e-08
364 4.03803e-08
365 4.03803e-08
366 4.03803e-08
367 4.03803e-08
368 4.03803e-08
369 4.03803e-08
370 4.03803e-08
371 4.03803e-08
372 4.03803e-08
373 4.03803e-08
374 4.03803e-08
375 4.03803e-08
376 4.03803e-08
377 4.03803e-08
378 4.03803e-08
379 4.03803e-08
380 4.03803e-08
381 4.03803e-08
382 4.03803e-08
383 4.03803e-08
384 4.03803e-08
385 4.03803e-08
386 4.03803e-08
387 4.03803e-08
388 4.03803e-08
389 4.03803e-08
390 4.03803e-08
391 4.03803e-08
392 4.03803e-08
393 4.03803e-08
394 4.03803e-08
395 4.03803e-08
396 4.03803e-08
397 4.03803e-08
398 4.03803e-08
399 4.03803e-08
400 4.03803e-08
401 4.03803e-08
402 4.03803e-08
403 4.03803e-08
404 4.03803e-08
405 4.03803e-08
406 4.03803e-08
407 4.03803e-08
408 4.03803e-08
409 4.03803e-08
410 4.03803e-08
411 4.03803e-08
412 4.03803e-08
413 4.03803e-08
414 4.03803e-08
415 4.03803e-08
416 4.03803e-08
417 4.03803e-08
418 4.03803e-08
419 4.03803e-08
420 4.03803e-08
421 4.03803e-08
422 4.03803e-08
423 4.03803e-08
424 4.03803e-08
425 4.03803e-08
426 4.03803e-08
427 4.03803e-08
428 4.03803e-08
429 4.03803e-08
430 4.03803e-08
431 4.03803e-08
432 4.03803e-08
433 4.03803e-08
434 4.03803e-08
435 4.03803e-08
436 4.03803e-08
437 4.03803e-08
438 4.03803e-08
439 4.03803e-08
440 4.03803e-08
441 4.03803e-08
442 4.03803e-08
443 4.03803e-08
444 4.03803e-08
445 4.03803e-08
446 4.03803e-08
447 4.03803e-08
448 4.03803e-08
449 4.03803e-08
450 4.03803e-08
451 4.03803e-08
452 4.03803e-08
453 4.03803e-08
454 4.03803e-08
455 4.03803e-08
456 4.03803e-08
457 4.03803e-08
458 4.03803e-08
459 4.03803e-08
460 4.03803e-08
461 4.03803e-08
462 4.03803e-08
463 4.03803e-08
464 4.03803e-08
465 4.03803e-08
466 4.03803e-08
467 4.03803e-08
468 4.03803e-08
469 4.03803e-08
470 4.03803e-08
471 4.03803e-08
472 4.03803e-08
473 4.03803e-08
474 4.03803e-08
475 4.03803e-08
476 4.03803e-08
477 4.03803e-08
478 4.03803e-08
479 4.03803e-08
480 4.03803e-08
481 4.03803e-08
482 4.03803e-08
483 4.03803e-08
484 4.03803e-08
485 4.03803e-08
486 4.03803e-08
487 4.03803e-08
488 4.03803e-08
489 4.03803e-08
490 4.03803e-08
491 4.03803e-08
492 4.03803e-08
493 4.03803e-08
494 4.03803e-08
495 4.03803e-08
496 4.03803e-08
497 4.03803e-08
498 4.03803e-08
499 4.03803e-08
500 4.03803e-08
501 4.03803e-08
502 4.03803e-08
503 4.03803e-08
504 4.03803e-08
505 4.03803e-08
506 4.03803e-08
507 4.03803e-08
508 4.03803e-08
509 4.03803e-08
510 4.03803e-08
511 4.03803e-08
512 4.03803e-08
513 4.03803e-08
514 4.03803e-08
515 4.03803e-08
516 4.03803e-08
517 4.03803e-08
518 4.03803e-08
519 4.03803e-08
520 4.03803e-08
521 4.03803e-08
522 4.03803e-08
523 4.03803e-08
524 4.03803e-08
525 4.03803e-08
526 4.03803e-08
527 4.03803e-08
528 4.03803e-08
529 4.03803e-08
530 4.03803e-08
531 4.03803e-08
532 4.03803e-08
533 4.03803e-08
534 4.03803e-08
535 4.03803e-08
536 4.03803e-08
537 4.03803e-08
538 4.03803e-08
539 4.03803e-08
540 4.03803e-08
541 4.03803e-08
542 4.03803e-08
