1 4.12326e-09
2 4.12326e-09
3 4.12326e-09
4 4.12326e-09
5 4.12326e-09
6 4.12326e-09
7 4.12326e-09
8 4.12326e-09
9 4.12326e-09
10 4.12326e-09
11 4.12326e-09
12 4.12326e-09
13 4.12326e-09
14 4.12326e-09
15 4.12326e-09
16 4.12326e-09
17 4.12326e-09
18 4.12326e-09
19 4.12326e-09
20 4.12326e-09
21 4.12326e-09
22 4.12326e-09
23 4.12326e-09
24 4.12326e-09
25 4.12326e-09
26 4.12326e-09
27 4.12326e-09
28 4.12326e-09
29 4.12326e-09
30 4.12326e-09
31 4.12326e-09
32 4.12326e-09
33 4.12326e-09
34 4.12326e-09
35 4.12326e-09
36 4.12326e-09
37 4.12326e-09
38 4.12326e-09
39 4.12326e-09
40 4.12326e-09
41 4.12326e-09
42 4.12326e-09
43 4.12326e-09
44 4.12326e-09
45 4.12326e-09
46 4.12326e-09
47 4.12326e-09
48 4.12326e-09
49 4.12326e-09
50 4.12326e-09
51 4.12326e-09
52 4.12326e-09
53 4.12326e-09
54 4.12326e-09
55 4.12326e-09
56 4.12326e-09
57 4.12326e-09
58 4.12326e-09
59 4.12326e-09
60 4.12326e-09
61 4.12326e-09
62 4.12326e-09
63 4.12326e-09
64 4.12326e-09
65 4.12326e-09
66 4.12326e-09
67 4.12326e-09
68 4.12326e-09
69 4.12326e-09
70 4.12326e-09
71 4.12326e-09
72 4.12326e-09
73 4.12326e-09
74 4.12326e-09
75 4.12326e-09
76 4.12326e-09
77 4.12326e-09
78 4.12326e-09
79 4.12326e-09
80 4.12326e-09
81 4.12326e-09
82 4.12326e-09
83 4.12326e-09
84 4.12326e-09
85 4.12326e-09
86 4.12326e-09
87 4.12326e-09
88 4.12326e-09
89 4.12326e-09
90 4.12326e-09
91 4.12326e-09
92 4.12326e-09
93 4.12326e-09
94 4.12326e-09
95 4.12326e-09
96 4.12326e-09
97 4.12326e-09
98 4.12326e-09
99 4.12326e-09
100 4.12326e-09
101 4.12326e-09
102 4.12326e-09
103 4.12326e-09
104 4.12326e-09
105 4.12326e-09
106 4.12326e-09
107 4.12326e-09
108 4.12326e-09
109 4.12326e-09
110 4.12326e-09
111 4.12326e-09
112 4.12326e-09
113 4.12326e-09
114 4.12326e-09
115 4.12326e-09
116 4.12326e-09
117 4.12326e-09
118 4.12326e-09
119 4.12326e-09
120 4.12326e-09
121 4.12326e-09
122 4.12326e-09
123 4.12326e-09
124 4.12326e-09
125 4.12326e-09
126 4.12326e-09
127 4.12326e-09
128 4.12326e-09
129 4.12326e-09
130 4.12326e-09
131 4.12326e-09
132 4.12326e-09
133 4.12326e-09
134 4.12326e-09
135 4.12326e-09
136 4.12326e-09
137 4.12326e-09
138 4.12326e-09
139 4.12326e-09
140 4.12326e-09
141 4.12326e-09
142 4.12326e-09
143 4.12326e-09
144 4.12326e-09
145 4.12326e-09
146 4.12326e-09
147 4.12326e-09
148 4.12326e-09
149 4.12326e-09
150 4.12326e-09
151 4.12326e-09
152 4.12326e-09
153 4.12326e-09
154 4.12326e-09
155 4.12326e-09
156 4.12326e-09
157 4.12326e-09
158 4.12326e-09
159 4.12326e-09
160 4.12326e-09
161 4.12326e-09
162 4.12326e-09
163 4.12326e-09
164 4.12326e-09
165 4.12326e-09
166 4.12326e-09
167 4.12326e-09
168 4.12326e-09
169 4.12326e-09
170 4.12326e-09
171 4.12326e-09
172 4.12326e-09
173 4.12326e-09
174 4.12326e-09
175 4.12326e-09
176 4.12326e-09
177 4.12326e-09
178 4.12326e-09
179 4.12326e-09
180 4.12326e-09
181 4.12326e-09
182 4.12326e-09
183 4.12326e-09
184 4.12326e-09
185 4.12326e-09
186 4.12326e-09
187 4.12326e-09
188 4.12326e-09
189 4.12326e-09
190 4.12326e-09
191 4.12326e-09
192 4.12326e-09
193 4.12326e-09
194 4.12326e-09
195 4.12326e-09
196 4.12326e-09
197 4.12326e-09
198 4.12326e-09
199 4.12326e-09
200 4.12326e-09
201 4.12326e-09
202 4.12326e-09
203 4.12326e-09
204 4.12326e-09
205 4.12326e-09
206 4.12326e-09
207 4.12326e-09
208 4.12326e-09
209 4.12326e-09
210 4.12326e-09
211 4.12326e-09
212 4.12326e-09
213 4.12326e-09
214 4.12326e-09
215 4.12326e-09
216 4.12326e-09
217 4.12326e-09
218 4.12326e-09
219 4.12326e-09
220 4.12326e-09
221 4.12326e-09
222 4.12326e-09
223 4.12326e-09
224 4.12326e-09
225 4.12326e-09
226 4.12326e-09
227 4.12326e-09
228 4.12326e-09
229 4.12326e-09
230 4.12326e-09
231 4.12326e-09
232 4.12326e-09
233 4.12326e-09
234 4.44283e-09
235 7.64553e-09
236 2.05655e-08
237 6.42881e-08
238 2.1033e-07
239 6.88105e-07
240 2.22478e-06
241 7.06935e-06
242 2.20099e-05
243 6.70036e-05
244 0.000199199
245 0.000578113
246 0.00163858
247 0.00454151
248 0.0123333
249 0.0329031
250 0.0864857
251 0.224615
252 0.289167
253 0.319096
254 0.39431
255 0.428467
256 0.512019
257 0.548662
258 0.564356
259 0.600121
260 0.679146
261 0.847942
262 0.911513
263 0.934553
264 0.978432
265 0.993085
266 0.997771
267 0.999205
268 0.999624
269 0.999737
270 0.999905
271 0.999935
272 0.999891
273 0.999864
274 0.999852
275 0.99975
276 0.999382
277 0.998153
278 0.994246
279 0.98238
280 0.947881
281 0.930277
282 0.882961
283 0.860483
284 0.803756
285 0.778199
286 0.766892
287 0.73987
288 0.675795
289 0.524616
290 0.459695
291 0.308166
292 0.24414
293 0.0982724
294 0.0386408
295 0.0148066
296 0.00552034
297 0.00200084
298 0.000704875
299 0.000241467
300 8.05213e-05
301 2.61823e-05
302 8.32117e-06
303 2.59296e-06
304 7.9535e-07
305 2.41722e-07
306 7.36196e-08
307 2.33246e-08
308 8.45109e-09
309 4.52032e-09
310 4.12326e-09
311 4.12326e-09
312 4.12326e-09
313 4.12326e-09
314 4.12326e-09
315 4.12326e-09
316 4.12326e-09
317 4.12326e-09
318 4.12326e-09
319 4.12326e-09
320 4.12326e-09
321 4.12326e-09
322 4.12326e-09
323 4.12326e-09
324 4.12326e-09
325 4.12326e-09
326 4.12326e-09
327 4.12326e-09
328 4.12326e-09
329 4.12326e-09
330 4.12326e-09
331 4.12326e-09
332 4.12326e-09
333 4.12326e-09
334 4.12326e-09
335 4.12326e-09
336 4.12326e-09
337 4.12326e-09
338 4.12326e-09
339 4.12326e-09
340 4.12326e-09
341 4.12326e-09
342 4.12326e-09
343 4.12326e-09
344 4.12326e-09
345 4.12326e-09
346 4.12326e-09
347 4.12326e-09
348 4.12326e-09
349 4.12326e-09
350 4.12326e-09
351 4.12326e-09
352 4.12326e-09
353 4.12326e-09
354 4.12326e-09
355 4.12326e-09
356 4.12326e-09
357 4.12326e-09
358 4.12326e-09
359 4.12326e-09
360 4.12326e-09
361 4.12326e-09
362 4.12326e-09
363 4.12326e-09
364 4.12326e-09
365 4.12326e-09
366 4.12326e-09
367 4.12326e-09
368 4.12326e-09
369 4.12326e-09
370 4.12326e-09
371 4.12326e-09
372 4.12326e-09
373 4.12326e-09
374 4.12326e-09
375 4.12326e-09
376 4.12326e-09
377 4.12326e-09
378 4.12326e-09
379 4.12326e-09
380 4.12326e-09
381 4.12326e-09
382 4.12326e-09
383 4.12326e-09
384 4.12326e-09
385 4.12326e-09
386 4.12326e-09
387 4.12326e-09
388 4.12326e-09
389 4.12326e-09
390 4.12326e-09
391 4.12326e-09
392 4.12326e-09
393 4.12326e-09
394 4.12326e-09
395 4.12326e-09
396 4.12326e-09
397 4.12326e-09
398 4.12326e-09
399 4.12326e-09
400 4.12326e-09
401 4.12326e-09
402 4.12326e-09
403 4.12326e-09
404 4.12326e-09
405 4.12326e-09
406 4.12326e-09
407 4.12326e-09
408 4.12326e-09
409 4.12326e-09
410 4.12326e-09
411 4.12326e-09
412 4.12326e-09
413 4.12326e-09
414 4.12326e-09
415 4.12326e-09
416 4.12326e-09
417 4.12326e-09
418 4.12326e-09
419 4.12326e-09
420 4.12326e-09
421 4.12326e-09
422 4.12326e-09
423 4.12326e-09
424 4.12326e-09
425 4.12326e-09
426 4.12326e-09
427 4.12326e-09
428 4.12326e-09
429 4.12326e-09
430 4.12326e-09
431 4.12326e-09
432 4.12326e-09
433 4.12326e-09
434 4.12326e-09
435 4.12326e-09
436 4.12326e-09
437 4.12326e-09
438 4.12326e-09
439 4.12326e-09
440 4.12326e-09
441 4.12326e-09
442 4.12326e-09
443 4.12326e-09
444 4.12326e-09
445 4.12326e-09
446 4.12326e-09
447 4.12326e-09
448 4.12326e-09
449 4.12326e-09
450 4.12326e-09
451 4.12326e-09
452 4.12326e-09
453 4.12326e-09
454 4.12326e-09
455 4.12326e-09
456 4.12326e-09
457 4.12326e-09
458 4.12326e-09
459 4.12326e-09
460 4.12326e-09
461 4.12326e-09
462 4.12326e-09
463 4.12326e-09
464 4.12326e-09
465 4.12326e-09
466 4.12326e-09
467 4.12326e-09
468 4.12326e-09
469 4.12326e-09
470 4.12326e-09
471 4.12326e-09
472 4.12326e-09
473 4.12326e-09
474 4.12326e-09
475 4.12326e-09
476 4.12326e-09
477 4.12326e-09
478 4.12326e-09
479 4.12326e-09
480 4.12326e-09
481 4.12326e-09
482 4.12326e-09
483 4.12326e-09
484 4.12326e-09
485 4.12326e-09
486 4.12326e-09
487 4.12326e-09
488 4.12326e-09
489 4.12326e-09
490 4.12326e-09
491 4.12326e-09
492 4.12326e-09
493 4.12326e-09
494 4.12326e-09
495 4.12326e-09
496 4.12326e-09
497 4.12326e-09
498 4.12326e-09
499 4.12326e-09
500 4.12326e-09
501 4.12326e-09
502 4.12326e-09
503 4.12326e-09
504 4.12326e-09
505 4.12326e-09
506 4.12326e-09
507 4.12326e-09
508 4.12326e-09
509 4.12326e-09
510 4.12326e-09
511 4.12326e-09
512 4.12326e-09
513 4.12326e-09
514 4.12326e-09
515 4.12326e-09
516 4.12326e-09
517 4.12326e-09
518 4.12326e-09
519 4.12326e-09
520 4.12326e-09
521 4.12326e-09
522 4.12326e-09
523 4.12326e-09
524 4.12326e-09
525 4.12326e-09
526 4.12326e-09
527 4.12326e-09
528 4.12326e-09
529 4.12326e-09
530 4.12326e-09
531 4.12326e-09
532 4.12326e-09
533 4.12326e-09
534 4.12326e-09
535 4.12326e-09
536 4.12326e-09
537 4.12326e-09
538 4.12326e-09
539 4.12326e-09
540 4.12326e-09
541 4.12326e-09
542 4.12326e-09
