1 8.77885e-08
2 8.77885e-08
3 8.77885e-08
4 8.77885e-08
5 8.77885e-08
6 8.77885e-08
7 8.77885e-08
8 8.77885e-08
9 8.77885e-08
10 8.77885e-08
11 8.77885e-08
12 8.77885e-08
13 8.77885e-08
14 8.77885e-08
15 8.77885e-08
16 8.77885e-08
17 8.77885e-08
18 8.77885e-08
19 8.77885e-08
20 8.77885e-08
21 8.77885e-08
22 8.77885e-08
23 8.77885e-08
24 8.77885e-08
25 8.77885e-08
26 8.77885e-08
27 8.77885e-08
28 8.77885e-08
29 8.77885e-08
30 8.77885e-08
31 8.77885e-08
32 8.77885e-08
33 8.77885e-08
34 8.77885e-08
35 8.77885e-08
36 8.77885e-08
37 8.77885e-08
38 8.77885e-08
39 8.77885e-08
40 8.77885e-08
41 8.77885e-08
42 8.77885e-08
43 8.77885e-08
44 8.77885e-08
45 8.77885e-08
46 8.77885e-08
47 8.77885e-08
48 8.77885e-08
49 8.77885e-08
50 8.77885e-08
51 8.77885e-08
52 8.77885e-08
53 8.77885e-08
54 8.77885e-08
55 8.77885e-08
56 8.77885e-08
57 8.77885e-08
58 8.77885e-08
59 8.77885e-08
60 8.77885e-08
61 8.77885e-08
62 8.77885e-08
63 8.77885e-08
64 8.77885e-08
65 8.77885e-08
66 8.77885e-08
67 8.77885e-08
68 8.77885e-08
69 8.77885e-08
70 8.77885e-08
71 8.77885e-08
72 8.77885e-08
73 8.77885e-08
74 8.77885e-08
75 8.77885e-08
76 8.77885e-08
77 8.77885e-08
78 8.77885e-08
79 8.77885e-08
80 8.77885e-08
81 8.77885e-08
82 8.77885e-08
83 8.77885e-08
84 8.77885e-08
85 8.77885e-08
86 8.77885e-08
87 8.77885e-08
88 8.77885e-08
89 8.77885e-08
90 8.77885e-08
91 8.77885e-08
92 8.77885e-08
93 8.77885e-08
94 8.77885e-08
95 8.77885e-08
96 8.77885e-08
97 8.77885e-08
98 8.77885e-08
99 8.77885e-08
100 8.77885e-08
101 8.77885e-08
102 8.77885e-08
103 8.77885e-08
104 8.77885e-08
105 8.77885e-08
106 8.77885e-08
107 8.77885e-08
108 8.77885e-08
109 8.77885e-08
110 8.77885e-08
111 8.77885e-08
112 8.77885e-08
113 8.77885e-08
114 8.77885e-08
115 8.77885e-08
116 8.77885e-08
117 8.77885e-08
118 8.77885e-08
119 8.77885e-08
120 8.77885e-08
121 8.77885e-08
122 8.77885e-08
123 8.77885e-08
124 8.77885e-08
125 8.77885e-08
126 8.77885e-08
127 8.77885e-08
128 8.77885e-08
129 8.77885e-08
130 8.77885e-08
131 8.77885e-08
132 8.77885e-08
133 8.77885e-08
134 8.77885e-08
135 8.77885e-08
136 8.77885e-08
137 8.77885e-08
138 8.77885e-08
139 8.77885e-08
140 8.77885e-08
141 8.77885e-08
142 8.77885e-08
143 8.77885e-08
144 8.77885e-08
145 8.77885e-08
146 8.77885e-08
147 8.77885e-08
148 8.77885e-08
149 8.77885e-08
150 8.77885e-08
151 8.77885e-08
152 8.77885e-08
153 8.77885e-08
154 8.77885e-08
155 8.77885e-08
156 8.77885e-08
157 8.77885e-08
158 8.77885e-08
159 8.77885e-08
160 8.77885e-08
161 8.77885e-08
162 8.77885e-08
163 8.77885e-08
164 8.77885e-08
165 8.77885e-08
166 8.77885e-08
167 8.77885e-08
168 8.77885e-08
169 8.77885e-08
170 8.77885e-08
171 8.77885e-08
172 8.77885e-08
173 8.77885e-08
174 8.77885e-08
175 8.77885e-08
176 8.77885e-08
177 8.77885e-08
178 8.77885e-08
179 8.77885e-08
180 8.77885e-08
181 8.77885e-08
182 8.77885e-08
183 8.77885e-08
184 8.77885e-08
185 8.77885e-08
186 8.77885e-08
187 8.77885e-08
188 8.77885e-08
189 8.77885e-08
190 8.77885e-08
191 8.77885e-08
192 8.77885e-08
193 8.77885e-08
194 8.77885e-08
195 8.77885e-08
196 8.77885e-08
197 8.77885e-08
198 8.77885e-08
199 8.77885e-08
200 8.77885e-08
201 8.77885e-08
202 8.77885e-08
203 8.77885e-08
204 8.77885e-08
205 8.77885e-08
206 8.77885e-08
207 8.77885e-08
208 8.77885e-08
209 8.77885e-08
210 8.77885e-08
211 8.77885e-08
212 8.77885e-08
213 8.77885e-08
214 8.77885e-08
215 8.77885e-08
216 8.77885e-08
217 8.77885e-08
218 8.77885e-08
219 8.77885e-08
220 8.77885e-08
221 8.77885e-08
222 8.77885e-08
223 8.77885e-08
224 8.77885e-08
225 8.77885e-08
226 8.77885e-08
227 8.77885e-08
228 8.77885e-08
229 8.77885e-08
230 8.77885e-08
231 8.77885e-08
232 8.77885e-08
233 8.77885e-08
234 8.77885e-08
235 8.77885e-08
236 8.77885e-08
237 8.77885e-08
238 8.77885e-08
239 8.77885e-08
240 8.77885e-08
241 8.77885e-08
242 8.77885e-08
243 8.77885e-08
244 9.15016e-08
245 1.30943e-07
246 2.51394e-07
247 5.99567e-07
248 1.55007e-06
249 4.08372e-06
250 1.10304e-05
251 3.08324e-05
252 4.14335e-05
253 4.66611e-05
254 6.65575e-05
255 7.70011e-05
256 0.000118029
257 0.000140578
258 0.000147415
259 0.000196137
260 0.000371865
261 0.000970428
262 0.00134024
263 0.00156659
264 0.00234614
265 0.00281882
266 0.00309347
267 0.00323368
268 0.00326581
269 0.00317461
270 0.00326631
271 0.0032172
272 0.0029928
273 0.00299811
274 0.00322894
275 0.00329026
276 0.00323503
277 0.00306532
278 0.0027462
279 0.0022059
280 0.00132368
281 0.00107002
282 0.000653434
283 0.000535565
284 0.000333593
285 0.000277498
286 0.000270768
287 0.000243847
288 0.00019391
289 0.000110467
290 8.62118e-05
291 4.53471e-05
292 3.30056e-05
293 1.10698e-05
294 3.82471e-06
295 1.35761e-06
296 4.99945e-07
297 2.02605e-07
298 1.10381e-07
299 8.77885e-08
300 8.77885e-08
301 8.77885e-08
302 8.77885e-08
303 8.77885e-08
304 8.77885e-08
305 8.77885e-08
306 8.77885e-08
307 8.77885e-08
308 8.77885e-08
309 8.77885e-08
310 8.77885e-08
311 8.77885e-08
312 8.77885e-08
313 8.77885e-08
314 8.77885e-08
315 8.77885e-08
316 8.77885e-08
317 8.77885e-08
318 8.77885e-08
319 8.77885e-08
320 8.77885e-08
321 8.77885e-08
322 8.77885e-08
323 8.77885e-08
324 8.77885e-08
325 8.77885e-08
326 8.77885e-08
327 8.77885e-08
328 8.77885e-08
329 8.77885e-08
330 8.77885e-08
331 8.77885e-08
332 8.77885e-08
333 8.77885e-08
334 8.77885e-08
335 8.77885e-08
336 8.77885e-08
337 8.77885e-08
338 8.77885e-08
339 8.77885e-08
340 8.77885e-08
341 8.77885e-08
342 8.77885e-08
343 8.77885e-08
344 8.77885e-08
345 8.77885e-08
346 8.77885e-08
347 8.77885e-08
348 8.77885e-08
349 8.77885e-08
350 8.77885e-08
351 8.77885e-08
352 8.77885e-08
353 8.77885e-08
354 8.77885e-08
355 8.77885e-08
356 8.77885e-08
357 8.77885e-08
358 8.77885e-08
359 8.77885e-08
360 8.77885e-08
361 8.77885e-08
362 8.77885e-08
363 8.77885e-08
364 8.77885e-08
365 8.77885e-08
366 8.77885e-08
367 8.77885e-08
368 8.77885e-08
369 8.77885e-08
370 8.77885e-08
371 8.77885e-08
372 8.77885e-08
373 8.77885e-08
374 8.77885e-08
375 8.77885e-08
376 8.77885e-08
377 8.77885e-08
378 8.77885e-08
379 8.77885e-08
380 8.77885e-08
381 8.77885e-08
382 8.77885e-08
383 8.77885e-08
384 8.77885e-08
385 8.77885e-08
386 8.77885e-08
387 8.77885e-08
388 8.77885e-08
389 8.77885e-08
390 8.77885e-08
391 8.77885e-08
392 8.77885e-08
393 8.77885e-08
394 8.77885e-08
395 8.77885e-08
396 8.77885e-08
397 8.77885e-08
398 8.77885e-08
399 8.77885e-08
400 8.77885e-08
401 8.77885e-08
402 8.77885e-08
403 8.77885e-08
404 8.77885e-08
405 8.77885e-08
406 8.77885e-08
407 8.77885e-08
408 8.77885e-08
409 8.77885e-08
410 8.77885e-08
411 8.77885e-08
412 8.77885e-08
413 8.77885e-08
414 8.77885e-08
415 8.77885e-08
416 8.77885e-08
417 8.77885e-08
418 8.77885e-08
419 8.77885e-08
420 8.77885e-08
421 8.77885e-08
422 8.77885e-08
423 8.77885e-08
424 8.77885e-08
425 8.77885e-08
426 8.77885e-08
427 8.77885e-08
428 8.77885e-08
429 8.77885e-08
430 8.77885e-08
431 8.77885e-08
432 8.77885e-08
433 8.77885e-08
434 8.77885e-08
435 8.77885e-08
436 8.77885e-08
437 8.77885e-08
438 8.77885e-08
439 8.77885e-08
440 8.77885e-08
441 8.77885e-08
442 8.77885e-08
443 8.77885e-08
444 8.77885e-08
445 8.77885e-08
446 8.77885e-08
447 8.77885e-08
448 8.77885e-08
449 8.77885e-08
450 8.77885e-08
451 8.77885e-08
452 8.77885e-08
453 8.77885e-08
454 8.77885e-08
455 8.77885e-08
456 8.77885e-08
457 8.77885e-08
458 8.77885e-08
459 8.77885e-08
460 8.77885e-08
461 8.77885e-08
462 8.77885e-08
463 8.77885e-08
464 8.77885e-08
465 8.77885e-08
466 8.77885e-08
467 8.77885e-08
468 8.77885e-08
469 8.77885e-08
470 8.77885e-08
471 8.77885e-08
472 8.77885e-08
473 8.77885e-08
474 8.77885e-08
475 8.77885e-08
476 8.77885e-08
477 8.77885e-08
478 8.77885e-08
479 8.77885e-08
480 8.77885e-08
481 8.77885e-08
482 8.77885e-08
483 8.77885e-08
484 8.77885e-08
485 8.77885e-08
486 8.77885e-08
487 8.77885e-08
488 8.77885e-08
489 8.77885e-08
490 8.77885e-08
491 8.77885e-08
492 8.77885e-08
493 8.77885e-08
494 8.77885e-08
495 8.77885e-08
496 8.77885e-08
497 8.77885e-08
498 8.77885e-08
499 8.77885e-08
500 8.77885e-08
501 8.77885e-08
502 8.77885e-08
503 8.77885e-08
504 8.77885e-08
505 8.77885e-08
506 8.77885e-08
507 8.77885e-08
508 8.77885e-08
509 8.77885e-08
510 8.77885e-08
511 8.77885e-08
512 8.77885e-08
513 8.77885e-08
514 8.77885e-08
515 8.77885e-08
516 8.77885e-08
517 8.77885e-08
518 8.77885e-08
519 8.77885e-08
520 8.77885e-08
521 8.77885e-08
522 8.77885e-08
523 8.77885e-08
524 8.77885e-08
525 8.77885e-08
526 8.77885e-08
527 8.77885e-08
528 8.77885e-08
529 8.77885e-08
530 8.77885e-08
531 8.77885e-08
532 8.77885e-08
533 8.77885e-08
534 8.77885e-08
535 8.77885e-08
536 8.77885e-08
537 8.77885e-08
538 8.77885e-08
539 8.77885e-08
540 8.77885e-08
541 8.77885e-08
542 8.77885e-08
