1 3.42325e-09
2 3.42325e-09
3 3.42325e-09
4 3.42325e-09
5 3.42325e-09
6 3.42325e-09
7 3.42325e-09
8 3.42325e-09
9 3.42325e-09
10 3.42325e-09
11 3.42325e-09
12 3.42325e-09
13 3.42325e-09
14 3.42325e-09
15 3.42325e-09
16 3.42325e-09
17 3.42325e-09
18 3.42325e-09
19 3.42325e-09
20 3.42325e-09
21 3.42325e-09
22 3.42325e-09
23 3.42325e-09
24 3.42325e-09
25 3.42325e-09
26 3.42325e-09
27 3.42325e-09
28 3.42325e-09
29 3.42325e-09
30 3.42325e-09
31 3.42325e-09
32 3.42325e-09
33 3.42325e-09
34 3.42325e-09
35 3.42325e-09
36 3.42325e-09
37 3.42325e-09
38 3.42325e-09
39 3.42325e-09
40 3.42325e-09
41 3.42325e-09
42 3.42325e-09
43 3.42325e-09
44 3.42325e-09
45 3.42325e-09
46 3.42325e-09
47 3.42325e-09
48 3.42325e-09
49 3.42325e-09
50 3.42325e-09
51 3.42325e-09
52 3.42325e-09
53 3.42325e-09
54 3.42325e-09
55 3.42325e-09
56 3.42325e-09
57 3.42325e-09
58 3.42325e-09
59 3.42325e-09
60 3.42325e-09
61 3.42325e-09
62 3.42325e-09
63 3.42325e-09
64 3.42325e-09
65 3.42325e-09
66 3.42325e-09
67 3.42325e-09
68 3.42325e-09
69 3.42325e-09
70 3.42325e-09
71 3.42325e-09
72 3.42325e-09
73 3.42325e-09
74 3.42325e-09
75 3.42325e-09
76 3.42325e-09
77 3.42325e-09
78 3.42325e-09
79 3.42325e-09
80 3.42325e-09
81 3.42325e-09
82 3.42325e-09
83 3.42325e-09
84 3.42325e-09
85 3.42325e-09
86 3.42325e-09
87 3.42325e-09
88 3.42325e-09
89 3.42325e-09
90 3.42325e-09
91 3.42325e-09
92 3.42325e-09
93 3.42325e-09
94 3.42325e-09
95 3.42325e-09
96 3.42325e-09
97 3.42325e-09
98 3.42325e-09
99 3.42325e-09
100 3.42325e-09
101 3.42325e-09
102 3.42325e-09
103 3.42325e-09
104 3.42325e-09
105 3.42325e-09
106 3.42325e-09
107 3.42325e-09
108 3.42325e-09
109 3.42325e-09
110 3.42325e-09
111 3.42325e-09
112 3.42325e-09
113 3.42325e-09
114 3.42325e-09
115 3.42325e-09
116 3.42325e-09
117 3.42325e-09
118 3.42325e-09
119 3.42325e-09
120 3.42325e-09
121 3.42325e-09
122 3.42325e-09
123 3.42325e-09
124 3.42325e-09
125 3.42325e-09
126 3.42325e-09
127 3.42325e-09
128 3.42325e-09
129 3.42325e-09
130 3.42325e-09
131 3.42325e-09
132 3.42325e-09
133 3.42325e-09
134 3.42325e-09
135 3.42325e-09
136 3.42325e-09
137 3.42325e-09
138 3.42325e-09
139 3.42325e-09
140 3.42325e-09
141 3.42325e-09
142 3.42325e-09
143 3.42325e-09
144 3.42325e-09
145 3.42325e-09
146 3.42325e-09
147 3.42325e-09
148 3.42325e-09
149 3.42325e-09
150 3.42325e-09
151 3.42325e-09
152 3.42325e-09
153 3.42325e-09
154 3.42325e-09
155 3.42325e-09
156 3.42325e-09
157 3.42325e-09
158 3.42325e-09
159 3.42325e-09
160 3.42325e-09
161 3.42325e-09
162 3.42325e-09
163 3.42325e-09
164 3.42325e-09
165 3.42325e-09
166 3.42325e-09
167 3.42325e-09
168 3.42325e-09
169 3.42325e-09
170 3.42325e-09
171 3.42325e-09
172 3.42325e-09
173 3.42325e-09
174 3.42325e-09
175 3.42325e-09
176 3.42325e-09
177 3.42325e-09
178 3.42325e-09
179 3.42325e-09
180 3.42325e-09
181 3.42325e-09
182 3.42325e-09
183 3.42325e-09
184 3.42325e-09
185 3.42325e-09
186 3.42325e-09
187 3.42325e-09
188 3.42325e-09
189 3.42325e-09
190 3.42325e-09
191 3.42325e-09
192 3.42325e-09
193 3.42325e-09
194 3.42325e-09
195 3.42325e-09
196 3.42325e-09
197 3.42325e-09
198 3.42325e-09
199 3.42325e-09
200 3.42325e-09
201 3.42325e-09
202 3.42325e-09
203 3.42325e-09
204 3.42325e-09
205 3.42325e-09
206 3.42325e-09
207 3.42325e-09
208 3.42325e-09
209 3.42325e-09
210 3.42325e-09
211 3.42325e-09
212 3.42325e-09
213 3.42325e-09
214 3.42325e-09
215 3.42325e-09
216 3.42325e-09
217 3.42325e-09
218 3.42325e-09
219 3.42325e-09
220 3.42325e-09
221 3.42325e-09
222 3.42325e-09
223 3.42325e-09
224 3.42325e-09
225 3.42325e-09
226 3.42325e-09
227 3.42325e-09
228 3.42325e-09
229 3.42325e-09
230 3.42325e-09
231 3.42325e-09
232 3.42325e-09
233 3.42325e-09
234 4.07182e-09
235 8.72231e-09
236 2.63877e-08
237 8.60299e-08
238 2.82095e-07
239 9.13985e-07
240 2.91163e-06
241 9.09259e-06
242 2.77747e-05
243 8.2881e-05
244 0.000241481
245 0.000687172
246 0.00191196
247 0.00521104
248 0.0139468
249 0.0367583
250 0.0956753
251 0.246503
252 0.316532
253 0.348759
254 0.428982
255 0.464963
256 0.551604
257 0.588888
258 0.60451
259 0.639255
260 0.714013
261 0.869254
262 0.926014
263 0.945963
264 0.982768
265 0.994666
266 0.998347
267 0.999436
268 0.999743
269 0.999824
270 0.999939
271 0.99996
272 0.999931
273 0.999912
274 0.999902
275 0.999829
276 0.999554
277 0.998602
278 0.995469
279 0.985621
280 0.956029
281 0.94045
282 0.897345
283 0.876324
284 0.822051
285 0.797137
286 0.785956
287 0.758966
288 0.694564
289 0.541996
290 0.476237
291 0.321967
292 0.256264
293 0.10485
294 0.0420151
295 0.0164405
296 0.00626826
297 0.00232532
298 0.000838702
299 0.000294099
300 0.000100317
301 3.3323e-05
302 1.07988e-05
303 3.42232e-06
304 1.06402e-06
305 3.25782e-07
306 9.87903e-08
307 3.01372e-08
308 9.78044e-09
309 4.14746e-09
310 3.42325e-09
311 3.42325e-09
312 3.42325e-09
313 3.42325e-09
314 3.42325e-09
315 3.42325e-09
316 3.42325e-09
317 3.42325e-09
318 3.42325e-09
319 3.42325e-09
320 3.42325e-09
321 3.42325e-09
322 3.42325e-09
323 3.42325e-09
324 3.42325e-09
325 3.42325e-09
326 3.42325e-09
327 3.42325e-09
328 3.42325e-09
329 3.42325e-09
330 3.42325e-09
331 3.42325e-09
332 3.42325e-09
333 3.42325e-09
334 3.42325e-09
335 3.42325e-09
336 3.42325e-09
337 3.42325e-09
338 3.42325e-09
339 3.42325e-09
340 3.42325e-09
341 3.42325e-09
342 3.42325e-09
343 3.42325e-09
344 3.42325e-09
345 3.42325e-09
346 3.42325e-09
347 3.42325e-09
348 3.42325e-09
349 3.42325e-09
350 3.42325e-09
351 3.42325e-09
352 3.42325e-09
353 3.42325e-09
354 3.42325e-09
355 3.42325e-09
356 3.42325e-09
357 3.42325e-09
358 3.42325e-09
359 3.42325e-09
360 3.42325e-09
361 3.42325e-09
362 3.42325e-09
363 3.42325e-09
364 3.42325e-09
365 3.42325e-09
366 3.42325e-09
367 3.42325e-09
368 3.42325e-09
369 3.42325e-09
370 3.42325e-09
371 3.42325e-09
372 3.42325e-09
373 3.42325e-09
374 3.42325e-09
375 3.42325e-09
376 3.42325e-09
377 3.42325e-09
378 3.42325e-09
379 3.42325e-09
380 3.42325e-09
381 3.42325e-09
382 3.42325e-09
383 3.42325e-09
384 3.42325e-09
385 3.42325e-09
386 3.42325e-09
387 3.42325e-09
388 3.42325e-09
389 3.42325e-09
390 3.42325e-09
391 3.42325e-09
392 3.42325e-09
393 3.42325e-09
394 3.42325e-09
395 3.42325e-09
396 3.42325e-09
397 3.42325e-09
398 3.42325e-09
399 3.42325e-09
400 3.42325e-09
401 3.42325e-09
402 3.42325e-09
403 3.42325e-09
404 3.42325e-09
405 3.42325e-09
406 3.42325e-09
407 3.42325e-09
408 3.42325e-09
409 3.42325e-09
410 3.42325e-09
411 3.42325e-09
412 3.42325e-09
413 3.42325e-09
414 3.42325e-09
415 3.42325e-09
416 3.42325e-09
417 3.42325e-09
418 3.42325e-09
419 3.42325e-09
420 3.42325e-09
421 3.42325e-09
422 3.42325e-09
423 3.42325e-09
424 3.42325e-09
425 3.42325e-09
426 3.42325e-09
427 3.42325e-09
428 3.42325e-09
429 3.42325e-09
430 3.42325e-09
431 3.42325e-09
432 3.42325e-09
433 3.42325e-09
434 3.42325e-09
435 3.42325e-09
436 3.42325e-09
437 3.42325e-09
438 3.42325e-09
439 3.42325e-09
440 3.42325e-09
441 3.42325e-09
442 3.42325e-09
443 3.42325e-09
444 3.42325e-09
445 3.42325e-09
446 3.42325e-09
447 3.42325e-09
448 3.42325e-09
449 3.42325e-09
450 3.42325e-09
451 3.42325e-09
452 3.42325e-09
453 3.42325e-09
454 3.42325e-09
455 3.42325e-09
456 3.42325e-09
457 3.42325e-09
458 3.42325e-09
459 3.42325e-09
460 3.42325e-09
461 3.42325e-09
462 3.42325e-09
463 3.42325e-09
464 3.42325e-09
465 3.42325e-09
466 3.42325e-09
467 3.42325e-09
468 3.42325e-09
469 3.42325e-09
470 3.42325e-09
471 3.42325e-09
472 3.42325e-09
473 3.42325e-09
474 3.42325e-09
475 3.42325e-09
476 3.42325e-09
477 3.42325e-09
478 3.42325e-09
479 3.42325e-09
480 3.42325e-09
481 3.42325e-09
482 3.42325e-09
483 3.42325e-09
484 3.42325e-09
485 3.42325e-09
486 3.42325e-09
487 3.42325e-09
488 3.42325e-09
489 3.42325e-09
490 3.42325e-09
491 3.42325e-09
492 3.42325e-09
493 3.42325e-09
494 3.42325e-09
495 3.42325e-09
496 3.42325e-09
497 3.42325e-09
498 3.42325e-09
499 3.42325e-09
500 3.42325e-09
501 3.42325e-09
502 3.42325e-09
503 3.42325e-09
504 3.42325e-09
505 3.42325e-09
506 3.42325e-09
507 3.42325e-09
508 3.42325e-09
509 3.42325e-09
510 3.42325e-09
511 3.42325e-09
512 3.42325e-09
513 3.42325e-09
514 3.42325e-09
515 3.42325e-09
516 3.42325e-09
517 3.42325e-09
518 3.42325e-09
519 3.42325e-09
520 3.42325e-09
521 3.42325e-09
522 3.42325e-09
523 3.42325e-09
524 3.42325e-09
525 3.42325e-09
526 3.42325e-09
527 3.42325e-09
528 3.42325e-09
529 3.42325e-09
530 3.42325e-09
531 3.42325e-09
532 3.42325e-09
533 3.42325e-09
534 3.42325e-09
535 3.42325e-09
536 3.42325e-09
537 3.42325e-09
538 3.42325e-09
539 3.42325e-09
540 3.42325e-09
541 3.42325e-09
542 3.42325e-09
