1 2.6591e-09
2 2.6591e-09
3 2.6591e-09
4 2.6591e-09
5 2.6591e-09
6 2.6591e-09
7 2.6591e-09
8 2.6591e-09
9 2.6591e-09
10 2.6591e-09
11 2.6591e-09
12 2.6591e-09
13 2.6591e-09
14 2.6591e-09
15 2.6591e-09
16 2.6591e-09
17 2.6591e-09
18 2.6591e-09
19 2.6591e-09
20 2.6591e-09
21 2.6591e-09
22 2.6591e-09
23 2.6591e-09
24 2.6591e-09
25 2.6591e-09
26 2.6591e-09
27 2.6591e-09
28 2.6591e-09
29 2.6591e-09
30 2.6591e-09
31 2.6591e-09
32 2.6591e-09
33 2.6591e-09
34 2.6591e-09
35 2.6591e-09
36 2.6591e-09
37 2.6591e-09
38 2.6591e-09
39 2.6591e-09
40 2.6591e-09
41 2.6591e-09
42 2.6591e-09
43 2.6591e-09
44 2.6591e-09
45 2.6591e-09
46 2.6591e-09
47 2.6591e-09
48 2.6591e-09
49 2.6591e-09
50 2.6591e-09
51 2.6591e-09
52 2.6591e-09
53 2.6591e-09
54 2.6591e-09
55 2.6591e-09
56 2.6591e-09
57 2.6591e-09
58 2.6591e-09
59 2.6591e-09
60 2.6591e-09
61 2.6591e-09
62 2.6591e-09
63 2.6591e-09
64 2.6591e-09
65 2.6591e-09
66 2.6591e-09
67 2.6591e-09
68 2.6591e-09
69 2.6591e-09
70 2.6591e-09
71 2.6591e-09
72 2.6591e-09
73 2.6591e-09
74 2.6591e-09
75 2.6591e-09
76 2.6591e-09
77 2.6591e-09
78 2.6591e-09
79 2.6591e-09
80 2.6591e-09
81 2.6591e-09
82 2.6591e-09
83 2.6591e-09
84 2.6591e-09
85 2.6591e-09
86 2.6591e-09
87 2.6591e-09
88 2.6591e-09
89 2.6591e-09
90 2.6591e-09
91 2.6591e-09
92 2.6591e-09
93 2.6591e-09
94 2.6591e-09
95 2.6591e-09
96 2.6591e-09
97 2.6591e-09
98 2.6591e-09
99 2.6591e-09
100 2.6591e-09
101 2.6591e-09
102 2.6591e-09
103 2.6591e-09
104 2.6591e-09
105 2.6591e-09
106 2.6591e-09
107 2.6591e-09
108 2.6591e-09
109 2.6591e-09
110 2.6591e-09
111 2.6591e-09
112 2.6591e-09
113 2.6591e-09
114 2.6591e-09
115 2.6591e-09
116 2.6591e-09
117 2.6591e-09
118 2.6591e-09
119 2.6591e-09
120 2.6591e-09
121 2.6591e-09
122 2.6591e-09
123 2.6591e-09
124 2.6591e-09
125 2.6591e-09
126 2.6591e-09
127 2.6591e-09
128 2.6591e-09
129 2.6591e-09
130 2.6591e-09
131 2.6591e-09
132 2.6591e-09
133 2.6591e-09
134 2.6591e-09
135 2.6591e-09
136 2.6591e-09
137 2.6591e-09
138 2.6591e-09
139 2.6591e-09
140 2.6591e-09
141 2.6591e-09
142 2.6591e-09
143 2.6591e-09
144 2.6591e-09
145 2.6591e-09
146 2.6591e-09
147 2.6591e-09
148 2.6591e-09
149 2.6591e-09
150 2.6591e-09
151 2.6591e-09
152 2.6591e-09
153 2.6591e-09
154 2.6591e-09
155 2.6591e-09
156 2.6591e-09
157 2.6591e-09
158 2.6591e-09
159 2.6591e-09
160 2.6591e-09
161 2.6591e-09
162 2.6591e-09
163 2.6591e-09
164 2.6591e-09
165 2.6591e-09
166 2.6591e-09
167 2.6591e-09
168 2.6591e-09
169 2.6591e-09
170 2.6591e-09
171 2.6591e-09
172 2.6591e-09
173 2.6591e-09
174 2.6591e-09
175 2.6591e-09
176 2.6591e-09
177 2.6591e-09
178 2.6591e-09
179 2.6591e-09
180 2.6591e-09
181 2.6591e-09
182 2.6591e-09
183 2.6591e-09
184 2.6591e-09
185 2.6591e-09
186 2.6591e-09
187 2.6591e-09
188 2.6591e-09
189 2.6591e-09
190 2.6591e-09
191 2.6591e-09
192 2.6591e-09
193 2.6591e-09
194 2.6591e-09
195 2.6591e-09
196 2.6591e-09
197 2.6591e-09
198 2.6591e-09
199 2.6591e-09
200 2.6591e-09
201 2.6591e-09
202 2.6591e-09
203 2.6591e-09
204 2.6591e-09
205 2.6591e-09
206 2.6591e-09
207 2.6591e-09
208 2.6591e-09
209 2.6591e-09
210 2.6591e-09
211 2.6591e-09
212 2.6591e-09
213 2.6591e-09
214 2.6591e-09
215 2.6591e-09
216 2.6591e-09
217 2.6591e-09
218 2.6591e-09
219 2.6591e-09
220 2.6591e-09
221 2.6591e-09
222 2.6591e-09
223 2.6591e-09
224 2.6591e-09
225 2.6591e-09
226 2.6591e-09
227 2.6591e-09
228 2.6591e-09
229 2.6591e-09
230 2.6591e-09
231 2.6591e-09
232 2.6591e-09
233 2.6591e-09
234 2.6591e-09
235 2.6591e-09
236 2.6591e-09
237 2.98034e-09
238 6.05525e-09
239 1.76637e-08
240 5.42134e-08
241 1.70028e-07
242 5.46548e-07
243 1.7928e-06
244 5.95496e-06
245 1.98982e-05
246 6.66604e-05
247 0.000223692
248 0.000752092
249 0.00253339
250 0.00853753
251 0.028696
252 0.0409596
253 0.0483138
254 0.0719728
255 0.0855647
256 0.127158
257 0.14978
258 0.161734
259 0.195341
260 0.287405
261 0.533974
262 0.65252
263 0.708743
264 0.853323
265 0.920868
266 0.952215
267 0.966516
268 0.972551
269 0.973902
270 0.980292
271 0.981375
272 0.977749
273 0.978376
274 0.983298
275 0.983246
276 0.978796
277 0.966778
278 0.938019
279 0.87077
280 0.715974
281 0.65214
282 0.511698
283 0.456837
284 0.343262
285 0.301676
286 0.286951
287 0.259355
288 0.209259
289 0.120963
290 0.0932516
291 0.0467224
292 0.0326761
293 0.00972744
294 0.0029018
295 0.000869412
296 0.000261578
297 7.88768e-05
298 2.37809e-05
299 7.15961e-06
300 2.15469e-06
301 6.50653e-07
302 1.98085e-07
303 6.09621e-08
304 1.89633e-08
305 6.22964e-09
306 2.98034e-09
307 2.6591e-09
308 2.6591e-09
309 2.6591e-09
310 2.6591e-09
311 2.6591e-09
312 2.6591e-09
313 2.6591e-09
314 2.6591e-09
315 2.6591e-09
316 2.6591e-09
317 2.6591e-09
318 2.6591e-09
319 2.6591e-09
320 2.6591e-09
321 2.6591e-09
322 2.6591e-09
323 2.6591e-09
324 2.6591e-09
325 2.6591e-09
326 2.6591e-09
327 2.6591e-09
328 2.6591e-09
329 2.6591e-09
330 2.6591e-09
331 2.6591e-09
332 2.6591e-09
333 2.6591e-09
334 2.6591e-09
335 2.6591e-09
336 2.6591e-09
337 2.6591e-09
338 2.6591e-09
339 2.6591e-09
340 2.6591e-09
341 2.6591e-09
342 2.6591e-09
343 2.6591e-09
344 2.6591e-09
345 2.6591e-09
346 2.6591e-09
347 2.6591e-09
348 2.6591e-09
349 2.6591e-09
350 2.6591e-09
351 2.6591e-09
352 2.6591e-09
353 2.6591e-09
354 2.6591e-09
355 2.6591e-09
356 2.6591e-09
357 2.6591e-09
358 2.6591e-09
359 2.6591e-09
360 2.6591e-09
361 2.6591e-09
362 2.6591e-09
363 2.6591e-09
364 2.6591e-09
365 2.6591e-09
366 2.6591e-09
367 2.6591e-09
368 2.6591e-09
369 2.6591e-09
370 2.6591e-09
371 2.6591e-09
372 2.6591e-09
373 2.6591e-09
374 2.6591e-09
375 2.6591e-09
376 2.6591e-09
377 2.6591e-09
378 2.6591e-09
379 2.6591e-09
380 2.6591e-09
381 2.6591e-09
382 2.6591e-09
383 2.6591e-09
384 2.6591e-09
385 2.6591e-09
386 2.6591e-09
387 2.6591e-09
388 2.6591e-09
389 2.6591e-09
390 2.6591e-09
391 2.6591e-09
392 2.6591e-09
393 2.6591e-09
394 2.6591e-09
395 2.6591e-09
396 2.6591e-09
397 2.6591e-09
398 2.6591e-09
399 2.6591e-09
400 2.6591e-09
401 2.6591e-09
402 2.6591e-09
403 2.6591e-09
404 2.6591e-09
405 2.6591e-09
406 2.6591e-09
407 2.6591e-09
408 2.6591e-09
409 2.6591e-09
410 2.6591e-09
411 2.6591e-09
412 2.6591e-09
413 2.6591e-09
414 2.6591e-09
415 2.6591e-09
416 2.6591e-09
417 2.6591e-09
418 2.6591e-09
419 2.6591e-09
420 2.6591e-09
421 2.6591e-09
422 2.6591e-09
423 2.6591e-09
424 2.6591e-09
425 2.6591e-09
426 2.6591e-09
427 2.6591e-09
428 2.6591e-09
429 2.6591e-09
430 2.6591e-09
431 2.6591e-09
432 2.6591e-09
433 2.6591e-09
434 2.6591e-09
435 2.6591e-09
436 2.6591e-09
437 2.6591e-09
438 2.6591e-09
439 2.6591e-09
440 2.6591e-09
441 2.6591e-09
442 2.6591e-09
443 2.6591e-09
444 2.6591e-09
445 2.6591e-09
446 2.6591e-09
447 2.6591e-09
448 2.6591e-09
449 2.6591e-09
450 2.6591e-09
451 2.6591e-09
452 2.6591e-09
453 2.6591e-09
454 2.6591e-09
455 2.6591e-09
456 2.6591e-09
457 2.6591e-09
458 2.6591e-09
459 2.6591e-09
460 2.6591e-09
461 2.6591e-09
462 2.6591e-09
463 2.6591e-09
464 2.6591e-09
465 2.6591e-09
466 2.6591e-09
467 2.6591e-09
468 2.6591e-09
469 2.6591e-09
470 2.6591e-09
471 2.6591e-09
472 2.6591e-09
473 2.6591e-09
474 2.6591e-09
475 2.6591e-09
476 2.6591e-09
477 2.6591e-09
478 2.6591e-09
479 2.6591e-09
480 2.6591e-09
481 2.6591e-09
482 2.6591e-09
483 2.6591e-09
484 2.6591e-09
485 2.6591e-09
486 2.6591e-09
487 2.6591e-09
488 2.6591e-09
489 2.6591e-09
490 2.6591e-09
491 2.6591e-09
492 2.6591e-09
493 2.6591e-09
494 2.6591e-09
495 2.6591e-09
496 2.6591e-09
497 2.6591e-09
498 2.6591e-09
499 2.6591e-09
500 2.6591e-09
501 2.6591e-09
502 2.6591e-09
503 2.6591e-09
504 2.6591e-09
505 2.6591e-09
506 2.6591e-09
507 2.6591e-09
508 2.6591e-09
509 2.6591e-09
510 2.6591e-09
511 2.6591e-09
512 2.6591e-09
513 2.6591e-09
514 2.6591e-09
515 2.6591e-09
516 2.6591e-09
517 2.6591e-09
518 2.6591e-09
519 2.6591e-09
520 2.6591e-09
521 2.6591e-09
522 2.6591e-09
523 2.6591e-09
524 2.6591e-09
525 2.6591e-09
526 2.6591e-09
527 2.6591e-09
528 2.6591e-09
529 2.6591e-09
530 2.6591e-09
531 2.6591e-09
532 2.6591e-09
533 2.6591e-09
534 2.6591e-09
535 2.6591e-09
536 2.6591e-09
537 2.6591e-09
538 2.6591e-09
539 2.6591e-09
540 2.6591e-09
541 2.6591e-09
542 2.6591e-09
