1 7.51451e-08
2 7.51451e-08
3 7.51451e-08
4 7.51451e-08
5 7.51451e-08
6 7.51451e-08
7 7.51451e-08
8 7.51451e-08
9 7.51451e-08
10 7.51451e-08
11 7.51451e-08
12 7.51451e-08
13 7.51451e-08
14 7.51451e-08
15 7.51451e-08
16 7.51451e-08
17 7.51451e-08
18 7.51451e-08
19 7.51451e-08
20 7.51451e-08
21 7.51451e-08
22 7.51451e-08
23 7.51451e-08
24 7.51451e-08
25 7.51451e-08
26 7.51451e-08
27 7.51451e-08
28 7.51451e-08
29 7.51451e-08
30 7.51451e-08
31 7.51451e-08
32 7.51451e-08
33 7.51451e-08
34 7.51451e-08
35 7.51451e-08
36 7.51451e-08
37 7.51451e-08
38 7.51451e-08
39 7.51451e-08
40 7.51451e-08
41 7.51451e-08
42 7.51451e-08
43 7.51451e-08
44 7.51451e-08
45 7.51451e-08
46 7.51451e-08
47 7.51451e-08
48 7.51451e-08
49 7.51451e-08
50 7.51451e-08
51 7.51451e-08
52 7.51451e-08
53 7.51451e-08
54 7.51451e-08
55 7.51451e-08
56 7.51451e-08
57 7.51451e-08
58 7.51451e-08
59 7.51451e-08
60 7.51451e-08
61 7.51451e-08
62 7.51451e-08
63 7.51451e-08
64 7.51451e-08
65 7.51451e-08
66 7.51451e-08
67 7.51451e-08
68 7.51451e-08
69 7.51451e-08
70 7.51451e-08
71 7.51451e-08
72 7.51451e-08
73 7.51451e-08
74 7.51451e-08
75 7.51451e-08
76 7.51451e-08
77 7.51451e-08
78 7.51451e-08
79 7.51451e-08
80 7.51451e-08
81 7.51451e-08
82 7.51451e-08
83 7.51451e-08
84 7.51451e-08
85 7.51451e-08
86 7.51451e-08
87 7.51451e-08
88 7.51451e-08
89 7.51451e-08
90 7.51451e-08
91 7.51451e-08
92 7.51451e-08
93 7.51451e-08
94 7.51451e-08
95 7.51451e-08
96 7.51451e-08
97 7.51451e-08
98 7.51451e-08
99 7.51451e-08
100 7.51451e-08
101 7.51451e-08
102 7.51451e-08
103 7.51451e-08
104 7.51451e-08
105 7.51451e-08
106 7.51451e-08
107 7.51451e-08
108 7.51451e-08
109 7.51451e-08
110 7.51451e-08
111 7.51451e-08
112 7.51451e-08
113 7.51451e-08
114 7.51451e-08
115 7.51451e-08
116 7.51451e-08
117 7.51451e-08
118 7.51451e-08
119 7.51451e-08
120 7.51451e-08
121 7.51451e-08
122 7.51451e-08
123 7.51451e-08
124 7.51451e-08
125 7.51451e-08
126 7.51451e-08
127 7.51451e-08
128 7.51451e-08
129 7.51451e-08
130 7.51451e-08
131 7.51451e-08
132 7.51451e-08
133 7.51451e-08
134 7.51451e-08
135 7.51451e-08
136 7.51451e-08
137 7.51451e-08
138 7.51451e-08
139 7.51451e-08
140 7.51451e-08
141 7.51451e-08
142 7.51451e-08
143 7.51451e-08
144 7.51451e-08
145 7.51451e-08
146 7.51451e-08
147 7.51451e-08
148 7.51451e-08
149 7.51451e-08
150 7.51451e-08
151 7.51451e-08
152 7.51451e-08
153 7.51451e-08
154 7.51451e-08
155 7.51451e-08
156 7.51451e-08
157 7.51451e-08
158 7.51451e-08
159 7.51451e-08
160 7.51451e-08
161 7.51451e-08
162 7.51451e-08
163 7.51451e-08
164 7.51451e-08
165 7.51451e-08
166 7.51451e-08
167 7.51451e-08
168 7.51451e-08
169 7.51451e-08
170 7.51451e-08
171 7.51451e-08
172 7.51451e-08
173 7.51451e-08
174 7.51451e-08
175 7.51451e-08
176 7.51451e-08
177 7.51451e-08
178 7.51451e-08
179 7.51451e-08
180 7.51451e-08
181 7.51451e-08
182 7.51451e-08
183 7.51451e-08
184 7.51451e-08
185 7.51451e-08
186 7.51451e-08
187 7.51451e-08
188 7.51451e-08
189 7.51451e-08
190 7.51451e-08
191 7.51451e-08
192 7.51451e-08
193 7.51451e-08
194 7.51451e-08
195 7.51451e-08
196 7.51451e-08
197 7.51451e-08
198 7.51451e-08
199 7.51451e-08
200 7.51451e-08
201 7.51451e-08
202 7.51451e-08
203 7.51451e-08
204 7.51451e-08
205 7.51451e-08
206 7.51451e-08
207 7.51451e-08
208 7.51451e-08
209 7.51451e-08
210 7.51451e-08
211 7.51451e-08
212 7.51451e-08
213 7.51451e-08
214 7.51451e-08
215 7.51451e-08
216 7.51451e-08
217 7.51451e-08
218 7.51451e-08
219 7.51451e-08
220 7.51451e-08
221 7.51451e-08
222 7.51451e-08
223 7.51451e-08
224 7.51451e-08
225 7.51451e-08
226 7.51451e-08
227 7.51451e-08
228 7.51451e-08
229 7.51451e-08
230 7.51451e-08
231 7.51451e-08
232 7.51451e-08
233 7.51451e-08
234 7.51451e-08
235 7.51451e-08
236 7.51451e-08
237 7.59455e-08
238 7.96032e-08
239 8.97594e-08
240 1.19862e-07
241 2.00965e-07
242 4.26228e-07
243 1.07252e-06
244 3.01275e-06
245 9.09941e-06
246 2.88518e-05
247 9.42791e-05
248 0.000312997
249 0.00104595
250 0.00350249
251 0.0117418
252 0.0168061
253 0.0199284
254 0.0304805
255 0.0369876
256 0.0587928
257 0.0719708
258 0.0797679
259 0.104541
260 0.180984
261 0.409908
262 0.531483
263 0.594117
264 0.766142
265 0.850314
266 0.890533
267 0.909031
268 0.916353
269 0.916507
270 0.925476
271 0.926306
272 0.918853
273 0.92028
274 0.932036
275 0.933632
276 0.926305
277 0.905256
278 0.857172
279 0.753874
280 0.540362
281 0.462582
282 0.312663
283 0.261701
284 0.169876
285 0.140568
286 0.131476
287 0.116309
288 0.0914524
289 0.0510773
290 0.0391078
291 0.0196233
292 0.0137864
293 0.00416453
294 0.00125617
295 0.000377901
296 0.000113628
297 3.43677e-05
298 1.05718e-05
299 3.36133e-06
300 1.13302e-06
301 4.24363e-07
302 1.91709e-07
303 1.13378e-07
304 8.64005e-08
305 7.78399e-08
306 7.54341e-08
307 7.51451e-08
308 7.51451e-08
309 7.51451e-08
310 7.51451e-08
311 7.51451e-08
312 7.51451e-08
313 7.51451e-08
314 7.51451e-08
315 7.51451e-08
316 7.51451e-08
317 7.51451e-08
318 7.51451e-08
319 7.51451e-08
320 7.51451e-08
321 7.51451e-08
322 7.51451e-08
323 7.51451e-08
324 7.51451e-08
325 7.51451e-08
326 7.51451e-08
327 7.51451e-08
328 7.51451e-08
329 7.51451e-08
330 7.51451e-08
331 7.51451e-08
332 7.51451e-08
333 7.51451e-08
334 7.51451e-08
335 7.51451e-08
336 7.51451e-08
337 7.51451e-08
338 7.51451e-08
339 7.51451e-08
340 7.51451e-08
341 7.51451e-08
342 7.51451e-08
343 7.51451e-08
344 7.51451e-08
345 7.51451e-08
346 7.51451e-08
347 7.51451e-08
348 7.51451e-08
349 7.51451e-08
350 7.51451e-08
351 7.51451e-08
352 7.51451e-08
353 7.51451e-08
354 7.51451e-08
355 7.51451e-08
356 7.51451e-08
357 7.51451e-08
358 7.51451e-08
359 7.51451e-08
360 7.51451e-08
361 7.51451e-08
362 7.51451e-08
363 7.51451e-08
364 7.51451e-08
365 7.51451e-08
366 7.51451e-08
367 7.51451e-08
368 7.51451e-08
369 7.51451e-08
370 7.51451e-08
371 7.51451e-08
372 7.51451e-08
373 7.51451e-08
374 7.51451e-08
375 7.51451e-08
376 7.51451e-08
377 7.51451e-08
378 7.51451e-08
379 7.51451e-08
380 7.51451e-08
381 7.51451e-08
382 7.51451e-08
383 7.51451e-08
384 7.51451e-08
385 7.51451e-08
386 7.51451e-08
387 7.51451e-08
388 7.51451e-08
389 7.51451e-08
390 7.51451e-08
391 7.51451e-08
392 7.51451e-08
393 7.51451e-08
394 7.51451e-08
395 7.51451e-08
396 7.51451e-08
397 7.51451e-08
398 7.51451e-08
399 7.51451e-08
400 7.51451e-08
401 7.51451e-08
402 7.51451e-08
403 7.51451e-08
404 7.51451e-08
405 7.51451e-08
406 7.51451e-08
407 7.51451e-08
408 7.51451e-08
409 7.51451e-08
410 7.51451e-08
411 7.51451e-08
412 7.51451e-08
413 7.51451e-08
414 7.51451e-08
415 7.51451e-08
416 7.51451e-08
417 7.51451e-08
418 7.51451e-08
419 7.51451e-08
420 7.51451e-08
421 7.51451e-08
422 7.51451e-08
423 7.51451e-08
424 7.51451e-08
425 7.51451e-08
426 7.51451e-08
427 7.51451e-08
428 7.51451e-08
429 7.51451e-08
430 7.51451e-08
431 7.51451e-08
432 7.51451e-08
433 7.51451e-08
434 7.51451e-08
435 7.51451e-08
436 7.51451e-08
437 7.51451e-08
438 7.51451e-08
439 7.51451e-08
440 7.51451e-08
441 7.51451e-08
442 7.51451e-08
443 7.51451e-08
444 7.51451e-08
445 7.51451e-08
446 7.51451e-08
447 7.51451e-08
448 7.51451e-08
449 7.51451e-08
450 7.51451e-08
451 7.51451e-08
452 7.51451e-08
453 7.51451e-08
454 7.51451e-08
455 7.51451e-08
456 7.51451e-08
457 7.51451e-08
458 7.51451e-08
459 7.51451e-08
460 7.51451e-08
461 7.51451e-08
462 7.51451e-08
463 7.51451e-08
464 7.51451e-08
465 7.51451e-08
466 7.51451e-08
467 7.51451e-08
468 7.51451e-08
469 7.51451e-08
470 7.51451e-08
471 7.51451e-08
472 7.51451e-08
473 7.51451e-08
474 7.51451e-08
475 7.51451e-08
476 7.51451e-08
477 7.51451e-08
478 7.51451e-08
479 7.51451e-08
480 7.51451e-08
481 7.51451e-08
482 7.51451e-08
483 7.51451e-08
484 7.51451e-08
485 7.51451e-08
486 7.51451e-08
487 7.51451e-08
488 7.51451e-08
489 7.51451e-08
490 7.51451e-08
491 7.51451e-08
492 7.51451e-08
493 7.51451e-08
494 7.51451e-08
495 7.51451e-08
496 7.51451e-08
497 7.51451e-08
498 7.51451e-08
499 7.51451e-08
500 7.51451e-08
501 7.51451e-08
502 7.51451e-08
503 7.51451e-08
504 7.51451e-08
505 7.51451e-08
506 7.51451e-08
507 7.51451e-08
508 7.51451e-08
509 7.51451e-08
510 7.51451e-08
511 7.51451e-08
512 7.51451e-08
513 7.51451e-08
514 7.51451e-08
515 7.51451e-08
516 7.51451e-08
517 7.51451e-08
518 7.51451e-08
519 7.51451e-08
520 7.51451e-08
521 7.51451e-08
522 7.51451e-08
523 7.51451e-08
524 7.51451e-08
525 7.51451e-08
526 7.51451e-08
527 7.51451e-08
528 7.51451e-08
529 7.51451e-08
530 7.51451e-08
531 7.51451e-08
532 7.51451e-08
533 7.51451e-08
534 7.51451e-08
535 7.51451e-08
536 7.51451e-08
537 7.51451e-08
538 7.51451e-08
539 7.51451e-08
540 7.51451e-08
541 7.51451e-08
542 7.51451e-08
