1 2.72915e-09
2 2.72915e-09
3 2.72915e-09
4 2.72915e-09
5 2.72915e-09
6 2.72915e-09
7 2.72915e-09
8 2.72915e-09
9 2.72915e-09
10 2.72915e-09
11 2.72915e-09
12 2.72915e-09
13 2.72915e-09
14 2.72915e-09
15 2.72915e-09
16 2.72915e-09
17 2.72915e-09
18 2.72915e-09
19 2.72915e-09
20 2.72915e-09
21 2.72915e-09
22 2.72915e-09
23 2.72915e-09
24 2.72915e-09
25 2.72915e-09
26 2.72915e-09
27 2.72915e-09
28 2.72915e-09
29 2.72915e-09
30 2.72915e-09
31 2.72915e-09
32 2.72915e-09
33 2.72915e-09
34 2.72915e-09
35 2.72915e-09
36 2.72915e-09
37 2.72915e-09
38 2.72915e-09
39 2.72915e-09
40 2.72915e-09
41 2.72915e-09
42 2.72915e-09
43 2.72915e-09
44 2.72915e-09
45 2.72915e-09
46 2.72915e-09
47 2.72915e-09
48 2.72915e-09
49 2.72915e-09
50 2.72915e-09
51 2.72915e-09
52 2.72915e-09
53 2.72915e-09
54 2.72915e-09
55 2.72915e-09
56 2.72915e-09
57 2.72915e-09
58 2.72915e-09
59 2.72915e-09
60 2.72915e-09
61 2.72915e-09
62 2.72915e-09
63 2.72915e-09
64 2.72915e-09
65 2.72915e-09
66 2.72915e-09
67 2.72915e-09
68 2.72915e-09
69 2.72915e-09
70 2.72915e-09
71 2.72915e-09
72 2.72915e-09
73 2.72915e-09
74 2.72915e-09
75 2.72915e-09
76 2.72915e-09
77 2.72915e-09
78 2.72915e-09
79 2.72915e-09
80 2.72915e-09
81 2.72915e-09
82 2.72915e-09
83 2.72915e-09
84 2.72915e-09
85 2.72915e-09
86 2.72915e-09
87 2.72915e-09
88 2.72915e-09
89 2.72915e-09
90 2.72915e-09
91 2.72915e-09
92 2.72915e-09
93 2.72915e-09
94 2.72915e-09
95 2.72915e-09
96 2.72915e-09
97 2.72915e-09
98 2.72915e-09
99 2.72915e-09
100 2.72915e-09
101 2.72915e-09
102 2.72915e-09
103 2.72915e-09
104 2.72915e-09
105 2.72915e-09
106 2.72915e-09
107 2.72915e-09
108 2.72915e-09
109 2.72915e-09
110 2.72915e-09
111 2.72915e-09
112 2.72915e-09
113 2.72915e-09
114 2.72915e-09
115 2.72915e-09
116 2.72915e-09
117 2.72915e-09
118 2.72915e-09
119 2.72915e-09
120 2.72915e-09
121 2.72915e-09
122 2.72915e-09
123 2.72915e-09
124 2.72915e-09
125 2.72915e-09
126 2.72915e-09
127 2.72915e-09
128 2.72915e-09
129 2.72915e-09
130 2.72915e-09
131 2.72915e-09
132 2.72915e-09
133 2.72915e-09
134 2.72915e-09
135 2.72915e-09
136 2.72915e-09
137 2.72915e-09
138 2.72915e-09
139 2.72915e-09
140 2.72915e-09
141 2.72915e-09
142 2.72915e-09
143 2.72915e-09
144 2.72915e-09
145 2.72915e-09
146 2.72915e-09
147 2.72915e-09
148 2.72915e-09
149 2.72915e-09
150 2.72915e-09
151 2.72915e-09
152 2.72915e-09
153 2.72915e-09
154 2.72915e-09
155 2.72915e-09
156 2.72915e-09
157 2.72915e-09
158 2.72915e-09
159 2.72915e-09
160 2.72915e-09
161 2.72915e-09
162 2.72915e-09
163 2.72915e-09
164 2.72915e-09
165 2.72915e-09
166 2.72915e-09
167 2.72915e-09
168 2.72915e-09
169 2.72915e-09
170 2.72915e-09
171 2.72915e-09
172 2.72915e-09
173 2.72915e-09
174 2.72915e-09
175 2.72915e-09
176 2.72915e-09
177 2.72915e-09
178 2.72915e-09
179 2.72915e-09
180 2.72915e-09
181 2.72915e-09
182 2.72915e-09
183 2.72915e-09
184 2.72915e-09
185 2.72915e-09
186 2.72915e-09
187 2.72915e-09
188 2.72915e-09
189 2.72915e-09
190 2.72915e-09
191 2.72915e-09
192 2.72915e-09
193 2.72915e-09
194 2.72915e-09
195 2.72915e-09
196 2.72915e-09
197 2.72915e-09
198 2.72915e-09
199 2.72915e-09
200 2.72915e-09
201 2.72915e-09
202 2.72915e-09
203 2.72915e-09
204 2.72915e-09
205 2.72915e-09
206 2.72915e-09
207 2.72915e-09
208 2.72915e-09
209 2.72915e-09
210 2.72915e-09
211 2.72915e-09
212 2.72915e-09
213 2.72915e-09
214 2.72915e-09
215 2.72915e-09
216 2.72915e-09
217 2.72915e-09
218 2.72915e-09
219 2.72915e-09
220 2.72915e-09
221 2.72915e-09
222 2.72915e-09
223 2.72915e-09
224 2.72915e-09
225 2.72915e-09
226 2.72915e-09
227 2.72915e-09
228 2.72915e-09
229 2.72915e-09
230 2.72915e-09
231 2.72915e-09
232 2.72915e-09
233 2.72915e-09
234 2.72915e-09
235 2.72915e-09
236 2.72915e-09
237 3.0406e-09
238 6.47005e-09
239 1.85877e-08
240 5.76437e-08
241 1.82997e-07
242 5.94671e-07
243 1.96338e-06
244 6.54237e-06
245 2.18906e-05
246 7.3391e-05
247 0.000246479
248 0.000829397
249 0.00279471
250 0.00940977
251 0.0315412
252 0.0449266
253 0.0528894
254 0.0782562
255 0.0926683
256 0.136251
257 0.159671
258 0.171903
259 0.205917
260 0.298204
261 0.543436
262 0.660647
263 0.716017
264 0.858029
265 0.924241
266 0.954898
267 0.968849
268 0.974744
269 0.97615
270 0.982253
271 0.983306
272 0.979929
273 0.980445
274 0.984816
275 0.984632
276 0.980369
277 0.968991
278 0.941781
279 0.877955
280 0.730168
281 0.668707
282 0.532062
283 0.478036
284 0.364719
285 0.322656
286 0.307554
287 0.278861
288 0.226078
289 0.131892
290 0.102005
291 0.0513616
292 0.0359685
293 0.0107149
294 0.00319282
295 0.000954761
296 0.000286767
297 8.64033e-05
298 2.6055e-05
299 7.8487e-06
300 2.36167e-06
301 7.11633e-07
302 2.15737e-07
303 6.61571e-08
304 2.06665e-08
305 6.93048e-09
306 3.19359e-09
307 2.72915e-09
308 2.72915e-09
309 2.72915e-09
310 2.72915e-09
311 2.72915e-09
312 2.72915e-09
313 2.72915e-09
314 2.72915e-09
315 2.72915e-09
316 2.72915e-09
317 2.72915e-09
318 2.72915e-09
319 2.72915e-09
320 2.72915e-09
321 2.72915e-09
322 2.72915e-09
323 2.72915e-09
324 2.72915e-09
325 2.72915e-09
326 2.72915e-09
327 2.72915e-09
328 2.72915e-09
329 2.72915e-09
330 2.72915e-09
331 2.72915e-09
332 2.72915e-09
333 2.72915e-09
334 2.72915e-09
335 2.72915e-09
336 2.72915e-09
337 2.72915e-09
338 2.72915e-09
339 2.72915e-09
340 2.72915e-09
341 2.72915e-09
342 2.72915e-09
343 2.72915e-09
344 2.72915e-09
345 2.72915e-09
346 2.72915e-09
347 2.72915e-09
348 2.72915e-09
349 2.72915e-09
350 2.72915e-09
351 2.72915e-09
352 2.72915e-09
353 2.72915e-09
354 2.72915e-09
355 2.72915e-09
356 2.72915e-09
357 2.72915e-09
358 2.72915e-09
359 2.72915e-09
360 2.72915e-09
361 2.72915e-09
362 2.72915e-09
363 2.72915e-09
364 2.72915e-09
365 2.72915e-09
366 2.72915e-09
367 2.72915e-09
368 2.72915e-09
369 2.72915e-09
370 2.72915e-09
371 2.72915e-09
372 2.72915e-09
373 2.72915e-09
374 2.72915e-09
375 2.72915e-09
376 2.72915e-09
377 2.72915e-09
378 2.72915e-09
379 2.72915e-09
380 2.72915e-09
381 2.72915e-09
382 2.72915e-09
383 2.72915e-09
384 2.72915e-09
385 2.72915e-09
386 2.72915e-09
387 2.72915e-09
388 2.72915e-09
389 2.72915e-09
390 2.72915e-09
391 2.72915e-09
392 2.72915e-09
393 2.72915e-09
394 2.72915e-09
395 2.72915e-09
396 2.72915e-09
397 2.72915e-09
398 2.72915e-09
399 2.72915e-09
400 2.72915e-09
401 2.72915e-09
402 2.72915e-09
403 2.72915e-09
404 2.72915e-09
405 2.72915e-09
406 2.72915e-09
407 2.72915e-09
408 2.72915e-09
409 2.72915e-09
410 2.72915e-09
411 2.72915e-09
412 2.72915e-09
413 2.72915e-09
414 2.72915e-09
415 2.72915e-09
416 2.72915e-09
417 2.72915e-09
418 2.72915e-09
419 2.72915e-09
420 2.72915e-09
421 2.72915e-09
422 2.72915e-09
423 2.72915e-09
424 2.72915e-09
425 2.72915e-09
426 2.72915e-09
427 2.72915e-09
428 2.72915e-09
429 2.72915e-09
430 2.72915e-09
431 2.72915e-09
432 2.72915e-09
433 2.72915e-09
434 2.72915e-09
435 2.72915e-09
436 2.72915e-09
437 2.72915e-09
438 2.72915e-09
439 2.72915e-09
440 2.72915e-09
441 2.72915e-09
442 2.72915e-09
443 2.72915e-09
444 2.72915e-09
445 2.72915e-09
446 2.72915e-09
447 2.72915e-09
448 2.72915e-09
449 2.72915e-09
450 2.72915e-09
451 2.72915e-09
452 2.72915e-09
453 2.72915e-09
454 2.72915e-09
455 2.72915e-09
456 2.72915e-09
457 2.72915e-09
458 2.72915e-09
459 2.72915e-09
460 2.72915e-09
461 2.72915e-09
462 2.72915e-09
463 2.72915e-09
464 2.72915e-09
465 2.72915e-09
466 2.72915e-09
467 2.72915e-09
468 2.72915e-09
469 2.72915e-09
470 2.72915e-09
471 2.72915e-09
472 2.72915e-09
473 2.72915e-09
474 2.72915e-09
475 2.72915e-09
476 2.72915e-09
477 2.72915e-09
478 2.72915e-09
479 2.72915e-09
480 2.72915e-09
481 2.72915e-09
482 2.72915e-09
483 2.72915e-09
484 2.72915e-09
485 2.72915e-09
486 2.72915e-09
487 2.72915e-09
488 2.72915e-09
489 2.72915e-09
490 2.72915e-09
491 2.72915e-09
492 2.72915e-09
493 2.72915e-09
494 2.72915e-09
495 2.72915e-09
496 2.72915e-09
497 2.72915e-09
498 2.72915e-09
499 2.72915e-09
500 2.72915e-09
501 2.72915e-09
502 2.72915e-09
503 2.72915e-09
504 2.72915e-09
505 2.72915e-09
506 2.72915e-09
507 2.72915e-09
508 2.72915e-09
509 2.72915e-09
510 2.72915e-09
511 2.72915e-09
512 2.72915e-09
513 2.72915e-09
514 2.72915e-09
515 2.72915e-09
516 2.72915e-09
517 2.72915e-09
518 2.72915e-09
519 2.72915e-09
520 2.72915e-09
521 2.72915e-09
522 2.72915e-09
523 2.72915e-09
524 2.72915e-09
525 2.72915e-09
526 2.72915e-09
527 2.72915e-09
528 2.72915e-09
529 2.72915e-09
530 2.72915e-09
531 2.72915e-09
532 2.72915e-09
533 2.72915e-09
534 2.72915e-09
535 2.72915e-09
536 2.72915e-09
537 2.72915e-09
538 2.72915e-09
539 2.72915e-09
540 2.72915e-09
541 2.72915e-09
542 2.72915e-09
