1 2.7315e-09
2 2.7315e-09
3 2.7315e-09
4 2.7315e-09
5 2.7315e-09
6 2.7315e-09
7 2.7315e-09
8 2.7315e-09
9 2.7315e-09
10 2.7315e-09
11 2.7315e-09
12 2.7315e-09
13 2.7315e-09
14 2.7315e-09
15 2.7315e-09
16 2.7315e-09
17 2.7315e-09
18 2.7315e-09
19 2.7315e-09
20 2.7315e-09
21 2.7315e-09
22 2.7315e-09
23 2.7315e-09
24 2.7315e-09
25 2.7315e-09
26 2.7315e-09
27 2.7315e-09
28 2.7315e-09
29 2.7315e-09
30 2.7315e-09
31 2.7315e-09
32 2.7315e-09
33 2.7315e-09
34 2.7315e-09
35 2.7315e-09
36 2.7315e-09
37 2.7315e-09
38 2.7315e-09
39 2.7315e-09
40 2.7315e-09
41 2.7315e-09
42 2.7315e-09
43 2.7315e-09
44 2.7315e-09
45 2.7315e-09
46 2.7315e-09
47 2.7315e-09
48 2.7315e-09
49 2.7315e-09
50 2.7315e-09
51 2.7315e-09
52 2.7315e-09
53 2.7315e-09
54 2.7315e-09
55 2.7315e-09
56 2.7315e-09
57 2.7315e-09
58 2.7315e-09
59 2.7315e-09
60 2.7315e-09
61 2.7315e-09
62 2.7315e-09
63 2.7315e-09
64 2.7315e-09
65 2.7315e-09
66 2.7315e-09
67 2.7315e-09
68 2.7315e-09
69 2.7315e-09
70 2.7315e-09
71 2.7315e-09
72 2.7315e-09
73 2.7315e-09
74 2.7315e-09
75 2.7315e-09
76 2.7315e-09
77 2.7315e-09
78 2.7315e-09
79 2.7315e-09
80 2.7315e-09
81 2.7315e-09
82 2.7315e-09
83 2.7315e-09
84 2.7315e-09
85 2.7315e-09
86 2.7315e-09
87 2.7315e-09
88 2.7315e-09
89 2.7315e-09
90 2.7315e-09
91 2.7315e-09
92 2.7315e-09
93 2.7315e-09
94 2.7315e-09
95 2.7315e-09
96 2.7315e-09
97 2.7315e-09
98 2.7315e-09
99 2.7315e-09
100 2.7315e-09
101 2.7315e-09
102 2.7315e-09
103 2.7315e-09
104 2.7315e-09
105 2.7315e-09
106 2.7315e-09
107 2.7315e-09
108 2.7315e-09
109 2.7315e-09
110 2.7315e-09
111 2.7315e-09
112 2.7315e-09
113 2.7315e-09
114 2.7315e-09
115 2.7315e-09
116 2.7315e-09
117 2.7315e-09
118 2.7315e-09
119 2.7315e-09
120 2.7315e-09
121 2.7315e-09
122 2.7315e-09
123 2.7315e-09
124 2.7315e-09
125 2.7315e-09
126 2.7315e-09
127 2.7315e-09
128 2.7315e-09
129 2.7315e-09
130 2.7315e-09
131 2.7315e-09
132 2.7315e-09
133 2.7315e-09
134 2.7315e-09
135 2.7315e-09
136 2.7315e-09
137 2.7315e-09
138 2.7315e-09
139 2.7315e-09
140 2.7315e-09
141 2.7315e-09
142 2.7315e-09
143 2.7315e-09
144 2.7315e-09
145 2.7315e-09
146 2.7315e-09
147 2.7315e-09
148 2.7315e-09
149 2.7315e-09
150 2.7315e-09
151 2.7315e-09
152 2.7315e-09
153 2.7315e-09
154 2.7315e-09
155 2.7315e-09
156 2.7315e-09
157 2.7315e-09
158 2.7315e-09
159 2.7315e-09
160 2.7315e-09
161 2.7315e-09
162 2.7315e-09
163 2.7315e-09
164 2.7315e-09
165 2.7315e-09
166 2.7315e-09
167 2.7315e-09
168 2.7315e-09
169 2.7315e-09
170 2.7315e-09
171 2.7315e-09
172 2.7315e-09
173 2.7315e-09
174 2.7315e-09
175 2.7315e-09
176 2.7315e-09
177 2.7315e-09
178 2.7315e-09
179 2.7315e-09
180 2.7315e-09
181 2.7315e-09
182 2.7315e-09
183 2.7315e-09
184 2.7315e-09
185 2.7315e-09
186 2.7315e-09
187 2.7315e-09
188 2.7315e-09
189 2.7315e-09
190 2.7315e-09
191 2.7315e-09
192 2.7315e-09
193 2.7315e-09
194 2.7315e-09
195 2.7315e-09
196 2.7315e-09
197 2.7315e-09
198 2.7315e-09
199 2.7315e-09
200 2.7315e-09
201 2.7315e-09
202 2.7315e-09
203 2.7315e-09
204 2.7315e-09
205 2.7315e-09
206 2.7315e-09
207 2.7315e-09
208 2.7315e-09
209 2.7315e-09
210 2.7315e-09
211 2.7315e-09
212 2.7315e-09
213 2.7315e-09
214 2.7315e-09
215 2.7315e-09
216 2.7315e-09
217 2.7315e-09
218 2.7315e-09
219 2.7315e-09
220 2.7315e-09
221 2.7315e-09
222 2.7315e-09
223 2.7315e-09
224 2.7315e-09
225 2.7315e-09
226 2.7315e-09
227 2.7315e-09
228 2.7315e-09
229 2.7315e-09
230 2.7315e-09
231 2.7315e-09
232 2.7315e-09
233 2.7315e-09
234 2.7315e-09
235 3.05449e-09
236 5.85559e-09
237 1.70745e-08
238 5.613e-08
239 1.88595e-07
240 6.35149e-07
241 2.12717e-06
242 7.06589e-06
243 2.31972e-05
244 7.49928e-05
245 0.000237919
246 0.00073865
247 0.00223963
248 0.00662455
249 0.0191114
250 0.0538144
251 0.148139
252 0.194119
253 0.216181
254 0.273382
255 0.300248
256 0.368754
257 0.400452
258 0.414982
259 0.450953
260 0.538497
261 0.746991
262 0.83544
263 0.871856
264 0.951172
265 0.981636
266 0.992894
267 0.996888
268 0.99824
269 0.998652
270 0.999383
271 0.999521
272 0.999274
273 0.999172
274 0.999187
275 0.998855
276 0.997775
277 0.994677
278 0.986195
279 0.963827
280 0.90673
281 0.880801
282 0.817745
283 0.790126
284 0.724561
285 0.69625
286 0.684067
287 0.655517
288 0.589135
289 0.436697
290 0.3738
291 0.234924
292 0.180271
293 0.065875
294 0.0233741
295 0.00805547
296 0.002699
297 0.000880608
298 0.000280451
299 8.74565e-05
300 2.68082e-05
301 8.11325e-06
302 2.43494e-06
303 7.27596e-07
304 2.17042e-07
305 6.49072e-08
306 1.97237e-08
307 6.47944e-09
308 3.19921e-09
309 2.7315e-09
310 2.7315e-09
311 2.7315e-09
312 2.7315e-09
313 2.7315e-09
314 2.7315e-09
315 2.7315e-09
316 2.7315e-09
317 2.7315e-09
318 2.7315e-09
319 2.7315e-09
320 2.7315e-09
321 2.7315e-09
322 2.7315e-09
323 2.7315e-09
324 2.7315e-09
325 2.7315e-09
326 2.7315e-09
327 2.7315e-09
328 2.7315e-09
329 2.7315e-09
330 2.7315e-09
331 2.7315e-09
332 2.7315e-09
333 2.7315e-09
334 2.7315e-09
335 2.7315e-09
336 2.7315e-09
337 2.7315e-09
338 2.7315e-09
339 2.7315e-09
340 2.7315e-09
341 2.7315e-09
342 2.7315e-09
343 2.7315e-09
344 2.7315e-09
345 2.7315e-09
346 2.7315e-09
347 2.7315e-09
348 2.7315e-09
349 2.7315e-09
350 2.7315e-09
351 2.7315e-09
352 2.7315e-09
353 2.7315e-09
354 2.7315e-09
355 2.7315e-09
356 2.7315e-09
357 2.7315e-09
358 2.7315e-09
359 2.7315e-09
360 2.7315e-09
361 2.7315e-09
362 2.7315e-09
363 2.7315e-09
364 2.7315e-09
365 2.7315e-09
366 2.7315e-09
367 2.7315e-09
368 2.7315e-09
369 2.7315e-09
370 2.7315e-09
371 2.7315e-09
372 2.7315e-09
373 2.7315e-09
374 2.7315e-09
375 2.7315e-09
376 2.7315e-09
377 2.7315e-09
378 2.7315e-09
379 2.7315e-09
380 2.7315e-09
381 2.7315e-09
382 2.7315e-09
383 2.7315e-09
384 2.7315e-09
385 2.7315e-09
386 2.7315e-09
387 2.7315e-09
388 2.7315e-09
389 2.7315e-09
390 2.7315e-09
391 2.7315e-09
392 2.7315e-09
393 2.7315e-09
394 2.7315e-09
395 2.7315e-09
396 2.7315e-09
397 2.7315e-09
398 2.7315e-09
399 2.7315e-09
400 2.7315e-09
401 2.7315e-09
402 2.7315e-09
403 2.7315e-09
404 2.7315e-09
405 2.7315e-09
406 2.7315e-09
407 2.7315e-09
408 2.7315e-09
409 2.7315e-09
410 2.7315e-09
411 2.7315e-09
412 2.7315e-09
413 2.7315e-09
414 2.7315e-09
415 2.7315e-09
416 2.7315e-09
417 2.7315e-09
418 2.7315e-09
419 2.7315e-09
420 2.7315e-09
421 2.7315e-09
422 2.7315e-09
423 2.7315e-09
424 2.7315e-09
425 2.7315e-09
426 2.7315e-09
427 2.7315e-09
428 2.7315e-09
429 2.7315e-09
430 2.7315e-09
431 2.7315e-09
432 2.7315e-09
433 2.7315e-09
434 2.7315e-09
435 2.7315e-09
436 2.7315e-09
437 2.7315e-09
438 2.7315e-09
439 2.7315e-09
440 2.7315e-09
441 2.7315e-09
442 2.7315e-09
443 2.7315e-09
444 2.7315e-09
445 2.7315e-09
446 2.7315e-09
447 2.7315e-09
448 2.7315e-09
449 2.7315e-09
450 2.7315e-09
451 2.7315e-09
452 2.7315e-09
453 2.7315e-09
454 2.7315e-09
455 2.7315e-09
456 2.7315e-09
457 2.7315e-09
458 2.7315e-09
459 2.7315e-09
460 2.7315e-09
461 2.7315e-09
462 2.7315e-09
463 2.7315e-09
464 2.7315e-09
465 2.7315e-09
466 2.7315e-09
467 2.7315e-09
468 2.7315e-09
469 2.7315e-09
470 2.7315e-09
471 2.7315e-09
472 2.7315e-09
473 2.7315e-09
474 2.7315e-09
475 2.7315e-09
476 2.7315e-09
477 2.7315e-09
478 2.7315e-09
479 2.7315e-09
480 2.7315e-09
481 2.7315e-09
482 2.7315e-09
483 2.7315e-09
484 2.7315e-09
485 2.7315e-09
486 2.7315e-09
487 2.7315e-09
488 2.7315e-09
489 2.7315e-09
490 2.7315e-09
491 2.7315e-09
492 2.7315e-09
493 2.7315e-09
494 2.7315e-09
495 2.7315e-09
496 2.7315e-09
497 2.7315e-09
498 2.7315e-09
499 2.7315e-09
500 2.7315e-09
501 2.7315e-09
502 2.7315e-09
503 2.7315e-09
504 2.7315e-09
505 2.7315e-09
506 2.7315e-09
507 2.7315e-09
508 2.7315e-09
509 2.7315e-09
510 2.7315e-09
511 2.7315e-09
512 2.7315e-09
513 2.7315e-09
514 2.7315e-09
515 2.7315e-09
516 2.7315e-09
517 2.7315e-09
518 2.7315e-09
519 2.7315e-09
520 2.7315e-09
521 2.7315e-09
522 2.7315e-09
523 2.7315e-09
524 2.7315e-09
525 2.7315e-09
526 2.7315e-09
527 2.7315e-09
528 2.7315e-09
529 2.7315e-09
530 2.7315e-09
531 2.7315e-09
532 2.7315e-09
533 2.7315e-09
534 2.7315e-09
535 2.7315e-09
536 2.7315e-09
537 2.7315e-09
538 2.7315e-09
539 2.7315e-09
540 2.7315e-09
541 2.7315e-09
542 2.7315e-09
