1 3.14021e-09
2 3.14021e-09
3 3.14021e-09
4 3.14021e-09
5 3.14021e-09
6 3.14021e-09
7 3.14021e-09
8 3.14021e-09
9 3.14021e-09
10 3.14021e-09
11 3.14021e-09
12 3.14021e-09
13 3.14021e-09
14 3.14021e-09
15 3.14021e-09
16 3.14021e-09
17 3.14021e-09
18 3.14021e-09
19 3.14021e-09
20 3.14021e-09
21 3.14021e-09
22 3.14021e-09
23 3.14021e-09
24 3.14021e-09
25 3.14021e-09
26 3.14021e-09
27 3.14021e-09
28 3.14021e-09
29 3.14021e-09
30 3.14021e-09
31 3.14021e-09
32 3.14021e-09
33 3.14021e-09
34 3.14021e-09
35 3.14021e-09
36 3.14021e-09
37 3.14021e-09
38 3.14021e-09
39 3.14021e-09
40 3.14021e-09
41 3.14021e-09
42 3.14021e-09
43 3.14021e-09
44 3.14021e-09
45 3.14021e-09
46 3.14021e-09
47 3.14021e-09
48 3.14021e-09
49 3.14021e-09
50 3.14021e-09
51 3.14021e-09
52 3.14021e-09
53 3.14021e-09
54 3.14021e-09
55 3.14021e-09
56 3.14021e-09
57 3.14021e-09
58 3.14021e-09
59 3.14021e-09
60 3.14021e-09
61 3.14021e-09
62 3.14021e-09
63 3.14021e-09
64 3.14021e-09
65 3.14021e-09
66 3.14021e-09
67 3.14021e-09
68 3.14021e-09
69 3.14021e-09
70 3.14021e-09
71 3.14021e-09
72 3.14021e-09
73 3.14021e-09
74 3.14021e-09
75 3.14021e-09
76 3.14021e-09
77 3.14021e-09
78 3.14021e-09
79 3.14021e-09
80 3.14021e-09
81 3.14021e-09
82 3.14021e-09
83 3.14021e-09
84 3.14021e-09
85 3.14021e-09
86 3.14021e-09
87 3.14021e-09
88 3.14021e-09
89 3.14021e-09
90 3.14021e-09
91 3.14021e-09
92 3.14021e-09
93 3.14021e-09
94 3.14021e-09
95 3.14021e-09
96 3.14021e-09
97 3.14021e-09
98 3.14021e-09
99 3.14021e-09
100 3.14021e-09
101 3.14021e-09
102 3.14021e-09
103 3.14021e-09
104 3.14021e-09
105 3.14021e-09
106 3.14021e-09
107 3.14021e-09
108 3.14021e-09
109 3.14021e-09
110 3.14021e-09
111 3.14021e-09
112 3.14021e-09
113 3.14021e-09
114 3.14021e-09
115 3.14021e-09
116 3.14021e-09
117 3.14021e-09
118 3.14021e-09
119 3.14021e-09
120 3.14021e-09
121 3.14021e-09
122 3.14021e-09
123 3.14021e-09
124 3.14021e-09
125 3.14021e-09
126 3.14021e-09
127 3.14021e-09
128 3.14021e-09
129 3.14021e-09
130 3.14021e-09
131 3.14021e-09
132 3.14021e-09
133 3.14021e-09
134 3.14021e-09
135 3.14021e-09
136 3.14021e-09
137 3.14021e-09
138 3.14021e-09
139 3.14021e-09
140 3.14021e-09
141 3.14021e-09
142 3.14021e-09
143 3.14021e-09
144 3.14021e-09
145 3.14021e-09
146 3.14021e-09
147 3.14021e-09
148 3.14021e-09
149 3.14021e-09
150 3.14021e-09
151 3.14021e-09
152 3.14021e-09
153 3.14021e-09
154 3.14021e-09
155 3.14021e-09
156 3.14021e-09
157 3.14021e-09
158 3.14021e-09
159 3.14021e-09
160 3.14021e-09
161 3.14021e-09
162 3.14021e-09
163 3.14021e-09
164 3.14021e-09
165 3.14021e-09
166 3.14021e-09
167 3.14021e-09
168 3.14021e-09
169 3.14021e-09
170 3.14021e-09
171 3.14021e-09
172 3.14021e-09
173 3.14021e-09
174 3.14021e-09
175 3.14021e-09
176 3.14021e-09
177 3.14021e-09
178 3.14021e-09
179 3.14021e-09
180 3.14021e-09
181 3.14021e-09
182 3.14021e-09
183 3.14021e-09
184 3.14021e-09
185 3.14021e-09
186 3.14021e-09
187 3.14021e-09
188 3.14021e-09
189 3.14021e-09
190 3.14021e-09
191 3.14021e-09
192 3.14021e-09
193 3.14021e-09
194 3.14021e-09
195 3.14021e-09
196 3.14021e-09
197 3.14021e-09
198 3.14021e-09
199 3.14021e-09
200 3.14021e-09
201 3.14021e-09
202 3.14021e-09
203 3.14021e-09
204 3.14021e-09
205 3.14021e-09
206 3.14021e-09
207 3.14021e-09
208 3.14021e-09
209 3.14021e-09
210 3.14021e-09
211 3.14021e-09
212 3.14021e-09
213 3.14021e-09
214 3.14021e-09
215 3.14021e-09
216 3.14021e-09
217 3.14021e-09
218 3.14021e-09
219 3.14021e-09
220 3.14021e-09
221 3.14021e-09
222 3.14021e-09
223 3.14021e-09
224 3.14021e-09
225 3.14021e-09
226 3.14021e-09
227 3.14021e-09
228 3.14021e-09
229 3.14021e-09
230 3.14021e-09
231 3.14021e-09
232 3.14021e-09
233 3.14021e-09
234 3.67752e-09
235 7.61962e-09
236 2.27306e-08
237 7.37417e-08
238 2.43187e-07
239 7.93263e-07
240 2.54725e-06
241 8.02639e-06
242 2.4756e-05
243 7.46177e-05
244 0.000219601
245 0.00063102
246 0.00177176
247 0.00486853
248 0.0131221
249 0.0347866
250 0.0909692
251 0.235284
252 0.30251
253 0.333569
254 0.411271
255 0.44635
256 0.531513
257 0.568522
258 0.584203
259 0.619515
260 0.696521
261 0.858723
262 0.918918
263 0.940403
264 0.98068
265 0.993913
266 0.998077
267 0.999329
268 0.999689
269 0.999785
270 0.999924
271 0.999949
272 0.999913
273 0.999891
274 0.999879
275 0.999792
276 0.999474
277 0.99839
278 0.994882
279 0.984047
280 0.952023
281 0.935427
282 0.89018
283 0.868408
284 0.812851
285 0.787597
286 0.776348
287 0.749342
288 0.685123
289 0.533323
290 0.468013
291 0.315153
292 0.250287
293 0.101603
294 0.0403406
295 0.0156238
296 0.00589137
297 0.00216044
298 0.000770135
299 0.000266914
300 9.00122e-05
301 2.9578e-05
302 9.49004e-06
303 2.98106e-06
304 9.19938e-07
305 2.79963e-07
306 8.45654e-08
307 2.59372e-08
308 8.53994e-09
309 3.75466e-09
310 3.14021e-09
311 3.14021e-09
312 3.14021e-09
313 3.14021e-09
314 3.14021e-09
315 3.14021e-09
316 3.14021e-09
317 3.14021e-09
318 3.14021e-09
319 3.14021e-09
320 3.14021e-09
321 3.14021e-09
322 3.14021e-09
323 3.14021e-09
324 3.14021e-09
325 3.14021e-09
326 3.14021e-09
327 3.14021e-09
328 3.14021e-09
329 3.14021e-09
330 3.14021e-09
331 3.14021e-09
332 3.14021e-09
333 3.14021e-09
334 3.14021e-09
335 3.14021e-09
336 3.14021e-09
337 3.14021e-09
338 3.14021e-09
339 3.14021e-09
340 3.14021e-09
341 3.14021e-09
342 3.14021e-09
343 3.14021e-09
344 3.14021e-09
345 3.14021e-09
346 3.14021e-09
347 3.14021e-09
348 3.14021e-09
349 3.14021e-09
350 3.14021e-09
351 3.14021e-09
352 3.14021e-09
353 3.14021e-09
354 3.14021e-09
355 3.14021e-09
356 3.14021e-09
357 3.14021e-09
358 3.14021e-09
359 3.14021e-09
360 3.14021e-09
361 3.14021e-09
362 3.14021e-09
363 3.14021e-09
364 3.14021e-09
365 3.14021e-09
366 3.14021e-09
367 3.14021e-09
368 3.14021e-09
369 3.14021e-09
370 3.14021e-09
371 3.14021e-09
372 3.14021e-09
373 3.14021e-09
374 3.14021e-09
375 3.14021e-09
376 3.14021e-09
377 3.14021e-09
378 3.14021e-09
379 3.14021e-09
380 3.14021e-09
381 3.14021e-09
382 3.14021e-09
383 3.14021e-09
384 3.14021e-09
385 3.14021e-09
386 3.14021e-09
387 3.14021e-09
388 3.14021e-09
389 3.14021e-09
390 3.14021e-09
391 3.14021e-09
392 3.14021e-09
393 3.14021e-09
394 3.14021e-09
395 3.14021e-09
396 3.14021e-09
397 3.14021e-09
398 3.14021e-09
399 3.14021e-09
400 3.14021e-09
401 3.14021e-09
402 3.14021e-09
403 3.14021e-09
404 3.14021e-09
405 3.14021e-09
406 3.14021e-09
407 3.14021e-09
408 3.14021e-09
409 3.14021e-09
410 3.14021e-09
411 3.14021e-09
412 3.14021e-09
413 3.14021e-09
414 3.14021e-09
415 3.14021e-09
416 3.14021e-09
417 3.14021e-09
418 3.14021e-09
419 3.14021e-09
420 3.14021e-09
421 3.14021e-09
422 3.14021e-09
423 3.14021e-09
424 3.14021e-09
425 3.14021e-09
426 3.14021e-09
427 3.14021e-09
428 3.14021e-09
429 3.14021e-09
430 3.14021e-09
431 3.14021e-09
432 3.14021e-09
433 3.14021e-09
434 3.14021e-09
435 3.14021e-09
436 3.14021e-09
437 3.14021e-09
438 3.14021e-09
439 3.14021e-09
440 3.14021e-09
441 3.14021e-09
442 3.14021e-09
443 3.14021e-09
444 3.14021e-09
445 3.14021e-09
446 3.14021e-09
447 3.14021e-09
448 3.14021e-09
449 3.14021e-09
450 3.14021e-09
451 3.14021e-09
452 3.14021e-09
453 3.14021e-09
454 3.14021e-09
455 3.14021e-09
456 3.14021e-09
457 3.14021e-09
458 3.14021e-09
459 3.14021e-09
460 3.14021e-09
461 3.14021e-09
462 3.14021e-09
463 3.14021e-09
464 3.14021e-09
465 3.14021e-09
466 3.14021e-09
467 3.14021e-09
468 3.14021e-09
469 3.14021e-09
470 3.14021e-09
471 3.14021e-09
472 3.14021e-09
473 3.14021e-09
474 3.14021e-09
475 3.14021e-09
476 3.14021e-09
477 3.14021e-09
478 3.14021e-09
479 3.14021e-09
480 3.14021e-09
481 3.14021e-09
482 3.14021e-09
483 3.14021e-09
484 3.14021e-09
485 3.14021e-09
486 3.14021e-09
487 3.14021e-09
488 3.14021e-09
489 3.14021e-09
490 3.14021e-09
491 3.14021e-09
492 3.14021e-09
493 3.14021e-09
494 3.14021e-09
495 3.14021e-09
496 3.14021e-09
497 3.14021e-09
498 3.14021e-09
499 3.14021e-09
500 3.14021e-09
501 3.14021e-09
502 3.14021e-09
503 3.14021e-09
504 3.14021e-09
505 3.14021e-09
506 3.14021e-09
507 3.14021e-09
508 3.14021e-09
509 3.14021e-09
510 3.14021e-09
511 3.14021e-09
512 3.14021e-09
513 3.14021e-09
514 3.14021e-09
515 3.14021e-09
516 3.14021e-09
517 3.14021e-09
518 3.14021e-09
519 3.14021e-09
520 3.14021e-09
521 3.14021e-09
522 3.14021e-09
523 3.14021e-09
524 3.14021e-09
525 3.14021e-09
526 3.14021e-09
527 3.14021e-09
528 3.14021e-09
529 3.14021e-09
530 3.14021e-09
531 3.14021e-09
532 3.14021e-09
533 3.14021e-09
534 3.14021e-09
535 3.14021e-09
536 3.14021e-09
537 3.14021e-09
538 3.14021e-09
539 3.14021e-09
540 3.14021e-09
541 3.14021e-09
542 3.14021e-09
