1 1.95628e-08
2 1.95628e-08
3 1.95628e-08
4 1.95628e-08
5 1.95628e-08
6 1.95628e-08
7 1.95628e-08
8 1.95628e-08
9 1.95628e-08
10 1.95628e-08
11 1.95628e-08
12 1.95628e-08
13 1.95628e-08
14 1.95628e-08
15 1.95628e-08
16 1.95628e-08
17 1.95628e-08
18 1.95628e-08
19 1.95628e-08
20 1.95628e-08
21 1.95628e-08
22 1.95628e-08
23 1.95628e-08
24 1.95628e-08
25 1.95628e-08
26 1.95628e-08
27 1.95628e-08
28 1.95628e-08
29 1.95628e-08
30 1.95628e-08
31 1.95628e-08
32 1.95628e-08
33 1.95628e-08
34 1.95628e-08
35 1.95628e-08
36 1.95628e-08
37 1.95628e-08
38 1.95628e-08
39 1.95628e-08
40 1.95628e-08
41 1.95628e-08
42 1.95628e-08
43 1.95628e-08
44 1.95628e-08
45 1.95628e-08
46 1.95628e-08
47 1.95628e-08
48 1.95628e-08
49 1.95628e-08
50 1.95628e-08
51 1.95628e-08
52 1.95628e-08
53 1.95628e-08
54 1.95628e-08
55 1.95628e-08
56 1.95628e-08
57 1.95628e-08
58 1.95628e-08
59 1.95628e-08
60 1.95628e-08
61 1.95628e-08
62 1.95628e-08
63 1.95628e-08
64 1.95628e-08
65 1.95628e-08
66 1.95628e-08
67 1.95628e-08
68 1.95628e-08
69 1.95628e-08
70 1.95628e-08
71 1.95628e-08
72 1.95628e-08
73 1.95628e-08
74 1.95628e-08
75 1.95628e-08
76 1.95628e-08
77 1.95628e-08
78 1.95628e-08
79 1.95628e-08
80 1.95628e-08
81 1.95628e-08
82 1.95628e-08
83 1.95628e-08
84 1.95628e-08
85 1.95628e-08
86 1.95628e-08
87 1.95628e-08
88 1.95628e-08
89 1.95628e-08
90 1.95628e-08
91 1.95628e-08
92 1.95628e-08
93 1.95628e-08
94 1.95628e-08
95 1.95628e-08
96 1.95628e-08
97 1.95628e-08
98 1.95628e-08
99 1.95628e-08
100 1.95628e-08
101 1.95628e-08
102 1.95628e-08
103 1.95628e-08
104 1.95628e-08
105 1.95628e-08
106 1.95628e-08
107 1.95628e-08
108 1.95628e-08
109 1.95628e-08
110 1.95628e-08
111 1.95628e-08
112 1.95628e-08
113 1.95628e-08
114 1.95628e-08
115 1.95628e-08
116 1.95628e-08
117 1.95628e-08
118 1.95628e-08
119 1.95628e-08
120 1.95628e-08
121 1.95628e-08
122 1.95628e-08
123 1.95628e-08
124 1.95628e-08
125 1.95628e-08
126 1.95628e-08
127 1.95628e-08
128 1.95628e-08
129 1.95628e-08
130 1.95628e-08
131 1.95628e-08
132 1.95628e-08
133 1.95628e-08
134 1.95628e-08
135 1.95628e-08
136 1.95628e-08
137 1.95628e-08
138 1.95628e-08
139 1.95628e-08
140 1.95628e-08
141 1.95628e-08
142 1.95628e-08
143 1.95628e-08
144 1.95628e-08
145 1.95628e-08
146 1.95628e-08
147 1.95628e-08
148 1.95628e-08
149 1.95628e-08
150 1.95628e-08
151 1.95628e-08
152 1.95628e-08
153 1.95628e-08
154 1.95628e-08
155 1.95628e-08
156 1.95628e-08
157 1.95628e-08
158 1.95628e-08
159 1.95628e-08
160 1.95628e-08
161 1.95628e-08
162 1.95628e-08
163 1.95628e-08
164 1.95628e-08
165 1.95628e-08
166 1.95628e-08
167 1.95628e-08
168 1.95628e-08
169 1.95628e-08
170 1.95628e-08
171 1.95628e-08
172 1.95628e-08
173 1.95628e-08
174 1.95628e-08
175 1.95628e-08
176 1.95628e-08
177 1.95628e-08
178 1.95628e-08
179 1.95628e-08
180 1.95628e-08
181 1.95628e-08
182 1.95628e-08
183 1.95628e-08
184 1.95628e-08
185 1.95628e-08
186 1.95628e-08
187 1.95628e-08
188 1.95628e-08
189 1.95628e-08
190 1.95628e-08
191 1.95628e-08
192 1.95628e-08
193 1.95628e-08
194 1.95628e-08
195 1.95628e-08
196 1.95628e-08
197 1.95628e-08
198 1.95628e-08
199 1.95628e-08
200 1.95628e-08
201 1.95628e-08
202 1.95628e-08
203 1.95628e-08
204 1.95628e-08
205 1.95628e-08
206 1.95628e-08
207 1.95628e-08
208 1.95628e-08
209 1.95628e-08
210 1.95628e-08
211 1.95628e-08
212 1.95628e-08
213 1.95628e-08
214 1.95628e-08
215 1.95628e-08
216 1.95628e-08
217 1.95628e-08
218 1.95628e-08
219 1.95628e-08
220 1.95628e-08
221 1.95628e-08
222 1.95628e-08
223 1.95628e-08
224 1.95628e-08
225 1.95628e-08
226 1.95628e-08
227 2.1179e-08
228 2.92677e-08
229 5.39265e-08
230 1.1909e-07
231 2.87395e-07
232 7.16784e-07
233 1.80044e-06
234 4.50162e-06
235 1.1146e-05
236 2.72379e-05
237 6.55089e-05
238 0.00015464
239 0.000357378
240 0.000806647
241 0.00177445
242 0.00379715
243 0.00789169
244 0.0159077
245 0.0310651
246 0.0587151
247 0.107324
248 0.189602
249 0.323584
250 0.533336
251 0.848869
252 0.93223
253 0.953385
254 0.981596
255 0.98821
256 0.996373
257 0.998149
258 0.998522
259 0.998939
260 0.999391
261 0.99987
262 0.999962
263 0.999979
264 0.999996
265 0.999999
266 1
267 1
268 1
269 1
270 1
271 1
272 1
273 1
274 1
275 1
276 1
277 1
278 0.999999
279 0.999996
280 0.999979
281 0.999962
282 0.999871
283 0.999783
284 0.999335
285 0.998923
286 0.998556
287 0.996823
288 0.988923
289 0.954273
290 0.927573
291 0.819581
292 0.742999
293 0.458198
294 0.272518
295 0.156382
296 0.0866448
297 0.0463988
298 0.0240479
299 0.012084
300 0.0058997
301 0.00280568
302 0.00130347
303 0.000593487
304 0.00026571
305 0.000117345
306 5.12555e-05
307 2.21838e-05
308 9.52242e-06
309 4.05441e-06
310 1.71221e-06
311 7.18237e-07
312 3.01537e-07
313 1.2928e-07
314 5.93503e-08
315 3.20492e-08
316 2.27645e-08
317 1.99873e-08
318 1.95628e-08
319 1.95628e-08
320 1.95628e-08
321 1.95628e-08
322 1.95628e-08
323 1.95628e-08
324 1.95628e-08
325 1.95628e-08
326 1.95628e-08
327 1.95628e-08
328 1.95628e-08
329 1.95628e-08
330 1.95628e-08
331 1.95628e-08
332 1.95628e-08
333 1.95628e-08
334 1.95628e-08
335 1.95628e-08
336 1.95628e-08
337 1.95628e-08
338 1.95628e-08
339 1.95628e-08
340 1.95628e-08
341 1.95628e-08
342 1.95628e-08
343 1.95628e-08
344 1.95628e-08
345 1.95628e-08
346 1.95628e-08
347 1.95628e-08
348 1.95628e-08
349 1.95628e-08
350 1.95628e-08
351 1.95628e-08
352 1.95628e-08
353 1.95628e-08
354 1.95628e-08
355 1.95628e-08
356 1.95628e-08
357 1.95628e-08
358 1.95628e-08
359 1.95628e-08
360 1.95628e-08
361 1.95628e-08
362 1.95628e-08
363 1.95628e-08
364 1.95628e-08
365 1.95628e-08
366 1.95628e-08
367 1.95628e-08
368 1.95628e-08
369 1.95628e-08
370 1.95628e-08
371 1.95628e-08
372 1.95628e-08
373 1.95628e-08
374 1.95628e-08
375 1.95628e-08
376 1.95628e-08
377 1.95628e-08
378 1.95628e-08
379 1.95628e-08
380 1.95628e-08
381 1.95628e-08
382 1.95628e-08
383 1.95628e-08
384 1.95628e-08
385 1.95628e-08
386 1.95628e-08
387 1.95628e-08
388 1.95628e-08
389 1.95628e-08
390 1.95628e-08
391 1.95628e-08
392 1.95628e-08
393 1.95628e-08
394 1.95628e-08
395 1.95628e-08
396 1.95628e-08
397 1.95628e-08
398 1.95628e-08
399 1.95628e-08
400 1.95628e-08
401 1.95628e-08
402 1.95628e-08
403 1.95628e-08
404 1.95628e-08
405 1.95628e-08
406 1.95628e-08
407 1.95628e-08
408 1.95628e-08
409 1.95628e-08
410 1.95628e-08
411 1.95628e-08
412 1.95628e-08
413 1.95628e-08
414 1.95628e-08
415 1.95628e-08
416 1.95628e-08
417 1.95628e-08
418 1.95628e-08
419 1.95628e-08
420 1.95628e-08
421 1.95628e-08
422 1.95628e-08
423 1.95628e-08
424 1.95628e-08
425 1.95628e-08
426 1.95628e-08
427 1.95628e-08
428 1.95628e-08
429 1.95628e-08
430 1.95628e-08
431 1.95628e-08
432 1.95628e-08
433 1.95628e-08
434 1.95628e-08
435 1.95628e-08
436 1.95628e-08
437 1.95628e-08
438 1.95628e-08
439 1.95628e-08
440 1.95628e-08
441 1.95628e-08
442 1.95628e-08
443 1.95628e-08
444 1.95628e-08
445 1.95628e-08
446 1.95628e-08
447 1.95628e-08
448 1.95628e-08
449 1.95628e-08
450 1.95628e-08
451 1.95628e-08
452 1.95628e-08
453 1.95628e-08
454 1.95628e-08
455 1.95628e-08
456 1.95628e-08
457 1.95628e-08
458 1.95628e-08
459 1.95628e-08
460 1.95628e-08
461 1.95628e-08
462 1.95628e-08
463 1.95628e-08
464 1.95628e-08
465 1.95628e-08
466 1.95628e-08
467 1.95628e-08
468 1.95628e-08
469 1.95628e-08
470 1.95628e-08
471 1.95628e-08
472 1.95628e-08
473 1.95628e-08
474 1.95628e-08
475 1.95628e-08
476 1.95628e-08
477 1.95628e-08
478 1.95628e-08
479 1.95628e-08
480 1.95628e-08
481 1.95628e-08
482 1.95628e-08
483 1.95628e-08
484 1.95628e-08
485 1.95628e-08
486 1.95628e-08
487 1.95628e-08
488 1.95628e-08
489 1.95628e-08
490 1.95628e-08
491 1.95628e-08
492 1.95628e-08
493 1.95628e-08
494 1.95628e-08
495 1.95628e-08
496 1.95628e-08
497 1.95628e-08
498 1.95628e-08
499 1.95628e-08
500 1.95628e-08
501 1.95628e-08
502 1.95628e-08
503 1.95628e-08
504 1.95628e-08
505 1.95628e-08
506 1.95628e-08
507 1.95628e-08
508 1.95628e-08
509 1.95628e-08
510 1.95628e-08
511 1.95628e-08
512 1.95628e-08
513 1.95628e-08
514 1.95628e-08
515 1.95628e-08
516 1.95628e-08
517 1.95628e-08
518 1.95628e-08
519 1.95628e-08
520 1.95628e-08
521 1.95628e-08
522 1.95628e-08
523 1.95628e-08
524 1.95628e-08
525 1.95628e-08
526 1.95628e-08
527 1.95628e-08
528 1.95628e-08
529 1.95628e-08
530 1.95628e-08
531 1.95628e-08
532 1.95628e-08
533 1.95628e-08
534 1.95628e-08
535 1.95628e-08
536 1.95628e-08
537 1.95628e-08
538 1.95628e-08
539 1.95628e-08
540 1.95628e-08
541 1.95628e-08
542 1.95628e-08
