1 3.54791e-09
2 3.54791e-09
3 3.54791e-09
4 3.54791e-09
5 3.54791e-09
6 3.54791e-09
7 3.54791e-09
8 3.54791e-09
9 3.54791e-09
10 3.54791e-09
11 3.54791e-09
12 3.54791e-09
13 3.54791e-09
14 3.54791e-09
15 3.54791e-09
16 3.54791e-09
17 3.54791e-09
18 3.54791e-09
19 3.54791e-09
20 3.54791e-09
21 3.54791e-09
22 3.54791e-09
23 3.54791e-09
24 3.54791e-09
25 3.54791e-09
26 3.54791e-09
27 3.54791e-09
28 3.54791e-09
29 3.54791e-09
30 3.54791e-09
31 3.54791e-09
32 3.54791e-09
33 3.54791e-09
34 3.54791e-09
35 3.54791e-09
36 3.54791e-09
37 3.54791e-09
38 3.54791e-09
39 3.54791e-09
40 3.54791e-09
41 3.54791e-09
42 3.54791e-09
43 3.54791e-09
44 3.54791e-09
45 3.54791e-09
46 3.54791e-09
47 3.54791e-09
48 3.54791e-09
49 3.54791e-09
50 3.54791e-09
51 3.54791e-09
52 3.54791e-09
53 3.54791e-09
54 3.54791e-09
55 3.54791e-09
56 3.54791e-09
57 3.54791e-09
58 3.54791e-09
59 3.54791e-09
60 3.54791e-09
61 3.54791e-09
62 3.54791e-09
63 3.54791e-09
64 3.54791e-09
65 3.54791e-09
66 3.54791e-09
67 3.54791e-09
68 3.54791e-09
69 3.54791e-09
70 3.54791e-09
71 3.54791e-09
72 3.54791e-09
73 3.54791e-09
74 3.54791e-09
75 3.54791e-09
76 3.54791e-09
77 3.54791e-09
78 3.54791e-09
79 3.54791e-09
80 3.54791e-09
81 3.54791e-09
82 3.54791e-09
83 3.54791e-09
84 3.54791e-09
85 3.54791e-09
86 3.54791e-09
87 3.54791e-09
88 3.54791e-09
89 3.54791e-09
90 3.54791e-09
91 3.54791e-09
92 3.54791e-09
93 3.54791e-09
94 3.54791e-09
95 3.54791e-09
96 3.54791e-09
97 3.54791e-09
98 3.54791e-09
99 3.54791e-09
100 3.54791e-09
101 3.54791e-09
102 3.54791e-09
103 3.54791e-09
104 3.54791e-09
105 3.54791e-09
106 3.54791e-09
107 3.54791e-09
108 3.54791e-09
109 3.54791e-09
110 3.54791e-09
111 3.54791e-09
112 3.54791e-09
113 3.54791e-09
114 3.54791e-09
115 3.54791e-09
116 3.54791e-09
117 3.54791e-09
118 3.54791e-09
119 3.54791e-09
120 3.54791e-09
121 3.54791e-09
122 3.54791e-09
123 3.54791e-09
124 3.54791e-09
125 3.54791e-09
126 3.54791e-09
127 3.54791e-09
128 3.54791e-09
129 3.54791e-09
130 3.54791e-09
131 3.54791e-09
132 3.54791e-09
133 3.54791e-09
134 3.54791e-09
135 3.54791e-09
136 3.54791e-09
137 3.54791e-09
138 3.54791e-09
139 3.54791e-09
140 3.54791e-09
141 3.54791e-09
142 3.54791e-09
143 3.54791e-09
144 3.54791e-09
145 3.54791e-09
146 3.54791e-09
147 3.54791e-09
148 3.54791e-09
149 3.54791e-09
150 3.54791e-09
151 3.54791e-09
152 3.54791e-09
153 3.54791e-09
154 3.54791e-09
155 3.54791e-09
156 3.54791e-09
157 3.54791e-09
158 3.54791e-09
159 3.54791e-09
160 3.54791e-09
161 3.54791e-09
162 3.54791e-09
163 3.54791e-09
164 3.54791e-09
165 3.54791e-09
166 3.54791e-09
167 3.54791e-09
168 3.54791e-09
169 3.54791e-09
170 3.54791e-09
171 3.54791e-09
172 3.54791e-09
173 3.54791e-09
174 3.54791e-09
175 3.54791e-09
176 3.54791e-09
177 3.54791e-09
178 3.54791e-09
179 3.54791e-09
180 3.54791e-09
181 3.54791e-09
182 3.54791e-09
183 3.54791e-09
184 3.54791e-09
185 3.54791e-09
186 3.54791e-09
187 3.54791e-09
188 3.54791e-09
189 3.54791e-09
190 3.54791e-09
191 3.54791e-09
192 3.54791e-09
193 3.54791e-09
194 3.54791e-09
195 3.54791e-09
196 3.54791e-09
197 3.54791e-09
198 3.54791e-09
199 3.54791e-09
200 3.54791e-09
201 3.54791e-09
202 3.54791e-09
203 3.54791e-09
204 3.54791e-09
205 3.54791e-09
206 3.54791e-09
207 3.54791e-09
208 3.54791e-09
209 3.54791e-09
210 3.54791e-09
211 3.54791e-09
212 3.54791e-09
213 3.54791e-09
214 3.54791e-09
215 3.54791e-09
216 3.54791e-09
217 3.54791e-09
218 3.54791e-09
219 3.54791e-09
220 3.54791e-09
221 3.54791e-09
222 3.54791e-09
223 3.54791e-09
224 3.54791e-09
225 3.54791e-09
226 3.54791e-09
227 3.54791e-09
228 3.54791e-09
229 3.54791e-09
230 3.54791e-09
231 3.54791e-09
232 3.54791e-09
233 3.54791e-09
234 4.96134e-09
235 1.21581e-08
236 3.64316e-08
237 1.17139e-07
238 3.78244e-07
239 1.20675e-06
240 3.77846e-06
241 1.15796e-05
242 3.46802e-05
243 0.000101435
244 0.000289789
245 0.000809423
246 0.00221413
247 0.00594524
248 0.0157132
249 0.0409921
250 0.105809
251 0.270648
252 0.346628
253 0.381278
254 0.466514
255 0.504175
256 0.59322
257 0.630735
258 0.646085
259 0.679349
260 0.748968
261 0.889387
262 0.939194
263 0.956161
264 0.986474
265 0.995957
266 0.998794
267 0.999606
268 0.999828
269 0.999884
270 0.999962
271 0.999976
272 0.999957
273 0.999944
274 0.999937
275 0.999884
276 0.999683
277 0.998961
278 0.996498
279 0.988484
280 0.963572
281 0.950026
282 0.911384
283 0.891999
284 0.84067
285 0.816589
286 0.805587
287 0.778676
288 0.713868
289 0.559444
290 0.49262
291 0.335227
292 0.267811
293 0.1111
294 0.0452724
295 0.018059
296 0.00703226
297 0.00266786
298 0.000984789
299 0.000353492
300 0.000123392
301 4.19123e-05
302 1.387e-05
303 4.48037e-06
304 1.41639e-06
305 4.39771e-07
306 1.35123e-07
307 4.17005e-08
308 1.36409e-08
309 5.36779e-09
310 3.54791e-09
311 3.54791e-09
312 3.54791e-09
313 3.54791e-09
314 3.54791e-09
315 3.54791e-09
316 3.54791e-09
317 3.54791e-09
318 3.54791e-09
319 3.54791e-09
320 3.54791e-09
321 3.54791e-09
322 3.54791e-09
323 3.54791e-09
324 3.54791e-09
325 3.54791e-09
326 3.54791e-09
327 3.54791e-09
328 3.54791e-09
329 3.54791e-09
330 3.54791e-09
331 3.54791e-09
332 3.54791e-09
333 3.54791e-09
334 3.54791e-09
335 3.54791e-09
336 3.54791e-09
337 3.54791e-09
338 3.54791e-09
339 3.54791e-09
340 3.54791e-09
341 3.54791e-09
342 3.54791e-09
343 3.54791e-09
344 3.54791e-09
345 3.54791e-09
346 3.54791e-09
347 3.54791e-09
348 3.54791e-09
349 3.54791e-09
350 3.54791e-09
351 3.54791e-09
352 3.54791e-09
353 3.54791e-09
354 3.54791e-09
355 3.54791e-09
356 3.54791e-09
357 3.54791e-09
358 3.54791e-09
359 3.54791e-09
360 3.54791e-09
361 3.54791e-09
362 3.54791e-09
363 3.54791e-09
364 3.54791e-09
365 3.54791e-09
366 3.54791e-09
367 3.54791e-09
368 3.54791e-09
369 3.54791e-09
370 3.54791e-09
371 3.54791e-09
372 3.54791e-09
373 3.54791e-09
374 3.54791e-09
375 3.54791e-09
376 3.54791e-09
377 3.54791e-09
378 3.54791e-09
379 3.54791e-09
380 3.54791e-09
381 3.54791e-09
382 3.54791e-09
383 3.54791e-09
384 3.54791e-09
385 3.54791e-09
386 3.54791e-09
387 3.54791e-09
388 3.54791e-09
389 3.54791e-09
390 3.54791e-09
391 3.54791e-09
392 3.54791e-09
393 3.54791e-09
394 3.54791e-09
395 3.54791e-09
396 3.54791e-09
397 3.54791e-09
398 3.54791e-09
399 3.54791e-09
400 3.54791e-09
401 3.54791e-09
402 3.54791e-09
403 3.54791e-09
404 3.54791e-09
405 3.54791e-09
406 3.54791e-09
407 3.54791e-09
408 3.54791e-09
409 3.54791e-09
410 3.54791e-09
411 3.54791e-09
412 3.54791e-09
413 3.54791e-09
414 3.54791e-09
415 3.54791e-09
416 3.54791e-09
417 3.54791e-09
418 3.54791e-09
419 3.54791e-09
420 3.54791e-09
421 3.54791e-09
422 3.54791e-09
423 3.54791e-09
424 3.54791e-09
425 3.54791e-09
426 3.54791e-09
427 3.54791e-09
428 3.54791e-09
429 3.54791e-09
430 3.54791e-09
431 3.54791e-09
432 3.54791e-09
433 3.54791e-09
434 3.54791e-09
435 3.54791e-09
436 3.54791e-09
437 3.54791e-09
438 3.54791e-09
439 3.54791e-09
440 3.54791e-09
441 3.54791e-09
442 3.54791e-09
443 3.54791e-09
444 3.54791e-09
445 3.54791e-09
446 3.54791e-09
447 3.54791e-09
448 3.54791e-09
449 3.54791e-09
450 3.54791e-09
451 3.54791e-09
452 3.54791e-09
453 3.54791e-09
454 3.54791e-09
455 3.54791e-09
456 3.54791e-09
457 3.54791e-09
458 3.54791e-09
459 3.54791e-09
460 3.54791e-09
461 3.54791e-09
462 3.54791e-09
463 3.54791e-09
464 3.54791e-09
465 3.54791e-09
466 3.54791e-09
467 3.54791e-09
468 3.54791e-09
469 3.54791e-09
470 3.54791e-09
471 3.54791e-09
472 3.54791e-09
473 3.54791e-09
474 3.54791e-09
475 3.54791e-09
476 3.54791e-09
477 3.54791e-09
478 3.54791e-09
479 3.54791e-09
480 3.54791e-09
481 3.54791e-09
482 3.54791e-09
483 3.54791e-09
484 3.54791e-09
485 3.54791e-09
486 3.54791e-09
487 3.54791e-09
488 3.54791e-09
489 3.54791e-09
490 3.54791e-09
491 3.54791e-09
492 3.54791e-09
493 3.54791e-09
494 3.54791e-09
495 3.54791e-09
496 3.54791e-09
497 3.54791e-09
498 3.54791e-09
499 3.54791e-09
500 3.54791e-09
501 3.54791e-09
502 3.54791e-09
503 3.54791e-09
504 3.54791e-09
505 3.54791e-09
506 3.54791e-09
507 3.54791e-09
508 3.54791e-09
509 3.54791e-09
510 3.54791e-09
511 3.54791e-09
512 3.54791e-09
513 3.54791e-09
514 3.54791e-09
515 3.54791e-09
516 3.54791e-09
517 3.54791e-09
518 3.54791e-09
519 3.54791e-09
520 3.54791e-09
521 3.54791e-09
522 3.54791e-09
523 3.54791e-09
524 3.54791e-09
525 3.54791e-09
526 3.54791e-09
527 3.54791e-09
528 3.54791e-09
529 3.54791e-09
530 3.54791e-09
531 3.54791e-09
532 3.54791e-09
533 3.54791e-09
534 3.54791e-09
535 3.54791e-09
536 3.54791e-09
537 3.54791e-09
538 3.54791e-09
539 3.54791e-09
540 3.54791e-09
541 3.54791e-09
542 3.54791e-09
