1 1.70058e-09
2 1.70058e-09
3 1.70058e-09
4 1.70058e-09
5 1.70058e-09
6 1.70058e-09
7 1.70058e-09
8 1.70058e-09
9 1.70058e-09
10 1.70058e-09
11 1.70058e-09
12 1.70058e-09
13 1.70058e-09
14 1.70058e-09
15 1.70058e-09
16 1.70058e-09
17 1.70058e-09
18 1.70058e-09
19 1.70058e-09
20 1.70058e-09
21 1.70058e-09
22 1.70058e-09
23 1.70058e-09
24 1.70058e-09
25 1.70058e-09
26 1.70058e-09
27 1.70058e-09
28 1.70058e-09
29 1.70058e-09
30 1.70058e-09
31 1.70058e-09
32 1.70058e-09
33 1.70058e-09
34 1.70058e-09
35 1.70058e-09
36 1.70058e-09
37 1.70058e-09
38 1.70058e-09
39 1.70058e-09
40 1.70058e-09
41 1.70058e-09
42 1.70058e-09
43 1.70058e-09
44 1.70058e-09
45 1.70058e-09
46 1.70058e-09
47 1.70058e-09
48 1.70058e-09
49 1.70058e-09
50 1.70058e-09
51 1.70058e-09
52 1.70058e-09
53 1.70058e-09
54 1.70058e-09
55 1.70058e-09
56 1.70058e-09
57 1.70058e-09
58 1.70058e-09
59 1.70058e-09
60 1.70058e-09
61 1.70058e-09
62 1.70058e-09
63 1.70058e-09
64 1.70058e-09
65 1.70058e-09
66 1.70058e-09
67 1.70058e-09
68 1.70058e-09
69 1.70058e-09
70 1.70058e-09
71 1.70058e-09
72 1.70058e-09
73 1.70058e-09
74 1.70058e-09
75 1.70058e-09
76 1.70058e-09
77 1.70058e-09
78 1.70058e-09
79 1.70058e-09
80 1.70058e-09
81 1.70058e-09
82 1.70058e-09
83 1.70058e-09
84 1.70058e-09
85 1.70058e-09
86 1.70058e-09
87 1.70058e-09
88 1.70058e-09
89 1.70058e-09
90 1.70058e-09
91 1.70058e-09
92 1.70058e-09
93 1.70058e-09
94 1.70058e-09
95 1.70058e-09
96 1.70058e-09
97 1.70058e-09
98 1.70058e-09
99 1.70058e-09
100 1.70058e-09
101 1.70058e-09
102 1.70058e-09
103 1.70058e-09
104 1.70058e-09
105 1.70058e-09
106 1.70058e-09
107 1.70058e-09
108 1.70058e-09
109 1.70058e-09
110 1.70058e-09
111 1.70058e-09
112 1.70058e-09
113 1.70058e-09
114 1.70058e-09
115 1.70058e-09
116 1.70058e-09
117 1.70058e-09
118 1.70058e-09
119 1.70058e-09
120 1.70058e-09
121 1.70058e-09
122 1.70058e-09
123 1.70058e-09
124 1.70058e-09
125 1.70058e-09
126 1.70058e-09
127 1.70058e-09
128 1.70058e-09
129 1.70058e-09
130 1.70058e-09
131 1.70058e-09
132 1.70058e-09
133 1.70058e-09
134 1.70058e-09
135 1.70058e-09
136 1.70058e-09
137 1.70058e-09
138 1.70058e-09
139 1.70058e-09
140 1.70058e-09
141 1.70058e-09
142 1.70058e-09
143 1.70058e-09
144 1.70058e-09
145 1.70058e-09
146 1.70058e-09
147 1.70058e-09
148 1.70058e-09
149 1.70058e-09
150 1.70058e-09
151 1.70058e-09
152 1.70058e-09
153 1.70058e-09
154 1.70058e-09
155 1.70058e-09
156 1.70058e-09
157 1.70058e-09
158 1.70058e-09
159 1.70058e-09
160 1.70058e-09
161 1.70058e-09
162 1.70058e-09
163 1.70058e-09
164 1.70058e-09
165 1.70058e-09
166 1.70058e-09
167 1.70058e-09
168 1.70058e-09
169 1.70058e-09
170 1.70058e-09
171 1.70058e-09
172 1.70058e-09
173 1.70058e-09
174 1.70058e-09
175 1.70058e-09
176 1.70058e-09
177 1.70058e-09
178 1.70058e-09
179 1.70058e-09
180 1.70058e-09
181 1.70058e-09
182 1.70058e-09
183 1.70058e-09
184 1.70058e-09
185 1.70058e-09
186 1.70058e-09
187 1.70058e-09
188 1.70058e-09
189 1.70058e-09
190 1.70058e-09
191 1.70058e-09
192 1.70058e-09
193 1.70058e-09
194 1.70058e-09
195 1.70058e-09
196 1.70058e-09
197 1.70058e-09
198 1.70058e-09
199 1.70058e-09
200 1.70058e-09
201 1.70058e-09
202 1.70058e-09
203 1.70058e-09
204 1.70058e-09
205 1.70058e-09
206 1.70058e-09
207 1.70058e-09
208 1.70058e-09
209 1.70058e-09
210 1.70058e-09
211 1.70058e-09
212 1.70058e-09
213 1.70058e-09
214 1.70058e-09
215 1.70058e-09
216 1.70058e-09
217 1.70058e-09
218 1.70058e-09
219 1.70058e-09
220 1.70058e-09
221 1.70058e-09
222 1.70058e-09
223 1.70058e-09
224 1.70058e-09
225 1.70058e-09
226 1.70058e-09
227 1.70058e-09
228 1.70058e-09
229 1.70058e-09
230 1.70058e-09
231 1.70058e-09
232 1.70058e-09
233 1.70058e-09
234 1.70058e-09
235 1.70058e-09
236 1.86979e-09
237 3.8083e-09
238 1.30152e-08
239 4.63368e-08
240 1.59627e-07
241 5.40622e-07
242 1.82221e-06
243 6.13469e-06
244 2.06502e-05
245 6.94183e-05
246 0.000232381
247 0.00077157
248 0.00252967
249 0.0081544
250 0.0257483
251 0.0794137
252 0.108553
253 0.123952
254 0.167304
255 0.189074
256 0.247584
257 0.27582
258 0.289257
259 0.323882
260 0.41246
261 0.637639
262 0.741522
263 0.788941
264 0.905556
265 0.956939
266 0.979012
267 0.988199
268 0.991829
269 0.992983
270 0.995763
271 0.996287
272 0.995068
273 0.994906
274 0.99562
275 0.994903
276 0.992347
277 0.985861
278 0.970177
279 0.932845
280 0.844597
281 0.806567
282 0.717116
283 0.678821
284 0.589958
285 0.552806
286 0.537582
287 0.504287
288 0.433484
289 0.287401
290 0.234002
291 0.130581
292 0.0950902
293 0.0304545
294 0.00953024
295 0.00292572
296 0.000885355
297 0.000265487
298 7.92904e-05
299 2.36827e-05
300 7.09049e-06
301 2.12814e-06
302 6.38848e-07
303 1.90889e-07
304 5.60335e-08
305 1.57991e-08
306 4.44202e-09
307 2.12904e-09
308 1.70058e-09
309 1.70058e-09
310 1.70058e-09
311 1.70058e-09
312 1.70058e-09
313 1.70058e-09
314 1.70058e-09
315 1.70058e-09
316 1.70058e-09
317 1.70058e-09
318 1.70058e-09
319 1.70058e-09
320 1.70058e-09
321 1.70058e-09
322 1.70058e-09
323 1.70058e-09
324 1.70058e-09
325 1.70058e-09
326 1.70058e-09
327 1.70058e-09
328 1.70058e-09
329 1.70058e-09
330 1.70058e-09
331 1.70058e-09
332 1.70058e-09
333 1.70058e-09
334 1.70058e-09
335 1.70058e-09
336 1.70058e-09
337 1.70058e-09
338 1.70058e-09
339 1.70058e-09
340 1.70058e-09
341 1.70058e-09
342 1.70058e-09
343 1.70058e-09
344 1.70058e-09
345 1.70058e-09
346 1.70058e-09
347 1.70058e-09
348 1.70058e-09
349 1.70058e-09
350 1.70058e-09
351 1.70058e-09
352 1.70058e-09
353 1.70058e-09
354 1.70058e-09
355 1.70058e-09
356 1.70058e-09
357 1.70058e-09
358 1.70058e-09
359 1.70058e-09
360 1.70058e-09
361 1.70058e-09
362 1.70058e-09
363 1.70058e-09
364 1.70058e-09
365 1.70058e-09
366 1.70058e-09
367 1.70058e-09
368 1.70058e-09
369 1.70058e-09
370 1.70058e-09
371 1.70058e-09
372 1.70058e-09
373 1.70058e-09
374 1.70058e-09
375 1.70058e-09
376 1.70058e-09
377 1.70058e-09
378 1.70058e-09
379 1.70058e-09
380 1.70058e-09
381 1.70058e-09
382 1.70058e-09
383 1.70058e-09
384 1.70058e-09
385 1.70058e-09
386 1.70058e-09
387 1.70058e-09
388 1.70058e-09
389 1.70058e-09
390 1.70058e-09
391 1.70058e-09
392 1.70058e-09
393 1.70058e-09
394 1.70058e-09
395 1.70058e-09
396 1.70058e-09
397 1.70058e-09
398 1.70058e-09
399 1.70058e-09
400 1.70058e-09
401 1.70058e-09
402 1.70058e-09
403 1.70058e-09
404 1.70058e-09
405 1.70058e-09
406 1.70058e-09
407 1.70058e-09
408 1.70058e-09
409 1.70058e-09
410 1.70058e-09
411 1.70058e-09
412 1.70058e-09
413 1.70058e-09
414 1.70058e-09
415 1.70058e-09
416 1.70058e-09
417 1.70058e-09
418 1.70058e-09
419 1.70058e-09
420 1.70058e-09
421 1.70058e-09
422 1.70058e-09
423 1.70058e-09
424 1.70058e-09
425 1.70058e-09
426 1.70058e-09
427 1.70058e-09
428 1.70058e-09
429 1.70058e-09
430 1.70058e-09
431 1.70058e-09
432 1.70058e-09
433 1.70058e-09
434 1.70058e-09
435 1.70058e-09
436 1.70058e-09
437 1.70058e-09
438 1.70058e-09
439 1.70058e-09
440 1.70058e-09
441 1.70058e-09
442 1.70058e-09
443 1.70058e-09
444 1.70058e-09
445 1.70058e-09
446 1.70058e-09
447 1.70058e-09
448 1.70058e-09
449 1.70058e-09
450 1.70058e-09
451 1.70058e-09
452 1.70058e-09
453 1.70058e-09
454 1.70058e-09
455 1.70058e-09
456 1.70058e-09
457 1.70058e-09
458 1.70058e-09
459 1.70058e-09
460 1.70058e-09
461 1.70058e-09
462 1.70058e-09
463 1.70058e-09
464 1.70058e-09
465 1.70058e-09
466 1.70058e-09
467 1.70058e-09
468 1.70058e-09
469 1.70058e-09
470 1.70058e-09
471 1.70058e-09
472 1.70058e-09
473 1.70058e-09
474 1.70058e-09
475 1.70058e-09
476 1.70058e-09
477 1.70058e-09
478 1.70058e-09
479 1.70058e-09
480 1.70058e-09
481 1.70058e-09
482 1.70058e-09
483 1.70058e-09
484 1.70058e-09
485 1.70058e-09
486 1.70058e-09
487 1.70058e-09
488 1.70058e-09
489 1.70058e-09
490 1.70058e-09
491 1.70058e-09
492 1.70058e-09
493 1.70058e-09
494 1.70058e-09
495 1.70058e-09
496 1.70058e-09
497 1.70058e-09
498 1.70058e-09
499 1.70058e-09
500 1.70058e-09
501 1.70058e-09
502 1.70058e-09
503 1.70058e-09
504 1.70058e-09
505 1.70058e-09
506 1.70058e-09
507 1.70058e-09
508 1.70058e-09
509 1.70058e-09
510 1.70058e-09
511 1.70058e-09
512 1.70058e-09
513 1.70058e-09
514 1.70058e-09
515 1.70058e-09
516 1.70058e-09
517 1.70058e-09
518 1.70058e-09
519 1.70058e-09
520 1.70058e-09
521 1.70058e-09
522 1.70058e-09
523 1.70058e-09
524 1.70058e-09
525 1.70058e-09
526 1.70058e-09
527 1.70058e-09
528 1.70058e-09
529 1.70058e-09
530 1.70058e-09
531 1.70058e-09
532 1.70058e-09
533 1.70058e-09
534 1.70058e-09
535 1.70058e-09
536 1.70058e-09
537 1.70058e-09
538 1.70058e-09
539 1.70058e-09
540 1.70058e-09
541 1.70058e-09
542 1.70058e-09
