1 8.60324e-08
2 8.60324e-08
3 8.60324e-08
4 8.60324e-08
5 8.60324e-08
6 8.60324e-08
7 8.60324e-08
8 8.60324e-08
9 8.60324e-08
10 8.60324e-08
11 8.60324e-08
12 8.60324e-08
13 8.60324e-08
14 8.60324e-08
15 8.60324e-08
16 8.60324e-08
17 8.60324e-08
18 8.60324e-08
19 8.60324e-08
20 8.60324e-08
21 8.60324e-08
22 8.60324e-08
23 8.60324e-08
24 8.60324e-08
25 8.60324e-08
26 8.60324e-08
27 8.60324e-08
28 8.60324e-08
29 8.60324e-08
30 8.60324e-08
31 8.60324e-08
32 8.60324e-08
33 8.60324e-08
34 8.60324e-08
35 8.60324e-08
36 8.60324e-08
37 8.60324e-08
38 8.60324e-08
39 8.60324e-08
40 8.60324e-08
41 8.60324e-08
42 8.60324e-08
43 8.60324e-08
44 8.60324e-08
45 8.60324e-08
46 8.60324e-08
47 8.60324e-08
48 8.60324e-08
49 8.60324e-08
50 8.60324e-08
51 8.60324e-08
52 8.60324e-08
53 8.60324e-08
54 8.60324e-08
55 8.60324e-08
56 8.60324e-08
57 8.60324e-08
58 8.60324e-08
59 8.60324e-08
60 8.60324e-08
61 8.60324e-08
62 8.60324e-08
63 8.60324e-08
64 8.60324e-08
65 8.60324e-08
66 8.60324e-08
67 8.60324e-08
68 8.60324e-08
69 8.60324e-08
70 8.60324e-08
71 8.60324e-08
72 8.60324e-08
73 8.60324e-08
74 8.60324e-08
75 8.60324e-08
76 8.60324e-08
77 8.60324e-08
78 8.60324e-08
79 8.60324e-08
80 8.60324e-08
81 8.60324e-08
82 8.60324e-08
83 8.60324e-08
84 8.60324e-08
85 8.60324e-08
86 8.60324e-08
87 8.60324e-08
88 8.60324e-08
89 8.60324e-08
90 8.60324e-08
91 8.60324e-08
92 8.60324e-08
93 8.60324e-08
94 8.60324e-08
95 8.60324e-08
96 8.60324e-08
97 8.60324e-08
98 8.60324e-08
99 8.60324e-08
100 8.60324e-08
101 8.60324e-08
102 8.60324e-08
103 8.60324e-08
104 8.60324e-08
105 8.60324e-08
106 8.60324e-08
107 8.60324e-08
108 8.60324e-08
109 8.60324e-08
110 8.60324e-08
111 8.60324e-08
112 8.60324e-08
113 8.60324e-08
114 8.60324e-08
115 8.60324e-08
116 8.60324e-08
117 8.60324e-08
118 8.60324e-08
119 8.60324e-08
120 8.60324e-08
121 8.60324e-08
122 8.60324e-08
123 8.60324e-08
124 8.60324e-08
125 8.60324e-08
126 8.60324e-08
127 8.60324e-08
128 8.60324e-08
129 8.60324e-08
130 8.60324e-08
131 8.60324e-08
132 8.60324e-08
133 8.60324e-08
134 8.60324e-08
135 8.60324e-08
136 8.60324e-08
137 8.60324e-08
138 8.60324e-08
139 8.60324e-08
140 8.60324e-08
141 8.60324e-08
142 8.60324e-08
143 8.60324e-08
144 8.60324e-08
145 8.60324e-08
146 8.60324e-08
147 8.60324e-08
148 8.60324e-08
149 8.60324e-08
150 8.60324e-08
151 8.60324e-08
152 8.60324e-08
153 8.60324e-08
154 8.60324e-08
155 8.60324e-08
156 8.60324e-08
157 8.60324e-08
158 8.60324e-08
159 8.60324e-08
160 8.60324e-08
161 8.60324e-08
162 8.60324e-08
163 8.60324e-08
164 8.60324e-08
165 8.60324e-08
166 8.60324e-08
167 8.60324e-08
168 8.60324e-08
169 8.60324e-08
170 8.60324e-08
171 8.60324e-08
172 8.60324e-08
173 8.60324e-08
174 8.60324e-08
175 8.60324e-08
176 8.60324e-08
177 8.60324e-08
178 8.60324e-08
179 8.60324e-08
180 8.60324e-08
181 8.60324e-08
182 8.60324e-08
183 8.60324e-08
184 8.60324e-08
185 8.60324e-08
186 8.60324e-08
187 8.60324e-08
188 8.60324e-08
189 8.60324e-08
190 8.60324e-08
191 8.60324e-08
192 8.60324e-08
193 8.60324e-08
194 8.60324e-08
195 8.60324e-08
196 8.60324e-08
197 8.60324e-08
198 8.60324e-08
199 8.60324e-08
200 8.60324e-08
201 8.60324e-08
202 8.60324e-08
203 8.60324e-08
204 8.60324e-08
205 8.60324e-08
206 8.60324e-08
207 8.60324e-08
208 8.60324e-08
209 8.60324e-08
210 8.60324e-08
211 8.60324e-08
212 8.60324e-08
213 8.60324e-08
214 8.60324e-08
215 8.60324e-08
216 8.60324e-08
217 8.60324e-08
218 8.60324e-08
219 8.60324e-08
220 8.60324e-08
221 8.60324e-08
222 8.69625e-08
223 9.14621e-08
224 1.03907e-07
225 1.35803e-07
226 2.16594e-07
227 4.18112e-07
228 9.14044e-07
229 2.11626e-06
230 4.98e-06
231 1.16683e-05
232 2.6947e-05
233 6.10088e-05
234 0.000134964
235 0.000291056
236 0.000610806
237 0.0012456
238 0.00246541
239 0.00473164
240 0.00879823
241 0.0158399
242 0.0275965
243 0.0465096
244 0.0758085
245 0.119498
246 0.18219
247 0.268763
248 0.383839
249 0.531175
250 0.713064
251 0.929916
252 0.975659
253 0.985023
254 0.99523
255 0.997217
256 0.999295
257 0.999686
258 0.999759
259 0.999832
260 0.999907
261 0.999981
262 0.999994
263 0.999997
264 0.999999
265 1
266 1
267 1
268 1
269 1
270 1
271 1
272 1
273 1
274 1
275 1
276 1
277 1
278 1
279 0.999999
280 0.999997
281 0.999994
282 0.999981
283 0.999967
284 0.999893
285 0.99982
286 0.999747
287 0.999357
288 0.997286
289 0.986475
290 0.976358
291 0.925803
292 0.880896
293 0.669451
294 0.493564
295 0.352492
296 0.243571
297 0.162705
298 0.105011
299 0.0654658
300 0.0394234
301 0.0229393
302 0.0129044
303 0.00702405
304 0.00370356
305 0.00189431
306 0.000941561
307 0.00045575
308 0.000215359
309 9.96297e-05
310 4.52681e-05
311 2.02737e-05
312 8.98803e-06
313 3.96766e-06
314 1.76129e-06
315 8.01342e-07
316 3.87545e-07
317 2.10785e-07
318 1.36066e-07
319 1.04971e-07
320 9.22178e-08
321 8.75507e-08
322 8.62557e-08
323 8.60324e-08
324 8.60324e-08
325 8.60324e-08
326 8.60324e-08
327 8.60324e-08
328 8.60324e-08
329 8.60324e-08
330 8.60324e-08
331 8.60324e-08
332 8.60324e-08
333 8.60324e-08
334 8.60324e-08
335 8.60324e-08
336 8.60324e-08
337 8.60324e-08
338 8.60324e-08
339 8.60324e-08
340 8.60324e-08
341 8.60324e-08
342 8.60324e-08
343 8.60324e-08
344 8.60324e-08
345 8.60324e-08
346 8.60324e-08
347 8.60324e-08
348 8.60324e-08
349 8.60324e-08
350 8.60324e-08
351 8.60324e-08
352 8.60324e-08
353 8.60324e-08
354 8.60324e-08
355 8.60324e-08
356 8.60324e-08
357 8.60324e-08
358 8.60324e-08
359 8.60324e-08
360 8.60324e-08
361 8.60324e-08
362 8.60324e-08
363 8.60324e-08
364 8.60324e-08
365 8.60324e-08
366 8.60324e-08
367 8.60324e-08
368 8.60324e-08
369 8.60324e-08
370 8.60324e-08
371 8.60324e-08
372 8.60324e-08
373 8.60324e-08
374 8.60324e-08
375 8.60324e-08
376 8.60324e-08
377 8.60324e-08
378 8.60324e-08
379 8.60324e-08
380 8.60324e-08
381 8.60324e-08
382 8.60324e-08
383 8.60324e-08
384 8.60324e-08
385 8.60324e-08
386 8.60324e-08
387 8.60324e-08
388 8.60324e-08
389 8.60324e-08
390 8.60324e-08
391 8.60324e-08
392 8.60324e-08
393 8.60324e-08
394 8.60324e-08
395 8.60324e-08
396 8.60324e-08
397 8.60324e-08
398 8.60324e-08
399 8.60324e-08
400 8.60324e-08
401 8.60324e-08
402 8.60324e-08
403 8.60324e-08
404 8.60324e-08
405 8.60324e-08
406 8.60324e-08
407 8.60324e-08
408 8.60324e-08
409 8.60324e-08
410 8.60324e-08
411 8.60324e-08
412 8.60324e-08
413 8.60324e-08
414 8.60324e-08
415 8.60324e-08
416 8.60324e-08
417 8.60324e-08
418 8.60324e-08
419 8.60324e-08
420 8.60324e-08
421 8.60324e-08
422 8.60324e-08
423 8.60324e-08
424 8.60324e-08
425 8.60324e-08
426 8.60324e-08
427 8.60324e-08
428 8.60324e-08
429 8.60324e-08
430 8.60324e-08
431 8.60324e-08
432 8.60324e-08
433 8.60324e-08
434 8.60324e-08
435 8.60324e-08
436 8.60324e-08
437 8.60324e-08
438 8.60324e-08
439 8.60324e-08
440 8.60324e-08
441 8.60324e-08
442 8.60324e-08
443 8.60324e-08
444 8.60324e-08
445 8.60324e-08
446 8.60324e-08
447 8.60324e-08
448 8.60324e-08
449 8.60324e-08
450 8.60324e-08
451 8.60324e-08
452 8.60324e-08
453 8.60324e-08
454 8.60324e-08
455 8.60324e-08
456 8.60324e-08
457 8.60324e-08
458 8.60324e-08
459 8.60324e-08
460 8.60324e-08
461 8.60324e-08
462 8.60324e-08
463 8.60324e-08
464 8.60324e-08
465 8.60324e-08
466 8.60324e-08
467 8.60324e-08
468 8.60324e-08
469 8.60324e-08
470 8.60324e-08
471 8.60324e-08
472 8.60324e-08
473 8.60324e-08
474 8.60324e-08
475 8.60324e-08
476 8.60324e-08
477 8.60324e-08
478 8.60324e-08
479 8.60324e-08
480 8.60324e-08
481 8.60324e-08
482 8.60324e-08
483 8.60324e-08
484 8.60324e-08
485 8.60324e-08
486 8.60324e-08
487 8.60324e-08
488 8.60324e-08
489 8.60324e-08
490 8.60324e-08
491 8.60324e-08
492 8.60324e-08
493 8.60324e-08
494 8.60324e-08
495 8.60324e-08
496 8.60324e-08
497 8.60324e-08
498 8.60324e-08
499 8.60324e-08
500 8.60324e-08
501 8.60324e-08
502 8.60324e-08
503 8.60324e-08
504 8.60324e-08
505 8.60324e-08
506 8.60324e-08
507 8.60324e-08
508 8.60324e-08
509 8.60324e-08
510 8.60324e-08
511 8.60324e-08
512 8.60324e-08
513 8.60324e-08
514 8.60324e-08
515 8.60324e-08
516 8.60324e-08
517 8.60324e-08
518 8.60324e-08
519 8.60324e-08
520 8.60324e-08
521 8.60324e-08
522 8.60324e-08
523 8.60324e-08
524 8.60324e-08
525 8.60324e-08
526 8.60324e-08
527 8.60324e-08
528 8.60324e-08
529 8.60324e-08
530 8.60324e-08
531 8.60324e-08
532 8.60324e-08
533 8.60324e-08
534 8.60324e-08
535 8.60324e-08
536 8.60324e-08
537 8.60324e-08
538 8.60324e-08
539 8.60324e-08
540 8.60324e-08
541 8.60324e-08
542 8.60324e-08
