1 5.99271e-09
2 5.99271e-09
3 5.99271e-09
4 5.99271e-09
5 5.99271e-09
6 5.99271e-09
7 5.99271e-09
8 5.99271e-09
9 5.99271e-09
10 5.99271e-09
11 5.99271e-09
12 5.99271e-09
13 5.99271e-09
14 5.99271e-09
15 5.99271e-09
16 5.99271e-09
17 5.99271e-09
18 5.99271e-09
19 5.99271e-09
20 5.99271e-09
21 5.99271e-09
22 5.99271e-09
23 5.99271e-09
24 5.99271e-09
25 5.99271e-09
26 5.99271e-09
27 5.99271e-09
28 5.99271e-09
29 5.99271e-09
30 5.99271e-09
31 5.99271e-09
32 5.99271e-09
33 5.99271e-09
34 5.99271e-09
35 5.99271e-09
36 5.99271e-09
37 5.99271e-09
38 5.99271e-09
39 5.99271e-09
40 5.99271e-09
41 5.99271e-09
42 5.99271e-09
43 5.99271e-09
44 5.99271e-09
45 5.99271e-09
46 5.99271e-09
47 5.99271e-09
48 5.99271e-09
49 5.99271e-09
50 5.99271e-09
51 5.99271e-09
52 5.99271e-09
53 5.99271e-09
54 5.99271e-09
55 5.99271e-09
56 5.99271e-09
57 5.99271e-09
58 5.99271e-09
59 5.99271e-09
60 5.99271e-09
61 5.99271e-09
62 5.99271e-09
63 5.99271e-09
64 5.99271e-09
65 5.99271e-09
66 5.99271e-09
67 5.99271e-09
68 5.99271e-09
69 5.99271e-09
70 5.99271e-09
71 5.99271e-09
72 5.99271e-09
73 5.99271e-09
74 5.99271e-09
75 5.99271e-09
76 5.99271e-09
77 5.99271e-09
78 5.99271e-09
79 5.99271e-09
80 5.99271e-09
81 5.99271e-09
82 5.99271e-09
83 5.99271e-09
84 5.99271e-09
85 5.99271e-09
86 5.99271e-09
87 5.99271e-09
88 5.99271e-09
89 5.99271e-09
90 5.99271e-09
91 5.99271e-09
92 5.99271e-09
93 5.99271e-09
94 5.99271e-09
95 5.99271e-09
96 5.99271e-09
97 5.99271e-09
98 5.99271e-09
99 5.99271e-09
100 5.99271e-09
101 5.99271e-09
102 5.99271e-09
103 5.99271e-09
104 5.99271e-09
105 5.99271e-09
106 5.99271e-09
107 5.99271e-09
108 5.99271e-09
109 5.99271e-09
110 5.99271e-09
111 5.99271e-09
112 5.99271e-09
113 5.99271e-09
114 5.99271e-09
115 5.99271e-09
116 5.99271e-09
117 5.99271e-09
118 5.99271e-09
119 5.99271e-09
120 5.99271e-09
121 5.99271e-09
122 5.99271e-09
123 5.99271e-09
124 5.99271e-09
125 5.99271e-09
126 5.99271e-09
127 5.99271e-09
128 5.99271e-09
129 5.99271e-09
130 5.99271e-09
131 5.99271e-09
132 5.99271e-09
133 5.99271e-09
134 5.99271e-09
135 5.99271e-09
136 5.99271e-09
137 5.99271e-09
138 5.99271e-09
139 5.99271e-09
140 5.99271e-09
141 5.99271e-09
142 5.99271e-09
143 5.99271e-09
144 5.99271e-09
145 5.99271e-09
146 5.99271e-09
147 5.99271e-09
148 5.99271e-09
149 5.99271e-09
150 5.99271e-09
151 5.99271e-09
152 5.99271e-09
153 5.99271e-09
154 5.99271e-09
155 5.99271e-09
156 5.99271e-09
157 5.99271e-09
158 5.99271e-09
159 5.99271e-09
160 5.99271e-09
161 5.99271e-09
162 5.99271e-09
163 5.99271e-09
164 5.99271e-09
165 5.99271e-09
166 5.99271e-09
167 5.99271e-09
168 5.99271e-09
169 5.99271e-09
170 5.99271e-09
171 5.99271e-09
172 5.99271e-09
173 5.99271e-09
174 5.99271e-09
175 5.99271e-09
176 5.99271e-09
177 5.99271e-09
178 5.99271e-09
179 5.99271e-09
180 5.99271e-09
181 5.99271e-09
182 5.99271e-09
183 5.99271e-09
184 5.99271e-09
185 5.99271e-09
186 5.99271e-09
187 5.99271e-09
188 5.99271e-09
189 5.99271e-09
190 5.99271e-09
191 5.99271e-09
192 5.99271e-09
193 5.99271e-09
194 5.99271e-09
195 5.99271e-09
196 5.99271e-09
197 5.99271e-09
198 5.99271e-09
199 5.99271e-09
200 5.99271e-09
201 5.99271e-09
202 5.99271e-09
203 5.99271e-09
204 5.99271e-09
205 5.99271e-09
206 5.99271e-09
207 5.99271e-09
208 5.99271e-09
209 5.99271e-09
210 5.99271e-09
211 5.99271e-09
212 5.99271e-09
213 5.99271e-09
214 5.99271e-09
215 5.99271e-09
216 5.99271e-09
217 5.99271e-09
218 5.99271e-09
219 5.99271e-09
220 5.99271e-09
221 5.99271e-09
222 5.99271e-09
223 5.99271e-09
224 5.99271e-09
225 5.99271e-09
226 5.99271e-09
227 5.99271e-09
228 5.99271e-09
229 5.99271e-09
230 5.99271e-09
231 5.99271e-09
232 5.99271e-09
233 5.99271e-09
234 5.99271e-09
235 5.99271e-09
236 5.99271e-09
237 5.99271e-09
238 5.99271e-09
239 5.99271e-09
240 5.99271e-09
241 5.99271e-09
242 5.99271e-09
243 5.99271e-09
244 5.99271e-09
245 5.99271e-09
246 5.99271e-09
247 5.99271e-09
248 5.99271e-09
249 5.99271e-09
250 2.45497e-08
251 1.18911e-07
252 1.2934e-07
253 5.5798e-08
254 9.5274e-08
255 5.5798e-08
256 1.2934e-07
257 1.18911e-07
258 2.45497e-08
259 5.99271e-09
260 2.45497e-08
261 1.83973e-07
262 2.54998e-07
263 2.35444e-07
264 5.45273e-07
265 7.32843e-07
266 7.95642e-07
267 7.32843e-07
268 5.45273e-07
269 2.35444e-07
270 2.54998e-07
271 1.83973e-07
272 2.45497e-08
273 8.51457e-08
274 4.85873e-07
275 7.6219e-07
276 9.09087e-07
277 9.23769e-07
278 8.05749e-07
279 5.56898e-07
280 1.81455e-07
281 1.47644e-07
282 3.26777e-08
283 5.94624e-08
284 1.41207e-08
285 3.7241e-08
286 1.92898e-07
287 2.52347e-07
288 2.16019e-07
289 8.3172e-08
290 9.72655e-08
291 3.26777e-08
292 5.94624e-08
293 1.41207e-08
294 5.99271e-09
295 5.99271e-09
296 5.99271e-09
297 5.99271e-09
298 5.99271e-09
299 5.99271e-09
300 5.99271e-09
301 5.99271e-09
302 5.99271e-09
303 5.99271e-09
304 5.99271e-09
305 5.99271e-09
306 5.99271e-09
307 5.99271e-09
308 5.99271e-09
309 5.99271e-09
310 5.99271e-09
311 5.99271e-09
312 5.99271e-09
313 5.99271e-09
314 5.99271e-09
315 5.99271e-09
316 5.99271e-09
317 5.99271e-09
318 5.99271e-09
319 5.99271e-09
320 5.99271e-09
321 5.99271e-09
322 5.99271e-09
323 5.99271e-09
324 5.99271e-09
325 5.99271e-09
326 5.99271e-09
327 5.99271e-09
328 5.99271e-09
329 5.99271e-09
330 5.99271e-09
331 5.99271e-09
332 5.99271e-09
333 5.99271e-09
334 5.99271e-09
335 5.99271e-09
336 5.99271e-09
337 5.99271e-09
338 5.99271e-09
339 5.99271e-09
340 5.99271e-09
341 5.99271e-09
342 5.99271e-09
343 5.99271e-09
344 5.99271e-09
345 5.99271e-09
346 5.99271e-09
347 5.99271e-09
348 5.99271e-09
349 5.99271e-09
350 5.99271e-09
351 5.99271e-09
352 5.99271e-09
353 5.99271e-09
354 5.99271e-09
355 5.99271e-09
356 5.99271e-09
357 5.99271e-09
358 5.99271e-09
359 5.99271e-09
360 5.99271e-09
361 5.99271e-09
362 5.99271e-09
363 5.99271e-09
364 5.99271e-09
365 5.99271e-09
366 5.99271e-09
367 5.99271e-09
368 5.99271e-09
369 5.99271e-09
370 5.99271e-09
371 5.99271e-09
372 5.99271e-09
373 5.99271e-09
374 5.99271e-09
375 5.99271e-09
376 5.99271e-09
377 5.99271e-09
378 5.99271e-09
379 5.99271e-09
380 5.99271e-09
381 5.99271e-09
382 5.99271e-09
383 5.99271e-09
384 5.99271e-09
385 5.99271e-09
386 5.99271e-09
387 5.99271e-09
388 5.99271e-09
389 5.99271e-09
390 5.99271e-09
391 5.99271e-09
392 5.99271e-09
393 5.99271e-09
394 5.99271e-09
395 5.99271e-09
396 5.99271e-09
397 5.99271e-09
398 5.99271e-09
399 5.99271e-09
400 5.99271e-09
401 5.99271e-09
402 5.99271e-09
403 5.99271e-09
404 5.99271e-09
405 5.99271e-09
406 5.99271e-09
407 5.99271e-09
408 5.99271e-09
409 5.99271e-09
410 5.99271e-09
411 5.99271e-09
412 5.99271e-09
413 5.99271e-09
414 5.99271e-09
415 5.99271e-09
416 5.99271e-09
417 5.99271e-09
418 5.99271e-09
419 5.99271e-09
420 5.99271e-09
421 5.99271e-09
422 5.99271e-09
423 5.99271e-09
424 5.99271e-09
425 5.99271e-09
426 5.99271e-09
427 5.99271e-09
428 5.99271e-09
429 5.99271e-09
430 5.99271e-09
431 5.99271e-09
432 5.99271e-09
433 5.99271e-09
434 5.99271e-09
435 5.99271e-09
436 5.99271e-09
437 5.99271e-09
438 5.99271e-09
439 5.99271e-09
440 5.99271e-09
441 5.99271e-09
442 5.99271e-09
443 5.99271e-09
444 5.99271e-09
445 5.99271e-09
446 5.99271e-09
447 5.99271e-09
448 5.99271e-09
449 5.99271e-09
450 5.99271e-09
451 5.99271e-09
452 5.99271e-09
453 5.99271e-09
454 5.99271e-09
455 5.99271e-09
456 5.99271e-09
457 5.99271e-09
458 5.99271e-09
459 5.99271e-09
460 5.99271e-09
461 5.99271e-09
462 5.99271e-09
463 5.99271e-09
464 5.99271e-09
465 5.99271e-09
466 5.99271e-09
467 5.99271e-09
468 5.99271e-09
469 5.99271e-09
470 5.99271e-09
471 5.99271e-09
472 5.99271e-09
473 5.99271e-09
474 5.99271e-09
475 5.99271e-09
476 5.99271e-09
477 5.99271e-09
478 5.99271e-09
479 5.99271e-09
480 5.99271e-09
481 5.99271e-09
482 5.99271e-09
483 5.99271e-09
484 5.99271e-09
485 5.99271e-09
486 5.99271e-09
487 5.99271e-09
488 5.99271e-09
489 5.99271e-09
490 5.99271e-09
491 5.99271e-09
492 5.99271e-09
493 5.99271e-09
494 5.99271e-09
495 5.99271e-09
496 5.99271e-09
497 5.99271e-09
498 5.99271e-09
499 5.99271e-09
500 5.99271e-09
501 5.99271e-09
502 5.99271e-09
503 5.99271e-09
504 5.99271e-09
505 5.99271e-09
506 5.99271e-09
507 5.99271e-09
508 5.99271e-09
509 5.99271e-09
510 5.99271e-09
511 5.99271e-09
512 5.99271e-09
513 5.99271e-09
514 5.99271e-09
515 5.99271e-09
516 5.99271e-09
517 5.99271e-09
518 5.99271e-09
519 5.99271e-09
520 5.99271e-09
521 5.99271e-09
522 5.99271e-09
523 5.99271e-09
524 5.99271e-09
525 5.99271e-09
526 5.99271e-09
527 5.99271e-09
528 5.99271e-09
529 5.99271e-09
530 5.99271e-09
531 5.99271e-09
532 5.99271e-09
533 5.99271e-09
534 5.99271e-09
535 5.99271e-09
536 5.99271e-09
537 5.99271e-09
538 5.99271e-09
539 5.99271e-09
540 5.99271e-09
541 5.99271e-09
542 5.99271e-09
