1 9.15644e-09
2 9.15644e-09
3 9.15644e-09
4 9.15644e-09
5 9.15644e-09
6 9.15644e-09
7 9.15644e-09
8 9.15644e-09
9 9.15644e-09
10 9.15644e-09
11 9.15644e-09
12 9.15644e-09
13 9.15644e-09
14 9.15644e-09
15 9.15644e-09
16 9.15644e-09
17 9.15644e-09
18 9.15644e-09
19 9.15644e-09
20 9.15644e-09
21 9.15644e-09
22 9.15644e-09
23 9.15644e-09
24 9.15644e-09
25 9.15644e-09
26 9.15644e-09
27 9.15644e-09
28 9.15644e-09
29 9.15644e-09
30 9.15644e-09
31 9.15644e-09
32 9.15644e-09
33 9.15644e-09
34 9.15644e-09
35 9.15644e-09
36 9.15644e-09
37 9.15644e-09
38 9.15644e-09
39 9.15644e-09
40 9.15644e-09
41 9.15644e-09
42 9.15644e-09
43 9.15644e-09
44 9.15644e-09
45 9.15644e-09
46 9.15644e-09
47 9.15644e-09
48 9.15644e-09
49 9.15644e-09
50 9.15644e-09
51 9.15644e-09
52 9.15644e-09
53 9.15644e-09
54 9.15644e-09
55 9.15644e-09
56 9.15644e-09
57 9.15644e-09
58 9.15644e-09
59 9.15644e-09
60 9.15644e-09
61 9.15644e-09
62 9.15644e-09
63 9.15644e-09
64 9.15644e-09
65 9.15644e-09
66 9.15644e-09
67 9.15644e-09
68 9.15644e-09
69 9.15644e-09
70 9.15644e-09
71 9.15644e-09
72 9.15644e-09
73 9.15644e-09
74 9.15644e-09
75 9.15644e-09
76 9.15644e-09
77 9.15644e-09
78 9.15644e-09
79 9.15644e-09
80 9.15644e-09
81 9.15644e-09
82 9.15644e-09
83 9.15644e-09
84 9.15644e-09
85 9.15644e-09
86 9.15644e-09
87 9.15644e-09
88 9.15644e-09
89 9.15644e-09
90 9.15644e-09
91 9.15644e-09
92 9.15644e-09
93 9.15644e-09
94 9.15644e-09
95 9.15644e-09
96 9.15644e-09
97 9.15644e-09
98 9.15644e-09
99 9.15644e-09
100 9.15644e-09
101 9.15644e-09
102 9.15644e-09
103 9.15644e-09
104 9.15644e-09
105 9.15644e-09
106 9.15644e-09
107 9.15644e-09
108 9.15644e-09
109 9.15644e-09
110 9.15644e-09
111 9.15644e-09
112 9.15644e-09
113 9.15644e-09
114 9.15644e-09
115 9.15644e-09
116 9.15644e-09
117 9.15644e-09
118 9.15644e-09
119 9.15644e-09
120 9.15644e-09
121 9.15644e-09
122 9.15644e-09
123 9.15644e-09
124 9.15644e-09
125 9.15644e-09
126 9.15644e-09
127 9.15644e-09
128 9.15644e-09
129 9.15644e-09
130 9.15644e-09
131 9.15644e-09
132 9.15644e-09
133 9.15644e-09
134 9.15644e-09
135 9.15644e-09
136 9.15644e-09
137 9.15644e-09
138 9.15644e-09
139 9.15644e-09
140 9.15644e-09
141 9.15644e-09
142 9.15644e-09
143 9.15644e-09
144 9.15644e-09
145 9.15644e-09
146 9.15644e-09
147 9.15644e-09
148 9.15644e-09
149 9.15644e-09
150 9.15644e-09
151 9.15644e-09
152 9.15644e-09
153 9.15644e-09
154 9.15644e-09
155 9.15644e-09
156 9.15644e-09
157 9.15644e-09
158 9.15644e-09
159 9.15644e-09
160 9.15644e-09
161 9.15644e-09
162 9.15644e-09
163 9.15644e-09
164 9.15644e-09
165 9.15644e-09
166 9.15644e-09
167 9.15644e-09
168 9.15644e-09
169 9.15644e-09
170 9.15644e-09
171 9.15644e-09
172 9.15644e-09
173 9.15644e-09
174 9.15644e-09
175 9.15644e-09
176 9.15644e-09
177 9.15644e-09
178 9.15644e-09
179 9.15644e-09
180 9.15644e-09
181 9.15644e-09
182 9.15644e-09
183 9.15644e-09
184 9.15644e-09
185 9.15644e-09
186 9.15644e-09
187 9.15644e-09
188 9.15644e-09
189 9.15644e-09
190 9.15644e-09
191 9.15644e-09
192 9.15644e-09
193 9.15644e-09
194 9.15644e-09
195 9.15644e-09
196 9.15644e-09
197 9.15644e-09
198 9.15644e-09
199 9.15644e-09
200 9.15644e-09
201 9.15644e-09
202 9.15644e-09
203 9.15644e-09
204 9.15644e-09
205 9.15644e-09
206 9.15644e-09
207 9.15644e-09
208 9.15644e-09
209 9.15644e-09
210 9.15644e-09
211 9.15644e-09
212 9.15644e-09
213 9.15644e-09
214 9.15644e-09
215 9.15644e-09
216 9.15644e-09
217 9.15644e-09
218 9.15644e-09
219 9.15644e-09
220 9.15644e-09
221 9.15644e-09
222 9.15644e-09
223 9.15644e-09
224 9.15644e-09
225 9.15644e-09
226 9.15644e-09
227 9.15644e-09
228 9.15644e-09
229 9.15644e-09
230 9.15644e-09
231 9.15644e-09
232 9.15644e-09
233 9.15644e-09
234 9.15644e-09
235 9.15644e-09
236 9.15644e-09
237 9.15644e-09
238 9.15644e-09
239 9.15644e-09
240 9.15644e-09
241 9.15644e-09
242 9.15644e-09
243 9.15644e-09
244 9.15644e-09
245 9.15644e-09
246 9.15644e-09
247 9.15644e-09
248 1.27548e-08
249 4.0297e-08
250 1.5252e-07
251 5.05315e-07
252 6.05654e-07
253 4.73601e-07
254 5.88616e-07
255 4.73601e-07
256 6.39876e-07
257 5.6275e-07
258 2.22032e-07
259 2.11341e-07
260 5.85126e-07
261 2.13605e-06
262 3.09203e-06
263 3.54528e-06
264 5.8601e-06
265 7.17468e-06
266 7.69474e-06
267 7.48757e-06
268 6.4788e-06
269 4.45677e-06
270 4.45813e-06
271 3.85323e-06
272 2.56491e-06
273 3.02298e-06
274 6.00361e-06
275 7.70183e-06
276 8.44439e-06
277 8.40094e-06
278 7.59052e-06
279 5.87644e-06
280 2.96748e-06
281 2.28975e-06
282 1.07437e-06
283 9.00627e-07
284 4.35028e-07
285 4.90023e-07
286 1.06658e-06
287 1.26193e-06
288 1.14324e-06
289 6.76182e-07
290 6.34478e-07
291 3.37016e-07
292 3.06827e-07
293 8.6208e-08
294 1.92936e-08
295 9.15644e-09
296 9.15644e-09
297 9.15644e-09
298 9.15644e-09
299 9.15644e-09
300 9.15644e-09
301 9.15644e-09
302 9.15644e-09
303 9.15644e-09
304 9.15644e-09
305 9.15644e-09
306 9.15644e-09
307 9.15644e-09
308 9.15644e-09
309 9.15644e-09
310 9.15644e-09
311 9.15644e-09
312 9.15644e-09
313 9.15644e-09
314 9.15644e-09
315 9.15644e-09
316 9.15644e-09
317 9.15644e-09
318 9.15644e-09
319 9.15644e-09
320 9.15644e-09
321 9.15644e-09
322 9.15644e-09
323 9.15644e-09
324 9.15644e-09
325 9.15644e-09
326 9.15644e-09
327 9.15644e-09
328 9.15644e-09
329 9.15644e-09
330 9.15644e-09
331 9.15644e-09
332 9.15644e-09
333 9.15644e-09
334 9.15644e-09
335 9.15644e-09
336 9.15644e-09
337 9.15644e-09
338 9.15644e-09
339 9.15644e-09
340 9.15644e-09
341 9.15644e-09
342 9.15644e-09
343 9.15644e-09
344 9.15644e-09
345 9.15644e-09
346 9.15644e-09
347 9.15644e-09
348 9.15644e-09
349 9.15644e-09
350 9.15644e-09
351 9.15644e-09
352 9.15644e-09
353 9.15644e-09
354 9.15644e-09
355 9.15644e-09
356 9.15644e-09
357 9.15644e-09
358 9.15644e-09
359 9.15644e-09
360 9.15644e-09
361 9.15644e-09
362 9.15644e-09
363 9.15644e-09
364 9.15644e-09
365 9.15644e-09
366 9.15644e-09
367 9.15644e-09
368 9.15644e-09
369 9.15644e-09
370 9.15644e-09
371 9.15644e-09
372 9.15644e-09
373 9.15644e-09
374 9.15644e-09
375 9.15644e-09
376 9.15644e-09
377 9.15644e-09
378 9.15644e-09
379 9.15644e-09
380 9.15644e-09
381 9.15644e-09
382 9.15644e-09
383 9.15644e-09
384 9.15644e-09
385 9.15644e-09
386 9.15644e-09
387 9.15644e-09
388 9.15644e-09
389 9.15644e-09
390 9.15644e-09
391 9.15644e-09
392 9.15644e-09
393 9.15644e-09
394 9.15644e-09
395 9.15644e-09
396 9.15644e-09
397 9.15644e-09
398 9.15644e-09
399 9.15644e-09
400 9.15644e-09
401 9.15644e-09
402 9.15644e-09
403 9.15644e-09
404 9.15644e-09
405 9.15644e-09
406 9.15644e-09
407 9.15644e-09
408 9.15644e-09
409 9.15644e-09
410 9.15644e-09
411 9.15644e-09
412 9.15644e-09
413 9.15644e-09
414 9.15644e-09
415 9.15644e-09
416 9.15644e-09
417 9.15644e-09
418 9.15644e-09
419 9.15644e-09
420 9.15644e-09
421 9.15644e-09
422 9.15644e-09
423 9.15644e-09
424 9.15644e-09
425 9.15644e-09
426 9.15644e-09
427 9.15644e-09
428 9.15644e-09
429 9.15644e-09
430 9.15644e-09
431 9.15644e-09
432 9.15644e-09
433 9.15644e-09
434 9.15644e-09
435 9.15644e-09
436 9.15644e-09
437 9.15644e-09
438 9.15644e-09
439 9.15644e-09
440 9.15644e-09
441 9.15644e-09
442 9.15644e-09
443 9.15644e-09
444 9.15644e-09
445 9.15644e-09
446 9.15644e-09
447 9.15644e-09
448 9.15644e-09
449 9.15644e-09
450 9.15644e-09
451 9.15644e-09
452 9.15644e-09
453 9.15644e-09
454 9.15644e-09
455 9.15644e-09
456 9.15644e-09
457 9.15644e-09
458 9.15644e-09
459 9.15644e-09
460 9.15644e-09
461 9.15644e-09
462 9.15644e-09
463 9.15644e-09
464 9.15644e-09
465 9.15644e-09
466 9.15644e-09
467 9.15644e-09
468 9.15644e-09
469 9.15644e-09
470 9.15644e-09
471 9.15644e-09
472 9.15644e-09
473 9.15644e-09
474 9.15644e-09
475 9.15644e-09
476 9.15644e-09
477 9.15644e-09
478 9.15644e-09
479 9.15644e-09
480 9.15644e-09
481 9.15644e-09
482 9.15644e-09
483 9.15644e-09
484 9.15644e-09
485 9.15644e-09
486 9.15644e-09
487 9.15644e-09
488 9.15644e-09
489 9.15644e-09
490 9.15644e-09
491 9.15644e-09
492 9.15644e-09
493 9.15644e-09
494 9.15644e-09
495 9.15644e-09
496 9.15644e-09
497 9.15644e-09
498 9.15644e-09
499 9.15644e-09
500 9.15644e-09
501 9.15644e-09
502 9.15644e-09
503 9.15644e-09
504 9.15644e-09
505 9.15644e-09
506 9.15644e-09
507 9.15644e-09
508 9.15644e-09
509 9.15644e-09
510 9.15644e-09
511 9.15644e-09
512 9.15644e-09
513 9.15644e-09
514 9.15644e-09
515 9.15644e-09
516 9.15644e-09
517 9.15644e-09
518 9.15644e-09
519 9.15644e-09
520 9.15644e-09
521 9.15644e-09
522 9.15644e-09
523 9.15644e-09
524 9.15644e-09
525 9.15644e-09
526 9.15644e-09
527 9.15644e-09
528 9.15644e-09
529 9.15644e-09
530 9.15644e-09
531 9.15644e-09
532 9.15644e-09
533 9.15644e-09
534 9.15644e-09
535 9.15644e-09
536 9.15644e-09
537 9.15644e-09
538 9.15644e-09
539 9.15644e-09
540 9.15644e-09
541 9.15644e-09
542 9.15644e-09
