1 6.68131e-09
2 6.68131e-09
3 6.68131e-09
4 6.68131e-09
5 6.68131e-09
6 6.68131e-09
7 6.68131e-09
8 6.68131e-09
9 6.68131e-09
10 6.68131e-09
11 6.68131e-09
12 6.68131e-09
13 6.68131e-09
14 6.68131e-09
15 6.68131e-09
16 6.68131e-09
17 6.68131e-09
18 6.68131e-09
19 6.68131e-09
20 6.68131e-09
21 6.68131e-09
22 6.68131e-09
23 6.68131e-09
24 6.68131e-09
25 6.68131e-09
26 6.68131e-09
27 6.68131e-09
28 6.68131e-09
29 6.68131e-09
30 6.68131e-09
31 6.68131e-09
32 6.68131e-09
33 6.68131e-09
34 6.68131e-09
35 6.68131e-09
36 6.68131e-09
37 6.68131e-09
38 6.68131e-09
39 6.68131e-09
40 6.68131e-09
41 6.68131e-09
42 6.68131e-09
43 6.68131e-09
44 6.68131e-09
45 6.68131e-09
46 6.68131e-09
47 6.68131e-09
48 6.68131e-09
49 6.68131e-09
50 6.68131e-09
51 6.68131e-09
52 6.68131e-09
53 6.68131e-09
54 6.68131e-09
55 6.68131e-09
56 6.68131e-09
57 6.68131e-09
58 6.68131e-09
59 6.68131e-09
60 6.68131e-09
61 6.68131e-09
62 6.68131e-09
63 6.68131e-09
64 6.68131e-09
65 6.68131e-09
66 6.68131e-09
67 6.68131e-09
68 6.68131e-09
69 6.68131e-09
70 6.68131e-09
71 6.68131e-09
72 6.68131e-09
73 6.68131e-09
74 6.68131e-09
75 6.68131e-09
76 6.68131e-09
77 6.68131e-09
78 6.68131e-09
79 6.68131e-09
80 6.68131e-09
81 6.68131e-09
82 6.68131e-09
83 6.68131e-09
84 6.68131e-09
85 6.68131e-09
86 6.68131e-09
87 6.68131e-09
88 6.68131e-09
89 6.68131e-09
90 6.68131e-09
91 6.68131e-09
92 6.68131e-09
93 6.68131e-09
94 6.68131e-09
95 6.68131e-09
96 6.68131e-09
97 6.68131e-09
98 6.68131e-09
99 6.68131e-09
100 6.68131e-09
101 6.68131e-09
102 6.68131e-09
103 6.68131e-09
104 6.68131e-09
105 6.68131e-09
106 6.68131e-09
107 6.68131e-09
108 6.68131e-09
109 6.68131e-09
110 6.68131e-09
111 6.68131e-09
112 6.68131e-09
113 6.68131e-09
114 6.68131e-09
115 6.68131e-09
116 6.68131e-09
117 6.68131e-09
118 6.68131e-09
119 6.68131e-09
120 6.68131e-09
121 6.68131e-09
122 6.68131e-09
123 6.68131e-09
124 6.68131e-09
125 6.68131e-09
126 6.68131e-09
127 6.68131e-09
128 6.68131e-09
129 6.68131e-09
130 6.68131e-09
131 6.68131e-09
132 6.68131e-09
133 6.68131e-09
134 6.68131e-09
135 6.68131e-09
136 6.68131e-09
137 6.68131e-09
138 6.68131e-09
139 6.68131e-09
140 6.68131e-09
141 6.68131e-09
142 6.68131e-09
143 6.68131e-09
144 6.68131e-09
145 6.68131e-09
146 6.68131e-09
147 6.68131e-09
148 6.68131e-09
149 6.68131e-09
150 6.68131e-09
151 6.68131e-09
152 6.68131e-09
153 6.68131e-09
154 6.68131e-09
155 6.68131e-09
156 6.68131e-09
157 6.68131e-09
158 6.68131e-09
159 6.68131e-09
160 6.68131e-09
161 6.68131e-09
162 6.68131e-09
163 6.68131e-09
164 6.68131e-09
165 6.68131e-09
166 6.68131e-09
167 6.68131e-09
168 6.68131e-09
169 6.68131e-09
170 6.68131e-09
171 6.68131e-09
172 6.68131e-09
173 6.68131e-09
174 6.68131e-09
175 6.68131e-09
176 6.68131e-09
177 6.68131e-09
178 6.68131e-09
179 6.68131e-09
180 6.68131e-09
181 6.68131e-09
182 6.68131e-09
183 6.68131e-09
184 6.68131e-09
185 6.68131e-09
186 6.68131e-09
187 6.68131e-09
188 6.68131e-09
189 6.68131e-09
190 6.68131e-09
191 6.68131e-09
192 6.68131e-09
193 6.68131e-09
194 6.68131e-09
195 6.68131e-09
196 6.68131e-09
197 6.68131e-09
198 6.68131e-09
199 6.68131e-09
200 6.68131e-09
201 6.68131e-09
202 6.68131e-09
203 6.68131e-09
204 6.68131e-09
205 6.68131e-09
206 6.68131e-09
207 6.68131e-09
208 6.68131e-09
209 6.68131e-09
210 6.68131e-09
211 6.68131e-09
212 6.68131e-09
213 6.68131e-09
214 6.68131e-09
215 6.68131e-09
216 6.68131e-09
217 6.68131e-09
218 6.68131e-09
219 6.68131e-09
220 6.68131e-09
221 6.68131e-09
222 6.68131e-09
223 6.68131e-09
224 6.68131e-09
225 6.68131e-09
226 6.68131e-09
227 6.68131e-09
228 6.68131e-09
229 6.68131e-09
230 6.68131e-09
231 6.68131e-09
232 6.68131e-09
233 6.68131e-09
234 6.68131e-09
235 6.68131e-09
236 6.68131e-09
237 6.68131e-09
238 6.68131e-09
239 6.68131e-09
240 6.68131e-09
241 6.68131e-09
242 6.68131e-09
243 6.68131e-09
244 6.68131e-09
245 6.68131e-09
246 6.68131e-09
247 6.68131e-09
248 6.68131e-09
249 1.01958e-08
250 4.25622e-08
251 1.77157e-07
252 2.0487e-07
253 1.20172e-07
254 1.70219e-07
255 1.20172e-07
256 2.0487e-07
257 1.77157e-07
258 4.25622e-08
259 1.37102e-08
260 6.82896e-08
261 3.33999e-07
262 4.77092e-07
263 4.92346e-07
264 9.75158e-07
265 1.26064e-06
266 1.35503e-06
267 1.26064e-06
268 9.75158e-07
269 4.92346e-07
270 5.14558e-07
271 4.05183e-07
272 1.65979e-07
273 2.53783e-07
274 9.0062e-07
275 1.33274e-06
276 1.55562e-06
277 1.57562e-06
278 1.39266e-06
279 1.00273e-06
280 3.96625e-07
281 3.15693e-07
282 1.1934e-07
283 1.2889e-07
284 4.16599e-08
285 8.15666e-08
286 3.00114e-07
287 3.85023e-07
288 3.4002e-07
289 1.613e-07
290 1.70979e-07
291 7.76911e-08
292 9.41482e-08
293 2.02645e-08
294 6.68131e-09
295 6.68131e-09
296 6.68131e-09
297 6.68131e-09
298 6.68131e-09
299 6.68131e-09
300 6.68131e-09
301 6.68131e-09
302 6.68131e-09
303 6.68131e-09
304 6.68131e-09
305 6.68131e-09
306 6.68131e-09
307 6.68131e-09
308 6.68131e-09
309 6.68131e-09
310 6.68131e-09
311 6.68131e-09
312 6.68131e-09
313 6.68131e-09
314 6.68131e-09
315 6.68131e-09
316 6.68131e-09
317 6.68131e-09
318 6.68131e-09
319 6.68131e-09
320 6.68131e-09
321 6.68131e-09
322 6.68131e-09
323 6.68131e-09
324 6.68131e-09
325 6.68131e-09
326 6.68131e-09
327 6.68131e-09
328 6.68131e-09
329 6.68131e-09
330 6.68131e-09
331 6.68131e-09
332 6.68131e-09
333 6.68131e-09
334 6.68131e-09
335 6.68131e-09
336 6.68131e-09
337 6.68131e-09
338 6.68131e-09
339 6.68131e-09
340 6.68131e-09
341 6.68131e-09
342 6.68131e-09
343 6.68131e-09
344 6.68131e-09
345 6.68131e-09
346 6.68131e-09
347 6.68131e-09
348 6.68131e-09
349 6.68131e-09
350 6.68131e-09
351 6.68131e-09
352 6.68131e-09
353 6.68131e-09
354 6.68131e-09
355 6.68131e-09
356 6.68131e-09
357 6.68131e-09
358 6.68131e-09
359 6.68131e-09
360 6.68131e-09
361 6.68131e-09
362 6.68131e-09
363 6.68131e-09
364 6.68131e-09
365 6.68131e-09
366 6.68131e-09
367 6.68131e-09
368 6.68131e-09
369 6.68131e-09
370 6.68131e-09
371 6.68131e-09
372 6.68131e-09
373 6.68131e-09
374 6.68131e-09
375 6.68131e-09
376 6.68131e-09
377 6.68131e-09
378 6.68131e-09
379 6.68131e-09
380 6.68131e-09
381 6.68131e-09
382 6.68131e-09
383 6.68131e-09
384 6.68131e-09
385 6.68131e-09
386 6.68131e-09
387 6.68131e-09
388 6.68131e-09
389 6.68131e-09
390 6.68131e-09
391 6.68131e-09
392 6.68131e-09
393 6.68131e-09
394 6.68131e-09
395 6.68131e-09
396 6.68131e-09
397 6.68131e-09
398 6.68131e-09
399 6.68131e-09
400 6.68131e-09
401 6.68131e-09
402 6.68131e-09
403 6.68131e-09
404 6.68131e-09
405 6.68131e-09
406 6.68131e-09
407 6.68131e-09
408 6.68131e-09
409 6.68131e-09
410 6.68131e-09
411 6.68131e-09
412 6.68131e-09
413 6.68131e-09
414 6.68131e-09
415 6.68131e-09
416 6.68131e-09
417 6.68131e-09
418 6.68131e-09
419 6.68131e-09
420 6.68131e-09
421 6.68131e-09
422 6.68131e-09
423 6.68131e-09
424 6.68131e-09
425 6.68131e-09
426 6.68131e-09
427 6.68131e-09
428 6.68131e-09
429 6.68131e-09
430 6.68131e-09
431 6.68131e-09
432 6.68131e-09
433 6.68131e-09
434 6.68131e-09
435 6.68131e-09
436 6.68131e-09
437 6.68131e-09
438 6.68131e-09
439 6.68131e-09
440 6.68131e-09
441 6.68131e-09
442 6.68131e-09
443 6.68131e-09
444 6.68131e-09
445 6.68131e-09
446 6.68131e-09
447 6.68131e-09
448 6.68131e-09
449 6.68131e-09
450 6.68131e-09
451 6.68131e-09
452 6.68131e-09
453 6.68131e-09
454 6.68131e-09
455 6.68131e-09
456 6.68131e-09
457 6.68131e-09
458 6.68131e-09
459 6.68131e-09
460 6.68131e-09
461 6.68131e-09
462 6.68131e-09
463 6.68131e-09
464 6.68131e-09
465 6.68131e-09
466 6.68131e-09
467 6.68131e-09
468 6.68131e-09
469 6.68131e-09
470 6.68131e-09
471 6.68131e-09
472 6.68131e-09
473 6.68131e-09
474 6.68131e-09
475 6.68131e-09
476 6.68131e-09
477 6.68131e-09
478 6.68131e-09
479 6.68131e-09
480 6.68131e-09
481 6.68131e-09
482 6.68131e-09
483 6.68131e-09
484 6.68131e-09
485 6.68131e-09
486 6.68131e-09
487 6.68131e-09
488 6.68131e-09
489 6.68131e-09
490 6.68131e-09
491 6.68131e-09
492 6.68131e-09
493 6.68131e-09
494 6.68131e-09
495 6.68131e-09
496 6.68131e-09
497 6.68131e-09
498 6.68131e-09
499 6.68131e-09
500 6.68131e-09
501 6.68131e-09
502 6.68131e-09
503 6.68131e-09
504 6.68131e-09
505 6.68131e-09
506 6.68131e-09
507 6.68131e-09
508 6.68131e-09
509 6.68131e-09
510 6.68131e-09
511 6.68131e-09
512 6.68131e-09
513 6.68131e-09
514 6.68131e-09
515 6.68131e-09
516 6.68131e-09
517 6.68131e-09
518 6.68131e-09
519 6.68131e-09
520 6.68131e-09
521 6.68131e-09
522 6.68131e-09
523 6.68131e-09
524 6.68131e-09
525 6.68131e-09
526 6.68131e-09
527 6.68131e-09
528 6.68131e-09
529 6.68131e-09
530 6.68131e-09
531 6.68131e-09
532 6.68131e-09
533 6.68131e-09
534 6.68131e-09
535 6.68131e-09
536 6.68131e-09
537 6.68131e-09
538 6.68131e-09
539 6.68131e-09
540 6.68131e-09
541 6.68131e-09
542 6.68131e-09
