1 4.92958e-09
2 4.92958e-09
3 4.92958e-09
4 4.92958e-09
5 4.92958e-09
6 4.92958e-09
7 4.92958e-09
8 4.92958e-09
9 4.92958e-09
10 4.92958e-09
11 4.92958e-09
12 4.92958e-09
13 4.92958e-09
14 4.92958e-09
15 4.92958e-09
16 4.92958e-09
17 4.92958e-09
18 4.92958e-09
19 4.92958e-09
20 4.92958e-09
21 4.92958e-09
22 4.92958e-09
23 4.92958e-09
24 4.92958e-09
25 4.92958e-09
26 4.92958e-09
27 4.92958e-09
28 4.92958e-09
29 4.92958e-09
30 4.92958e-09
31 4.92958e-09
32 4.92958e-09
33 4.92958e-09
34 4.92958e-09
35 4.92958e-09
36 4.92958e-09
37 4.92958e-09
38 4.92958e-09
39 4.92958e-09
40 4.92958e-09
41 4.92958e-09
42 4.92958e-09
43 4.92958e-09
44 4.92958e-09
45 4.92958e-09
46 4.92958e-09
47 4.92958e-09
48 4.92958e-09
49 4.92958e-09
50 4.92958e-09
51 4.92958e-09
52 4.92958e-09
53 4.92958e-09
54 4.92958e-09
55 4.92958e-09
56 4.92958e-09
57 4.92958e-09
58 4.92958e-09
59 4.92958e-09
60 4.92958e-09
61 4.92958e-09
62 4.92958e-09
63 4.92958e-09
64 4.92958e-09
65 4.92958e-09
66 4.92958e-09
67 4.92958e-09
68 4.92958e-09
69 4.92958e-09
70 4.92958e-09
71 4.92958e-09
72 4.92958e-09
73 4.92958e-09
74 4.92958e-09
75 4.92958e-09
76 4.92958e-09
77 4.92958e-09
78 4.92958e-09
79 4.92958e-09
80 4.92958e-09
81 4.92958e-09
82 4.92958e-09
83 4.92958e-09
84 4.92958e-09
85 4.92958e-09
86 4.92958e-09
87 4.92958e-09
88 4.92958e-09
89 4.92958e-09
90 4.92958e-09
91 4.92958e-09
92 4.92958e-09
93 4.92958e-09
94 4.92958e-09
95 4.92958e-09
96 4.92958e-09
97 4.92958e-09
98 4.92958e-09
99 4.92958e-09
100 4.92958e-09
101 4.92958e-09
102 4.92958e-09
103 4.92958e-09
104 4.92958e-09
105 4.92958e-09
106 4.92958e-09
107 4.92958e-09
108 4.92958e-09
109 4.92958e-09
110 4.92958e-09
111 4.92958e-09
112 4.92958e-09
113 4.92958e-09
114 4.92958e-09
115 4.92958e-09
116 4.92958e-09
117 4.92958e-09
118 4.92958e-09
119 4.92958e-09
120 4.92958e-09
121 4.92958e-09
122 4.92958e-09
123 4.92958e-09
124 4.92958e-09
125 4.92958e-09
126 4.92958e-09
127 4.92958e-09
128 4.92958e-09
129 4.92958e-09
130 4.92958e-09
131 4.92958e-09
132 4.92958e-09
133 4.92958e-09
134 4.92958e-09
135 4.92958e-09
136 4.92958e-09
137 4.92958e-09
138 4.92958e-09
139 4.92958e-09
140 4.92958e-09
141 4.92958e-09
142 4.92958e-09
143 4.92958e-09
144 4.92958e-09
145 4.92958e-09
146 4.92958e-09
147 4.92958e-09
148 4.92958e-09
149 4.92958e-09
150 4.92958e-09
151 4.92958e-09
152 4.92958e-09
153 4.92958e-09
154 4.92958e-09
155 4.92958e-09
156 4.92958e-09
157 4.92958e-09
158 4.92958e-09
159 4.92958e-09
160 4.92958e-09
161 4.92958e-09
162 4.92958e-09
163 4.92958e-09
164 4.92958e-09
165 4.92958e-09
166 4.92958e-09
167 4.92958e-09
168 4.92958e-09
169 4.92958e-09
170 4.92958e-09
171 4.92958e-09
172 4.92958e-09
173 4.92958e-09
174 4.92958e-09
175 4.92958e-09
176 4.92958e-09
177 4.92958e-09
178 4.92958e-09
179 4.92958e-09
180 4.92958e-09
181 4.92958e-09
182 4.92958e-09
183 4.92958e-09
184 4.92958e-09
185 4.92958e-09
186 4.92958e-09
187 4.92958e-09
188 4.92958e-09
189 4.92958e-09
190 4.92958e-09
191 4.92958e-09
192 4.92958e-09
193 4.92958e-09
194 4.92958e-09
195 4.92958e-09
196 4.92958e-09
197 4.92958e-09
198 4.92958e-09
199 4.92958e-09
200 4.92958e-09
201 4.92958e-09
202 4.92958e-09
203 4.92958e-09
204 4.92958e-09
205 4.92958e-09
206 4.92958e-09
207 4.92958e-09
208 4.92958e-09
209 4.92958e-09
210 4.92958e-09
211 4.92958e-09
212 4.92958e-09
213 4.92958e-09
214 4.92958e-09
215 4.92958e-09
216 4.92958e-09
217 4.92958e-09
218 4.92958e-09
219 4.92958e-09
220 4.92958e-09
221 4.92958e-09
222 4.92958e-09
223 4.92958e-09
224 4.92958e-09
225 4.92958e-09
226 4.92958e-09
227 4.92958e-09
228 4.92958e-09
229 4.92958e-09
230 4.92958e-09
231 4.92958e-09
232 6.4197e-09
233 1.28421e-08
234 3.46547e-08
235 1.0352e-07
236 3.07857e-07
237 8.95832e-07
238 2.54813e-06
239 7.09426e-06
240 1.93648e-05
241 5.19387e-05
242 0.000137209
243 0.000357857
244 0.000923255
245 0.002359
246 0.00597005
247 0.0149495
248 0.0369646
249 0.090001
250 0.215102
251 0.503026
252 0.620868
253 0.667651
254 0.765948
255 0.802413
256 0.873739
257 0.898289
258 0.90641
259 0.920519
260 0.944024
261 0.981541
262 0.992023
263 0.994826
264 0.998747
265 0.999708
266 0.999933
267 0.999983
268 0.999994
269 0.999997
270 0.999999
271 0.999999
272 0.999999
273 0.999999
274 0.999998
275 0.999996
276 0.999985
277 0.999936
278 0.99972
279 0.998811
280 0.995153
281 0.992585
282 0.983169
283 0.977142
284 0.956981
285 0.945185
286 0.938575
287 0.919128
288 0.864103
289 0.71396
290 0.641491
291 0.455683
292 0.370722
293 0.162458
294 0.0705335
295 0.0303986
296 0.0130096
297 0.00552183
298 0.00231865
299 0.000960175
300 0.000390835
301 0.000155902
302 6.07907e-05
303 2.31278e-05
304 8.5742e-06
305 3.09528e-06
306 1.08794e-06
307 3.72412e-07
308 1.24279e-07
309 4.10721e-08
310 1.46586e-08
311 6.88629e-09
312 4.92958e-09
313 4.92958e-09
314 4.92958e-09
315 4.92958e-09
316 4.92958e-09
317 4.92958e-09
318 4.92958e-09
319 4.92958e-09
320 4.92958e-09
321 4.92958e-09
322 4.92958e-09
323 4.92958e-09
324 4.92958e-09
325 4.92958e-09
326 4.92958e-09
327 4.92958e-09
328 4.92958e-09
329 4.92958e-09
330 4.92958e-09
331 4.92958e-09
332 4.92958e-09
333 4.92958e-09
334 4.92958e-09
335 4.92958e-09
336 4.92958e-09
337 4.92958e-09
338 4.92958e-09
339 4.92958e-09
340 4.92958e-09
341 4.92958e-09
342 4.92958e-09
343 4.92958e-09
344 4.92958e-09
345 4.92958e-09
346 4.92958e-09
347 4.92958e-09
348 4.92958e-09
349 4.92958e-09
350 4.92958e-09
351 4.92958e-09
352 4.92958e-09
353 4.92958e-09
354 4.92958e-09
355 4.92958e-09
356 4.92958e-09
357 4.92958e-09
358 4.92958e-09
359 4.92958e-09
360 4.92958e-09
361 4.92958e-09
362 4.92958e-09
363 4.92958e-09
364 4.92958e-09
365 4.92958e-09
366 4.92958e-09
367 4.92958e-09
368 4.92958e-09
369 4.92958e-09
370 4.92958e-09
371 4.92958e-09
372 4.92958e-09
373 4.92958e-09
374 4.92958e-09
375 4.92958e-09
376 4.92958e-09
377 4.92958e-09
378 4.92958e-09
379 4.92958e-09
380 4.92958e-09
381 4.92958e-09
382 4.92958e-09
383 4.92958e-09
384 4.92958e-09
385 4.92958e-09
386 4.92958e-09
387 4.92958e-09
388 4.92958e-09
389 4.92958e-09
390 4.92958e-09
391 4.92958e-09
392 4.92958e-09
393 4.92958e-09
394 4.92958e-09
395 4.92958e-09
396 4.92958e-09
397 4.92958e-09
398 4.92958e-09
399 4.92958e-09
400 4.92958e-09
401 4.92958e-09
402 4.92958e-09
403 4.92958e-09
404 4.92958e-09
405 4.92958e-09
406 4.92958e-09
407 4.92958e-09
408 4.92958e-09
409 4.92958e-09
410 4.92958e-09
411 4.92958e-09
412 4.92958e-09
413 4.92958e-09
414 4.92958e-09
415 4.92958e-09
416 4.92958e-09
417 4.92958e-09
418 4.92958e-09
419 4.92958e-09
420 4.92958e-09
421 4.92958e-09
422 4.92958e-09
423 4.92958e-09
424 4.92958e-09
425 4.92958e-09
426 4.92958e-09
427 4.92958e-09
428 4.92958e-09
429 4.92958e-09
430 4.92958e-09
431 4.92958e-09
432 4.92958e-09
433 4.92958e-09
434 4.92958e-09
435 4.92958e-09
436 4.92958e-09
437 4.92958e-09
438 4.92958e-09
439 4.92958e-09
440 4.92958e-09
441 4.92958e-09
442 4.92958e-09
443 4.92958e-09
444 4.92958e-09
445 4.92958e-09
446 4.92958e-09
447 4.92958e-09
448 4.92958e-09
449 4.92958e-09
450 4.92958e-09
451 4.92958e-09
452 4.92958e-09
453 4.92958e-09
454 4.92958e-09
455 4.92958e-09
456 4.92958e-09
457 4.92958e-09
458 4.92958e-09
459 4.92958e-09
460 4.92958e-09
461 4.92958e-09
462 4.92958e-09
463 4.92958e-09
464 4.92958e-09
465 4.92958e-09
466 4.92958e-09
467 4.92958e-09
468 4.92958e-09
469 4.92958e-09
470 4.92958e-09
471 4.92958e-09
472 4.92958e-09
473 4.92958e-09
474 4.92958e-09
475 4.92958e-09
476 4.92958e-09
477 4.92958e-09
478 4.92958e-09
479 4.92958e-09
480 4.92958e-09
481 4.92958e-09
482 4.92958e-09
483 4.92958e-09
484 4.92958e-09
485 4.92958e-09
486 4.92958e-09
487 4.92958e-09
488 4.92958e-09
489 4.92958e-09
490 4.92958e-09
491 4.92958e-09
492 4.92958e-09
493 4.92958e-09
494 4.92958e-09
495 4.92958e-09
496 4.92958e-09
497 4.92958e-09
498 4.92958e-09
499 4.92958e-09
500 4.92958e-09
501 4.92958e-09
502 4.92958e-09
503 4.92958e-09
504 4.92958e-09
505 4.92958e-09
506 4.92958e-09
507 4.92958e-09
508 4.92958e-09
509 4.92958e-09
510 4.92958e-09
511 4.92958e-09
512 4.92958e-09
513 4.92958e-09
514 4.92958e-09
515 4.92958e-09
516 4.92958e-09
517 4.92958e-09
518 4.92958e-09
519 4.92958e-09
520 4.92958e-09
521 4.92958e-09
522 4.92958e-09
523 4.92958e-09
524 4.92958e-09
525 4.92958e-09
526 4.92958e-09
527 4.92958e-09
528 4.92958e-09
529 4.92958e-09
530 4.92958e-09
531 4.92958e-09
532 4.92958e-09
533 4.92958e-09
534 4.92958e-09
535 4.92958e-09
536 4.92958e-09
537 4.92958e-09
538 4.92958e-09
539 4.92958e-09
540 4.92958e-09
541 4.92958e-09
542 4.92958e-09
