1 1.74232e-08
2 1.74232e-08
3 1.74232e-08
4 1.74232e-08
5 1.74232e-08
6 1.74232e-08
7 1.74232e-08
8 1.74232e-08
9 1.74232e-08
10 1.74232e-08
11 1.74232e-08
12 1.74232e-08
13 1.74232e-08
14 1.74232e-08
15 1.74232e-08
16 1.74232e-08
17 1.74232e-08
18 1.74232e-08
19 1.74232e-08
20 1.74232e-08
21 1.74232e-08
22 1.74232e-08
23 1.74232e-08
24 1.74232e-08
25 1.74232e-08
26 1.74232e-08
27 1.74232e-08
28 1.74232e-08
29 1.74232e-08
30 1.74232e-08
31 1.74232e-08
32 1.74232e-08
33 1.74232e-08
34 1.74232e-08
35 1.74232e-08
36 1.74232e-08
37 1.74232e-08
38 1.74232e-08
39 1.74232e-08
40 1.74232e-08
41 1.74232e-08
42 1.74232e-08
43 1.74232e-08
44 1.74232e-08
45 1.74232e-08
46 1.74232e-08
47 1.74232e-08
48 1.74232e-08
49 1.74232e-08
50 1.74232e-08
51 1.74232e-08
52 1.74232e-08
53 1.74232e-08
54 1.74232e-08
55 1.74232e-08
56 1.74232e-08
57 1.74232e-08
58 1.74232e-08
59 1.74232e-08
60 1.74232e-08
61 1.74232e-08
62 1.74232e-08
63 1.74232e-08
64 1.74232e-08
65 1.74232e-08
66 1.74232e-08
67 1.74232e-08
68 1.74232e-08
69 1.74232e-08
70 1.74232e-08
71 1.74232e-08
72 1.74232e-08
73 1.74232e-08
74 1.74232e-08
75 1.74232e-08
76 1.74232e-08
77 1.74232e-08
78 1.74232e-08
79 1.74232e-08
80 1.74232e-08
81 1.74232e-08
82 1.74232e-08
83 1.74232e-08
84 1.74232e-08
85 1.74232e-08
86 1.74232e-08
87 1.74232e-08
88 1.74232e-08
89 1.74232e-08
90 1.74232e-08
91 1.74232e-08
92 1.74232e-08
93 1.74232e-08
94 1.74232e-08
95 1.74232e-08
96 1.74232e-08
97 1.74232e-08
98 1.74232e-08
99 1.74232e-08
100 1.74232e-08
101 1.74232e-08
102 1.74232e-08
103 1.74232e-08
104 1.74232e-08
105 1.74232e-08
106 1.74232e-08
107 1.74232e-08
108 1.74232e-08
109 1.74232e-08
110 1.74232e-08
111 1.74232e-08
112 1.74232e-08
113 1.74232e-08
114 1.74232e-08
115 1.74232e-08
116 1.74232e-08
117 1.74232e-08
118 1.74232e-08
119 1.74232e-08
120 1.74232e-08
121 1.74232e-08
122 1.74232e-08
123 1.74232e-08
124 1.74232e-08
125 1.74232e-08
126 1.74232e-08
127 1.74232e-08
128 1.74232e-08
129 1.74232e-08
130 1.74232e-08
131 1.74232e-08
132 1.74232e-08
133 1.74232e-08
134 1.74232e-08
135 1.74232e-08
136 1.74232e-08
137 1.74232e-08
138 1.74232e-08
139 1.74232e-08
140 1.74232e-08
141 1.74232e-08
142 1.74232e-08
143 1.74232e-08
144 1.74232e-08
145 1.74232e-08
146 1.74232e-08
147 1.74232e-08
148 1.74232e-08
149 1.74232e-08
150 1.74232e-08
151 1.74232e-08
152 1.74232e-08
153 1.74232e-08
154 1.74232e-08
155 1.74232e-08
156 1.74232e-08
157 1.74232e-08
158 1.74232e-08
159 1.74232e-08
160 1.74232e-08
161 1.74232e-08
162 1.74232e-08
163 1.74232e-08
164 1.74232e-08
165 1.74232e-08
166 1.74232e-08
167 1.74232e-08
168 1.74232e-08
169 1.74232e-08
170 1.74232e-08
171 1.74232e-08
172 1.74232e-08
173 1.74232e-08
174 1.74232e-08
175 1.74232e-08
176 1.74232e-08
177 1.74232e-08
178 1.74232e-08
179 1.74232e-08
180 1.74232e-08
181 1.74232e-08
182 1.74232e-08
183 1.74232e-08
184 1.74232e-08
185 1.74232e-08
186 1.74232e-08
187 1.74232e-08
188 1.74232e-08
189 1.74232e-08
190 1.74232e-08
191 1.74232e-08
192 1.74232e-08
193 1.74232e-08
194 1.74232e-08
195 1.74232e-08
196 1.74232e-08
197 1.74232e-08
198 1.74232e-08
199 1.74232e-08
200 1.74232e-08
201 1.74232e-08
202 1.74232e-08
203 1.74232e-08
204 1.74232e-08
205 1.74232e-08
206 1.74232e-08
207 1.74232e-08
208 1.74232e-08
209 1.74232e-08
210 1.74232e-08
211 1.74232e-08
212 1.74232e-08
213 1.74232e-08
214 1.74232e-08
215 1.74232e-08
216 1.74232e-08
217 1.74232e-08
218 1.74232e-08
219 1.74232e-08
220 1.74232e-08
221 1.74232e-08
222 1.74232e-08
223 1.74232e-08
224 1.74232e-08
225 1.74232e-08
226 1.74232e-08
227 1.74232e-08
228 1.74232e-08
229 1.74232e-08
230 1.74232e-08
231 1.74232e-08
232 1.74232e-08
233 1.74232e-08
234 1.74232e-08
235 1.74232e-08
236 1.74232e-08
237 1.74232e-08
238 1.74232e-08
239 1.74232e-08
240 1.74232e-08
241 1.74232e-08
242 1.74232e-08
243 1.74232e-08
244 1.74232e-08
245 1.74232e-08
246 1.74232e-08
247 1.74232e-08
248 2.21897e-08
249 6.21964e-08
250 2.06633e-07
251 6.45851e-07
252 7.77405e-07
253 6.34288e-07
254 7.77517e-07
255 6.39092e-07
256 8.43795e-07
257 7.5443e-07
258 3.39441e-07
259 3.52719e-07
260 9.1733e-07
261 3.23189e-06
262 4.66264e-06
263 5.37552e-06
264 8.66779e-06
265 1.05297e-05
266 1.13016e-05
267 1.10934e-05
268 9.79299e-06
269 7.0539e-06
270 7.08841e-06
271 6.22534e-06
272 4.32905e-06
273 4.95518e-06
274 9.06721e-06
275 1.13211e-05
276 1.22494e-05
277 1.21294e-05
278 1.09867e-05
279 8.60323e-06
280 4.50331e-06
281 3.49616e-06
282 1.69671e-06
283 1.40342e-06
284 7.03504e-07
285 7.49186e-07
286 1.45312e-06
287 1.676e-06
288 1.51524e-06
289 9.23012e-07
290 8.54166e-07
291 4.67052e-07
292 4.08918e-07
293 1.2313e-07
294 3.47744e-08
295 1.74232e-08
296 1.74232e-08
297 1.74232e-08
298 1.74232e-08
299 1.74232e-08
300 1.74232e-08
301 1.74232e-08
302 1.74232e-08
303 1.74232e-08
304 1.74232e-08
305 1.74232e-08
306 1.74232e-08
307 1.74232e-08
308 1.74232e-08
309 1.74232e-08
310 1.74232e-08
311 1.74232e-08
312 1.74232e-08
313 1.74232e-08
314 1.74232e-08
315 1.74232e-08
316 1.74232e-08
317 1.74232e-08
318 1.74232e-08
319 1.74232e-08
320 1.74232e-08
321 1.74232e-08
322 1.74232e-08
323 1.74232e-08
324 1.74232e-08
325 1.74232e-08
326 1.74232e-08
327 1.74232e-08
328 1.74232e-08
329 1.74232e-08
330 1.74232e-08
331 1.74232e-08
332 1.74232e-08
333 1.74232e-08
334 1.74232e-08
335 1.74232e-08
336 1.74232e-08
337 1.74232e-08
338 1.74232e-08
339 1.74232e-08
340 1.74232e-08
341 1.74232e-08
342 1.74232e-08
343 1.74232e-08
344 1.74232e-08
345 1.74232e-08
346 1.74232e-08
347 1.74232e-08
348 1.74232e-08
349 1.74232e-08
350 1.74232e-08
351 1.74232e-08
352 1.74232e-08
353 1.74232e-08
354 1.74232e-08
355 1.74232e-08
356 1.74232e-08
357 1.74232e-08
358 1.74232e-08
359 1.74232e-08
360 1.74232e-08
361 1.74232e-08
362 1.74232e-08
363 1.74232e-08
364 1.74232e-08
365 1.74232e-08
366 1.74232e-08
367 1.74232e-08
368 1.74232e-08
369 1.74232e-08
370 1.74232e-08
371 1.74232e-08
372 1.74232e-08
373 1.74232e-08
374 1.74232e-08
375 1.74232e-08
376 1.74232e-08
377 1.74232e-08
378 1.74232e-08
379 1.74232e-08
380 1.74232e-08
381 1.74232e-08
382 1.74232e-08
383 1.74232e-08
384 1.74232e-08
385 1.74232e-08
386 1.74232e-08
387 1.74232e-08
388 1.74232e-08
389 1.74232e-08
390 1.74232e-08
391 1.74232e-08
392 1.74232e-08
393 1.74232e-08
394 1.74232e-08
395 1.74232e-08
396 1.74232e-08
397 1.74232e-08
398 1.74232e-08
399 1.74232e-08
400 1.74232e-08
401 1.74232e-08
402 1.74232e-08
403 1.74232e-08
404 1.74232e-08
405 1.74232e-08
406 1.74232e-08
407 1.74232e-08
408 1.74232e-08
409 1.74232e-08
410 1.74232e-08
411 1.74232e-08
412 1.74232e-08
413 1.74232e-08
414 1.74232e-08
415 1.74232e-08
416 1.74232e-08
417 1.74232e-08
418 1.74232e-08
419 1.74232e-08
420 1.74232e-08
421 1.74232e-08
422 1.74232e-08
423 1.74232e-08
424 1.74232e-08
425 1.74232e-08
426 1.74232e-08
427 1.74232e-08
428 1.74232e-08
429 1.74232e-08
430 1.74232e-08
431 1.74232e-08
432 1.74232e-08
433 1.74232e-08
434 1.74232e-08
435 1.74232e-08
436 1.74232e-08
437 1.74232e-08
438 1.74232e-08
439 1.74232e-08
440 1.74232e-08
441 1.74232e-08
442 1.74232e-08
443 1.74232e-08
444 1.74232e-08
445 1.74232e-08
446 1.74232e-08
447 1.74232e-08
448 1.74232e-08
449 1.74232e-08
450 1.74232e-08
451 1.74232e-08
452 1.74232e-08
453 1.74232e-08
454 1.74232e-08
455 1.74232e-08
456 1.74232e-08
457 1.74232e-08
458 1.74232e-08
459 1.74232e-08
460 1.74232e-08
461 1.74232e-08
462 1.74232e-08
463 1.74232e-08
464 1.74232e-08
465 1.74232e-08
466 1.74232e-08
467 1.74232e-08
468 1.74232e-08
469 1.74232e-08
470 1.74232e-08
471 1.74232e-08
472 1.74232e-08
473 1.74232e-08
474 1.74232e-08
475 1.74232e-08
476 1.74232e-08
477 1.74232e-08
478 1.74232e-08
479 1.74232e-08
480 1.74232e-08
481 1.74232e-08
482 1.74232e-08
483 1.74232e-08
484 1.74232e-08
485 1.74232e-08
486 1.74232e-08
487 1.74232e-08
488 1.74232e-08
489 1.74232e-08
490 1.74232e-08
491 1.74232e-08
492 1.74232e-08
493 1.74232e-08
494 1.74232e-08
495 1.74232e-08
496 1.74232e-08
497 1.74232e-08
498 1.74232e-08
499 1.74232e-08
500 1.74232e-08
501 1.74232e-08
502 1.74232e-08
503 1.74232e-08
504 1.74232e-08
505 1.74232e-08
506 1.74232e-08
507 1.74232e-08
508 1.74232e-08
509 1.74232e-08
510 1.74232e-08
511 1.74232e-08
512 1.74232e-08
513 1.74232e-08
514 1.74232e-08
515 1.74232e-08
516 1.74232e-08
517 1.74232e-08
518 1.74232e-08
519 1.74232e-08
520 1.74232e-08
521 1.74232e-08
522 1.74232e-08
523 1.74232e-08
524 1.74232e-08
525 1.74232e-08
526 1.74232e-08
527 1.74232e-08
528 1.74232e-08
529 1.74232e-08
530 1.74232e-08
531 1.74232e-08
532 1.74232e-08
533 1.74232e-08
534 1.74232e-08
535 1.74232e-08
536 1.74232e-08
537 1.74232e-08
538 1.74232e-08
539 1.74232e-08
540 1.74232e-08
541 1.74232e-08
542 1.74232e-08
