1 3.5599e-08
2 3.5599e-08
3 3.5599e-08
4 3.5599e-08
5 3.5599e-08
6 3.5599e-08
7 3.5599e-08
8 3.5599e-08
9 3.5599e-08
10 3.5599e-08
11 3.5599e-08
12 3.5599e-08
13 3.5599e-08
14 3.5599e-08
15 3.5599e-08
16 3.5599e-08
17 3.5599e-08
18 3.5599e-08
19 3.5599e-08
20 3.5599e-08
21 3.5599e-08
22 3.5599e-08
23 3.5599e-08
24 3.5599e-08
25 3.5599e-08
26 3.5599e-08
27 3.5599e-08
28 3.5599e-08
29 3.5599e-08
30 3.5599e-08
31 3.5599e-08
32 3.5599e-08
33 3.5599e-08
34 3.5599e-08
35 3.5599e-08
36 3.5599e-08
37 3.5599e-08
38 3.5599e-08
39 3.5599e-08
40 3.5599e-08
41 3.5599e-08
42 3.5599e-08
43 3.5599e-08
44 3.5599e-08
45 3.5599e-08
46 3.5599e-08
47 3.5599e-08
48 3.5599e-08
49 3.5599e-08
50 3.5599e-08
51 3.5599e-08
52 3.5599e-08
53 3.5599e-08
54 3.5599e-08
55 3.5599e-08
56 3.5599e-08
57 3.5599e-08
58 3.5599e-08
59 3.5599e-08
60 3.5599e-08
61 3.5599e-08
62 3.5599e-08
63 3.5599e-08
64 3.5599e-08
65 3.5599e-08
66 3.5599e-08
67 3.5599e-08
68 3.5599e-08
69 3.5599e-08
70 3.5599e-08
71 3.5599e-08
72 3.5599e-08
73 3.5599e-08
74 3.5599e-08
75 3.5599e-08
76 3.5599e-08
77 3.5599e-08
78 3.5599e-08
79 3.5599e-08
80 3.5599e-08
81 3.5599e-08
82 3.5599e-08
83 3.5599e-08
84 3.5599e-08
85 3.5599e-08
86 3.5599e-08
87 3.5599e-08
88 3.5599e-08
89 3.5599e-08
90 3.5599e-08
91 3.5599e-08
92 3.5599e-08
93 3.5599e-08
94 3.5599e-08
95 3.5599e-08
96 3.5599e-08
97 3.5599e-08
98 3.5599e-08
99 3.5599e-08
100 3.5599e-08
101 3.5599e-08
102 3.5599e-08
103 3.5599e-08
104 3.5599e-08
105 3.5599e-08
106 3.5599e-08
107 3.5599e-08
108 3.5599e-08
109 3.5599e-08
110 3.5599e-08
111 3.5599e-08
112 3.5599e-08
113 3.5599e-08
114 3.5599e-08
115 3.5599e-08
116 3.5599e-08
117 3.5599e-08
118 3.5599e-08
119 3.5599e-08
120 3.5599e-08
121 3.5599e-08
122 3.5599e-08
123 3.5599e-08
124 3.5599e-08
125 3.5599e-08
126 3.5599e-08
127 3.5599e-08
128 3.5599e-08
129 3.5599e-08
130 3.5599e-08
131 3.5599e-08
132 3.5599e-08
133 3.5599e-08
134 3.5599e-08
135 3.5599e-08
136 3.5599e-08
137 3.5599e-08
138 3.5599e-08
139 3.5599e-08
140 3.5599e-08
141 3.5599e-08
142 3.5599e-08
143 3.5599e-08
144 3.5599e-08
145 3.5599e-08
146 3.5599e-08
147 3.5599e-08
148 3.5599e-08
149 3.5599e-08
150 3.5599e-08
151 3.5599e-08
152 3.5599e-08
153 3.5599e-08
154 3.5599e-08
155 3.5599e-08
156 3.5599e-08
157 3.5599e-08
158 3.5599e-08
159 3.5599e-08
160 3.5599e-08
161 3.5599e-08
162 3.5599e-08
163 3.5599e-08
164 3.5599e-08
165 3.5599e-08
166 3.5599e-08
167 3.5599e-08
168 3.5599e-08
169 3.5599e-08
170 3.5599e-08
171 3.5599e-08
172 3.5599e-08
173 3.5599e-08
174 3.5599e-08
175 3.5599e-08
176 3.5599e-08
177 3.5599e-08
178 3.5599e-08
179 3.5599e-08
180 3.5599e-08
181 3.5599e-08
182 3.5599e-08
183 3.5599e-08
184 3.5599e-08
185 3.5599e-08
186 3.5599e-08
187 3.5599e-08
188 3.5599e-08
189 3.5599e-08
190 3.5599e-08
191 3.5599e-08
192 3.5599e-08
193 3.5599e-08
194 3.5599e-08
195 3.5599e-08
196 3.5599e-08
197 3.5599e-08
198 3.5599e-08
199 3.5599e-08
200 3.5599e-08
201 3.5599e-08
202 3.5599e-08
203 3.5599e-08
204 3.5599e-08
205 3.5599e-08
206 3.5599e-08
207 3.5599e-08
208 3.5599e-08
209 3.5599e-08
210 3.5599e-08
211 3.5599e-08
212 3.5599e-08
213 3.5599e-08
214 3.5599e-08
215 3.5599e-08
216 3.5599e-08
217 3.5599e-08
218 3.5599e-08
219 3.5599e-08
220 3.5599e-08
221 3.5599e-08
222 3.5599e-08
223 3.5599e-08
224 3.6447e-08
225 4.08596e-08
226 5.44274e-08
227 8.97545e-08
228 1.8038e-07
229 4.08972e-07
230 9.78292e-07
231 2.37709e-06
232 5.75978e-06
233 1.37943e-05
234 3.24902e-05
235 7.50055e-05
236 0.000169269
237 0.000372616
238 0.000798625
239 0.00166396
240 0.00336574
241 0.00660193
242 0.012546
243 0.0230804
244 0.0410784
245 0.0706979
246 0.11762
247 0.189133
248 0.293955
249 0.441697
250 0.64196
251 0.903145
252 0.963119
253 0.976399
254 0.99194
255 0.99516
256 0.998708
257 0.999405
258 0.999539
259 0.999677
260 0.999819
261 0.999963
262 0.999989
263 0.999994
264 0.999999
265 1
266 1
267 1
268 1
269 1
270 1
271 1
272 1
273 1
274 1
275 1
276 1
277 1
278 1
279 0.999999
280 0.999994
281 0.999989
282 0.999963
283 0.999937
284 0.999795
285 0.999657
286 0.999523
287 0.998831
288 0.99532
289 0.977965
290 0.962748
291 0.892159
292 0.834407
293 0.585609
294 0.397224
295 0.260223
296 0.164574
297 0.100469
298 0.0592164
299 0.0337127
300 0.018553
301 0.00988014
302 0.00509838
303 0.00255366
304 0.0012441
305 0.000590968
306 0.000274471
307 0.000125018
308 5.60222e-05
309 2.47744e-05
310 1.08432e-05
311 4.71014e-06
312 2.03765e-06
313 8.83414e-07
314 3.89426e-07
315 1.8007e-07
316 9.24297e-08
317 5.64511e-08
318 4.21543e-08
319 3.73307e-08
320 3.58428e-08
321 3.5599e-08
322 3.5599e-08
323 3.5599e-08
324 3.5599e-08
325 3.5599e-08
326 3.5599e-08
327 3.5599e-08
328 3.5599e-08
329 3.5599e-08
330 3.5599e-08
331 3.5599e-08
332 3.5599e-08
333 3.5599e-08
334 3.5599e-08
335 3.5599e-08
336 3.5599e-08
337 3.5599e-08
338 3.5599e-08
339 3.5599e-08
340 3.5599e-08
341 3.5599e-08
342 3.5599e-08
343 3.5599e-08
344 3.5599e-08
345 3.5599e-08
346 3.5599e-08
347 3.5599e-08
348 3.5599e-08
349 3.5599e-08
350 3.5599e-08
351 3.5599e-08
352 3.5599e-08
353 3.5599e-08
354 3.5599e-08
355 3.5599e-08
356 3.5599e-08
357 3.5599e-08
358 3.5599e-08
359 3.5599e-08
360 3.5599e-08
361 3.5599e-08
362 3.5599e-08
363 3.5599e-08
364 3.5599e-08
365 3.5599e-08
366 3.5599e-08
367 3.5599e-08
368 3.5599e-08
369 3.5599e-08
370 3.5599e-08
371 3.5599e-08
372 3.5599e-08
373 3.5599e-08
374 3.5599e-08
375 3.5599e-08
376 3.5599e-08
377 3.5599e-08
378 3.5599e-08
379 3.5599e-08
380 3.5599e-08
381 3.5599e-08
382 3.5599e-08
383 3.5599e-08
384 3.5599e-08
385 3.5599e-08
386 3.5599e-08
387 3.5599e-08
388 3.5599e-08
389 3.5599e-08
390 3.5599e-08
391 3.5599e-08
392 3.5599e-08
393 3.5599e-08
394 3.5599e-08
395 3.5599e-08
396 3.5599e-08
397 3.5599e-08
398 3.5599e-08
399 3.5599e-08
400 3.5599e-08
401 3.5599e-08
402 3.5599e-08
403 3.5599e-08
404 3.5599e-08
405 3.5599e-08
406 3.5599e-08
407 3.5599e-08
408 3.5599e-08
409 3.5599e-08
410 3.5599e-08
411 3.5599e-08
412 3.5599e-08
413 3.5599e-08
414 3.5599e-08
415 3.5599e-08
416 3.5599e-08
417 3.5599e-08
418 3.5599e-08
419 3.5599e-08
420 3.5599e-08
421 3.5599e-08
422 3.5599e-08
423 3.5599e-08
424 3.5599e-08
425 3.5599e-08
426 3.5599e-08
427 3.5599e-08
428 3.5599e-08
429 3.5599e-08
430 3.5599e-08
431 3.5599e-08
432 3.5599e-08
433 3.5599e-08
434 3.5599e-08
435 3.5599e-08
436 3.5599e-08
437 3.5599e-08
438 3.5599e-08
439 3.5599e-08
440 3.5599e-08
441 3.5599e-08
442 3.5599e-08
443 3.5599e-08
444 3.5599e-08
445 3.5599e-08
446 3.5599e-08
447 3.5599e-08
448 3.5599e-08
449 3.5599e-08
450 3.5599e-08
451 3.5599e-08
452 3.5599e-08
453 3.5599e-08
454 3.5599e-08
455 3.5599e-08
456 3.5599e-08
457 3.5599e-08
458 3.5599e-08
459 3.5599e-08
460 3.5599e-08
461 3.5599e-08
462 3.5599e-08
463 3.5599e-08
464 3.5599e-08
465 3.5599e-08
466 3.5599e-08
467 3.5599e-08
468 3.5599e-08
469 3.5599e-08
470 3.5599e-08
471 3.5599e-08
472 3.5599e-08
473 3.5599e-08
474 3.5599e-08
475 3.5599e-08
476 3.5599e-08
477 3.5599e-08
478 3.5599e-08
479 3.5599e-08
480 3.5599e-08
481 3.5599e-08
482 3.5599e-08
483 3.5599e-08
484 3.5599e-08
485 3.5599e-08
486 3.5599e-08
487 3.5599e-08
488 3.5599e-08
489 3.5599e-08
490 3.5599e-08
491 3.5599e-08
492 3.5599e-08
493 3.5599e-08
494 3.5599e-08
495 3.5599e-08
496 3.5599e-08
497 3.5599e-08
498 3.5599e-08
499 3.5599e-08
500 3.5599e-08
501 3.5599e-08
502 3.5599e-08
503 3.5599e-08
504 3.5599e-08
505 3.5599e-08
506 3.5599e-08
507 3.5599e-08
508 3.5599e-08
509 3.5599e-08
510 3.5599e-08
511 3.5599e-08
512 3.5599e-08
513 3.5599e-08
514 3.5599e-08
515 3.5599e-08
516 3.5599e-08
517 3.5599e-08
518 3.5599e-08
519 3.5599e-08
520 3.5599e-08
521 3.5599e-08
522 3.5599e-08
523 3.5599e-08
524 3.5599e-08
525 3.5599e-08
526 3.5599e-08
527 3.5599e-08
528 3.5599e-08
529 3.5599e-08
530 3.5599e-08
531 3.5599e-08
532 3.5599e-08
533 3.5599e-08
534 3.5599e-08
535 3.5599e-08
536 3.5599e-08
537 3.5599e-08
538 3.5599e-08
539 3.5599e-08
540 3.5599e-08
541 3.5599e-08
542 3.5599e-08
