1 2.90149e-09
2 2.90149e-09
3 2.90149e-09
4 2.90149e-09
5 2.90149e-09
6 2.90149e-09
7 2.90149e-09
8 2.90149e-09
9 2.90149e-09
10 2.90149e-09
11 2.90149e-09
12 2.90149e-09
13 2.90149e-09
14 2.90149e-09
15 2.90149e-09
16 2.90149e-09
17 2.90149e-09
18 2.90149e-09
19 2.90149e-09
20 2.90149e-09
21 2.90149e-09
22 2.90149e-09
23 2.90149e-09
24 2.90149e-09
25 2.90149e-09
26 2.90149e-09
27 2.90149e-09
28 2.90149e-09
29 2.90149e-09
30 2.90149e-09
31 2.90149e-09
32 2.90149e-09
33 2.90149e-09
34 2.90149e-09
35 2.90149e-09
36 2.90149e-09
37 2.90149e-09
38 2.90149e-09
39 2.90149e-09
40 2.90149e-09
41 2.90149e-09
42 2.90149e-09
43 2.90149e-09
44 2.90149e-09
45 2.90149e-09
46 2.90149e-09
47 2.90149e-09
48 2.90149e-09
49 2.90149e-09
50 2.90149e-09
51 2.90149e-09
52 2.90149e-09
53 2.90149e-09
54 2.90149e-09
55 2.90149e-09
56 2.90149e-09
57 2.90149e-09
58 2.90149e-09
59 2.90149e-09
60 2.90149e-09
61 2.90149e-09
62 2.90149e-09
63 2.90149e-09
64 2.90149e-09
65 2.90149e-09
66 2.90149e-09
67 2.90149e-09
68 2.90149e-09
69 2.90149e-09
70 2.90149e-09
71 2.90149e-09
72 2.90149e-09
73 2.90149e-09
74 2.90149e-09
75 2.90149e-09
76 2.90149e-09
77 2.90149e-09
78 2.90149e-09
79 2.90149e-09
80 2.90149e-09
81 2.90149e-09
82 2.90149e-09
83 2.90149e-09
84 2.90149e-09
85 2.90149e-09
86 2.90149e-09
87 2.90149e-09
88 2.90149e-09
89 2.90149e-09
90 2.90149e-09
91 2.90149e-09
92 2.90149e-09
93 2.90149e-09
94 2.90149e-09
95 2.90149e-09
96 2.90149e-09
97 2.90149e-09
98 2.90149e-09
99 2.90149e-09
100 2.90149e-09
101 2.90149e-09
102 2.90149e-09
103 2.90149e-09
104 2.90149e-09
105 2.90149e-09
106 2.90149e-09
107 2.90149e-09
108 2.90149e-09
109 2.90149e-09
110 2.90149e-09
111 2.90149e-09
112 2.90149e-09
113 2.90149e-09
114 2.90149e-09
115 2.90149e-09
116 2.90149e-09
117 2.90149e-09
118 2.90149e-09
119 2.90149e-09
120 2.90149e-09
121 2.90149e-09
122 2.90149e-09
123 2.90149e-09
124 2.90149e-09
125 2.90149e-09
126 2.90149e-09
127 2.90149e-09
128 2.90149e-09
129 2.90149e-09
130 2.90149e-09
131 2.90149e-09
132 2.90149e-09
133 2.90149e-09
134 2.90149e-09
135 2.90149e-09
136 2.90149e-09
137 2.90149e-09
138 2.90149e-09
139 2.90149e-09
140 2.90149e-09
141 2.90149e-09
142 2.90149e-09
143 2.90149e-09
144 2.90149e-09
145 2.90149e-09
146 2.90149e-09
147 2.90149e-09
148 2.90149e-09
149 2.90149e-09
150 2.90149e-09
151 2.90149e-09
152 2.90149e-09
153 2.90149e-09
154 2.90149e-09
155 2.90149e-09
156 2.90149e-09
157 2.90149e-09
158 2.90149e-09
159 2.90149e-09
160 2.90149e-09
161 2.90149e-09
162 2.90149e-09
163 2.90149e-09
164 2.90149e-09
165 2.90149e-09
166 2.90149e-09
167 2.90149e-09
168 2.90149e-09
169 2.90149e-09
170 2.90149e-09
171 2.90149e-09
172 2.90149e-09
173 2.90149e-09
174 2.90149e-09
175 2.90149e-09
176 2.90149e-09
177 2.90149e-09
178 2.90149e-09
179 2.90149e-09
180 2.90149e-09
181 2.90149e-09
182 2.90149e-09
183 2.90149e-09
184 2.90149e-09
185 2.90149e-09
186 2.90149e-09
187 2.90149e-09
188 2.90149e-09
189 2.90149e-09
190 2.90149e-09
191 2.90149e-09
192 2.90149e-09
193 2.90149e-09
194 2.90149e-09
195 2.90149e-09
196 2.90149e-09
197 2.90149e-09
198 2.90149e-09
199 2.90149e-09
200 2.90149e-09
201 2.90149e-09
202 2.90149e-09
203 2.90149e-09
204 2.90149e-09
205 2.90149e-09
206 2.90149e-09
207 2.90149e-09
208 2.90149e-09
209 2.90149e-09
210 2.90149e-09
211 2.90149e-09
212 2.90149e-09
213 2.90149e-09
214 2.90149e-09
215 2.90149e-09
216 2.90149e-09
217 2.90149e-09
218 2.90149e-09
219 2.90149e-09
220 2.90149e-09
221 2.90149e-09
222 2.90149e-09
223 2.90149e-09
224 2.90149e-09
225 2.90149e-09
226 2.90149e-09
227 2.90149e-09
228 2.90149e-09
229 2.90149e-09
230 2.90149e-09
231 2.90149e-09
232 2.90149e-09
233 2.90149e-09
234 2.90149e-09
235 2.90149e-09
236 2.90149e-09
237 3.23034e-09
238 5.99746e-09
239 1.69322e-08
240 5.11455e-08
241 1.58751e-07
242 5.04669e-07
243 1.64265e-06
244 5.43303e-06
245 1.81214e-05
246 6.06579e-05
247 0.000203399
248 0.000683255
249 0.00229996
250 0.00775272
251 0.0261067
252 0.0373267
253 0.0441033
254 0.0661048
255 0.0788801
256 0.118433
257 0.140207
258 0.151851
259 0.184964
260 0.276607
261 0.524179
262 0.644009
263 0.701109
264 0.848395
265 0.917347
266 0.949407
267 0.964061
268 0.970227
269 0.971509
270 0.978178
271 0.979284
272 0.975395
273 0.976137
274 0.981645
275 0.981737
276 0.977086
277 0.964375
278 0.933963
279 0.863138
280 0.701239
281 0.6351
282 0.49121
283 0.435705
284 0.322329
285 0.281387
286 0.267091
287 0.240662
288 0.1933
289 0.11081
290 0.0851867
291 0.0425173
292 0.0297097
293 0.00884648
294 0.00264338
295 0.000793573
296 0.000239094
297 7.21203e-05
298 2.17327e-05
299 6.5398e-06
300 1.96977e-06
301 5.96716e-07
302 1.82699e-07
303 5.65756e-08
304 1.77419e-08
305 6.16432e-09
306 3.23034e-09
307 2.90149e-09
308 2.90149e-09
309 2.90149e-09
310 2.90149e-09
311 2.90149e-09
312 2.90149e-09
313 2.90149e-09
314 2.90149e-09
315 2.90149e-09
316 2.90149e-09
317 2.90149e-09
318 2.90149e-09
319 2.90149e-09
320 2.90149e-09
321 2.90149e-09
322 2.90149e-09
323 2.90149e-09
324 2.90149e-09
325 2.90149e-09
326 2.90149e-09
327 2.90149e-09
328 2.90149e-09
329 2.90149e-09
330 2.90149e-09
331 2.90149e-09
332 2.90149e-09
333 2.90149e-09
334 2.90149e-09
335 2.90149e-09
336 2.90149e-09
337 2.90149e-09
338 2.90149e-09
339 2.90149e-09
340 2.90149e-09
341 2.90149e-09
342 2.90149e-09
343 2.90149e-09
344 2.90149e-09
345 2.90149e-09
346 2.90149e-09
347 2.90149e-09
348 2.90149e-09
349 2.90149e-09
350 2.90149e-09
351 2.90149e-09
352 2.90149e-09
353 2.90149e-09
354 2.90149e-09
355 2.90149e-09
356 2.90149e-09
357 2.90149e-09
358 2.90149e-09
359 2.90149e-09
360 2.90149e-09
361 2.90149e-09
362 2.90149e-09
363 2.90149e-09
364 2.90149e-09
365 2.90149e-09
366 2.90149e-09
367 2.90149e-09
368 2.90149e-09
369 2.90149e-09
370 2.90149e-09
371 2.90149e-09
372 2.90149e-09
373 2.90149e-09
374 2.90149e-09
375 2.90149e-09
376 2.90149e-09
377 2.90149e-09
378 2.90149e-09
379 2.90149e-09
380 2.90149e-09
381 2.90149e-09
382 2.90149e-09
383 2.90149e-09
384 2.90149e-09
385 2.90149e-09
386 2.90149e-09
387 2.90149e-09
388 2.90149e-09
389 2.90149e-09
390 2.90149e-09
391 2.90149e-09
392 2.90149e-09
393 2.90149e-09
394 2.90149e-09
395 2.90149e-09
396 2.90149e-09
397 2.90149e-09
398 2.90149e-09
399 2.90149e-09
400 2.90149e-09
401 2.90149e-09
402 2.90149e-09
403 2.90149e-09
404 2.90149e-09
405 2.90149e-09
406 2.90149e-09
407 2.90149e-09
408 2.90149e-09
409 2.90149e-09
410 2.90149e-09
411 2.90149e-09
412 2.90149e-09
413 2.90149e-09
414 2.90149e-09
415 2.90149e-09
416 2.90149e-09
417 2.90149e-09
418 2.90149e-09
419 2.90149e-09
420 2.90149e-09
421 2.90149e-09
422 2.90149e-09
423 2.90149e-09
424 2.90149e-09
425 2.90149e-09
426 2.90149e-09
427 2.90149e-09
428 2.90149e-09
429 2.90149e-09
430 2.90149e-09
431 2.90149e-09
432 2.90149e-09
433 2.90149e-09
434 2.90149e-09
435 2.90149e-09
436 2.90149e-09
437 2.90149e-09
438 2.90149e-09
439 2.90149e-09
440 2.90149e-09
441 2.90149e-09
442 2.90149e-09
443 2.90149e-09
444 2.90149e-09
445 2.90149e-09
446 2.90149e-09
447 2.90149e-09
448 2.90149e-09
449 2.90149e-09
450 2.90149e-09
451 2.90149e-09
452 2.90149e-09
453 2.90149e-09
454 2.90149e-09
455 2.90149e-09
456 2.90149e-09
457 2.90149e-09
458 2.90149e-09
459 2.90149e-09
460 2.90149e-09
461 2.90149e-09
462 2.90149e-09
463 2.90149e-09
464 2.90149e-09
465 2.90149e-09
466 2.90149e-09
467 2.90149e-09
468 2.90149e-09
469 2.90149e-09
470 2.90149e-09
471 2.90149e-09
472 2.90149e-09
473 2.90149e-09
474 2.90149e-09
475 2.90149e-09
476 2.90149e-09
477 2.90149e-09
478 2.90149e-09
479 2.90149e-09
480 2.90149e-09
481 2.90149e-09
482 2.90149e-09
483 2.90149e-09
484 2.90149e-09
485 2.90149e-09
486 2.90149e-09
487 2.90149e-09
488 2.90149e-09
489 2.90149e-09
490 2.90149e-09
491 2.90149e-09
492 2.90149e-09
493 2.90149e-09
494 2.90149e-09
495 2.90149e-09
496 2.90149e-09
497 2.90149e-09
498 2.90149e-09
499 2.90149e-09
500 2.90149e-09
501 2.90149e-09
502 2.90149e-09
503 2.90149e-09
504 2.90149e-09
505 2.90149e-09
506 2.90149e-09
507 2.90149e-09
508 2.90149e-09
509 2.90149e-09
510 2.90149e-09
511 2.90149e-09
512 2.90149e-09
513 2.90149e-09
514 2.90149e-09
515 2.90149e-09
516 2.90149e-09
517 2.90149e-09
518 2.90149e-09
519 2.90149e-09
520 2.90149e-09
521 2.90149e-09
522 2.90149e-09
523 2.90149e-09
524 2.90149e-09
525 2.90149e-09
526 2.90149e-09
527 2.90149e-09
528 2.90149e-09
529 2.90149e-09
530 2.90149e-09
531 2.90149e-09
532 2.90149e-09
533 2.90149e-09
534 2.90149e-09
535 2.90149e-09
536 2.90149e-09
537 2.90149e-09
538 2.90149e-09
539 2.90149e-09
540 2.90149e-09
541 2.90149e-09
542 2.90149e-09
