1 3.2981e-09
2 3.2981e-09
3 3.2981e-09
4 3.2981e-09
5 3.2981e-09
6 3.2981e-09
7 3.2981e-09
8 3.2981e-09
9 3.2981e-09
10 3.2981e-09
11 3.2981e-09
12 3.2981e-09
13 3.2981e-09
14 3.2981e-09
15 3.2981e-09
16 3.2981e-09
17 3.2981e-09
18 3.2981e-09
19 3.2981e-09
20 3.2981e-09
21 3.2981e-09
22 3.2981e-09
23 3.2981e-09
24 3.2981e-09
25 3.2981e-09
26 3.2981e-09
27 3.2981e-09
28 3.2981e-09
29 3.2981e-09
30 3.2981e-09
31 3.2981e-09
32 3.2981e-09
33 3.2981e-09
34 3.2981e-09
35 3.2981e-09
36 3.2981e-09
37 3.2981e-09
38 3.2981e-09
39 3.2981e-09
40 3.2981e-09
41 3.2981e-09
42 3.2981e-09
43 3.2981e-09
44 3.2981e-09
45 3.2981e-09
46 3.2981e-09
47 3.2981e-09
48 3.2981e-09
49 3.2981e-09
50 3.2981e-09
51 3.2981e-09
52 3.2981e-09
53 3.2981e-09
54 3.2981e-09
55 3.2981e-09
56 3.2981e-09
57 3.2981e-09
58 3.2981e-09
59 3.2981e-09
60 3.2981e-09
61 3.2981e-09
62 3.2981e-09
63 3.2981e-09
64 3.2981e-09
65 3.2981e-09
66 3.2981e-09
67 3.2981e-09
68 3.2981e-09
69 3.2981e-09
70 3.2981e-09
71 3.2981e-09
72 3.2981e-09
73 3.2981e-09
74 3.2981e-09
75 3.2981e-09
76 3.2981e-09
77 3.2981e-09
78 3.2981e-09
79 3.2981e-09
80 3.2981e-09
81 3.2981e-09
82 3.2981e-09
83 3.2981e-09
84 3.2981e-09
85 3.2981e-09
86 3.2981e-09
87 3.2981e-09
88 3.2981e-09
89 3.2981e-09
90 3.2981e-09
91 3.2981e-09
92 3.2981e-09
93 3.2981e-09
94 3.2981e-09
95 3.2981e-09
96 3.2981e-09
97 3.2981e-09
98 3.2981e-09
99 3.2981e-09
100 3.2981e-09
101 3.2981e-09
102 3.2981e-09
103 3.2981e-09
104 3.2981e-09
105 3.2981e-09
106 3.2981e-09
107 3.2981e-09
108 3.2981e-09
109 3.2981e-09
110 3.2981e-09
111 3.2981e-09
112 3.2981e-09
113 3.2981e-09
114 3.2981e-09
115 3.2981e-09
116 3.2981e-09
117 3.2981e-09
118 3.2981e-09
119 3.2981e-09
120 3.2981e-09
121 3.2981e-09
122 3.2981e-09
123 3.2981e-09
124 3.2981e-09
125 3.2981e-09
126 3.2981e-09
127 3.2981e-09
128 3.2981e-09
129 3.2981e-09
130 3.2981e-09
131 3.2981e-09
132 3.2981e-09
133 3.2981e-09
134 3.2981e-09
135 3.2981e-09
136 3.2981e-09
137 3.2981e-09
138 3.2981e-09
139 3.2981e-09
140 3.2981e-09
141 3.2981e-09
142 3.2981e-09
143 3.2981e-09
144 3.2981e-09
145 3.2981e-09
146 3.2981e-09
147 3.2981e-09
148 3.2981e-09
149 3.2981e-09
150 3.2981e-09
151 3.2981e-09
152 3.2981e-09
153 3.2981e-09
154 3.2981e-09
155 3.2981e-09
156 3.2981e-09
157 3.2981e-09
158 3.2981e-09
159 3.2981e-09
160 3.2981e-09
161 3.2981e-09
162 3.2981e-09
163 3.2981e-09
164 3.2981e-09
165 3.2981e-09
166 3.2981e-09
167 3.2981e-09
168 3.2981e-09
169 3.2981e-09
170 3.2981e-09
171 3.2981e-09
172 3.2981e-09
173 3.2981e-09
174 3.2981e-09
175 3.2981e-09
176 3.2981e-09
177 3.2981e-09
178 3.2981e-09
179 3.2981e-09
180 3.2981e-09
181 3.2981e-09
182 3.2981e-09
183 3.2981e-09
184 3.2981e-09
185 3.2981e-09
186 3.2981e-09
187 3.2981e-09
188 3.2981e-09
189 3.2981e-09
190 3.2981e-09
191 3.2981e-09
192 3.2981e-09
193 3.2981e-09
194 3.2981e-09
195 3.2981e-09
196 3.2981e-09
197 3.2981e-09
198 3.2981e-09
199 3.2981e-09
200 3.2981e-09
201 3.2981e-09
202 3.2981e-09
203 3.2981e-09
204 3.2981e-09
205 3.2981e-09
206 3.2981e-09
207 3.2981e-09
208 3.2981e-09
209 3.2981e-09
210 3.2981e-09
211 3.2981e-09
212 3.2981e-09
213 3.2981e-09
214 3.2981e-09
215 3.2981e-09
216 3.2981e-09
217 3.2981e-09
218 3.2981e-09
219 3.2981e-09
220 3.2981e-09
221 3.2981e-09
222 3.2981e-09
223 3.2981e-09
224 3.2981e-09
225 3.2981e-09
226 3.2981e-09
227 3.2981e-09
228 3.2981e-09
229 3.2981e-09
230 3.2981e-09
231 3.2981e-09
232 3.2981e-09
233 3.74407e-09
234 7.46358e-09
235 2.09855e-08
236 6.61683e-08
237 2.10746e-07
238 6.62669e-07
239 2.04326e-06
240 6.1628e-06
241 1.81622e-05
242 5.22929e-05
243 0.000147193
244 0.000405606
245 0.00109642
246 0.00291474
247 0.00764077
248 0.0198004
249 0.0508156
250 0.129251
251 0.325642
252 0.414418
253 0.453905
254 0.548062
255 0.58814
256 0.678914
257 0.715369
258 0.72953
259 0.758567
260 0.815911
261 0.924801
262 0.961096
263 0.972696
264 0.992114
265 0.9978
266 0.999391
267 0.999817
268 0.999926
269 0.999952
270 0.999985
271 0.999991
272 0.999984
273 0.999978
274 0.999975
275 0.99995
276 0.999848
277 0.999458
278 0.998028
279 0.993036
280 0.97641
281 0.966742
282 0.93733
283 0.921649
284 0.877711
285 0.856018
286 0.845659
287 0.819374
288 0.754266
289 0.595992
290 0.526591
291 0.361636
292 0.290385
293 0.122921
294 0.0514207
295 0.0211795
296 0.00855867
297 0.00338274
298 0.00130454
299 0.000490048
300 0.000179136
301 6.36995e-05
302 2.20395e-05
303 7.42573e-06
304 2.43993e-06
305 7.83672e-07
306 2.46963e-07
307 7.70583e-08
308 2.44023e-08
309 8.53054e-09
310 4.01441e-09
311 3.2981e-09
312 3.2981e-09
313 3.2981e-09
314 3.2981e-09
315 3.2981e-09
316 3.2981e-09
317 3.2981e-09
318 3.2981e-09
319 3.2981e-09
320 3.2981e-09
321 3.2981e-09
322 3.2981e-09
323 3.2981e-09
324 3.2981e-09
325 3.2981e-09
326 3.2981e-09
327 3.2981e-09
328 3.2981e-09
329 3.2981e-09
330 3.2981e-09
331 3.2981e-09
332 3.2981e-09
333 3.2981e-09
334 3.2981e-09
335 3.2981e-09
336 3.2981e-09
337 3.2981e-09
338 3.2981e-09
339 3.2981e-09
340 3.2981e-09
341 3.2981e-09
342 3.2981e-09
343 3.2981e-09
344 3.2981e-09
345 3.2981e-09
346 3.2981e-09
347 3.2981e-09
348 3.2981e-09
349 3.2981e-09
350 3.2981e-09
351 3.2981e-09
352 3.2981e-09
353 3.2981e-09
354 3.2981e-09
355 3.2981e-09
356 3.2981e-09
357 3.2981e-09
358 3.2981e-09
359 3.2981e-09
360 3.2981e-09
361 3.2981e-09
362 3.2981e-09
363 3.2981e-09
364 3.2981e-09
365 3.2981e-09
366 3.2981e-09
367 3.2981e-09
368 3.2981e-09
369 3.2981e-09
370 3.2981e-09
371 3.2981e-09
372 3.2981e-09
373 3.2981e-09
374 3.2981e-09
375 3.2981e-09
376 3.2981e-09
377 3.2981e-09
378 3.2981e-09
379 3.2981e-09
380 3.2981e-09
381 3.2981e-09
382 3.2981e-09
383 3.2981e-09
384 3.2981e-09
385 3.2981e-09
386 3.2981e-09
387 3.2981e-09
388 3.2981e-09
389 3.2981e-09
390 3.2981e-09
391 3.2981e-09
392 3.2981e-09
393 3.2981e-09
394 3.2981e-09
395 3.2981e-09
396 3.2981e-09
397 3.2981e-09
398 3.2981e-09
399 3.2981e-09
400 3.2981e-09
401 3.2981e-09
402 3.2981e-09
403 3.2981e-09
404 3.2981e-09
405 3.2981e-09
406 3.2981e-09
407 3.2981e-09
408 3.2981e-09
409 3.2981e-09
410 3.2981e-09
411 3.2981e-09
412 3.2981e-09
413 3.2981e-09
414 3.2981e-09
415 3.2981e-09
416 3.2981e-09
417 3.2981e-09
418 3.2981e-09
419 3.2981e-09
420 3.2981e-09
421 3.2981e-09
422 3.2981e-09
423 3.2981e-09
424 3.2981e-09
425 3.2981e-09
426 3.2981e-09
427 3.2981e-09
428 3.2981e-09
429 3.2981e-09
430 3.2981e-09
431 3.2981e-09
432 3.2981e-09
433 3.2981e-09
434 3.2981e-09
435 3.2981e-09
436 3.2981e-09
437 3.2981e-09
438 3.2981e-09
439 3.2981e-09
440 3.2981e-09
441 3.2981e-09
442 3.2981e-09
443 3.2981e-09
444 3.2981e-09
445 3.2981e-09
446 3.2981e-09
447 3.2981e-09
448 3.2981e-09
449 3.2981e-09
450 3.2981e-09
451 3.2981e-09
452 3.2981e-09
453 3.2981e-09
454 3.2981e-09
455 3.2981e-09
456 3.2981e-09
457 3.2981e-09
458 3.2981e-09
459 3.2981e-09
460 3.2981e-09
461 3.2981e-09
462 3.2981e-09
463 3.2981e-09
464 3.2981e-09
465 3.2981e-09
466 3.2981e-09
467 3.2981e-09
468 3.2981e-09
469 3.2981e-09
470 3.2981e-09
471 3.2981e-09
472 3.2981e-09
473 3.2981e-09
474 3.2981e-09
475 3.2981e-09
476 3.2981e-09
477 3.2981e-09
478 3.2981e-09
479 3.2981e-09
480 3.2981e-09
481 3.2981e-09
482 3.2981e-09
483 3.2981e-09
484 3.2981e-09
485 3.2981e-09
486 3.2981e-09
487 3.2981e-09
488 3.2981e-09
489 3.2981e-09
490 3.2981e-09
491 3.2981e-09
492 3.2981e-09
493 3.2981e-09
494 3.2981e-09
495 3.2981e-09
496 3.2981e-09
497 3.2981e-09
498 3.2981e-09
499 3.2981e-09
500 3.2981e-09
501 3.2981e-09
502 3.2981e-09
503 3.2981e-09
504 3.2981e-09
505 3.2981e-09
506 3.2981e-09
507 3.2981e-09
508 3.2981e-09
509 3.2981e-09
510 3.2981e-09
511 3.2981e-09
512 3.2981e-09
513 3.2981e-09
514 3.2981e-09
515 3.2981e-09
516 3.2981e-09
517 3.2981e-09
518 3.2981e-09
519 3.2981e-09
520 3.2981e-09
521 3.2981e-09
522 3.2981e-09
523 3.2981e-09
524 3.2981e-09
525 3.2981e-09
526 3.2981e-09
527 3.2981e-09
528 3.2981e-09
529 3.2981e-09
530 3.2981e-09
531 3.2981e-09
532 3.2981e-09
533 3.2981e-09
534 3.2981e-09
535 3.2981e-09
536 3.2981e-09
537 3.2981e-09
538 3.2981e-09
539 3.2981e-09
540 3.2981e-09
541 3.2981e-09
542 3.2981e-09
