1 1.47616e-07
2 1.47616e-07
3 1.47616e-07
4 1.47616e-07
5 1.47616e-07
6 1.47616e-07
7 1.47616e-07
8 1.47616e-07
9 1.47616e-07
10 1.47616e-07
11 1.47616e-07
12 1.47616e-07
13 1.47616e-07
14 1.47616e-07
15 1.47616e-07
16 1.47616e-07
17 1.47616e-07
18 1.47616e-07
19 1.47616e-07
20 1.47616e-07
21 1.47616e-07
22 1.47616e-07
23 1.47616e-07
24 1.47616e-07
25 1.47616e-07
26 1.47616e-07
27 1.47616e-07
28 1.47616e-07
29 1.47616e-07
30 1.47616e-07
31 1.47616e-07
32 1.47616e-07
33 1.47616e-07
34 1.47616e-07
35 1.47616e-07
36 1.47616e-07
37 1.47616e-07
38 1.47616e-07
39 1.47616e-07
40 1.47616e-07
41 1.47616e-07
42 1.47616e-07
43 1.47616e-07
44 1.47616e-07
45 1.47616e-07
46 1.47616e-07
47 1.47616e-07
48 1.47616e-07
49 1.47616e-07
50 1.47616e-07
51 1.47616e-07
52 1.47616e-07
53 1.47616e-07
54 1.47616e-07
55 1.47616e-07
56 1.47616e-07
57 1.47616e-07
58 1.47616e-07
59 1.47616e-07
60 1.47616e-07
61 1.47616e-07
62 1.47616e-07
63 1.47616e-07
64 1.47616e-07
65 1.47616e-07
66 1.47616e-07
67 1.47616e-07
68 1.47616e-07
69 1.47616e-07
70 1.47616e-07
71 1.47616e-07
72 1.47616e-07
73 1.47616e-07
74 1.47616e-07
75 1.47616e-07
76 1.47616e-07
77 1.47616e-07
78 1.47616e-07
79 1.47616e-07
80 1.47616e-07
81 1.47616e-07
82 1.47616e-07
83 1.47616e-07
84 1.47616e-07
85 1.47616e-07
86 1.47616e-07
87 1.47616e-07
88 1.47616e-07
89 1.47616e-07
90 1.47616e-07
91 1.47616e-07
92 1.47616e-07
93 1.47616e-07
94 1.47616e-07
95 1.47616e-07
96 1.47616e-07
97 1.47616e-07
98 1.47616e-07
99 1.47616e-07
100 1.47616e-07
101 1.47616e-07
102 1.47616e-07
103 1.47616e-07
104 1.47616e-07
105 1.47616e-07
106 1.47616e-07
107 1.47616e-07
108 1.47616e-07
109 1.47616e-07
110 1.47616e-07
111 1.47616e-07
112 1.47616e-07
113 1.47616e-07
114 1.47616e-07
115 1.47616e-07
116 1.47616e-07
117 1.47616e-07
118 1.47616e-07
119 1.47616e-07
120 1.47616e-07
121 1.47616e-07
122 1.47616e-07
123 1.47616e-07
124 1.47616e-07
125 1.47616e-07
126 1.47616e-07
127 1.47616e-07
128 1.47616e-07
129 1.47616e-07
130 1.47616e-07
131 1.47616e-07
132 1.47616e-07
133 1.47616e-07
134 1.47616e-07
135 1.47616e-07
136 1.47616e-07
137 1.47616e-07
138 1.47616e-07
139 1.47616e-07
140 1.47616e-07
141 1.47616e-07
142 1.47616e-07
143 1.47616e-07
144 1.47616e-07
145 1.47616e-07
146 1.47616e-07
147 1.47616e-07
148 1.47616e-07
149 1.47616e-07
150 1.47616e-07
151 1.47616e-07
152 1.47616e-07
153 1.47616e-07
154 1.47616e-07
155 1.47616e-07
156 1.47616e-07
157 1.47616e-07
158 1.47616e-07
159 1.47616e-07
160 1.47616e-07
161 1.47616e-07
162 1.47616e-07
163 1.47616e-07
164 1.47616e-07
165 1.47616e-07
166 1.47616e-07
167 1.47616e-07
168 1.47616e-07
169 1.47616e-07
170 1.47616e-07
171 1.47616e-07
172 1.47616e-07
173 1.47616e-07
174 1.47616e-07
175 1.47616e-07
176 1.47616e-07
177 1.47616e-07
178 1.47616e-07
179 1.47616e-07
180 1.47616e-07
181 1.47616e-07
182 1.47616e-07
183 1.47616e-07
184 1.47616e-07
185 1.47616e-07
186 1.47616e-07
187 1.47616e-07
188 1.47616e-07
189 1.47616e-07
190 1.47616e-07
191 1.47616e-07
192 1.47616e-07
193 1.47616e-07
194 1.47616e-07
195 1.47616e-07
196 1.47616e-07
197 1.47616e-07
198 1.47616e-07
199 1.47616e-07
200 1.47616e-07
201 1.47616e-07
202 1.47616e-07
203 1.47616e-07
204 1.47616e-07
205 1.47616e-07
206 1.47616e-07
207 1.47616e-07
208 1.47616e-07
209 1.47616e-07
210 1.47616e-07
211 1.47616e-07
212 1.47616e-07
213 1.47616e-07
214 1.47616e-07
215 1.47616e-07
216 1.47616e-07
217 1.47616e-07
218 1.47616e-07
219 1.47616e-07
220 1.47616e-07
221 1.47616e-07
222 1.47616e-07
223 1.47616e-07
224 1.47616e-07
225 1.47616e-07
226 1.47616e-07
227 1.47616e-07
228 1.47616e-07
229 1.47616e-07
230 1.47616e-07
231 1.47616e-07
232 1.47616e-07
233 1.47616e-07
234 1.47616e-07
235 1.47616e-07
236 1.47616e-07
237 1.47616e-07
238 1.47616e-07
239 1.47616e-07
240 1.47616e-07
241 1.47616e-07
242 1.47616e-07
243 1.60905e-07
244 2.21981e-07
245 3.84444e-07
246 8.61508e-07
247 2.15349e-06
248 5.658e-06
249 1.55349e-05
250 4.47252e-05
251 0.000135482
252 0.000188831
253 0.000219866
254 0.000328039
255 0.000391325
256 0.000613577
257 0.0007439
258 0.000807588
259 0.00108067
260 0.00203541
261 0.00529074
262 0.00730033
263 0.00852069
264 0.0125764
265 0.0149495
266 0.0162805
267 0.0169586
268 0.0171819
269 0.0169659
270 0.0173624
271 0.0172358
272 0.0164695
273 0.0164686
274 0.0172355
275 0.017394
276 0.0170912
277 0.0162652
278 0.0146782
279 0.0118938
280 0.0072063
281 0.0058177
282 0.00354569
283 0.00289188
284 0.00181272
285 0.00150263
286 0.00143104
287 0.00127801
288 0.00101257
289 0.000570232
290 0.000438405
291 0.000221572
292 0.00015705
293 4.96208e-05
294 1.62635e-05
295 5.53965e-06
296 1.96863e-06
297 7.4436e-07
298 3.21962e-07
299 1.92028e-07
300 1.5224e-07
301 1.47616e-07
302 1.47616e-07
303 1.47616e-07
304 1.47616e-07
305 1.47616e-07
306 1.47616e-07
307 1.47616e-07
308 1.47616e-07
309 1.47616e-07
310 1.47616e-07
311 1.47616e-07
312 1.47616e-07
313 1.47616e-07
314 1.47616e-07
315 1.47616e-07
316 1.47616e-07
317 1.47616e-07
318 1.47616e-07
319 1.47616e-07
320 1.47616e-07
321 1.47616e-07
322 1.47616e-07
323 1.47616e-07
324 1.47616e-07
325 1.47616e-07
326 1.47616e-07
327 1.47616e-07
328 1.47616e-07
329 1.47616e-07
330 1.47616e-07
331 1.47616e-07
332 1.47616e-07
333 1.47616e-07
334 1.47616e-07
335 1.47616e-07
336 1.47616e-07
337 1.47616e-07
338 1.47616e-07
339 1.47616e-07
340 1.47616e-07
341 1.47616e-07
342 1.47616e-07
343 1.47616e-07
344 1.47616e-07
345 1.47616e-07
346 1.47616e-07
347 1.47616e-07
348 1.47616e-07
349 1.47616e-07
350 1.47616e-07
351 1.47616e-07
352 1.47616e-07
353 1.47616e-07
354 1.47616e-07
355 1.47616e-07
356 1.47616e-07
357 1.47616e-07
358 1.47616e-07
359 1.47616e-07
360 1.47616e-07
361 1.47616e-07
362 1.47616e-07
363 1.47616e-07
364 1.47616e-07
365 1.47616e-07
366 1.47616e-07
367 1.47616e-07
368 1.47616e-07
369 1.47616e-07
370 1.47616e-07
371 1.47616e-07
372 1.47616e-07
373 1.47616e-07
374 1.47616e-07
375 1.47616e-07
376 1.47616e-07
377 1.47616e-07
378 1.47616e-07
379 1.47616e-07
380 1.47616e-07
381 1.47616e-07
382 1.47616e-07
383 1.47616e-07
384 1.47616e-07
385 1.47616e-07
386 1.47616e-07
387 1.47616e-07
388 1.47616e-07
389 1.47616e-07
390 1.47616e-07
391 1.47616e-07
392 1.47616e-07
393 1.47616e-07
394 1.47616e-07
395 1.47616e-07
396 1.47616e-07
397 1.47616e-07
398 1.47616e-07
399 1.47616e-07
400 1.47616e-07
401 1.47616e-07
402 1.47616e-07
403 1.47616e-07
404 1.47616e-07
405 1.47616e-07
406 1.47616e-07
407 1.47616e-07
408 1.47616e-07
409 1.47616e-07
410 1.47616e-07
411 1.47616e-07
412 1.47616e-07
413 1.47616e-07
414 1.47616e-07
415 1.47616e-07
416 1.47616e-07
417 1.47616e-07
418 1.47616e-07
419 1.47616e-07
420 1.47616e-07
421 1.47616e-07
422 1.47616e-07
423 1.47616e-07
424 1.47616e-07
425 1.47616e-07
426 1.47616e-07
427 1.47616e-07
428 1.47616e-07
429 1.47616e-07
430 1.47616e-07
431 1.47616e-07
432 1.47616e-07
433 1.47616e-07
434 1.47616e-07
435 1.47616e-07
436 1.47616e-07
437 1.47616e-07
438 1.47616e-07
439 1.47616e-07
440 1.47616e-07
441 1.47616e-07
442 1.47616e-07
443 1.47616e-07
444 1.47616e-07
445 1.47616e-07
446 1.47616e-07
447 1.47616e-07
448 1.47616e-07
449 1.47616e-07
450 1.47616e-07
451 1.47616e-07
452 1.47616e-07
453 1.47616e-07
454 1.47616e-07
455 1.47616e-07
456 1.47616e-07
457 1.47616e-07
458 1.47616e-07
459 1.47616e-07
460 1.47616e-07
461 1.47616e-07
462 1.47616e-07
463 1.47616e-07
464 1.47616e-07
465 1.47616e-07
466 1.47616e-07
467 1.47616e-07
468 1.47616e-07
469 1.47616e-07
470 1.47616e-07
471 1.47616e-07
472 1.47616e-07
473 1.47616e-07
474 1.47616e-07
475 1.47616e-07
476 1.47616e-07
477 1.47616e-07
478 1.47616e-07
479 1.47616e-07
480 1.47616e-07
481 1.47616e-07
482 1.47616e-07
483 1.47616e-07
484 1.47616e-07
485 1.47616e-07
486 1.47616e-07
487 1.47616e-07
488 1.47616e-07
489 1.47616e-07
490 1.47616e-07
491 1.47616e-07
492 1.47616e-07
493 1.47616e-07
494 1.47616e-07
495 1.47616e-07
496 1.47616e-07
497 1.47616e-07
498 1.47616e-07
499 1.47616e-07
500 1.47616e-07
501 1.47616e-07
502 1.47616e-07
503 1.47616e-07
504 1.47616e-07
505 1.47616e-07
506 1.47616e-07
507 1.47616e-07
508 1.47616e-07
509 1.47616e-07
510 1.47616e-07
511 1.47616e-07
512 1.47616e-07
513 1.47616e-07
514 1.47616e-07
515 1.47616e-07
516 1.47616e-07
517 1.47616e-07
518 1.47616e-07
519 1.47616e-07
520 1.47616e-07
521 1.47616e-07
522 1.47616e-07
523 1.47616e-07
524 1.47616e-07
525 1.47616e-07
526 1.47616e-07
527 1.47616e-07
528 1.47616e-07
529 1.47616e-07
530 1.47616e-07
531 1.47616e-07
532 1.47616e-07
533 1.47616e-07
534 1.47616e-07
535 1.47616e-07
536 1.47616e-07
537 1.47616e-07
538 1.47616e-07
539 1.47616e-07
540 1.47616e-07
541 1.47616e-07
542 1.47616e-07
