1 5.12742e-09
2 5.12742e-09
3 5.12742e-09
4 5.12742e-09
5 5.12742e-09
6 5.12742e-09
7 5.12742e-09
8 5.12742e-09
9 5.12742e-09
10 5.12742e-09
11 5.12742e-09
12 5.12742e-09
13 5.12742e-09
14 5.12742e-09
15 5.12742e-09
16 5.12742e-09
17 5.12742e-09
18 5.12742e-09
19 5.12742e-09
20 5.12742e-09
21 5.12742e-09
22 5.12742e-09
23 5.12742e-09
24 5.12742e-09
25 5.12742e-09
26 5.12742e-09
27 5.12742e-09
28 5.12742e-09
29 5.12742e-09
30 5.12742e-09
31 5.12742e-09
32 5.12742e-09
33 5.12742e-09
34 5.12742e-09
35 5.12742e-09
36 5.12742e-09
37 5.12742e-09
38 5.12742e-09
39 5.12742e-09
40 5.12742e-09
41 5.12742e-09
42 5.12742e-09
43 5.12742e-09
44 5.12742e-09
45 5.12742e-09
46 5.12742e-09
47 5.12742e-09
48 5.12742e-09
49 5.12742e-09
50 5.12742e-09
51 5.12742e-09
52 5.12742e-09
53 5.12742e-09
54 5.12742e-09
55 5.12742e-09
56 5.12742e-09
57 5.12742e-09
58 5.12742e-09
59 5.12742e-09
60 5.12742e-09
61 5.12742e-09
62 5.12742e-09
63 5.12742e-09
64 5.12742e-09
65 5.12742e-09
66 5.12742e-09
67 5.12742e-09
68 5.12742e-09
69 5.12742e-09
70 5.12742e-09
71 5.12742e-09
72 5.12742e-09
73 5.12742e-09
74 5.12742e-09
75 5.12742e-09
76 5.12742e-09
77 5.12742e-09
78 5.12742e-09
79 5.12742e-09
80 5.12742e-09
81 5.12742e-09
82 5.12742e-09
83 5.12742e-09
84 5.12742e-09
85 5.12742e-09
86 5.12742e-09
87 5.12742e-09
88 5.12742e-09
89 5.12742e-09
90 5.12742e-09
91 5.12742e-09
92 5.12742e-09
93 5.12742e-09
94 5.12742e-09
95 5.12742e-09
96 5.12742e-09
97 5.12742e-09
98 5.12742e-09
99 5.12742e-09
100 5.12742e-09
101 5.12742e-09
102 5.12742e-09
103 5.12742e-09
104 5.12742e-09
105 5.12742e-09
106 5.12742e-09
107 5.12742e-09
108 5.12742e-09
109 5.12742e-09
110 5.12742e-09
111 5.12742e-09
112 5.12742e-09
113 5.12742e-09
114 5.12742e-09
115 5.12742e-09
116 5.12742e-09
117 5.12742e-09
118 5.12742e-09
119 5.12742e-09
120 5.12742e-09
121 5.12742e-09
122 5.12742e-09
123 5.12742e-09
124 5.12742e-09
125 5.12742e-09
126 5.12742e-09
127 5.12742e-09
128 5.12742e-09
129 5.12742e-09
130 5.12742e-09
131 5.12742e-09
132 5.12742e-09
133 5.12742e-09
134 5.12742e-09
135 5.12742e-09
136 5.12742e-09
137 5.12742e-09
138 5.12742e-09
139 5.12742e-09
140 5.12742e-09
141 5.12742e-09
142 5.12742e-09
143 5.12742e-09
144 5.12742e-09
145 5.12742e-09
146 5.12742e-09
147 5.12742e-09
148 5.12742e-09
149 5.12742e-09
150 5.12742e-09
151 5.12742e-09
152 5.12742e-09
153 5.12742e-09
154 5.12742e-09
155 5.12742e-09
156 5.12742e-09
157 5.12742e-09
158 5.12742e-09
159 5.12742e-09
160 5.12742e-09
161 5.12742e-09
162 5.12742e-09
163 5.12742e-09
164 5.12742e-09
165 5.12742e-09
166 5.12742e-09
167 5.12742e-09
168 5.12742e-09
169 5.12742e-09
170 5.12742e-09
171 5.12742e-09
172 5.12742e-09
173 5.12742e-09
174 5.12742e-09
175 5.12742e-09
176 5.12742e-09
177 5.12742e-09
178 5.12742e-09
179 5.12742e-09
180 5.12742e-09
181 5.12742e-09
182 5.12742e-09
183 5.12742e-09
184 5.12742e-09
185 5.12742e-09
186 5.12742e-09
187 5.12742e-09
188 5.12742e-09
189 5.12742e-09
190 5.12742e-09
191 5.12742e-09
192 5.12742e-09
193 5.12742e-09
194 5.12742e-09
195 5.12742e-09
196 5.12742e-09
197 5.12742e-09
198 5.12742e-09
199 5.12742e-09
200 5.12742e-09
201 5.12742e-09
202 5.12742e-09
203 5.12742e-09
204 5.12742e-09
205 5.12742e-09
206 5.12742e-09
207 5.12742e-09
208 5.12742e-09
209 5.12742e-09
210 5.12742e-09
211 5.12742e-09
212 5.12742e-09
213 5.12742e-09
214 5.12742e-09
215 5.12742e-09
216 5.12742e-09
217 5.12742e-09
218 5.12742e-09
219 5.12742e-09
220 5.12742e-09
221 5.12742e-09
222 5.12742e-09
223 5.12742e-09
224 5.12742e-09
225 5.12742e-09
226 5.12742e-09
227 5.12742e-09
228 5.12742e-09
229 5.12742e-09
230 5.12742e-09
231 5.35461e-09
232 7.34374e-09
233 1.48719e-08
234 4.03485e-08
235 1.19197e-07
236 3.50819e-07
237 1.01101e-06
238 2.84993e-06
239 7.86884e-06
240 2.13212e-05
241 5.68208e-05
242 0.000149295
243 0.000387605
244 0.000995998
245 0.00253503
246 0.00638869
247 0.015919
248 0.0391263
249 0.0945786
250 0.224135
251 0.519119
252 0.638431
253 0.685199
254 0.782154
255 0.81762
256 0.885988
257 0.909171
258 0.916723
259 0.929641
260 0.950822
261 0.984093
262 0.993241
263 0.995647
264 0.998962
265 0.999761
266 0.999946
267 0.999987
268 0.999996
269 0.999997
270 0.999999
271 1
272 0.999999
273 0.999999
274 0.999999
275 0.999997
276 0.999988
277 0.999949
278 0.999771
279 0.99901
280 0.995901
281 0.993681
282 0.985402
283 0.980013
284 0.961678
285 0.950774
286 0.944564
287 0.926009
288 0.872734
289 0.725354
290 0.65332
291 0.466569
292 0.380369
293 0.167471
294 0.0729651
295 0.0315367
296 0.0135353
297 0.00576491
298 0.00243174
299 0.00101291
300 0.000415273
301 0.000167046
302 6.57515e-05
303 2.52706e-05
304 9.46914e-06
305 3.45622e-06
306 1.22836e-06
307 4.25186e-07
308 1.43516e-07
309 4.80097e-08
310 1.71003e-08
311 7.92262e-09
312 5.35461e-09
313 5.12742e-09
314 5.12742e-09
315 5.12742e-09
316 5.12742e-09
317 5.12742e-09
318 5.12742e-09
319 5.12742e-09
320 5.12742e-09
321 5.12742e-09
322 5.12742e-09
323 5.12742e-09
324 5.12742e-09
325 5.12742e-09
326 5.12742e-09
327 5.12742e-09
328 5.12742e-09
329 5.12742e-09
330 5.12742e-09
331 5.12742e-09
332 5.12742e-09
333 5.12742e-09
334 5.12742e-09
335 5.12742e-09
336 5.12742e-09
337 5.12742e-09
338 5.12742e-09
339 5.12742e-09
340 5.12742e-09
341 5.12742e-09
342 5.12742e-09
343 5.12742e-09
344 5.12742e-09
345 5.12742e-09
346 5.12742e-09
347 5.12742e-09
348 5.12742e-09
349 5.12742e-09
350 5.12742e-09
351 5.12742e-09
352 5.12742e-09
353 5.12742e-09
354 5.12742e-09
355 5.12742e-09
356 5.12742e-09
357 5.12742e-09
358 5.12742e-09
359 5.12742e-09
360 5.12742e-09
361 5.12742e-09
362 5.12742e-09
363 5.12742e-09
364 5.12742e-09
365 5.12742e-09
366 5.12742e-09
367 5.12742e-09
368 5.12742e-09
369 5.12742e-09
370 5.12742e-09
371 5.12742e-09
372 5.12742e-09
373 5.12742e-09
374 5.12742e-09
375 5.12742e-09
376 5.12742e-09
377 5.12742e-09
378 5.12742e-09
379 5.12742e-09
380 5.12742e-09
381 5.12742e-09
382 5.12742e-09
383 5.12742e-09
384 5.12742e-09
385 5.12742e-09
386 5.12742e-09
387 5.12742e-09
388 5.12742e-09
389 5.12742e-09
390 5.12742e-09
391 5.12742e-09
392 5.12742e-09
393 5.12742e-09
394 5.12742e-09
395 5.12742e-09
396 5.12742e-09
397 5.12742e-09
398 5.12742e-09
399 5.12742e-09
400 5.12742e-09
401 5.12742e-09
402 5.12742e-09
403 5.12742e-09
404 5.12742e-09
405 5.12742e-09
406 5.12742e-09
407 5.12742e-09
408 5.12742e-09
409 5.12742e-09
410 5.12742e-09
411 5.12742e-09
412 5.12742e-09
413 5.12742e-09
414 5.12742e-09
415 5.12742e-09
416 5.12742e-09
417 5.12742e-09
418 5.12742e-09
419 5.12742e-09
420 5.12742e-09
421 5.12742e-09
422 5.12742e-09
423 5.12742e-09
424 5.12742e-09
425 5.12742e-09
426 5.12742e-09
427 5.12742e-09
428 5.12742e-09
429 5.12742e-09
430 5.12742e-09
431 5.12742e-09
432 5.12742e-09
433 5.12742e-09
434 5.12742e-09
435 5.12742e-09
436 5.12742e-09
437 5.12742e-09
438 5.12742e-09
439 5.12742e-09
440 5.12742e-09
441 5.12742e-09
442 5.12742e-09
443 5.12742e-09
444 5.12742e-09
445 5.12742e-09
446 5.12742e-09
447 5.12742e-09
448 5.12742e-09
449 5.12742e-09
450 5.12742e-09
451 5.12742e-09
452 5.12742e-09
453 5.12742e-09
454 5.12742e-09
455 5.12742e-09
456 5.12742e-09
457 5.12742e-09
458 5.12742e-09
459 5.12742e-09
460 5.12742e-09
461 5.12742e-09
462 5.12742e-09
463 5.12742e-09
464 5.12742e-09
465 5.12742e-09
466 5.12742e-09
467 5.12742e-09
468 5.12742e-09
469 5.12742e-09
470 5.12742e-09
471 5.12742e-09
472 5.12742e-09
473 5.12742e-09
474 5.12742e-09
475 5.12742e-09
476 5.12742e-09
477 5.12742e-09
478 5.12742e-09
479 5.12742e-09
480 5.12742e-09
481 5.12742e-09
482 5.12742e-09
483 5.12742e-09
484 5.12742e-09
485 5.12742e-09
486 5.12742e-09
487 5.12742e-09
488 5.12742e-09
489 5.12742e-09
490 5.12742e-09
491 5.12742e-09
492 5.12742e-09
493 5.12742e-09
494 5.12742e-09
495 5.12742e-09
496 5.12742e-09
497 5.12742e-09
498 5.12742e-09
499 5.12742e-09
500 5.12742e-09
501 5.12742e-09
502 5.12742e-09
503 5.12742e-09
504 5.12742e-09
505 5.12742e-09
506 5.12742e-09
507 5.12742e-09
508 5.12742e-09
509 5.12742e-09
510 5.12742e-09
511 5.12742e-09
512 5.12742e-09
513 5.12742e-09
514 5.12742e-09
515 5.12742e-09
516 5.12742e-09
517 5.12742e-09
518 5.12742e-09
519 5.12742e-09
520 5.12742e-09
521 5.12742e-09
522 5.12742e-09
523 5.12742e-09
524 5.12742e-09
525 5.12742e-09
526 5.12742e-09
527 5.12742e-09
528 5.12742e-09
529 5.12742e-09
530 5.12742e-09
531 5.12742e-09
532 5.12742e-09
533 5.12742e-09
534 5.12742e-09
535 5.12742e-09
536 5.12742e-09
537 5.12742e-09
538 5.12742e-09
539 5.12742e-09
540 5.12742e-09
541 5.12742e-09
542 5.12742e-09
