1 2.38293e-08
2 2.38293e-08
3 2.38293e-08
4 2.38293e-08
5 2.38293e-08
6 2.38293e-08
7 2.38293e-08
8 2.38293e-08
9 2.38293e-08
10 2.38293e-08
11 2.38293e-08
12 2.38293e-08
13 2.38293e-08
14 2.38293e-08
15 2.38293e-08
16 2.38293e-08
17 2.38293e-08
18 2.38293e-08
19 2.38293e-08
20 2.38293e-08
21 2.38293e-08
22 2.38293e-08
23 2.38293e-08
24 2.38293e-08
25 2.38293e-08
26 2.38293e-08
27 2.38293e-08
28 2.38293e-08
29 2.38293e-08
30 2.38293e-08
31 2.38293e-08
32 2.38293e-08
33 2.38293e-08
34 2.38293e-08
35 2.38293e-08
36 2.38293e-08
37 2.38293e-08
38 2.38293e-08
39 2.38293e-08
40 2.38293e-08
41 2.38293e-08
42 2.38293e-08
43 2.38293e-08
44 2.38293e-08
45 2.38293e-08
46 2.38293e-08
47 2.38293e-08
48 2.38293e-08
49 2.38293e-08
50 2.38293e-08
51 2.38293e-08
52 2.38293e-08
53 2.38293e-08
54 2.38293e-08
55 2.38293e-08
56 2.38293e-08
57 2.38293e-08
58 2.38293e-08
59 2.38293e-08
60 2.38293e-08
61 2.38293e-08
62 2.38293e-08
63 2.38293e-08
64 2.38293e-08
65 2.38293e-08
66 2.38293e-08
67 2.38293e-08
68 2.38293e-08
69 2.38293e-08
70 2.38293e-08
71 2.38293e-08
72 2.38293e-08
73 2.38293e-08
74 2.38293e-08
75 2.38293e-08
76 2.38293e-08
77 2.38293e-08
78 2.38293e-08
79 2.38293e-08
80 2.38293e-08
81 2.38293e-08
82 2.38293e-08
83 2.38293e-08
84 2.38293e-08
85 2.38293e-08
86 2.38293e-08
87 2.38293e-08
88 2.38293e-08
89 2.38293e-08
90 2.38293e-08
91 2.38293e-08
92 2.38293e-08
93 2.38293e-08
94 2.38293e-08
95 2.38293e-08
96 2.38293e-08
97 2.38293e-08
98 2.38293e-08
99 2.38293e-08
100 2.38293e-08
101 2.38293e-08
102 2.38293e-08
103 2.38293e-08
104 2.38293e-08
105 2.38293e-08
106 2.38293e-08
107 2.38293e-08
108 2.38293e-08
109 2.38293e-08
110 2.38293e-08
111 2.38293e-08
112 2.38293e-08
113 2.38293e-08
114 2.38293e-08
115 2.38293e-08
116 2.38293e-08
117 2.38293e-08
118 2.38293e-08
119 2.38293e-08
120 2.38293e-08
121 2.38293e-08
122 2.38293e-08
123 2.38293e-08
124 2.38293e-08
125 2.38293e-08
126 2.38293e-08
127 2.38293e-08
128 2.38293e-08
129 2.38293e-08
130 2.38293e-08
131 2.38293e-08
132 2.38293e-08
133 2.38293e-08
134 2.38293e-08
135 2.38293e-08
136 2.38293e-08
137 2.38293e-08
138 2.38293e-08
139 2.38293e-08
140 2.38293e-08
141 2.38293e-08
142 2.38293e-08
143 2.38293e-08
144 2.38293e-08
145 2.38293e-08
146 2.38293e-08
147 2.38293e-08
148 2.38293e-08
149 2.38293e-08
150 2.38293e-08
151 2.38293e-08
152 2.38293e-08
153 2.38293e-08
154 2.38293e-08
155 2.38293e-08
156 2.38293e-08
157 2.38293e-08
158 2.38293e-08
159 2.38293e-08
160 2.38293e-08
161 2.38293e-08
162 2.38293e-08
163 2.38293e-08
164 2.38293e-08
165 2.38293e-08
166 2.38293e-08
167 2.38293e-08
168 2.38293e-08
169 2.38293e-08
170 2.38293e-08
171 2.38293e-08
172 2.38293e-08
173 2.38293e-08
174 2.38293e-08
175 2.38293e-08
176 2.38293e-08
177 2.38293e-08
178 2.38293e-08
179 2.38293e-08
180 2.38293e-08
181 2.38293e-08
182 2.38293e-08
183 2.38293e-08
184 2.38293e-08
185 2.38293e-08
186 2.38293e-08
187 2.38293e-08
188 2.38293e-08
189 2.38293e-08
190 2.38293e-08
191 2.38293e-08
192 2.38293e-08
193 2.38293e-08
194 2.38293e-08
195 2.38293e-08
196 2.38293e-08
197 2.38293e-08
198 2.38293e-08
199 2.38293e-08
200 2.38293e-08
201 2.38293e-08
202 2.38293e-08
203 2.38293e-08
204 2.38293e-08
205 2.38293e-08
206 2.38293e-08
207 2.38293e-08
208 2.38293e-08
209 2.38293e-08
210 2.38293e-08
211 2.38293e-08
212 2.38293e-08
213 2.38293e-08
214 2.38293e-08
215 2.38293e-08
216 2.38293e-08
217 2.38293e-08
218 2.38293e-08
219 2.38293e-08
220 2.38293e-08
221 2.38293e-08
222 2.38293e-08
223 2.38293e-08
224 2.38293e-08
225 2.38293e-08
226 2.38293e-08
227 2.38293e-08
228 2.38293e-08
229 2.38293e-08
230 2.38293e-08
231 2.38293e-08
232 2.38293e-08
233 2.38293e-08
234 2.38293e-08
235 2.38293e-08
236 2.38293e-08
237 2.38293e-08
238 2.38293e-08
239 2.38293e-08
240 2.38293e-08
241 2.38293e-08
242 2.38293e-08
243 2.38293e-08
244 2.38293e-08
245 2.38293e-08
246 2.38293e-08
247 2.86427e-08
248 7.44082e-08
249 2.21558e-07
250 6.35049e-07
251 1.80086e-06
252 2.23118e-06
253 2.09377e-06
254 2.57789e-06
255 2.42514e-06
256 3.14623e-06
257 3.14949e-06
258 2.30953e-06
259 2.8701e-06
260 6.15975e-06
261 1.80213e-05
262 2.52008e-05
263 2.91909e-05
264 4.40886e-05
265 5.27936e-05
266 5.72582e-05
267 5.81856e-05
268 5.51288e-05
269 4.63504e-05
270 4.75168e-05
271 4.41706e-05
272 3.5284e-05
273 3.71793e-05
274 5.15804e-05
275 5.81997e-05
276 5.99028e-05
277 5.79845e-05
278 5.24893e-05
279 4.22557e-05
280 2.46743e-05
281 1.97624e-05
282 1.10345e-05
283 8.95649e-06
284 4.94253e-06
285 4.41011e-06
286 5.85431e-06
287 6.03771e-06
288 5.27284e-06
289 3.40148e-06
290 2.95976e-06
291 1.70667e-06
292 1.36393e-06
293 4.47071e-07
294 1.45696e-07
295 4.7411e-08
296 2.38293e-08
297 2.38293e-08
298 2.38293e-08
299 2.38293e-08
300 2.38293e-08
301 2.38293e-08
302 2.38293e-08
303 2.38293e-08
304 2.38293e-08
305 2.38293e-08
306 2.38293e-08
307 2.38293e-08
308 2.38293e-08
309 2.38293e-08
310 2.38293e-08
311 2.38293e-08
312 2.38293e-08
313 2.38293e-08
314 2.38293e-08
315 2.38293e-08
316 2.38293e-08
317 2.38293e-08
318 2.38293e-08
319 2.38293e-08
320 2.38293e-08
321 2.38293e-08
322 2.38293e-08
323 2.38293e-08
324 2.38293e-08
325 2.38293e-08
326 2.38293e-08
327 2.38293e-08
328 2.38293e-08
329 2.38293e-08
330 2.38293e-08
331 2.38293e-08
332 2.38293e-08
333 2.38293e-08
334 2.38293e-08
335 2.38293e-08
336 2.38293e-08
337 2.38293e-08
338 2.38293e-08
339 2.38293e-08
340 2.38293e-08
341 2.38293e-08
342 2.38293e-08
343 2.38293e-08
344 2.38293e-08
345 2.38293e-08
346 2.38293e-08
347 2.38293e-08
348 2.38293e-08
349 2.38293e-08
350 2.38293e-08
351 2.38293e-08
352 2.38293e-08
353 2.38293e-08
354 2.38293e-08
355 2.38293e-08
356 2.38293e-08
357 2.38293e-08
358 2.38293e-08
359 2.38293e-08
360 2.38293e-08
361 2.38293e-08
362 2.38293e-08
363 2.38293e-08
364 2.38293e-08
365 2.38293e-08
366 2.38293e-08
367 2.38293e-08
368 2.38293e-08
369 2.38293e-08
370 2.38293e-08
371 2.38293e-08
372 2.38293e-08
373 2.38293e-08
374 2.38293e-08
375 2.38293e-08
376 2.38293e-08
377 2.38293e-08
378 2.38293e-08
379 2.38293e-08
380 2.38293e-08
381 2.38293e-08
382 2.38293e-08
383 2.38293e-08
384 2.38293e-08
385 2.38293e-08
386 2.38293e-08
387 2.38293e-08
388 2.38293e-08
389 2.38293e-08
390 2.38293e-08
391 2.38293e-08
392 2.38293e-08
393 2.38293e-08
394 2.38293e-08
395 2.38293e-08
396 2.38293e-08
397 2.38293e-08
398 2.38293e-08
399 2.38293e-08
400 2.38293e-08
401 2.38293e-08
402 2.38293e-08
403 2.38293e-08
404 2.38293e-08
405 2.38293e-08
406 2.38293e-08
407 2.38293e-08
408 2.38293e-08
409 2.38293e-08
410 2.38293e-08
411 2.38293e-08
412 2.38293e-08
413 2.38293e-08
414 2.38293e-08
415 2.38293e-08
416 2.38293e-08
417 2.38293e-08
418 2.38293e-08
419 2.38293e-08
420 2.38293e-08
421 2.38293e-08
422 2.38293e-08
423 2.38293e-08
424 2.38293e-08
425 2.38293e-08
426 2.38293e-08
427 2.38293e-08
428 2.38293e-08
429 2.38293e-08
430 2.38293e-08
431 2.38293e-08
432 2.38293e-08
433 2.38293e-08
434 2.38293e-08
435 2.38293e-08
436 2.38293e-08
437 2.38293e-08
438 2.38293e-08
439 2.38293e-08
440 2.38293e-08
441 2.38293e-08
442 2.38293e-08
443 2.38293e-08
444 2.38293e-08
445 2.38293e-08
446 2.38293e-08
447 2.38293e-08
448 2.38293e-08
449 2.38293e-08
450 2.38293e-08
451 2.38293e-08
452 2.38293e-08
453 2.38293e-08
454 2.38293e-08
455 2.38293e-08
456 2.38293e-08
457 2.38293e-08
458 2.38293e-08
459 2.38293e-08
460 2.38293e-08
461 2.38293e-08
462 2.38293e-08
463 2.38293e-08
464 2.38293e-08
465 2.38293e-08
466 2.38293e-08
467 2.38293e-08
468 2.38293e-08
469 2.38293e-08
470 2.38293e-08
471 2.38293e-08
472 2.38293e-08
473 2.38293e-08
474 2.38293e-08
475 2.38293e-08
476 2.38293e-08
477 2.38293e-08
478 2.38293e-08
479 2.38293e-08
480 2.38293e-08
481 2.38293e-08
482 2.38293e-08
483 2.38293e-08
484 2.38293e-08
485 2.38293e-08
486 2.38293e-08
487 2.38293e-08
488 2.38293e-08
489 2.38293e-08
490 2.38293e-08
491 2.38293e-08
492 2.38293e-08
493 2.38293e-08
494 2.38293e-08
495 2.38293e-08
496 2.38293e-08
497 2.38293e-08
498 2.38293e-08
499 2.38293e-08
500 2.38293e-08
501 2.38293e-08
502 2.38293e-08
503 2.38293e-08
504 2.38293e-08
505 2.38293e-08
506 2.38293e-08
507 2.38293e-08
508 2.38293e-08
509 2.38293e-08
510 2.38293e-08
511 2.38293e-08
512 2.38293e-08
513 2.38293e-08
514 2.38293e-08
515 2.38293e-08
516 2.38293e-08
517 2.38293e-08
518 2.38293e-08
519 2.38293e-08
520 2.38293e-08
521 2.38293e-08
522 2.38293e-08
523 2.38293e-08
524 2.38293e-08
525 2.38293e-08
526 2.38293e-08
527 2.38293e-08
528 2.38293e-08
529 2.38293e-08
530 2.38293e-08
531 2.38293e-08
532 2.38293e-08
533 2.38293e-08
534 2.38293e-08
535 2.38293e-08
536 2.38293e-08
537 2.38293e-08
538 2.38293e-08
539 2.38293e-08
540 2.38293e-08
541 2.38293e-08
542 2.38293e-08
