1 4.54966e-09
2 4.54966e-09
3 4.54966e-09
4 4.54966e-09
5 4.54966e-09
6 4.54966e-09
7 4.54966e-09
8 4.54966e-09
9 4.54966e-09
10 4.54966e-09
11 4.54966e-09
12 4.54966e-09
13 4.54966e-09
14 4.54966e-09
15 4.54966e-09
16 4.54966e-09
17 4.54966e-09
18 4.54966e-09
19 4.54966e-09
20 4.54966e-09
21 4.54966e-09
22 4.54966e-09
23 4.54966e-09
24 4.54966e-09
25 4.54966e-09
26 4.54966e-09
27 4.54966e-09
28 4.54966e-09
29 4.54966e-09
30 4.54966e-09
31 4.54966e-09
32 4.54966e-09
33 4.54966e-09
34 4.54966e-09
35 4.54966e-09
36 4.54966e-09
37 4.54966e-09
38 4.54966e-09
39 4.54966e-09
40 4.54966e-09
41 4.54966e-09
42 4.54966e-09
43 4.54966e-09
44 4.54966e-09
45 4.54966e-09
46 4.54966e-09
47 4.54966e-09
48 4.54966e-09
49 4.54966e-09
50 4.54966e-09
51 4.54966e-09
52 4.54966e-09
53 4.54966e-09
54 4.54966e-09
55 4.54966e-09
56 4.54966e-09
57 4.54966e-09
58 4.54966e-09
59 4.54966e-09
60 4.54966e-09
61 4.54966e-09
62 4.54966e-09
63 4.54966e-09
64 4.54966e-09
65 4.54966e-09
66 4.54966e-09
67 4.54966e-09
68 4.54966e-09
69 4.54966e-09
70 4.54966e-09
71 4.54966e-09
72 4.54966e-09
73 4.54966e-09
74 4.54966e-09
75 4.54966e-09
76 4.54966e-09
77 4.54966e-09
78 4.54966e-09
79 4.54966e-09
80 4.54966e-09
81 4.54966e-09
82 4.54966e-09
83 4.54966e-09
84 4.54966e-09
85 4.54966e-09
86 4.54966e-09
87 4.54966e-09
88 4.54966e-09
89 4.54966e-09
90 4.54966e-09
91 4.54966e-09
92 4.54966e-09
93 4.54966e-09
94 4.54966e-09
95 4.54966e-09
96 4.54966e-09
97 4.54966e-09
98 4.54966e-09
99 4.54966e-09
100 4.54966e-09
101 4.54966e-09
102 4.54966e-09
103 4.54966e-09
104 4.54966e-09
105 4.54966e-09
106 4.54966e-09
107 4.54966e-09
108 4.54966e-09
109 4.54966e-09
110 4.54966e-09
111 4.54966e-09
112 4.54966e-09
113 4.54966e-09
114 4.54966e-09
115 4.54966e-09
116 4.54966e-09
117 4.54966e-09
118 4.54966e-09
119 4.54966e-09
120 4.54966e-09
121 4.54966e-09
122 4.54966e-09
123 4.54966e-09
124 4.54966e-09
125 4.54966e-09
126 4.54966e-09
127 4.54966e-09
128 4.54966e-09
129 4.54966e-09
130 4.54966e-09
131 4.54966e-09
132 4.54966e-09
133 4.54966e-09
134 4.54966e-09
135 4.54966e-09
136 4.54966e-09
137 4.54966e-09
138 4.54966e-09
139 4.54966e-09
140 4.54966e-09
141 4.54966e-09
142 4.54966e-09
143 4.54966e-09
144 4.54966e-09
145 4.54966e-09
146 4.54966e-09
147 4.54966e-09
148 4.54966e-09
149 4.54966e-09
150 4.54966e-09
151 4.54966e-09
152 4.54966e-09
153 4.54966e-09
154 4.54966e-09
155 4.54966e-09
156 4.54966e-09
157 4.54966e-09
158 4.54966e-09
159 4.54966e-09
160 4.54966e-09
161 4.54966e-09
162 4.54966e-09
163 4.54966e-09
164 4.54966e-09
165 4.54966e-09
166 4.54966e-09
167 4.54966e-09
168 4.54966e-09
169 4.54966e-09
170 4.54966e-09
171 4.54966e-09
172 4.54966e-09
173 4.54966e-09
174 4.54966e-09
175 4.54966e-09
176 4.54966e-09
177 4.54966e-09
178 4.54966e-09
179 4.54966e-09
180 4.54966e-09
181 4.54966e-09
182 4.54966e-09
183 4.54966e-09
184 4.54966e-09
185 4.54966e-09
186 4.54966e-09
187 4.54966e-09
188 4.54966e-09
189 4.54966e-09
190 4.54966e-09
191 4.54966e-09
192 4.54966e-09
193 4.54966e-09
194 4.54966e-09
195 4.54966e-09
196 4.54966e-09
197 4.54966e-09
198 4.54966e-09
199 4.54966e-09
200 4.54966e-09
201 4.54966e-09
202 4.54966e-09
203 4.54966e-09
204 4.54966e-09
205 4.54966e-09
206 4.54966e-09
207 4.54966e-09
208 4.54966e-09
209 4.54966e-09
210 4.54966e-09
211 4.54966e-09
212 4.54966e-09
213 4.54966e-09
214 4.54966e-09
215 4.54966e-09
216 4.54966e-09
217 4.54966e-09
218 4.54966e-09
219 4.54966e-09
220 4.54966e-09
221 4.54966e-09
222 4.54966e-09
223 4.54966e-09
224 4.54966e-09
225 4.54966e-09
226 4.54966e-09
227 4.54966e-09
228 4.54966e-09
229 4.54966e-09
230 4.54966e-09
231 4.54966e-09
232 4.54966e-09
233 4.54966e-09
234 4.54966e-09
235 4.54966e-09
236 4.54966e-09
237 4.88724e-09
238 7.29012e-09
239 1.74785e-08
240 4.78379e-08
241 1.38387e-07
242 4.16636e-07
243 1.30457e-06
244 4.21429e-06
245 1.38917e-05
246 4.62726e-05
247 0.0001548
248 0.000518795
249 0.00174155
250 0.00585926
251 0.019753
252 0.0283187
253 0.0335732
254 0.0510208
255 0.0614433
256 0.0947882
257 0.113809
258 0.124358
259 0.155464
260 0.244526
261 0.492495
262 0.615561
263 0.675325
264 0.831546
265 0.905281
266 0.939739
267 0.955517
268 0.962055
269 0.963055
270 0.970524
271 0.971651
272 0.966867
273 0.967947
274 0.975397
275 0.975976
276 0.970609
277 0.955482
278 0.919503
279 0.837247
280 0.654188
281 0.581841
282 0.430196
283 0.374011
284 0.263927
285 0.225816
286 0.213051
287 0.190362
288 0.15116
289 0.0850306
290 0.0650144
291 0.0322881
292 0.0225624
293 0.00675017
294 0.00202954
295 0.000612127
296 0.000184693
297 5.56361e-05
298 1.67375e-05
299 5.0466e-06
300 1.53552e-06
301 4.75565e-07
302 1.51048e-07
303 4.94944e-08
304 1.7104e-08
305 7.00581e-09
306 4.88724e-09
307 4.54966e-09
308 4.54966e-09
309 4.54966e-09
310 4.54966e-09
311 4.54966e-09
312 4.54966e-09
313 4.54966e-09
314 4.54966e-09
315 4.54966e-09
316 4.54966e-09
317 4.54966e-09
318 4.54966e-09
319 4.54966e-09
320 4.54966e-09
321 4.54966e-09
322 4.54966e-09
323 4.54966e-09
324 4.54966e-09
325 4.54966e-09
326 4.54966e-09
327 4.54966e-09
328 4.54966e-09
329 4.54966e-09
330 4.54966e-09
331 4.54966e-09
332 4.54966e-09
333 4.54966e-09
334 4.54966e-09
335 4.54966e-09
336 4.54966e-09
337 4.54966e-09
338 4.54966e-09
339 4.54966e-09
340 4.54966e-09
341 4.54966e-09
342 4.54966e-09
343 4.54966e-09
344 4.54966e-09
345 4.54966e-09
346 4.54966e-09
347 4.54966e-09
348 4.54966e-09
349 4.54966e-09
350 4.54966e-09
351 4.54966e-09
352 4.54966e-09
353 4.54966e-09
354 4.54966e-09
355 4.54966e-09
356 4.54966e-09
357 4.54966e-09
358 4.54966e-09
359 4.54966e-09
360 4.54966e-09
361 4.54966e-09
362 4.54966e-09
363 4.54966e-09
364 4.54966e-09
365 4.54966e-09
366 4.54966e-09
367 4.54966e-09
368 4.54966e-09
369 4.54966e-09
370 4.54966e-09
371 4.54966e-09
372 4.54966e-09
373 4.54966e-09
374 4.54966e-09
375 4.54966e-09
376 4.54966e-09
377 4.54966e-09
378 4.54966e-09
379 4.54966e-09
380 4.54966e-09
381 4.54966e-09
382 4.54966e-09
383 4.54966e-09
384 4.54966e-09
385 4.54966e-09
386 4.54966e-09
387 4.54966e-09
388 4.54966e-09
389 4.54966e-09
390 4.54966e-09
391 4.54966e-09
392 4.54966e-09
393 4.54966e-09
394 4.54966e-09
395 4.54966e-09
396 4.54966e-09
397 4.54966e-09
398 4.54966e-09
399 4.54966e-09
400 4.54966e-09
401 4.54966e-09
402 4.54966e-09
403 4.54966e-09
404 4.54966e-09
405 4.54966e-09
406 4.54966e-09
407 4.54966e-09
408 4.54966e-09
409 4.54966e-09
410 4.54966e-09
411 4.54966e-09
412 4.54966e-09
413 4.54966e-09
414 4.54966e-09
415 4.54966e-09
416 4.54966e-09
417 4.54966e-09
418 4.54966e-09
419 4.54966e-09
420 4.54966e-09
421 4.54966e-09
422 4.54966e-09
423 4.54966e-09
424 4.54966e-09
425 4.54966e-09
426 4.54966e-09
427 4.54966e-09
428 4.54966e-09
429 4.54966e-09
430 4.54966e-09
431 4.54966e-09
432 4.54966e-09
433 4.54966e-09
434 4.54966e-09
435 4.54966e-09
436 4.54966e-09
437 4.54966e-09
438 4.54966e-09
439 4.54966e-09
440 4.54966e-09
441 4.54966e-09
442 4.54966e-09
443 4.54966e-09
444 4.54966e-09
445 4.54966e-09
446 4.54966e-09
447 4.54966e-09
448 4.54966e-09
449 4.54966e-09
450 4.54966e-09
451 4.54966e-09
452 4.54966e-09
453 4.54966e-09
454 4.54966e-09
455 4.54966e-09
456 4.54966e-09
457 4.54966e-09
458 4.54966e-09
459 4.54966e-09
460 4.54966e-09
461 4.54966e-09
462 4.54966e-09
463 4.54966e-09
464 4.54966e-09
465 4.54966e-09
466 4.54966e-09
467 4.54966e-09
468 4.54966e-09
469 4.54966e-09
470 4.54966e-09
471 4.54966e-09
472 4.54966e-09
473 4.54966e-09
474 4.54966e-09
475 4.54966e-09
476 4.54966e-09
477 4.54966e-09
478 4.54966e-09
479 4.54966e-09
480 4.54966e-09
481 4.54966e-09
482 4.54966e-09
483 4.54966e-09
484 4.54966e-09
485 4.54966e-09
486 4.54966e-09
487 4.54966e-09
488 4.54966e-09
489 4.54966e-09
490 4.54966e-09
491 4.54966e-09
492 4.54966e-09
493 4.54966e-09
494 4.54966e-09
495 4.54966e-09
496 4.54966e-09
497 4.54966e-09
498 4.54966e-09
499 4.54966e-09
500 4.54966e-09
501 4.54966e-09
502 4.54966e-09
503 4.54966e-09
504 4.54966e-09
505 4.54966e-09
506 4.54966e-09
507 4.54966e-09
508 4.54966e-09
509 4.54966e-09
510 4.54966e-09
511 4.54966e-09
512 4.54966e-09
513 4.54966e-09
514 4.54966e-09
515 4.54966e-09
516 4.54966e-09
517 4.54966e-09
518 4.54966e-09
519 4.54966e-09
520 4.54966e-09
521 4.54966e-09
522 4.54966e-09
523 4.54966e-09
524 4.54966e-09
525 4.54966e-09
526 4.54966e-09
527 4.54966e-09
528 4.54966e-09
529 4.54966e-09
530 4.54966e-09
531 4.54966e-09
532 4.54966e-09
533 4.54966e-09
534 4.54966e-09
535 4.54966e-09
536 4.54966e-09
537 4.54966e-09
538 4.54966e-09
539 4.54966e-09
540 4.54966e-09
541 4.54966e-09
542 4.54966e-09
