1 2.81575e-09
2 2.81575e-09
3 2.81575e-09
4 2.81575e-09
5 2.81575e-09
6 2.81575e-09
7 2.81575e-09
8 2.81575e-09
9 2.81575e-09
10 2.81575e-09
11 2.81575e-09
12 2.81575e-09
13 2.81575e-09
14 2.81575e-09
15 2.81575e-09
16 2.81575e-09
17 2.81575e-09
18 2.81575e-09
19 2.81575e-09
20 2.81575e-09
21 2.81575e-09
22 2.81575e-09
23 2.81575e-09
24 2.81575e-09
25 2.81575e-09
26 2.81575e-09
27 2.81575e-09
28 2.81575e-09
29 2.81575e-09
30 2.81575e-09
31 2.81575e-09
32 2.81575e-09
33 2.81575e-09
34 2.81575e-09
35 2.81575e-09
36 2.81575e-09
37 2.81575e-09
38 2.81575e-09
39 2.81575e-09
40 2.81575e-09
41 2.81575e-09
42 2.81575e-09
43 2.81575e-09
44 2.81575e-09
45 2.81575e-09
46 2.81575e-09
47 2.81575e-09
48 2.81575e-09
49 2.81575e-09
50 2.81575e-09
51 2.81575e-09
52 2.81575e-09
53 2.81575e-09
54 2.81575e-09
55 2.81575e-09
56 2.81575e-09
57 2.81575e-09
58 2.81575e-09
59 2.81575e-09
60 2.81575e-09
61 2.81575e-09
62 2.81575e-09
63 2.81575e-09
64 2.81575e-09
65 2.81575e-09
66 2.81575e-09
67 2.81575e-09
68 2.81575e-09
69 2.81575e-09
70 2.81575e-09
71 2.81575e-09
72 2.81575e-09
73 2.81575e-09
74 2.81575e-09
75 2.81575e-09
76 2.81575e-09
77 2.81575e-09
78 2.81575e-09
79 2.81575e-09
80 2.81575e-09
81 2.81575e-09
82 2.81575e-09
83 2.81575e-09
84 2.81575e-09
85 2.81575e-09
86 2.81575e-09
87 2.81575e-09
88 2.81575e-09
89 2.81575e-09
90 2.81575e-09
91 2.81575e-09
92 2.81575e-09
93 2.81575e-09
94 2.81575e-09
95 2.81575e-09
96 2.81575e-09
97 2.81575e-09
98 2.81575e-09
99 2.81575e-09
100 2.81575e-09
101 2.81575e-09
102 2.81575e-09
103 2.81575e-09
104 2.81575e-09
105 2.81575e-09
106 2.81575e-09
107 2.81575e-09
108 2.81575e-09
109 2.81575e-09
110 2.81575e-09
111 2.81575e-09
112 2.81575e-09
113 2.81575e-09
114 2.81575e-09
115 2.81575e-09
116 2.81575e-09
117 2.81575e-09
118 2.81575e-09
119 2.81575e-09
120 2.81575e-09
121 2.81575e-09
122 2.81575e-09
123 2.81575e-09
124 2.81575e-09
125 2.81575e-09
126 2.81575e-09
127 2.81575e-09
128 2.81575e-09
129 2.81575e-09
130 2.81575e-09
131 2.81575e-09
132 2.81575e-09
133 2.81575e-09
134 2.81575e-09
135 2.81575e-09
136 2.81575e-09
137 2.81575e-09
138 2.81575e-09
139 2.81575e-09
140 2.81575e-09
141 2.81575e-09
142 2.81575e-09
143 2.81575e-09
144 2.81575e-09
145 2.81575e-09
146 2.81575e-09
147 2.81575e-09
148 2.81575e-09
149 2.81575e-09
150 2.81575e-09
151 2.81575e-09
152 2.81575e-09
153 2.81575e-09
154 2.81575e-09
155 2.81575e-09
156 2.81575e-09
157 2.81575e-09
158 2.81575e-09
159 2.81575e-09
160 2.81575e-09
161 2.81575e-09
162 2.81575e-09
163 2.81575e-09
164 2.81575e-09
165 2.81575e-09
166 2.81575e-09
167 2.81575e-09
168 2.81575e-09
169 2.81575e-09
170 2.81575e-09
171 2.81575e-09
172 2.81575e-09
173 2.81575e-09
174 2.81575e-09
175 2.81575e-09
176 2.81575e-09
177 2.81575e-09
178 2.81575e-09
179 2.81575e-09
180 2.81575e-09
181 2.81575e-09
182 2.81575e-09
183 2.81575e-09
184 2.81575e-09
185 2.81575e-09
186 2.81575e-09
187 2.81575e-09
188 2.81575e-09
189 2.81575e-09
190 2.81575e-09
191 2.81575e-09
192 2.81575e-09
193 2.81575e-09
194 2.81575e-09
195 2.81575e-09
196 2.81575e-09
197 2.81575e-09
198 2.81575e-09
199 2.81575e-09
200 2.81575e-09
201 2.81575e-09
202 2.81575e-09
203 2.81575e-09
204 2.81575e-09
205 2.81575e-09
206 2.81575e-09
207 2.81575e-09
208 2.81575e-09
209 2.81575e-09
210 2.81575e-09
211 2.81575e-09
212 2.81575e-09
213 2.81575e-09
214 2.81575e-09
215 2.81575e-09
216 2.81575e-09
217 2.81575e-09
218 2.81575e-09
219 2.81575e-09
220 2.81575e-09
221 2.81575e-09
222 2.81575e-09
223 2.81575e-09
224 2.81575e-09
225 2.81575e-09
226 2.81575e-09
227 2.81575e-09
228 2.81575e-09
229 2.81575e-09
230 2.81575e-09
231 2.81575e-09
232 2.81575e-09
233 2.81575e-09
234 2.81575e-09
235 2.81575e-09
236 2.81575e-09
237 3.45623e-09
238 7.89642e-09
239 2.42657e-08
240 7.8933e-08
241 2.60516e-07
242 8.66857e-07
243 2.89864e-06
244 9.71509e-06
245 3.26153e-05
246 0.000109683
247 0.000369335
248 0.00124317
249 0.00416943
250 0.0138732
251 0.0455758
252 0.0641447
253 0.0747695
254 0.107165
255 0.124731
256 0.175389
257 0.201384
258 0.214392
259 0.249226
260 0.340856
261 0.578694
262 0.69053
263 0.742781
264 0.875575
265 0.936821
266 0.964737
267 0.97719
268 0.982409
269 0.983889
270 0.988777
271 0.989662
272 0.987191
273 0.987328
274 0.989865
275 0.989293
276 0.985686
277 0.976443
278 0.954436
279 0.902561
280 0.780778
281 0.728911
282 0.609703
283 0.560582
284 0.452557
285 0.410337
286 0.394339
287 0.362234
288 0.299884
289 0.182652
290 0.143591
291 0.0744497
292 0.0526529
293 0.0158951
294 0.00475529
295 0.00141763
296 0.000423015
297 0.000126666
298 3.80725e-05
299 1.14703e-05
300 3.45653e-06
301 1.04043e-06
302 3.12981e-07
303 9.43738e-08
304 2.87427e-08
305 9.04828e-09
306 3.77904e-09
307 2.81575e-09
308 2.81575e-09
309 2.81575e-09
310 2.81575e-09
311 2.81575e-09
312 2.81575e-09
313 2.81575e-09
314 2.81575e-09
315 2.81575e-09
316 2.81575e-09
317 2.81575e-09
318 2.81575e-09
319 2.81575e-09
320 2.81575e-09
321 2.81575e-09
322 2.81575e-09
323 2.81575e-09
324 2.81575e-09
325 2.81575e-09
326 2.81575e-09
327 2.81575e-09
328 2.81575e-09
329 2.81575e-09
330 2.81575e-09
331 2.81575e-09
332 2.81575e-09
333 2.81575e-09
334 2.81575e-09
335 2.81575e-09
336 2.81575e-09
337 2.81575e-09
338 2.81575e-09
339 2.81575e-09
340 2.81575e-09
341 2.81575e-09
342 2.81575e-09
343 2.81575e-09
344 2.81575e-09
345 2.81575e-09
346 2.81575e-09
347 2.81575e-09
348 2.81575e-09
349 2.81575e-09
350 2.81575e-09
351 2.81575e-09
352 2.81575e-09
353 2.81575e-09
354 2.81575e-09
355 2.81575e-09
356 2.81575e-09
357 2.81575e-09
358 2.81575e-09
359 2.81575e-09
360 2.81575e-09
361 2.81575e-09
362 2.81575e-09
363 2.81575e-09
364 2.81575e-09
365 2.81575e-09
366 2.81575e-09
367 2.81575e-09
368 2.81575e-09
369 2.81575e-09
370 2.81575e-09
371 2.81575e-09
372 2.81575e-09
373 2.81575e-09
374 2.81575e-09
375 2.81575e-09
376 2.81575e-09
377 2.81575e-09
378 2.81575e-09
379 2.81575e-09
380 2.81575e-09
381 2.81575e-09
382 2.81575e-09
383 2.81575e-09
384 2.81575e-09
385 2.81575e-09
386 2.81575e-09
387 2.81575e-09
388 2.81575e-09
389 2.81575e-09
390 2.81575e-09
391 2.81575e-09
392 2.81575e-09
393 2.81575e-09
394 2.81575e-09
395 2.81575e-09
396 2.81575e-09
397 2.81575e-09
398 2.81575e-09
399 2.81575e-09
400 2.81575e-09
401 2.81575e-09
402 2.81575e-09
403 2.81575e-09
404 2.81575e-09
405 2.81575e-09
406 2.81575e-09
407 2.81575e-09
408 2.81575e-09
409 2.81575e-09
410 2.81575e-09
411 2.81575e-09
412 2.81575e-09
413 2.81575e-09
414 2.81575e-09
415 2.81575e-09
416 2.81575e-09
417 2.81575e-09
418 2.81575e-09
419 2.81575e-09
420 2.81575e-09
421 2.81575e-09
422 2.81575e-09
423 2.81575e-09
424 2.81575e-09
425 2.81575e-09
426 2.81575e-09
427 2.81575e-09
428 2.81575e-09
429 2.81575e-09
430 2.81575e-09
431 2.81575e-09
432 2.81575e-09
433 2.81575e-09
434 2.81575e-09
435 2.81575e-09
436 2.81575e-09
437 2.81575e-09
438 2.81575e-09
439 2.81575e-09
440 2.81575e-09
441 2.81575e-09
442 2.81575e-09
443 2.81575e-09
444 2.81575e-09
445 2.81575e-09
446 2.81575e-09
447 2.81575e-09
448 2.81575e-09
449 2.81575e-09
450 2.81575e-09
451 2.81575e-09
452 2.81575e-09
453 2.81575e-09
454 2.81575e-09
455 2.81575e-09
456 2.81575e-09
457 2.81575e-09
458 2.81575e-09
459 2.81575e-09
460 2.81575e-09
461 2.81575e-09
462 2.81575e-09
463 2.81575e-09
464 2.81575e-09
465 2.81575e-09
466 2.81575e-09
467 2.81575e-09
468 2.81575e-09
469 2.81575e-09
470 2.81575e-09
471 2.81575e-09
472 2.81575e-09
473 2.81575e-09
474 2.81575e-09
475 2.81575e-09
476 2.81575e-09
477 2.81575e-09
478 2.81575e-09
479 2.81575e-09
480 2.81575e-09
481 2.81575e-09
482 2.81575e-09
483 2.81575e-09
484 2.81575e-09
485 2.81575e-09
486 2.81575e-09
487 2.81575e-09
488 2.81575e-09
489 2.81575e-09
490 2.81575e-09
491 2.81575e-09
492 2.81575e-09
493 2.81575e-09
494 2.81575e-09
495 2.81575e-09
496 2.81575e-09
497 2.81575e-09
498 2.81575e-09
499 2.81575e-09
500 2.81575e-09
501 2.81575e-09
502 2.81575e-09
503 2.81575e-09
504 2.81575e-09
505 2.81575e-09
506 2.81575e-09
507 2.81575e-09
508 2.81575e-09
509 2.81575e-09
510 2.81575e-09
511 2.81575e-09
512 2.81575e-09
513 2.81575e-09
514 2.81575e-09
515 2.81575e-09
516 2.81575e-09
517 2.81575e-09
518 2.81575e-09
519 2.81575e-09
520 2.81575e-09
521 2.81575e-09
522 2.81575e-09
523 2.81575e-09
524 2.81575e-09
525 2.81575e-09
526 2.81575e-09
527 2.81575e-09
528 2.81575e-09
529 2.81575e-09
530 2.81575e-09
531 2.81575e-09
532 2.81575e-09
533 2.81575e-09
534 2.81575e-09
535 2.81575e-09
536 2.81575e-09
537 2.81575e-09
538 2.81575e-09
539 2.81575e-09
540 2.81575e-09
541 2.81575e-09
542 2.81575e-09
