1 5.47905e-08
2 5.47905e-08
3 5.47905e-08
4 5.47905e-08
5 5.47905e-08
6 5.47905e-08
7 5.47905e-08
8 5.47905e-08
9 5.47905e-08
10 5.47905e-08
11 5.47905e-08
12 5.47905e-08
13 5.47905e-08
14 5.47905e-08
15 5.47905e-08
16 5.47905e-08
17 5.47905e-08
18 5.47905e-08
19 5.47905e-08
20 5.47905e-08
21 5.47905e-08
22 5.47905e-08
23 5.47905e-08
24 5.47905e-08
25 5.47905e-08
26 5.47905e-08
27 5.47905e-08
28 5.47905e-08
29 5.47905e-08
30 5.47905e-08
31 5.47905e-08
32 5.47905e-08
33 5.47905e-08
34 5.47905e-08
35 5.47905e-08
36 5.47905e-08
37 5.47905e-08
38 5.47905e-08
39 5.47905e-08
40 5.47905e-08
41 5.47905e-08
42 5.47905e-08
43 5.47905e-08
44 5.47905e-08
45 5.47905e-08
46 5.47905e-08
47 5.47905e-08
48 5.47905e-08
49 5.47905e-08
50 5.47905e-08
51 5.47905e-08
52 5.47905e-08
53 5.47905e-08
54 5.47905e-08
55 5.47905e-08
56 5.47905e-08
57 5.47905e-08
58 5.47905e-08
59 5.47905e-08
60 5.47905e-08
61 5.47905e-08
62 5.47905e-08
63 5.47905e-08
64 5.47905e-08
65 5.47905e-08
66 5.47905e-08
67 5.47905e-08
68 5.47905e-08
69 5.47905e-08
70 5.47905e-08
71 5.47905e-08
72 5.47905e-08
73 5.47905e-08
74 5.47905e-08
75 5.47905e-08
76 5.47905e-08
77 5.47905e-08
78 5.47905e-08
79 5.47905e-08
80 5.47905e-08
81 5.47905e-08
82 5.47905e-08
83 5.47905e-08
84 5.47905e-08
85 5.47905e-08
86 5.47905e-08
87 5.47905e-08
88 5.47905e-08
89 5.47905e-08
90 5.47905e-08
91 5.47905e-08
92 5.47905e-08
93 5.47905e-08
94 5.47905e-08
95 5.47905e-08
96 5.47905e-08
97 5.47905e-08
98 5.47905e-08
99 5.47905e-08
100 5.47905e-08
101 5.47905e-08
102 5.47905e-08
103 5.47905e-08
104 5.47905e-08
105 5.47905e-08
106 5.47905e-08
107 5.47905e-08
108 5.47905e-08
109 5.47905e-08
110 5.47905e-08
111 5.47905e-08
112 5.47905e-08
113 5.47905e-08
114 5.47905e-08
115 5.47905e-08
116 5.47905e-08
117 5.47905e-08
118 5.47905e-08
119 5.47905e-08
120 5.47905e-08
121 5.47905e-08
122 5.47905e-08
123 5.47905e-08
124 5.47905e-08
125 5.47905e-08
126 5.47905e-08
127 5.47905e-08
128 5.47905e-08
129 5.47905e-08
130 5.47905e-08
131 5.47905e-08
132 5.47905e-08
133 5.47905e-08
134 5.47905e-08
135 5.47905e-08
136 5.47905e-08
137 5.47905e-08
138 5.47905e-08
139 5.47905e-08
140 5.47905e-08
141 5.47905e-08
142 5.47905e-08
143 5.47905e-08
144 5.47905e-08
145 5.47905e-08
146 5.47905e-08
147 5.47905e-08
148 5.47905e-08
149 5.47905e-08
150 5.47905e-08
151 5.47905e-08
152 5.47905e-08
153 5.47905e-08
154 5.47905e-08
155 5.47905e-08
156 5.47905e-08
157 5.47905e-08
158 5.47905e-08
159 5.47905e-08
160 5.47905e-08
161 5.47905e-08
162 5.47905e-08
163 5.47905e-08
164 5.47905e-08
165 5.47905e-08
166 5.47905e-08
167 5.47905e-08
168 5.47905e-08
169 5.47905e-08
170 5.47905e-08
171 5.47905e-08
172 5.47905e-08
173 5.47905e-08
174 5.47905e-08
175 5.47905e-08
176 5.47905e-08
177 5.47905e-08
178 5.47905e-08
179 5.47905e-08
180 5.47905e-08
181 5.47905e-08
182 5.47905e-08
183 5.47905e-08
184 5.47905e-08
185 5.47905e-08
186 5.47905e-08
187 5.47905e-08
188 5.47905e-08
189 5.47905e-08
190 5.47905e-08
191 5.47905e-08
192 5.47905e-08
193 5.47905e-08
194 5.47905e-08
195 5.47905e-08
196 5.47905e-08
197 5.47905e-08
198 5.47905e-08
199 5.47905e-08
200 5.47905e-08
201 5.47905e-08
202 5.47905e-08
203 5.47905e-08
204 5.47905e-08
205 5.47905e-08
206 5.47905e-08
207 5.47905e-08
208 5.47905e-08
209 5.47905e-08
210 5.47905e-08
211 5.47905e-08
212 5.47905e-08
213 5.47905e-08
214 5.47905e-08
215 5.47905e-08
216 5.47905e-08
217 5.47905e-08
218 5.47905e-08
219 5.47905e-08
220 5.47905e-08
221 5.47905e-08
222 5.47905e-08
223 5.47905e-08
224 5.47905e-08
225 5.47905e-08
226 5.47905e-08
227 5.47905e-08
228 5.47905e-08
229 5.47905e-08
230 5.47905e-08
231 5.47905e-08
232 5.47905e-08
233 5.47905e-08
234 5.47905e-08
235 5.47905e-08
236 5.47905e-08
237 5.55846e-08
238 5.91588e-08
239 6.92893e-08
240 9.91732e-08
241 1.80286e-07
242 4.09219e-07
243 1.07853e-06
244 3.12675e-06
245 9.65228e-06
246 3.10379e-05
247 0.000102206
248 0.000340451
249 0.00113894
250 0.00381573
251 0.012802
252 0.0183328
253 0.0217463
254 0.0332773
255 0.0403698
256 0.0640113
257 0.0781906
258 0.0865042
259 0.1126
260 0.19212
261 0.427251
262 0.55058
263 0.613393
264 0.784134
265 0.866995
266 0.906364
267 0.924434
268 0.93164
269 0.931959
270 0.94071
271 0.941635
272 0.934718
273 0.936146
274 0.947219
275 0.948662
276 0.941676
277 0.921579
278 0.875245
279 0.774483
280 0.56335
281 0.485314
282 0.332723
283 0.280096
284 0.18398
285 0.152907
286 0.143153
287 0.126746
288 0.0996918
289 0.0556052
290 0.0425315
291 0.0212908
292 0.0149462
293 0.00451281
294 0.00136229
295 0.000410278
296 0.000123351
297 3.71904e-05
298 1.1347e-05
299 3.55306e-06
300 1.16654e-06
301 4.17171e-07
302 1.74524e-07
303 9.38747e-08
304 6.63377e-08
305 5.74942e-08
306 5.50942e-08
307 5.47905e-08
308 5.47905e-08
309 5.47905e-08
310 5.47905e-08
311 5.47905e-08
312 5.47905e-08
313 5.47905e-08
314 5.47905e-08
315 5.47905e-08
316 5.47905e-08
317 5.47905e-08
318 5.47905e-08
319 5.47905e-08
320 5.47905e-08
321 5.47905e-08
322 5.47905e-08
323 5.47905e-08
324 5.47905e-08
325 5.47905e-08
326 5.47905e-08
327 5.47905e-08
328 5.47905e-08
329 5.47905e-08
330 5.47905e-08
331 5.47905e-08
332 5.47905e-08
333 5.47905e-08
334 5.47905e-08
335 5.47905e-08
336 5.47905e-08
337 5.47905e-08
338 5.47905e-08
339 5.47905e-08
340 5.47905e-08
341 5.47905e-08
342 5.47905e-08
343 5.47905e-08
344 5.47905e-08
345 5.47905e-08
346 5.47905e-08
347 5.47905e-08
348 5.47905e-08
349 5.47905e-08
350 5.47905e-08
351 5.47905e-08
352 5.47905e-08
353 5.47905e-08
354 5.47905e-08
355 5.47905e-08
356 5.47905e-08
357 5.47905e-08
358 5.47905e-08
359 5.47905e-08
360 5.47905e-08
361 5.47905e-08
362 5.47905e-08
363 5.47905e-08
364 5.47905e-08
365 5.47905e-08
366 5.47905e-08
367 5.47905e-08
368 5.47905e-08
369 5.47905e-08
370 5.47905e-08
371 5.47905e-08
372 5.47905e-08
373 5.47905e-08
374 5.47905e-08
375 5.47905e-08
376 5.47905e-08
377 5.47905e-08
378 5.47905e-08
379 5.47905e-08
380 5.47905e-08
381 5.47905e-08
382 5.47905e-08
383 5.47905e-08
384 5.47905e-08
385 5.47905e-08
386 5.47905e-08
387 5.47905e-08
388 5.47905e-08
389 5.47905e-08
390 5.47905e-08
391 5.47905e-08
392 5.47905e-08
393 5.47905e-08
394 5.47905e-08
395 5.47905e-08
396 5.47905e-08
397 5.47905e-08
398 5.47905e-08
399 5.47905e-08
400 5.47905e-08
401 5.47905e-08
402 5.47905e-08
403 5.47905e-08
404 5.47905e-08
405 5.47905e-08
406 5.47905e-08
407 5.47905e-08
408 5.47905e-08
409 5.47905e-08
410 5.47905e-08
411 5.47905e-08
412 5.47905e-08
413 5.47905e-08
414 5.47905e-08
415 5.47905e-08
416 5.47905e-08
417 5.47905e-08
418 5.47905e-08
419 5.47905e-08
420 5.47905e-08
421 5.47905e-08
422 5.47905e-08
423 5.47905e-08
424 5.47905e-08
425 5.47905e-08
426 5.47905e-08
427 5.47905e-08
428 5.47905e-08
429 5.47905e-08
430 5.47905e-08
431 5.47905e-08
432 5.47905e-08
433 5.47905e-08
434 5.47905e-08
435 5.47905e-08
436 5.47905e-08
437 5.47905e-08
438 5.47905e-08
439 5.47905e-08
440 5.47905e-08
441 5.47905e-08
442 5.47905e-08
443 5.47905e-08
444 5.47905e-08
445 5.47905e-08
446 5.47905e-08
447 5.47905e-08
448 5.47905e-08
449 5.47905e-08
450 5.47905e-08
451 5.47905e-08
452 5.47905e-08
453 5.47905e-08
454 5.47905e-08
455 5.47905e-08
456 5.47905e-08
457 5.47905e-08
458 5.47905e-08
459 5.47905e-08
460 5.47905e-08
461 5.47905e-08
462 5.47905e-08
463 5.47905e-08
464 5.47905e-08
465 5.47905e-08
466 5.47905e-08
467 5.47905e-08
468 5.47905e-08
469 5.47905e-08
470 5.47905e-08
471 5.47905e-08
472 5.47905e-08
473 5.47905e-08
474 5.47905e-08
475 5.47905e-08
476 5.47905e-08
477 5.47905e-08
478 5.47905e-08
479 5.47905e-08
480 5.47905e-08
481 5.47905e-08
482 5.47905e-08
483 5.47905e-08
484 5.47905e-08
485 5.47905e-08
486 5.47905e-08
487 5.47905e-08
488 5.47905e-08
489 5.47905e-08
490 5.47905e-08
491 5.47905e-08
492 5.47905e-08
493 5.47905e-08
494 5.47905e-08
495 5.47905e-08
496 5.47905e-08
497 5.47905e-08
498 5.47905e-08
499 5.47905e-08
500 5.47905e-08
501 5.47905e-08
502 5.47905e-08
503 5.47905e-08
504 5.47905e-08
505 5.47905e-08
506 5.47905e-08
507 5.47905e-08
508 5.47905e-08
509 5.47905e-08
510 5.47905e-08
511 5.47905e-08
512 5.47905e-08
513 5.47905e-08
514 5.47905e-08
515 5.47905e-08
516 5.47905e-08
517 5.47905e-08
518 5.47905e-08
519 5.47905e-08
520 5.47905e-08
521 5.47905e-08
522 5.47905e-08
523 5.47905e-08
524 5.47905e-08
525 5.47905e-08
526 5.47905e-08
527 5.47905e-08
528 5.47905e-08
529 5.47905e-08
530 5.47905e-08
531 5.47905e-08
532 5.47905e-08
533 5.47905e-08
534 5.47905e-08
535 5.47905e-08
536 5.47905e-08
537 5.47905e-08
538 5.47905e-08
539 5.47905e-08
540 5.47905e-08
541 5.47905e-08
542 5.47905e-08
