1 3.79909e-08
2 3.79909e-08
3 3.79909e-08
4 3.79909e-08
5 3.79909e-08
6 3.79909e-08
7 3.79909e-08
8 3.79909e-08
9 3.79909e-08
10 3.79909e-08
11 3.79909e-08
12 3.79909e-08
13 3.79909e-08
14 3.79909e-08
15 3.79909e-08
16 3.79909e-08
17 3.79909e-08
18 3.79909e-08
19 3.79909e-08
20 3.79909e-08
21 3.79909e-08
22 3.79909e-08
23 3.79909e-08
24 3.79909e-08
25 3.79909e-08
26 3.79909e-08
27 3.79909e-08
28 3.79909e-08
29 3.79909e-08
30 3.79909e-08
31 3.79909e-08
32 3.79909e-08
33 3.79909e-08
34 3.79909e-08
35 3.79909e-08
36 3.79909e-08
37 3.79909e-08
38 3.79909e-08
39 3.79909e-08
40 3.79909e-08
41 3.79909e-08
42 3.79909e-08
43 3.79909e-08
44 3.79909e-08
45 3.79909e-08
46 3.79909e-08
47 3.79909e-08
48 3.79909e-08
49 3.79909e-08
50 3.79909e-08
51 3.79909e-08
52 3.79909e-08
53 3.79909e-08
54 3.79909e-08
55 3.79909e-08
56 3.79909e-08
57 3.79909e-08
58 3.79909e-08
59 3.79909e-08
60 3.79909e-08
61 3.79909e-08
62 3.79909e-08
63 3.79909e-08
64 3.79909e-08
65 3.79909e-08
66 3.79909e-08
67 3.79909e-08
68 3.79909e-08
69 3.79909e-08
70 3.79909e-08
71 3.79909e-08
72 3.79909e-08
73 3.79909e-08
74 3.79909e-08
75 3.79909e-08
76 3.79909e-08
77 3.79909e-08
78 3.79909e-08
79 3.79909e-08
80 3.79909e-08
81 3.79909e-08
82 3.79909e-08
83 3.79909e-08
84 3.79909e-08
85 3.79909e-08
86 3.79909e-08
87 3.79909e-08
88 3.79909e-08
89 3.79909e-08
90 3.79909e-08
91 3.79909e-08
92 3.79909e-08
93 3.79909e-08
94 3.79909e-08
95 3.79909e-08
96 3.79909e-08
97 3.79909e-08
98 3.79909e-08
99 3.79909e-08
100 3.79909e-08
101 3.79909e-08
102 3.79909e-08
103 3.79909e-08
104 3.79909e-08
105 3.79909e-08
106 3.79909e-08
107 3.79909e-08
108 3.79909e-08
109 3.79909e-08
110 3.79909e-08
111 3.79909e-08
112 3.79909e-08
113 3.79909e-08
114 3.79909e-08
115 3.79909e-08
116 3.79909e-08
117 3.79909e-08
118 3.79909e-08
119 3.79909e-08
120 3.79909e-08
121 3.79909e-08
122 3.79909e-08
123 3.79909e-08
124 3.79909e-08
125 3.79909e-08
126 3.79909e-08
127 3.79909e-08
128 3.79909e-08
129 3.79909e-08
130 3.79909e-08
131 3.79909e-08
132 3.79909e-08
133 3.79909e-08
134 3.79909e-08
135 3.79909e-08
136 3.79909e-08
137 3.79909e-08
138 3.79909e-08
139 3.79909e-08
140 3.79909e-08
141 3.79909e-08
142 3.79909e-08
143 3.79909e-08
144 3.79909e-08
145 3.79909e-08
146 3.79909e-08
147 3.79909e-08
148 3.79909e-08
149 3.79909e-08
150 3.79909e-08
151 3.79909e-08
152 3.79909e-08
153 3.79909e-08
154 3.79909e-08
155 3.79909e-08
156 3.79909e-08
157 3.79909e-08
158 3.79909e-08
159 3.79909e-08
160 3.79909e-08
161 3.79909e-08
162 3.79909e-08
163 3.79909e-08
164 3.79909e-08
165 3.79909e-08
166 3.79909e-08
167 3.79909e-08
168 3.79909e-08
169 3.79909e-08
170 3.79909e-08
171 3.79909e-08
172 3.79909e-08
173 3.79909e-08
174 3.79909e-08
175 3.79909e-08
176 3.79909e-08
177 3.79909e-08
178 3.79909e-08
179 3.79909e-08
180 3.79909e-08
181 3.79909e-08
182 3.79909e-08
183 3.79909e-08
184 3.79909e-08
185 3.79909e-08
186 3.79909e-08
187 3.79909e-08
188 3.79909e-08
189 3.79909e-08
190 3.79909e-08
191 3.79909e-08
192 3.79909e-08
193 3.79909e-08
194 3.79909e-08
195 3.79909e-08
196 3.79909e-08
197 3.79909e-08
198 3.79909e-08
199 3.79909e-08
200 3.79909e-08
201 3.79909e-08
202 3.79909e-08
203 3.79909e-08
204 3.79909e-08
205 3.79909e-08
206 3.79909e-08
207 3.79909e-08
208 3.79909e-08
209 3.79909e-08
210 3.79909e-08
211 3.79909e-08
212 3.79909e-08
213 3.79909e-08
214 3.79909e-08
215 3.79909e-08
216 3.79909e-08
217 3.79909e-08
218 3.79909e-08
219 3.79909e-08
220 3.79909e-08
221 3.79909e-08
222 3.79909e-08
223 3.79909e-08
224 3.79909e-08
225 3.79909e-08
226 3.79909e-08
227 3.79909e-08
228 3.79909e-08
229 3.79909e-08
230 3.79909e-08
231 3.79909e-08
232 3.79909e-08
233 3.79909e-08
234 3.79909e-08
235 3.79909e-08
236 3.79909e-08
237 3.79909e-08
238 3.79909e-08
239 3.79909e-08
240 3.79909e-08
241 3.79909e-08
242 3.79909e-08
243 3.79909e-08
244 3.79909e-08
245 3.79909e-08
246 3.79909e-08
247 6.09737e-08
248 1.54485e-07
249 4.12439e-07
250 1.14447e-06
251 3.11645e-06
252 3.91066e-06
253 3.87881e-06
254 4.84393e-06
255 4.80349e-06
256 6.45589e-06
257 6.84666e-06
258 5.76854e-06
259 7.41166e-06
260 1.5175e-05
261 4.22677e-05
262 5.86067e-05
263 6.79837e-05
264 0.000101777
265 0.00012203
266 0.000133221
267 0.000137149
268 0.000133231
269 0.000118085
270 0.000121721
271 0.000115435
272 9.68014e-05
273 9.97374e-05
274 0.00012609
275 0.000137037
276 0.000138443
277 0.000132679
278 0.000119538
279 9.63799e-05
280 5.74902e-05
281 4.64449e-05
282 2.70273e-05
283 2.20259e-05
284 1.26308e-05
285 1.08527e-05
286 1.27411e-05
287 1.24851e-05
288 1.05846e-05
289 6.69323e-06
290 5.67666e-06
291 3.28857e-06
292 2.57065e-06
293 8.82843e-07
294 2.97129e-07
295 1.07063e-07
296 4.69793e-08
297 3.79909e-08
298 3.79909e-08
299 3.79909e-08
300 3.79909e-08
301 3.79909e-08
302 3.79909e-08
303 3.79909e-08
304 3.79909e-08
305 3.79909e-08
306 3.79909e-08
307 3.79909e-08
308 3.79909e-08
309 3.79909e-08
310 3.79909e-08
311 3.79909e-08
312 3.79909e-08
313 3.79909e-08
314 3.79909e-08
315 3.79909e-08
316 3.79909e-08
317 3.79909e-08
318 3.79909e-08
319 3.79909e-08
320 3.79909e-08
321 3.79909e-08
322 3.79909e-08
323 3.79909e-08
324 3.79909e-08
325 3.79909e-08
326 3.79909e-08
327 3.79909e-08
328 3.79909e-08
329 3.79909e-08
330 3.79909e-08
331 3.79909e-08
332 3.79909e-08
333 3.79909e-08
334 3.79909e-08
335 3.79909e-08
336 3.79909e-08
337 3.79909e-08
338 3.79909e-08
339 3.79909e-08
340 3.79909e-08
341 3.79909e-08
342 3.79909e-08
343 3.79909e-08
344 3.79909e-08
345 3.79909e-08
346 3.79909e-08
347 3.79909e-08
348 3.79909e-08
349 3.79909e-08
350 3.79909e-08
351 3.79909e-08
352 3.79909e-08
353 3.79909e-08
354 3.79909e-08
355 3.79909e-08
356 3.79909e-08
357 3.79909e-08
358 3.79909e-08
359 3.79909e-08
360 3.79909e-08
361 3.79909e-08
362 3.79909e-08
363 3.79909e-08
364 3.79909e-08
365 3.79909e-08
366 3.79909e-08
367 3.79909e-08
368 3.79909e-08
369 3.79909e-08
370 3.79909e-08
371 3.79909e-08
372 3.79909e-08
373 3.79909e-08
374 3.79909e-08
375 3.79909e-08
376 3.79909e-08
377 3.79909e-08
378 3.79909e-08
379 3.79909e-08
380 3.79909e-08
381 3.79909e-08
382 3.79909e-08
383 3.79909e-08
384 3.79909e-08
385 3.79909e-08
386 3.79909e-08
387 3.79909e-08
388 3.79909e-08
389 3.79909e-08
390 3.79909e-08
391 3.79909e-08
392 3.79909e-08
393 3.79909e-08
394 3.79909e-08
395 3.79909e-08
396 3.79909e-08
397 3.79909e-08
398 3.79909e-08
399 3.79909e-08
400 3.79909e-08
401 3.79909e-08
402 3.79909e-08
403 3.79909e-08
404 3.79909e-08
405 3.79909e-08
406 3.79909e-08
407 3.79909e-08
408 3.79909e-08
409 3.79909e-08
410 3.79909e-08
411 3.79909e-08
412 3.79909e-08
413 3.79909e-08
414 3.79909e-08
415 3.79909e-08
416 3.79909e-08
417 3.79909e-08
418 3.79909e-08
419 3.79909e-08
420 3.79909e-08
421 3.79909e-08
422 3.79909e-08
423 3.79909e-08
424 3.79909e-08
425 3.79909e-08
426 3.79909e-08
427 3.79909e-08
428 3.79909e-08
429 3.79909e-08
430 3.79909e-08
431 3.79909e-08
432 3.79909e-08
433 3.79909e-08
434 3.79909e-08
435 3.79909e-08
436 3.79909e-08
437 3.79909e-08
438 3.79909e-08
439 3.79909e-08
440 3.79909e-08
441 3.79909e-08
442 3.79909e-08
443 3.79909e-08
444 3.79909e-08
445 3.79909e-08
446 3.79909e-08
447 3.79909e-08
448 3.79909e-08
449 3.79909e-08
450 3.79909e-08
451 3.79909e-08
452 3.79909e-08
453 3.79909e-08
454 3.79909e-08
455 3.79909e-08
456 3.79909e-08
457 3.79909e-08
458 3.79909e-08
459 3.79909e-08
460 3.79909e-08
461 3.79909e-08
462 3.79909e-08
463 3.79909e-08
464 3.79909e-08
465 3.79909e-08
466 3.79909e-08
467 3.79909e-08
468 3.79909e-08
469 3.79909e-08
470 3.79909e-08
471 3.79909e-08
472 3.79909e-08
473 3.79909e-08
474 3.79909e-08
475 3.79909e-08
476 3.79909e-08
477 3.79909e-08
478 3.79909e-08
479 3.79909e-08
480 3.79909e-08
481 3.79909e-08
482 3.79909e-08
483 3.79909e-08
484 3.79909e-08
485 3.79909e-08
486 3.79909e-08
487 3.79909e-08
488 3.79909e-08
489 3.79909e-08
490 3.79909e-08
491 3.79909e-08
492 3.79909e-08
493 3.79909e-08
494 3.79909e-08
495 3.79909e-08
496 3.79909e-08
497 3.79909e-08
498 3.79909e-08
499 3.79909e-08
500 3.79909e-08
501 3.79909e-08
502 3.79909e-08
503 3.79909e-08
504 3.79909e-08
505 3.79909e-08
506 3.79909e-08
507 3.79909e-08
508 3.79909e-08
509 3.79909e-08
510 3.79909e-08
511 3.79909e-08
512 3.79909e-08
513 3.79909e-08
514 3.79909e-08
515 3.79909e-08
516 3.79909e-08
517 3.79909e-08
518 3.79909e-08
519 3.79909e-08
520 3.79909e-08
521 3.79909e-08
522 3.79909e-08
523 3.79909e-08
524 3.79909e-08
525 3.79909e-08
526 3.79909e-08
527 3.79909e-08
528 3.79909e-08
529 3.79909e-08
530 3.79909e-08
531 3.79909e-08
532 3.79909e-08
533 3.79909e-08
534 3.79909e-08
535 3.79909e-08
536 3.79909e-08
537 3.79909e-08
538 3.79909e-08
539 3.79909e-08
540 3.79909e-08
541 3.79909e-08
542 3.79909e-08
