1 3.35303e-09
2 3.35303e-09
3 3.35303e-09
4 3.35303e-09
5 3.35303e-09
6 3.35303e-09
7 3.35303e-09
8 3.35303e-09
9 3.35303e-09
10 3.35303e-09
11 3.35303e-09
12 3.35303e-09
13 3.35303e-09
14 3.35303e-09
15 3.35303e-09
16 3.35303e-09
17 3.35303e-09
18 3.35303e-09
19 3.35303e-09
20 3.35303e-09
21 3.35303e-09
22 3.35303e-09
23 3.35303e-09
24 3.35303e-09
25 3.35303e-09
26 3.35303e-09
27 3.35303e-09
28 3.35303e-09
29 3.35303e-09
30 3.35303e-09
31 3.35303e-09
32 3.35303e-09
33 3.35303e-09
34 3.35303e-09
35 3.35303e-09
36 3.35303e-09
37 3.35303e-09
38 3.35303e-09
39 3.35303e-09
40 3.35303e-09
41 3.35303e-09
42 3.35303e-09
43 3.35303e-09
44 3.35303e-09
45 3.35303e-09
46 3.35303e-09
47 3.35303e-09
48 3.35303e-09
49 3.35303e-09
50 3.35303e-09
51 3.35303e-09
52 3.35303e-09
53 3.35303e-09
54 3.35303e-09
55 3.35303e-09
56 3.35303e-09
57 3.35303e-09
58 3.35303e-09
59 3.35303e-09
60 3.35303e-09
61 3.35303e-09
62 3.35303e-09
63 3.35303e-09
64 3.35303e-09
65 3.35303e-09
66 3.35303e-09
67 3.35303e-09
68 3.35303e-09
69 3.35303e-09
70 3.35303e-09
71 3.35303e-09
72 3.35303e-09
73 3.35303e-09
74 3.35303e-09
75 3.35303e-09
76 3.35303e-09
77 3.35303e-09
78 3.35303e-09
79 3.35303e-09
80 3.35303e-09
81 3.35303e-09
82 3.35303e-09
83 3.35303e-09
84 3.35303e-09
85 3.35303e-09
86 3.35303e-09
87 3.35303e-09
88 3.35303e-09
89 3.35303e-09
90 3.35303e-09
91 3.35303e-09
92 3.35303e-09
93 3.35303e-09
94 3.35303e-09
95 3.35303e-09
96 3.35303e-09
97 3.35303e-09
98 3.35303e-09
99 3.35303e-09
100 3.35303e-09
101 3.35303e-09
102 3.35303e-09
103 3.35303e-09
104 3.35303e-09
105 3.35303e-09
106 3.35303e-09
107 3.35303e-09
108 3.35303e-09
109 3.35303e-09
110 3.35303e-09
111 3.35303e-09
112 3.35303e-09
113 3.35303e-09
114 3.35303e-09
115 3.35303e-09
116 3.35303e-09
117 3.35303e-09
118 3.35303e-09
119 3.35303e-09
120 3.35303e-09
121 3.35303e-09
122 3.35303e-09
123 3.35303e-09
124 3.35303e-09
125 3.35303e-09
126 3.35303e-09
127 3.35303e-09
128 3.35303e-09
129 3.35303e-09
130 3.35303e-09
131 3.35303e-09
132 3.35303e-09
133 3.35303e-09
134 3.35303e-09
135 3.35303e-09
136 3.35303e-09
137 3.35303e-09
138 3.35303e-09
139 3.35303e-09
140 3.35303e-09
141 3.35303e-09
142 3.35303e-09
143 3.35303e-09
144 3.35303e-09
145 3.35303e-09
146 3.35303e-09
147 3.35303e-09
148 3.35303e-09
149 3.35303e-09
150 3.35303e-09
151 3.35303e-09
152 3.35303e-09
153 3.35303e-09
154 3.35303e-09
155 3.35303e-09
156 3.35303e-09
157 3.35303e-09
158 3.35303e-09
159 3.35303e-09
160 3.35303e-09
161 3.35303e-09
162 3.35303e-09
163 3.35303e-09
164 3.35303e-09
165 3.35303e-09
166 3.35303e-09
167 3.35303e-09
168 3.35303e-09
169 3.35303e-09
170 3.35303e-09
171 3.35303e-09
172 3.35303e-09
173 3.35303e-09
174 3.35303e-09
175 3.35303e-09
176 3.35303e-09
177 3.35303e-09
178 3.35303e-09
179 3.35303e-09
180 3.35303e-09
181 3.35303e-09
182 3.35303e-09
183 3.35303e-09
184 3.35303e-09
185 3.35303e-09
186 3.35303e-09
187 3.35303e-09
188 3.35303e-09
189 3.35303e-09
190 3.35303e-09
191 3.35303e-09
192 3.35303e-09
193 3.35303e-09
194 3.35303e-09
195 3.35303e-09
196 3.35303e-09
197 3.35303e-09
198 3.35303e-09
199 3.35303e-09
200 3.35303e-09
201 3.35303e-09
202 3.35303e-09
203 3.35303e-09
204 3.35303e-09
205 3.35303e-09
206 3.35303e-09
207 3.35303e-09
208 3.35303e-09
209 3.35303e-09
210 3.35303e-09
211 3.35303e-09
212 3.35303e-09
213 3.35303e-09
214 3.35303e-09
215 3.35303e-09
216 3.35303e-09
217 3.35303e-09
218 3.35303e-09
219 3.35303e-09
220 3.35303e-09
221 3.35303e-09
222 3.35303e-09
223 3.35303e-09
224 3.35303e-09
225 3.35303e-09
226 3.35303e-09
227 3.35303e-09
228 3.35303e-09
229 3.35303e-09
230 3.35303e-09
231 3.35303e-09
232 3.35303e-09
233 3.89888e-09
234 8.14962e-09
235 2.38082e-08
236 7.61841e-08
237 2.42256e-07
238 7.57082e-07
239 2.31447e-06
240 6.91476e-06
241 2.01818e-05
242 5.75593e-05
243 0.000160576
244 0.000438911
245 0.00117809
246 0.00311324
247 0.00812131
248 0.0209601
249 0.0535947
250 0.135804
251 0.340644
252 0.432664
253 0.473277
254 0.569224
255 0.609629
256 0.700065
257 0.73592
258 0.749658
259 0.777425
260 0.831447
261 0.932461
262 0.965603
263 0.976025
264 0.993188
265 0.998132
266 0.999493
267 0.999851
268 0.99994
269 0.999962
270 0.999989
271 0.999993
272 0.999987
273 0.999983
274 0.99998
275 0.99996
276 0.999875
277 0.999545
278 0.998312
279 0.993934
280 0.979099
281 0.970323
282 0.943178
283 0.928473
284 0.886645
285 0.865703
286 0.855575
287 0.829593
288 0.764648
289 0.605664
290 0.535604
291 0.368532
292 0.296203
293 0.125846
294 0.0529097
295 0.0219355
296 0.008935
297 0.00356411
298 0.00138852
299 0.000527291
300 0.000194936
301 7.01158e-05
302 2.45367e-05
303 8.35855e-06
304 2.77498e-06
305 8.99427e-07
306 2.85349e-07
307 8.93108e-08
308 2.80226e-08
309 9.41714e-09
310 4.21327e-09
311 3.35303e-09
312 3.35303e-09
313 3.35303e-09
314 3.35303e-09
315 3.35303e-09
316 3.35303e-09
317 3.35303e-09
318 3.35303e-09
319 3.35303e-09
320 3.35303e-09
321 3.35303e-09
322 3.35303e-09
323 3.35303e-09
324 3.35303e-09
325 3.35303e-09
326 3.35303e-09
327 3.35303e-09
328 3.35303e-09
329 3.35303e-09
330 3.35303e-09
331 3.35303e-09
332 3.35303e-09
333 3.35303e-09
334 3.35303e-09
335 3.35303e-09
336 3.35303e-09
337 3.35303e-09
338 3.35303e-09
339 3.35303e-09
340 3.35303e-09
341 3.35303e-09
342 3.35303e-09
343 3.35303e-09
344 3.35303e-09
345 3.35303e-09
346 3.35303e-09
347 3.35303e-09
348 3.35303e-09
349 3.35303e-09
350 3.35303e-09
351 3.35303e-09
352 3.35303e-09
353 3.35303e-09
354 3.35303e-09
355 3.35303e-09
356 3.35303e-09
357 3.35303e-09
358 3.35303e-09
359 3.35303e-09
360 3.35303e-09
361 3.35303e-09
362 3.35303e-09
363 3.35303e-09
364 3.35303e-09
365 3.35303e-09
366 3.35303e-09
367 3.35303e-09
368 3.35303e-09
369 3.35303e-09
370 3.35303e-09
371 3.35303e-09
372 3.35303e-09
373 3.35303e-09
374 3.35303e-09
375 3.35303e-09
376 3.35303e-09
377 3.35303e-09
378 3.35303e-09
379 3.35303e-09
380 3.35303e-09
381 3.35303e-09
382 3.35303e-09
383 3.35303e-09
384 3.35303e-09
385 3.35303e-09
386 3.35303e-09
387 3.35303e-09
388 3.35303e-09
389 3.35303e-09
390 3.35303e-09
391 3.35303e-09
392 3.35303e-09
393 3.35303e-09
394 3.35303e-09
395 3.35303e-09
396 3.35303e-09
397 3.35303e-09
398 3.35303e-09
399 3.35303e-09
400 3.35303e-09
401 3.35303e-09
402 3.35303e-09
403 3.35303e-09
404 3.35303e-09
405 3.35303e-09
406 3.35303e-09
407 3.35303e-09
408 3.35303e-09
409 3.35303e-09
410 3.35303e-09
411 3.35303e-09
412 3.35303e-09
413 3.35303e-09
414 3.35303e-09
415 3.35303e-09
416 3.35303e-09
417 3.35303e-09
418 3.35303e-09
419 3.35303e-09
420 3.35303e-09
421 3.35303e-09
422 3.35303e-09
423 3.35303e-09
424 3.35303e-09
425 3.35303e-09
426 3.35303e-09
427 3.35303e-09
428 3.35303e-09
429 3.35303e-09
430 3.35303e-09
431 3.35303e-09
432 3.35303e-09
433 3.35303e-09
434 3.35303e-09
435 3.35303e-09
436 3.35303e-09
437 3.35303e-09
438 3.35303e-09
439 3.35303e-09
440 3.35303e-09
441 3.35303e-09
442 3.35303e-09
443 3.35303e-09
444 3.35303e-09
445 3.35303e-09
446 3.35303e-09
447 3.35303e-09
448 3.35303e-09
449 3.35303e-09
450 3.35303e-09
451 3.35303e-09
452 3.35303e-09
453 3.35303e-09
454 3.35303e-09
455 3.35303e-09
456 3.35303e-09
457 3.35303e-09
458 3.35303e-09
459 3.35303e-09
460 3.35303e-09
461 3.35303e-09
462 3.35303e-09
463 3.35303e-09
464 3.35303e-09
465 3.35303e-09
466 3.35303e-09
467 3.35303e-09
468 3.35303e-09
469 3.35303e-09
470 3.35303e-09
471 3.35303e-09
472 3.35303e-09
473 3.35303e-09
474 3.35303e-09
475 3.35303e-09
476 3.35303e-09
477 3.35303e-09
478 3.35303e-09
479 3.35303e-09
480 3.35303e-09
481 3.35303e-09
482 3.35303e-09
483 3.35303e-09
484 3.35303e-09
485 3.35303e-09
486 3.35303e-09
487 3.35303e-09
488 3.35303e-09
489 3.35303e-09
490 3.35303e-09
491 3.35303e-09
492 3.35303e-09
493 3.35303e-09
494 3.35303e-09
495 3.35303e-09
496 3.35303e-09
497 3.35303e-09
498 3.35303e-09
499 3.35303e-09
500 3.35303e-09
501 3.35303e-09
502 3.35303e-09
503 3.35303e-09
504 3.35303e-09
505 3.35303e-09
506 3.35303e-09
507 3.35303e-09
508 3.35303e-09
509 3.35303e-09
510 3.35303e-09
511 3.35303e-09
512 3.35303e-09
513 3.35303e-09
514 3.35303e-09
515 3.35303e-09
516 3.35303e-09
517 3.35303e-09
518 3.35303e-09
519 3.35303e-09
520 3.35303e-09
521 3.35303e-09
522 3.35303e-09
523 3.35303e-09
524 3.35303e-09
525 3.35303e-09
526 3.35303e-09
527 3.35303e-09
528 3.35303e-09
529 3.35303e-09
530 3.35303e-09
531 3.35303e-09
532 3.35303e-09
533 3.35303e-09
534 3.35303e-09
535 3.35303e-09
536 3.35303e-09
537 3.35303e-09
538 3.35303e-09
539 3.35303e-09
540 3.35303e-09
541 3.35303e-09
542 3.35303e-09
