1 4.296e-08
2 4.296e-08
3 4.296e-08
4 4.296e-08
5 4.296e-08
6 4.296e-08
7 4.296e-08
8 4.296e-08
9 4.296e-08
10 4.296e-08
11 4.296e-08
12 4.296e-08
13 4.296e-08
14 4.296e-08
15 4.296e-08
16 4.296e-08
17 4.296e-08
18 4.296e-08
19 4.296e-08
20 4.296e-08
21 4.296e-08
22 4.296e-08
23 4.296e-08
24 4.296e-08
25 4.296e-08
26 4.296e-08
27 4.296e-08
28 4.296e-08
29 4.296e-08
30 4.296e-08
31 4.296e-08
32 4.296e-08
33 4.296e-08
34 4.296e-08
35 4.296e-08
36 4.296e-08
37 4.296e-08
38 4.296e-08
39 4.296e-08
40 4.296e-08
41 4.296e-08
42 4.296e-08
43 4.296e-08
44 4.296e-08
45 4.296e-08
46 4.296e-08
47 4.296e-08
48 4.296e-08
49 4.296e-08
50 4.296e-08
51 4.296e-08
52 4.296e-08
53 4.296e-08
54 4.296e-08
55 4.296e-08
56 4.296e-08
57 4.296e-08
58 4.296e-08
59 4.296e-08
60 4.296e-08
61 4.296e-08
62 4.296e-08
63 4.296e-08
64 4.296e-08
65 4.296e-08
66 4.296e-08
67 4.296e-08
68 4.296e-08
69 4.296e-08
70 4.296e-08
71 4.296e-08
72 4.296e-08
73 4.296e-08
74 4.296e-08
75 4.296e-08
76 4.296e-08
77 4.296e-08
78 4.296e-08
79 4.296e-08
80 4.296e-08
81 4.296e-08
82 4.296e-08
83 4.296e-08
84 4.296e-08
85 4.296e-08
86 4.296e-08
87 4.296e-08
88 4.296e-08
89 4.296e-08
90 4.296e-08
91 4.296e-08
92 4.296e-08
93 4.296e-08
94 4.296e-08
95 4.296e-08
96 4.296e-08
97 4.296e-08
98 4.296e-08
99 4.296e-08
100 4.296e-08
101 4.296e-08
102 4.296e-08
103 4.296e-08
104 4.296e-08
105 4.296e-08
106 4.296e-08
107 4.296e-08
108 4.296e-08
109 4.296e-08
110 4.296e-08
111 4.296e-08
112 4.296e-08
113 4.296e-08
114 4.296e-08
115 4.296e-08
116 4.296e-08
117 4.296e-08
118 4.296e-08
119 4.296e-08
120 4.296e-08
121 4.296e-08
122 4.296e-08
123 4.296e-08
124 4.296e-08
125 4.296e-08
126 4.296e-08
127 4.296e-08
128 4.296e-08
129 4.296e-08
130 4.296e-08
131 4.296e-08
132 4.296e-08
133 4.296e-08
134 4.296e-08
135 4.296e-08
136 4.296e-08
137 4.296e-08
138 4.296e-08
139 4.296e-08
140 4.296e-08
141 4.296e-08
142 4.296e-08
143 4.296e-08
144 4.296e-08
145 4.296e-08
146 4.296e-08
147 4.296e-08
148 4.296e-08
149 4.296e-08
150 4.296e-08
151 4.296e-08
152 4.296e-08
153 4.296e-08
154 4.296e-08
155 4.296e-08
156 4.296e-08
157 4.296e-08
158 4.296e-08
159 4.296e-08
160 4.296e-08
161 4.296e-08
162 4.296e-08
163 4.296e-08
164 4.296e-08
165 4.296e-08
166 4.296e-08
167 4.296e-08
168 4.296e-08
169 4.296e-08
170 4.296e-08
171 4.296e-08
172 4.296e-08
173 4.296e-08
174 4.296e-08
175 4.296e-08
176 4.296e-08
177 4.296e-08
178 4.296e-08
179 4.296e-08
180 4.296e-08
181 4.296e-08
182 4.296e-08
183 4.296e-08
184 4.296e-08
185 4.296e-08
186 4.296e-08
187 4.296e-08
188 4.296e-08
189 4.296e-08
190 4.296e-08
191 4.296e-08
192 4.296e-08
193 4.296e-08
194 4.296e-08
195 4.296e-08
196 4.296e-08
197 4.296e-08
198 4.296e-08
199 4.296e-08
200 4.296e-08
201 4.296e-08
202 4.296e-08
203 4.296e-08
204 4.296e-08
205 4.296e-08
206 4.296e-08
207 4.296e-08
208 4.296e-08
209 4.296e-08
210 4.296e-08
211 4.296e-08
212 4.296e-08
213 4.296e-08
214 4.296e-08
215 4.296e-08
216 4.296e-08
217 4.296e-08
218 4.296e-08
219 4.296e-08
220 4.296e-08
221 4.296e-08
222 4.296e-08
223 4.296e-08
224 4.296e-08
225 4.296e-08
226 4.296e-08
227 4.296e-08
228 4.296e-08
229 4.296e-08
230 4.296e-08
231 4.296e-08
232 4.296e-08
233 4.296e-08
234 4.296e-08
235 4.296e-08
236 4.296e-08
237 4.296e-08
238 4.296e-08
239 4.296e-08
240 4.296e-08
241 4.296e-08
242 4.296e-08
243 4.296e-08
244 4.296e-08
245 4.296e-08
246 4.7555e-08
247 9.35511e-08
248 2.37168e-07
249 6.39809e-07
250 1.75324e-06
251 4.70051e-06
252 5.95627e-06
253 6.08962e-06
254 7.77371e-06
255 8.02388e-06
256 1.11246e-05
257 1.22126e-05
258 1.10493e-05
259 1.44109e-05
260 2.87972e-05
261 7.82822e-05
262 0.000108182
263 0.000125687
264 0.000187986
265 0.000225846
266 0.000247473
267 0.0002565
268 0.00025254
269 0.000230414
270 0.000237935
271 0.000228211
272 0.000196915
273 0.000200728
274 0.000241268
275 0.00025683
276 0.000256893
277 0.000244875
278 0.000219901
279 0.000177071
280 0.000106287
281 8.61277e-05
282 5.11592e-05
283 4.18148e-05
284 2.45524e-05
285 2.07721e-05
286 2.28827e-05
287 2.17905e-05
288 1.81066e-05
289 1.11968e-05
290 9.31373e-06
291 5.34893e-06
292 4.12033e-06
293 1.43412e-06
294 4.92235e-07
295 1.72638e-07
296 6.80066e-08
297 4.296e-08
298 4.296e-08
299 4.296e-08
300 4.296e-08
301 4.296e-08
302 4.296e-08
303 4.296e-08
304 4.296e-08
305 4.296e-08
306 4.296e-08
307 4.296e-08
308 4.296e-08
309 4.296e-08
310 4.296e-08
311 4.296e-08
312 4.296e-08
313 4.296e-08
314 4.296e-08
315 4.296e-08
316 4.296e-08
317 4.296e-08
318 4.296e-08
319 4.296e-08
320 4.296e-08
321 4.296e-08
322 4.296e-08
323 4.296e-08
324 4.296e-08
325 4.296e-08
326 4.296e-08
327 4.296e-08
328 4.296e-08
329 4.296e-08
330 4.296e-08
331 4.296e-08
332 4.296e-08
333 4.296e-08
334 4.296e-08
335 4.296e-08
336 4.296e-08
337 4.296e-08
338 4.296e-08
339 4.296e-08
340 4.296e-08
341 4.296e-08
342 4.296e-08
343 4.296e-08
344 4.296e-08
345 4.296e-08
346 4.296e-08
347 4.296e-08
348 4.296e-08
349 4.296e-08
350 4.296e-08
351 4.296e-08
352 4.296e-08
353 4.296e-08
354 4.296e-08
355 4.296e-08
356 4.296e-08
357 4.296e-08
358 4.296e-08
359 4.296e-08
360 4.296e-08
361 4.296e-08
362 4.296e-08
363 4.296e-08
364 4.296e-08
365 4.296e-08
366 4.296e-08
367 4.296e-08
368 4.296e-08
369 4.296e-08
370 4.296e-08
371 4.296e-08
372 4.296e-08
373 4.296e-08
374 4.296e-08
375 4.296e-08
376 4.296e-08
377 4.296e-08
378 4.296e-08
379 4.296e-08
380 4.296e-08
381 4.296e-08
382 4.296e-08
383 4.296e-08
384 4.296e-08
385 4.296e-08
386 4.296e-08
387 4.296e-08
388 4.296e-08
389 4.296e-08
390 4.296e-08
391 4.296e-08
392 4.296e-08
393 4.296e-08
394 4.296e-08
395 4.296e-08
396 4.296e-08
397 4.296e-08
398 4.296e-08
399 4.296e-08
400 4.296e-08
401 4.296e-08
402 4.296e-08
403 4.296e-08
404 4.296e-08
405 4.296e-08
406 4.296e-08
407 4.296e-08
408 4.296e-08
409 4.296e-08
410 4.296e-08
411 4.296e-08
412 4.296e-08
413 4.296e-08
414 4.296e-08
415 4.296e-08
416 4.296e-08
417 4.296e-08
418 4.296e-08
419 4.296e-08
420 4.296e-08
421 4.296e-08
422 4.296e-08
423 4.296e-08
424 4.296e-08
425 4.296e-08
426 4.296e-08
427 4.296e-08
428 4.296e-08
429 4.296e-08
430 4.296e-08
431 4.296e-08
432 4.296e-08
433 4.296e-08
434 4.296e-08
435 4.296e-08
436 4.296e-08
437 4.296e-08
438 4.296e-08
439 4.296e-08
440 4.296e-08
441 4.296e-08
442 4.296e-08
443 4.296e-08
444 4.296e-08
445 4.296e-08
446 4.296e-08
447 4.296e-08
448 4.296e-08
449 4.296e-08
450 4.296e-08
451 4.296e-08
452 4.296e-08
453 4.296e-08
454 4.296e-08
455 4.296e-08
456 4.296e-08
457 4.296e-08
458 4.296e-08
459 4.296e-08
460 4.296e-08
461 4.296e-08
462 4.296e-08
463 4.296e-08
464 4.296e-08
465 4.296e-08
466 4.296e-08
467 4.296e-08
468 4.296e-08
469 4.296e-08
470 4.296e-08
471 4.296e-08
472 4.296e-08
473 4.296e-08
474 4.296e-08
475 4.296e-08
476 4.296e-08
477 4.296e-08
478 4.296e-08
479 4.296e-08
480 4.296e-08
481 4.296e-08
482 4.296e-08
483 4.296e-08
484 4.296e-08
485 4.296e-08
486 4.296e-08
487 4.296e-08
488 4.296e-08
489 4.296e-08
490 4.296e-08
491 4.296e-08
492 4.296e-08
493 4.296e-08
494 4.296e-08
495 4.296e-08
496 4.296e-08
497 4.296e-08
498 4.296e-08
499 4.296e-08
500 4.296e-08
501 4.296e-08
502 4.296e-08
503 4.296e-08
504 4.296e-08
505 4.296e-08
506 4.296e-08
507 4.296e-08
508 4.296e-08
509 4.296e-08
510 4.296e-08
511 4.296e-08
512 4.296e-08
513 4.296e-08
514 4.296e-08
515 4.296e-08
516 4.296e-08
517 4.296e-08
518 4.296e-08
519 4.296e-08
520 4.296e-08
521 4.296e-08
522 4.296e-08
523 4.296e-08
524 4.296e-08
525 4.296e-08
526 4.296e-08
527 4.296e-08
528 4.296e-08
529 4.296e-08
530 4.296e-08
531 4.296e-08
532 4.296e-08
533 4.296e-08
534 4.296e-08
535 4.296e-08
536 4.296e-08
537 4.296e-08
538 4.296e-08
539 4.296e-08
540 4.296e-08
541 4.296e-08
542 4.296e-08
