1 3.57168e-09
2 3.57168e-09
3 3.57168e-09
4 3.57168e-09
5 3.57168e-09
6 3.57168e-09
7 3.57168e-09
8 3.57168e-09
9 3.57168e-09
10 3.57168e-09
11 3.57168e-09
12 3.57168e-09
13 3.57168e-09
14 3.57168e-09
15 3.57168e-09
16 3.57168e-09
17 3.57168e-09
18 3.57168e-09
19 3.57168e-09
20 3.57168e-09
21 3.57168e-09
22 3.57168e-09
23 3.57168e-09
24 3.57168e-09
25 3.57168e-09
26 3.57168e-09
27 3.57168e-09
28 3.57168e-09
29 3.57168e-09
30 3.57168e-09
31 3.57168e-09
32 3.57168e-09
33 3.57168e-09
34 3.57168e-09
35 3.57168e-09
36 3.57168e-09
37 3.57168e-09
38 3.57168e-09
39 3.57168e-09
40 3.57168e-09
41 3.57168e-09
42 3.57168e-09
43 3.57168e-09
44 3.57168e-09
45 3.57168e-09
46 3.57168e-09
47 3.57168e-09
48 3.57168e-09
49 3.57168e-09
50 3.57168e-09
51 3.57168e-09
52 3.57168e-09
53 3.57168e-09
54 3.57168e-09
55 3.57168e-09
56 3.57168e-09
57 3.57168e-09
58 3.57168e-09
59 3.57168e-09
60 3.57168e-09
61 3.57168e-09
62 3.57168e-09
63 3.57168e-09
64 3.57168e-09
65 3.57168e-09
66 3.57168e-09
67 3.57168e-09
68 3.57168e-09
69 3.57168e-09
70 3.57168e-09
71 3.57168e-09
72 3.57168e-09
73 3.57168e-09
74 3.57168e-09
75 3.57168e-09
76 3.57168e-09
77 3.57168e-09
78 3.57168e-09
79 3.57168e-09
80 3.57168e-09
81 3.57168e-09
82 3.57168e-09
83 3.57168e-09
84 3.57168e-09
85 3.57168e-09
86 3.57168e-09
87 3.57168e-09
88 3.57168e-09
89 3.57168e-09
90 3.57168e-09
91 3.57168e-09
92 3.57168e-09
93 3.57168e-09
94 3.57168e-09
95 3.57168e-09
96 3.57168e-09
97 3.57168e-09
98 3.57168e-09
99 3.57168e-09
100 3.57168e-09
101 3.57168e-09
102 3.57168e-09
103 3.57168e-09
104 3.57168e-09
105 3.57168e-09
106 3.57168e-09
107 3.57168e-09
108 3.57168e-09
109 3.57168e-09
110 3.57168e-09
111 3.57168e-09
112 3.57168e-09
113 3.57168e-09
114 3.57168e-09
115 3.57168e-09
116 3.57168e-09
117 3.57168e-09
118 3.57168e-09
119 3.57168e-09
120 3.57168e-09
121 3.57168e-09
122 3.57168e-09
123 3.57168e-09
124 3.57168e-09
125 3.57168e-09
126 3.57168e-09
127 3.57168e-09
128 3.57168e-09
129 3.57168e-09
130 3.57168e-09
131 3.57168e-09
132 3.57168e-09
133 3.57168e-09
134 3.57168e-09
135 3.57168e-09
136 3.57168e-09
137 3.57168e-09
138 3.57168e-09
139 3.57168e-09
140 3.57168e-09
141 3.57168e-09
142 3.57168e-09
143 3.57168e-09
144 3.57168e-09
145 3.57168e-09
146 3.57168e-09
147 3.57168e-09
148 3.57168e-09
149 3.57168e-09
150 3.57168e-09
151 3.57168e-09
152 3.57168e-09
153 3.57168e-09
154 3.57168e-09
155 3.57168e-09
156 3.57168e-09
157 3.57168e-09
158 3.57168e-09
159 3.57168e-09
160 3.57168e-09
161 3.57168e-09
162 3.57168e-09
163 3.57168e-09
164 3.57168e-09
165 3.57168e-09
166 3.57168e-09
167 3.57168e-09
168 3.57168e-09
169 3.57168e-09
170 3.57168e-09
171 3.57168e-09
172 3.57168e-09
173 3.57168e-09
174 3.57168e-09
175 3.57168e-09
176 3.57168e-09
177 3.57168e-09
178 3.57168e-09
179 3.57168e-09
180 3.57168e-09
181 3.57168e-09
182 3.57168e-09
183 3.57168e-09
184 3.57168e-09
185 3.57168e-09
186 3.57168e-09
187 3.57168e-09
188 3.57168e-09
189 3.57168e-09
190 3.57168e-09
191 3.57168e-09
192 3.57168e-09
193 3.57168e-09
194 3.57168e-09
195 3.57168e-09
196 3.57168e-09
197 3.57168e-09
198 3.57168e-09
199 3.57168e-09
200 3.57168e-09
201 3.57168e-09
202 3.57168e-09
203 3.57168e-09
204 3.57168e-09
205 3.57168e-09
206 3.57168e-09
207 3.57168e-09
208 3.57168e-09
209 3.57168e-09
210 3.57168e-09
211 3.57168e-09
212 3.57168e-09
213 3.57168e-09
214 3.57168e-09
215 3.57168e-09
216 3.57168e-09
217 3.57168e-09
218 3.57168e-09
219 3.57168e-09
220 3.57168e-09
221 3.57168e-09
222 3.57168e-09
223 3.57168e-09
224 3.57168e-09
225 3.57168e-09
226 3.57168e-09
227 3.57168e-09
228 3.57168e-09
229 3.57168e-09
230 3.57168e-09
231 3.57168e-09
232 3.73937e-09
233 5.35052e-09
234 1.24314e-08
235 3.74866e-08
236 1.18339e-07
237 3.67337e-07
238 1.11595e-06
239 3.31396e-06
240 9.61574e-06
241 2.72753e-05
242 7.57197e-05
243 0.000206095
244 0.000551233
245 0.00145252
246 0.00378022
247 0.00973626
248 0.0248448
249 0.0628094
250 0.157107
251 0.3879
252 0.489293
253 0.532859
254 0.63264
255 0.673227
256 0.760702
257 0.794011
258 0.806243
259 0.829897
260 0.873866
261 0.952319
262 0.976856
263 0.984206
264 0.995728
265 0.998886
266 0.999713
267 0.99992
268 0.99997
269 0.999981
270 0.999995
271 0.999997
272 0.999994
273 0.999992
274 0.99999
275 0.99998
276 0.999932
277 0.999737
278 0.998972
279 0.996108
280 0.985881
281 0.979511
282 0.958786
283 0.946996
284 0.911847
285 0.893453
286 0.884188
287 0.859532
288 0.795931
289 0.636171
290 0.564373
291 0.390764
292 0.3149
293 0.134991
294 0.0574361
295 0.0241958
296 0.0100585
297 0.00411173
298 0.00164732
299 0.000645066
300 0.000246377
301 9.1656e-05
302 3.31868e-05
303 1.16935e-05
304 4.01114e-06
305 1.34066e-06
306 4.37325e-07
307 1.39543e-07
308 4.38312e-08
309 1.41971e-08
310 5.7093e-09
311 3.73937e-09
312 3.57168e-09
313 3.57168e-09
314 3.57168e-09
315 3.57168e-09
316 3.57168e-09
317 3.57168e-09
318 3.57168e-09
319 3.57168e-09
320 3.57168e-09
321 3.57168e-09
322 3.57168e-09
323 3.57168e-09
324 3.57168e-09
325 3.57168e-09
326 3.57168e-09
327 3.57168e-09
328 3.57168e-09
329 3.57168e-09
330 3.57168e-09
331 3.57168e-09
332 3.57168e-09
333 3.57168e-09
334 3.57168e-09
335 3.57168e-09
336 3.57168e-09
337 3.57168e-09
338 3.57168e-09
339 3.57168e-09
340 3.57168e-09
341 3.57168e-09
342 3.57168e-09
343 3.57168e-09
344 3.57168e-09
345 3.57168e-09
346 3.57168e-09
347 3.57168e-09
348 3.57168e-09
349 3.57168e-09
350 3.57168e-09
351 3.57168e-09
352 3.57168e-09
353 3.57168e-09
354 3.57168e-09
355 3.57168e-09
356 3.57168e-09
357 3.57168e-09
358 3.57168e-09
359 3.57168e-09
360 3.57168e-09
361 3.57168e-09
362 3.57168e-09
363 3.57168e-09
364 3.57168e-09
365 3.57168e-09
366 3.57168e-09
367 3.57168e-09
368 3.57168e-09
369 3.57168e-09
370 3.57168e-09
371 3.57168e-09
372 3.57168e-09
373 3.57168e-09
374 3.57168e-09
375 3.57168e-09
376 3.57168e-09
377 3.57168e-09
378 3.57168e-09
379 3.57168e-09
380 3.57168e-09
381 3.57168e-09
382 3.57168e-09
383 3.57168e-09
384 3.57168e-09
385 3.57168e-09
386 3.57168e-09
387 3.57168e-09
388 3.57168e-09
389 3.57168e-09
390 3.57168e-09
391 3.57168e-09
392 3.57168e-09
393 3.57168e-09
394 3.57168e-09
395 3.57168e-09
396 3.57168e-09
397 3.57168e-09
398 3.57168e-09
399 3.57168e-09
400 3.57168e-09
401 3.57168e-09
402 3.57168e-09
403 3.57168e-09
404 3.57168e-09
405 3.57168e-09
406 3.57168e-09
407 3.57168e-09
408 3.57168e-09
409 3.57168e-09
410 3.57168e-09
411 3.57168e-09
412 3.57168e-09
413 3.57168e-09
414 3.57168e-09
415 3.57168e-09
416 3.57168e-09
417 3.57168e-09
418 3.57168e-09
419 3.57168e-09
420 3.57168e-09
421 3.57168e-09
422 3.57168e-09
423 3.57168e-09
424 3.57168e-09
425 3.57168e-09
426 3.57168e-09
427 3.57168e-09
428 3.57168e-09
429 3.57168e-09
430 3.57168e-09
431 3.57168e-09
432 3.57168e-09
433 3.57168e-09
434 3.57168e-09
435 3.57168e-09
436 3.57168e-09
437 3.57168e-09
438 3.57168e-09
439 3.57168e-09
440 3.57168e-09
441 3.57168e-09
442 3.57168e-09
443 3.57168e-09
444 3.57168e-09
445 3.57168e-09
446 3.57168e-09
447 3.57168e-09
448 3.57168e-09
449 3.57168e-09
450 3.57168e-09
451 3.57168e-09
452 3.57168e-09
453 3.57168e-09
454 3.57168e-09
455 3.57168e-09
456 3.57168e-09
457 3.57168e-09
458 3.57168e-09
459 3.57168e-09
460 3.57168e-09
461 3.57168e-09
462 3.57168e-09
463 3.57168e-09
464 3.57168e-09
465 3.57168e-09
466 3.57168e-09
467 3.57168e-09
468 3.57168e-09
469 3.57168e-09
470 3.57168e-09
471 3.57168e-09
472 3.57168e-09
473 3.57168e-09
474 3.57168e-09
475 3.57168e-09
476 3.57168e-09
477 3.57168e-09
478 3.57168e-09
479 3.57168e-09
480 3.57168e-09
481 3.57168e-09
482 3.57168e-09
483 3.57168e-09
484 3.57168e-09
485 3.57168e-09
486 3.57168e-09
487 3.57168e-09
488 3.57168e-09
489 3.57168e-09
490 3.57168e-09
491 3.57168e-09
492 3.57168e-09
493 3.57168e-09
494 3.57168e-09
495 3.57168e-09
496 3.57168e-09
497 3.57168e-09
498 3.57168e-09
499 3.57168e-09
500 3.57168e-09
501 3.57168e-09
502 3.57168e-09
503 3.57168e-09
504 3.57168e-09
505 3.57168e-09
506 3.57168e-09
507 3.57168e-09
508 3.57168e-09
509 3.57168e-09
510 3.57168e-09
511 3.57168e-09
512 3.57168e-09
513 3.57168e-09
514 3.57168e-09
515 3.57168e-09
516 3.57168e-09
517 3.57168e-09
518 3.57168e-09
519 3.57168e-09
520 3.57168e-09
521 3.57168e-09
522 3.57168e-09
523 3.57168e-09
524 3.57168e-09
525 3.57168e-09
526 3.57168e-09
527 3.57168e-09
528 3.57168e-09
529 3.57168e-09
530 3.57168e-09
531 3.57168e-09
532 3.57168e-09
533 3.57168e-09
534 3.57168e-09
535 3.57168e-09
536 3.57168e-09
537 3.57168e-09
538 3.57168e-09
539 3.57168e-09
540 3.57168e-09
541 3.57168e-09
542 3.57168e-09
