1 5.78888e-09
2 5.78888e-09
3 5.78888e-09
4 5.78888e-09
5 5.78888e-09
6 5.78888e-09
7 5.78888e-09
8 5.78888e-09
9 5.78888e-09
10 5.78888e-09
11 5.78888e-09
12 5.78888e-09
13 5.78888e-09
14 5.78888e-09
15 5.78888e-09
16 5.78888e-09
17 5.78888e-09
18 5.78888e-09
19 5.78888e-09
20 5.78888e-09
21 5.78888e-09
22 5.78888e-09
23 5.78888e-09
24 5.78888e-09
25 5.78888e-09
26 5.78888e-09
27 5.78888e-09
28 5.78888e-09
29 5.78888e-09
30 5.78888e-09
31 5.78888e-09
32 5.78888e-09
33 5.78888e-09
34 5.78888e-09
35 5.78888e-09
36 5.78888e-09
37 5.78888e-09
38 5.78888e-09
39 5.78888e-09
40 5.78888e-09
41 5.78888e-09
42 5.78888e-09
43 5.78888e-09
44 5.78888e-09
45 5.78888e-09
46 5.78888e-09
47 5.78888e-09
48 5.78888e-09
49 5.78888e-09
50 5.78888e-09
51 5.78888e-09
52 5.78888e-09
53 5.78888e-09
54 5.78888e-09
55 5.78888e-09
56 5.78888e-09
57 5.78888e-09
58 5.78888e-09
59 5.78888e-09
60 5.78888e-09
61 5.78888e-09
62 5.78888e-09
63 5.78888e-09
64 5.78888e-09
65 5.78888e-09
66 5.78888e-09
67 5.78888e-09
68 5.78888e-09
69 5.78888e-09
70 5.78888e-09
71 5.78888e-09
72 5.78888e-09
73 5.78888e-09
74 5.78888e-09
75 5.78888e-09
76 5.78888e-09
77 5.78888e-09
78 5.78888e-09
79 5.78888e-09
80 5.78888e-09
81 5.78888e-09
82 5.78888e-09
83 5.78888e-09
84 5.78888e-09
85 5.78888e-09
86 5.78888e-09
87 5.78888e-09
88 5.78888e-09
89 5.78888e-09
90 5.78888e-09
91 5.78888e-09
92 5.78888e-09
93 5.78888e-09
94 5.78888e-09
95 5.78888e-09
96 5.78888e-09
97 5.78888e-09
98 5.78888e-09
99 5.78888e-09
100 5.78888e-09
101 5.78888e-09
102 5.78888e-09
103 5.78888e-09
104 5.78888e-09
105 5.78888e-09
106 5.78888e-09
107 5.78888e-09
108 5.78888e-09
109 5.78888e-09
110 5.78888e-09
111 5.78888e-09
112 5.78888e-09
113 5.78888e-09
114 5.78888e-09
115 5.78888e-09
116 5.78888e-09
117 5.78888e-09
118 5.78888e-09
119 5.78888e-09
120 5.78888e-09
121 5.78888e-09
122 5.78888e-09
123 5.78888e-09
124 5.78888e-09
125 5.78888e-09
126 5.78888e-09
127 5.78888e-09
128 5.78888e-09
129 5.78888e-09
130 5.78888e-09
131 5.78888e-09
132 5.78888e-09
133 5.78888e-09
134 5.78888e-09
135 5.78888e-09
136 5.78888e-09
137 5.78888e-09
138 5.78888e-09
139 5.78888e-09
140 5.78888e-09
141 5.78888e-09
142 5.78888e-09
143 5.78888e-09
144 5.78888e-09
145 5.78888e-09
146 5.78888e-09
147 5.78888e-09
148 5.78888e-09
149 5.78888e-09
150 5.78888e-09
151 5.78888e-09
152 5.78888e-09
153 5.78888e-09
154 5.78888e-09
155 5.78888e-09
156 5.78888e-09
157 5.78888e-09
158 5.78888e-09
159 5.78888e-09
160 5.78888e-09
161 5.78888e-09
162 5.78888e-09
163 5.78888e-09
164 5.78888e-09
165 5.78888e-09
166 5.78888e-09
167 5.78888e-09
168 5.78888e-09
169 5.78888e-09
170 5.78888e-09
171 5.78888e-09
172 5.78888e-09
173 5.78888e-09
174 5.78888e-09
175 5.78888e-09
176 5.78888e-09
177 5.78888e-09
178 5.78888e-09
179 5.78888e-09
180 5.78888e-09
181 5.78888e-09
182 5.78888e-09
183 5.78888e-09
184 5.78888e-09
185 5.78888e-09
186 5.78888e-09
187 5.78888e-09
188 5.78888e-09
189 5.78888e-09
190 5.78888e-09
191 5.78888e-09
192 5.78888e-09
193 5.78888e-09
194 5.78888e-09
195 5.78888e-09
196 5.78888e-09
197 5.78888e-09
198 5.78888e-09
199 5.78888e-09
200 5.78888e-09
201 5.78888e-09
202 5.78888e-09
203 5.78888e-09
204 5.78888e-09
205 5.78888e-09
206 5.78888e-09
207 5.78888e-09
208 5.78888e-09
209 5.78888e-09
210 5.78888e-09
211 5.78888e-09
212 5.78888e-09
213 5.78888e-09
214 5.78888e-09
215 5.78888e-09
216 5.78888e-09
217 5.78888e-09
218 5.78888e-09
219 5.78888e-09
220 5.78888e-09
221 5.78888e-09
222 5.78888e-09
223 5.78888e-09
224 5.78888e-09
225 5.78888e-09
226 5.78888e-09
227 5.78888e-09
228 5.78888e-09
229 5.78888e-09
230 6.20214e-09
231 9.57764e-09
232 2.19537e-08
233 6.01832e-08
234 1.67897e-07
235 4.63855e-07
236 1.25818e-06
237 3.35526e-06
238 8.81833e-06
239 2.28925e-05
240 5.87975e-05
241 0.000149515
242 0.000376287
243 0.000936007
244 0.00229629
245 0.00554104
246 0.0131132
247 0.0303473
248 0.0684965
249 0.150424
250 0.320759
251 0.662979
252 0.784256
253 0.825663
254 0.900066
255 0.92356
256 0.962521
257 0.973853
258 0.977014
259 0.981634
260 0.988106
261 0.996796
262 0.998842
263 0.999305
264 0.999855
265 0.999971
266 0.999994
267 0.999999
268 1
269 1
270 1
271 1
272 1
273 1
274 1
275 1
276 0.999999
277 0.999994
278 0.999971
279 0.999857
280 0.99932
281 0.998872
282 0.996912
283 0.99541
284 0.989381
285 0.985151
286 0.982312
287 0.972347
288 0.938872
289 0.83114
290 0.770337
291 0.589993
292 0.495844
293 0.236404
294 0.109901
295 0.050001
296 0.0223494
297 0.00985146
298 0.0042962
299 0.00185771
300 0.000797186
301 0.000339294
302 0.00014297
303 5.94861e-05
304 2.43662e-05
305 9.79651e-06
306 3.85574e-06
307 1.48223e-06
308 5.5559e-07
309 2.03013e-07
310 7.26383e-08
311 2.66329e-08
312 1.13292e-08
313 6.61798e-09
314 5.78888e-09
315 5.78888e-09
316 5.78888e-09
317 5.78888e-09
318 5.78888e-09
319 5.78888e-09
320 5.78888e-09
321 5.78888e-09
322 5.78888e-09
323 5.78888e-09
324 5.78888e-09
325 5.78888e-09
326 5.78888e-09
327 5.78888e-09
328 5.78888e-09
329 5.78888e-09
330 5.78888e-09
331 5.78888e-09
332 5.78888e-09
333 5.78888e-09
334 5.78888e-09
335 5.78888e-09
336 5.78888e-09
337 5.78888e-09
338 5.78888e-09
339 5.78888e-09
340 5.78888e-09
341 5.78888e-09
342 5.78888e-09
343 5.78888e-09
344 5.78888e-09
345 5.78888e-09
346 5.78888e-09
347 5.78888e-09
348 5.78888e-09
349 5.78888e-09
350 5.78888e-09
351 5.78888e-09
352 5.78888e-09
353 5.78888e-09
354 5.78888e-09
355 5.78888e-09
356 5.78888e-09
357 5.78888e-09
358 5.78888e-09
359 5.78888e-09
360 5.78888e-09
361 5.78888e-09
362 5.78888e-09
363 5.78888e-09
364 5.78888e-09
365 5.78888e-09
366 5.78888e-09
367 5.78888e-09
368 5.78888e-09
369 5.78888e-09
370 5.78888e-09
371 5.78888e-09
372 5.78888e-09
373 5.78888e-09
374 5.78888e-09
375 5.78888e-09
376 5.78888e-09
377 5.78888e-09
378 5.78888e-09
379 5.78888e-09
380 5.78888e-09
381 5.78888e-09
382 5.78888e-09
383 5.78888e-09
384 5.78888e-09
385 5.78888e-09
386 5.78888e-09
387 5.78888e-09
388 5.78888e-09
389 5.78888e-09
390 5.78888e-09
391 5.78888e-09
392 5.78888e-09
393 5.78888e-09
394 5.78888e-09
395 5.78888e-09
396 5.78888e-09
397 5.78888e-09
398 5.78888e-09
399 5.78888e-09
400 5.78888e-09
401 5.78888e-09
402 5.78888e-09
403 5.78888e-09
404 5.78888e-09
405 5.78888e-09
406 5.78888e-09
407 5.78888e-09
408 5.78888e-09
409 5.78888e-09
410 5.78888e-09
411 5.78888e-09
412 5.78888e-09
413 5.78888e-09
414 5.78888e-09
415 5.78888e-09
416 5.78888e-09
417 5.78888e-09
418 5.78888e-09
419 5.78888e-09
420 5.78888e-09
421 5.78888e-09
422 5.78888e-09
423 5.78888e-09
424 5.78888e-09
425 5.78888e-09
426 5.78888e-09
427 5.78888e-09
428 5.78888e-09
429 5.78888e-09
430 5.78888e-09
431 5.78888e-09
432 5.78888e-09
433 5.78888e-09
434 5.78888e-09
435 5.78888e-09
436 5.78888e-09
437 5.78888e-09
438 5.78888e-09
439 5.78888e-09
440 5.78888e-09
441 5.78888e-09
442 5.78888e-09
443 5.78888e-09
444 5.78888e-09
445 5.78888e-09
446 5.78888e-09
447 5.78888e-09
448 5.78888e-09
449 5.78888e-09
450 5.78888e-09
451 5.78888e-09
452 5.78888e-09
453 5.78888e-09
454 5.78888e-09
455 5.78888e-09
456 5.78888e-09
457 5.78888e-09
458 5.78888e-09
459 5.78888e-09
460 5.78888e-09
461 5.78888e-09
462 5.78888e-09
463 5.78888e-09
464 5.78888e-09
465 5.78888e-09
466 5.78888e-09
467 5.78888e-09
468 5.78888e-09
469 5.78888e-09
470 5.78888e-09
471 5.78888e-09
472 5.78888e-09
473 5.78888e-09
474 5.78888e-09
475 5.78888e-09
476 5.78888e-09
477 5.78888e-09
478 5.78888e-09
479 5.78888e-09
480 5.78888e-09
481 5.78888e-09
482 5.78888e-09
483 5.78888e-09
484 5.78888e-09
485 5.78888e-09
486 5.78888e-09
487 5.78888e-09
488 5.78888e-09
489 5.78888e-09
490 5.78888e-09
491 5.78888e-09
492 5.78888e-09
493 5.78888e-09
494 5.78888e-09
495 5.78888e-09
496 5.78888e-09
497 5.78888e-09
498 5.78888e-09
499 5.78888e-09
500 5.78888e-09
501 5.78888e-09
502 5.78888e-09
503 5.78888e-09
504 5.78888e-09
505 5.78888e-09
506 5.78888e-09
507 5.78888e-09
508 5.78888e-09
509 5.78888e-09
510 5.78888e-09
511 5.78888e-09
512 5.78888e-09
513 5.78888e-09
514 5.78888e-09
515 5.78888e-09
516 5.78888e-09
517 5.78888e-09
518 5.78888e-09
519 5.78888e-09
520 5.78888e-09
521 5.78888e-09
522 5.78888e-09
523 5.78888e-09
524 5.78888e-09
525 5.78888e-09
526 5.78888e-09
527 5.78888e-09
528 5.78888e-09
529 5.78888e-09
530 5.78888e-09
531 5.78888e-09
532 5.78888e-09
533 5.78888e-09
534 5.78888e-09
535 5.78888e-09
536 5.78888e-09
537 5.78888e-09
538 5.78888e-09
539 5.78888e-09
540 5.78888e-09
541 5.78888e-09
542 5.78888e-09
