1 3.45115e-09
2 3.45115e-09
3 3.45115e-09
4 3.45115e-09
5 3.45115e-09
6 3.45115e-09
7 3.45115e-09
8 3.45115e-09
9 3.45115e-09
10 3.45115e-09
11 3.45115e-09
12 3.45115e-09
13 3.45115e-09
14 3.45115e-09
15 3.45115e-09
16 3.45115e-09
17 3.45115e-09
18 3.45115e-09
19 3.45115e-09
20 3.45115e-09
21 3.45115e-09
22 3.45115e-09
23 3.45115e-09
24 3.45115e-09
25 3.45115e-09
26 3.45115e-09
27 3.45115e-09
28 3.45115e-09
29 3.45115e-09
30 3.45115e-09
31 3.45115e-09
32 3.45115e-09
33 3.45115e-09
34 3.45115e-09
35 3.45115e-09
36 3.45115e-09
37 3.45115e-09
38 3.45115e-09
39 3.45115e-09
40 3.45115e-09
41 3.45115e-09
42 3.45115e-09
43 3.45115e-09
44 3.45115e-09
45 3.45115e-09
46 3.45115e-09
47 3.45115e-09
48 3.45115e-09
49 3.45115e-09
50 3.45115e-09
51 3.45115e-09
52 3.45115e-09
53 3.45115e-09
54 3.45115e-09
55 3.45115e-09
56 3.45115e-09
57 3.45115e-09
58 3.45115e-09
59 3.45115e-09
60 3.45115e-09
61 3.45115e-09
62 3.45115e-09
63 3.45115e-09
64 3.45115e-09
65 3.45115e-09
66 3.45115e-09
67 3.45115e-09
68 3.45115e-09
69 3.45115e-09
70 3.45115e-09
71 3.45115e-09
72 3.45115e-09
73 3.45115e-09
74 3.45115e-09
75 3.45115e-09
76 3.45115e-09
77 3.45115e-09
78 3.45115e-09
79 3.45115e-09
80 3.45115e-09
81 3.45115e-09
82 3.45115e-09
83 3.45115e-09
84 3.45115e-09
85 3.45115e-09
86 3.45115e-09
87 3.45115e-09
88 3.45115e-09
89 3.45115e-09
90 3.45115e-09
91 3.45115e-09
92 3.45115e-09
93 3.45115e-09
94 3.45115e-09
95 3.45115e-09
96 3.45115e-09
97 3.45115e-09
98 3.45115e-09
99 3.45115e-09
100 3.45115e-09
101 3.45115e-09
102 3.45115e-09
103 3.45115e-09
104 3.45115e-09
105 3.45115e-09
106 3.45115e-09
107 3.45115e-09
108 3.45115e-09
109 3.45115e-09
110 3.45115e-09
111 3.45115e-09
112 3.45115e-09
113 3.45115e-09
114 3.45115e-09
115 3.45115e-09
116 3.45115e-09
117 3.45115e-09
118 3.45115e-09
119 3.45115e-09
120 3.45115e-09
121 3.45115e-09
122 3.45115e-09
123 3.45115e-09
124 3.45115e-09
125 3.45115e-09
126 3.45115e-09
127 3.45115e-09
128 3.45115e-09
129 3.45115e-09
130 3.45115e-09
131 3.45115e-09
132 3.45115e-09
133 3.45115e-09
134 3.45115e-09
135 3.45115e-09
136 3.45115e-09
137 3.45115e-09
138 3.45115e-09
139 3.45115e-09
140 3.45115e-09
141 3.45115e-09
142 3.45115e-09
143 3.45115e-09
144 3.45115e-09
145 3.45115e-09
146 3.45115e-09
147 3.45115e-09
148 3.45115e-09
149 3.45115e-09
150 3.45115e-09
151 3.45115e-09
152 3.45115e-09
153 3.45115e-09
154 3.45115e-09
155 3.45115e-09
156 3.45115e-09
157 3.45115e-09
158 3.45115e-09
159 3.45115e-09
160 3.45115e-09
161 3.45115e-09
162 3.45115e-09
163 3.45115e-09
164 3.45115e-09
165 3.45115e-09
166 3.45115e-09
167 3.45115e-09
168 3.45115e-09
169 3.45115e-09
170 3.45115e-09
171 3.45115e-09
172 3.45115e-09
173 3.45115e-09
174 3.45115e-09
175 3.45115e-09
176 3.45115e-09
177 3.45115e-09
178 3.45115e-09
179 3.45115e-09
180 3.45115e-09
181 3.45115e-09
182 3.45115e-09
183 3.45115e-09
184 3.45115e-09
185 3.45115e-09
186 3.45115e-09
187 3.45115e-09
188 3.45115e-09
189 3.45115e-09
190 3.45115e-09
191 3.45115e-09
192 3.45115e-09
193 3.45115e-09
194 3.45115e-09
195 3.45115e-09
196 3.45115e-09
197 3.45115e-09
198 3.45115e-09
199 3.45115e-09
200 3.45115e-09
201 3.45115e-09
202 3.45115e-09
203 3.45115e-09
204 3.45115e-09
205 3.45115e-09
206 3.45115e-09
207 3.45115e-09
208 3.45115e-09
209 3.45115e-09
210 3.45115e-09
211 3.45115e-09
212 3.45115e-09
213 3.45115e-09
214 3.45115e-09
215 3.45115e-09
216 3.45115e-09
217 3.45115e-09
218 3.45115e-09
219 3.45115e-09
220 3.45115e-09
221 3.45115e-09
222 3.45115e-09
223 3.45115e-09
224 3.45115e-09
225 3.45115e-09
226 3.45115e-09
227 3.45115e-09
228 3.45115e-09
229 3.45115e-09
230 3.45115e-09
231 3.45115e-09
232 3.45115e-09
233 4.64726e-09
234 1.06354e-08
235 3.19077e-08
236 1.01965e-07
237 3.20185e-07
238 9.82917e-07
239 2.94788e-06
240 8.63695e-06
241 2.47285e-05
242 6.92483e-05
243 0.000189961
244 0.000511539
245 0.00135563
246 0.00354469
247 0.00916619
248 0.0234772
249 0.059586
250 0.149738
251 0.371833
252 0.470191
253 0.512856
254 0.611637
255 0.652302
256 0.741083
257 0.775355
258 0.788123
259 0.813184
260 0.860487
261 0.946224
262 0.973471
263 0.981767
264 0.994987
265 0.998671
266 0.999652
267 0.999901
268 0.999962
269 0.999976
270 0.999993
271 0.999996
272 0.999992
273 0.99999
274 0.999988
275 0.999974
276 0.999917
277 0.999683
278 0.998782
279 0.995466
280 0.983831
281 0.976708
282 0.953923
283 0.941172
284 0.903759
285 0.884474
286 0.874894
287 0.849726
288 0.785523
289 0.625756
290 0.554479
291 0.38305
292 0.308411
293 0.13185
294 0.0559027
295 0.0234382
296 0.00968339
297 0.00392835
298 0.00155996
299 0.000604852
300 0.000228578
301 8.4097e-05
302 3.01071e-05
303 1.04889e-05
304 3.5581e-06
305 1.17646e-06
306 3.79597e-07
307 1.19854e-07
308 3.73686e-08
309 1.20942e-08
310 4.93017e-09
311 3.45115e-09
312 3.45115e-09
313 3.45115e-09
314 3.45115e-09
315 3.45115e-09
316 3.45115e-09
317 3.45115e-09
318 3.45115e-09
319 3.45115e-09
320 3.45115e-09
321 3.45115e-09
322 3.45115e-09
323 3.45115e-09
324 3.45115e-09
325 3.45115e-09
326 3.45115e-09
327 3.45115e-09
328 3.45115e-09
329 3.45115e-09
330 3.45115e-09
331 3.45115e-09
332 3.45115e-09
333 3.45115e-09
334 3.45115e-09
335 3.45115e-09
336 3.45115e-09
337 3.45115e-09
338 3.45115e-09
339 3.45115e-09
340 3.45115e-09
341 3.45115e-09
342 3.45115e-09
343 3.45115e-09
344 3.45115e-09
345 3.45115e-09
346 3.45115e-09
347 3.45115e-09
348 3.45115e-09
349 3.45115e-09
350 3.45115e-09
351 3.45115e-09
352 3.45115e-09
353 3.45115e-09
354 3.45115e-09
355 3.45115e-09
356 3.45115e-09
357 3.45115e-09
358 3.45115e-09
359 3.45115e-09
360 3.45115e-09
361 3.45115e-09
362 3.45115e-09
363 3.45115e-09
364 3.45115e-09
365 3.45115e-09
366 3.45115e-09
367 3.45115e-09
368 3.45115e-09
369 3.45115e-09
370 3.45115e-09
371 3.45115e-09
372 3.45115e-09
373 3.45115e-09
374 3.45115e-09
375 3.45115e-09
376 3.45115e-09
377 3.45115e-09
378 3.45115e-09
379 3.45115e-09
380 3.45115e-09
381 3.45115e-09
382 3.45115e-09
383 3.45115e-09
384 3.45115e-09
385 3.45115e-09
386 3.45115e-09
387 3.45115e-09
388 3.45115e-09
389 3.45115e-09
390 3.45115e-09
391 3.45115e-09
392 3.45115e-09
393 3.45115e-09
394 3.45115e-09
395 3.45115e-09
396 3.45115e-09
397 3.45115e-09
398 3.45115e-09
399 3.45115e-09
400 3.45115e-09
401 3.45115e-09
402 3.45115e-09
403 3.45115e-09
404 3.45115e-09
405 3.45115e-09
406 3.45115e-09
407 3.45115e-09
408 3.45115e-09
409 3.45115e-09
410 3.45115e-09
411 3.45115e-09
412 3.45115e-09
413 3.45115e-09
414 3.45115e-09
415 3.45115e-09
416 3.45115e-09
417 3.45115e-09
418 3.45115e-09
419 3.45115e-09
420 3.45115e-09
421 3.45115e-09
422 3.45115e-09
423 3.45115e-09
424 3.45115e-09
425 3.45115e-09
426 3.45115e-09
427 3.45115e-09
428 3.45115e-09
429 3.45115e-09
430 3.45115e-09
431 3.45115e-09
432 3.45115e-09
433 3.45115e-09
434 3.45115e-09
435 3.45115e-09
436 3.45115e-09
437 3.45115e-09
438 3.45115e-09
439 3.45115e-09
440 3.45115e-09
441 3.45115e-09
442 3.45115e-09
443 3.45115e-09
444 3.45115e-09
445 3.45115e-09
446 3.45115e-09
447 3.45115e-09
448 3.45115e-09
449 3.45115e-09
450 3.45115e-09
451 3.45115e-09
452 3.45115e-09
453 3.45115e-09
454 3.45115e-09
455 3.45115e-09
456 3.45115e-09
457 3.45115e-09
458 3.45115e-09
459 3.45115e-09
460 3.45115e-09
461 3.45115e-09
462 3.45115e-09
463 3.45115e-09
464 3.45115e-09
465 3.45115e-09
466 3.45115e-09
467 3.45115e-09
468 3.45115e-09
469 3.45115e-09
470 3.45115e-09
471 3.45115e-09
472 3.45115e-09
473 3.45115e-09
474 3.45115e-09
475 3.45115e-09
476 3.45115e-09
477 3.45115e-09
478 3.45115e-09
479 3.45115e-09
480 3.45115e-09
481 3.45115e-09
482 3.45115e-09
483 3.45115e-09
484 3.45115e-09
485 3.45115e-09
486 3.45115e-09
487 3.45115e-09
488 3.45115e-09
489 3.45115e-09
490 3.45115e-09
491 3.45115e-09
492 3.45115e-09
493 3.45115e-09
494 3.45115e-09
495 3.45115e-09
496 3.45115e-09
497 3.45115e-09
498 3.45115e-09
499 3.45115e-09
500 3.45115e-09
501 3.45115e-09
502 3.45115e-09
503 3.45115e-09
504 3.45115e-09
505 3.45115e-09
506 3.45115e-09
507 3.45115e-09
508 3.45115e-09
509 3.45115e-09
510 3.45115e-09
511 3.45115e-09
512 3.45115e-09
513 3.45115e-09
514 3.45115e-09
515 3.45115e-09
516 3.45115e-09
517 3.45115e-09
518 3.45115e-09
519 3.45115e-09
520 3.45115e-09
521 3.45115e-09
522 3.45115e-09
523 3.45115e-09
524 3.45115e-09
525 3.45115e-09
526 3.45115e-09
527 3.45115e-09
528 3.45115e-09
529 3.45115e-09
530 3.45115e-09
531 3.45115e-09
532 3.45115e-09
533 3.45115e-09
534 3.45115e-09
535 3.45115e-09
536 3.45115e-09
537 3.45115e-09
538 3.45115e-09
539 3.45115e-09
540 3.45115e-09
541 3.45115e-09
542 3.45115e-09
