1 2.41395e-09
2 2.41395e-09
3 2.41395e-09
4 2.41395e-09
5 2.41395e-09
6 2.41395e-09
7 2.41395e-09
8 2.41395e-09
9 2.41395e-09
10 2.41395e-09
11 2.41395e-09
12 2.41395e-09
13 2.41395e-09
14 2.41395e-09
15 2.41395e-09
16 2.41395e-09
17 2.41395e-09
18 2.41395e-09
19 2.41395e-09
20 2.41395e-09
21 2.41395e-09
22 2.41395e-09
23 2.41395e-09
24 2.41395e-09
25 2.41395e-09
26 2.41395e-09
27 2.41395e-09
28 2.41395e-09
29 2.41395e-09
30 2.41395e-09
31 2.41395e-09
32 2.41395e-09
33 2.41395e-09
34 2.41395e-09
35 2.41395e-09
36 2.41395e-09
37 2.41395e-09
38 2.41395e-09
39 2.41395e-09
40 2.41395e-09
41 2.41395e-09
42 2.41395e-09
43 2.41395e-09
44 2.41395e-09
45 2.41395e-09
46 2.41395e-09
47 2.41395e-09
48 2.41395e-09
49 2.41395e-09
50 2.41395e-09
51 2.41395e-09
52 2.41395e-09
53 2.41395e-09
54 2.41395e-09
55 2.41395e-09
56 2.41395e-09
57 2.41395e-09
58 2.41395e-09
59 2.41395e-09
60 2.41395e-09
61 2.41395e-09
62 2.41395e-09
63 2.41395e-09
64 2.41395e-09
65 2.41395e-09
66 2.41395e-09
67 2.41395e-09
68 2.41395e-09
69 2.41395e-09
70 2.41395e-09
71 2.41395e-09
72 2.41395e-09
73 2.41395e-09
74 2.41395e-09
75 2.41395e-09
76 2.41395e-09
77 2.41395e-09
78 2.41395e-09
79 2.41395e-09
80 2.41395e-09
81 2.41395e-09
82 2.41395e-09
83 2.41395e-09
84 2.41395e-09
85 2.41395e-09
86 2.41395e-09
87 2.41395e-09
88 2.41395e-09
89 2.41395e-09
90 2.41395e-09
91 2.41395e-09
92 2.41395e-09
93 2.41395e-09
94 2.41395e-09
95 2.41395e-09
96 2.41395e-09
97 2.41395e-09
98 2.41395e-09
99 2.41395e-09
100 2.41395e-09
101 2.41395e-09
102 2.41395e-09
103 2.41395e-09
104 2.41395e-09
105 2.41395e-09
106 2.41395e-09
107 2.41395e-09
108 2.41395e-09
109 2.41395e-09
110 2.41395e-09
111 2.41395e-09
112 2.41395e-09
113 2.41395e-09
114 2.41395e-09
115 2.41395e-09
116 2.41395e-09
117 2.41395e-09
118 2.41395e-09
119 2.41395e-09
120 2.41395e-09
121 2.41395e-09
122 2.41395e-09
123 2.41395e-09
124 2.41395e-09
125 2.41395e-09
126 2.41395e-09
127 2.41395e-09
128 2.41395e-09
129 2.41395e-09
130 2.41395e-09
131 2.41395e-09
132 2.41395e-09
133 2.41395e-09
134 2.41395e-09
135 2.41395e-09
136 2.41395e-09
137 2.41395e-09
138 2.41395e-09
139 2.41395e-09
140 2.41395e-09
141 2.41395e-09
142 2.41395e-09
143 2.41395e-09
144 2.41395e-09
145 2.41395e-09
146 2.41395e-09
147 2.41395e-09
148 2.41395e-09
149 2.41395e-09
150 2.41395e-09
151 2.41395e-09
152 2.41395e-09
153 2.41395e-09
154 2.41395e-09
155 2.41395e-09
156 2.41395e-09
157 2.41395e-09
158 2.41395e-09
159 2.41395e-09
160 2.41395e-09
161 2.41395e-09
162 2.41395e-09
163 2.41395e-09
164 2.41395e-09
165 2.41395e-09
166 2.41395e-09
167 2.41395e-09
168 2.41395e-09
169 2.41395e-09
170 2.41395e-09
171 2.41395e-09
172 2.41395e-09
173 2.41395e-09
174 2.41395e-09
175 2.41395e-09
176 2.41395e-09
177 2.41395e-09
178 2.41395e-09
179 2.41395e-09
180 2.41395e-09
181 2.41395e-09
182 2.41395e-09
183 2.41395e-09
184 2.41395e-09
185 2.41395e-09
186 2.41395e-09
187 2.41395e-09
188 2.41395e-09
189 2.41395e-09
190 2.41395e-09
191 2.41395e-09
192 2.41395e-09
193 2.41395e-09
194 2.41395e-09
195 2.41395e-09
196 2.41395e-09
197 2.41395e-09
198 2.41395e-09
199 2.41395e-09
200 2.41395e-09
201 2.41395e-09
202 2.41395e-09
203 2.41395e-09
204 2.41395e-09
205 2.41395e-09
206 2.41395e-09
207 2.41395e-09
208 2.41395e-09
209 2.41395e-09
210 2.41395e-09
211 2.41395e-09
212 2.41395e-09
213 2.41395e-09
214 2.41395e-09
215 2.41395e-09
216 2.41395e-09
217 2.41395e-09
218 2.41395e-09
219 2.41395e-09
220 2.41395e-09
221 2.41395e-09
222 2.41395e-09
223 2.41395e-09
224 2.41395e-09
225 2.41395e-09
226 2.41395e-09
227 2.41395e-09
228 2.41395e-09
229 2.41395e-09
230 2.41395e-09
231 2.41395e-09
232 2.41395e-09
233 2.41395e-09
234 2.41395e-09
235 2.41395e-09
236 2.41395e-09
237 3.66927e-09
238 9.46817e-09
239 3.14326e-08
240 1.05183e-07
241 3.51891e-07
242 1.17913e-06
243 3.95616e-06
244 1.32914e-05
245 4.4716e-05
246 0.000150533
247 0.000506018
248 0.00169259
249 0.00560891
250 0.0183278
251 0.0587974
252 0.081784
253 0.0945019
254 0.131947
255 0.151557
256 0.206264
257 0.233502
258 0.246784
259 0.281623
260 0.371881
261 0.603705
262 0.711885
263 0.76206
264 0.888319
265 0.945703
266 0.971329
267 0.982477
268 0.98706
269 0.988455
270 0.992405
271 0.993135
272 0.991257
273 0.99121
274 0.992765
275 0.992057
276 0.988903
277 0.980939
278 0.961968
279 0.917197
280 0.811771
281 0.766508
282 0.66093
283 0.616459
284 0.515849
285 0.475193
286 0.459207
287 0.425841
288 0.358375
289 0.226293
290 0.180511
291 0.0963794
292 0.0689316
293 0.0212446
294 0.00644337
295 0.00193353
296 0.000577208
297 0.000172226
298 5.15211e-05
299 1.54671e-05
300 4.65564e-06
301 1.40233e-06
302 4.21903e-07
303 1.26707e-07
304 3.79653e-08
305 1.13883e-08
306 4.14486e-09
307 2.55156e-09
308 2.41395e-09
309 2.41395e-09
310 2.41395e-09
311 2.41395e-09
312 2.41395e-09
313 2.41395e-09
314 2.41395e-09
315 2.41395e-09
316 2.41395e-09
317 2.41395e-09
318 2.41395e-09
319 2.41395e-09
320 2.41395e-09
321 2.41395e-09
322 2.41395e-09
323 2.41395e-09
324 2.41395e-09
325 2.41395e-09
326 2.41395e-09
327 2.41395e-09
328 2.41395e-09
329 2.41395e-09
330 2.41395e-09
331 2.41395e-09
332 2.41395e-09
333 2.41395e-09
334 2.41395e-09
335 2.41395e-09
336 2.41395e-09
337 2.41395e-09
338 2.41395e-09
339 2.41395e-09
340 2.41395e-09
341 2.41395e-09
342 2.41395e-09
343 2.41395e-09
344 2.41395e-09
345 2.41395e-09
346 2.41395e-09
347 2.41395e-09
348 2.41395e-09
349 2.41395e-09
350 2.41395e-09
351 2.41395e-09
352 2.41395e-09
353 2.41395e-09
354 2.41395e-09
355 2.41395e-09
356 2.41395e-09
357 2.41395e-09
358 2.41395e-09
359 2.41395e-09
360 2.41395e-09
361 2.41395e-09
362 2.41395e-09
363 2.41395e-09
364 2.41395e-09
365 2.41395e-09
366 2.41395e-09
367 2.41395e-09
368 2.41395e-09
369 2.41395e-09
370 2.41395e-09
371 2.41395e-09
372 2.41395e-09
373 2.41395e-09
374 2.41395e-09
375 2.41395e-09
376 2.41395e-09
377 2.41395e-09
378 2.41395e-09
379 2.41395e-09
380 2.41395e-09
381 2.41395e-09
382 2.41395e-09
383 2.41395e-09
384 2.41395e-09
385 2.41395e-09
386 2.41395e-09
387 2.41395e-09
388 2.41395e-09
389 2.41395e-09
390 2.41395e-09
391 2.41395e-09
392 2.41395e-09
393 2.41395e-09
394 2.41395e-09
395 2.41395e-09
396 2.41395e-09
397 2.41395e-09
398 2.41395e-09
399 2.41395e-09
400 2.41395e-09
401 2.41395e-09
402 2.41395e-09
403 2.41395e-09
404 2.41395e-09
405 2.41395e-09
406 2.41395e-09
407 2.41395e-09
408 2.41395e-09
409 2.41395e-09
410 2.41395e-09
411 2.41395e-09
412 2.41395e-09
413 2.41395e-09
414 2.41395e-09
415 2.41395e-09
416 2.41395e-09
417 2.41395e-09
418 2.41395e-09
419 2.41395e-09
420 2.41395e-09
421 2.41395e-09
422 2.41395e-09
423 2.41395e-09
424 2.41395e-09
425 2.41395e-09
426 2.41395e-09
427 2.41395e-09
428 2.41395e-09
429 2.41395e-09
430 2.41395e-09
431 2.41395e-09
432 2.41395e-09
433 2.41395e-09
434 2.41395e-09
435 2.41395e-09
436 2.41395e-09
437 2.41395e-09
438 2.41395e-09
439 2.41395e-09
440 2.41395e-09
441 2.41395e-09
442 2.41395e-09
443 2.41395e-09
444 2.41395e-09
445 2.41395e-09
446 2.41395e-09
447 2.41395e-09
448 2.41395e-09
449 2.41395e-09
450 2.41395e-09
451 2.41395e-09
452 2.41395e-09
453 2.41395e-09
454 2.41395e-09
455 2.41395e-09
456 2.41395e-09
457 2.41395e-09
458 2.41395e-09
459 2.41395e-09
460 2.41395e-09
461 2.41395e-09
462 2.41395e-09
463 2.41395e-09
464 2.41395e-09
465 2.41395e-09
466 2.41395e-09
467 2.41395e-09
468 2.41395e-09
469 2.41395e-09
470 2.41395e-09
471 2.41395e-09
472 2.41395e-09
473 2.41395e-09
474 2.41395e-09
475 2.41395e-09
476 2.41395e-09
477 2.41395e-09
478 2.41395e-09
479 2.41395e-09
480 2.41395e-09
481 2.41395e-09
482 2.41395e-09
483 2.41395e-09
484 2.41395e-09
485 2.41395e-09
486 2.41395e-09
487 2.41395e-09
488 2.41395e-09
489 2.41395e-09
490 2.41395e-09
491 2.41395e-09
492 2.41395e-09
493 2.41395e-09
494 2.41395e-09
495 2.41395e-09
496 2.41395e-09
497 2.41395e-09
498 2.41395e-09
499 2.41395e-09
500 2.41395e-09
501 2.41395e-09
502 2.41395e-09
503 2.41395e-09
504 2.41395e-09
505 2.41395e-09
506 2.41395e-09
507 2.41395e-09
508 2.41395e-09
509 2.41395e-09
510 2.41395e-09
511 2.41395e-09
512 2.41395e-09
513 2.41395e-09
514 2.41395e-09
515 2.41395e-09
516 2.41395e-09
517 2.41395e-09
518 2.41395e-09
519 2.41395e-09
520 2.41395e-09
521 2.41395e-09
522 2.41395e-09
523 2.41395e-09
524 2.41395e-09
525 2.41395e-09
526 2.41395e-09
527 2.41395e-09
528 2.41395e-09
529 2.41395e-09
530 2.41395e-09
531 2.41395e-09
532 2.41395e-09
533 2.41395e-09
534 2.41395e-09
535 2.41395e-09
536 2.41395e-09
537 2.41395e-09
538 2.41395e-09
539 2.41395e-09
540 2.41395e-09
541 2.41395e-09
542 2.41395e-09
