1 2.13966e-08
2 2.13966e-08
3 2.13966e-08
4 2.13966e-08
5 2.13966e-08
6 2.13966e-08
7 2.13966e-08
8 2.13966e-08
9 2.13966e-08
10 2.13966e-08
11 2.13966e-08
12 2.13966e-08
13 2.13966e-08
14 2.13966e-08
15 2.13966e-08
16 2.13966e-08
17 2.13966e-08
18 2.13966e-08
19 2.13966e-08
20 2.13966e-08
21 2.13966e-08
22 2.13966e-08
23 2.13966e-08
24 2.13966e-08
25 2.13966e-08
26 2.13966e-08
27 2.13966e-08
28 2.13966e-08
29 2.13966e-08
30 2.13966e-08
31 2.13966e-08
32 2.13966e-08
33 2.13966e-08
34 2.13966e-08
35 2.13966e-08
36 2.13966e-08
37 2.13966e-08
38 2.13966e-08
39 2.13966e-08
40 2.13966e-08
41 2.13966e-08
42 2.13966e-08
43 2.13966e-08
44 2.13966e-08
45 2.13966e-08
46 2.13966e-08
47 2.13966e-08
48 2.13966e-08
49 2.13966e-08
50 2.13966e-08
51 2.13966e-08
52 2.13966e-08
53 2.13966e-08
54 2.13966e-08
55 2.13966e-08
56 2.13966e-08
57 2.13966e-08
58 2.13966e-08
59 2.13966e-08
60 2.13966e-08
61 2.13966e-08
62 2.13966e-08
63 2.13966e-08
64 2.13966e-08
65 2.13966e-08
66 2.13966e-08
67 2.13966e-08
68 2.13966e-08
69 2.13966e-08
70 2.13966e-08
71 2.13966e-08
72 2.13966e-08
73 2.13966e-08
74 2.13966e-08
75 2.13966e-08
76 2.13966e-08
77 2.13966e-08
78 2.13966e-08
79 2.13966e-08
80 2.13966e-08
81 2.13966e-08
82 2.13966e-08
83 2.13966e-08
84 2.13966e-08
85 2.13966e-08
86 2.13966e-08
87 2.13966e-08
88 2.13966e-08
89 2.13966e-08
90 2.13966e-08
91 2.13966e-08
92 2.13966e-08
93 2.13966e-08
94 2.13966e-08
95 2.13966e-08
96 2.13966e-08
97 2.13966e-08
98 2.13966e-08
99 2.13966e-08
100 2.13966e-08
101 2.13966e-08
102 2.13966e-08
103 2.13966e-08
104 2.13966e-08
105 2.13966e-08
106 2.13966e-08
107 2.13966e-08
108 2.13966e-08
109 2.13966e-08
110 2.13966e-08
111 2.13966e-08
112 2.13966e-08
113 2.13966e-08
114 2.13966e-08
115 2.13966e-08
116 2.13966e-08
117 2.13966e-08
118 2.13966e-08
119 2.13966e-08
120 2.13966e-08
121 2.13966e-08
122 2.13966e-08
123 2.13966e-08
124 2.13966e-08
125 2.13966e-08
126 2.13966e-08
127 2.13966e-08
128 2.13966e-08
129 2.13966e-08
130 2.13966e-08
131 2.13966e-08
132 2.13966e-08
133 2.13966e-08
134 2.13966e-08
135 2.13966e-08
136 2.13966e-08
137 2.13966e-08
138 2.13966e-08
139 2.13966e-08
140 2.13966e-08
141 2.13966e-08
142 2.13966e-08
143 2.13966e-08
144 2.13966e-08
145 2.13966e-08
146 2.13966e-08
147 2.13966e-08
148 2.13966e-08
149 2.13966e-08
150 2.13966e-08
151 2.13966e-08
152 2.13966e-08
153 2.13966e-08
154 2.13966e-08
155 2.13966e-08
156 2.13966e-08
157 2.13966e-08
158 2.13966e-08
159 2.13966e-08
160 2.13966e-08
161 2.13966e-08
162 2.13966e-08
163 2.13966e-08
164 2.13966e-08
165 2.13966e-08
166 2.13966e-08
167 2.13966e-08
168 2.13966e-08
169 2.13966e-08
170 2.13966e-08
171 2.13966e-08
172 2.13966e-08
173 2.13966e-08
174 2.13966e-08
175 2.13966e-08
176 2.13966e-08
177 2.13966e-08
178 2.13966e-08
179 2.13966e-08
180 2.13966e-08
181 2.13966e-08
182 2.13966e-08
183 2.13966e-08
184 2.13966e-08
185 2.13966e-08
186 2.13966e-08
187 2.13966e-08
188 2.13966e-08
189 2.13966e-08
190 2.13966e-08
191 2.13966e-08
192 2.13966e-08
193 2.13966e-08
194 2.13966e-08
195 2.13966e-08
196 2.13966e-08
197 2.13966e-08
198 2.13966e-08
199 2.13966e-08
200 2.13966e-08
201 2.13966e-08
202 2.13966e-08
203 2.13966e-08
204 2.13966e-08
205 2.13966e-08
206 2.13966e-08
207 2.13966e-08
208 2.13966e-08
209 2.13966e-08
210 2.13966e-08
211 2.13966e-08
212 2.13966e-08
213 2.13966e-08
214 2.13966e-08
215 2.13966e-08
216 2.13966e-08
217 2.13966e-08
218 2.13966e-08
219 2.13966e-08
220 2.13966e-08
221 2.13966e-08
222 2.13966e-08
223 2.13966e-08
224 2.13966e-08
225 2.16705e-08
226 2.43542e-08
227 3.45287e-08
228 6.28405e-08
229 1.36327e-07
230 3.23738e-07
231 7.96239e-07
232 1.97369e-06
233 4.86764e-06
234 1.18709e-05
235 2.85153e-05
236 6.72623e-05
237 0.000155384
238 0.000350716
239 0.000771793
240 0.00165291
241 0.00343965
242 0.00694568
243 0.0135943
244 0.025765
245 0.047249
246 0.0837863
247 0.143604
248 0.237814
249 0.380478
250 0.588126
251 0.878594
252 0.950002
253 0.966886
254 0.98791
255 0.992525
256 0.997879
257 0.99898
258 0.9992
259 0.999435
260 0.99968
261 0.999933
262 0.999981
263 0.999989
264 0.999998
265 1
266 1
267 1
268 1
269 1
270 1
271 1
272 1
273 1
274 1
275 1
276 1
277 1
278 1
279 0.999998
280 0.999989
281 0.999981
282 0.999933
283 0.999887
284 0.999643
285 0.999409
286 0.999191
287 0.998105
288 0.992852
289 0.968268
290 0.947973
291 0.859755
292 0.792378
293 0.522156
294 0.332039
295 0.203716
296 0.120607
297 0.0689316
298 0.0380612
299 0.0203245
300 0.0105105
301 0.00527282
302 0.00257152
303 0.0012222
304 0.000567719
305 0.000258531
306 0.000115791
307 5.11616e-05
308 2.23596e-05
309 9.6848e-06
310 4.16303e-06
311 1.77816e-06
312 7.56805e-07
313 3.23738e-07
314 1.42184e-07
315 6.7166e-08
316 3.68679e-08
317 2.58022e-08
318 2.21755e-08
319 2.13966e-08
320 2.13966e-08
321 2.13966e-08
322 2.13966e-08
323 2.13966e-08
324 2.13966e-08
325 2.13966e-08
326 2.13966e-08
327 2.13966e-08
328 2.13966e-08
329 2.13966e-08
330 2.13966e-08
331 2.13966e-08
332 2.13966e-08
333 2.13966e-08
334 2.13966e-08
335 2.13966e-08
336 2.13966e-08
337 2.13966e-08
338 2.13966e-08
339 2.13966e-08
340 2.13966e-08
341 2.13966e-08
342 2.13966e-08
343 2.13966e-08
344 2.13966e-08
345 2.13966e-08
346 2.13966e-08
347 2.13966e-08
348 2.13966e-08
349 2.13966e-08
350 2.13966e-08
351 2.13966e-08
352 2.13966e-08
353 2.13966e-08
354 2.13966e-08
355 2.13966e-08
356 2.13966e-08
357 2.13966e-08
358 2.13966e-08
359 2.13966e-08
360 2.13966e-08
361 2.13966e-08
362 2.13966e-08
363 2.13966e-08
364 2.13966e-08
365 2.13966e-08
366 2.13966e-08
367 2.13966e-08
368 2.13966e-08
369 2.13966e-08
370 2.13966e-08
371 2.13966e-08
372 2.13966e-08
373 2.13966e-08
374 2.13966e-08
375 2.13966e-08
376 2.13966e-08
377 2.13966e-08
378 2.13966e-08
379 2.13966e-08
380 2.13966e-08
381 2.13966e-08
382 2.13966e-08
383 2.13966e-08
384 2.13966e-08
385 2.13966e-08
386 2.13966e-08
387 2.13966e-08
388 2.13966e-08
389 2.13966e-08
390 2.13966e-08
391 2.13966e-08
392 2.13966e-08
393 2.13966e-08
394 2.13966e-08
395 2.13966e-08
396 2.13966e-08
397 2.13966e-08
398 2.13966e-08
399 2.13966e-08
400 2.13966e-08
401 2.13966e-08
402 2.13966e-08
403 2.13966e-08
404 2.13966e-08
405 2.13966e-08
406 2.13966e-08
407 2.13966e-08
408 2.13966e-08
409 2.13966e-08
410 2.13966e-08
411 2.13966e-08
412 2.13966e-08
413 2.13966e-08
414 2.13966e-08
415 2.13966e-08
416 2.13966e-08
417 2.13966e-08
418 2.13966e-08
419 2.13966e-08
420 2.13966e-08
421 2.13966e-08
422 2.13966e-08
423 2.13966e-08
424 2.13966e-08
425 2.13966e-08
426 2.13966e-08
427 2.13966e-08
428 2.13966e-08
429 2.13966e-08
430 2.13966e-08
431 2.13966e-08
432 2.13966e-08
433 2.13966e-08
434 2.13966e-08
435 2.13966e-08
436 2.13966e-08
437 2.13966e-08
438 2.13966e-08
439 2.13966e-08
440 2.13966e-08
441 2.13966e-08
442 2.13966e-08
443 2.13966e-08
444 2.13966e-08
445 2.13966e-08
446 2.13966e-08
447 2.13966e-08
448 2.13966e-08
449 2.13966e-08
450 2.13966e-08
451 2.13966e-08
452 2.13966e-08
453 2.13966e-08
454 2.13966e-08
455 2.13966e-08
456 2.13966e-08
457 2.13966e-08
458 2.13966e-08
459 2.13966e-08
460 2.13966e-08
461 2.13966e-08
462 2.13966e-08
463 2.13966e-08
464 2.13966e-08
465 2.13966e-08
466 2.13966e-08
467 2.13966e-08
468 2.13966e-08
469 2.13966e-08
470 2.13966e-08
471 2.13966e-08
472 2.13966e-08
473 2.13966e-08
474 2.13966e-08
475 2.13966e-08
476 2.13966e-08
477 2.13966e-08
478 2.13966e-08
479 2.13966e-08
480 2.13966e-08
481 2.13966e-08
482 2.13966e-08
483 2.13966e-08
484 2.13966e-08
485 2.13966e-08
486 2.13966e-08
487 2.13966e-08
488 2.13966e-08
489 2.13966e-08
490 2.13966e-08
491 2.13966e-08
492 2.13966e-08
493 2.13966e-08
494 2.13966e-08
495 2.13966e-08
496 2.13966e-08
497 2.13966e-08
498 2.13966e-08
499 2.13966e-08
500 2.13966e-08
501 2.13966e-08
502 2.13966e-08
503 2.13966e-08
504 2.13966e-08
505 2.13966e-08
506 2.13966e-08
507 2.13966e-08
508 2.13966e-08
509 2.13966e-08
510 2.13966e-08
511 2.13966e-08
512 2.13966e-08
513 2.13966e-08
514 2.13966e-08
515 2.13966e-08
516 2.13966e-08
517 2.13966e-08
518 2.13966e-08
519 2.13966e-08
520 2.13966e-08
521 2.13966e-08
522 2.13966e-08
523 2.13966e-08
524 2.13966e-08
525 2.13966e-08
526 2.13966e-08
527 2.13966e-08
528 2.13966e-08
529 2.13966e-08
530 2.13966e-08
531 2.13966e-08
532 2.13966e-08
533 2.13966e-08
534 2.13966e-08
535 2.13966e-08
536 2.13966e-08
537 2.13966e-08
538 2.13966e-08
539 2.13966e-08
540 2.13966e-08
541 2.13966e-08
542 2.13966e-08
