1 1.28775e-08
2 1.28775e-08
3 1.28775e-08
4 1.28775e-08
5 1.28775e-08
6 1.28775e-08
7 1.28775e-08
8 1.28775e-08
9 1.28775e-08
10 1.28775e-08
11 1.28775e-08
12 1.28775e-08
13 1.28775e-08
14 1.28775e-08
15 1.28775e-08
16 1.28775e-08
17 1.28775e-08
18 1.28775e-08
19 1.28775e-08
20 1.28775e-08
21 1.28775e-08
22 1.28775e-08
23 1.28775e-08
24 1.28775e-08
25 1.28775e-08
26 1.28775e-08
27 1.28775e-08
28 1.28775e-08
29 1.28775e-08
30 1.28775e-08
31 1.28775e-08
32 1.28775e-08
33 1.28775e-08
34 1.28775e-08
35 1.28775e-08
36 1.28775e-08
37 1.28775e-08
38 1.28775e-08
39 1.28775e-08
40 1.28775e-08
41 1.28775e-08
42 1.28775e-08
43 1.28775e-08
44 1.28775e-08
45 1.28775e-08
46 1.28775e-08
47 1.28775e-08
48 1.28775e-08
49 1.28775e-08
50 1.28775e-08
51 1.28775e-08
52 1.28775e-08
53 1.28775e-08
54 1.28775e-08
55 1.28775e-08
56 1.28775e-08
57 1.28775e-08
58 1.28775e-08
59 1.28775e-08
60 1.28775e-08
61 1.28775e-08
62 1.28775e-08
63 1.28775e-08
64 1.28775e-08
65 1.28775e-08
66 1.28775e-08
67 1.28775e-08
68 1.28775e-08
69 1.28775e-08
70 1.28775e-08
71 1.28775e-08
72 1.28775e-08
73 1.28775e-08
74 1.28775e-08
75 1.28775e-08
76 1.28775e-08
77 1.28775e-08
78 1.28775e-08
79 1.28775e-08
80 1.28775e-08
81 1.28775e-08
82 1.28775e-08
83 1.28775e-08
84 1.28775e-08
85 1.28775e-08
86 1.28775e-08
87 1.28775e-08
88 1.28775e-08
89 1.28775e-08
90 1.28775e-08
91 1.28775e-08
92 1.28775e-08
93 1.28775e-08
94 1.28775e-08
95 1.28775e-08
96 1.28775e-08
97 1.28775e-08
98 1.28775e-08
99 1.28775e-08
100 1.28775e-08
101 1.28775e-08
102 1.28775e-08
103 1.28775e-08
104 1.28775e-08
105 1.28775e-08
106 1.28775e-08
107 1.28775e-08
108 1.28775e-08
109 1.28775e-08
110 1.28775e-08
111 1.28775e-08
112 1.28775e-08
113 1.28775e-08
114 1.28775e-08
115 1.28775e-08
116 1.28775e-08
117 1.28775e-08
118 1.28775e-08
119 1.28775e-08
120 1.28775e-08
121 1.28775e-08
122 1.28775e-08
123 1.28775e-08
124 1.28775e-08
125 1.28775e-08
126 1.28775e-08
127 1.28775e-08
128 1.28775e-08
129 1.28775e-08
130 1.28775e-08
131 1.28775e-08
132 1.28775e-08
133 1.28775e-08
134 1.28775e-08
135 1.28775e-08
136 1.28775e-08
137 1.28775e-08
138 1.28775e-08
139 1.28775e-08
140 1.28775e-08
141 1.28775e-08
142 1.28775e-08
143 1.28775e-08
144 1.28775e-08
145 1.28775e-08
146 1.28775e-08
147 1.28775e-08
148 1.28775e-08
149 1.28775e-08
150 1.28775e-08
151 1.28775e-08
152 1.28775e-08
153 1.28775e-08
154 1.28775e-08
155 1.28775e-08
156 1.28775e-08
157 1.28775e-08
158 1.28775e-08
159 1.28775e-08
160 1.28775e-08
161 1.28775e-08
162 1.28775e-08
163 1.28775e-08
164 1.28775e-08
165 1.28775e-08
166 1.28775e-08
167 1.28775e-08
168 1.28775e-08
169 1.28775e-08
170 1.28775e-08
171 1.28775e-08
172 1.28775e-08
173 1.28775e-08
174 1.28775e-08
175 1.28775e-08
176 1.28775e-08
177 1.28775e-08
178 1.28775e-08
179 1.28775e-08
180 1.28775e-08
181 1.28775e-08
182 1.28775e-08
183 1.28775e-08
184 1.28775e-08
185 1.28775e-08
186 1.28775e-08
187 1.28775e-08
188 1.28775e-08
189 1.28775e-08
190 1.28775e-08
191 1.28775e-08
192 1.28775e-08
193 1.28775e-08
194 1.28775e-08
195 1.28775e-08
196 1.28775e-08
197 1.28775e-08
198 1.28775e-08
199 1.28775e-08
200 1.28775e-08
201 1.28775e-08
202 1.28775e-08
203 1.28775e-08
204 1.28775e-08
205 1.28775e-08
206 1.28775e-08
207 1.28775e-08
208 1.28775e-08
209 1.28775e-08
210 1.28775e-08
211 1.28775e-08
212 1.28775e-08
213 1.28775e-08
214 1.28775e-08
215 1.28775e-08
216 1.28775e-08
217 1.28775e-08
218 1.28775e-08
219 1.28775e-08
220 1.28775e-08
221 1.28775e-08
222 1.28775e-08
223 1.28775e-08
224 1.28775e-08
225 1.28775e-08
226 1.28775e-08
227 1.42027e-08
228 2.04618e-08
229 4.01797e-08
230 9.30854e-08
231 2.31119e-07
232 5.84756e-07
233 1.48125e-06
234 3.72676e-06
235 9.2817e-06
236 2.28252e-05
237 5.5286e-05
238 0.000131555
239 0.000306747
240 0.00069915
241 0.0015542
242 0.00336301
243 0.00707121
244 0.0144267
245 0.0285243
246 0.0545993
247 0.101091
248 0.180922
249 0.312822
250 0.522362
251 0.842246
252 0.928007
253 0.950089
254 0.979963
255 0.987064
256 0.995946
257 0.997903
258 0.998319
259 0.998788
260 0.999302
261 0.999851
262 0.999956
263 0.999975
264 0.999995
265 0.999999
266 1
267 1
268 1
269 1
270 1
271 1
272 1
273 1
274 1
275 1
276 1
277 1
278 0.999999
279 0.999995
280 0.999975
281 0.999956
282 0.999851
283 0.999751
284 0.999242
285 0.998779
286 0.998371
287 0.996466
288 0.9879
289 0.950845
290 0.922705
291 0.810588
292 0.732284
293 0.445531
294 0.261432
295 0.148029
296 0.0809481
297 0.0427999
298 0.0219136
299 0.0108855
300 0.00525821
301 0.00247664
302 0.00114092
303 0.000515753
304 0.000229544
305 0.000100888
306 4.38917e-05
307 1.89284e-05
308 8.09433e-06
309 3.43051e-06
310 1.43964e-06
311 5.98218e-07
312 2.473e-07
313 1.03129e-07
314 4.53282e-08
315 2.31224e-08
316 1.54716e-08
317 1.32134e-08
318 1.28775e-08
319 1.28775e-08
320 1.28775e-08
321 1.28775e-08
322 1.28775e-08
323 1.28775e-08
324 1.28775e-08
325 1.28775e-08
326 1.28775e-08
327 1.28775e-08
328 1.28775e-08
329 1.28775e-08
330 1.28775e-08
331 1.28775e-08
332 1.28775e-08
333 1.28775e-08
334 1.28775e-08
335 1.28775e-08
336 1.28775e-08
337 1.28775e-08
338 1.28775e-08
339 1.28775e-08
340 1.28775e-08
341 1.28775e-08
342 1.28775e-08
343 1.28775e-08
344 1.28775e-08
345 1.28775e-08
346 1.28775e-08
347 1.28775e-08
348 1.28775e-08
349 1.28775e-08
350 1.28775e-08
351 1.28775e-08
352 1.28775e-08
353 1.28775e-08
354 1.28775e-08
355 1.28775e-08
356 1.28775e-08
357 1.28775e-08
358 1.28775e-08
359 1.28775e-08
360 1.28775e-08
361 1.28775e-08
362 1.28775e-08
363 1.28775e-08
364 1.28775e-08
365 1.28775e-08
366 1.28775e-08
367 1.28775e-08
368 1.28775e-08
369 1.28775e-08
370 1.28775e-08
371 1.28775e-08
372 1.28775e-08
373 1.28775e-08
374 1.28775e-08
375 1.28775e-08
376 1.28775e-08
377 1.28775e-08
378 1.28775e-08
379 1.28775e-08
380 1.28775e-08
381 1.28775e-08
382 1.28775e-08
383 1.28775e-08
384 1.28775e-08
385 1.28775e-08
386 1.28775e-08
387 1.28775e-08
388 1.28775e-08
389 1.28775e-08
390 1.28775e-08
391 1.28775e-08
392 1.28775e-08
393 1.28775e-08
394 1.28775e-08
395 1.28775e-08
396 1.28775e-08
397 1.28775e-08
398 1.28775e-08
399 1.28775e-08
400 1.28775e-08
401 1.28775e-08
402 1.28775e-08
403 1.28775e-08
404 1.28775e-08
405 1.28775e-08
406 1.28775e-08
407 1.28775e-08
408 1.28775e-08
409 1.28775e-08
410 1.28775e-08
411 1.28775e-08
412 1.28775e-08
413 1.28775e-08
414 1.28775e-08
415 1.28775e-08
416 1.28775e-08
417 1.28775e-08
418 1.28775e-08
419 1.28775e-08
420 1.28775e-08
421 1.28775e-08
422 1.28775e-08
423 1.28775e-08
424 1.28775e-08
425 1.28775e-08
426 1.28775e-08
427 1.28775e-08
428 1.28775e-08
429 1.28775e-08
430 1.28775e-08
431 1.28775e-08
432 1.28775e-08
433 1.28775e-08
434 1.28775e-08
435 1.28775e-08
436 1.28775e-08
437 1.28775e-08
438 1.28775e-08
439 1.28775e-08
440 1.28775e-08
441 1.28775e-08
442 1.28775e-08
443 1.28775e-08
444 1.28775e-08
445 1.28775e-08
446 1.28775e-08
447 1.28775e-08
448 1.28775e-08
449 1.28775e-08
450 1.28775e-08
451 1.28775e-08
452 1.28775e-08
453 1.28775e-08
454 1.28775e-08
455 1.28775e-08
456 1.28775e-08
457 1.28775e-08
458 1.28775e-08
459 1.28775e-08
460 1.28775e-08
461 1.28775e-08
462 1.28775e-08
463 1.28775e-08
464 1.28775e-08
465 1.28775e-08
466 1.28775e-08
467 1.28775e-08
468 1.28775e-08
469 1.28775e-08
470 1.28775e-08
471 1.28775e-08
472 1.28775e-08
473 1.28775e-08
474 1.28775e-08
475 1.28775e-08
476 1.28775e-08
477 1.28775e-08
478 1.28775e-08
479 1.28775e-08
480 1.28775e-08
481 1.28775e-08
482 1.28775e-08
483 1.28775e-08
484 1.28775e-08
485 1.28775e-08
486 1.28775e-08
487 1.28775e-08
488 1.28775e-08
489 1.28775e-08
490 1.28775e-08
491 1.28775e-08
492 1.28775e-08
493 1.28775e-08
494 1.28775e-08
495 1.28775e-08
496 1.28775e-08
497 1.28775e-08
498 1.28775e-08
499 1.28775e-08
500 1.28775e-08
501 1.28775e-08
502 1.28775e-08
503 1.28775e-08
504 1.28775e-08
505 1.28775e-08
506 1.28775e-08
507 1.28775e-08
508 1.28775e-08
509 1.28775e-08
510 1.28775e-08
511 1.28775e-08
512 1.28775e-08
513 1.28775e-08
514 1.28775e-08
515 1.28775e-08
516 1.28775e-08
517 1.28775e-08
518 1.28775e-08
519 1.28775e-08
520 1.28775e-08
521 1.28775e-08
522 1.28775e-08
523 1.28775e-08
524 1.28775e-08
525 1.28775e-08
526 1.28775e-08
527 1.28775e-08
528 1.28775e-08
529 1.28775e-08
530 1.28775e-08
531 1.28775e-08
532 1.28775e-08
533 1.28775e-08
534 1.28775e-08
535 1.28775e-08
536 1.28775e-08
537 1.28775e-08
538 1.28775e-08
539 1.28775e-08
540 1.28775e-08
541 1.28775e-08
542 1.28775e-08
