1 6.90964e-09
2 6.90964e-09
3 6.90964e-09
4 6.90964e-09
5 6.90964e-09
6 6.90964e-09
7 6.90964e-09
8 6.90964e-09
9 6.90964e-09
10 6.90964e-09
11 6.90964e-09
12 6.90964e-09
13 6.90964e-09
14 6.90964e-09
15 6.90964e-09
16 6.90964e-09
17 6.90964e-09
18 6.90964e-09
19 6.90964e-09
20 6.90964e-09
21 6.90964e-09
22 6.90964e-09
23 6.90964e-09
24 6.90964e-09
25 6.90964e-09
26 6.90964e-09
27 6.90964e-09
28 6.90964e-09
29 6.90964e-09
30 6.90964e-09
31 6.90964e-09
32 6.90964e-09
33 6.90964e-09
34 6.90964e-09
35 6.90964e-09
36 6.90964e-09
37 6.90964e-09
38 6.90964e-09
39 6.90964e-09
40 6.90964e-09
41 6.90964e-09
42 6.90964e-09
43 6.90964e-09
44 6.90964e-09
45 6.90964e-09
46 6.90964e-09
47 6.90964e-09
48 6.90964e-09
49 6.90964e-09
50 6.90964e-09
51 6.90964e-09
52 6.90964e-09
53 6.90964e-09
54 6.90964e-09
55 6.90964e-09
56 6.90964e-09
57 6.90964e-09
58 6.90964e-09
59 6.90964e-09
60 6.90964e-09
61 6.90964e-09
62 6.90964e-09
63 6.90964e-09
64 6.90964e-09
65 6.90964e-09
66 6.90964e-09
67 6.90964e-09
68 6.90964e-09
69 6.90964e-09
70 6.90964e-09
71 6.90964e-09
72 6.90964e-09
73 6.90964e-09
74 6.90964e-09
75 6.90964e-09
76 6.90964e-09
77 6.90964e-09
78 6.90964e-09
79 6.90964e-09
80 6.90964e-09
81 6.90964e-09
82 6.90964e-09
83 6.90964e-09
84 6.90964e-09
85 6.90964e-09
86 6.90964e-09
87 6.90964e-09
88 6.90964e-09
89 6.90964e-09
90 6.90964e-09
91 6.90964e-09
92 6.90964e-09
93 6.90964e-09
94 6.90964e-09
95 6.90964e-09
96 6.90964e-09
97 6.90964e-09
98 6.90964e-09
99 6.90964e-09
100 6.90964e-09
101 6.90964e-09
102 6.90964e-09
103 6.90964e-09
104 6.90964e-09
105 6.90964e-09
106 6.90964e-09
107 6.90964e-09
108 6.90964e-09
109 6.90964e-09
110 6.90964e-09
111 6.90964e-09
112 6.90964e-09
113 6.90964e-09
114 6.90964e-09
115 6.90964e-09
116 6.90964e-09
117 6.90964e-09
118 6.90964e-09
119 6.90964e-09
120 6.90964e-09
121 6.90964e-09
122 6.90964e-09
123 6.90964e-09
124 6.90964e-09
125 6.90964e-09
126 6.90964e-09
127 6.90964e-09
128 6.90964e-09
129 6.90964e-09
130 6.90964e-09
131 6.90964e-09
132 6.90964e-09
133 6.90964e-09
134 6.90964e-09
135 6.90964e-09
136 6.90964e-09
137 6.90964e-09
138 6.90964e-09
139 6.90964e-09
140 6.90964e-09
141 6.90964e-09
142 6.90964e-09
143 6.90964e-09
144 6.90964e-09
145 6.90964e-09
146 6.90964e-09
147 6.90964e-09
148 6.90964e-09
149 6.90964e-09
150 6.90964e-09
151 6.90964e-09
152 6.90964e-09
153 6.90964e-09
154 6.90964e-09
155 6.90964e-09
156 6.90964e-09
157 6.90964e-09
158 6.90964e-09
159 6.90964e-09
160 6.90964e-09
161 6.90964e-09
162 6.90964e-09
163 6.90964e-09
164 6.90964e-09
165 6.90964e-09
166 6.90964e-09
167 6.90964e-09
168 6.90964e-09
169 6.90964e-09
170 6.90964e-09
171 6.90964e-09
172 6.90964e-09
173 6.90964e-09
174 6.90964e-09
175 6.90964e-09
176 6.90964e-09
177 6.90964e-09
178 6.90964e-09
179 6.90964e-09
180 6.90964e-09
181 6.90964e-09
182 6.90964e-09
183 6.90964e-09
184 6.90964e-09
185 6.90964e-09
186 6.90964e-09
187 6.90964e-09
188 6.90964e-09
189 6.90964e-09
190 6.90964e-09
191 6.90964e-09
192 6.90964e-09
193 6.90964e-09
194 6.90964e-09
195 6.90964e-09
196 6.90964e-09
197 6.90964e-09
198 6.90964e-09
199 6.90964e-09
200 6.90964e-09
201 6.90964e-09
202 6.90964e-09
203 6.90964e-09
204 6.90964e-09
205 6.90964e-09
206 6.90964e-09
207 6.90964e-09
208 6.90964e-09
209 6.90964e-09
210 6.90964e-09
211 6.90964e-09
212 6.90964e-09
213 6.90964e-09
214 6.90964e-09
215 6.90964e-09
216 6.90964e-09
217 6.90964e-09
218 6.90964e-09
219 6.90964e-09
220 6.90964e-09
221 6.90964e-09
222 6.90964e-09
223 6.90964e-09
224 6.90964e-09
225 6.90964e-09
226 6.90964e-09
227 6.90964e-09
228 6.90964e-09
229 8.02406e-09
230 1.41761e-08
231 3.47139e-08
232 9.29002e-08
233 2.48621e-07
234 6.57017e-07
235 1.7148e-06
236 4.4233e-06
237 1.12888e-05
238 2.85069e-05
239 7.11674e-05
240 0.000175353
241 0.000425448
242 0.00101376
243 0.00236592
244 0.00539396
245 0.0119848
246 0.0258979
247 0.0543292
248 0.110479
249 0.217496
250 0.414089
251 0.761779
252 0.869907
253 0.902219
254 0.952933
255 0.966899
256 0.987079
257 0.992193
258 0.993437
259 0.995026
260 0.996978
261 0.999289
262 0.999771
263 0.999869
264 0.999975
265 0.999995
266 0.999999
267 1
268 1
269 1
270 1
271 1
272 1
273 1
274 1
275 1
276 1
277 0.999999
278 0.999995
279 0.999975
280 0.99987
281 0.999773
282 0.999298
283 0.998885
284 0.996993
285 0.995468
286 0.994289
287 0.98951
288 0.970955
289 0.90199
290 0.857115
291 0.704112
292 0.612665
293 0.325715
294 0.167472
295 0.0834404
296 0.040381
297 0.0190359
298 0.00876957
299 0.00396211
300 0.00176191
301 0.000773721
302 0.000336404
303 0.000145037
304 6.20209e-05
305 2.6278e-05
306 1.10091e-05
307 4.5485e-06
308 1.8478e-06
309 7.35884e-07
310 2.86674e-07
311 1.09245e-07
312 4.10688e-08
313 1.67435e-08
314 8.90947e-09
315 6.90964e-09
316 6.90964e-09
317 6.90964e-09
318 6.90964e-09
319 6.90964e-09
320 6.90964e-09
321 6.90964e-09
322 6.90964e-09
323 6.90964e-09
324 6.90964e-09
325 6.90964e-09
326 6.90964e-09
327 6.90964e-09
328 6.90964e-09
329 6.90964e-09
330 6.90964e-09
331 6.90964e-09
332 6.90964e-09
333 6.90964e-09
334 6.90964e-09
335 6.90964e-09
336 6.90964e-09
337 6.90964e-09
338 6.90964e-09
339 6.90964e-09
340 6.90964e-09
341 6.90964e-09
342 6.90964e-09
343 6.90964e-09
344 6.90964e-09
345 6.90964e-09
346 6.90964e-09
347 6.90964e-09
348 6.90964e-09
349 6.90964e-09
350 6.90964e-09
351 6.90964e-09
352 6.90964e-09
353 6.90964e-09
354 6.90964e-09
355 6.90964e-09
356 6.90964e-09
357 6.90964e-09
358 6.90964e-09
359 6.90964e-09
360 6.90964e-09
361 6.90964e-09
362 6.90964e-09
363 6.90964e-09
364 6.90964e-09
365 6.90964e-09
366 6.90964e-09
367 6.90964e-09
368 6.90964e-09
369 6.90964e-09
370 6.90964e-09
371 6.90964e-09
372 6.90964e-09
373 6.90964e-09
374 6.90964e-09
375 6.90964e-09
376 6.90964e-09
377 6.90964e-09
378 6.90964e-09
379 6.90964e-09
380 6.90964e-09
381 6.90964e-09
382 6.90964e-09
383 6.90964e-09
384 6.90964e-09
385 6.90964e-09
386 6.90964e-09
387 6.90964e-09
388 6.90964e-09
389 6.90964e-09
390 6.90964e-09
391 6.90964e-09
392 6.90964e-09
393 6.90964e-09
394 6.90964e-09
395 6.90964e-09
396 6.90964e-09
397 6.90964e-09
398 6.90964e-09
399 6.90964e-09
400 6.90964e-09
401 6.90964e-09
402 6.90964e-09
403 6.90964e-09
404 6.90964e-09
405 6.90964e-09
406 6.90964e-09
407 6.90964e-09
408 6.90964e-09
409 6.90964e-09
410 6.90964e-09
411 6.90964e-09
412 6.90964e-09
413 6.90964e-09
414 6.90964e-09
415 6.90964e-09
416 6.90964e-09
417 6.90964e-09
418 6.90964e-09
419 6.90964e-09
420 6.90964e-09
421 6.90964e-09
422 6.90964e-09
423 6.90964e-09
424 6.90964e-09
425 6.90964e-09
426 6.90964e-09
427 6.90964e-09
428 6.90964e-09
429 6.90964e-09
430 6.90964e-09
431 6.90964e-09
432 6.90964e-09
433 6.90964e-09
434 6.90964e-09
435 6.90964e-09
436 6.90964e-09
437 6.90964e-09
438 6.90964e-09
439 6.90964e-09
440 6.90964e-09
441 6.90964e-09
442 6.90964e-09
443 6.90964e-09
444 6.90964e-09
445 6.90964e-09
446 6.90964e-09
447 6.90964e-09
448 6.90964e-09
449 6.90964e-09
450 6.90964e-09
451 6.90964e-09
452 6.90964e-09
453 6.90964e-09
454 6.90964e-09
455 6.90964e-09
456 6.90964e-09
457 6.90964e-09
458 6.90964e-09
459 6.90964e-09
460 6.90964e-09
461 6.90964e-09
462 6.90964e-09
463 6.90964e-09
464 6.90964e-09
465 6.90964e-09
466 6.90964e-09
467 6.90964e-09
468 6.90964e-09
469 6.90964e-09
470 6.90964e-09
471 6.90964e-09
472 6.90964e-09
473 6.90964e-09
474 6.90964e-09
475 6.90964e-09
476 6.90964e-09
477 6.90964e-09
478 6.90964e-09
479 6.90964e-09
480 6.90964e-09
481 6.90964e-09
482 6.90964e-09
483 6.90964e-09
484 6.90964e-09
485 6.90964e-09
486 6.90964e-09
487 6.90964e-09
488 6.90964e-09
489 6.90964e-09
490 6.90964e-09
491 6.90964e-09
492 6.90964e-09
493 6.90964e-09
494 6.90964e-09
495 6.90964e-09
496 6.90964e-09
497 6.90964e-09
498 6.90964e-09
499 6.90964e-09
500 6.90964e-09
501 6.90964e-09
502 6.90964e-09
503 6.90964e-09
504 6.90964e-09
505 6.90964e-09
506 6.90964e-09
507 6.90964e-09
508 6.90964e-09
509 6.90964e-09
510 6.90964e-09
511 6.90964e-09
512 6.90964e-09
513 6.90964e-09
514 6.90964e-09
515 6.90964e-09
516 6.90964e-09
517 6.90964e-09
518 6.90964e-09
519 6.90964e-09
520 6.90964e-09
521 6.90964e-09
522 6.90964e-09
523 6.90964e-09
524 6.90964e-09
525 6.90964e-09
526 6.90964e-09
527 6.90964e-09
528 6.90964e-09
529 6.90964e-09
530 6.90964e-09
531 6.90964e-09
532 6.90964e-09
533 6.90964e-09
534 6.90964e-09
535 6.90964e-09
536 6.90964e-09
537 6.90964e-09
538 6.90964e-09
539 6.90964e-09
540 6.90964e-09
541 6.90964e-09
542 6.90964e-09
