1 4.05768e-09
2 4.05768e-09
3 4.05768e-09
4 4.05768e-09
5 4.05768e-09
6 4.05768e-09
7 4.05768e-09
8 4.05768e-09
9 4.05768e-09
10 4.05768e-09
11 4.05768e-09
12 4.05768e-09
13 4.05768e-09
14 4.05768e-09
15 4.05768e-09
16 4.05768e-09
17 4.05768e-09
18 4.05768e-09
19 4.05768e-09
20 4.05768e-09
21 4.05768e-09
22 4.05768e-09
23 4.05768e-09
24 4.05768e-09
25 4.05768e-09
26 4.05768e-09
27 4.05768e-09
28 4.05768e-09
29 4.05768e-09
30 4.05768e-09
31 4.05768e-09
32 4.05768e-09
33 4.05768e-09
34 4.05768e-09
35 4.05768e-09
36 4.05768e-09
37 4.05768e-09
38 4.05768e-09
39 4.05768e-09
40 4.05768e-09
41 4.05768e-09
42 4.05768e-09
43 4.05768e-09
44 4.05768e-09
45 4.05768e-09
46 4.05768e-09
47 4.05768e-09
48 4.05768e-09
49 4.05768e-09
50 4.05768e-09
51 4.05768e-09
52 4.05768e-09
53 4.05768e-09
54 4.05768e-09
55 4.05768e-09
56 4.05768e-09
57 4.05768e-09
58 4.05768e-09
59 4.05768e-09
60 4.05768e-09
61 4.05768e-09
62 4.05768e-09
63 4.05768e-09
64 4.05768e-09
65 4.05768e-09
66 4.05768e-09
67 4.05768e-09
68 4.05768e-09
69 4.05768e-09
70 4.05768e-09
71 4.05768e-09
72 4.05768e-09
73 4.05768e-09
74 4.05768e-09
75 4.05768e-09
76 4.05768e-09
77 4.05768e-09
78 4.05768e-09
79 4.05768e-09
80 4.05768e-09
81 4.05768e-09
82 4.05768e-09
83 4.05768e-09
84 4.05768e-09
85 4.05768e-09
86 4.05768e-09
87 4.05768e-09
88 4.05768e-09
89 4.05768e-09
90 4.05768e-09
91 4.05768e-09
92 4.05768e-09
93 4.05768e-09
94 4.05768e-09
95 4.05768e-09
96 4.05768e-09
97 4.05768e-09
98 4.05768e-09
99 4.05768e-09
100 4.05768e-09
101 4.05768e-09
102 4.05768e-09
103 4.05768e-09
104 4.05768e-09
105 4.05768e-09
106 4.05768e-09
107 4.05768e-09
108 4.05768e-09
109 4.05768e-09
110 4.05768e-09
111 4.05768e-09
112 4.05768e-09
113 4.05768e-09
114 4.05768e-09
115 4.05768e-09
116 4.05768e-09
117 4.05768e-09
118 4.05768e-09
119 4.05768e-09
120 4.05768e-09
121 4.05768e-09
122 4.05768e-09
123 4.05768e-09
124 4.05768e-09
125 4.05768e-09
126 4.05768e-09
127 4.05768e-09
128 4.05768e-09
129 4.05768e-09
130 4.05768e-09
131 4.05768e-09
132 4.05768e-09
133 4.05768e-09
134 4.05768e-09
135 4.05768e-09
136 4.05768e-09
137 4.05768e-09
138 4.05768e-09
139 4.05768e-09
140 4.05768e-09
141 4.05768e-09
142 4.05768e-09
143 4.05768e-09
144 4.05768e-09
145 4.05768e-09
146 4.05768e-09
147 4.05768e-09
148 4.05768e-09
149 4.05768e-09
150 4.05768e-09
151 4.05768e-09
152 4.05768e-09
153 4.05768e-09
154 4.05768e-09
155 4.05768e-09
156 4.05768e-09
157 4.05768e-09
158 4.05768e-09
159 4.05768e-09
160 4.05768e-09
161 4.05768e-09
162 4.05768e-09
163 4.05768e-09
164 4.05768e-09
165 4.05768e-09
166 4.05768e-09
167 4.05768e-09
168 4.05768e-09
169 4.05768e-09
170 4.05768e-09
171 4.05768e-09
172 4.05768e-09
173 4.05768e-09
174 4.05768e-09
175 4.05768e-09
176 4.05768e-09
177 4.05768e-09
178 4.05768e-09
179 4.05768e-09
180 4.05768e-09
181 4.05768e-09
182 4.05768e-09
183 4.05768e-09
184 4.05768e-09
185 4.05768e-09
186 4.05768e-09
187 4.05768e-09
188 4.05768e-09
189 4.05768e-09
190 4.05768e-09
191 4.05768e-09
192 4.05768e-09
193 4.05768e-09
194 4.05768e-09
195 4.05768e-09
196 4.05768e-09
197 4.05768e-09
198 4.05768e-09
199 4.05768e-09
200 4.05768e-09
201 4.05768e-09
202 4.05768e-09
203 4.05768e-09
204 4.05768e-09
205 4.05768e-09
206 4.05768e-09
207 4.05768e-09
208 4.05768e-09
209 4.05768e-09
210 4.05768e-09
211 4.05768e-09
212 4.05768e-09
213 4.05768e-09
214 4.05768e-09
215 4.05768e-09
216 4.05768e-09
217 4.05768e-09
218 4.05768e-09
219 4.05768e-09
220 4.05768e-09
221 4.05768e-09
222 4.05768e-09
223 4.05768e-09
224 4.05768e-09
225 4.05768e-09
226 4.05768e-09
227 4.05768e-09
228 4.05768e-09
229 4.05768e-09
230 4.05768e-09
231 4.05768e-09
232 4.05768e-09
233 4.19617e-09
234 6.16413e-09
235 1.46049e-08
236 4.29103e-08
237 1.36609e-07
238 4.37377e-07
239 1.38273e-06
240 4.28878e-06
241 1.30152e-05
242 3.85918e-05
243 0.000111764
244 0.000316278
245 0.000875668
246 0.0023766
247 0.00633875
248 0.0166605
249 0.0432679
250 0.111261
251 0.28358
252 0.362679
253 0.398559
254 0.48622
255 0.524625
256 0.614529
257 0.651978
258 0.667111
259 0.699467
260 0.766229
261 0.898902
262 0.945244
263 0.960782
264 0.988098
265 0.996503
266 0.998977
267 0.999673
268 0.99986
269 0.999907
270 0.99997
271 0.999981
272 0.999966
273 0.999956
274 0.999949
275 0.999906
276 0.999735
277 0.999111
278 0.996944
279 0.989768
280 0.96708
281 0.954537
282 0.918189
283 0.899685
284 0.850023
285 0.826444
286 0.815564
287 0.788736
288 0.723754
289 0.568315
290 0.500886
291 0.341764
292 0.273452
293 0.114118
294 0.0468517
295 0.0188554
296 0.00741595
297 0.00284394
298 0.00106174
299 0.000385556
300 0.000136156
301 4.67772e-05
302 1.56499e-05
303 5.1072e-06
304 1.62966e-06
305 5.10257e-07
306 1.57893e-07
307 4.91862e-08
308 1.63646e-08
309 6.64127e-09
310 4.19617e-09
311 4.05768e-09
312 4.05768e-09
313 4.05768e-09
314 4.05768e-09
315 4.05768e-09
316 4.05768e-09
317 4.05768e-09
318 4.05768e-09
319 4.05768e-09
320 4.05768e-09
321 4.05768e-09
322 4.05768e-09
323 4.05768e-09
324 4.05768e-09
325 4.05768e-09
326 4.05768e-09
327 4.05768e-09
328 4.05768e-09
329 4.05768e-09
330 4.05768e-09
331 4.05768e-09
332 4.05768e-09
333 4.05768e-09
334 4.05768e-09
335 4.05768e-09
336 4.05768e-09
337 4.05768e-09
338 4.05768e-09
339 4.05768e-09
340 4.05768e-09
341 4.05768e-09
342 4.05768e-09
343 4.05768e-09
344 4.05768e-09
345 4.05768e-09
346 4.05768e-09
347 4.05768e-09
348 4.05768e-09
349 4.05768e-09
350 4.05768e-09
351 4.05768e-09
352 4.05768e-09
353 4.05768e-09
354 4.05768e-09
355 4.05768e-09
356 4.05768e-09
357 4.05768e-09
358 4.05768e-09
359 4.05768e-09
360 4.05768e-09
361 4.05768e-09
362 4.05768e-09
363 4.05768e-09
364 4.05768e-09
365 4.05768e-09
366 4.05768e-09
367 4.05768e-09
368 4.05768e-09
369 4.05768e-09
370 4.05768e-09
371 4.05768e-09
372 4.05768e-09
373 4.05768e-09
374 4.05768e-09
375 4.05768e-09
376 4.05768e-09
377 4.05768e-09
378 4.05768e-09
379 4.05768e-09
380 4.05768e-09
381 4.05768e-09
382 4.05768e-09
383 4.05768e-09
384 4.05768e-09
385 4.05768e-09
386 4.05768e-09
387 4.05768e-09
388 4.05768e-09
389 4.05768e-09
390 4.05768e-09
391 4.05768e-09
392 4.05768e-09
393 4.05768e-09
394 4.05768e-09
395 4.05768e-09
396 4.05768e-09
397 4.05768e-09
398 4.05768e-09
399 4.05768e-09
400 4.05768e-09
401 4.05768e-09
402 4.05768e-09
403 4.05768e-09
404 4.05768e-09
405 4.05768e-09
406 4.05768e-09
407 4.05768e-09
408 4.05768e-09
409 4.05768e-09
410 4.05768e-09
411 4.05768e-09
412 4.05768e-09
413 4.05768e-09
414 4.05768e-09
415 4.05768e-09
416 4.05768e-09
417 4.05768e-09
418 4.05768e-09
419 4.05768e-09
420 4.05768e-09
421 4.05768e-09
422 4.05768e-09
423 4.05768e-09
424 4.05768e-09
425 4.05768e-09
426 4.05768e-09
427 4.05768e-09
428 4.05768e-09
429 4.05768e-09
430 4.05768e-09
431 4.05768e-09
432 4.05768e-09
433 4.05768e-09
434 4.05768e-09
435 4.05768e-09
436 4.05768e-09
437 4.05768e-09
438 4.05768e-09
439 4.05768e-09
440 4.05768e-09
441 4.05768e-09
442 4.05768e-09
443 4.05768e-09
444 4.05768e-09
445 4.05768e-09
446 4.05768e-09
447 4.05768e-09
448 4.05768e-09
449 4.05768e-09
450 4.05768e-09
451 4.05768e-09
452 4.05768e-09
453 4.05768e-09
454 4.05768e-09
455 4.05768e-09
456 4.05768e-09
457 4.05768e-09
458 4.05768e-09
459 4.05768e-09
460 4.05768e-09
461 4.05768e-09
462 4.05768e-09
463 4.05768e-09
464 4.05768e-09
465 4.05768e-09
466 4.05768e-09
467 4.05768e-09
468 4.05768e-09
469 4.05768e-09
470 4.05768e-09
471 4.05768e-09
472 4.05768e-09
473 4.05768e-09
474 4.05768e-09
475 4.05768e-09
476 4.05768e-09
477 4.05768e-09
478 4.05768e-09
479 4.05768e-09
480 4.05768e-09
481 4.05768e-09
482 4.05768e-09
483 4.05768e-09
484 4.05768e-09
485 4.05768e-09
486 4.05768e-09
487 4.05768e-09
488 4.05768e-09
489 4.05768e-09
490 4.05768e-09
491 4.05768e-09
492 4.05768e-09
493 4.05768e-09
494 4.05768e-09
495 4.05768e-09
496 4.05768e-09
497 4.05768e-09
498 4.05768e-09
499 4.05768e-09
500 4.05768e-09
501 4.05768e-09
502 4.05768e-09
503 4.05768e-09
504 4.05768e-09
505 4.05768e-09
506 4.05768e-09
507 4.05768e-09
508 4.05768e-09
509 4.05768e-09
510 4.05768e-09
511 4.05768e-09
512 4.05768e-09
513 4.05768e-09
514 4.05768e-09
515 4.05768e-09
516 4.05768e-09
517 4.05768e-09
518 4.05768e-09
519 4.05768e-09
520 4.05768e-09
521 4.05768e-09
522 4.05768e-09
523 4.05768e-09
524 4.05768e-09
525 4.05768e-09
526 4.05768e-09
527 4.05768e-09
528 4.05768e-09
529 4.05768e-09
530 4.05768e-09
531 4.05768e-09
532 4.05768e-09
533 4.05768e-09
534 4.05768e-09
535 4.05768e-09
536 4.05768e-09
537 4.05768e-09
538 4.05768e-09
539 4.05768e-09
540 4.05768e-09
541 4.05768e-09
542 4.05768e-09
