1 4.69994e-09
2 4.69994e-09
3 4.69994e-09
4 4.69994e-09
5 4.69994e-09
6 4.69994e-09
7 4.69994e-09
8 4.69994e-09
9 4.69994e-09
10 4.69994e-09
11 4.69994e-09
12 4.69994e-09
13 4.69994e-09
14 4.69994e-09
15 4.69994e-09
16 4.69994e-09
17 4.69994e-09
18 4.69994e-09
19 4.69994e-09
20 4.69994e-09
21 4.69994e-09
22 4.69994e-09
23 4.69994e-09
24 4.69994e-09
25 4.69994e-09
26 4.69994e-09
27 4.69994e-09
28 4.69994e-09
29 4.69994e-09
30 4.69994e-09
31 4.69994e-09
32 4.69994e-09
33 4.69994e-09
34 4.69994e-09
35 4.69994e-09
36 4.69994e-09
37 4.69994e-09
38 4.69994e-09
39 4.69994e-09
40 4.69994e-09
41 4.69994e-09
42 4.69994e-09
43 4.69994e-09
44 4.69994e-09
45 4.69994e-09
46 4.69994e-09
47 4.69994e-09
48 4.69994e-09
49 4.69994e-09
50 4.69994e-09
51 4.69994e-09
52 4.69994e-09
53 4.69994e-09
54 4.69994e-09
55 4.69994e-09
56 4.69994e-09
57 4.69994e-09
58 4.69994e-09
59 4.69994e-09
60 4.69994e-09
61 4.69994e-09
62 4.69994e-09
63 4.69994e-09
64 4.69994e-09
65 4.69994e-09
66 4.69994e-09
67 4.69994e-09
68 4.69994e-09
69 4.69994e-09
70 4.69994e-09
71 4.69994e-09
72 4.69994e-09
73 4.69994e-09
74 4.69994e-09
75 4.69994e-09
76 4.69994e-09
77 4.69994e-09
78 4.69994e-09
79 4.69994e-09
80 4.69994e-09
81 4.69994e-09
82 4.69994e-09
83 4.69994e-09
84 4.69994e-09
85 4.69994e-09
86 4.69994e-09
87 4.69994e-09
88 4.69994e-09
89 4.69994e-09
90 4.69994e-09
91 4.69994e-09
92 4.69994e-09
93 4.69994e-09
94 4.69994e-09
95 4.69994e-09
96 4.69994e-09
97 4.69994e-09
98 4.69994e-09
99 4.69994e-09
100 4.69994e-09
101 4.69994e-09
102 4.69994e-09
103 4.69994e-09
104 4.69994e-09
105 4.69994e-09
106 4.69994e-09
107 4.69994e-09
108 4.69994e-09
109 4.69994e-09
110 4.69994e-09
111 4.69994e-09
112 4.69994e-09
113 4.69994e-09
114 4.69994e-09
115 4.69994e-09
116 4.69994e-09
117 4.69994e-09
118 4.69994e-09
119 4.69994e-09
120 4.69994e-09
121 4.69994e-09
122 4.69994e-09
123 4.69994e-09
124 4.69994e-09
125 4.69994e-09
126 4.69994e-09
127 4.69994e-09
128 4.69994e-09
129 4.69994e-09
130 4.69994e-09
131 4.69994e-09
132 4.69994e-09
133 4.69994e-09
134 4.69994e-09
135 4.69994e-09
136 4.69994e-09
137 4.69994e-09
138 4.69994e-09
139 4.69994e-09
140 4.69994e-09
141 4.69994e-09
142 4.69994e-09
143 4.69994e-09
144 4.69994e-09
145 4.69994e-09
146 4.69994e-09
147 4.69994e-09
148 4.69994e-09
149 4.69994e-09
150 4.69994e-09
151 4.69994e-09
152 4.69994e-09
153 4.69994e-09
154 4.69994e-09
155 4.69994e-09
156 4.69994e-09
157 4.69994e-09
158 4.69994e-09
159 4.69994e-09
160 4.69994e-09
161 4.69994e-09
162 4.69994e-09
163 4.69994e-09
164 4.69994e-09
165 4.69994e-09
166 4.69994e-09
167 4.69994e-09
168 4.69994e-09
169 4.69994e-09
170 4.69994e-09
171 4.69994e-09
172 4.69994e-09
173 4.69994e-09
174 4.69994e-09
175 4.69994e-09
176 4.69994e-09
177 4.69994e-09
178 4.69994e-09
179 4.69994e-09
180 4.69994e-09
181 4.69994e-09
182 4.69994e-09
183 4.69994e-09
184 4.69994e-09
185 4.69994e-09
186 4.69994e-09
187 4.69994e-09
188 4.69994e-09
189 4.69994e-09
190 4.69994e-09
191 4.69994e-09
192 4.69994e-09
193 4.69994e-09
194 4.69994e-09
195 4.69994e-09
196 4.69994e-09
197 4.69994e-09
198 4.69994e-09
199 4.69994e-09
200 4.69994e-09
201 4.69994e-09
202 4.69994e-09
203 4.69994e-09
204 4.69994e-09
205 4.69994e-09
206 4.69994e-09
207 4.69994e-09
208 4.69994e-09
209 4.69994e-09
210 4.69994e-09
211 4.69994e-09
212 4.69994e-09
213 4.69994e-09
214 4.69994e-09
215 4.69994e-09
216 4.69994e-09
217 4.69994e-09
218 4.69994e-09
219 4.69994e-09
220 4.69994e-09
221 4.69994e-09
222 4.69994e-09
223 4.69994e-09
224 4.69994e-09
225 4.69994e-09
226 4.69994e-09
227 4.69994e-09
228 4.69994e-09
229 4.69994e-09
230 4.69994e-09
231 4.69994e-09
232 5.60119e-09
233 1.02265e-08
234 2.62397e-08
235 7.86739e-08
236 2.37151e-07
237 7.01626e-07
238 2.03154e-06
239 5.75363e-06
240 1.59557e-05
241 4.33999e-05
242 0.00011604
243 0.000305726
244 0.000795569
245 0.00204862
246 0.00522542
247 0.0132014
248 0.0329916
249 0.0813759
250 0.197525
251 0.470299
252 0.584485
253 0.630942
254 0.731143
255 0.769352
256 0.846262
257 0.873529
258 0.882828
259 0.899493
260 0.928145
261 0.975366
262 0.988992
263 0.992754
264 0.998191
265 0.999565
266 0.999897
267 0.999974
268 0.999991
269 0.999994
270 0.999998
271 0.999999
272 0.999998
273 0.999998
274 0.999997
275 0.999994
276 0.999977
277 0.999903
278 0.999587
279 0.9983
280 0.993292
281 0.989892
282 0.977846
283 0.970393
284 0.946279
285 0.932625
286 0.925211
287 0.90405
288 0.845858
289 0.691189
290 0.618274
291 0.435084
292 0.352706
293 0.153357
294 0.0661811
295 0.0283662
296 0.0120638
297 0.00507898
298 0.00211015
299 0.00086224
300 0.000345423
301 0.00013531
302 5.17233e-05
303 1.92675e-05
304 6.98905e-06
305 2.4682e-06
306 8.48919e-07
307 2.84804e-07
308 9.34919e-08
309 3.07055e-08
310 1.14187e-08
311 5.90063e-09
312 4.69994e-09
313 4.69994e-09
314 4.69994e-09
315 4.69994e-09
316 4.69994e-09
317 4.69994e-09
318 4.69994e-09
319 4.69994e-09
320 4.69994e-09
321 4.69994e-09
322 4.69994e-09
323 4.69994e-09
324 4.69994e-09
325 4.69994e-09
326 4.69994e-09
327 4.69994e-09
328 4.69994e-09
329 4.69994e-09
330 4.69994e-09
331 4.69994e-09
332 4.69994e-09
333 4.69994e-09
334 4.69994e-09
335 4.69994e-09
336 4.69994e-09
337 4.69994e-09
338 4.69994e-09
339 4.69994e-09
340 4.69994e-09
341 4.69994e-09
342 4.69994e-09
343 4.69994e-09
344 4.69994e-09
345 4.69994e-09
346 4.69994e-09
347 4.69994e-09
348 4.69994e-09
349 4.69994e-09
350 4.69994e-09
351 4.69994e-09
352 4.69994e-09
353 4.69994e-09
354 4.69994e-09
355 4.69994e-09
356 4.69994e-09
357 4.69994e-09
358 4.69994e-09
359 4.69994e-09
360 4.69994e-09
361 4.69994e-09
362 4.69994e-09
363 4.69994e-09
364 4.69994e-09
365 4.69994e-09
366 4.69994e-09
367 4.69994e-09
368 4.69994e-09
369 4.69994e-09
370 4.69994e-09
371 4.69994e-09
372 4.69994e-09
373 4.69994e-09
374 4.69994e-09
375 4.69994e-09
376 4.69994e-09
377 4.69994e-09
378 4.69994e-09
379 4.69994e-09
380 4.69994e-09
381 4.69994e-09
382 4.69994e-09
383 4.69994e-09
384 4.69994e-09
385 4.69994e-09
386 4.69994e-09
387 4.69994e-09
388 4.69994e-09
389 4.69994e-09
390 4.69994e-09
391 4.69994e-09
392 4.69994e-09
393 4.69994e-09
394 4.69994e-09
395 4.69994e-09
396 4.69994e-09
397 4.69994e-09
398 4.69994e-09
399 4.69994e-09
400 4.69994e-09
401 4.69994e-09
402 4.69994e-09
403 4.69994e-09
404 4.69994e-09
405 4.69994e-09
406 4.69994e-09
407 4.69994e-09
408 4.69994e-09
409 4.69994e-09
410 4.69994e-09
411 4.69994e-09
412 4.69994e-09
413 4.69994e-09
414 4.69994e-09
415 4.69994e-09
416 4.69994e-09
417 4.69994e-09
418 4.69994e-09
419 4.69994e-09
420 4.69994e-09
421 4.69994e-09
422 4.69994e-09
423 4.69994e-09
424 4.69994e-09
425 4.69994e-09
426 4.69994e-09
427 4.69994e-09
428 4.69994e-09
429 4.69994e-09
430 4.69994e-09
431 4.69994e-09
432 4.69994e-09
433 4.69994e-09
434 4.69994e-09
435 4.69994e-09
436 4.69994e-09
437 4.69994e-09
438 4.69994e-09
439 4.69994e-09
440 4.69994e-09
441 4.69994e-09
442 4.69994e-09
443 4.69994e-09
444 4.69994e-09
445 4.69994e-09
446 4.69994e-09
447 4.69994e-09
448 4.69994e-09
449 4.69994e-09
450 4.69994e-09
451 4.69994e-09
452 4.69994e-09
453 4.69994e-09
454 4.69994e-09
455 4.69994e-09
456 4.69994e-09
457 4.69994e-09
458 4.69994e-09
459 4.69994e-09
460 4.69994e-09
461 4.69994e-09
462 4.69994e-09
463 4.69994e-09
464 4.69994e-09
465 4.69994e-09
466 4.69994e-09
467 4.69994e-09
468 4.69994e-09
469 4.69994e-09
470 4.69994e-09
471 4.69994e-09
472 4.69994e-09
473 4.69994e-09
474 4.69994e-09
475 4.69994e-09
476 4.69994e-09
477 4.69994e-09
478 4.69994e-09
479 4.69994e-09
480 4.69994e-09
481 4.69994e-09
482 4.69994e-09
483 4.69994e-09
484 4.69994e-09
485 4.69994e-09
486 4.69994e-09
487 4.69994e-09
488 4.69994e-09
489 4.69994e-09
490 4.69994e-09
491 4.69994e-09
492 4.69994e-09
493 4.69994e-09
494 4.69994e-09
495 4.69994e-09
496 4.69994e-09
497 4.69994e-09
498 4.69994e-09
499 4.69994e-09
500 4.69994e-09
501 4.69994e-09
502 4.69994e-09
503 4.69994e-09
504 4.69994e-09
505 4.69994e-09
506 4.69994e-09
507 4.69994e-09
508 4.69994e-09
509 4.69994e-09
510 4.69994e-09
511 4.69994e-09
512 4.69994e-09
513 4.69994e-09
514 4.69994e-09
515 4.69994e-09
516 4.69994e-09
517 4.69994e-09
518 4.69994e-09
519 4.69994e-09
520 4.69994e-09
521 4.69994e-09
522 4.69994e-09
523 4.69994e-09
524 4.69994e-09
525 4.69994e-09
526 4.69994e-09
527 4.69994e-09
528 4.69994e-09
529 4.69994e-09
530 4.69994e-09
531 4.69994e-09
532 4.69994e-09
533 4.69994e-09
534 4.69994e-09
535 4.69994e-09
536 4.69994e-09
537 4.69994e-09
538 4.69994e-09
539 4.69994e-09
540 4.69994e-09
541 4.69994e-09
542 4.69994e-09
