1 1.83254e-07
2 1.83254e-07
3 1.83254e-07
4 1.83254e-07
5 1.83254e-07
6 1.83254e-07
7 1.83254e-07
8 1.83254e-07
9 1.83254e-07
10 1.83254e-07
11 1.83254e-07
12 1.83254e-07
13 1.83254e-07
14 1.83254e-07
15 1.83254e-07
16 1.83254e-07
17 1.83254e-07
18 1.83254e-07
19 1.83254e-07
20 1.83254e-07
21 1.83254e-07
22 1.83254e-07
23 1.83254e-07
24 1.83254e-07
25 1.83254e-07
26 1.83254e-07
27 1.83254e-07
28 1.83254e-07
29 1.83254e-07
30 1.83254e-07
31 1.83254e-07
32 1.83254e-07
33 1.83254e-07
34 1.83254e-07
35 1.83254e-07
36 1.83254e-07
37 1.83254e-07
38 1.83254e-07
39 1.83254e-07
40 1.83254e-07
41 1.83254e-07
42 1.83254e-07
43 1.83254e-07
44 1.83254e-07
45 1.83254e-07
46 1.83254e-07
47 1.83254e-07
48 1.83254e-07
49 1.83254e-07
50 1.83254e-07
51 1.83254e-07
52 1.83254e-07
53 1.83254e-07
54 1.83254e-07
55 1.83254e-07
56 1.83254e-07
57 1.83254e-07
58 1.83254e-07
59 1.83254e-07
60 1.83254e-07
61 1.83254e-07
62 1.83254e-07
63 1.83254e-07
64 1.83254e-07
65 1.83254e-07
66 1.83254e-07
67 1.83254e-07
68 1.83254e-07
69 1.83254e-07
70 1.83254e-07
71 1.83254e-07
72 1.83254e-07
73 1.83254e-07
74 1.83254e-07
75 1.83254e-07
76 1.83254e-07
77 1.83254e-07
78 1.83254e-07
79 1.83254e-07
80 1.83254e-07
81 1.83254e-07
82 1.83254e-07
83 1.83254e-07
84 1.83254e-07
85 1.83254e-07
86 1.83254e-07
87 1.83254e-07
88 1.83254e-07
89 1.83254e-07
90 1.83254e-07
91 1.83254e-07
92 1.83254e-07
93 1.83254e-07
94 1.83254e-07
95 1.83254e-07
96 1.83254e-07
97 1.83254e-07
98 1.83254e-07
99 1.83254e-07
100 1.83254e-07
101 1.83254e-07
102 1.83254e-07
103 1.83254e-07
104 1.83254e-07
105 1.83254e-07
106 1.83254e-07
107 1.83254e-07
108 1.83254e-07
109 1.83254e-07
110 1.83254e-07
111 1.83254e-07
112 1.83254e-07
113 1.83254e-07
114 1.83254e-07
115 1.83254e-07
116 1.83254e-07
117 1.83254e-07
118 1.83254e-07
119 1.83254e-07
120 1.83254e-07
121 1.83254e-07
122 1.83254e-07
123 1.83254e-07
124 1.83254e-07
125 1.83254e-07
126 1.83254e-07
127 1.83254e-07
128 1.83254e-07
129 1.83254e-07
130 1.83254e-07
131 1.83254e-07
132 1.83254e-07
133 1.83254e-07
134 1.83254e-07
135 1.83254e-07
136 1.83254e-07
137 1.83254e-07
138 1.83254e-07
139 1.83254e-07
140 1.83254e-07
141 1.83254e-07
142 1.83254e-07
143 1.83254e-07
144 1.83254e-07
145 1.83254e-07
146 1.83254e-07
147 1.83254e-07
148 1.83254e-07
149 1.83254e-07
150 1.83254e-07
151 1.83254e-07
152 1.83254e-07
153 1.83254e-07
154 1.83254e-07
155 1.83254e-07
156 1.83254e-07
157 1.83254e-07
158 1.83254e-07
159 1.83254e-07
160 1.83254e-07
161 1.83254e-07
162 1.83254e-07
163 1.83254e-07
164 1.83254e-07
165 1.83254e-07
166 1.83254e-07
167 1.83254e-07
168 1.83254e-07
169 1.83254e-07
170 1.83254e-07
171 1.83254e-07
172 1.83254e-07
173 1.83254e-07
174 1.83254e-07
175 1.83254e-07
176 1.83254e-07
177 1.83254e-07
178 1.83254e-07
179 1.83254e-07
180 1.83254e-07
181 1.83254e-07
182 1.83254e-07
183 1.83254e-07
184 1.83254e-07
185 1.83254e-07
186 1.83254e-07
187 1.83254e-07
188 1.83254e-07
189 1.83254e-07
190 1.83254e-07
191 1.83254e-07
192 1.83254e-07
193 1.83254e-07
194 1.83254e-07
195 1.83254e-07
196 1.83254e-07
197 1.83254e-07
198 1.83254e-07
199 1.83254e-07
200 1.83254e-07
201 1.83254e-07
202 1.83254e-07
203 1.83254e-07
204 1.83254e-07
205 1.83254e-07
206 1.83254e-07
207 1.83254e-07
208 1.83254e-07
209 1.83254e-07
210 1.83254e-07
211 1.83254e-07
212 1.83254e-07
213 1.83254e-07
214 1.83254e-07
215 1.83254e-07
216 1.83254e-07
217 1.83254e-07
218 1.83254e-07
219 1.83254e-07
220 1.83254e-07
221 1.83254e-07
222 1.83254e-07
223 1.83254e-07
224 1.83254e-07
225 1.83254e-07
226 1.83254e-07
227 1.83254e-07
228 1.83254e-07
229 1.83254e-07
230 1.83254e-07
231 1.83254e-07
232 1.83254e-07
233 1.83254e-07
234 1.83254e-07
235 1.83254e-07
236 1.83254e-07
237 1.83254e-07
238 1.83254e-07
239 1.83254e-07
240 1.83254e-07
241 1.83254e-07
242 1.83254e-07
243 2.06028e-07
244 2.91406e-07
245 5.37057e-07
246 1.21919e-06
247 3.04735e-06
248 8.09833e-06
249 2.25966e-05
250 6.63844e-05
251 0.000205052
252 0.000287711
253 0.000336654
254 0.000505432
255 0.000605329
256 0.000951474
257 0.00115651
258 0.00126237
259 0.00169185
260 0.00318576
261 0.00827047
262 0.011398
263 0.013286
264 0.0194909
265 0.0230804
266 0.025071
267 0.0260793
268 0.0264248
269 0.0261564
270 0.0267312
271 0.0265724
272 0.0255223
273 0.0255199
274 0.0265802
275 0.026787
276 0.0263309
277 0.0250983
278 0.0227082
279 0.0184657
280 0.0112465
281 0.00908562
282 0.00553699
283 0.00450991
284 0.00282397
285 0.00233768
286 0.00221821
287 0.00197892
288 0.00156813
289 0.000883549
290 0.000678499
291 0.000341244
292 0.000240878
293 7.51258e-05
294 2.4269e-05
295 8.16307e-06
296 2.87342e-06
297 1.08408e-06
298 4.65416e-07
299 2.54548e-07
300 1.94146e-07
301 1.83254e-07
302 1.83254e-07
303 1.83254e-07
304 1.83254e-07
305 1.83254e-07
306 1.83254e-07
307 1.83254e-07
308 1.83254e-07
309 1.83254e-07
310 1.83254e-07
311 1.83254e-07
312 1.83254e-07
313 1.83254e-07
314 1.83254e-07
315 1.83254e-07
316 1.83254e-07
317 1.83254e-07
318 1.83254e-07
319 1.83254e-07
320 1.83254e-07
321 1.83254e-07
322 1.83254e-07
323 1.83254e-07
324 1.83254e-07
325 1.83254e-07
326 1.83254e-07
327 1.83254e-07
328 1.83254e-07
329 1.83254e-07
330 1.83254e-07
331 1.83254e-07
332 1.83254e-07
333 1.83254e-07
334 1.83254e-07
335 1.83254e-07
336 1.83254e-07
337 1.83254e-07
338 1.83254e-07
339 1.83254e-07
340 1.83254e-07
341 1.83254e-07
342 1.83254e-07
343 1.83254e-07
344 1.83254e-07
345 1.83254e-07
346 1.83254e-07
347 1.83254e-07
348 1.83254e-07
349 1.83254e-07
350 1.83254e-07
351 1.83254e-07
352 1.83254e-07
353 1.83254e-07
354 1.83254e-07
355 1.83254e-07
356 1.83254e-07
357 1.83254e-07
358 1.83254e-07
359 1.83254e-07
360 1.83254e-07
361 1.83254e-07
362 1.83254e-07
363 1.83254e-07
364 1.83254e-07
365 1.83254e-07
366 1.83254e-07
367 1.83254e-07
368 1.83254e-07
369 1.83254e-07
370 1.83254e-07
371 1.83254e-07
372 1.83254e-07
373 1.83254e-07
374 1.83254e-07
375 1.83254e-07
376 1.83254e-07
377 1.83254e-07
378 1.83254e-07
379 1.83254e-07
380 1.83254e-07
381 1.83254e-07
382 1.83254e-07
383 1.83254e-07
384 1.83254e-07
385 1.83254e-07
386 1.83254e-07
387 1.83254e-07
388 1.83254e-07
389 1.83254e-07
390 1.83254e-07
391 1.83254e-07
392 1.83254e-07
393 1.83254e-07
394 1.83254e-07
395 1.83254e-07
396 1.83254e-07
397 1.83254e-07
398 1.83254e-07
399 1.83254e-07
400 1.83254e-07
401 1.83254e-07
402 1.83254e-07
403 1.83254e-07
404 1.83254e-07
405 1.83254e-07
406 1.83254e-07
407 1.83254e-07
408 1.83254e-07
409 1.83254e-07
410 1.83254e-07
411 1.83254e-07
412 1.83254e-07
413 1.83254e-07
414 1.83254e-07
415 1.83254e-07
416 1.83254e-07
417 1.83254e-07
418 1.83254e-07
419 1.83254e-07
420 1.83254e-07
421 1.83254e-07
422 1.83254e-07
423 1.83254e-07
424 1.83254e-07
425 1.83254e-07
426 1.83254e-07
427 1.83254e-07
428 1.83254e-07
429 1.83254e-07
430 1.83254e-07
431 1.83254e-07
432 1.83254e-07
433 1.83254e-07
434 1.83254e-07
435 1.83254e-07
436 1.83254e-07
437 1.83254e-07
438 1.83254e-07
439 1.83254e-07
440 1.83254e-07
441 1.83254e-07
442 1.83254e-07
443 1.83254e-07
444 1.83254e-07
445 1.83254e-07
446 1.83254e-07
447 1.83254e-07
448 1.83254e-07
449 1.83254e-07
450 1.83254e-07
451 1.83254e-07
452 1.83254e-07
453 1.83254e-07
454 1.83254e-07
455 1.83254e-07
456 1.83254e-07
457 1.83254e-07
458 1.83254e-07
459 1.83254e-07
460 1.83254e-07
461 1.83254e-07
462 1.83254e-07
463 1.83254e-07
464 1.83254e-07
465 1.83254e-07
466 1.83254e-07
467 1.83254e-07
468 1.83254e-07
469 1.83254e-07
470 1.83254e-07
471 1.83254e-07
472 1.83254e-07
473 1.83254e-07
474 1.83254e-07
475 1.83254e-07
476 1.83254e-07
477 1.83254e-07
478 1.83254e-07
479 1.83254e-07
480 1.83254e-07
481 1.83254e-07
482 1.83254e-07
483 1.83254e-07
484 1.83254e-07
485 1.83254e-07
486 1.83254e-07
487 1.83254e-07
488 1.83254e-07
489 1.83254e-07
490 1.83254e-07
491 1.83254e-07
492 1.83254e-07
493 1.83254e-07
494 1.83254e-07
495 1.83254e-07
496 1.83254e-07
497 1.83254e-07
498 1.83254e-07
499 1.83254e-07
500 1.83254e-07
501 1.83254e-07
502 1.83254e-07
503 1.83254e-07
504 1.83254e-07
505 1.83254e-07
506 1.83254e-07
507 1.83254e-07
508 1.83254e-07
509 1.83254e-07
510 1.83254e-07
511 1.83254e-07
512 1.83254e-07
513 1.83254e-07
514 1.83254e-07
515 1.83254e-07
516 1.83254e-07
517 1.83254e-07
518 1.83254e-07
519 1.83254e-07
520 1.83254e-07
521 1.83254e-07
522 1.83254e-07
523 1.83254e-07
524 1.83254e-07
525 1.83254e-07
526 1.83254e-07
527 1.83254e-07
528 1.83254e-07
529 1.83254e-07
530 1.83254e-07
531 1.83254e-07
532 1.83254e-07
533 1.83254e-07
534 1.83254e-07
535 1.83254e-07
536 1.83254e-07
537 1.83254e-07
538 1.83254e-07
539 1.83254e-07
540 1.83254e-07
541 1.83254e-07
542 1.83254e-07
