1 8.09671e-08
2 8.09671e-08
3 8.09671e-08
4 8.09671e-08
5 8.09671e-08
6 8.09671e-08
7 8.09671e-08
8 8.09671e-08
9 8.09671e-08
10 8.09671e-08
11 8.09671e-08
12 8.09671e-08
13 8.09671e-08
14 8.09671e-08
15 8.09671e-08
16 8.09671e-08
17 8.09671e-08
18 8.09671e-08
19 8.09671e-08
20 8.09671e-08
21 8.09671e-08
22 8.09671e-08
23 8.09671e-08
24 8.09671e-08
25 8.09671e-08
26 8.09671e-08
27 8.09671e-08
28 8.09671e-08
29 8.09671e-08
30 8.09671e-08
31 8.09671e-08
32 8.09671e-08
33 8.09671e-08
34 8.09671e-08
35 8.09671e-08
36 8.09671e-08
37 8.09671e-08
38 8.09671e-08
39 8.09671e-08
40 8.09671e-08
41 8.09671e-08
42 8.09671e-08
43 8.09671e-08
44 8.09671e-08
45 8.09671e-08
46 8.09671e-08
47 8.09671e-08
48 8.09671e-08
49 8.09671e-08
50 8.09671e-08
51 8.09671e-08
52 8.09671e-08
53 8.09671e-08
54 8.09671e-08
55 8.09671e-08
56 8.09671e-08
57 8.09671e-08
58 8.09671e-08
59 8.09671e-08
60 8.09671e-08
61 8.09671e-08
62 8.09671e-08
63 8.09671e-08
64 8.09671e-08
65 8.09671e-08
66 8.09671e-08
67 8.09671e-08
68 8.09671e-08
69 8.09671e-08
70 8.09671e-08
71 8.09671e-08
72 8.09671e-08
73 8.09671e-08
74 8.09671e-08
75 8.09671e-08
76 8.09671e-08
77 8.09671e-08
78 8.09671e-08
79 8.09671e-08
80 8.09671e-08
81 8.09671e-08
82 8.09671e-08
83 8.09671e-08
84 8.09671e-08
85 8.09671e-08
86 8.09671e-08
87 8.09671e-08
88 8.09671e-08
89 8.09671e-08
90 8.09671e-08
91 8.09671e-08
92 8.09671e-08
93 8.09671e-08
94 8.09671e-08
95 8.09671e-08
96 8.09671e-08
97 8.09671e-08
98 8.09671e-08
99 8.09671e-08
100 8.09671e-08
101 8.09671e-08
102 8.09671e-08
103 8.09671e-08
104 8.09671e-08
105 8.09671e-08
106 8.09671e-08
107 8.09671e-08
108 8.09671e-08
109 8.09671e-08
110 8.09671e-08
111 8.09671e-08
112 8.09671e-08
113 8.09671e-08
114 8.09671e-08
115 8.09671e-08
116 8.09671e-08
117 8.09671e-08
118 8.09671e-08
119 8.09671e-08
120 8.09671e-08
121 8.09671e-08
122 8.09671e-08
123 8.09671e-08
124 8.09671e-08
125 8.09671e-08
126 8.09671e-08
127 8.09671e-08
128 8.09671e-08
129 8.09671e-08
130 8.09671e-08
131 8.09671e-08
132 8.09671e-08
133 8.09671e-08
134 8.09671e-08
135 8.09671e-08
136 8.09671e-08
137 8.09671e-08
138 8.09671e-08
139 8.09671e-08
140 8.09671e-08
141 8.09671e-08
142 8.09671e-08
143 8.09671e-08
144 8.09671e-08
145 8.09671e-08
146 8.09671e-08
147 8.09671e-08
148 8.09671e-08
149 8.09671e-08
150 8.09671e-08
151 8.09671e-08
152 8.09671e-08
153 8.09671e-08
154 8.09671e-08
155 8.09671e-08
156 8.09671e-08
157 8.09671e-08
158 8.09671e-08
159 8.09671e-08
160 8.09671e-08
161 8.09671e-08
162 8.09671e-08
163 8.09671e-08
164 8.09671e-08
165 8.09671e-08
166 8.09671e-08
167 8.09671e-08
168 8.09671e-08
169 8.09671e-08
170 8.09671e-08
171 8.09671e-08
172 8.09671e-08
173 8.09671e-08
174 8.09671e-08
175 8.09671e-08
176 8.09671e-08
177 8.09671e-08
178 8.09671e-08
179 8.09671e-08
180 8.09671e-08
181 8.09671e-08
182 8.09671e-08
183 8.09671e-08
184 8.09671e-08
185 8.09671e-08
186 8.09671e-08
187 8.09671e-08
188 8.09671e-08
189 8.09671e-08
190 8.09671e-08
191 8.09671e-08
192 8.09671e-08
193 8.09671e-08
194 8.09671e-08
195 8.09671e-08
196 8.09671e-08
197 8.09671e-08
198 8.09671e-08
199 8.09671e-08
200 8.09671e-08
201 8.09671e-08
202 8.09671e-08
203 8.09671e-08
204 8.09671e-08
205 8.09671e-08
206 8.09671e-08
207 8.09671e-08
208 8.09671e-08
209 8.09671e-08
210 8.09671e-08
211 8.09671e-08
212 8.09671e-08
213 8.09671e-08
214 8.09671e-08
215 8.09671e-08
216 8.09671e-08
217 8.09671e-08
218 8.09671e-08
219 8.09671e-08
220 8.09671e-08
221 8.09671e-08
222 8.09671e-08
223 8.09671e-08
224 8.09671e-08
225 8.09671e-08
226 8.09671e-08
227 8.09671e-08
228 8.09671e-08
229 8.09671e-08
230 8.09671e-08
231 8.09671e-08
232 8.09671e-08
233 8.09671e-08
234 8.09671e-08
235 8.09671e-08
236 8.09671e-08
237 8.09671e-08
238 8.09671e-08
239 8.09671e-08
240 8.09671e-08
241 8.09671e-08
242 8.09671e-08
243 8.09671e-08
244 8.09671e-08
245 1.04519e-07
246 1.95122e-07
247 4.449e-07
248 1.15496e-06
249 3.03943e-06
250 8.13237e-06
251 2.23643e-05
252 2.97514e-05
253 3.31225e-05
254 4.65107e-05
255 5.31599e-05
256 8.06775e-05
257 9.54026e-05
258 9.87451e-05
259 0.000131189
260 0.00024973
261 0.00065313
262 0.000901715
263 0.00105351
264 0.00157969
265 0.0019005
266 0.00208788
267 0.00218281
268 0.00220053
269 0.00212663
270 0.00219062
271 0.0021519
272 0.001985
273 0.0019907
274 0.00216607
275 0.00221559
276 0.00218047
277 0.00206533
278 0.0018487
279 0.00148382
280 0.000890259
281 0.00072031
282 0.00043968
283 0.000360596
284 0.000223515
285 0.000186065
286 0.000183323
287 0.000165751
288 0.000132184
289 7.58612e-05
290 5.9603e-05
291 3.17837e-05
292 2.33249e-05
293 7.92405e-06
294 2.75809e-06
295 9.77612e-07
296 3.5534e-07
297 1.50411e-07
298 9.15968e-08
299 8.09671e-08
300 8.09671e-08
301 8.09671e-08
302 8.09671e-08
303 8.09671e-08
304 8.09671e-08
305 8.09671e-08
306 8.09671e-08
307 8.09671e-08
308 8.09671e-08
309 8.09671e-08
310 8.09671e-08
311 8.09671e-08
312 8.09671e-08
313 8.09671e-08
314 8.09671e-08
315 8.09671e-08
316 8.09671e-08
317 8.09671e-08
318 8.09671e-08
319 8.09671e-08
320 8.09671e-08
321 8.09671e-08
322 8.09671e-08
323 8.09671e-08
324 8.09671e-08
325 8.09671e-08
326 8.09671e-08
327 8.09671e-08
328 8.09671e-08
329 8.09671e-08
330 8.09671e-08
331 8.09671e-08
332 8.09671e-08
333 8.09671e-08
334 8.09671e-08
335 8.09671e-08
336 8.09671e-08
337 8.09671e-08
338 8.09671e-08
339 8.09671e-08
340 8.09671e-08
341 8.09671e-08
342 8.09671e-08
343 8.09671e-08
344 8.09671e-08
345 8.09671e-08
346 8.09671e-08
347 8.09671e-08
348 8.09671e-08
349 8.09671e-08
350 8.09671e-08
351 8.09671e-08
352 8.09671e-08
353 8.09671e-08
354 8.09671e-08
355 8.09671e-08
356 8.09671e-08
357 8.09671e-08
358 8.09671e-08
359 8.09671e-08
360 8.09671e-08
361 8.09671e-08
362 8.09671e-08
363 8.09671e-08
364 8.09671e-08
365 8.09671e-08
366 8.09671e-08
367 8.09671e-08
368 8.09671e-08
369 8.09671e-08
370 8.09671e-08
371 8.09671e-08
372 8.09671e-08
373 8.09671e-08
374 8.09671e-08
375 8.09671e-08
376 8.09671e-08
377 8.09671e-08
378 8.09671e-08
379 8.09671e-08
380 8.09671e-08
381 8.09671e-08
382 8.09671e-08
383 8.09671e-08
384 8.09671e-08
385 8.09671e-08
386 8.09671e-08
387 8.09671e-08
388 8.09671e-08
389 8.09671e-08
390 8.09671e-08
391 8.09671e-08
392 8.09671e-08
393 8.09671e-08
394 8.09671e-08
395 8.09671e-08
396 8.09671e-08
397 8.09671e-08
398 8.09671e-08
399 8.09671e-08
400 8.09671e-08
401 8.09671e-08
402 8.09671e-08
403 8.09671e-08
404 8.09671e-08
405 8.09671e-08
406 8.09671e-08
407 8.09671e-08
408 8.09671e-08
409 8.09671e-08
410 8.09671e-08
411 8.09671e-08
412 8.09671e-08
413 8.09671e-08
414 8.09671e-08
415 8.09671e-08
416 8.09671e-08
417 8.09671e-08
418 8.09671e-08
419 8.09671e-08
420 8.09671e-08
421 8.09671e-08
422 8.09671e-08
423 8.09671e-08
424 8.09671e-08
425 8.09671e-08
426 8.09671e-08
427 8.09671e-08
428 8.09671e-08
429 8.09671e-08
430 8.09671e-08
431 8.09671e-08
432 8.09671e-08
433 8.09671e-08
434 8.09671e-08
435 8.09671e-08
436 8.09671e-08
437 8.09671e-08
438 8.09671e-08
439 8.09671e-08
440 8.09671e-08
441 8.09671e-08
442 8.09671e-08
443 8.09671e-08
444 8.09671e-08
445 8.09671e-08
446 8.09671e-08
447 8.09671e-08
448 8.09671e-08
449 8.09671e-08
450 8.09671e-08
451 8.09671e-08
452 8.09671e-08
453 8.09671e-08
454 8.09671e-08
455 8.09671e-08
456 8.09671e-08
457 8.09671e-08
458 8.09671e-08
459 8.09671e-08
460 8.09671e-08
461 8.09671e-08
462 8.09671e-08
463 8.09671e-08
464 8.09671e-08
465 8.09671e-08
466 8.09671e-08
467 8.09671e-08
468 8.09671e-08
469 8.09671e-08
470 8.09671e-08
471 8.09671e-08
472 8.09671e-08
473 8.09671e-08
474 8.09671e-08
475 8.09671e-08
476 8.09671e-08
477 8.09671e-08
478 8.09671e-08
479 8.09671e-08
480 8.09671e-08
481 8.09671e-08
482 8.09671e-08
483 8.09671e-08
484 8.09671e-08
485 8.09671e-08
486 8.09671e-08
487 8.09671e-08
488 8.09671e-08
489 8.09671e-08
490 8.09671e-08
491 8.09671e-08
492 8.09671e-08
493 8.09671e-08
494 8.09671e-08
495 8.09671e-08
496 8.09671e-08
497 8.09671e-08
498 8.09671e-08
499 8.09671e-08
500 8.09671e-08
501 8.09671e-08
502 8.09671e-08
503 8.09671e-08
504 8.09671e-08
505 8.09671e-08
506 8.09671e-08
507 8.09671e-08
508 8.09671e-08
509 8.09671e-08
510 8.09671e-08
511 8.09671e-08
512 8.09671e-08
513 8.09671e-08
514 8.09671e-08
515 8.09671e-08
516 8.09671e-08
517 8.09671e-08
518 8.09671e-08
519 8.09671e-08
520 8.09671e-08
521 8.09671e-08
522 8.09671e-08
523 8.09671e-08
524 8.09671e-08
525 8.09671e-08
526 8.09671e-08
527 8.09671e-08
528 8.09671e-08
529 8.09671e-08
530 8.09671e-08
531 8.09671e-08
532 8.09671e-08
533 8.09671e-08
534 8.09671e-08
535 8.09671e-08
536 8.09671e-08
537 8.09671e-08
538 8.09671e-08
539 8.09671e-08
540 8.09671e-08
541 8.09671e-08
542 8.09671e-08
