1 1.22294e-07
2 1.22294e-07
3 1.22294e-07
4 1.22294e-07
5 1.22294e-07
6 1.22294e-07
7 1.22294e-07
8 1.22294e-07
9 1.22294e-07
10 1.22294e-07
11 1.22294e-07
12 1.22294e-07
13 1.22294e-07
14 1.22294e-07
15 1.22294e-07
16 1.22294e-07
17 1.22294e-07
18 1.22294e-07
19 1.22294e-07
20 1.22294e-07
21 1.22294e-07
22 1.22294e-07
23 1.22294e-07
24 1.22294e-07
25 1.22294e-07
26 1.22294e-07
27 1.22294e-07
28 1.22294e-07
29 1.22294e-07
30 1.22294e-07
31 1.22294e-07
32 1.22294e-07
33 1.22294e-07
34 1.22294e-07
35 1.22294e-07
36 1.22294e-07
37 1.22294e-07
38 1.22294e-07
39 1.22294e-07
40 1.22294e-07
41 1.22294e-07
42 1.22294e-07
43 1.22294e-07
44 1.22294e-07
45 1.22294e-07
46 1.22294e-07
47 1.22294e-07
48 1.22294e-07
49 1.22294e-07
50 1.22294e-07
51 1.22294e-07
52 1.22294e-07
53 1.22294e-07
54 1.22294e-07
55 1.22294e-07
56 1.22294e-07
57 1.22294e-07
58 1.22294e-07
59 1.22294e-07
60 1.22294e-07
61 1.22294e-07
62 1.22294e-07
63 1.22294e-07
64 1.22294e-07
65 1.22294e-07
66 1.22294e-07
67 1.22294e-07
68 1.22294e-07
69 1.22294e-07
70 1.22294e-07
71 1.22294e-07
72 1.22294e-07
73 1.22294e-07
74 1.22294e-07
75 1.22294e-07
76 1.22294e-07
77 1.22294e-07
78 1.22294e-07
79 1.22294e-07
80 1.22294e-07
81 1.22294e-07
82 1.22294e-07
83 1.22294e-07
84 1.22294e-07
85 1.22294e-07
86 1.22294e-07
87 1.22294e-07
88 1.22294e-07
89 1.22294e-07
90 1.22294e-07
91 1.22294e-07
92 1.22294e-07
93 1.22294e-07
94 1.22294e-07
95 1.22294e-07
96 1.22294e-07
97 1.22294e-07
98 1.22294e-07
99 1.22294e-07
100 1.22294e-07
101 1.22294e-07
102 1.22294e-07
103 1.22294e-07
104 1.22294e-07
105 1.22294e-07
106 1.22294e-07
107 1.22294e-07
108 1.22294e-07
109 1.22294e-07
110 1.22294e-07
111 1.22294e-07
112 1.22294e-07
113 1.22294e-07
114 1.22294e-07
115 1.22294e-07
116 1.22294e-07
117 1.22294e-07
118 1.22294e-07
119 1.22294e-07
120 1.22294e-07
121 1.22294e-07
122 1.22294e-07
123 1.22294e-07
124 1.22294e-07
125 1.22294e-07
126 1.22294e-07
127 1.22294e-07
128 1.22294e-07
129 1.22294e-07
130 1.22294e-07
131 1.22294e-07
132 1.22294e-07
133 1.22294e-07
134 1.22294e-07
135 1.22294e-07
136 1.22294e-07
137 1.22294e-07
138 1.22294e-07
139 1.22294e-07
140 1.22294e-07
141 1.22294e-07
142 1.22294e-07
143 1.22294e-07
144 1.22294e-07
145 1.22294e-07
146 1.22294e-07
147 1.22294e-07
148 1.22294e-07
149 1.22294e-07
150 1.22294e-07
151 1.22294e-07
152 1.22294e-07
153 1.22294e-07
154 1.22294e-07
155 1.22294e-07
156 1.22294e-07
157 1.22294e-07
158 1.22294e-07
159 1.22294e-07
160 1.22294e-07
161 1.22294e-07
162 1.22294e-07
163 1.22294e-07
164 1.22294e-07
165 1.22294e-07
166 1.22294e-07
167 1.22294e-07
168 1.22294e-07
169 1.22294e-07
170 1.22294e-07
171 1.22294e-07
172 1.22294e-07
173 1.22294e-07
174 1.22294e-07
175 1.22294e-07
176 1.22294e-07
177 1.22294e-07
178 1.22294e-07
179 1.22294e-07
180 1.22294e-07
181 1.22294e-07
182 1.22294e-07
183 1.22294e-07
184 1.22294e-07
185 1.22294e-07
186 1.22294e-07
187 1.22294e-07
188 1.22294e-07
189 1.22294e-07
190 1.22294e-07
191 1.22294e-07
192 1.22294e-07
193 1.22294e-07
194 1.22294e-07
195 1.22294e-07
196 1.22294e-07
197 1.22294e-07
198 1.22294e-07
199 1.22294e-07
200 1.22294e-07
201 1.22294e-07
202 1.22294e-07
203 1.22294e-07
204 1.22294e-07
205 1.22294e-07
206 1.22294e-07
207 1.22294e-07
208 1.22294e-07
209 1.22294e-07
210 1.22294e-07
211 1.22294e-07
212 1.22294e-07
213 1.22294e-07
214 1.22294e-07
215 1.22294e-07
216 1.22294e-07
217 1.22294e-07
218 1.22294e-07
219 1.22294e-07
220 1.22294e-07
221 1.22294e-07
222 1.22294e-07
223 1.22294e-07
224 1.22294e-07
225 1.22294e-07
226 1.22294e-07
227 1.22294e-07
228 1.22294e-07
229 1.22294e-07
230 1.22294e-07
231 1.22294e-07
232 1.22294e-07
233 1.22294e-07
234 1.22294e-07
235 1.22294e-07
236 1.22294e-07
237 1.22294e-07
238 1.22294e-07
239 1.22294e-07
240 1.22294e-07
241 1.22294e-07
242 1.22294e-07
243 1.22294e-07
244 1.44432e-07
245 2.28483e-07
246 4.63138e-07
247 1.12715e-06
248 2.89702e-06
249 7.73182e-06
250 2.1418e-05
251 6.21977e-05
252 8.5247e-05
253 9.78905e-05
254 0.00014338
255 0.000169006
256 0.000262804
257 0.000316389
258 0.000338596
259 0.000451745
260 0.000852298
261 0.00221894
262 0.00306515
263 0.00358278
264 0.00533746
265 0.00638503
266 0.00698453
267 0.00729187
268 0.00738115
269 0.00724125
270 0.00743096
271 0.00735182
272 0.00694047
273 0.00694359
274 0.00735584
275 0.00745238
276 0.00732107
277 0.00694869
278 0.00624362
279 0.00503152
280 0.00302748
281 0.00244409
282 0.00149136
283 0.00121971
284 0.000764019
285 0.000634632
286 0.000610315
287 0.000546712
288 0.00043343
289 0.00024469
290 0.000189095
291 9.71203e-05
292 6.96362e-05
293 2.2674e-05
294 7.66319e-06
295 2.67871e-06
296 9.76564e-07
297 3.84544e-07
298 1.87875e-07
299 1.32587e-07
300 1.22294e-07
301 1.22294e-07
302 1.22294e-07
303 1.22294e-07
304 1.22294e-07
305 1.22294e-07
306 1.22294e-07
307 1.22294e-07
308 1.22294e-07
309 1.22294e-07
310 1.22294e-07
311 1.22294e-07
312 1.22294e-07
313 1.22294e-07
314 1.22294e-07
315 1.22294e-07
316 1.22294e-07
317 1.22294e-07
318 1.22294e-07
319 1.22294e-07
320 1.22294e-07
321 1.22294e-07
322 1.22294e-07
323 1.22294e-07
324 1.22294e-07
325 1.22294e-07
326 1.22294e-07
327 1.22294e-07
328 1.22294e-07
329 1.22294e-07
330 1.22294e-07
331 1.22294e-07
332 1.22294e-07
333 1.22294e-07
334 1.22294e-07
335 1.22294e-07
336 1.22294e-07
337 1.22294e-07
338 1.22294e-07
339 1.22294e-07
340 1.22294e-07
341 1.22294e-07
342 1.22294e-07
343 1.22294e-07
344 1.22294e-07
345 1.22294e-07
346 1.22294e-07
347 1.22294e-07
348 1.22294e-07
349 1.22294e-07
350 1.22294e-07
351 1.22294e-07
352 1.22294e-07
353 1.22294e-07
354 1.22294e-07
355 1.22294e-07
356 1.22294e-07
357 1.22294e-07
358 1.22294e-07
359 1.22294e-07
360 1.22294e-07
361 1.22294e-07
362 1.22294e-07
363 1.22294e-07
364 1.22294e-07
365 1.22294e-07
366 1.22294e-07
367 1.22294e-07
368 1.22294e-07
369 1.22294e-07
370 1.22294e-07
371 1.22294e-07
372 1.22294e-07
373 1.22294e-07
374 1.22294e-07
375 1.22294e-07
376 1.22294e-07
377 1.22294e-07
378 1.22294e-07
379 1.22294e-07
380 1.22294e-07
381 1.22294e-07
382 1.22294e-07
383 1.22294e-07
384 1.22294e-07
385 1.22294e-07
386 1.22294e-07
387 1.22294e-07
388 1.22294e-07
389 1.22294e-07
390 1.22294e-07
391 1.22294e-07
392 1.22294e-07
393 1.22294e-07
394 1.22294e-07
395 1.22294e-07
396 1.22294e-07
397 1.22294e-07
398 1.22294e-07
399 1.22294e-07
400 1.22294e-07
401 1.22294e-07
402 1.22294e-07
403 1.22294e-07
404 1.22294e-07
405 1.22294e-07
406 1.22294e-07
407 1.22294e-07
408 1.22294e-07
409 1.22294e-07
410 1.22294e-07
411 1.22294e-07
412 1.22294e-07
413 1.22294e-07
414 1.22294e-07
415 1.22294e-07
416 1.22294e-07
417 1.22294e-07
418 1.22294e-07
419 1.22294e-07
420 1.22294e-07
421 1.22294e-07
422 1.22294e-07
423 1.22294e-07
424 1.22294e-07
425 1.22294e-07
426 1.22294e-07
427 1.22294e-07
428 1.22294e-07
429 1.22294e-07
430 1.22294e-07
431 1.22294e-07
432 1.22294e-07
433 1.22294e-07
434 1.22294e-07
435 1.22294e-07
436 1.22294e-07
437 1.22294e-07
438 1.22294e-07
439 1.22294e-07
440 1.22294e-07
441 1.22294e-07
442 1.22294e-07
443 1.22294e-07
444 1.22294e-07
445 1.22294e-07
446 1.22294e-07
447 1.22294e-07
448 1.22294e-07
449 1.22294e-07
450 1.22294e-07
451 1.22294e-07
452 1.22294e-07
453 1.22294e-07
454 1.22294e-07
455 1.22294e-07
456 1.22294e-07
457 1.22294e-07
458 1.22294e-07
459 1.22294e-07
460 1.22294e-07
461 1.22294e-07
462 1.22294e-07
463 1.22294e-07
464 1.22294e-07
465 1.22294e-07
466 1.22294e-07
467 1.22294e-07
468 1.22294e-07
469 1.22294e-07
470 1.22294e-07
471 1.22294e-07
472 1.22294e-07
473 1.22294e-07
474 1.22294e-07
475 1.22294e-07
476 1.22294e-07
477 1.22294e-07
478 1.22294e-07
479 1.22294e-07
480 1.22294e-07
481 1.22294e-07
482 1.22294e-07
483 1.22294e-07
484 1.22294e-07
485 1.22294e-07
486 1.22294e-07
487 1.22294e-07
488 1.22294e-07
489 1.22294e-07
490 1.22294e-07
491 1.22294e-07
492 1.22294e-07
493 1.22294e-07
494 1.22294e-07
495 1.22294e-07
496 1.22294e-07
497 1.22294e-07
498 1.22294e-07
499 1.22294e-07
500 1.22294e-07
501 1.22294e-07
502 1.22294e-07
503 1.22294e-07
504 1.22294e-07
505 1.22294e-07
506 1.22294e-07
507 1.22294e-07
508 1.22294e-07
509 1.22294e-07
510 1.22294e-07
511 1.22294e-07
512 1.22294e-07
513 1.22294e-07
514 1.22294e-07
515 1.22294e-07
516 1.22294e-07
517 1.22294e-07
518 1.22294e-07
519 1.22294e-07
520 1.22294e-07
521 1.22294e-07
522 1.22294e-07
523 1.22294e-07
524 1.22294e-07
525 1.22294e-07
526 1.22294e-07
527 1.22294e-07
528 1.22294e-07
529 1.22294e-07
530 1.22294e-07
531 1.22294e-07
532 1.22294e-07
533 1.22294e-07
534 1.22294e-07
535 1.22294e-07
536 1.22294e-07
537 1.22294e-07
538 1.22294e-07
539 1.22294e-07
540 1.22294e-07
541 1.22294e-07
542 1.22294e-07
