1 3.03158e-09
2 3.03158e-09
3 3.03158e-09
4 3.03158e-09
5 3.03158e-09
6 3.03158e-09
7 3.03158e-09
8 3.03158e-09
9 3.03158e-09
10 3.03158e-09
11 3.03158e-09
12 3.03158e-09
13 3.03158e-09
14 3.03158e-09
15 3.03158e-09
16 3.03158e-09
17 3.03158e-09
18 3.03158e-09
19 3.03158e-09
20 3.03158e-09
21 3.03158e-09
22 3.03158e-09
23 3.03158e-09
24 3.03158e-09
25 3.03158e-09
26 3.03158e-09
27 3.03158e-09
28 3.03158e-09
29 3.03158e-09
30 3.03158e-09
31 3.03158e-09
32 3.03158e-09
33 3.03158e-09
34 3.03158e-09
35 3.03158e-09
36 3.03158e-09
37 3.03158e-09
38 3.03158e-09
39 3.03158e-09
40 3.03158e-09
41 3.03158e-09
42 3.03158e-09
43 3.03158e-09
44 3.03158e-09
45 3.03158e-09
46 3.03158e-09
47 3.03158e-09
48 3.03158e-09
49 3.03158e-09
50 3.03158e-09
51 3.03158e-09
52 3.03158e-09
53 3.03158e-09
54 3.03158e-09
55 3.03158e-09
56 3.03158e-09
57 3.03158e-09
58 3.03158e-09
59 3.03158e-09
60 3.03158e-09
61 3.03158e-09
62 3.03158e-09
63 3.03158e-09
64 3.03158e-09
65 3.03158e-09
66 3.03158e-09
67 3.03158e-09
68 3.03158e-09
69 3.03158e-09
70 3.03158e-09
71 3.03158e-09
72 3.03158e-09
73 3.03158e-09
74 3.03158e-09
75 3.03158e-09
76 3.03158e-09
77 3.03158e-09
78 3.03158e-09
79 3.03158e-09
80 3.03158e-09
81 3.03158e-09
82 3.03158e-09
83 3.03158e-09
84 3.03158e-09
85 3.03158e-09
86 3.03158e-09
87 3.03158e-09
88 3.03158e-09
89 3.03158e-09
90 3.03158e-09
91 3.03158e-09
92 3.03158e-09
93 3.03158e-09
94 3.03158e-09
95 3.03158e-09
96 3.03158e-09
97 3.03158e-09
98 3.03158e-09
99 3.03158e-09
100 3.03158e-09
101 3.03158e-09
102 3.03158e-09
103 3.03158e-09
104 3.03158e-09
105 3.03158e-09
106 3.03158e-09
107 3.03158e-09
108 3.03158e-09
109 3.03158e-09
110 3.03158e-09
111 3.03158e-09
112 3.03158e-09
113 3.03158e-09
114 3.03158e-09
115 3.03158e-09
116 3.03158e-09
117 3.03158e-09
118 3.03158e-09
119 3.03158e-09
120 3.03158e-09
121 3.03158e-09
122 3.03158e-09
123 3.03158e-09
124 3.03158e-09
125 3.03158e-09
126 3.03158e-09
127 3.03158e-09
128 3.03158e-09
129 3.03158e-09
130 3.03158e-09
131 3.03158e-09
132 3.03158e-09
133 3.03158e-09
134 3.03158e-09
135 3.03158e-09
136 3.03158e-09
137 3.03158e-09
138 3.03158e-09
139 3.03158e-09
140 3.03158e-09
141 3.03158e-09
142 3.03158e-09
143 3.03158e-09
144 3.03158e-09
145 3.03158e-09
146 3.03158e-09
147 3.03158e-09
148 3.03158e-09
149 3.03158e-09
150 3.03158e-09
151 3.03158e-09
152 3.03158e-09
153 3.03158e-09
154 3.03158e-09
155 3.03158e-09
156 3.03158e-09
157 3.03158e-09
158 3.03158e-09
159 3.03158e-09
160 3.03158e-09
161 3.03158e-09
162 3.03158e-09
163 3.03158e-09
164 3.03158e-09
165 3.03158e-09
166 3.03158e-09
167 3.03158e-09
168 3.03158e-09
169 3.03158e-09
170 3.03158e-09
171 3.03158e-09
172 3.03158e-09
173 3.03158e-09
174 3.03158e-09
175 3.03158e-09
176 3.03158e-09
177 3.03158e-09
178 3.03158e-09
179 3.03158e-09
180 3.03158e-09
181 3.03158e-09
182 3.03158e-09
183 3.03158e-09
184 3.03158e-09
185 3.03158e-09
186 3.03158e-09
187 3.03158e-09
188 3.03158e-09
189 3.03158e-09
190 3.03158e-09
191 3.03158e-09
192 3.03158e-09
193 3.03158e-09
194 3.03158e-09
195 3.03158e-09
196 3.03158e-09
197 3.03158e-09
198 3.03158e-09
199 3.03158e-09
200 3.03158e-09
201 3.03158e-09
202 3.03158e-09
203 3.03158e-09
204 3.03158e-09
205 3.03158e-09
206 3.03158e-09
207 3.03158e-09
208 3.03158e-09
209 3.03158e-09
210 3.03158e-09
211 3.03158e-09
212 3.03158e-09
213 3.03158e-09
214 3.03158e-09
215 3.03158e-09
216 3.03158e-09
217 3.03158e-09
218 3.03158e-09
219 3.03158e-09
220 3.03158e-09
221 3.03158e-09
222 3.03158e-09
223 3.03158e-09
224 3.03158e-09
225 3.03158e-09
226 3.03158e-09
227 3.03158e-09
228 3.03158e-09
229 3.03158e-09
230 3.03158e-09
231 3.03158e-09
232 3.03158e-09
233 3.03158e-09
234 3.03158e-09
235 3.03158e-09
236 3.03158e-09
237 4.16391e-09
238 9.37355e-09
239 2.90613e-08
240 9.54274e-08
241 3.1757e-07
242 1.06194e-06
243 3.56031e-06
244 1.19531e-05
245 4.01902e-05
246 0.000135295
247 0.000455324
248 0.00152743
249 0.00508639
250 0.016735
251 0.0541517
252 0.0756326
253 0.087654
254 0.123464
255 0.142432
256 0.195918
257 0.222802
258 0.236016
259 0.270889
260 0.361632
261 0.595404
262 0.704753
263 0.755605
264 0.884065
265 0.942782
266 0.969206
267 0.980808
268 0.985614
269 0.987049
270 0.991309
271 0.992093
272 0.990025
273 0.990029
274 0.991875
275 0.991198
276 0.987895
277 0.979526
278 0.95961
279 0.912638
280 0.802098
281 0.754731
282 0.644681
283 0.59862
284 0.495309
285 0.453997
286 0.437945
287 0.404867
288 0.338866
289 0.211381
290 0.167776
291 0.0886632
292 0.0631581
293 0.0193137
294 0.00582506
295 0.0017424
296 0.00051965
297 0.000155163
298 4.64875e-05
299 1.39759e-05
300 4.20968e-06
301 1.2679e-06
302 3.81566e-07
303 1.14879e-07
304 3.48129e-08
305 1.10826e-08
306 4.57391e-09
307 3.14718e-09
308 3.03158e-09
309 3.03158e-09
310 3.03158e-09
311 3.03158e-09
312 3.03158e-09
313 3.03158e-09
314 3.03158e-09
315 3.03158e-09
316 3.03158e-09
317 3.03158e-09
318 3.03158e-09
319 3.03158e-09
320 3.03158e-09
321 3.03158e-09
322 3.03158e-09
323 3.03158e-09
324 3.03158e-09
325 3.03158e-09
326 3.03158e-09
327 3.03158e-09
328 3.03158e-09
329 3.03158e-09
330 3.03158e-09
331 3.03158e-09
332 3.03158e-09
333 3.03158e-09
334 3.03158e-09
335 3.03158e-09
336 3.03158e-09
337 3.03158e-09
338 3.03158e-09
339 3.03158e-09
340 3.03158e-09
341 3.03158e-09
342 3.03158e-09
343 3.03158e-09
344 3.03158e-09
345 3.03158e-09
346 3.03158e-09
347 3.03158e-09
348 3.03158e-09
349 3.03158e-09
350 3.03158e-09
351 3.03158e-09
352 3.03158e-09
353 3.03158e-09
354 3.03158e-09
355 3.03158e-09
356 3.03158e-09
357 3.03158e-09
358 3.03158e-09
359 3.03158e-09
360 3.03158e-09
361 3.03158e-09
362 3.03158e-09
363 3.03158e-09
364 3.03158e-09
365 3.03158e-09
366 3.03158e-09
367 3.03158e-09
368 3.03158e-09
369 3.03158e-09
370 3.03158e-09
371 3.03158e-09
372 3.03158e-09
373 3.03158e-09
374 3.03158e-09
375 3.03158e-09
376 3.03158e-09
377 3.03158e-09
378 3.03158e-09
379 3.03158e-09
380 3.03158e-09
381 3.03158e-09
382 3.03158e-09
383 3.03158e-09
384 3.03158e-09
385 3.03158e-09
386 3.03158e-09
387 3.03158e-09
388 3.03158e-09
389 3.03158e-09
390 3.03158e-09
391 3.03158e-09
392 3.03158e-09
393 3.03158e-09
394 3.03158e-09
395 3.03158e-09
396 3.03158e-09
397 3.03158e-09
398 3.03158e-09
399 3.03158e-09
400 3.03158e-09
401 3.03158e-09
402 3.03158e-09
403 3.03158e-09
404 3.03158e-09
405 3.03158e-09
406 3.03158e-09
407 3.03158e-09
408 3.03158e-09
409 3.03158e-09
410 3.03158e-09
411 3.03158e-09
412 3.03158e-09
413 3.03158e-09
414 3.03158e-09
415 3.03158e-09
416 3.03158e-09
417 3.03158e-09
418 3.03158e-09
419 3.03158e-09
420 3.03158e-09
421 3.03158e-09
422 3.03158e-09
423 3.03158e-09
424 3.03158e-09
425 3.03158e-09
426 3.03158e-09
427 3.03158e-09
428 3.03158e-09
429 3.03158e-09
430 3.03158e-09
431 3.03158e-09
432 3.03158e-09
433 3.03158e-09
434 3.03158e-09
435 3.03158e-09
436 3.03158e-09
437 3.03158e-09
438 3.03158e-09
439 3.03158e-09
440 3.03158e-09
441 3.03158e-09
442 3.03158e-09
443 3.03158e-09
444 3.03158e-09
445 3.03158e-09
446 3.03158e-09
447 3.03158e-09
448 3.03158e-09
449 3.03158e-09
450 3.03158e-09
451 3.03158e-09
452 3.03158e-09
453 3.03158e-09
454 3.03158e-09
455 3.03158e-09
456 3.03158e-09
457 3.03158e-09
458 3.03158e-09
459 3.03158e-09
460 3.03158e-09
461 3.03158e-09
462 3.03158e-09
463 3.03158e-09
464 3.03158e-09
465 3.03158e-09
466 3.03158e-09
467 3.03158e-09
468 3.03158e-09
469 3.03158e-09
470 3.03158e-09
471 3.03158e-09
472 3.03158e-09
473 3.03158e-09
474 3.03158e-09
475 3.03158e-09
476 3.03158e-09
477 3.03158e-09
478 3.03158e-09
479 3.03158e-09
480 3.03158e-09
481 3.03158e-09
482 3.03158e-09
483 3.03158e-09
484 3.03158e-09
485 3.03158e-09
486 3.03158e-09
487 3.03158e-09
488 3.03158e-09
489 3.03158e-09
490 3.03158e-09
491 3.03158e-09
492 3.03158e-09
493 3.03158e-09
494 3.03158e-09
495 3.03158e-09
496 3.03158e-09
497 3.03158e-09
498 3.03158e-09
499 3.03158e-09
500 3.03158e-09
501 3.03158e-09
502 3.03158e-09
503 3.03158e-09
504 3.03158e-09
505 3.03158e-09
506 3.03158e-09
507 3.03158e-09
508 3.03158e-09
509 3.03158e-09
510 3.03158e-09
511 3.03158e-09
512 3.03158e-09
513 3.03158e-09
514 3.03158e-09
515 3.03158e-09
516 3.03158e-09
517 3.03158e-09
518 3.03158e-09
519 3.03158e-09
520 3.03158e-09
521 3.03158e-09
522 3.03158e-09
523 3.03158e-09
524 3.03158e-09
525 3.03158e-09
526 3.03158e-09
527 3.03158e-09
528 3.03158e-09
529 3.03158e-09
530 3.03158e-09
531 3.03158e-09
532 3.03158e-09
533 3.03158e-09
534 3.03158e-09
535 3.03158e-09
536 3.03158e-09
537 3.03158e-09
538 3.03158e-09
539 3.03158e-09
540 3.03158e-09
541 3.03158e-09
542 3.03158e-09
