1 1.27124e-08
2 1.27124e-08
3 1.27124e-08
4 1.27124e-08
5 1.27124e-08
6 1.27124e-08
7 1.27124e-08
8 1.27124e-08
9 1.27124e-08
10 1.27124e-08
11 1.27124e-08
12 1.27124e-08
13 1.27124e-08
14 1.27124e-08
15 1.27124e-08
16 1.27124e-08
17 1.27124e-08
18 1.27124e-08
19 1.27124e-08
20 1.27124e-08
21 1.27124e-08
22 1.27124e-08
23 1.27124e-08
24 1.27124e-08
25 1.27124e-08
26 1.27124e-08
27 1.27124e-08
28 1.27124e-08
29 1.27124e-08
30 1.27124e-08
31 1.27124e-08
32 1.27124e-08
33 1.27124e-08
34 1.27124e-08
35 1.27124e-08
36 1.27124e-08
37 1.27124e-08
38 1.27124e-08
39 1.27124e-08
40 1.27124e-08
41 1.27124e-08
42 1.27124e-08
43 1.27124e-08
44 1.27124e-08
45 1.27124e-08
46 1.27124e-08
47 1.27124e-08
48 1.27124e-08
49 1.27124e-08
50 1.27124e-08
51 1.27124e-08
52 1.27124e-08
53 1.27124e-08
54 1.27124e-08
55 1.27124e-08
56 1.27124e-08
57 1.27124e-08
58 1.27124e-08
59 1.27124e-08
60 1.27124e-08
61 1.27124e-08
62 1.27124e-08
63 1.27124e-08
64 1.27124e-08
65 1.27124e-08
66 1.27124e-08
67 1.27124e-08
68 1.27124e-08
69 1.27124e-08
70 1.27124e-08
71 1.27124e-08
72 1.27124e-08
73 1.27124e-08
74 1.27124e-08
75 1.27124e-08
76 1.27124e-08
77 1.27124e-08
78 1.27124e-08
79 1.27124e-08
80 1.27124e-08
81 1.27124e-08
82 1.27124e-08
83 1.27124e-08
84 1.27124e-08
85 1.27124e-08
86 1.27124e-08
87 1.27124e-08
88 1.27124e-08
89 1.27124e-08
90 1.27124e-08
91 1.27124e-08
92 1.27124e-08
93 1.27124e-08
94 1.27124e-08
95 1.27124e-08
96 1.27124e-08
97 1.27124e-08
98 1.27124e-08
99 1.27124e-08
100 1.27124e-08
101 1.27124e-08
102 1.27124e-08
103 1.27124e-08
104 1.27124e-08
105 1.27124e-08
106 1.27124e-08
107 1.27124e-08
108 1.27124e-08
109 1.27124e-08
110 1.27124e-08
111 1.27124e-08
112 1.27124e-08
113 1.27124e-08
114 1.27124e-08
115 1.27124e-08
116 1.27124e-08
117 1.27124e-08
118 1.27124e-08
119 1.27124e-08
120 1.27124e-08
121 1.27124e-08
122 1.27124e-08
123 1.27124e-08
124 1.27124e-08
125 1.27124e-08
126 1.27124e-08
127 1.27124e-08
128 1.27124e-08
129 1.27124e-08
130 1.27124e-08
131 1.27124e-08
132 1.27124e-08
133 1.27124e-08
134 1.27124e-08
135 1.27124e-08
136 1.27124e-08
137 1.27124e-08
138 1.27124e-08
139 1.27124e-08
140 1.27124e-08
141 1.27124e-08
142 1.27124e-08
143 1.27124e-08
144 1.27124e-08
145 1.27124e-08
146 1.27124e-08
147 1.27124e-08
148 1.27124e-08
149 1.27124e-08
150 1.27124e-08
151 1.27124e-08
152 1.27124e-08
153 1.27124e-08
154 1.27124e-08
155 1.27124e-08
156 1.27124e-08
157 1.27124e-08
158 1.27124e-08
159 1.27124e-08
160 1.27124e-08
161 1.27124e-08
162 1.27124e-08
163 1.27124e-08
164 1.27124e-08
165 1.27124e-08
166 1.27124e-08
167 1.27124e-08
168 1.27124e-08
169 1.27124e-08
170 1.27124e-08
171 1.27124e-08
172 1.27124e-08
173 1.27124e-08
174 1.27124e-08
175 1.27124e-08
176 1.27124e-08
177 1.27124e-08
178 1.27124e-08
179 1.27124e-08
180 1.27124e-08
181 1.27124e-08
182 1.27124e-08
183 1.27124e-08
184 1.27124e-08
185 1.27124e-08
186 1.27124e-08
187 1.27124e-08
188 1.27124e-08
189 1.27124e-08
190 1.27124e-08
191 1.27124e-08
192 1.27124e-08
193 1.27124e-08
194 1.27124e-08
195 1.27124e-08
196 1.27124e-08
197 1.27124e-08
198 1.27124e-08
199 1.27124e-08
200 1.27124e-08
201 1.27124e-08
202 1.27124e-08
203 1.27124e-08
204 1.27124e-08
205 1.27124e-08
206 1.27124e-08
207 1.27124e-08
208 1.27124e-08
209 1.27124e-08
210 1.27124e-08
211 1.27124e-08
212 1.27124e-08
213 1.27124e-08
214 1.27124e-08
215 1.27124e-08
216 1.27124e-08
217 1.27124e-08
218 1.27124e-08
219 1.27124e-08
220 1.27124e-08
221 1.27124e-08
222 1.27124e-08
223 1.27124e-08
224 1.27124e-08
225 1.27124e-08
226 1.27124e-08
227 1.35321e-08
228 1.81002e-08
229 3.39127e-08
230 7.71866e-08
231 1.90688e-07
232 4.82714e-07
233 1.22628e-06
234 3.09736e-06
235 7.75071e-06
236 1.91676e-05
237 4.67317e-05
238 0.000112043
239 0.00026349
240 0.000606249
241 0.00136154
242 0.00297845
243 0.00633491
244 0.0130797
245 0.0261812
246 0.0507495
247 0.0951747
248 0.172557
249 0.302278
250 0.5114
251 0.835385
252 0.923535
253 0.946567
254 0.97818
255 0.985801
256 0.995463
257 0.99762
258 0.998084
259 0.998613
260 0.999198
261 0.999827
262 0.999948
263 0.999971
264 0.999995
265 0.999999
266 1
267 1
268 1
269 1
270 1
271 1
272 1
273 1
274 1
275 1
276 1
277 1
278 0.999999
279 0.999995
280 0.999971
281 0.999948
282 0.999828
283 0.999713
284 0.999135
285 0.998614
286 0.99816
287 0.996067
288 0.986781
289 0.947182
290 0.917553
291 0.801276
292 0.721307
293 0.432944
294 0.250639
295 0.14004
296 0.0755884
297 0.0394663
298 0.019966
299 0.00980717
300 0.00468877
301 0.00218819
302 0.00100003
303 0.000449052
304 0.000198774
305 8.69813e-05
306 3.77032e-05
307 1.62046e-05
308 6.9048e-06
309 2.91414e-06
310 1.21696e-06
311 5.02871e-07
312 2.0674e-07
313 8.58864e-08
314 3.78327e-08
315 2.0027e-08
316 1.42804e-08
317 1.27124e-08
318 1.27124e-08
319 1.27124e-08
320 1.27124e-08
321 1.27124e-08
322 1.27124e-08
323 1.27124e-08
324 1.27124e-08
325 1.27124e-08
326 1.27124e-08
327 1.27124e-08
328 1.27124e-08
329 1.27124e-08
330 1.27124e-08
331 1.27124e-08
332 1.27124e-08
333 1.27124e-08
334 1.27124e-08
335 1.27124e-08
336 1.27124e-08
337 1.27124e-08
338 1.27124e-08
339 1.27124e-08
340 1.27124e-08
341 1.27124e-08
342 1.27124e-08
343 1.27124e-08
344 1.27124e-08
345 1.27124e-08
346 1.27124e-08
347 1.27124e-08
348 1.27124e-08
349 1.27124e-08
350 1.27124e-08
351 1.27124e-08
352 1.27124e-08
353 1.27124e-08
354 1.27124e-08
355 1.27124e-08
356 1.27124e-08
357 1.27124e-08
358 1.27124e-08
359 1.27124e-08
360 1.27124e-08
361 1.27124e-08
362 1.27124e-08
363 1.27124e-08
364 1.27124e-08
365 1.27124e-08
366 1.27124e-08
367 1.27124e-08
368 1.27124e-08
369 1.27124e-08
370 1.27124e-08
371 1.27124e-08
372 1.27124e-08
373 1.27124e-08
374 1.27124e-08
375 1.27124e-08
376 1.27124e-08
377 1.27124e-08
378 1.27124e-08
379 1.27124e-08
380 1.27124e-08
381 1.27124e-08
382 1.27124e-08
383 1.27124e-08
384 1.27124e-08
385 1.27124e-08
386 1.27124e-08
387 1.27124e-08
388 1.27124e-08
389 1.27124e-08
390 1.27124e-08
391 1.27124e-08
392 1.27124e-08
393 1.27124e-08
394 1.27124e-08
395 1.27124e-08
396 1.27124e-08
397 1.27124e-08
398 1.27124e-08
399 1.27124e-08
400 1.27124e-08
401 1.27124e-08
402 1.27124e-08
403 1.27124e-08
404 1.27124e-08
405 1.27124e-08
406 1.27124e-08
407 1.27124e-08
408 1.27124e-08
409 1.27124e-08
410 1.27124e-08
411 1.27124e-08
412 1.27124e-08
413 1.27124e-08
414 1.27124e-08
415 1.27124e-08
416 1.27124e-08
417 1.27124e-08
418 1.27124e-08
419 1.27124e-08
420 1.27124e-08
421 1.27124e-08
422 1.27124e-08
423 1.27124e-08
424 1.27124e-08
425 1.27124e-08
426 1.27124e-08
427 1.27124e-08
428 1.27124e-08
429 1.27124e-08
430 1.27124e-08
431 1.27124e-08
432 1.27124e-08
433 1.27124e-08
434 1.27124e-08
435 1.27124e-08
436 1.27124e-08
437 1.27124e-08
438 1.27124e-08
439 1.27124e-08
440 1.27124e-08
441 1.27124e-08
442 1.27124e-08
443 1.27124e-08
444 1.27124e-08
445 1.27124e-08
446 1.27124e-08
447 1.27124e-08
448 1.27124e-08
449 1.27124e-08
450 1.27124e-08
451 1.27124e-08
452 1.27124e-08
453 1.27124e-08
454 1.27124e-08
455 1.27124e-08
456 1.27124e-08
457 1.27124e-08
458 1.27124e-08
459 1.27124e-08
460 1.27124e-08
461 1.27124e-08
462 1.27124e-08
463 1.27124e-08
464 1.27124e-08
465 1.27124e-08
466 1.27124e-08
467 1.27124e-08
468 1.27124e-08
469 1.27124e-08
470 1.27124e-08
471 1.27124e-08
472 1.27124e-08
473 1.27124e-08
474 1.27124e-08
475 1.27124e-08
476 1.27124e-08
477 1.27124e-08
478 1.27124e-08
479 1.27124e-08
480 1.27124e-08
481 1.27124e-08
482 1.27124e-08
483 1.27124e-08
484 1.27124e-08
485 1.27124e-08
486 1.27124e-08
487 1.27124e-08
488 1.27124e-08
489 1.27124e-08
490 1.27124e-08
491 1.27124e-08
492 1.27124e-08
493 1.27124e-08
494 1.27124e-08
495 1.27124e-08
496 1.27124e-08
497 1.27124e-08
498 1.27124e-08
499 1.27124e-08
500 1.27124e-08
501 1.27124e-08
502 1.27124e-08
503 1.27124e-08
504 1.27124e-08
505 1.27124e-08
506 1.27124e-08
507 1.27124e-08
508 1.27124e-08
509 1.27124e-08
510 1.27124e-08
511 1.27124e-08
512 1.27124e-08
513 1.27124e-08
514 1.27124e-08
515 1.27124e-08
516 1.27124e-08
517 1.27124e-08
518 1.27124e-08
519 1.27124e-08
520 1.27124e-08
521 1.27124e-08
522 1.27124e-08
523 1.27124e-08
524 1.27124e-08
525 1.27124e-08
526 1.27124e-08
527 1.27124e-08
528 1.27124e-08
529 1.27124e-08
530 1.27124e-08
531 1.27124e-08
532 1.27124e-08
533 1.27124e-08
534 1.27124e-08
535 1.27124e-08
536 1.27124e-08
537 1.27124e-08
538 1.27124e-08
539 1.27124e-08
540 1.27124e-08
541 1.27124e-08
542 1.27124e-08
