1 1.23122e-08
2 1.23122e-08
3 1.23122e-08
4 1.23122e-08
5 1.23122e-08
6 1.23122e-08
7 1.23122e-08
8 1.23122e-08
9 1.23122e-08
10 1.23122e-08
11 1.23122e-08
12 1.23122e-08
13 1.23122e-08
14 1.23122e-08
15 1.23122e-08
16 1.23122e-08
17 1.23122e-08
18 1.23122e-08
19 1.23122e-08
20 1.23122e-08
21 1.23122e-08
22 1.23122e-08
23 1.23122e-08
24 1.23122e-08
25 1.23122e-08
26 1.23122e-08
27 1.23122e-08
28 1.23122e-08
29 1.23122e-08
30 1.23122e-08
31 1.23122e-08
32 1.23122e-08
33 1.23122e-08
34 1.23122e-08
35 1.23122e-08
36 1.23122e-08
37 1.23122e-08
38 1.23122e-08
39 1.23122e-08
40 1.23122e-08
41 1.23122e-08
42 1.23122e-08
43 1.23122e-08
44 1.23122e-08
45 1.23122e-08
46 1.23122e-08
47 1.23122e-08
48 1.23122e-08
49 1.23122e-08
50 1.23122e-08
51 1.23122e-08
52 1.23122e-08
53 1.23122e-08
54 1.23122e-08
55 1.23122e-08
56 1.23122e-08
57 1.23122e-08
58 1.23122e-08
59 1.23122e-08
60 1.23122e-08
61 1.23122e-08
62 1.23122e-08
63 1.23122e-08
64 1.23122e-08
65 1.23122e-08
66 1.23122e-08
67 1.23122e-08
68 1.23122e-08
69 1.23122e-08
70 1.23122e-08
71 1.23122e-08
72 1.23122e-08
73 1.23122e-08
74 1.23122e-08
75 1.23122e-08
76 1.23122e-08
77 1.23122e-08
78 1.23122e-08
79 1.23122e-08
80 1.23122e-08
81 1.23122e-08
82 1.23122e-08
83 1.23122e-08
84 1.23122e-08
85 1.23122e-08
86 1.23122e-08
87 1.23122e-08
88 1.23122e-08
89 1.23122e-08
90 1.23122e-08
91 1.23122e-08
92 1.23122e-08
93 1.23122e-08
94 1.23122e-08
95 1.23122e-08
96 1.23122e-08
97 1.23122e-08
98 1.23122e-08
99 1.23122e-08
100 1.23122e-08
101 1.23122e-08
102 1.23122e-08
103 1.23122e-08
104 1.23122e-08
105 1.23122e-08
106 1.23122e-08
107 1.23122e-08
108 1.23122e-08
109 1.23122e-08
110 1.23122e-08
111 1.23122e-08
112 1.23122e-08
113 1.23122e-08
114 1.23122e-08
115 1.23122e-08
116 1.23122e-08
117 1.23122e-08
118 1.23122e-08
119 1.23122e-08
120 1.23122e-08
121 1.23122e-08
122 1.23122e-08
123 1.23122e-08
124 1.23122e-08
125 1.23122e-08
126 1.23122e-08
127 1.23122e-08
128 1.23122e-08
129 1.23122e-08
130 1.23122e-08
131 1.23122e-08
132 1.23122e-08
133 1.23122e-08
134 1.23122e-08
135 1.23122e-08
136 1.23122e-08
137 1.23122e-08
138 1.23122e-08
139 1.23122e-08
140 1.23122e-08
141 1.23122e-08
142 1.23122e-08
143 1.23122e-08
144 1.23122e-08
145 1.23122e-08
146 1.23122e-08
147 1.23122e-08
148 1.23122e-08
149 1.23122e-08
150 1.23122e-08
151 1.23122e-08
152 1.23122e-08
153 1.23122e-08
154 1.23122e-08
155 1.23122e-08
156 1.23122e-08
157 1.23122e-08
158 1.23122e-08
159 1.23122e-08
160 1.23122e-08
161 1.23122e-08
162 1.23122e-08
163 1.23122e-08
164 1.23122e-08
165 1.23122e-08
166 1.23122e-08
167 1.23122e-08
168 1.23122e-08
169 1.23122e-08
170 1.23122e-08
171 1.23122e-08
172 1.23122e-08
173 1.23122e-08
174 1.23122e-08
175 1.23122e-08
176 1.23122e-08
177 1.23122e-08
178 1.23122e-08
179 1.23122e-08
180 1.23122e-08
181 1.23122e-08
182 1.23122e-08
183 1.23122e-08
184 1.23122e-08
185 1.23122e-08
186 1.23122e-08
187 1.23122e-08
188 1.23122e-08
189 1.23122e-08
190 1.23122e-08
191 1.23122e-08
192 1.23122e-08
193 1.23122e-08
194 1.23122e-08
195 1.23122e-08
196 1.23122e-08
197 1.23122e-08
198 1.23122e-08
199 1.23122e-08
200 1.23122e-08
201 1.23122e-08
202 1.23122e-08
203 1.23122e-08
204 1.23122e-08
205 1.23122e-08
206 1.23122e-08
207 1.23122e-08
208 1.23122e-08
209 1.23122e-08
210 1.23122e-08
211 1.23122e-08
212 1.23122e-08
213 1.23122e-08
214 1.23122e-08
215 1.23122e-08
216 1.23122e-08
217 1.23122e-08
218 1.23122e-08
219 1.23122e-08
220 1.23122e-08
221 1.23122e-08
222 1.23122e-08
223 1.23122e-08
224 1.23122e-08
225 1.23122e-08
226 1.23122e-08
227 1.23122e-08
228 1.45844e-08
229 2.4095e-08
230 5.30578e-08
231 1.30211e-07
232 3.30786e-07
233 8.46285e-07
234 2.15508e-06
235 5.44209e-06
236 1.35991e-05
237 3.35578e-05
238 8.15906e-05
239 0.000194964
240 0.000456678
241 0.00104595
242 0.00233694
243 0.00508306
244 0.0107441
245 0.022035
246 0.0437925
247 0.0842483
248 0.15675
249 0.281858
250 0.489534
251 0.820919
252 0.913794
253 0.938789
254 0.974113
255 0.982877
256 0.994303
257 0.996922
258 0.9975
259 0.998174
260 0.998934
261 0.999767
262 0.999929
263 0.999961
264 0.999993
265 0.999999
266 1
267 1
268 1
269 1
270 1
271 1
272 1
273 1
274 1
275 1
276 1
277 1
278 0.999999
279 0.999993
280 0.999961
281 0.99993
282 0.999768
283 0.999617
284 0.998867
285 0.998207
286 0.997644
287 0.995119
288 0.984226
289 0.939111
290 0.906358
291 0.781712
292 0.698604
293 0.40807
294 0.229959
295 0.125131
296 0.0658289
297 0.0335347
298 0.0165754
299 0.00796843
300 0.00373635
301 0.00171423
302 0.00077217
303 0.000342642
304 0.000150228
305 6.52264e-05
306 2.80789e-05
307 1.19849e-05
308 5.06695e-06
309 2.11861e-06
310 8.75134e-07
311 3.57369e-07
312 1.45498e-07
313 6.041e-08
314 2.75603e-08
315 1.64043e-08
316 1.27908e-08
317 1.23122e-08
318 1.23122e-08
319 1.23122e-08
320 1.23122e-08
321 1.23122e-08
322 1.23122e-08
323 1.23122e-08
324 1.23122e-08
325 1.23122e-08
326 1.23122e-08
327 1.23122e-08
328 1.23122e-08
329 1.23122e-08
330 1.23122e-08
331 1.23122e-08
332 1.23122e-08
333 1.23122e-08
334 1.23122e-08
335 1.23122e-08
336 1.23122e-08
337 1.23122e-08
338 1.23122e-08
339 1.23122e-08
340 1.23122e-08
341 1.23122e-08
342 1.23122e-08
343 1.23122e-08
344 1.23122e-08
345 1.23122e-08
346 1.23122e-08
347 1.23122e-08
348 1.23122e-08
349 1.23122e-08
350 1.23122e-08
351 1.23122e-08
352 1.23122e-08
353 1.23122e-08
354 1.23122e-08
355 1.23122e-08
356 1.23122e-08
357 1.23122e-08
358 1.23122e-08
359 1.23122e-08
360 1.23122e-08
361 1.23122e-08
362 1.23122e-08
363 1.23122e-08
364 1.23122e-08
365 1.23122e-08
366 1.23122e-08
367 1.23122e-08
368 1.23122e-08
369 1.23122e-08
370 1.23122e-08
371 1.23122e-08
372 1.23122e-08
373 1.23122e-08
374 1.23122e-08
375 1.23122e-08
376 1.23122e-08
377 1.23122e-08
378 1.23122e-08
379 1.23122e-08
380 1.23122e-08
381 1.23122e-08
382 1.23122e-08
383 1.23122e-08
384 1.23122e-08
385 1.23122e-08
386 1.23122e-08
387 1.23122e-08
388 1.23122e-08
389 1.23122e-08
390 1.23122e-08
391 1.23122e-08
392 1.23122e-08
393 1.23122e-08
394 1.23122e-08
395 1.23122e-08
396 1.23122e-08
397 1.23122e-08
398 1.23122e-08
399 1.23122e-08
400 1.23122e-08
401 1.23122e-08
402 1.23122e-08
403 1.23122e-08
404 1.23122e-08
405 1.23122e-08
406 1.23122e-08
407 1.23122e-08
408 1.23122e-08
409 1.23122e-08
410 1.23122e-08
411 1.23122e-08
412 1.23122e-08
413 1.23122e-08
414 1.23122e-08
415 1.23122e-08
416 1.23122e-08
417 1.23122e-08
418 1.23122e-08
419 1.23122e-08
420 1.23122e-08
421 1.23122e-08
422 1.23122e-08
423 1.23122e-08
424 1.23122e-08
425 1.23122e-08
426 1.23122e-08
427 1.23122e-08
428 1.23122e-08
429 1.23122e-08
430 1.23122e-08
431 1.23122e-08
432 1.23122e-08
433 1.23122e-08
434 1.23122e-08
435 1.23122e-08
436 1.23122e-08
437 1.23122e-08
438 1.23122e-08
439 1.23122e-08
440 1.23122e-08
441 1.23122e-08
442 1.23122e-08
443 1.23122e-08
444 1.23122e-08
445 1.23122e-08
446 1.23122e-08
447 1.23122e-08
448 1.23122e-08
449 1.23122e-08
450 1.23122e-08
451 1.23122e-08
452 1.23122e-08
453 1.23122e-08
454 1.23122e-08
455 1.23122e-08
456 1.23122e-08
457 1.23122e-08
458 1.23122e-08
459 1.23122e-08
460 1.23122e-08
461 1.23122e-08
462 1.23122e-08
463 1.23122e-08
464 1.23122e-08
465 1.23122e-08
466 1.23122e-08
467 1.23122e-08
468 1.23122e-08
469 1.23122e-08
470 1.23122e-08
471 1.23122e-08
472 1.23122e-08
473 1.23122e-08
474 1.23122e-08
475 1.23122e-08
476 1.23122e-08
477 1.23122e-08
478 1.23122e-08
479 1.23122e-08
480 1.23122e-08
481 1.23122e-08
482 1.23122e-08
483 1.23122e-08
484 1.23122e-08
485 1.23122e-08
486 1.23122e-08
487 1.23122e-08
488 1.23122e-08
489 1.23122e-08
490 1.23122e-08
491 1.23122e-08
492 1.23122e-08
493 1.23122e-08
494 1.23122e-08
495 1.23122e-08
496 1.23122e-08
497 1.23122e-08
498 1.23122e-08
499 1.23122e-08
500 1.23122e-08
501 1.23122e-08
502 1.23122e-08
503 1.23122e-08
504 1.23122e-08
505 1.23122e-08
506 1.23122e-08
507 1.23122e-08
508 1.23122e-08
509 1.23122e-08
510 1.23122e-08
511 1.23122e-08
512 1.23122e-08
513 1.23122e-08
514 1.23122e-08
515 1.23122e-08
516 1.23122e-08
517 1.23122e-08
518 1.23122e-08
519 1.23122e-08
520 1.23122e-08
521 1.23122e-08
522 1.23122e-08
523 1.23122e-08
524 1.23122e-08
525 1.23122e-08
526 1.23122e-08
527 1.23122e-08
528 1.23122e-08
529 1.23122e-08
530 1.23122e-08
531 1.23122e-08
532 1.23122e-08
533 1.23122e-08
534 1.23122e-08
535 1.23122e-08
536 1.23122e-08
537 1.23122e-08
538 1.23122e-08
539 1.23122e-08
540 1.23122e-08
541 1.23122e-08
542 1.23122e-08
