1 4.87135e-08
2 4.87135e-08
3 4.87135e-08
4 4.87135e-08
5 4.87135e-08
6 4.87135e-08
7 4.87135e-08
8 4.87135e-08
9 4.87135e-08
10 4.87135e-08
11 4.87135e-08
12 4.87135e-08
13 4.87135e-08
14 4.87135e-08
15 4.87135e-08
16 4.87135e-08
17 4.87135e-08
18 4.87135e-08
19 4.87135e-08
20 4.87135e-08
21 4.87135e-08
22 4.87135e-08
23 4.87135e-08
24 4.87135e-08
25 4.87135e-08
26 4.87135e-08
27 4.87135e-08
28 4.87135e-08
29 4.87135e-08
30 4.87135e-08
31 4.87135e-08
32 4.87135e-08
33 4.87135e-08
34 4.87135e-08
35 4.87135e-08
36 4.87135e-08
37 4.87135e-08
38 4.87135e-08
39 4.87135e-08
40 4.87135e-08
41 4.87135e-08
42 4.87135e-08
43 4.87135e-08
44 4.87135e-08
45 4.87135e-08
46 4.87135e-08
47 4.87135e-08
48 4.87135e-08
49 4.87135e-08
50 4.87135e-08
51 4.87135e-08
52 4.87135e-08
53 4.87135e-08
54 4.87135e-08
55 4.87135e-08
56 4.87135e-08
57 4.87135e-08
58 4.87135e-08
59 4.87135e-08
60 4.87135e-08
61 4.87135e-08
62 4.87135e-08
63 4.87135e-08
64 4.87135e-08
65 4.87135e-08
66 4.87135e-08
67 4.87135e-08
68 4.87135e-08
69 4.87135e-08
70 4.87135e-08
71 4.87135e-08
72 4.87135e-08
73 4.87135e-08
74 4.87135e-08
75 4.87135e-08
76 4.87135e-08
77 4.87135e-08
78 4.87135e-08
79 4.87135e-08
80 4.87135e-08
81 4.87135e-08
82 4.87135e-08
83 4.87135e-08
84 4.87135e-08
85 4.87135e-08
86 4.87135e-08
87 4.87135e-08
88 4.87135e-08
89 4.87135e-08
90 4.87135e-08
91 4.87135e-08
92 4.87135e-08
93 4.87135e-08
94 4.87135e-08
95 4.87135e-08
96 4.87135e-08
97 4.87135e-08
98 4.87135e-08
99 4.87135e-08
100 4.87135e-08
101 4.87135e-08
102 4.87135e-08
103 4.87135e-08
104 4.87135e-08
105 4.87135e-08
106 4.87135e-08
107 4.87135e-08
108 4.87135e-08
109 4.87135e-08
110 4.87135e-08
111 4.87135e-08
112 4.87135e-08
113 4.87135e-08
114 4.87135e-08
115 4.87135e-08
116 4.87135e-08
117 4.87135e-08
118 4.87135e-08
119 4.87135e-08
120 4.87135e-08
121 4.87135e-08
122 4.87135e-08
123 4.87135e-08
124 4.87135e-08
125 4.87135e-08
126 4.87135e-08
127 4.87135e-08
128 4.87135e-08
129 4.87135e-08
130 4.87135e-08
131 4.87135e-08
132 4.87135e-08
133 4.87135e-08
134 4.87135e-08
135 4.87135e-08
136 4.87135e-08
137 4.87135e-08
138 4.87135e-08
139 4.87135e-08
140 4.87135e-08
141 4.87135e-08
142 4.87135e-08
143 4.87135e-08
144 4.87135e-08
145 4.87135e-08
146 4.87135e-08
147 4.87135e-08
148 4.87135e-08
149 4.87135e-08
150 4.87135e-08
151 4.87135e-08
152 4.87135e-08
153 4.87135e-08
154 4.87135e-08
155 4.87135e-08
156 4.87135e-08
157 4.87135e-08
158 4.87135e-08
159 4.87135e-08
160 4.87135e-08
161 4.87135e-08
162 4.87135e-08
163 4.87135e-08
164 4.87135e-08
165 4.87135e-08
166 4.87135e-08
167 4.87135e-08
168 4.87135e-08
169 4.87135e-08
170 4.87135e-08
171 4.87135e-08
172 4.87135e-08
173 4.87135e-08
174 4.87135e-08
175 4.87135e-08
176 4.87135e-08
177 4.87135e-08
178 4.87135e-08
179 4.87135e-08
180 4.87135e-08
181 4.87135e-08
182 4.87135e-08
183 4.87135e-08
184 4.87135e-08
185 4.87135e-08
186 4.87135e-08
187 4.87135e-08
188 4.87135e-08
189 4.87135e-08
190 4.87135e-08
191 4.87135e-08
192 4.87135e-08
193 4.87135e-08
194 4.87135e-08
195 4.87135e-08
196 4.87135e-08
197 4.87135e-08
198 4.87135e-08
199 4.87135e-08
200 4.87135e-08
201 4.87135e-08
202 4.87135e-08
203 4.87135e-08
204 4.87135e-08
205 4.87135e-08
206 4.87135e-08
207 4.87135e-08
208 4.87135e-08
209 4.87135e-08
210 4.87135e-08
211 4.87135e-08
212 4.87135e-08
213 4.87135e-08
214 4.87135e-08
215 4.87135e-08
216 4.87135e-08
217 4.87135e-08
218 4.87135e-08
219 4.87135e-08
220 4.87135e-08
221 4.87135e-08
222 4.87135e-08
223 4.91027e-08
224 5.15779e-08
225 5.99172e-08
226 8.24305e-08
227 1.40152e-07
228 2.86424e-07
229 6.51512e-07
230 1.55064e-06
231 3.73186e-06
232 8.93096e-06
233 2.10789e-05
234 4.88345e-05
235 0.000110701
236 0.000244947
237 0.000528
238 0.00110694
239 0.00225397
240 0.00445243
241 0.00852411
242 0.0158035
243 0.0283545
244 0.0492078
245 0.0825715
246 0.133944
247 0.210042
248 0.318459
249 0.467029
250 0.662927
251 0.911648
252 0.967308
253 0.979338
254 0.993103
255 0.995899
256 0.998925
257 0.999511
258 0.999622
259 0.999737
260 0.999853
261 0.99997
262 0.999991
263 0.999995
264 0.999999
265 1
266 1
267 1
268 1
269 1
270 1
271 1
272 1
273 1
274 1
275 1
276 1
277 1
278 1
279 0.999999
280 0.999995
281 0.999991
282 0.99997
283 0.999948
284 0.999832
285 0.999718
286 0.999607
287 0.999025
288 0.996022
289 0.980906
290 0.967369
291 0.903082
292 0.849133
293 0.610361
294 0.424409
295 0.285204
296 0.185108
297 0.115999
298 0.0701827
299 0.0410079
300 0.0231526
301 0.012641
302 0.00668185
303 0.00342428
304 0.00170438
305 0.000825686
306 0.000390298
307 0.000180525
308 8.19544e-05
309 3.6635e-05
310 1.61776e-05
311 7.08067e-06
312 3.0841e-06
313 1.34562e-06
314 5.96226e-07
315 2.76042e-07
316 1.40647e-07
317 8.42742e-08
318 6.11438e-08
319 5.2269e-08
320 4.95088e-08
321 4.87135e-08
322 4.87135e-08
323 4.87135e-08
324 4.87135e-08
325 4.87135e-08
326 4.87135e-08
327 4.87135e-08
328 4.87135e-08
329 4.87135e-08
330 4.87135e-08
331 4.87135e-08
332 4.87135e-08
333 4.87135e-08
334 4.87135e-08
335 4.87135e-08
336 4.87135e-08
337 4.87135e-08
338 4.87135e-08
339 4.87135e-08
340 4.87135e-08
341 4.87135e-08
342 4.87135e-08
343 4.87135e-08
344 4.87135e-08
345 4.87135e-08
346 4.87135e-08
347 4.87135e-08
348 4.87135e-08
349 4.87135e-08
350 4.87135e-08
351 4.87135e-08
352 4.87135e-08
353 4.87135e-08
354 4.87135e-08
355 4.87135e-08
356 4.87135e-08
357 4.87135e-08
358 4.87135e-08
359 4.87135e-08
360 4.87135e-08
361 4.87135e-08
362 4.87135e-08
363 4.87135e-08
364 4.87135e-08
365 4.87135e-08
366 4.87135e-08
367 4.87135e-08
368 4.87135e-08
369 4.87135e-08
370 4.87135e-08
371 4.87135e-08
372 4.87135e-08
373 4.87135e-08
374 4.87135e-08
375 4.87135e-08
376 4.87135e-08
377 4.87135e-08
378 4.87135e-08
379 4.87135e-08
380 4.87135e-08
381 4.87135e-08
382 4.87135e-08
383 4.87135e-08
384 4.87135e-08
385 4.87135e-08
386 4.87135e-08
387 4.87135e-08
388 4.87135e-08
389 4.87135e-08
390 4.87135e-08
391 4.87135e-08
392 4.87135e-08
393 4.87135e-08
394 4.87135e-08
395 4.87135e-08
396 4.87135e-08
397 4.87135e-08
398 4.87135e-08
399 4.87135e-08
400 4.87135e-08
401 4.87135e-08
402 4.87135e-08
403 4.87135e-08
404 4.87135e-08
405 4.87135e-08
406 4.87135e-08
407 4.87135e-08
408 4.87135e-08
409 4.87135e-08
410 4.87135e-08
411 4.87135e-08
412 4.87135e-08
413 4.87135e-08
414 4.87135e-08
415 4.87135e-08
416 4.87135e-08
417 4.87135e-08
418 4.87135e-08
419 4.87135e-08
420 4.87135e-08
421 4.87135e-08
422 4.87135e-08
423 4.87135e-08
424 4.87135e-08
425 4.87135e-08
426 4.87135e-08
427 4.87135e-08
428 4.87135e-08
429 4.87135e-08
430 4.87135e-08
431 4.87135e-08
432 4.87135e-08
433 4.87135e-08
434 4.87135e-08
435 4.87135e-08
436 4.87135e-08
437 4.87135e-08
438 4.87135e-08
439 4.87135e-08
440 4.87135e-08
441 4.87135e-08
442 4.87135e-08
443 4.87135e-08
444 4.87135e-08
445 4.87135e-08
446 4.87135e-08
447 4.87135e-08
448 4.87135e-08
449 4.87135e-08
450 4.87135e-08
451 4.87135e-08
452 4.87135e-08
453 4.87135e-08
454 4.87135e-08
455 4.87135e-08
456 4.87135e-08
457 4.87135e-08
458 4.87135e-08
459 4.87135e-08
460 4.87135e-08
461 4.87135e-08
462 4.87135e-08
463 4.87135e-08
464 4.87135e-08
465 4.87135e-08
466 4.87135e-08
467 4.87135e-08
468 4.87135e-08
469 4.87135e-08
470 4.87135e-08
471 4.87135e-08
472 4.87135e-08
473 4.87135e-08
474 4.87135e-08
475 4.87135e-08
476 4.87135e-08
477 4.87135e-08
478 4.87135e-08
479 4.87135e-08
480 4.87135e-08
481 4.87135e-08
482 4.87135e-08
483 4.87135e-08
484 4.87135e-08
485 4.87135e-08
486 4.87135e-08
487 4.87135e-08
488 4.87135e-08
489 4.87135e-08
490 4.87135e-08
491 4.87135e-08
492 4.87135e-08
493 4.87135e-08
494 4.87135e-08
495 4.87135e-08
496 4.87135e-08
497 4.87135e-08
498 4.87135e-08
499 4.87135e-08
500 4.87135e-08
501 4.87135e-08
502 4.87135e-08
503 4.87135e-08
504 4.87135e-08
505 4.87135e-08
506 4.87135e-08
507 4.87135e-08
508 4.87135e-08
509 4.87135e-08
510 4.87135e-08
511 4.87135e-08
512 4.87135e-08
513 4.87135e-08
514 4.87135e-08
515 4.87135e-08
516 4.87135e-08
517 4.87135e-08
518 4.87135e-08
519 4.87135e-08
520 4.87135e-08
521 4.87135e-08
522 4.87135e-08
523 4.87135e-08
524 4.87135e-08
525 4.87135e-08
526 4.87135e-08
527 4.87135e-08
528 4.87135e-08
529 4.87135e-08
530 4.87135e-08
531 4.87135e-08
532 4.87135e-08
533 4.87135e-08
534 4.87135e-08
535 4.87135e-08
536 4.87135e-08
537 4.87135e-08
538 4.87135e-08
539 4.87135e-08
540 4.87135e-08
541 4.87135e-08
542 4.87135e-08
