1 6.07819e-09
2 6.07819e-09
3 6.07819e-09
4 6.07819e-09
5 6.07819e-09
6 6.07819e-09
7 6.07819e-09
8 6.07819e-09
9 6.07819e-09
10 6.07819e-09
11 6.07819e-09
12 6.07819e-09
13 6.07819e-09
14 6.07819e-09
15 6.07819e-09
16 6.07819e-09
17 6.07819e-09
18 6.07819e-09
19 6.07819e-09
20 6.07819e-09
21 6.07819e-09
22 6.07819e-09
23 6.07819e-09
24 6.07819e-09
25 6.07819e-09
26 6.07819e-09
27 6.07819e-09
28 6.07819e-09
29 6.07819e-09
30 6.07819e-09
31 6.07819e-09
32 6.07819e-09
33 6.07819e-09
34 6.07819e-09
35 6.07819e-09
36 6.07819e-09
37 6.07819e-09
38 6.07819e-09
39 6.07819e-09
40 6.07819e-09
41 6.07819e-09
42 6.07819e-09
43 6.07819e-09
44 6.07819e-09
45 6.07819e-09
46 6.07819e-09
47 6.07819e-09
48 6.07819e-09
49 6.07819e-09
50 6.07819e-09
51 6.07819e-09
52 6.07819e-09
53 6.07819e-09
54 6.07819e-09
55 6.07819e-09
56 6.07819e-09
57 6.07819e-09
58 6.07819e-09
59 6.07819e-09
60 6.07819e-09
61 6.07819e-09
62 6.07819e-09
63 6.07819e-09
64 6.07819e-09
65 6.07819e-09
66 6.07819e-09
67 6.07819e-09
68 6.07819e-09
69 6.07819e-09
70 6.07819e-09
71 6.07819e-09
72 6.07819e-09
73 6.07819e-09
74 6.07819e-09
75 6.07819e-09
76 6.07819e-09
77 6.07819e-09
78 6.07819e-09
79 6.07819e-09
80 6.07819e-09
81 6.07819e-09
82 6.07819e-09
83 6.07819e-09
84 6.07819e-09
85 6.07819e-09
86 6.07819e-09
87 6.07819e-09
88 6.07819e-09
89 6.07819e-09
90 6.07819e-09
91 6.07819e-09
92 6.07819e-09
93 6.07819e-09
94 6.07819e-09
95 6.07819e-09
96 6.07819e-09
97 6.07819e-09
98 6.07819e-09
99 6.07819e-09
100 6.07819e-09
101 6.07819e-09
102 6.07819e-09
103 6.07819e-09
104 6.07819e-09
105 6.07819e-09
106 6.07819e-09
107 6.07819e-09
108 6.07819e-09
109 6.07819e-09
110 6.07819e-09
111 6.07819e-09
112 6.07819e-09
113 6.07819e-09
114 6.07819e-09
115 6.07819e-09
116 6.07819e-09
117 6.07819e-09
118 6.07819e-09
119 6.07819e-09
120 6.07819e-09
121 6.07819e-09
122 6.07819e-09
123 6.07819e-09
124 6.07819e-09
125 6.07819e-09
126 6.07819e-09
127 6.07819e-09
128 6.07819e-09
129 6.07819e-09
130 6.07819e-09
131 6.07819e-09
132 6.07819e-09
133 6.07819e-09
134 6.07819e-09
135 6.07819e-09
136 6.07819e-09
137 6.07819e-09
138 6.07819e-09
139 6.07819e-09
140 6.07819e-09
141 6.07819e-09
142 6.07819e-09
143 6.07819e-09
144 6.07819e-09
145 6.07819e-09
146 6.07819e-09
147 6.07819e-09
148 6.07819e-09
149 6.07819e-09
150 6.07819e-09
151 6.07819e-09
152 6.07819e-09
153 6.07819e-09
154 6.07819e-09
155 6.07819e-09
156 6.07819e-09
157 6.07819e-09
158 6.07819e-09
159 6.07819e-09
160 6.07819e-09
161 6.07819e-09
162 6.07819e-09
163 6.07819e-09
164 6.07819e-09
165 6.07819e-09
166 6.07819e-09
167 6.07819e-09
168 6.07819e-09
169 6.07819e-09
170 6.07819e-09
171 6.07819e-09
172 6.07819e-09
173 6.07819e-09
174 6.07819e-09
175 6.07819e-09
176 6.07819e-09
177 6.07819e-09
178 6.07819e-09
179 6.07819e-09
180 6.07819e-09
181 6.07819e-09
182 6.07819e-09
183 6.07819e-09
184 6.07819e-09
185 6.07819e-09
186 6.07819e-09
187 6.07819e-09
188 6.07819e-09
189 6.07819e-09
190 6.07819e-09
191 6.07819e-09
192 6.07819e-09
193 6.07819e-09
194 6.07819e-09
195 6.07819e-09
196 6.07819e-09
197 6.07819e-09
198 6.07819e-09
199 6.07819e-09
200 6.07819e-09
201 6.07819e-09
202 6.07819e-09
203 6.07819e-09
204 6.07819e-09
205 6.07819e-09
206 6.07819e-09
207 6.07819e-09
208 6.07819e-09
209 6.07819e-09
210 6.07819e-09
211 6.07819e-09
212 6.07819e-09
213 6.07819e-09
214 6.07819e-09
215 6.07819e-09
216 6.07819e-09
217 6.07819e-09
218 6.07819e-09
219 6.07819e-09
220 6.07819e-09
221 6.07819e-09
222 6.07819e-09
223 6.07819e-09
224 6.07819e-09
225 6.07819e-09
226 6.07819e-09
227 6.07819e-09
228 6.07819e-09
229 6.07819e-09
230 6.07819e-09
231 6.79193e-09
232 1.09647e-08
233 2.54727e-08
234 7.1583e-08
235 2.06037e-07
236 5.85005e-07
237 1.62731e-06
238 4.44033e-06
239 1.1907e-05
240 3.14515e-05
241 8.20201e-05
242 0.000211565
243 0.000540357
244 0.00136667
245 0.00341947
246 0.00844716
247 0.0205478
248 0.0490696
249 0.114689
250 0.261598
251 0.580795
252 0.703565
253 0.749194
254 0.83867
255 0.869567
256 0.925698
257 0.94361
258 0.949095
259 0.957905
260 0.971463
261 0.991444
262 0.996599
263 0.997872
264 0.999521
265 0.999896
266 0.999978
267 0.999995
268 0.999998
269 0.999999
270 1
271 1
272 1
273 0.999999
274 1
275 0.999999
276 0.999995
277 0.999978
278 0.999899
279 0.999536
280 0.997959
281 0.996757
282 0.991966
283 0.988631
284 0.976499
285 0.968788
286 0.9641
287 0.949176
288 0.903625
289 0.770074
290 0.701161
291 0.513438
292 0.422915
293 0.190879
294 0.0847529
295 0.0371622
296 0.016141
297 0.00695728
298 0.00297687
299 0.00126294
300 0.000530016
301 0.00021937
302 8.92647e-05
303 3.56068e-05
304 1.38892e-05
305 5.28797e-06
306 1.9623e-06
307 7.09221e-07
308 2.49742e-07
309 8.60264e-08
310 3.03825e-08
311 1.2675e-08
312 7.18086e-09
313 6.07819e-09
314 6.07819e-09
315 6.07819e-09
316 6.07819e-09
317 6.07819e-09
318 6.07819e-09
319 6.07819e-09
320 6.07819e-09
321 6.07819e-09
322 6.07819e-09
323 6.07819e-09
324 6.07819e-09
325 6.07819e-09
326 6.07819e-09
327 6.07819e-09
328 6.07819e-09
329 6.07819e-09
330 6.07819e-09
331 6.07819e-09
332 6.07819e-09
333 6.07819e-09
334 6.07819e-09
335 6.07819e-09
336 6.07819e-09
337 6.07819e-09
338 6.07819e-09
339 6.07819e-09
340 6.07819e-09
341 6.07819e-09
342 6.07819e-09
343 6.07819e-09
344 6.07819e-09
345 6.07819e-09
346 6.07819e-09
347 6.07819e-09
348 6.07819e-09
349 6.07819e-09
350 6.07819e-09
351 6.07819e-09
352 6.07819e-09
353 6.07819e-09
354 6.07819e-09
355 6.07819e-09
356 6.07819e-09
357 6.07819e-09
358 6.07819e-09
359 6.07819e-09
360 6.07819e-09
361 6.07819e-09
362 6.07819e-09
363 6.07819e-09
364 6.07819e-09
365 6.07819e-09
366 6.07819e-09
367 6.07819e-09
368 6.07819e-09
369 6.07819e-09
370 6.07819e-09
371 6.07819e-09
372 6.07819e-09
373 6.07819e-09
374 6.07819e-09
375 6.07819e-09
376 6.07819e-09
377 6.07819e-09
378 6.07819e-09
379 6.07819e-09
380 6.07819e-09
381 6.07819e-09
382 6.07819e-09
383 6.07819e-09
384 6.07819e-09
385 6.07819e-09
386 6.07819e-09
387 6.07819e-09
388 6.07819e-09
389 6.07819e-09
390 6.07819e-09
391 6.07819e-09
392 6.07819e-09
393 6.07819e-09
394 6.07819e-09
395 6.07819e-09
396 6.07819e-09
397 6.07819e-09
398 6.07819e-09
399 6.07819e-09
400 6.07819e-09
401 6.07819e-09
402 6.07819e-09
403 6.07819e-09
404 6.07819e-09
405 6.07819e-09
406 6.07819e-09
407 6.07819e-09
408 6.07819e-09
409 6.07819e-09
410 6.07819e-09
411 6.07819e-09
412 6.07819e-09
413 6.07819e-09
414 6.07819e-09
415 6.07819e-09
416 6.07819e-09
417 6.07819e-09
418 6.07819e-09
419 6.07819e-09
420 6.07819e-09
421 6.07819e-09
422 6.07819e-09
423 6.07819e-09
424 6.07819e-09
425 6.07819e-09
426 6.07819e-09
427 6.07819e-09
428 6.07819e-09
429 6.07819e-09
430 6.07819e-09
431 6.07819e-09
432 6.07819e-09
433 6.07819e-09
434 6.07819e-09
435 6.07819e-09
436 6.07819e-09
437 6.07819e-09
438 6.07819e-09
439 6.07819e-09
440 6.07819e-09
441 6.07819e-09
442 6.07819e-09
443 6.07819e-09
444 6.07819e-09
445 6.07819e-09
446 6.07819e-09
447 6.07819e-09
448 6.07819e-09
449 6.07819e-09
450 6.07819e-09
451 6.07819e-09
452 6.07819e-09
453 6.07819e-09
454 6.07819e-09
455 6.07819e-09
456 6.07819e-09
457 6.07819e-09
458 6.07819e-09
459 6.07819e-09
460 6.07819e-09
461 6.07819e-09
462 6.07819e-09
463 6.07819e-09
464 6.07819e-09
465 6.07819e-09
466 6.07819e-09
467 6.07819e-09
468 6.07819e-09
469 6.07819e-09
470 6.07819e-09
471 6.07819e-09
472 6.07819e-09
473 6.07819e-09
474 6.07819e-09
475 6.07819e-09
476 6.07819e-09
477 6.07819e-09
478 6.07819e-09
479 6.07819e-09
480 6.07819e-09
481 6.07819e-09
482 6.07819e-09
483 6.07819e-09
484 6.07819e-09
485 6.07819e-09
486 6.07819e-09
487 6.07819e-09
488 6.07819e-09
489 6.07819e-09
490 6.07819e-09
491 6.07819e-09
492 6.07819e-09
493 6.07819e-09
494 6.07819e-09
495 6.07819e-09
496 6.07819e-09
497 6.07819e-09
498 6.07819e-09
499 6.07819e-09
500 6.07819e-09
501 6.07819e-09
502 6.07819e-09
503 6.07819e-09
504 6.07819e-09
505 6.07819e-09
506 6.07819e-09
507 6.07819e-09
508 6.07819e-09
509 6.07819e-09
510 6.07819e-09
511 6.07819e-09
512 6.07819e-09
513 6.07819e-09
514 6.07819e-09
515 6.07819e-09
516 6.07819e-09
517 6.07819e-09
518 6.07819e-09
519 6.07819e-09
520 6.07819e-09
521 6.07819e-09
522 6.07819e-09
523 6.07819e-09
524 6.07819e-09
525 6.07819e-09
526 6.07819e-09
527 6.07819e-09
528 6.07819e-09
529 6.07819e-09
530 6.07819e-09
531 6.07819e-09
532 6.07819e-09
533 6.07819e-09
534 6.07819e-09
535 6.07819e-09
536 6.07819e-09
537 6.07819e-09
538 6.07819e-09
539 6.07819e-09
540 6.07819e-09
541 6.07819e-09
542 6.07819e-09
