1 1.20801e-08
2 1.20801e-08
3 1.20801e-08
4 1.20801e-08
5 1.20801e-08
6 1.20801e-08
7 1.20801e-08
8 1.20801e-08
9 1.20801e-08
10 1.20801e-08
11 1.20801e-08
12 1.20801e-08
13 1.20801e-08
14 1.20801e-08
15 1.20801e-08
16 1.20801e-08
17 1.20801e-08
18 1.20801e-08
19 1.20801e-08
20 1.20801e-08
21 1.20801e-08
22 1.20801e-08
23 1.20801e-08
24 1.20801e-08
25 1.20801e-08
26 1.20801e-08
27 1.20801e-08
28 1.20801e-08
29 1.20801e-08
30 1.20801e-08
31 1.20801e-08
32 1.20801e-08
33 1.20801e-08
34 1.20801e-08
35 1.20801e-08
36 1.20801e-08
37 1.20801e-08
38 1.20801e-08
39 1.20801e-08
40 1.20801e-08
41 1.20801e-08
42 1.20801e-08
43 1.20801e-08
44 1.20801e-08
45 1.20801e-08
46 1.20801e-08
47 1.20801e-08
48 1.20801e-08
49 1.20801e-08
50 1.20801e-08
51 1.20801e-08
52 1.20801e-08
53 1.20801e-08
54 1.20801e-08
55 1.20801e-08
56 1.20801e-08
57 1.20801e-08
58 1.20801e-08
59 1.20801e-08
60 1.20801e-08
61 1.20801e-08
62 1.20801e-08
63 1.20801e-08
64 1.20801e-08
65 1.20801e-08
66 1.20801e-08
67 1.20801e-08
68 1.20801e-08
69 1.20801e-08
70 1.20801e-08
71 1.20801e-08
72 1.20801e-08
73 1.20801e-08
74 1.20801e-08
75 1.20801e-08
76 1.20801e-08
77 1.20801e-08
78 1.20801e-08
79 1.20801e-08
80 1.20801e-08
81 1.20801e-08
82 1.20801e-08
83 1.20801e-08
84 1.20801e-08
85 1.20801e-08
86 1.20801e-08
87 1.20801e-08
88 1.20801e-08
89 1.20801e-08
90 1.20801e-08
91 1.20801e-08
92 1.20801e-08
93 1.20801e-08
94 1.20801e-08
95 1.20801e-08
96 1.20801e-08
97 1.20801e-08
98 1.20801e-08
99 1.20801e-08
100 1.20801e-08
101 1.20801e-08
102 1.20801e-08
103 1.20801e-08
104 1.20801e-08
105 1.20801e-08
106 1.20801e-08
107 1.20801e-08
108 1.20801e-08
109 1.20801e-08
110 1.20801e-08
111 1.20801e-08
112 1.20801e-08
113 1.20801e-08
114 1.20801e-08
115 1.20801e-08
116 1.20801e-08
117 1.20801e-08
118 1.20801e-08
119 1.20801e-08
120 1.20801e-08
121 1.20801e-08
122 1.20801e-08
123 1.20801e-08
124 1.20801e-08
125 1.20801e-08
126 1.20801e-08
127 1.20801e-08
128 1.20801e-08
129 1.20801e-08
130 1.20801e-08
131 1.20801e-08
132 1.20801e-08
133 1.20801e-08
134 1.20801e-08
135 1.20801e-08
136 1.20801e-08
137 1.20801e-08
138 1.20801e-08
139 1.20801e-08
140 1.20801e-08
141 1.20801e-08
142 1.20801e-08
143 1.20801e-08
144 1.20801e-08
145 1.20801e-08
146 1.20801e-08
147 1.20801e-08
148 1.20801e-08
149 1.20801e-08
150 1.20801e-08
151 1.20801e-08
152 1.20801e-08
153 1.20801e-08
154 1.20801e-08
155 1.20801e-08
156 1.20801e-08
157 1.20801e-08
158 1.20801e-08
159 1.20801e-08
160 1.20801e-08
161 1.20801e-08
162 1.20801e-08
163 1.20801e-08
164 1.20801e-08
165 1.20801e-08
166 1.20801e-08
167 1.20801e-08
168 1.20801e-08
169 1.20801e-08
170 1.20801e-08
171 1.20801e-08
172 1.20801e-08
173 1.20801e-08
174 1.20801e-08
175 1.20801e-08
176 1.20801e-08
177 1.20801e-08
178 1.20801e-08
179 1.20801e-08
180 1.20801e-08
181 1.20801e-08
182 1.20801e-08
183 1.20801e-08
184 1.20801e-08
185 1.20801e-08
186 1.20801e-08
187 1.20801e-08
188 1.20801e-08
189 1.20801e-08
190 1.20801e-08
191 1.20801e-08
192 1.20801e-08
193 1.20801e-08
194 1.20801e-08
195 1.20801e-08
196 1.20801e-08
197 1.20801e-08
198 1.20801e-08
199 1.20801e-08
200 1.20801e-08
201 1.20801e-08
202 1.20801e-08
203 1.20801e-08
204 1.20801e-08
205 1.20801e-08
206 1.20801e-08
207 1.20801e-08
208 1.20801e-08
209 1.20801e-08
210 1.20801e-08
211 1.20801e-08
212 1.20801e-08
213 1.20801e-08
214 1.20801e-08
215 1.20801e-08
216 1.20801e-08
217 1.20801e-08
218 1.20801e-08
219 1.20801e-08
220 1.20801e-08
221 1.20801e-08
222 1.20801e-08
223 1.20801e-08
224 1.20801e-08
225 1.20801e-08
226 1.20801e-08
227 1.20801e-08
228 1.36742e-08
229 2.11889e-08
230 4.47383e-08
231 1.08679e-07
232 2.75671e-07
233 7.06778e-07
234 1.80588e-06
235 4.57864e-06
236 1.14949e-05
237 2.85207e-05
238 6.97879e-05
239 0.000167999
240 0.000396837
241 0.000917421
242 0.00207073
243 0.00455334
244 0.00973549
245 0.0202069
246 0.0406584
247 0.0792154
248 0.149298
249 0.271985
250 0.478641
251 0.813302
252 0.908499
253 0.934503
254 0.971801
255 0.981191
256 0.993608
257 0.996493
258 0.997138
259 0.997899
260 0.998768
261 0.999728
262 0.999917
263 0.999954
264 0.999991
265 0.999998
266 1
267 1
268 1
269 1
270 1
271 1
272 1
273 1
274 1
275 1
276 1
277 1
278 0.999998
279 0.999991
280 0.999954
281 0.999917
282 0.99973
283 0.999556
284 0.998701
285 0.997957
286 0.997331
287 0.994559
288 0.982772
289 0.934682
290 0.9003
291 0.77147
292 0.6869
293 0.395813
294 0.220081
295 0.1182
296 0.0614029
297 0.0309071
298 0.0151066
299 0.00718852
300 0.00334022
301 0.00152059
302 0.00068053
303 0.000300407
304 0.00013116
305 5.67469e-05
306 2.43474e-05
307 1.0355e-05
308 4.3595e-06
309 1.81387e-06
310 7.45271e-07
311 3.02885e-07
312 1.23143e-07
313 5.15277e-08
314 2.44221e-08
315 1.51421e-08
316 1.24617e-08
317 1.20801e-08
318 1.20801e-08
319 1.20801e-08
320 1.20801e-08
321 1.20801e-08
322 1.20801e-08
323 1.20801e-08
324 1.20801e-08
325 1.20801e-08
326 1.20801e-08
327 1.20801e-08
328 1.20801e-08
329 1.20801e-08
330 1.20801e-08
331 1.20801e-08
332 1.20801e-08
333 1.20801e-08
334 1.20801e-08
335 1.20801e-08
336 1.20801e-08
337 1.20801e-08
338 1.20801e-08
339 1.20801e-08
340 1.20801e-08
341 1.20801e-08
342 1.20801e-08
343 1.20801e-08
344 1.20801e-08
345 1.20801e-08
346 1.20801e-08
347 1.20801e-08
348 1.20801e-08
349 1.20801e-08
350 1.20801e-08
351 1.20801e-08
352 1.20801e-08
353 1.20801e-08
354 1.20801e-08
355 1.20801e-08
356 1.20801e-08
357 1.20801e-08
358 1.20801e-08
359 1.20801e-08
360 1.20801e-08
361 1.20801e-08
362 1.20801e-08
363 1.20801e-08
364 1.20801e-08
365 1.20801e-08
366 1.20801e-08
367 1.20801e-08
368 1.20801e-08
369 1.20801e-08
370 1.20801e-08
371 1.20801e-08
372 1.20801e-08
373 1.20801e-08
374 1.20801e-08
375 1.20801e-08
376 1.20801e-08
377 1.20801e-08
378 1.20801e-08
379 1.20801e-08
380 1.20801e-08
381 1.20801e-08
382 1.20801e-08
383 1.20801e-08
384 1.20801e-08
385 1.20801e-08
386 1.20801e-08
387 1.20801e-08
388 1.20801e-08
389 1.20801e-08
390 1.20801e-08
391 1.20801e-08
392 1.20801e-08
393 1.20801e-08
394 1.20801e-08
395 1.20801e-08
396 1.20801e-08
397 1.20801e-08
398 1.20801e-08
399 1.20801e-08
400 1.20801e-08
401 1.20801e-08
402 1.20801e-08
403 1.20801e-08
404 1.20801e-08
405 1.20801e-08
406 1.20801e-08
407 1.20801e-08
408 1.20801e-08
409 1.20801e-08
410 1.20801e-08
411 1.20801e-08
412 1.20801e-08
413 1.20801e-08
414 1.20801e-08
415 1.20801e-08
416 1.20801e-08
417 1.20801e-08
418 1.20801e-08
419 1.20801e-08
420 1.20801e-08
421 1.20801e-08
422 1.20801e-08
423 1.20801e-08
424 1.20801e-08
425 1.20801e-08
426 1.20801e-08
427 1.20801e-08
428 1.20801e-08
429 1.20801e-08
430 1.20801e-08
431 1.20801e-08
432 1.20801e-08
433 1.20801e-08
434 1.20801e-08
435 1.20801e-08
436 1.20801e-08
437 1.20801e-08
438 1.20801e-08
439 1.20801e-08
440 1.20801e-08
441 1.20801e-08
442 1.20801e-08
443 1.20801e-08
444 1.20801e-08
445 1.20801e-08
446 1.20801e-08
447 1.20801e-08
448 1.20801e-08
449 1.20801e-08
450 1.20801e-08
451 1.20801e-08
452 1.20801e-08
453 1.20801e-08
454 1.20801e-08
455 1.20801e-08
456 1.20801e-08
457 1.20801e-08
458 1.20801e-08
459 1.20801e-08
460 1.20801e-08
461 1.20801e-08
462 1.20801e-08
463 1.20801e-08
464 1.20801e-08
465 1.20801e-08
466 1.20801e-08
467 1.20801e-08
468 1.20801e-08
469 1.20801e-08
470 1.20801e-08
471 1.20801e-08
472 1.20801e-08
473 1.20801e-08
474 1.20801e-08
475 1.20801e-08
476 1.20801e-08
477 1.20801e-08
478 1.20801e-08
479 1.20801e-08
480 1.20801e-08
481 1.20801e-08
482 1.20801e-08
483 1.20801e-08
484 1.20801e-08
485 1.20801e-08
486 1.20801e-08
487 1.20801e-08
488 1.20801e-08
489 1.20801e-08
490 1.20801e-08
491 1.20801e-08
492 1.20801e-08
493 1.20801e-08
494 1.20801e-08
495 1.20801e-08
496 1.20801e-08
497 1.20801e-08
498 1.20801e-08
499 1.20801e-08
500 1.20801e-08
501 1.20801e-08
502 1.20801e-08
503 1.20801e-08
504 1.20801e-08
505 1.20801e-08
506 1.20801e-08
507 1.20801e-08
508 1.20801e-08
509 1.20801e-08
510 1.20801e-08
511 1.20801e-08
512 1.20801e-08
513 1.20801e-08
514 1.20801e-08
515 1.20801e-08
516 1.20801e-08
517 1.20801e-08
518 1.20801e-08
519 1.20801e-08
520 1.20801e-08
521 1.20801e-08
522 1.20801e-08
523 1.20801e-08
524 1.20801e-08
525 1.20801e-08
526 1.20801e-08
527 1.20801e-08
528 1.20801e-08
529 1.20801e-08
530 1.20801e-08
531 1.20801e-08
532 1.20801e-08
533 1.20801e-08
534 1.20801e-08
535 1.20801e-08
536 1.20801e-08
537 1.20801e-08
538 1.20801e-08
539 1.20801e-08
540 1.20801e-08
541 1.20801e-08
542 1.20801e-08
