1 3.62704e-09
2 3.62704e-09
3 3.62704e-09
4 3.62704e-09
5 3.62704e-09
6 3.62704e-09
7 3.62704e-09
8 3.62704e-09
9 3.62704e-09
10 3.62704e-09
11 3.62704e-09
12 3.62704e-09
13 3.62704e-09
14 3.62704e-09
15 3.62704e-09
16 3.62704e-09
17 3.62704e-09
18 3.62704e-09
19 3.62704e-09
20 3.62704e-09
21 3.62704e-09
22 3.62704e-09
23 3.62704e-09
24 3.62704e-09
25 3.62704e-09
26 3.62704e-09
27 3.62704e-09
28 3.62704e-09
29 3.62704e-09
30 3.62704e-09
31 3.62704e-09
32 3.62704e-09
33 3.62704e-09
34 3.62704e-09
35 3.62704e-09
36 3.62704e-09
37 3.62704e-09
38 3.62704e-09
39 3.62704e-09
40 3.62704e-09
41 3.62704e-09
42 3.62704e-09
43 3.62704e-09
44 3.62704e-09
45 3.62704e-09
46 3.62704e-09
47 3.62704e-09
48 3.62704e-09
49 3.62704e-09
50 3.62704e-09
51 3.62704e-09
52 3.62704e-09
53 3.62704e-09
54 3.62704e-09
55 3.62704e-09
56 3.62704e-09
57 3.62704e-09
58 3.62704e-09
59 3.62704e-09
60 3.62704e-09
61 3.62704e-09
62 3.62704e-09
63 3.62704e-09
64 3.62704e-09
65 3.62704e-09
66 3.62704e-09
67 3.62704e-09
68 3.62704e-09
69 3.62704e-09
70 3.62704e-09
71 3.62704e-09
72 3.62704e-09
73 3.62704e-09
74 3.62704e-09
75 3.62704e-09
76 3.62704e-09
77 3.62704e-09
78 3.62704e-09
79 3.62704e-09
80 3.62704e-09
81 3.62704e-09
82 3.62704e-09
83 3.62704e-09
84 3.62704e-09
85 3.62704e-09
86 3.62704e-09
87 3.62704e-09
88 3.62704e-09
89 3.62704e-09
90 3.62704e-09
91 3.62704e-09
92 3.62704e-09
93 3.62704e-09
94 3.62704e-09
95 3.62704e-09
96 3.62704e-09
97 3.62704e-09
98 3.62704e-09
99 3.62704e-09
100 3.62704e-09
101 3.62704e-09
102 3.62704e-09
103 3.62704e-09
104 3.62704e-09
105 3.62704e-09
106 3.62704e-09
107 3.62704e-09
108 3.62704e-09
109 3.62704e-09
110 3.62704e-09
111 3.62704e-09
112 3.62704e-09
113 3.62704e-09
114 3.62704e-09
115 3.62704e-09
116 3.62704e-09
117 3.62704e-09
118 3.62704e-09
119 3.62704e-09
120 3.62704e-09
121 3.62704e-09
122 3.62704e-09
123 3.62704e-09
124 3.62704e-09
125 3.62704e-09
126 3.62704e-09
127 3.62704e-09
128 3.62704e-09
129 3.62704e-09
130 3.62704e-09
131 3.62704e-09
132 3.62704e-09
133 3.62704e-09
134 3.62704e-09
135 3.62704e-09
136 3.62704e-09
137 3.62704e-09
138 3.62704e-09
139 3.62704e-09
140 3.62704e-09
141 3.62704e-09
142 3.62704e-09
143 3.62704e-09
144 3.62704e-09
145 3.62704e-09
146 3.62704e-09
147 3.62704e-09
148 3.62704e-09
149 3.62704e-09
150 3.62704e-09
151 3.62704e-09
152 3.62704e-09
153 3.62704e-09
154 3.62704e-09
155 3.62704e-09
156 3.62704e-09
157 3.62704e-09
158 3.62704e-09
159 3.62704e-09
160 3.62704e-09
161 3.62704e-09
162 3.62704e-09
163 3.62704e-09
164 3.62704e-09
165 3.62704e-09
166 3.62704e-09
167 3.62704e-09
168 3.62704e-09
169 3.62704e-09
170 3.62704e-09
171 3.62704e-09
172 3.62704e-09
173 3.62704e-09
174 3.62704e-09
175 3.62704e-09
176 3.62704e-09
177 3.62704e-09
178 3.62704e-09
179 3.62704e-09
180 3.62704e-09
181 3.62704e-09
182 3.62704e-09
183 3.62704e-09
184 3.62704e-09
185 3.62704e-09
186 3.62704e-09
187 3.62704e-09
188 3.62704e-09
189 3.62704e-09
190 3.62704e-09
191 3.62704e-09
192 3.62704e-09
193 3.62704e-09
194 3.62704e-09
195 3.62704e-09
196 3.62704e-09
197 3.62704e-09
198 3.62704e-09
199 3.62704e-09
200 3.62704e-09
201 3.62704e-09
202 3.62704e-09
203 3.62704e-09
204 3.62704e-09
205 3.62704e-09
206 3.62704e-09
207 3.62704e-09
208 3.62704e-09
209 3.62704e-09
210 3.62704e-09
211 3.62704e-09
212 3.62704e-09
213 3.62704e-09
214 3.62704e-09
215 3.62704e-09
216 3.62704e-09
217 3.62704e-09
218 3.62704e-09
219 3.62704e-09
220 3.62704e-09
221 3.62704e-09
222 3.62704e-09
223 3.62704e-09
224 3.62704e-09
225 3.62704e-09
226 3.62704e-09
227 3.62704e-09
228 3.62704e-09
229 3.62704e-09
230 3.62704e-09
231 3.62704e-09
232 3.62704e-09
233 3.62704e-09
234 3.62704e-09
235 4.62677e-09
236 1.0206e-08
237 3.06754e-08
238 1.00096e-07
239 3.33681e-07
240 1.10921e-06
241 3.65125e-06
242 1.185e-05
243 3.7787e-05
244 0.000118043
245 0.000360461
246 0.00107451
247 0.00312524
248 0.00887257
249 0.0246182
250 0.0668959
251 0.178508
252 0.231658
253 0.256707
254 0.320753
255 0.350465
256 0.425208
257 0.459191
258 0.474408
259 0.510951
260 0.596621
261 0.791908
262 0.870769
263 0.901534
264 0.964798
265 0.98767
266 0.995607
267 0.998246
268 0.999083
269 0.999326
270 0.999723
271 0.999797
272 0.999676
273 0.999616
274 0.999604
275 0.999397
276 0.998696
277 0.996553
278 0.990296
279 0.972791
280 0.925671
281 0.903272
282 0.846751
283 0.821304
284 0.759785
285 0.732931
286 0.721298
287 0.693856
288 0.629378
289 0.478775
290 0.415081
291 0.26985
292 0.210447
293 0.0805736
294 0.0299984
295 0.0108515
296 0.00381334
297 0.00130245
298 0.000432872
299 0.000140245
300 4.44063e-05
301 1.37865e-05
302 4.21331e-06
303 1.27305e-06
304 3.8229e-07
305 1.14898e-07
306 3.52465e-08
307 1.16465e-08
308 4.94862e-09
309 3.77394e-09
310 3.62704e-09
311 3.62704e-09
312 3.62704e-09
313 3.62704e-09
314 3.62704e-09
315 3.62704e-09
316 3.62704e-09
317 3.62704e-09
318 3.62704e-09
319 3.62704e-09
320 3.62704e-09
321 3.62704e-09
322 3.62704e-09
323 3.62704e-09
324 3.62704e-09
325 3.62704e-09
326 3.62704e-09
327 3.62704e-09
328 3.62704e-09
329 3.62704e-09
330 3.62704e-09
331 3.62704e-09
332 3.62704e-09
333 3.62704e-09
334 3.62704e-09
335 3.62704e-09
336 3.62704e-09
337 3.62704e-09
338 3.62704e-09
339 3.62704e-09
340 3.62704e-09
341 3.62704e-09
342 3.62704e-09
343 3.62704e-09
344 3.62704e-09
345 3.62704e-09
346 3.62704e-09
347 3.62704e-09
348 3.62704e-09
349 3.62704e-09
350 3.62704e-09
351 3.62704e-09
352 3.62704e-09
353 3.62704e-09
354 3.62704e-09
355 3.62704e-09
356 3.62704e-09
357 3.62704e-09
358 3.62704e-09
359 3.62704e-09
360 3.62704e-09
361 3.62704e-09
362 3.62704e-09
363 3.62704e-09
364 3.62704e-09
365 3.62704e-09
366 3.62704e-09
367 3.62704e-09
368 3.62704e-09
369 3.62704e-09
370 3.62704e-09
371 3.62704e-09
372 3.62704e-09
373 3.62704e-09
374 3.62704e-09
375 3.62704e-09
376 3.62704e-09
377 3.62704e-09
378 3.62704e-09
379 3.62704e-09
380 3.62704e-09
381 3.62704e-09
382 3.62704e-09
383 3.62704e-09
384 3.62704e-09
385 3.62704e-09
386 3.62704e-09
387 3.62704e-09
388 3.62704e-09
389 3.62704e-09
390 3.62704e-09
391 3.62704e-09
392 3.62704e-09
393 3.62704e-09
394 3.62704e-09
395 3.62704e-09
396 3.62704e-09
397 3.62704e-09
398 3.62704e-09
399 3.62704e-09
400 3.62704e-09
401 3.62704e-09
402 3.62704e-09
403 3.62704e-09
404 3.62704e-09
405 3.62704e-09
406 3.62704e-09
407 3.62704e-09
408 3.62704e-09
409 3.62704e-09
410 3.62704e-09
411 3.62704e-09
412 3.62704e-09
413 3.62704e-09
414 3.62704e-09
415 3.62704e-09
416 3.62704e-09
417 3.62704e-09
418 3.62704e-09
419 3.62704e-09
420 3.62704e-09
421 3.62704e-09
422 3.62704e-09
423 3.62704e-09
424 3.62704e-09
425 3.62704e-09
426 3.62704e-09
427 3.62704e-09
428 3.62704e-09
429 3.62704e-09
430 3.62704e-09
431 3.62704e-09
432 3.62704e-09
433 3.62704e-09
434 3.62704e-09
435 3.62704e-09
436 3.62704e-09
437 3.62704e-09
438 3.62704e-09
439 3.62704e-09
440 3.62704e-09
441 3.62704e-09
442 3.62704e-09
443 3.62704e-09
444 3.62704e-09
445 3.62704e-09
446 3.62704e-09
447 3.62704e-09
448 3.62704e-09
449 3.62704e-09
450 3.62704e-09
451 3.62704e-09
452 3.62704e-09
453 3.62704e-09
454 3.62704e-09
455 3.62704e-09
456 3.62704e-09
457 3.62704e-09
458 3.62704e-09
459 3.62704e-09
460 3.62704e-09
461 3.62704e-09
462 3.62704e-09
463 3.62704e-09
464 3.62704e-09
465 3.62704e-09
466 3.62704e-09
467 3.62704e-09
468 3.62704e-09
469 3.62704e-09
470 3.62704e-09
471 3.62704e-09
472 3.62704e-09
473 3.62704e-09
474 3.62704e-09
475 3.62704e-09
476 3.62704e-09
477 3.62704e-09
478 3.62704e-09
479 3.62704e-09
480 3.62704e-09
481 3.62704e-09
482 3.62704e-09
483 3.62704e-09
484 3.62704e-09
485 3.62704e-09
486 3.62704e-09
487 3.62704e-09
488 3.62704e-09
489 3.62704e-09
490 3.62704e-09
491 3.62704e-09
492 3.62704e-09
493 3.62704e-09
494 3.62704e-09
495 3.62704e-09
496 3.62704e-09
497 3.62704e-09
498 3.62704e-09
499 3.62704e-09
500 3.62704e-09
501 3.62704e-09
502 3.62704e-09
503 3.62704e-09
504 3.62704e-09
505 3.62704e-09
506 3.62704e-09
507 3.62704e-09
508 3.62704e-09
509 3.62704e-09
510 3.62704e-09
511 3.62704e-09
512 3.62704e-09
513 3.62704e-09
514 3.62704e-09
515 3.62704e-09
516 3.62704e-09
517 3.62704e-09
518 3.62704e-09
519 3.62704e-09
520 3.62704e-09
521 3.62704e-09
522 3.62704e-09
523 3.62704e-09
524 3.62704e-09
525 3.62704e-09
526 3.62704e-09
527 3.62704e-09
528 3.62704e-09
529 3.62704e-09
530 3.62704e-09
531 3.62704e-09
532 3.62704e-09
533 3.62704e-09
534 3.62704e-09
535 3.62704e-09
536 3.62704e-09
537 3.62704e-09
538 3.62704e-09
539 3.62704e-09
540 3.62704e-09
541 3.62704e-09
542 3.62704e-09
