1 3.146e-08
2 3.146e-08
3 3.146e-08
4 3.146e-08
5 3.146e-08
6 3.146e-08
7 3.146e-08
8 3.146e-08
9 3.146e-08
10 3.146e-08
11 3.146e-08
12 3.146e-08
13 3.146e-08
14 3.146e-08
15 3.146e-08
16 3.146e-08
17 3.146e-08
18 3.146e-08
19 3.146e-08
20 3.146e-08
21 3.146e-08
22 3.146e-08
23 3.146e-08
24 3.146e-08
25 3.146e-08
26 3.146e-08
27 3.146e-08
28 3.146e-08
29 3.146e-08
30 3.146e-08
31 3.146e-08
32 3.146e-08
33 3.146e-08
34 3.146e-08
35 3.146e-08
36 3.146e-08
37 3.146e-08
38 3.146e-08
39 3.146e-08
40 3.146e-08
41 3.146e-08
42 3.146e-08
43 3.146e-08
44 3.146e-08
45 3.146e-08
46 3.146e-08
47 3.146e-08
48 3.146e-08
49 3.146e-08
50 3.146e-08
51 3.146e-08
52 3.146e-08
53 3.146e-08
54 3.146e-08
55 3.146e-08
56 3.146e-08
57 3.146e-08
58 3.146e-08
59 3.146e-08
60 3.146e-08
61 3.146e-08
62 3.146e-08
63 3.146e-08
64 3.146e-08
65 3.146e-08
66 3.146e-08
67 3.146e-08
68 3.146e-08
69 3.146e-08
70 3.146e-08
71 3.146e-08
72 3.146e-08
73 3.146e-08
74 3.146e-08
75 3.146e-08
76 3.146e-08
77 3.146e-08
78 3.146e-08
79 3.146e-08
80 3.146e-08
81 3.146e-08
82 3.146e-08
83 3.146e-08
84 3.146e-08
85 3.146e-08
86 3.146e-08
87 3.146e-08
88 3.146e-08
89 3.146e-08
90 3.146e-08
91 3.146e-08
92 3.146e-08
93 3.146e-08
94 3.146e-08
95 3.146e-08
96 3.146e-08
97 3.146e-08
98 3.146e-08
99 3.146e-08
100 3.146e-08
101 3.146e-08
102 3.146e-08
103 3.146e-08
104 3.146e-08
105 3.146e-08
106 3.146e-08
107 3.146e-08
108 3.146e-08
109 3.146e-08
110 3.146e-08
111 3.146e-08
112 3.146e-08
113 3.146e-08
114 3.146e-08
115 3.146e-08
116 3.146e-08
117 3.146e-08
118 3.146e-08
119 3.146e-08
120 3.146e-08
121 3.146e-08
122 3.146e-08
123 3.146e-08
124 3.146e-08
125 3.146e-08
126 3.146e-08
127 3.146e-08
128 3.146e-08
129 3.146e-08
130 3.146e-08
131 3.146e-08
132 3.146e-08
133 3.146e-08
134 3.146e-08
135 3.146e-08
136 3.146e-08
137 3.146e-08
138 3.146e-08
139 3.146e-08
140 3.146e-08
141 3.146e-08
142 3.146e-08
143 3.146e-08
144 3.146e-08
145 3.146e-08
146 3.146e-08
147 3.146e-08
148 3.146e-08
149 3.146e-08
150 3.146e-08
151 3.146e-08
152 3.146e-08
153 3.146e-08
154 3.146e-08
155 3.146e-08
156 3.146e-08
157 3.146e-08
158 3.146e-08
159 3.146e-08
160 3.146e-08
161 3.146e-08
162 3.146e-08
163 3.146e-08
164 3.146e-08
165 3.146e-08
166 3.146e-08
167 3.146e-08
168 3.146e-08
169 3.146e-08
170 3.146e-08
171 3.146e-08
172 3.146e-08
173 3.146e-08
174 3.146e-08
175 3.146e-08
176 3.146e-08
177 3.146e-08
178 3.146e-08
179 3.146e-08
180 3.146e-08
181 3.146e-08
182 3.146e-08
183 3.146e-08
184 3.146e-08
185 3.146e-08
186 3.146e-08
187 3.146e-08
188 3.146e-08
189 3.146e-08
190 3.146e-08
191 3.146e-08
192 3.146e-08
193 3.146e-08
194 3.146e-08
195 3.146e-08
196 3.146e-08
197 3.146e-08
198 3.146e-08
199 3.146e-08
200 3.146e-08
201 3.146e-08
202 3.146e-08
203 3.146e-08
204 3.146e-08
205 3.146e-08
206 3.146e-08
207 3.146e-08
208 3.146e-08
209 3.146e-08
210 3.146e-08
211 3.146e-08
212 3.146e-08
213 3.146e-08
214 3.146e-08
215 3.146e-08
216 3.146e-08
217 3.146e-08
218 3.146e-08
219 3.146e-08
220 3.146e-08
221 3.146e-08
222 3.146e-08
223 3.146e-08
224 3.146e-08
225 3.25437e-08
226 3.81265e-08
227 5.52484e-08
228 9.99097e-08
229 2.14755e-07
230 5.05149e-07
231 1.23044e-06
232 3.01833e-06
233 7.35814e-06
234 1.77093e-05
235 4.19067e-05
236 9.72028e-05
237 0.000220435
238 0.000487679
239 0.00105056
240 0.00220004
241 0.00447266
242 0.00881701
243 0.0168372
244 0.0311211
245 0.055641
246 0.0961762
247 0.160665
248 0.259346
249 0.404526
250 0.609846
251 0.889002
252 0.955743
253 0.971103
254 0.989743
255 0.993738
256 0.99827
257 0.999184
258 0.999363
259 0.999552
260 0.999748
261 0.999948
262 0.999985
263 0.999992
264 0.999998
265 1
266 1
267 1
268 1
269 1
270 1
271 1
272 1
273 1
274 1
275 1
276 1
277 1
278 1
279 0.999998
280 0.999992
281 0.999985
282 0.999948
283 0.999911
284 0.999716
285 0.999528
286 0.99935
287 0.998446
288 0.993981
289 0.972594
290 0.954486
291 0.873621
292 0.810087
293 0.547719
294 0.357541
295 0.225249
296 0.136942
297 0.0803603
298 0.0455405
299 0.0249433
300 0.0132188
301 0.00678791
302 0.00338349
303 0.00164064
304 0.000775871
305 0.00035887
306 0.000162859
307 7.27432e-05
308 3.20768e-05
309 1.40008e-05
310 6.06238e-06
311 2.61001e-06
312 1.12149e-06
313 4.85499e-07
314 2.16461e-07
315 1.04084e-07
316 5.80781e-08
317 3.98338e-08
318 3.36597e-08
319 3.1766e-08
320 3.146e-08
321 3.146e-08
322 3.146e-08
323 3.146e-08
324 3.146e-08
325 3.146e-08
326 3.146e-08
327 3.146e-08
328 3.146e-08
329 3.146e-08
330 3.146e-08
331 3.146e-08
332 3.146e-08
333 3.146e-08
334 3.146e-08
335 3.146e-08
336 3.146e-08
337 3.146e-08
338 3.146e-08
339 3.146e-08
340 3.146e-08
341 3.146e-08
342 3.146e-08
343 3.146e-08
344 3.146e-08
345 3.146e-08
346 3.146e-08
347 3.146e-08
348 3.146e-08
349 3.146e-08
350 3.146e-08
351 3.146e-08
352 3.146e-08
353 3.146e-08
354 3.146e-08
355 3.146e-08
356 3.146e-08
357 3.146e-08
358 3.146e-08
359 3.146e-08
360 3.146e-08
361 3.146e-08
362 3.146e-08
363 3.146e-08
364 3.146e-08
365 3.146e-08
366 3.146e-08
367 3.146e-08
368 3.146e-08
369 3.146e-08
370 3.146e-08
371 3.146e-08
372 3.146e-08
373 3.146e-08
374 3.146e-08
375 3.146e-08
376 3.146e-08
377 3.146e-08
378 3.146e-08
379 3.146e-08
380 3.146e-08
381 3.146e-08
382 3.146e-08
383 3.146e-08
384 3.146e-08
385 3.146e-08
386 3.146e-08
387 3.146e-08
388 3.146e-08
389 3.146e-08
390 3.146e-08
391 3.146e-08
392 3.146e-08
393 3.146e-08
394 3.146e-08
395 3.146e-08
396 3.146e-08
397 3.146e-08
398 3.146e-08
399 3.146e-08
400 3.146e-08
401 3.146e-08
402 3.146e-08
403 3.146e-08
404 3.146e-08
405 3.146e-08
406 3.146e-08
407 3.146e-08
408 3.146e-08
409 3.146e-08
410 3.146e-08
411 3.146e-08
412 3.146e-08
413 3.146e-08
414 3.146e-08
415 3.146e-08
416 3.146e-08
417 3.146e-08
418 3.146e-08
419 3.146e-08
420 3.146e-08
421 3.146e-08
422 3.146e-08
423 3.146e-08
424 3.146e-08
425 3.146e-08
426 3.146e-08
427 3.146e-08
428 3.146e-08
429 3.146e-08
430 3.146e-08
431 3.146e-08
432 3.146e-08
433 3.146e-08
434 3.146e-08
435 3.146e-08
436 3.146e-08
437 3.146e-08
438 3.146e-08
439 3.146e-08
440 3.146e-08
441 3.146e-08
442 3.146e-08
443 3.146e-08
444 3.146e-08
445 3.146e-08
446 3.146e-08
447 3.146e-08
448 3.146e-08
449 3.146e-08
450 3.146e-08
451 3.146e-08
452 3.146e-08
453 3.146e-08
454 3.146e-08
455 3.146e-08
456 3.146e-08
457 3.146e-08
458 3.146e-08
459 3.146e-08
460 3.146e-08
461 3.146e-08
462 3.146e-08
463 3.146e-08
464 3.146e-08
465 3.146e-08
466 3.146e-08
467 3.146e-08
468 3.146e-08
469 3.146e-08
470 3.146e-08
471 3.146e-08
472 3.146e-08
473 3.146e-08
474 3.146e-08
475 3.146e-08
476 3.146e-08
477 3.146e-08
478 3.146e-08
479 3.146e-08
480 3.146e-08
481 3.146e-08
482 3.146e-08
483 3.146e-08
484 3.146e-08
485 3.146e-08
486 3.146e-08
487 3.146e-08
488 3.146e-08
489 3.146e-08
490 3.146e-08
491 3.146e-08
492 3.146e-08
493 3.146e-08
494 3.146e-08
495 3.146e-08
496 3.146e-08
497 3.146e-08
498 3.146e-08
499 3.146e-08
500 3.146e-08
501 3.146e-08
502 3.146e-08
503 3.146e-08
504 3.146e-08
505 3.146e-08
506 3.146e-08
507 3.146e-08
508 3.146e-08
509 3.146e-08
510 3.146e-08
511 3.146e-08
512 3.146e-08
513 3.146e-08
514 3.146e-08
515 3.146e-08
516 3.146e-08
517 3.146e-08
518 3.146e-08
519 3.146e-08
520 3.146e-08
521 3.146e-08
522 3.146e-08
523 3.146e-08
524 3.146e-08
525 3.146e-08
526 3.146e-08
527 3.146e-08
528 3.146e-08
529 3.146e-08
530 3.146e-08
531 3.146e-08
532 3.146e-08
533 3.146e-08
534 3.146e-08
535 3.146e-08
536 3.146e-08
537 3.146e-08
538 3.146e-08
539 3.146e-08
540 3.146e-08
541 3.146e-08
542 3.146e-08
