1 5.55426e-08
2 5.55426e-08
3 5.55426e-08
4 5.55426e-08
5 5.55426e-08
6 5.55426e-08
7 5.55426e-08
8 5.55426e-08
9 5.55426e-08
10 5.55426e-08
11 5.55426e-08
12 5.55426e-08
13 5.55426e-08
14 5.55426e-08
15 5.55426e-08
16 5.55426e-08
17 5.55426e-08
18 5.55426e-08
19 5.55426e-08
20 5.55426e-08
21 5.55426e-08
22 5.55426e-08
23 5.55426e-08
24 5.55426e-08
25 5.55426e-08
26 5.55426e-08
27 5.55426e-08
28 5.55426e-08
29 5.55426e-08
30 5.55426e-08
31 5.55426e-08
32 5.55426e-08
33 5.55426e-08
34 5.55426e-08
35 5.55426e-08
36 5.55426e-08
37 5.55426e-08
38 5.55426e-08
39 5.55426e-08
40 5.55426e-08
41 5.55426e-08
42 5.55426e-08
43 5.55426e-08
44 5.55426e-08
45 5.55426e-08
46 5.55426e-08
47 5.55426e-08
48 5.55426e-08
49 5.55426e-08
50 5.55426e-08
51 5.55426e-08
52 5.55426e-08
53 5.55426e-08
54 5.55426e-08
55 5.55426e-08
56 5.55426e-08
57 5.55426e-08
58 5.55426e-08
59 5.55426e-08
60 5.55426e-08
61 5.55426e-08
62 5.55426e-08
63 5.55426e-08
64 5.55426e-08
65 5.55426e-08
66 5.55426e-08
67 5.55426e-08
68 5.55426e-08
69 5.55426e-08
70 5.55426e-08
71 5.55426e-08
72 5.55426e-08
73 5.55426e-08
74 5.55426e-08
75 5.55426e-08
76 5.55426e-08
77 5.55426e-08
78 5.55426e-08
79 5.55426e-08
80 5.55426e-08
81 5.55426e-08
82 5.55426e-08
83 5.55426e-08
84 5.55426e-08
85 5.55426e-08
86 5.55426e-08
87 5.55426e-08
88 5.55426e-08
89 5.55426e-08
90 5.55426e-08
91 5.55426e-08
92 5.55426e-08
93 5.55426e-08
94 5.55426e-08
95 5.55426e-08
96 5.55426e-08
97 5.55426e-08
98 5.55426e-08
99 5.55426e-08
100 5.55426e-08
101 5.55426e-08
102 5.55426e-08
103 5.55426e-08
104 5.55426e-08
105 5.55426e-08
106 5.55426e-08
107 5.55426e-08
108 5.55426e-08
109 5.55426e-08
110 5.55426e-08
111 5.55426e-08
112 5.55426e-08
113 5.55426e-08
114 5.55426e-08
115 5.55426e-08
116 5.55426e-08
117 5.55426e-08
118 5.55426e-08
119 5.55426e-08
120 5.55426e-08
121 5.55426e-08
122 5.55426e-08
123 5.55426e-08
124 5.55426e-08
125 5.55426e-08
126 5.55426e-08
127 5.55426e-08
128 5.55426e-08
129 5.55426e-08
130 5.55426e-08
131 5.55426e-08
132 5.55426e-08
133 5.55426e-08
134 5.55426e-08
135 5.55426e-08
136 5.55426e-08
137 5.55426e-08
138 5.55426e-08
139 5.55426e-08
140 5.55426e-08
141 5.55426e-08
142 5.55426e-08
143 5.55426e-08
144 5.55426e-08
145 5.55426e-08
146 5.55426e-08
147 5.55426e-08
148 5.55426e-08
149 5.55426e-08
150 5.55426e-08
151 5.55426e-08
152 5.55426e-08
153 5.55426e-08
154 5.55426e-08
155 5.55426e-08
156 5.55426e-08
157 5.55426e-08
158 5.55426e-08
159 5.55426e-08
160 5.55426e-08
161 5.55426e-08
162 5.55426e-08
163 5.55426e-08
164 5.55426e-08
165 5.55426e-08
166 5.55426e-08
167 5.55426e-08
168 5.55426e-08
169 5.55426e-08
170 5.55426e-08
171 5.55426e-08
172 5.55426e-08
173 5.55426e-08
174 5.55426e-08
175 5.55426e-08
176 5.55426e-08
177 5.55426e-08
178 5.55426e-08
179 5.55426e-08
180 5.55426e-08
181 5.55426e-08
182 5.55426e-08
183 5.55426e-08
184 5.55426e-08
185 5.55426e-08
186 5.55426e-08
187 5.55426e-08
188 5.55426e-08
189 5.55426e-08
190 5.55426e-08
191 5.55426e-08
192 5.55426e-08
193 5.55426e-08
194 5.55426e-08
195 5.55426e-08
196 5.55426e-08
197 5.55426e-08
198 5.55426e-08
199 5.55426e-08
200 5.55426e-08
201 5.55426e-08
202 5.55426e-08
203 5.55426e-08
204 5.55426e-08
205 5.55426e-08
206 5.55426e-08
207 5.55426e-08
208 5.55426e-08
209 5.55426e-08
210 5.55426e-08
211 5.55426e-08
212 5.55426e-08
213 5.55426e-08
214 5.55426e-08
215 5.55426e-08
216 5.55426e-08
217 5.55426e-08
218 5.55426e-08
219 5.55426e-08
220 5.55426e-08
221 5.55426e-08
222 5.55426e-08
223 5.55426e-08
224 5.55426e-08
225 5.55426e-08
226 5.55426e-08
227 5.55426e-08
228 5.55426e-08
229 5.55426e-08
230 5.55426e-08
231 5.55426e-08
232 5.55426e-08
233 5.55426e-08
234 5.55426e-08
235 5.55426e-08
236 5.55426e-08
237 5.55426e-08
238 5.55426e-08
239 5.55426e-08
240 5.55426e-08
241 5.55426e-08
242 5.55426e-08
243 5.55426e-08
244 5.55426e-08
245 5.98924e-08
246 1.05285e-07
247 2.44695e-07
248 6.45718e-07
249 1.73519e-06
250 4.62441e-06
251 1.24585e-05
252 1.6259e-05
253 1.76344e-05
254 2.39406e-05
255 2.65693e-05
256 3.93124e-05
257 4.56247e-05
258 4.5683e-05
259 6.04751e-05
260 0.000116472
261 0.000306915
262 0.000423452
263 0.00049395
264 0.000740804
265 0.000892233
266 0.000981014
267 0.00102463
268 0.00102752
269 0.000978632
270 0.00100995
271 0.000985775
272 0.0008921
273 0.00089764
274 0.00100179
275 0.00103476
276 0.00102167
277 0.000968113
278 0.000866177
279 0.000695185
280 0.000417545
281 0.000338415
282 0.0002058
283 0.000168824
284 0.000103217
285 8.61252e-05
286 8.70757e-05
287 7.96362e-05
288 6.40914e-05
289 3.75532e-05
290 3.00039e-05
291 1.64711e-05
292 1.22947e-05
293 4.253e-06
294 1.48884e-06
295 5.22557e-07
296 1.865e-07
297 8.1184e-08
298 5.55426e-08
299 5.55426e-08
300 5.55426e-08
301 5.55426e-08
302 5.55426e-08
303 5.55426e-08
304 5.55426e-08
305 5.55426e-08
306 5.55426e-08
307 5.55426e-08
308 5.55426e-08
309 5.55426e-08
310 5.55426e-08
311 5.55426e-08
312 5.55426e-08
313 5.55426e-08
314 5.55426e-08
315 5.55426e-08
316 5.55426e-08
317 5.55426e-08
318 5.55426e-08
319 5.55426e-08
320 5.55426e-08
321 5.55426e-08
322 5.55426e-08
323 5.55426e-08
324 5.55426e-08
325 5.55426e-08
326 5.55426e-08
327 5.55426e-08
328 5.55426e-08
329 5.55426e-08
330 5.55426e-08
331 5.55426e-08
332 5.55426e-08
333 5.55426e-08
334 5.55426e-08
335 5.55426e-08
336 5.55426e-08
337 5.55426e-08
338 5.55426e-08
339 5.55426e-08
340 5.55426e-08
341 5.55426e-08
342 5.55426e-08
343 5.55426e-08
344 5.55426e-08
345 5.55426e-08
346 5.55426e-08
347 5.55426e-08
348 5.55426e-08
349 5.55426e-08
350 5.55426e-08
351 5.55426e-08
352 5.55426e-08
353 5.55426e-08
354 5.55426e-08
355 5.55426e-08
356 5.55426e-08
357 5.55426e-08
358 5.55426e-08
359 5.55426e-08
360 5.55426e-08
361 5.55426e-08
362 5.55426e-08
363 5.55426e-08
364 5.55426e-08
365 5.55426e-08
366 5.55426e-08
367 5.55426e-08
368 5.55426e-08
369 5.55426e-08
370 5.55426e-08
371 5.55426e-08
372 5.55426e-08
373 5.55426e-08
374 5.55426e-08
375 5.55426e-08
376 5.55426e-08
377 5.55426e-08
378 5.55426e-08
379 5.55426e-08
380 5.55426e-08
381 5.55426e-08
382 5.55426e-08
383 5.55426e-08
384 5.55426e-08
385 5.55426e-08
386 5.55426e-08
387 5.55426e-08
388 5.55426e-08
389 5.55426e-08
390 5.55426e-08
391 5.55426e-08
392 5.55426e-08
393 5.55426e-08
394 5.55426e-08
395 5.55426e-08
396 5.55426e-08
397 5.55426e-08
398 5.55426e-08
399 5.55426e-08
400 5.55426e-08
401 5.55426e-08
402 5.55426e-08
403 5.55426e-08
404 5.55426e-08
405 5.55426e-08
406 5.55426e-08
407 5.55426e-08
408 5.55426e-08
409 5.55426e-08
410 5.55426e-08
411 5.55426e-08
412 5.55426e-08
413 5.55426e-08
414 5.55426e-08
415 5.55426e-08
416 5.55426e-08
417 5.55426e-08
418 5.55426e-08
419 5.55426e-08
420 5.55426e-08
421 5.55426e-08
422 5.55426e-08
423 5.55426e-08
424 5.55426e-08
425 5.55426e-08
426 5.55426e-08
427 5.55426e-08
428 5.55426e-08
429 5.55426e-08
430 5.55426e-08
431 5.55426e-08
432 5.55426e-08
433 5.55426e-08
434 5.55426e-08
435 5.55426e-08
436 5.55426e-08
437 5.55426e-08
438 5.55426e-08
439 5.55426e-08
440 5.55426e-08
441 5.55426e-08
442 5.55426e-08
443 5.55426e-08
444 5.55426e-08
445 5.55426e-08
446 5.55426e-08
447 5.55426e-08
448 5.55426e-08
449 5.55426e-08
450 5.55426e-08
451 5.55426e-08
452 5.55426e-08
453 5.55426e-08
454 5.55426e-08
455 5.55426e-08
456 5.55426e-08
457 5.55426e-08
458 5.55426e-08
459 5.55426e-08
460 5.55426e-08
461 5.55426e-08
462 5.55426e-08
463 5.55426e-08
464 5.55426e-08
465 5.55426e-08
466 5.55426e-08
467 5.55426e-08
468 5.55426e-08
469 5.55426e-08
470 5.55426e-08
471 5.55426e-08
472 5.55426e-08
473 5.55426e-08
474 5.55426e-08
475 5.55426e-08
476 5.55426e-08
477 5.55426e-08
478 5.55426e-08
479 5.55426e-08
480 5.55426e-08
481 5.55426e-08
482 5.55426e-08
483 5.55426e-08
484 5.55426e-08
485 5.55426e-08
486 5.55426e-08
487 5.55426e-08
488 5.55426e-08
489 5.55426e-08
490 5.55426e-08
491 5.55426e-08
492 5.55426e-08
493 5.55426e-08
494 5.55426e-08
495 5.55426e-08
496 5.55426e-08
497 5.55426e-08
498 5.55426e-08
499 5.55426e-08
500 5.55426e-08
501 5.55426e-08
502 5.55426e-08
503 5.55426e-08
504 5.55426e-08
505 5.55426e-08
506 5.55426e-08
507 5.55426e-08
508 5.55426e-08
509 5.55426e-08
510 5.55426e-08
511 5.55426e-08
512 5.55426e-08
513 5.55426e-08
514 5.55426e-08
515 5.55426e-08
516 5.55426e-08
517 5.55426e-08
518 5.55426e-08
519 5.55426e-08
520 5.55426e-08
521 5.55426e-08
522 5.55426e-08
523 5.55426e-08
524 5.55426e-08
525 5.55426e-08
526 5.55426e-08
527 5.55426e-08
528 5.55426e-08
529 5.55426e-08
530 5.55426e-08
531 5.55426e-08
532 5.55426e-08
533 5.55426e-08
534 5.55426e-08
535 5.55426e-08
536 5.55426e-08
537 5.55426e-08
538 5.55426e-08
539 5.55426e-08
540 5.55426e-08
541 5.55426e-08
542 5.55426e-08
