1 6.38128e-08
2 6.38128e-08
3 6.38128e-08
4 6.38128e-08
5 6.38128e-08
6 6.38128e-08
7 6.38128e-08
8 6.38128e-08
9 6.38128e-08
10 6.38128e-08
11 6.38128e-08
12 6.38128e-08
13 6.38128e-08
14 6.38128e-08
15 6.38128e-08
16 6.38128e-08
17 6.38128e-08
18 6.38128e-08
19 6.38128e-08
20 6.38128e-08
21 6.38128e-08
22 6.38128e-08
23 6.38128e-08
24 6.38128e-08
25 6.38128e-08
26 6.38128e-08
27 6.38128e-08
28 6.38128e-08
29 6.38128e-08
30 6.38128e-08
31 6.38128e-08
32 6.38128e-08
33 6.38128e-08
34 6.38128e-08
35 6.38128e-08
36 6.38128e-08
37 6.38128e-08
38 6.38128e-08
39 6.38128e-08
40 6.38128e-08
41 6.38128e-08
42 6.38128e-08
43 6.38128e-08
44 6.38128e-08
45 6.38128e-08
46 6.38128e-08
47 6.38128e-08
48 6.38128e-08
49 6.38128e-08
50 6.38128e-08
51 6.38128e-08
52 6.38128e-08
53 6.38128e-08
54 6.38128e-08
55 6.38128e-08
56 6.38128e-08
57 6.38128e-08
58 6.38128e-08
59 6.38128e-08
60 6.38128e-08
61 6.38128e-08
62 6.38128e-08
63 6.38128e-08
64 6.38128e-08
65 6.38128e-08
66 6.38128e-08
67 6.38128e-08
68 6.38128e-08
69 6.38128e-08
70 6.38128e-08
71 6.38128e-08
72 6.38128e-08
73 6.38128e-08
74 6.38128e-08
75 6.38128e-08
76 6.38128e-08
77 6.38128e-08
78 6.38128e-08
79 6.38128e-08
80 6.38128e-08
81 6.38128e-08
82 6.38128e-08
83 6.38128e-08
84 6.38128e-08
85 6.38128e-08
86 6.38128e-08
87 6.38128e-08
88 6.38128e-08
89 6.38128e-08
90 6.38128e-08
91 6.38128e-08
92 6.38128e-08
93 6.38128e-08
94 6.38128e-08
95 6.38128e-08
96 6.38128e-08
97 6.38128e-08
98 6.38128e-08
99 6.38128e-08
100 6.38128e-08
101 6.38128e-08
102 6.38128e-08
103 6.38128e-08
104 6.38128e-08
105 6.38128e-08
106 6.38128e-08
107 6.38128e-08
108 6.38128e-08
109 6.38128e-08
110 6.38128e-08
111 6.38128e-08
112 6.38128e-08
113 6.38128e-08
114 6.38128e-08
115 6.38128e-08
116 6.38128e-08
117 6.38128e-08
118 6.38128e-08
119 6.38128e-08
120 6.38128e-08
121 6.38128e-08
122 6.38128e-08
123 6.38128e-08
124 6.38128e-08
125 6.38128e-08
126 6.38128e-08
127 6.38128e-08
128 6.38128e-08
129 6.38128e-08
130 6.38128e-08
131 6.38128e-08
132 6.38128e-08
133 6.38128e-08
134 6.38128e-08
135 6.38128e-08
136 6.38128e-08
137 6.38128e-08
138 6.38128e-08
139 6.38128e-08
140 6.38128e-08
141 6.38128e-08
142 6.38128e-08
143 6.38128e-08
144 6.38128e-08
145 6.38128e-08
146 6.38128e-08
147 6.38128e-08
148 6.38128e-08
149 6.38128e-08
150 6.38128e-08
151 6.38128e-08
152 6.38128e-08
153 6.38128e-08
154 6.38128e-08
155 6.38128e-08
156 6.38128e-08
157 6.38128e-08
158 6.38128e-08
159 6.38128e-08
160 6.38128e-08
161 6.38128e-08
162 6.38128e-08
163 6.38128e-08
164 6.38128e-08
165 6.38128e-08
166 6.38128e-08
167 6.38128e-08
168 6.38128e-08
169 6.38128e-08
170 6.38128e-08
171 6.38128e-08
172 6.38128e-08
173 6.38128e-08
174 6.38128e-08
175 6.38128e-08
176 6.38128e-08
177 6.38128e-08
178 6.38128e-08
179 6.38128e-08
180 6.38128e-08
181 6.38128e-08
182 6.38128e-08
183 6.38128e-08
184 6.38128e-08
185 6.38128e-08
186 6.38128e-08
187 6.38128e-08
188 6.38128e-08
189 6.38128e-08
190 6.38128e-08
191 6.38128e-08
192 6.38128e-08
193 6.38128e-08
194 6.38128e-08
195 6.38128e-08
196 6.38128e-08
197 6.38128e-08
198 6.38128e-08
199 6.38128e-08
200 6.38128e-08
201 6.38128e-08
202 6.38128e-08
203 6.38128e-08
204 6.38128e-08
205 6.38128e-08
206 6.38128e-08
207 6.38128e-08
208 6.38128e-08
209 6.38128e-08
210 6.38128e-08
211 6.38128e-08
212 6.38128e-08
213 6.38128e-08
214 6.38128e-08
215 6.38128e-08
216 6.38128e-08
217 6.38128e-08
218 6.38128e-08
219 6.38128e-08
220 6.38128e-08
221 6.38128e-08
222 6.38128e-08
223 6.49053e-08
224 7.0161e-08
225 8.47157e-08
226 1.22105e-07
227 2.17059e-07
228 4.54567e-07
229 1.04093e-06
230 2.46754e-06
231 5.87955e-06
232 1.38837e-05
233 3.22554e-05
234 7.34176e-05
235 0.000163249
236 0.000353847
237 0.000746337
238 0.00152962
239 0.00304253
240 0.00586748
241 0.0109615
242 0.0198239
243 0.0346875
244 0.0587014
245 0.0960529
246 0.15196
247 0.232463
248 0.343981
249 0.492633
250 0.683423
251 0.919451
252 0.970986
253 0.981872
254 0.994072
255 0.996505
256 0.999098
257 0.999594
258 0.999687
259 0.999782
260 0.999878
261 0.999975
262 0.999993
263 0.999996
264 0.999999
265 1
266 1
267 1
268 1
269 1
270 1
271 1
272 1
273 1
274 1
275 1
276 1
277 1
278 1
279 0.999999
280 0.999996
281 0.999993
282 0.999975
283 0.999957
284 0.999861
285 0.999766
286 0.999673
287 0.999179
288 0.996601
289 0.98341
290 0.971368
291 0.912925
292 0.862689
293 0.634543
294 0.451967
295 0.311373
296 0.207308
297 0.133314
298 0.0827867
299 0.0496469
300 0.0287617
301 0.016106
302 0.00872559
303 0.00457878
304 0.00233077
305 0.00115304
306 0.000555562
307 0.000261383
308 0.000120428
309 5.45071e-05
310 2.4317e-05
311 1.07318e-05
312 4.70567e-06
313 2.06347e-06
314 9.1613e-07
315 4.22422e-07
316 2.11896e-07
317 1.23079e-07
318 8.62085e-08
319 7.11279e-08
320 6.56091e-08
321 6.40741e-08
322 6.38128e-08
323 6.38128e-08
324 6.38128e-08
325 6.38128e-08
326 6.38128e-08
327 6.38128e-08
328 6.38128e-08
329 6.38128e-08
330 6.38128e-08
331 6.38128e-08
332 6.38128e-08
333 6.38128e-08
334 6.38128e-08
335 6.38128e-08
336 6.38128e-08
337 6.38128e-08
338 6.38128e-08
339 6.38128e-08
340 6.38128e-08
341 6.38128e-08
342 6.38128e-08
343 6.38128e-08
344 6.38128e-08
345 6.38128e-08
346 6.38128e-08
347 6.38128e-08
348 6.38128e-08
349 6.38128e-08
350 6.38128e-08
351 6.38128e-08
352 6.38128e-08
353 6.38128e-08
354 6.38128e-08
355 6.38128e-08
356 6.38128e-08
357 6.38128e-08
358 6.38128e-08
359 6.38128e-08
360 6.38128e-08
361 6.38128e-08
362 6.38128e-08
363 6.38128e-08
364 6.38128e-08
365 6.38128e-08
366 6.38128e-08
367 6.38128e-08
368 6.38128e-08
369 6.38128e-08
370 6.38128e-08
371 6.38128e-08
372 6.38128e-08
373 6.38128e-08
374 6.38128e-08
375 6.38128e-08
376 6.38128e-08
377 6.38128e-08
378 6.38128e-08
379 6.38128e-08
380 6.38128e-08
381 6.38128e-08
382 6.38128e-08
383 6.38128e-08
384 6.38128e-08
385 6.38128e-08
386 6.38128e-08
387 6.38128e-08
388 6.38128e-08
389 6.38128e-08
390 6.38128e-08
391 6.38128e-08
392 6.38128e-08
393 6.38128e-08
394 6.38128e-08
395 6.38128e-08
396 6.38128e-08
397 6.38128e-08
398 6.38128e-08
399 6.38128e-08
400 6.38128e-08
401 6.38128e-08
402 6.38128e-08
403 6.38128e-08
404 6.38128e-08
405 6.38128e-08
406 6.38128e-08
407 6.38128e-08
408 6.38128e-08
409 6.38128e-08
410 6.38128e-08
411 6.38128e-08
412 6.38128e-08
413 6.38128e-08
414 6.38128e-08
415 6.38128e-08
416 6.38128e-08
417 6.38128e-08
418 6.38128e-08
419 6.38128e-08
420 6.38128e-08
421 6.38128e-08
422 6.38128e-08
423 6.38128e-08
424 6.38128e-08
425 6.38128e-08
426 6.38128e-08
427 6.38128e-08
428 6.38128e-08
429 6.38128e-08
430 6.38128e-08
431 6.38128e-08
432 6.38128e-08
433 6.38128e-08
434 6.38128e-08
435 6.38128e-08
436 6.38128e-08
437 6.38128e-08
438 6.38128e-08
439 6.38128e-08
440 6.38128e-08
441 6.38128e-08
442 6.38128e-08
443 6.38128e-08
444 6.38128e-08
445 6.38128e-08
446 6.38128e-08
447 6.38128e-08
448 6.38128e-08
449 6.38128e-08
450 6.38128e-08
451 6.38128e-08
452 6.38128e-08
453 6.38128e-08
454 6.38128e-08
455 6.38128e-08
456 6.38128e-08
457 6.38128e-08
458 6.38128e-08
459 6.38128e-08
460 6.38128e-08
461 6.38128e-08
462 6.38128e-08
463 6.38128e-08
464 6.38128e-08
465 6.38128e-08
466 6.38128e-08
467 6.38128e-08
468 6.38128e-08
469 6.38128e-08
470 6.38128e-08
471 6.38128e-08
472 6.38128e-08
473 6.38128e-08
474 6.38128e-08
475 6.38128e-08
476 6.38128e-08
477 6.38128e-08
478 6.38128e-08
479 6.38128e-08
480 6.38128e-08
481 6.38128e-08
482 6.38128e-08
483 6.38128e-08
484 6.38128e-08
485 6.38128e-08
486 6.38128e-08
487 6.38128e-08
488 6.38128e-08
489 6.38128e-08
490 6.38128e-08
491 6.38128e-08
492 6.38128e-08
493 6.38128e-08
494 6.38128e-08
495 6.38128e-08
496 6.38128e-08
497 6.38128e-08
498 6.38128e-08
499 6.38128e-08
500 6.38128e-08
501 6.38128e-08
502 6.38128e-08
503 6.38128e-08
504 6.38128e-08
505 6.38128e-08
506 6.38128e-08
507 6.38128e-08
508 6.38128e-08
509 6.38128e-08
510 6.38128e-08
511 6.38128e-08
512 6.38128e-08
513 6.38128e-08
514 6.38128e-08
515 6.38128e-08
516 6.38128e-08
517 6.38128e-08
518 6.38128e-08
519 6.38128e-08
520 6.38128e-08
521 6.38128e-08
522 6.38128e-08
523 6.38128e-08
524 6.38128e-08
525 6.38128e-08
526 6.38128e-08
527 6.38128e-08
528 6.38128e-08
529 6.38128e-08
530 6.38128e-08
531 6.38128e-08
532 6.38128e-08
533 6.38128e-08
534 6.38128e-08
535 6.38128e-08
536 6.38128e-08
537 6.38128e-08
538 6.38128e-08
539 6.38128e-08
540 6.38128e-08
541 6.38128e-08
542 6.38128e-08
