1 2.04014e-08
2 2.04014e-08
3 2.04014e-08
4 2.04014e-08
5 2.04014e-08
6 2.04014e-08
7 2.04014e-08
8 2.04014e-08
9 2.04014e-08
10 2.04014e-08
11 2.04014e-08
12 2.04014e-08
13 2.04014e-08
14 2.04014e-08
15 2.04014e-08
16 2.04014e-08
17 2.04014e-08
18 2.04014e-08
19 2.04014e-08
20 2.04014e-08
21 2.04014e-08
22 2.04014e-08
23 2.04014e-08
24 2.04014e-08
25 2.04014e-08
26 2.04014e-08
27 2.04014e-08
28 2.04014e-08
29 2.04014e-08
30 2.04014e-08
31 2.04014e-08
32 2.04014e-08
33 2.04014e-08
34 2.04014e-08
35 2.04014e-08
36 2.04014e-08
37 2.04014e-08
38 2.04014e-08
39 2.04014e-08
40 2.04014e-08
41 2.04014e-08
42 2.04014e-08
43 2.04014e-08
44 2.04014e-08
45 2.04014e-08
46 2.04014e-08
47 2.04014e-08
48 2.04014e-08
49 2.04014e-08
50 2.04014e-08
51 2.04014e-08
52 2.04014e-08
53 2.04014e-08
54 2.04014e-08
55 2.04014e-08
56 2.04014e-08
57 2.04014e-08
58 2.04014e-08
59 2.04014e-08
60 2.04014e-08
61 2.04014e-08
62 2.04014e-08
63 2.04014e-08
64 2.04014e-08
65 2.04014e-08
66 2.04014e-08
67 2.04014e-08
68 2.04014e-08
69 2.04014e-08
70 2.04014e-08
71 2.04014e-08
72 2.04014e-08
73 2.04014e-08
74 2.04014e-08
75 2.04014e-08
76 2.04014e-08
77 2.04014e-08
78 2.04014e-08
79 2.04014e-08
80 2.04014e-08
81 2.04014e-08
82 2.04014e-08
83 2.04014e-08
84 2.04014e-08
85 2.04014e-08
86 2.04014e-08
87 2.04014e-08
88 2.04014e-08
89 2.04014e-08
90 2.04014e-08
91 2.04014e-08
92 2.04014e-08
93 2.04014e-08
94 2.04014e-08
95 2.04014e-08
96 2.04014e-08
97 2.04014e-08
98 2.04014e-08
99 2.04014e-08
100 2.04014e-08
101 2.04014e-08
102 2.04014e-08
103 2.04014e-08
104 2.04014e-08
105 2.04014e-08
106 2.04014e-08
107 2.04014e-08
108 2.04014e-08
109 2.04014e-08
110 2.04014e-08
111 2.04014e-08
112 2.04014e-08
113 2.04014e-08
114 2.04014e-08
115 2.04014e-08
116 2.04014e-08
117 2.04014e-08
118 2.04014e-08
119 2.04014e-08
120 2.04014e-08
121 2.04014e-08
122 2.04014e-08
123 2.04014e-08
124 2.04014e-08
125 2.04014e-08
126 2.04014e-08
127 2.04014e-08
128 2.04014e-08
129 2.04014e-08
130 2.04014e-08
131 2.04014e-08
132 2.04014e-08
133 2.04014e-08
134 2.04014e-08
135 2.04014e-08
136 2.04014e-08
137 2.04014e-08
138 2.04014e-08
139 2.04014e-08
140 2.04014e-08
141 2.04014e-08
142 2.04014e-08
143 2.04014e-08
144 2.04014e-08
145 2.04014e-08
146 2.04014e-08
147 2.04014e-08
148 2.04014e-08
149 2.04014e-08
150 2.04014e-08
151 2.04014e-08
152 2.04014e-08
153 2.04014e-08
154 2.04014e-08
155 2.04014e-08
156 2.04014e-08
157 2.04014e-08
158 2.04014e-08
159 2.04014e-08
160 2.04014e-08
161 2.04014e-08
162 2.04014e-08
163 2.04014e-08
164 2.04014e-08
165 2.04014e-08
166 2.04014e-08
167 2.04014e-08
168 2.04014e-08
169 2.04014e-08
170 2.04014e-08
171 2.04014e-08
172 2.04014e-08
173 2.04014e-08
174 2.04014e-08
175 2.04014e-08
176 2.04014e-08
177 2.04014e-08
178 2.04014e-08
179 2.04014e-08
180 2.04014e-08
181 2.04014e-08
182 2.04014e-08
183 2.04014e-08
184 2.04014e-08
185 2.04014e-08
186 2.04014e-08
187 2.04014e-08
188 2.04014e-08
189 2.04014e-08
190 2.04014e-08
191 2.04014e-08
192 2.04014e-08
193 2.04014e-08
194 2.04014e-08
195 2.04014e-08
196 2.04014e-08
197 2.04014e-08
198 2.04014e-08
199 2.04014e-08
200 2.04014e-08
201 2.04014e-08
202 2.04014e-08
203 2.04014e-08
204 2.04014e-08
205 2.04014e-08
206 2.04014e-08
207 2.04014e-08
208 2.04014e-08
209 2.04014e-08
210 2.04014e-08
211 2.04014e-08
212 2.04014e-08
213 2.04014e-08
214 2.04014e-08
215 2.04014e-08
216 2.04014e-08
217 2.04014e-08
218 2.04014e-08
219 2.04014e-08
220 2.04014e-08
221 2.04014e-08
222 2.04014e-08
223 2.04014e-08
224 2.04014e-08
225 2.04014e-08
226 2.11032e-08
227 2.50561e-08
228 3.89779e-08
229 7.69459e-08
230 1.75748e-07
231 4.28301e-07
232 1.06695e-06
233 2.66223e-06
234 6.59604e-06
235 1.61517e-05
236 3.89589e-05
237 9.22998e-05
238 0.000214218
239 0.000485875
240 0.00107464
241 0.00231334
242 0.00483888
243 0.00982134
244 0.0193198
245 0.036797
246 0.067802
247 0.120784
248 0.207919
249 0.345744
250 0.555292
251 0.86142
252 0.939975
253 0.959345
254 0.984462
255 0.990193
256 0.997086
257 0.99855
258 0.998852
259 0.999181
260 0.999533
261 0.999902
262 0.999971
263 0.999984
264 0.999997
265 0.999999
266 1
267 1
268 1
269 1
270 1
271 1
272 1
273 1
274 1
275 1
276 1
277 1
278 0.999999
279 0.999997
280 0.999984
281 0.999971
282 0.999902
283 0.999835
284 0.999485
285 0.999158
286 0.998861
287 0.997425
288 0.990713
289 0.960468
290 0.93649
291 0.836608
292 0.763607
293 0.483706
294 0.295538
295 0.174197
296 0.0990997
297 0.0544562
298 0.0289365
299 0.01489
300 0.0074332
301 0.00360784
302 0.001707
303 0.000789613
304 0.000358247
305 0.00015994
306 7.04787e-05
307 3.0731e-05
308 1.32819e-05
309 5.69503e-06
310 2.42368e-06
311 1.02495e-06
312 4.32671e-07
313 1.85063e-07
314 8.30371e-08
315 4.19786e-08
316 2.66999e-08
317 2.17771e-08
318 2.04014e-08
319 2.04014e-08
320 2.04014e-08
321 2.04014e-08
322 2.04014e-08
323 2.04014e-08
324 2.04014e-08
325 2.04014e-08
326 2.04014e-08
327 2.04014e-08
328 2.04014e-08
329 2.04014e-08
330 2.04014e-08
331 2.04014e-08
332 2.04014e-08
333 2.04014e-08
334 2.04014e-08
335 2.04014e-08
336 2.04014e-08
337 2.04014e-08
338 2.04014e-08
339 2.04014e-08
340 2.04014e-08
341 2.04014e-08
342 2.04014e-08
343 2.04014e-08
344 2.04014e-08
345 2.04014e-08
346 2.04014e-08
347 2.04014e-08
348 2.04014e-08
349 2.04014e-08
350 2.04014e-08
351 2.04014e-08
352 2.04014e-08
353 2.04014e-08
354 2.04014e-08
355 2.04014e-08
356 2.04014e-08
357 2.04014e-08
358 2.04014e-08
359 2.04014e-08
360 2.04014e-08
361 2.04014e-08
362 2.04014e-08
363 2.04014e-08
364 2.04014e-08
365 2.04014e-08
366 2.04014e-08
367 2.04014e-08
368 2.04014e-08
369 2.04014e-08
370 2.04014e-08
371 2.04014e-08
372 2.04014e-08
373 2.04014e-08
374 2.04014e-08
375 2.04014e-08
376 2.04014e-08
377 2.04014e-08
378 2.04014e-08
379 2.04014e-08
380 2.04014e-08
381 2.04014e-08
382 2.04014e-08
383 2.04014e-08
384 2.04014e-08
385 2.04014e-08
386 2.04014e-08
387 2.04014e-08
388 2.04014e-08
389 2.04014e-08
390 2.04014e-08
391 2.04014e-08
392 2.04014e-08
393 2.04014e-08
394 2.04014e-08
395 2.04014e-08
396 2.04014e-08
397 2.04014e-08
398 2.04014e-08
399 2.04014e-08
400 2.04014e-08
401 2.04014e-08
402 2.04014e-08
403 2.04014e-08
404 2.04014e-08
405 2.04014e-08
406 2.04014e-08
407 2.04014e-08
408 2.04014e-08
409 2.04014e-08
410 2.04014e-08
411 2.04014e-08
412 2.04014e-08
413 2.04014e-08
414 2.04014e-08
415 2.04014e-08
416 2.04014e-08
417 2.04014e-08
418 2.04014e-08
419 2.04014e-08
420 2.04014e-08
421 2.04014e-08
422 2.04014e-08
423 2.04014e-08
424 2.04014e-08
425 2.04014e-08
426 2.04014e-08
427 2.04014e-08
428 2.04014e-08
429 2.04014e-08
430 2.04014e-08
431 2.04014e-08
432 2.04014e-08
433 2.04014e-08
434 2.04014e-08
435 2.04014e-08
436 2.04014e-08
437 2.04014e-08
438 2.04014e-08
439 2.04014e-08
440 2.04014e-08
441 2.04014e-08
442 2.04014e-08
443 2.04014e-08
444 2.04014e-08
445 2.04014e-08
446 2.04014e-08
447 2.04014e-08
448 2.04014e-08
449 2.04014e-08
450 2.04014e-08
451 2.04014e-08
452 2.04014e-08
453 2.04014e-08
454 2.04014e-08
455 2.04014e-08
456 2.04014e-08
457 2.04014e-08
458 2.04014e-08
459 2.04014e-08
460 2.04014e-08
461 2.04014e-08
462 2.04014e-08
463 2.04014e-08
464 2.04014e-08
465 2.04014e-08
466 2.04014e-08
467 2.04014e-08
468 2.04014e-08
469 2.04014e-08
470 2.04014e-08
471 2.04014e-08
472 2.04014e-08
473 2.04014e-08
474 2.04014e-08
475 2.04014e-08
476 2.04014e-08
477 2.04014e-08
478 2.04014e-08
479 2.04014e-08
480 2.04014e-08
481 2.04014e-08
482 2.04014e-08
483 2.04014e-08
484 2.04014e-08
485 2.04014e-08
486 2.04014e-08
487 2.04014e-08
488 2.04014e-08
489 2.04014e-08
490 2.04014e-08
491 2.04014e-08
492 2.04014e-08
493 2.04014e-08
494 2.04014e-08
495 2.04014e-08
496 2.04014e-08
497 2.04014e-08
498 2.04014e-08
499 2.04014e-08
500 2.04014e-08
501 2.04014e-08
502 2.04014e-08
503 2.04014e-08
504 2.04014e-08
505 2.04014e-08
506 2.04014e-08
507 2.04014e-08
508 2.04014e-08
509 2.04014e-08
510 2.04014e-08
511 2.04014e-08
512 2.04014e-08
513 2.04014e-08
514 2.04014e-08
515 2.04014e-08
516 2.04014e-08
517 2.04014e-08
518 2.04014e-08
519 2.04014e-08
520 2.04014e-08
521 2.04014e-08
522 2.04014e-08
523 2.04014e-08
524 2.04014e-08
525 2.04014e-08
526 2.04014e-08
527 2.04014e-08
528 2.04014e-08
529 2.04014e-08
530 2.04014e-08
531 2.04014e-08
532 2.04014e-08
533 2.04014e-08
534 2.04014e-08
535 2.04014e-08
536 2.04014e-08
537 2.04014e-08
538 2.04014e-08
539 2.04014e-08
540 2.04014e-08
541 2.04014e-08
542 2.04014e-08
