1 3.01848e-07
2 3.01848e-07
3 3.01848e-07
4 3.01848e-07
5 3.01848e-07
6 3.01848e-07
7 3.01848e-07
8 3.01848e-07
9 3.01848e-07
10 3.01848e-07
11 3.01848e-07
12 3.01848e-07
13 3.01848e-07
14 3.01848e-07
15 3.01848e-07
16 3.01848e-07
17 3.01848e-07
18 3.01848e-07
19 3.01848e-07
20 3.01848e-07
21 3.01848e-07
22 3.01848e-07
23 3.01848e-07
24 3.01848e-07
25 3.01848e-07
26 3.01848e-07
27 3.01848e-07
28 3.01848e-07
29 3.01848e-07
30 3.01848e-07
31 3.01848e-07
32 3.01848e-07
33 3.01848e-07
34 3.01848e-07
35 3.01848e-07
36 3.01848e-07
37 3.01848e-07
38 3.01848e-07
39 3.01848e-07
40 3.01848e-07
41 3.01848e-07
42 3.01848e-07
43 3.01848e-07
44 3.01848e-07
45 3.01848e-07
46 3.01848e-07
47 3.01848e-07
48 3.01848e-07
49 3.01848e-07
50 3.01848e-07
51 3.01848e-07
52 3.01848e-07
53 3.01848e-07
54 3.01848e-07
55 3.01848e-07
56 3.01848e-07
57 3.01848e-07
58 3.01848e-07
59 3.01848e-07
60 3.01848e-07
61 3.01848e-07
62 3.01848e-07
63 3.01848e-07
64 3.01848e-07
65 3.01848e-07
66 3.01848e-07
67 3.01848e-07
68 3.01848e-07
69 3.01848e-07
70 3.01848e-07
71 3.01848e-07
72 3.01848e-07
73 3.01848e-07
74 3.01848e-07
75 3.01848e-07
76 3.01848e-07
77 3.01848e-07
78 3.01848e-07
79 3.01848e-07
80 3.01848e-07
81 3.01848e-07
82 3.01848e-07
83 3.01848e-07
84 3.01848e-07
85 3.01848e-07
86 3.01848e-07
87 3.01848e-07
88 3.01848e-07
89 3.01848e-07
90 3.01848e-07
91 3.01848e-07
92 3.01848e-07
93 3.01848e-07
94 3.01848e-07
95 3.01848e-07
96 3.01848e-07
97 3.01848e-07
98 3.01848e-07
99 3.01848e-07
100 3.01848e-07
101 3.01848e-07
102 3.01848e-07
103 3.01848e-07
104 3.01848e-07
105 3.01848e-07
106 3.01848e-07
107 3.01848e-07
108 3.01848e-07
109 3.01848e-07
110 3.01848e-07
111 3.01848e-07
112 3.01848e-07
113 3.01848e-07
114 3.01848e-07
115 3.01848e-07
116 3.01848e-07
117 3.01848e-07
118 3.01848e-07
119 3.01848e-07
120 3.01848e-07
121 3.01848e-07
122 3.01848e-07
123 3.01848e-07
124 3.01848e-07
125 3.01848e-07
126 3.01848e-07
127 3.01848e-07
128 3.01848e-07
129 3.01848e-07
130 3.01848e-07
131 3.01848e-07
132 3.01848e-07
133 3.01848e-07
134 3.01848e-07
135 3.01848e-07
136 3.01848e-07
137 3.01848e-07
138 3.01848e-07
139 3.01848e-07
140 3.01848e-07
141 3.01848e-07
142 3.01848e-07
143 3.01848e-07
144 3.01848e-07
145 3.01848e-07
146 3.01848e-07
147 3.01848e-07
148 3.01848e-07
149 3.01848e-07
150 3.01848e-07
151 3.01848e-07
152 3.01848e-07
153 3.01848e-07
154 3.01848e-07
155 3.01848e-07
156 3.01848e-07
157 3.01848e-07
158 3.01848e-07
159 3.01848e-07
160 3.01848e-07
161 3.01848e-07
162 3.01848e-07
163 3.01848e-07
164 3.01848e-07
165 3.01848e-07
166 3.01848e-07
167 3.01848e-07
168 3.01848e-07
169 3.01848e-07
170 3.01848e-07
171 3.01848e-07
172 3.01848e-07
173 3.01848e-07
174 3.01848e-07
175 3.01848e-07
176 3.01848e-07
177 3.01848e-07
178 3.01848e-07
179 3.01848e-07
180 3.01848e-07
181 3.01848e-07
182 3.01848e-07
183 3.01848e-07
184 3.01848e-07
185 3.01848e-07
186 3.01848e-07
187 3.01848e-07
188 3.01848e-07
189 3.01848e-07
190 3.01848e-07
191 3.01848e-07
192 3.01848e-07
193 3.01848e-07
194 3.01848e-07
195 3.01848e-07
196 3.01848e-07
197 3.01848e-07
198 3.01848e-07
199 3.01848e-07
200 3.01848e-07
201 3.01848e-07
202 3.01848e-07
203 3.01848e-07
204 3.01848e-07
205 3.01848e-07
206 3.01848e-07
207 3.01848e-07
208 3.01848e-07
209 3.01848e-07
210 3.01848e-07
211 3.01848e-07
212 3.01848e-07
213 3.01848e-07
214 3.01848e-07
215 3.01848e-07
216 3.01848e-07
217 3.01848e-07
218 3.01848e-07
219 3.01848e-07
220 3.01848e-07
221 3.01848e-07
222 3.01848e-07
223 3.01848e-07
224 3.01848e-07
225 3.01848e-07
226 3.01848e-07
227 3.01848e-07
228 3.01848e-07
229 3.01848e-07
230 3.01848e-07
231 3.01848e-07
232 3.01848e-07
233 3.01848e-07
234 3.01848e-07
235 3.01848e-07
236 3.01848e-07
237 3.01848e-07
238 3.01848e-07
239 3.03379e-07
240 3.20161e-07
241 3.71041e-07
242 5.2132e-07
243 9.39869e-07
244 2.0754e-06
245 5.27658e-06
246 1.46495e-05
247 4.34389e-05
248 0.00013559
249 0.00043886
250 0.00145095
251 0.00484324
252 0.00692135
253 0.00819224
254 0.0124611
255 0.0150821
256 0.023959
257 0.0294347
258 0.0327516
259 0.044038
260 0.0812865
261 0.201249
262 0.269979
263 0.308146
264 0.42106
265 0.48002
266 0.509709
267 0.52379
268 0.52918
269 0.528396
270 0.535382
271 0.535235
272 0.527123
273 0.527726
274 0.538254
275 0.539847
276 0.533608
277 0.516292
278 0.479349
279 0.406212
280 0.2676
281 0.221423
282 0.139557
283 0.113935
284 0.0708884
285 0.0579959
286 0.0542343
287 0.0480384
288 0.0379584
289 0.0214867
290 0.0165313
291 0.00833129
292 0.00585002
293 0.00175632
294 0.000527882
295 0.000160218
296 4.97023e-05
297 1.59837e-05
298 5.42472e-06
299 2.00872e-06
300 8.72155e-07
301 4.84134e-07
302 3.51409e-07
303 3.11672e-07
304 3.01848e-07
305 3.01848e-07
306 3.01848e-07
307 3.01848e-07
308 3.01848e-07
309 3.01848e-07
310 3.01848e-07
311 3.01848e-07
312 3.01848e-07
313 3.01848e-07
314 3.01848e-07
315 3.01848e-07
316 3.01848e-07
317 3.01848e-07
318 3.01848e-07
319 3.01848e-07
320 3.01848e-07
321 3.01848e-07
322 3.01848e-07
323 3.01848e-07
324 3.01848e-07
325 3.01848e-07
326 3.01848e-07
327 3.01848e-07
328 3.01848e-07
329 3.01848e-07
330 3.01848e-07
331 3.01848e-07
332 3.01848e-07
333 3.01848e-07
334 3.01848e-07
335 3.01848e-07
336 3.01848e-07
337 3.01848e-07
338 3.01848e-07
339 3.01848e-07
340 3.01848e-07
341 3.01848e-07
342 3.01848e-07
343 3.01848e-07
344 3.01848e-07
345 3.01848e-07
346 3.01848e-07
347 3.01848e-07
348 3.01848e-07
349 3.01848e-07
350 3.01848e-07
351 3.01848e-07
352 3.01848e-07
353 3.01848e-07
354 3.01848e-07
355 3.01848e-07
356 3.01848e-07
357 3.01848e-07
358 3.01848e-07
359 3.01848e-07
360 3.01848e-07
361 3.01848e-07
362 3.01848e-07
363 3.01848e-07
364 3.01848e-07
365 3.01848e-07
366 3.01848e-07
367 3.01848e-07
368 3.01848e-07
369 3.01848e-07
370 3.01848e-07
371 3.01848e-07
372 3.01848e-07
373 3.01848e-07
374 3.01848e-07
375 3.01848e-07
376 3.01848e-07
377 3.01848e-07
378 3.01848e-07
379 3.01848e-07
380 3.01848e-07
381 3.01848e-07
382 3.01848e-07
383 3.01848e-07
384 3.01848e-07
385 3.01848e-07
386 3.01848e-07
387 3.01848e-07
388 3.01848e-07
389 3.01848e-07
390 3.01848e-07
391 3.01848e-07
392 3.01848e-07
393 3.01848e-07
394 3.01848e-07
395 3.01848e-07
396 3.01848e-07
397 3.01848e-07
398 3.01848e-07
399 3.01848e-07
400 3.01848e-07
401 3.01848e-07
402 3.01848e-07
403 3.01848e-07
404 3.01848e-07
405 3.01848e-07
406 3.01848e-07
407 3.01848e-07
408 3.01848e-07
409 3.01848e-07
410 3.01848e-07
411 3.01848e-07
412 3.01848e-07
413 3.01848e-07
414 3.01848e-07
415 3.01848e-07
416 3.01848e-07
417 3.01848e-07
418 3.01848e-07
419 3.01848e-07
420 3.01848e-07
421 3.01848e-07
422 3.01848e-07
423 3.01848e-07
424 3.01848e-07
425 3.01848e-07
426 3.01848e-07
427 3.01848e-07
428 3.01848e-07
429 3.01848e-07
430 3.01848e-07
431 3.01848e-07
432 3.01848e-07
433 3.01848e-07
434 3.01848e-07
435 3.01848e-07
436 3.01848e-07
437 3.01848e-07
438 3.01848e-07
439 3.01848e-07
440 3.01848e-07
441 3.01848e-07
442 3.01848e-07
443 3.01848e-07
444 3.01848e-07
445 3.01848e-07
446 3.01848e-07
447 3.01848e-07
448 3.01848e-07
449 3.01848e-07
450 3.01848e-07
451 3.01848e-07
452 3.01848e-07
453 3.01848e-07
454 3.01848e-07
455 3.01848e-07
456 3.01848e-07
457 3.01848e-07
458 3.01848e-07
459 3.01848e-07
460 3.01848e-07
461 3.01848e-07
462 3.01848e-07
463 3.01848e-07
464 3.01848e-07
465 3.01848e-07
466 3.01848e-07
467 3.01848e-07
468 3.01848e-07
469 3.01848e-07
470 3.01848e-07
471 3.01848e-07
472 3.01848e-07
473 3.01848e-07
474 3.01848e-07
475 3.01848e-07
476 3.01848e-07
477 3.01848e-07
478 3.01848e-07
479 3.01848e-07
480 3.01848e-07
481 3.01848e-07
482 3.01848e-07
483 3.01848e-07
484 3.01848e-07
485 3.01848e-07
486 3.01848e-07
487 3.01848e-07
488 3.01848e-07
489 3.01848e-07
490 3.01848e-07
491 3.01848e-07
492 3.01848e-07
493 3.01848e-07
494 3.01848e-07
495 3.01848e-07
496 3.01848e-07
497 3.01848e-07
498 3.01848e-07
499 3.01848e-07
500 3.01848e-07
501 3.01848e-07
502 3.01848e-07
503 3.01848e-07
504 3.01848e-07
505 3.01848e-07
506 3.01848e-07
507 3.01848e-07
508 3.01848e-07
509 3.01848e-07
510 3.01848e-07
511 3.01848e-07
512 3.01848e-07
513 3.01848e-07
514 3.01848e-07
515 3.01848e-07
516 3.01848e-07
517 3.01848e-07
518 3.01848e-07
519 3.01848e-07
520 3.01848e-07
521 3.01848e-07
522 3.01848e-07
523 3.01848e-07
524 3.01848e-07
525 3.01848e-07
526 3.01848e-07
527 3.01848e-07
528 3.01848e-07
529 3.01848e-07
530 3.01848e-07
531 3.01848e-07
532 3.01848e-07
533 3.01848e-07
534 3.01848e-07
535 3.01848e-07
536 3.01848e-07
537 3.01848e-07
538 3.01848e-07
539 3.01848e-07
540 3.01848e-07
541 3.01848e-07
542 3.01848e-07
