1 3.07856e-08
2 3.07856e-08
3 3.07856e-08
4 3.07856e-08
5 3.07856e-08
6 3.07856e-08
7 3.07856e-08
8 3.07856e-08
9 3.07856e-08
10 3.07856e-08
11 3.07856e-08
12 3.07856e-08
13 3.07856e-08
14 3.07856e-08
15 3.07856e-08
16 3.07856e-08
17 3.07856e-08
18 3.07856e-08
19 3.07856e-08
20 3.07856e-08
21 3.07856e-08
22 3.07856e-08
23 3.07856e-08
24 3.07856e-08
25 3.07856e-08
26 3.07856e-08
27 3.07856e-08
28 3.07856e-08
29 3.07856e-08
30 3.07856e-08
31 3.07856e-08
32 3.07856e-08
33 3.07856e-08
34 3.07856e-08
35 3.07856e-08
36 3.07856e-08
37 3.07856e-08
38 3.07856e-08
39 3.07856e-08
40 3.07856e-08
41 3.07856e-08
42 3.07856e-08
43 3.07856e-08
44 3.07856e-08
45 3.07856e-08
46 3.07856e-08
47 3.07856e-08
48 3.07856e-08
49 3.07856e-08
50 3.07856e-08
51 3.07856e-08
52 3.07856e-08
53 3.07856e-08
54 3.07856e-08
55 3.07856e-08
56 3.07856e-08
57 3.07856e-08
58 3.07856e-08
59 3.07856e-08
60 3.07856e-08
61 3.07856e-08
62 3.07856e-08
63 3.07856e-08
64 3.07856e-08
65 3.07856e-08
66 3.07856e-08
67 3.07856e-08
68 3.07856e-08
69 3.07856e-08
70 3.07856e-08
71 3.07856e-08
72 3.07856e-08
73 3.07856e-08
74 3.07856e-08
75 3.07856e-08
76 3.07856e-08
77 3.07856e-08
78 3.07856e-08
79 3.07856e-08
80 3.07856e-08
81 3.07856e-08
82 3.07856e-08
83 3.07856e-08
84 3.07856e-08
85 3.07856e-08
86 3.07856e-08
87 3.07856e-08
88 3.07856e-08
89 3.07856e-08
90 3.07856e-08
91 3.07856e-08
92 3.07856e-08
93 3.07856e-08
94 3.07856e-08
95 3.07856e-08
96 3.07856e-08
97 3.07856e-08
98 3.07856e-08
99 3.07856e-08
100 3.07856e-08
101 3.07856e-08
102 3.07856e-08
103 3.07856e-08
104 3.07856e-08
105 3.07856e-08
106 3.07856e-08
107 3.07856e-08
108 3.07856e-08
109 3.07856e-08
110 3.07856e-08
111 3.07856e-08
112 3.07856e-08
113 3.07856e-08
114 3.07856e-08
115 3.07856e-08
116 3.07856e-08
117 3.07856e-08
118 3.07856e-08
119 3.07856e-08
120 3.07856e-08
121 3.07856e-08
122 3.07856e-08
123 3.07856e-08
124 3.07856e-08
125 3.07856e-08
126 3.07856e-08
127 3.07856e-08
128 3.07856e-08
129 3.07856e-08
130 3.07856e-08
131 3.07856e-08
132 3.07856e-08
133 3.07856e-08
134 3.07856e-08
135 3.07856e-08
136 3.07856e-08
137 3.07856e-08
138 3.07856e-08
139 3.07856e-08
140 3.07856e-08
141 3.07856e-08
142 3.07856e-08
143 3.07856e-08
144 3.07856e-08
145 3.07856e-08
146 3.07856e-08
147 3.07856e-08
148 3.07856e-08
149 3.07856e-08
150 3.07856e-08
151 3.07856e-08
152 3.07856e-08
153 3.07856e-08
154 3.07856e-08
155 3.07856e-08
156 3.07856e-08
157 3.07856e-08
158 3.07856e-08
159 3.07856e-08
160 3.07856e-08
161 3.07856e-08
162 3.07856e-08
163 3.07856e-08
164 3.07856e-08
165 3.07856e-08
166 3.07856e-08
167 3.07856e-08
168 3.07856e-08
169 3.07856e-08
170 3.07856e-08
171 3.07856e-08
172 3.07856e-08
173 3.07856e-08
174 3.07856e-08
175 3.07856e-08
176 3.07856e-08
177 3.07856e-08
178 3.07856e-08
179 3.07856e-08
180 3.07856e-08
181 3.07856e-08
182 3.07856e-08
183 3.07856e-08
184 3.07856e-08
185 3.07856e-08
186 3.07856e-08
187 3.07856e-08
188 3.07856e-08
189 3.07856e-08
190 3.07856e-08
191 3.07856e-08
192 3.07856e-08
193 3.07856e-08
194 3.07856e-08
195 3.07856e-08
196 3.07856e-08
197 3.07856e-08
198 3.07856e-08
199 3.07856e-08
200 3.07856e-08
201 3.07856e-08
202 3.07856e-08
203 3.07856e-08
204 3.07856e-08
205 3.07856e-08
206 3.07856e-08
207 3.07856e-08
208 3.07856e-08
209 3.07856e-08
210 3.07856e-08
211 3.07856e-08
212 3.07856e-08
213 3.07856e-08
214 3.07856e-08
215 3.07856e-08
216 3.07856e-08
217 3.07856e-08
218 3.07856e-08
219 3.07856e-08
220 3.07856e-08
221 3.07856e-08
222 3.07856e-08
223 3.07856e-08
224 3.07856e-08
225 3.14201e-08
226 3.56175e-08
227 4.87029e-08
228 8.4224e-08
229 1.75985e-07
230 4.09011e-07
231 9.93819e-07
232 2.44347e-06
233 5.98495e-06
234 1.44951e-05
235 3.45579e-05
236 8.08405e-05
237 0.000185054
238 0.000413568
239 0.000900544
240 0.0019073
241 0.00392326
242 0.00782788
243 0.015134
244 0.0283264
245 0.0512915
246 0.0897987
247 0.151945
248 0.248422
249 0.39242
250 0.59901
251 0.883899
252 0.952961
253 0.969069
254 0.988868
255 0.993161
256 0.998087
257 0.999089
258 0.999287
259 0.999498
260 0.999717
261 0.999941
262 0.999983
263 0.999991
264 0.999998
265 1
266 1
267 1
268 1
269 1
270 1
271 1
272 1
273 1
274 1
275 1
276 1
277 1
278 1
279 0.999998
280 0.999991
281 0.999983
282 0.999941
283 0.9999
284 0.999682
285 0.999473
286 0.999276
287 0.998285
288 0.993443
289 0.970512
290 0.951337
291 0.866842
292 0.801382
293 0.534956
294 0.344683
295 0.2143
296 0.128569
297 0.0744577
298 0.0416492
299 0.0225232
300 0.0117901
301 0.00598343
302 0.00294969
303 0.0014158
304 0.00066343
305 0.000304413
306 0.00013721
307 6.09449e-05
308 2.67527e-05
309 1.16338e-05
310 5.02177e-06
311 2.15637e-06
312 9.2504e-07
313 4.00884e-07
314 1.80108e-07
315 8.83671e-08
316 5.10529e-08
317 3.68147e-08
318 3.20604e-08
319 3.07856e-08
320 3.07856e-08
321 3.07856e-08
322 3.07856e-08
323 3.07856e-08
324 3.07856e-08
325 3.07856e-08
326 3.07856e-08
327 3.07856e-08
328 3.07856e-08
329 3.07856e-08
330 3.07856e-08
331 3.07856e-08
332 3.07856e-08
333 3.07856e-08
334 3.07856e-08
335 3.07856e-08
336 3.07856e-08
337 3.07856e-08
338 3.07856e-08
339 3.07856e-08
340 3.07856e-08
341 3.07856e-08
342 3.07856e-08
343 3.07856e-08
344 3.07856e-08
345 3.07856e-08
346 3.07856e-08
347 3.07856e-08
348 3.07856e-08
349 3.07856e-08
350 3.07856e-08
351 3.07856e-08
352 3.07856e-08
353 3.07856e-08
354 3.07856e-08
355 3.07856e-08
356 3.07856e-08
357 3.07856e-08
358 3.07856e-08
359 3.07856e-08
360 3.07856e-08
361 3.07856e-08
362 3.07856e-08
363 3.07856e-08
364 3.07856e-08
365 3.07856e-08
366 3.07856e-08
367 3.07856e-08
368 3.07856e-08
369 3.07856e-08
370 3.07856e-08
371 3.07856e-08
372 3.07856e-08
373 3.07856e-08
374 3.07856e-08
375 3.07856e-08
376 3.07856e-08
377 3.07856e-08
378 3.07856e-08
379 3.07856e-08
380 3.07856e-08
381 3.07856e-08
382 3.07856e-08
383 3.07856e-08
384 3.07856e-08
385 3.07856e-08
386 3.07856e-08
387 3.07856e-08
388 3.07856e-08
389 3.07856e-08
390 3.07856e-08
391 3.07856e-08
392 3.07856e-08
393 3.07856e-08
394 3.07856e-08
395 3.07856e-08
396 3.07856e-08
397 3.07856e-08
398 3.07856e-08
399 3.07856e-08
400 3.07856e-08
401 3.07856e-08
402 3.07856e-08
403 3.07856e-08
404 3.07856e-08
405 3.07856e-08
406 3.07856e-08
407 3.07856e-08
408 3.07856e-08
409 3.07856e-08
410 3.07856e-08
411 3.07856e-08
412 3.07856e-08
413 3.07856e-08
414 3.07856e-08
415 3.07856e-08
416 3.07856e-08
417 3.07856e-08
418 3.07856e-08
419 3.07856e-08
420 3.07856e-08
421 3.07856e-08
422 3.07856e-08
423 3.07856e-08
424 3.07856e-08
425 3.07856e-08
426 3.07856e-08
427 3.07856e-08
428 3.07856e-08
429 3.07856e-08
430 3.07856e-08
431 3.07856e-08
432 3.07856e-08
433 3.07856e-08
434 3.07856e-08
435 3.07856e-08
436 3.07856e-08
437 3.07856e-08
438 3.07856e-08
439 3.07856e-08
440 3.07856e-08
441 3.07856e-08
442 3.07856e-08
443 3.07856e-08
444 3.07856e-08
445 3.07856e-08
446 3.07856e-08
447 3.07856e-08
448 3.07856e-08
449 3.07856e-08
450 3.07856e-08
451 3.07856e-08
452 3.07856e-08
453 3.07856e-08
454 3.07856e-08
455 3.07856e-08
456 3.07856e-08
457 3.07856e-08
458 3.07856e-08
459 3.07856e-08
460 3.07856e-08
461 3.07856e-08
462 3.07856e-08
463 3.07856e-08
464 3.07856e-08
465 3.07856e-08
466 3.07856e-08
467 3.07856e-08
468 3.07856e-08
469 3.07856e-08
470 3.07856e-08
471 3.07856e-08
472 3.07856e-08
473 3.07856e-08
474 3.07856e-08
475 3.07856e-08
476 3.07856e-08
477 3.07856e-08
478 3.07856e-08
479 3.07856e-08
480 3.07856e-08
481 3.07856e-08
482 3.07856e-08
483 3.07856e-08
484 3.07856e-08
485 3.07856e-08
486 3.07856e-08
487 3.07856e-08
488 3.07856e-08
489 3.07856e-08
490 3.07856e-08
491 3.07856e-08
492 3.07856e-08
493 3.07856e-08
494 3.07856e-08
495 3.07856e-08
496 3.07856e-08
497 3.07856e-08
498 3.07856e-08
499 3.07856e-08
500 3.07856e-08
501 3.07856e-08
502 3.07856e-08
503 3.07856e-08
504 3.07856e-08
505 3.07856e-08
506 3.07856e-08
507 3.07856e-08
508 3.07856e-08
509 3.07856e-08
510 3.07856e-08
511 3.07856e-08
512 3.07856e-08
513 3.07856e-08
514 3.07856e-08
515 3.07856e-08
516 3.07856e-08
517 3.07856e-08
518 3.07856e-08
519 3.07856e-08
520 3.07856e-08
521 3.07856e-08
522 3.07856e-08
523 3.07856e-08
524 3.07856e-08
525 3.07856e-08
526 3.07856e-08
527 3.07856e-08
528 3.07856e-08
529 3.07856e-08
530 3.07856e-08
531 3.07856e-08
532 3.07856e-08
533 3.07856e-08
534 3.07856e-08
535 3.07856e-08
536 3.07856e-08
537 3.07856e-08
538 3.07856e-08
539 3.07856e-08
540 3.07856e-08
541 3.07856e-08
542 3.07856e-08
