1 3.70764e-09
2 3.70764e-09
3 3.70764e-09
4 3.70764e-09
5 3.70764e-09
6 3.70764e-09
7 3.70764e-09
8 3.70764e-09
9 3.70764e-09
10 3.70764e-09
11 3.70764e-09
12 3.70764e-09
13 3.70764e-09
14 3.70764e-09
15 3.70764e-09
16 3.70764e-09
17 3.70764e-09
18 3.70764e-09
19 3.70764e-09
20 3.70764e-09
21 3.70764e-09
22 3.70764e-09
23 3.70764e-09
24 3.70764e-09
25 3.70764e-09
26 3.70764e-09
27 3.70764e-09
28 3.70764e-09
29 3.70764e-09
30 3.70764e-09
31 3.70764e-09
32 3.70764e-09
33 3.70764e-09
34 3.70764e-09
35 3.70764e-09
36 3.70764e-09
37 3.70764e-09
38 3.70764e-09
39 3.70764e-09
40 3.70764e-09
41 3.70764e-09
42 3.70764e-09
43 3.70764e-09
44 3.70764e-09
45 3.70764e-09
46 3.70764e-09
47 3.70764e-09
48 3.70764e-09
49 3.70764e-09
50 3.70764e-09
51 3.70764e-09
52 3.70764e-09
53 3.70764e-09
54 3.70764e-09
55 3.70764e-09
56 3.70764e-09
57 3.70764e-09
58 3.70764e-09
59 3.70764e-09
60 3.70764e-09
61 3.70764e-09
62 3.70764e-09
63 3.70764e-09
64 3.70764e-09
65 3.70764e-09
66 3.70764e-09
67 3.70764e-09
68 3.70764e-09
69 3.70764e-09
70 3.70764e-09
71 3.70764e-09
72 3.70764e-09
73 3.70764e-09
74 3.70764e-09
75 3.70764e-09
76 3.70764e-09
77 3.70764e-09
78 3.70764e-09
79 3.70764e-09
80 3.70764e-09
81 3.70764e-09
82 3.70764e-09
83 3.70764e-09
84 3.70764e-09
85 3.70764e-09
86 3.70764e-09
87 3.70764e-09
88 3.70764e-09
89 3.70764e-09
90 3.70764e-09
91 3.70764e-09
92 3.70764e-09
93 3.70764e-09
94 3.70764e-09
95 3.70764e-09
96 3.70764e-09
97 3.70764e-09
98 3.70764e-09
99 3.70764e-09
100 3.70764e-09
101 3.70764e-09
102 3.70764e-09
103 3.70764e-09
104 3.70764e-09
105 3.70764e-09
106 3.70764e-09
107 3.70764e-09
108 3.70764e-09
109 3.70764e-09
110 3.70764e-09
111 3.70764e-09
112 3.70764e-09
113 3.70764e-09
114 3.70764e-09
115 3.70764e-09
116 3.70764e-09
117 3.70764e-09
118 3.70764e-09
119 3.70764e-09
120 3.70764e-09
121 3.70764e-09
122 3.70764e-09
123 3.70764e-09
124 3.70764e-09
125 3.70764e-09
126 3.70764e-09
127 3.70764e-09
128 3.70764e-09
129 3.70764e-09
130 3.70764e-09
131 3.70764e-09
132 3.70764e-09
133 3.70764e-09
134 3.70764e-09
135 3.70764e-09
136 3.70764e-09
137 3.70764e-09
138 3.70764e-09
139 3.70764e-09
140 3.70764e-09
141 3.70764e-09
142 3.70764e-09
143 3.70764e-09
144 3.70764e-09
145 3.70764e-09
146 3.70764e-09
147 3.70764e-09
148 3.70764e-09
149 3.70764e-09
150 3.70764e-09
151 3.70764e-09
152 3.70764e-09
153 3.70764e-09
154 3.70764e-09
155 3.70764e-09
156 3.70764e-09
157 3.70764e-09
158 3.70764e-09
159 3.70764e-09
160 3.70764e-09
161 3.70764e-09
162 3.70764e-09
163 3.70764e-09
164 3.70764e-09
165 3.70764e-09
166 3.70764e-09
167 3.70764e-09
168 3.70764e-09
169 3.70764e-09
170 3.70764e-09
171 3.70764e-09
172 3.70764e-09
173 3.70764e-09
174 3.70764e-09
175 3.70764e-09
176 3.70764e-09
177 3.70764e-09
178 3.70764e-09
179 3.70764e-09
180 3.70764e-09
181 3.70764e-09
182 3.70764e-09
183 3.70764e-09
184 3.70764e-09
185 3.70764e-09
186 3.70764e-09
187 3.70764e-09
188 3.70764e-09
189 3.70764e-09
190 3.70764e-09
191 3.70764e-09
192 3.70764e-09
193 3.70764e-09
194 3.70764e-09
195 3.70764e-09
196 3.70764e-09
197 3.70764e-09
198 3.70764e-09
199 3.70764e-09
200 3.70764e-09
201 3.70764e-09
202 3.70764e-09
203 3.70764e-09
204 3.70764e-09
205 3.70764e-09
206 3.70764e-09
207 3.70764e-09
208 3.70764e-09
209 3.70764e-09
210 3.70764e-09
211 3.70764e-09
212 3.70764e-09
213 3.70764e-09
214 3.70764e-09
215 3.70764e-09
216 3.70764e-09
217 3.70764e-09
218 3.70764e-09
219 3.70764e-09
220 3.70764e-09
221 3.70764e-09
222 3.70764e-09
223 3.70764e-09
224 3.70764e-09
225 3.70764e-09
226 3.70764e-09
227 3.70764e-09
228 3.70764e-09
229 3.70764e-09
230 3.70764e-09
231 3.70764e-09
232 3.9576e-09
233 6.4509e-09
234 1.6244e-08
235 5.00676e-08
236 1.56361e-07
237 4.78065e-07
238 1.42635e-06
239 4.1561e-06
240 1.18362e-05
241 3.29832e-05
242 9.009e-05
243 0.000241719
244 0.000638671
245 0.00166592
246 0.00429881
247 0.010988
248 0.0278253
249 0.0697354
250 0.172597
251 0.420649
252 0.527703
253 0.572768
254 0.673641
255 0.713661
256 0.797643
257 0.828737
258 0.839828
259 0.860637
260 0.898139
261 0.962971
262 0.982606
263 0.988299
264 0.996936
265 0.999227
266 0.999808
267 0.999948
268 0.999981
269 0.999988
270 0.999997
271 0.999998
272 0.999996
273 0.999995
274 0.999994
275 0.999987
276 0.999956
277 0.999822
278 0.999278
279 0.997171
280 0.989381
281 0.98436
282 0.967454
283 0.95751
284 0.926891
285 0.910366
286 0.901795
287 0.878366
288 0.816455
289 0.657673
290 0.585089
291 0.407281
292 0.328861
293 0.141715
294 0.0606623
295 0.0257601
296 0.0108234
297 0.00448453
298 0.00182602
299 0.000728386
300 0.000283897
301 0.000107912
302 3.99521e-05
303 1.43976e-05
304 5.04971e-06
305 1.72437e-06
306 5.73647e-07
307 1.86016e-07
308 5.91086e-08
309 1.88332e-08
310 7.01917e-09
311 3.9576e-09
312 3.70764e-09
313 3.70764e-09
314 3.70764e-09
315 3.70764e-09
316 3.70764e-09
317 3.70764e-09
318 3.70764e-09
319 3.70764e-09
320 3.70764e-09
321 3.70764e-09
322 3.70764e-09
323 3.70764e-09
324 3.70764e-09
325 3.70764e-09
326 3.70764e-09
327 3.70764e-09
328 3.70764e-09
329 3.70764e-09
330 3.70764e-09
331 3.70764e-09
332 3.70764e-09
333 3.70764e-09
334 3.70764e-09
335 3.70764e-09
336 3.70764e-09
337 3.70764e-09
338 3.70764e-09
339 3.70764e-09
340 3.70764e-09
341 3.70764e-09
342 3.70764e-09
343 3.70764e-09
344 3.70764e-09
345 3.70764e-09
346 3.70764e-09
347 3.70764e-09
348 3.70764e-09
349 3.70764e-09
350 3.70764e-09
351 3.70764e-09
352 3.70764e-09
353 3.70764e-09
354 3.70764e-09
355 3.70764e-09
356 3.70764e-09
357 3.70764e-09
358 3.70764e-09
359 3.70764e-09
360 3.70764e-09
361 3.70764e-09
362 3.70764e-09
363 3.70764e-09
364 3.70764e-09
365 3.70764e-09
366 3.70764e-09
367 3.70764e-09
368 3.70764e-09
369 3.70764e-09
370 3.70764e-09
371 3.70764e-09
372 3.70764e-09
373 3.70764e-09
374 3.70764e-09
375 3.70764e-09
376 3.70764e-09
377 3.70764e-09
378 3.70764e-09
379 3.70764e-09
380 3.70764e-09
381 3.70764e-09
382 3.70764e-09
383 3.70764e-09
384 3.70764e-09
385 3.70764e-09
386 3.70764e-09
387 3.70764e-09
388 3.70764e-09
389 3.70764e-09
390 3.70764e-09
391 3.70764e-09
392 3.70764e-09
393 3.70764e-09
394 3.70764e-09
395 3.70764e-09
396 3.70764e-09
397 3.70764e-09
398 3.70764e-09
399 3.70764e-09
400 3.70764e-09
401 3.70764e-09
402 3.70764e-09
403 3.70764e-09
404 3.70764e-09
405 3.70764e-09
406 3.70764e-09
407 3.70764e-09
408 3.70764e-09
409 3.70764e-09
410 3.70764e-09
411 3.70764e-09
412 3.70764e-09
413 3.70764e-09
414 3.70764e-09
415 3.70764e-09
416 3.70764e-09
417 3.70764e-09
418 3.70764e-09
419 3.70764e-09
420 3.70764e-09
421 3.70764e-09
422 3.70764e-09
423 3.70764e-09
424 3.70764e-09
425 3.70764e-09
426 3.70764e-09
427 3.70764e-09
428 3.70764e-09
429 3.70764e-09
430 3.70764e-09
431 3.70764e-09
432 3.70764e-09
433 3.70764e-09
434 3.70764e-09
435 3.70764e-09
436 3.70764e-09
437 3.70764e-09
438 3.70764e-09
439 3.70764e-09
440 3.70764e-09
441 3.70764e-09
442 3.70764e-09
443 3.70764e-09
444 3.70764e-09
445 3.70764e-09
446 3.70764e-09
447 3.70764e-09
448 3.70764e-09
449 3.70764e-09
450 3.70764e-09
451 3.70764e-09
452 3.70764e-09
453 3.70764e-09
454 3.70764e-09
455 3.70764e-09
456 3.70764e-09
457 3.70764e-09
458 3.70764e-09
459 3.70764e-09
460 3.70764e-09
461 3.70764e-09
462 3.70764e-09
463 3.70764e-09
464 3.70764e-09
465 3.70764e-09
466 3.70764e-09
467 3.70764e-09
468 3.70764e-09
469 3.70764e-09
470 3.70764e-09
471 3.70764e-09
472 3.70764e-09
473 3.70764e-09
474 3.70764e-09
475 3.70764e-09
476 3.70764e-09
477 3.70764e-09
478 3.70764e-09
479 3.70764e-09
480 3.70764e-09
481 3.70764e-09
482 3.70764e-09
483 3.70764e-09
484 3.70764e-09
485 3.70764e-09
486 3.70764e-09
487 3.70764e-09
488 3.70764e-09
489 3.70764e-09
490 3.70764e-09
491 3.70764e-09
492 3.70764e-09
493 3.70764e-09
494 3.70764e-09
495 3.70764e-09
496 3.70764e-09
497 3.70764e-09
498 3.70764e-09
499 3.70764e-09
500 3.70764e-09
501 3.70764e-09
502 3.70764e-09
503 3.70764e-09
504 3.70764e-09
505 3.70764e-09
506 3.70764e-09
507 3.70764e-09
508 3.70764e-09
509 3.70764e-09
510 3.70764e-09
511 3.70764e-09
512 3.70764e-09
513 3.70764e-09
514 3.70764e-09
515 3.70764e-09
516 3.70764e-09
517 3.70764e-09
518 3.70764e-09
519 3.70764e-09
520 3.70764e-09
521 3.70764e-09
522 3.70764e-09
523 3.70764e-09
524 3.70764e-09
525 3.70764e-09
526 3.70764e-09
527 3.70764e-09
528 3.70764e-09
529 3.70764e-09
530 3.70764e-09
531 3.70764e-09
532 3.70764e-09
533 3.70764e-09
534 3.70764e-09
535 3.70764e-09
536 3.70764e-09
537 3.70764e-09
538 3.70764e-09
539 3.70764e-09
540 3.70764e-09
541 3.70764e-09
542 3.70764e-09
