1 4.08203e-09
2 4.08203e-09
3 4.08203e-09
4 4.08203e-09
5 4.08203e-09
6 4.08203e-09
7 4.08203e-09
8 4.08203e-09
9 4.08203e-09
10 4.08203e-09
11 4.08203e-09
12 4.08203e-09
13 4.08203e-09
14 4.08203e-09
15 4.08203e-09
16 4.08203e-09
17 4.08203e-09
18 4.08203e-09
19 4.08203e-09
20 4.08203e-09
21 4.08203e-09
22 4.08203e-09
23 4.08203e-09
24 4.08203e-09
25 4.08203e-09
26 4.08203e-09
27 4.08203e-09
28 4.08203e-09
29 4.08203e-09
30 4.08203e-09
31 4.08203e-09
32 4.08203e-09
33 4.08203e-09
34 4.08203e-09
35 4.08203e-09
36 4.08203e-09
37 4.08203e-09
38 4.08203e-09
39 4.08203e-09
40 4.08203e-09
41 4.08203e-09
42 4.08203e-09
43 4.08203e-09
44 4.08203e-09
45 4.08203e-09
46 4.08203e-09
47 4.08203e-09
48 4.08203e-09
49 4.08203e-09
50 4.08203e-09
51 4.08203e-09
52 4.08203e-09
53 4.08203e-09
54 4.08203e-09
55 4.08203e-09
56 4.08203e-09
57 4.08203e-09
58 4.08203e-09
59 4.08203e-09
60 4.08203e-09
61 4.08203e-09
62 4.08203e-09
63 4.08203e-09
64 4.08203e-09
65 4.08203e-09
66 4.08203e-09
67 4.08203e-09
68 4.08203e-09
69 4.08203e-09
70 4.08203e-09
71 4.08203e-09
72 4.08203e-09
73 4.08203e-09
74 4.08203e-09
75 4.08203e-09
76 4.08203e-09
77 4.08203e-09
78 4.08203e-09
79 4.08203e-09
80 4.08203e-09
81 4.08203e-09
82 4.08203e-09
83 4.08203e-09
84 4.08203e-09
85 4.08203e-09
86 4.08203e-09
87 4.08203e-09
88 4.08203e-09
89 4.08203e-09
90 4.08203e-09
91 4.08203e-09
92 4.08203e-09
93 4.08203e-09
94 4.08203e-09
95 4.08203e-09
96 4.08203e-09
97 4.08203e-09
98 4.08203e-09
99 4.08203e-09
100 4.08203e-09
101 4.08203e-09
102 4.08203e-09
103 4.08203e-09
104 4.08203e-09
105 4.08203e-09
106 4.08203e-09
107 4.08203e-09
108 4.08203e-09
109 4.08203e-09
110 4.08203e-09
111 4.08203e-09
112 4.08203e-09
113 4.08203e-09
114 4.08203e-09
115 4.08203e-09
116 4.08203e-09
117 4.08203e-09
118 4.08203e-09
119 4.08203e-09
120 4.08203e-09
121 4.08203e-09
122 4.08203e-09
123 4.08203e-09
124 4.08203e-09
125 4.08203e-09
126 4.08203e-09
127 4.08203e-09
128 4.08203e-09
129 4.08203e-09
130 4.08203e-09
131 4.08203e-09
132 4.08203e-09
133 4.08203e-09
134 4.08203e-09
135 4.08203e-09
136 4.08203e-09
137 4.08203e-09
138 4.08203e-09
139 4.08203e-09
140 4.08203e-09
141 4.08203e-09
142 4.08203e-09
143 4.08203e-09
144 4.08203e-09
145 4.08203e-09
146 4.08203e-09
147 4.08203e-09
148 4.08203e-09
149 4.08203e-09
150 4.08203e-09
151 4.08203e-09
152 4.08203e-09
153 4.08203e-09
154 4.08203e-09
155 4.08203e-09
156 4.08203e-09
157 4.08203e-09
158 4.08203e-09
159 4.08203e-09
160 4.08203e-09
161 4.08203e-09
162 4.08203e-09
163 4.08203e-09
164 4.08203e-09
165 4.08203e-09
166 4.08203e-09
167 4.08203e-09
168 4.08203e-09
169 4.08203e-09
170 4.08203e-09
171 4.08203e-09
172 4.08203e-09
173 4.08203e-09
174 4.08203e-09
175 4.08203e-09
176 4.08203e-09
177 4.08203e-09
178 4.08203e-09
179 4.08203e-09
180 4.08203e-09
181 4.08203e-09
182 4.08203e-09
183 4.08203e-09
184 4.08203e-09
185 4.08203e-09
186 4.08203e-09
187 4.08203e-09
188 4.08203e-09
189 4.08203e-09
190 4.08203e-09
191 4.08203e-09
192 4.08203e-09
193 4.08203e-09
194 4.08203e-09
195 4.08203e-09
196 4.08203e-09
197 4.08203e-09
198 4.08203e-09
199 4.08203e-09
200 4.08203e-09
201 4.08203e-09
202 4.08203e-09
203 4.08203e-09
204 4.08203e-09
205 4.08203e-09
206 4.08203e-09
207 4.08203e-09
208 4.08203e-09
209 4.08203e-09
210 4.08203e-09
211 4.08203e-09
212 4.08203e-09
213 4.08203e-09
214 4.08203e-09
215 4.08203e-09
216 4.08203e-09
217 4.08203e-09
218 4.08203e-09
219 4.08203e-09
220 4.08203e-09
221 4.08203e-09
222 4.08203e-09
223 4.08203e-09
224 4.08203e-09
225 4.08203e-09
226 4.08203e-09
227 4.08203e-09
228 4.08203e-09
229 4.08203e-09
230 4.08203e-09
231 4.08203e-09
232 4.08203e-09
233 4.44439e-09
234 7.36716e-09
235 1.88108e-08
236 5.75983e-08
237 1.83049e-07
238 5.78658e-07
239 1.79908e-06
240 5.47718e-06
241 1.62995e-05
242 4.73857e-05
243 0.000134618
244 0.000374125
245 0.00101898
246 0.00272632
247 0.00718485
248 0.0187001
249 0.0481726
250 0.122977
251 0.311104
252 0.396627
253 0.43494
254 0.527097
255 0.566724
256 0.657513
257 0.694436
258 0.708972
259 0.739205
260 0.799801
261 0.91664
262 0.956201
263 0.969049
264 0.990912
265 0.997421
266 0.999273
267 0.999777
268 0.999908
269 0.99994
270 0.999981
271 0.999989
272 0.999979
273 0.999972
274 0.999968
275 0.999938
276 0.999817
277 0.999358
278 0.997707
279 0.992043
280 0.973507
281 0.96291
282 0.931196
283 0.914551
284 0.868594
285 0.84621
286 0.835649
287 0.809126
288 0.743971
289 0.586558
290 0.517826
291 0.354913
292 0.28469
293 0.120008
294 0.0499205
295 0.0204154
296 0.00817994
297 0.00320198
298 0.00122191
299 0.000453941
300 0.000164053
301 5.76699e-05
302 1.97291e-05
303 6.57572e-06
304 2.13918e-06
305 6.81176e-07
306 2.13432e-07
307 6.66305e-08
308 2.15804e-08
309 8.16553e-09
310 4.57442e-09
311 4.08203e-09
312 4.08203e-09
313 4.08203e-09
314 4.08203e-09
315 4.08203e-09
316 4.08203e-09
317 4.08203e-09
318 4.08203e-09
319 4.08203e-09
320 4.08203e-09
321 4.08203e-09
322 4.08203e-09
323 4.08203e-09
324 4.08203e-09
325 4.08203e-09
326 4.08203e-09
327 4.08203e-09
328 4.08203e-09
329 4.08203e-09
330 4.08203e-09
331 4.08203e-09
332 4.08203e-09
333 4.08203e-09
334 4.08203e-09
335 4.08203e-09
336 4.08203e-09
337 4.08203e-09
338 4.08203e-09
339 4.08203e-09
340 4.08203e-09
341 4.08203e-09
342 4.08203e-09
343 4.08203e-09
344 4.08203e-09
345 4.08203e-09
346 4.08203e-09
347 4.08203e-09
348 4.08203e-09
349 4.08203e-09
350 4.08203e-09
351 4.08203e-09
352 4.08203e-09
353 4.08203e-09
354 4.08203e-09
355 4.08203e-09
356 4.08203e-09
357 4.08203e-09
358 4.08203e-09
359 4.08203e-09
360 4.08203e-09
361 4.08203e-09
362 4.08203e-09
363 4.08203e-09
364 4.08203e-09
365 4.08203e-09
366 4.08203e-09
367 4.08203e-09
368 4.08203e-09
369 4.08203e-09
370 4.08203e-09
371 4.08203e-09
372 4.08203e-09
373 4.08203e-09
374 4.08203e-09
375 4.08203e-09
376 4.08203e-09
377 4.08203e-09
378 4.08203e-09
379 4.08203e-09
380 4.08203e-09
381 4.08203e-09
382 4.08203e-09
383 4.08203e-09
384 4.08203e-09
385 4.08203e-09
386 4.08203e-09
387 4.08203e-09
388 4.08203e-09
389 4.08203e-09
390 4.08203e-09
391 4.08203e-09
392 4.08203e-09
393 4.08203e-09
394 4.08203e-09
395 4.08203e-09
396 4.08203e-09
397 4.08203e-09
398 4.08203e-09
399 4.08203e-09
400 4.08203e-09
401 4.08203e-09
402 4.08203e-09
403 4.08203e-09
404 4.08203e-09
405 4.08203e-09
406 4.08203e-09
407 4.08203e-09
408 4.08203e-09
409 4.08203e-09
410 4.08203e-09
411 4.08203e-09
412 4.08203e-09
413 4.08203e-09
414 4.08203e-09
415 4.08203e-09
416 4.08203e-09
417 4.08203e-09
418 4.08203e-09
419 4.08203e-09
420 4.08203e-09
421 4.08203e-09
422 4.08203e-09
423 4.08203e-09
424 4.08203e-09
425 4.08203e-09
426 4.08203e-09
427 4.08203e-09
428 4.08203e-09
429 4.08203e-09
430 4.08203e-09
431 4.08203e-09
432 4.08203e-09
433 4.08203e-09
434 4.08203e-09
435 4.08203e-09
436 4.08203e-09
437 4.08203e-09
438 4.08203e-09
439 4.08203e-09
440 4.08203e-09
441 4.08203e-09
442 4.08203e-09
443 4.08203e-09
444 4.08203e-09
445 4.08203e-09
446 4.08203e-09
447 4.08203e-09
448 4.08203e-09
449 4.08203e-09
450 4.08203e-09
451 4.08203e-09
452 4.08203e-09
453 4.08203e-09
454 4.08203e-09
455 4.08203e-09
456 4.08203e-09
457 4.08203e-09
458 4.08203e-09
459 4.08203e-09
460 4.08203e-09
461 4.08203e-09
462 4.08203e-09
463 4.08203e-09
464 4.08203e-09
465 4.08203e-09
466 4.08203e-09
467 4.08203e-09
468 4.08203e-09
469 4.08203e-09
470 4.08203e-09
471 4.08203e-09
472 4.08203e-09
473 4.08203e-09
474 4.08203e-09
475 4.08203e-09
476 4.08203e-09
477 4.08203e-09
478 4.08203e-09
479 4.08203e-09
480 4.08203e-09
481 4.08203e-09
482 4.08203e-09
483 4.08203e-09
484 4.08203e-09
485 4.08203e-09
486 4.08203e-09
487 4.08203e-09
488 4.08203e-09
489 4.08203e-09
490 4.08203e-09
491 4.08203e-09
492 4.08203e-09
493 4.08203e-09
494 4.08203e-09
495 4.08203e-09
496 4.08203e-09
497 4.08203e-09
498 4.08203e-09
499 4.08203e-09
500 4.08203e-09
501 4.08203e-09
502 4.08203e-09
503 4.08203e-09
504 4.08203e-09
505 4.08203e-09
506 4.08203e-09
507 4.08203e-09
508 4.08203e-09
509 4.08203e-09
510 4.08203e-09
511 4.08203e-09
512 4.08203e-09
513 4.08203e-09
514 4.08203e-09
515 4.08203e-09
516 4.08203e-09
517 4.08203e-09
518 4.08203e-09
519 4.08203e-09
520 4.08203e-09
521 4.08203e-09
522 4.08203e-09
523 4.08203e-09
524 4.08203e-09
525 4.08203e-09
526 4.08203e-09
527 4.08203e-09
528 4.08203e-09
529 4.08203e-09
530 4.08203e-09
531 4.08203e-09
532 4.08203e-09
533 4.08203e-09
534 4.08203e-09
535 4.08203e-09
536 4.08203e-09
537 4.08203e-09
538 4.08203e-09
539 4.08203e-09
540 4.08203e-09
541 4.08203e-09
542 4.08203e-09
