1 5.68211e-09
2 5.68211e-09
3 5.68211e-09
4 5.68211e-09
5 5.68211e-09
6 5.68211e-09
7 5.68211e-09
8 5.68211e-09
9 5.68211e-09
10 5.68211e-09
11 5.68211e-09
12 5.68211e-09
13 5.68211e-09
14 5.68211e-09
15 5.68211e-09
16 5.68211e-09
17 5.68211e-09
18 5.68211e-09
19 5.68211e-09
20 5.68211e-09
21 5.68211e-09
22 5.68211e-09
23 5.68211e-09
24 5.68211e-09
25 5.68211e-09
26 5.68211e-09
27 5.68211e-09
28 5.68211e-09
29 5.68211e-09
30 5.68211e-09
31 5.68211e-09
32 5.68211e-09
33 5.68211e-09
34 5.68211e-09
35 5.68211e-09
36 5.68211e-09
37 5.68211e-09
38 5.68211e-09
39 5.68211e-09
40 5.68211e-09
41 5.68211e-09
42 5.68211e-09
43 5.68211e-09
44 5.68211e-09
45 5.68211e-09
46 5.68211e-09
47 5.68211e-09
48 5.68211e-09
49 5.68211e-09
50 5.68211e-09
51 5.68211e-09
52 5.68211e-09
53 5.68211e-09
54 5.68211e-09
55 5.68211e-09
56 5.68211e-09
57 5.68211e-09
58 5.68211e-09
59 5.68211e-09
60 5.68211e-09
61 5.68211e-09
62 5.68211e-09
63 5.68211e-09
64 5.68211e-09
65 5.68211e-09
66 5.68211e-09
67 5.68211e-09
68 5.68211e-09
69 5.68211e-09
70 5.68211e-09
71 5.68211e-09
72 5.68211e-09
73 5.68211e-09
74 5.68211e-09
75 5.68211e-09
76 5.68211e-09
77 5.68211e-09
78 5.68211e-09
79 5.68211e-09
80 5.68211e-09
81 5.68211e-09
82 5.68211e-09
83 5.68211e-09
84 5.68211e-09
85 5.68211e-09
86 5.68211e-09
87 5.68211e-09
88 5.68211e-09
89 5.68211e-09
90 5.68211e-09
91 5.68211e-09
92 5.68211e-09
93 5.68211e-09
94 5.68211e-09
95 5.68211e-09
96 5.68211e-09
97 5.68211e-09
98 5.68211e-09
99 5.68211e-09
100 5.68211e-09
101 5.68211e-09
102 5.68211e-09
103 5.68211e-09
104 5.68211e-09
105 5.68211e-09
106 5.68211e-09
107 5.68211e-09
108 5.68211e-09
109 5.68211e-09
110 5.68211e-09
111 5.68211e-09
112 5.68211e-09
113 5.68211e-09
114 5.68211e-09
115 5.68211e-09
116 5.68211e-09
117 5.68211e-09
118 5.68211e-09
119 5.68211e-09
120 5.68211e-09
121 5.68211e-09
122 5.68211e-09
123 5.68211e-09
124 5.68211e-09
125 5.68211e-09
126 5.68211e-09
127 5.68211e-09
128 5.68211e-09
129 5.68211e-09
130 5.68211e-09
131 5.68211e-09
132 5.68211e-09
133 5.68211e-09
134 5.68211e-09
135 5.68211e-09
136 5.68211e-09
137 5.68211e-09
138 5.68211e-09
139 5.68211e-09
140 5.68211e-09
141 5.68211e-09
142 5.68211e-09
143 5.68211e-09
144 5.68211e-09
145 5.68211e-09
146 5.68211e-09
147 5.68211e-09
148 5.68211e-09
149 5.68211e-09
150 5.68211e-09
151 5.68211e-09
152 5.68211e-09
153 5.68211e-09
154 5.68211e-09
155 5.68211e-09
156 5.68211e-09
157 5.68211e-09
158 5.68211e-09
159 5.68211e-09
160 5.68211e-09
161 5.68211e-09
162 5.68211e-09
163 5.68211e-09
164 5.68211e-09
165 5.68211e-09
166 5.68211e-09
167 5.68211e-09
168 5.68211e-09
169 5.68211e-09
170 5.68211e-09
171 5.68211e-09
172 5.68211e-09
173 5.68211e-09
174 5.68211e-09
175 5.68211e-09
176 5.68211e-09
177 5.68211e-09
178 5.68211e-09
179 5.68211e-09
180 5.68211e-09
181 5.68211e-09
182 5.68211e-09
183 5.68211e-09
184 5.68211e-09
185 5.68211e-09
186 5.68211e-09
187 5.68211e-09
188 5.68211e-09
189 5.68211e-09
190 5.68211e-09
191 5.68211e-09
192 5.68211e-09
193 5.68211e-09
194 5.68211e-09
195 5.68211e-09
196 5.68211e-09
197 5.68211e-09
198 5.68211e-09
199 5.68211e-09
200 5.68211e-09
201 5.68211e-09
202 5.68211e-09
203 5.68211e-09
204 5.68211e-09
205 5.68211e-09
206 5.68211e-09
207 5.68211e-09
208 5.68211e-09
209 5.68211e-09
210 5.68211e-09
211 5.68211e-09
212 5.68211e-09
213 5.68211e-09
214 5.68211e-09
215 5.68211e-09
216 5.68211e-09
217 5.68211e-09
218 5.68211e-09
219 5.68211e-09
220 5.68211e-09
221 5.68211e-09
222 5.68211e-09
223 5.68211e-09
224 5.68211e-09
225 5.68211e-09
226 5.68211e-09
227 5.68211e-09
228 5.68211e-09
229 5.68211e-09
230 5.68211e-09
231 5.68211e-09
232 5.68211e-09
233 5.68211e-09
234 5.68211e-09
235 5.68211e-09
236 5.68211e-09
237 5.68211e-09
238 5.68211e-09
239 5.68211e-09
240 5.68211e-09
241 5.68211e-09
242 5.68211e-09
243 5.68211e-09
244 5.68211e-09
245 5.68211e-09
246 5.68211e-09
247 5.68211e-09
248 5.68211e-09
249 5.68211e-09
250 2.19358e-08
251 1.06659e-07
252 1.15594e-07
253 4.85477e-08
254 8.43025e-08
255 4.85477e-08
256 1.15594e-07
257 1.06659e-07
258 2.19358e-08
259 5.68211e-09
260 2.19358e-08
261 1.53961e-07
262 2.08857e-07
263 1.8458e-07
264 4.37684e-07
265 5.92231e-07
266 6.44205e-07
267 5.92231e-07
268 4.37684e-07
269 1.8458e-07
270 2.08857e-07
271 1.53961e-07
272 2.19358e-08
273 6.78972e-08
274 3.9108e-07
275 6.16022e-07
276 7.36085e-07
277 7.47519e-07
278 6.49857e-07
279 4.45975e-07
280 1.41811e-07
281 1.21246e-07
282 2.92554e-08
283 5.46519e-08
284 1.30017e-08
285 3.2294e-08
286 1.68383e-07
287 2.2039e-07
288 1.87675e-07
289 7.03397e-08
290 8.5378e-08
291 2.92554e-08
292 5.46519e-08
293 1.30017e-08
294 5.68211e-09
295 5.68211e-09
296 5.68211e-09
297 5.68211e-09
298 5.68211e-09
299 5.68211e-09
300 5.68211e-09
301 5.68211e-09
302 5.68211e-09
303 5.68211e-09
304 5.68211e-09
305 5.68211e-09
306 5.68211e-09
307 5.68211e-09
308 5.68211e-09
309 5.68211e-09
310 5.68211e-09
311 5.68211e-09
312 5.68211e-09
313 5.68211e-09
314 5.68211e-09
315 5.68211e-09
316 5.68211e-09
317 5.68211e-09
318 5.68211e-09
319 5.68211e-09
320 5.68211e-09
321 5.68211e-09
322 5.68211e-09
323 5.68211e-09
324 5.68211e-09
325 5.68211e-09
326 5.68211e-09
327 5.68211e-09
328 5.68211e-09
329 5.68211e-09
330 5.68211e-09
331 5.68211e-09
332 5.68211e-09
333 5.68211e-09
334 5.68211e-09
335 5.68211e-09
336 5.68211e-09
337 5.68211e-09
338 5.68211e-09
339 5.68211e-09
340 5.68211e-09
341 5.68211e-09
342 5.68211e-09
343 5.68211e-09
344 5.68211e-09
345 5.68211e-09
346 5.68211e-09
347 5.68211e-09
348 5.68211e-09
349 5.68211e-09
350 5.68211e-09
351 5.68211e-09
352 5.68211e-09
353 5.68211e-09
354 5.68211e-09
355 5.68211e-09
356 5.68211e-09
357 5.68211e-09
358 5.68211e-09
359 5.68211e-09
360 5.68211e-09
361 5.68211e-09
362 5.68211e-09
363 5.68211e-09
364 5.68211e-09
365 5.68211e-09
366 5.68211e-09
367 5.68211e-09
368 5.68211e-09
369 5.68211e-09
370 5.68211e-09
371 5.68211e-09
372 5.68211e-09
373 5.68211e-09
374 5.68211e-09
375 5.68211e-09
376 5.68211e-09
377 5.68211e-09
378 5.68211e-09
379 5.68211e-09
380 5.68211e-09
381 5.68211e-09
382 5.68211e-09
383 5.68211e-09
384 5.68211e-09
385 5.68211e-09
386 5.68211e-09
387 5.68211e-09
388 5.68211e-09
389 5.68211e-09
390 5.68211e-09
391 5.68211e-09
392 5.68211e-09
393 5.68211e-09
394 5.68211e-09
395 5.68211e-09
396 5.68211e-09
397 5.68211e-09
398 5.68211e-09
399 5.68211e-09
400 5.68211e-09
401 5.68211e-09
402 5.68211e-09
403 5.68211e-09
404 5.68211e-09
405 5.68211e-09
406 5.68211e-09
407 5.68211e-09
408 5.68211e-09
409 5.68211e-09
410 5.68211e-09
411 5.68211e-09
412 5.68211e-09
413 5.68211e-09
414 5.68211e-09
415 5.68211e-09
416 5.68211e-09
417 5.68211e-09
418 5.68211e-09
419 5.68211e-09
420 5.68211e-09
421 5.68211e-09
422 5.68211e-09
423 5.68211e-09
424 5.68211e-09
425 5.68211e-09
426 5.68211e-09
427 5.68211e-09
428 5.68211e-09
429 5.68211e-09
430 5.68211e-09
431 5.68211e-09
432 5.68211e-09
433 5.68211e-09
434 5.68211e-09
435 5.68211e-09
436 5.68211e-09
437 5.68211e-09
438 5.68211e-09
439 5.68211e-09
440 5.68211e-09
441 5.68211e-09
442 5.68211e-09
443 5.68211e-09
444 5.68211e-09
445 5.68211e-09
446 5.68211e-09
447 5.68211e-09
448 5.68211e-09
449 5.68211e-09
450 5.68211e-09
451 5.68211e-09
452 5.68211e-09
453 5.68211e-09
454 5.68211e-09
455 5.68211e-09
456 5.68211e-09
457 5.68211e-09
458 5.68211e-09
459 5.68211e-09
460 5.68211e-09
461 5.68211e-09
462 5.68211e-09
463 5.68211e-09
464 5.68211e-09
465 5.68211e-09
466 5.68211e-09
467 5.68211e-09
468 5.68211e-09
469 5.68211e-09
470 5.68211e-09
471 5.68211e-09
472 5.68211e-09
473 5.68211e-09
474 5.68211e-09
475 5.68211e-09
476 5.68211e-09
477 5.68211e-09
478 5.68211e-09
479 5.68211e-09
480 5.68211e-09
481 5.68211e-09
482 5.68211e-09
483 5.68211e-09
484 5.68211e-09
485 5.68211e-09
486 5.68211e-09
487 5.68211e-09
488 5.68211e-09
489 5.68211e-09
490 5.68211e-09
491 5.68211e-09
492 5.68211e-09
493 5.68211e-09
494 5.68211e-09
495 5.68211e-09
496 5.68211e-09
497 5.68211e-09
498 5.68211e-09
499 5.68211e-09
500 5.68211e-09
501 5.68211e-09
502 5.68211e-09
503 5.68211e-09
504 5.68211e-09
505 5.68211e-09
506 5.68211e-09
507 5.68211e-09
508 5.68211e-09
509 5.68211e-09
510 5.68211e-09
511 5.68211e-09
512 5.68211e-09
513 5.68211e-09
514 5.68211e-09
515 5.68211e-09
516 5.68211e-09
517 5.68211e-09
518 5.68211e-09
519 5.68211e-09
520 5.68211e-09
521 5.68211e-09
522 5.68211e-09
523 5.68211e-09
524 5.68211e-09
525 5.68211e-09
526 5.68211e-09
527 5.68211e-09
528 5.68211e-09
529 5.68211e-09
530 5.68211e-09
531 5.68211e-09
532 5.68211e-09
533 5.68211e-09
534 5.68211e-09
535 5.68211e-09
536 5.68211e-09
537 5.68211e-09
538 5.68211e-09
539 5.68211e-09
540 5.68211e-09
541 5.68211e-09
542 5.68211e-09
