1 3.84907e-09
2 3.84907e-09
3 3.84907e-09
4 3.84907e-09
5 3.84907e-09
6 3.84907e-09
7 3.84907e-09
8 3.84907e-09
9 3.84907e-09
10 3.84907e-09
11 3.84907e-09
12 3.84907e-09
13 3.84907e-09
14 3.84907e-09
15 3.84907e-09
16 3.84907e-09
17 3.84907e-09
18 3.84907e-09
19 3.84907e-09
20 3.84907e-09
21 3.84907e-09
22 3.84907e-09
23 3.84907e-09
24 3.84907e-09
25 3.84907e-09
26 3.84907e-09
27 3.84907e-09
28 3.84907e-09
29 3.84907e-09
30 3.84907e-09
31 3.84907e-09
32 3.84907e-09
33 3.84907e-09
34 3.84907e-09
35 3.84907e-09
36 3.84907e-09
37 3.84907e-09
38 3.84907e-09
39 3.84907e-09
40 3.84907e-09
41 3.84907e-09
42 3.84907e-09
43 3.84907e-09
44 3.84907e-09
45 3.84907e-09
46 3.84907e-09
47 3.84907e-09
48 3.84907e-09
49 3.84907e-09
50 3.84907e-09
51 3.84907e-09
52 3.84907e-09
53 3.84907e-09
54 3.84907e-09
55 3.84907e-09
56 3.84907e-09
57 3.84907e-09
58 3.84907e-09
59 3.84907e-09
60 3.84907e-09
61 3.84907e-09
62 3.84907e-09
63 3.84907e-09
64 3.84907e-09
65 3.84907e-09
66 3.84907e-09
67 3.84907e-09
68 3.84907e-09
69 3.84907e-09
70 3.84907e-09
71 3.84907e-09
72 3.84907e-09
73 3.84907e-09
74 3.84907e-09
75 3.84907e-09
76 3.84907e-09
77 3.84907e-09
78 3.84907e-09
79 3.84907e-09
80 3.84907e-09
81 3.84907e-09
82 3.84907e-09
83 3.84907e-09
84 3.84907e-09
85 3.84907e-09
86 3.84907e-09
87 3.84907e-09
88 3.84907e-09
89 3.84907e-09
90 3.84907e-09
91 3.84907e-09
92 3.84907e-09
93 3.84907e-09
94 3.84907e-09
95 3.84907e-09
96 3.84907e-09
97 3.84907e-09
98 3.84907e-09
99 3.84907e-09
100 3.84907e-09
101 3.84907e-09
102 3.84907e-09
103 3.84907e-09
104 3.84907e-09
105 3.84907e-09
106 3.84907e-09
107 3.84907e-09
108 3.84907e-09
109 3.84907e-09
110 3.84907e-09
111 3.84907e-09
112 3.84907e-09
113 3.84907e-09
114 3.84907e-09
115 3.84907e-09
116 3.84907e-09
117 3.84907e-09
118 3.84907e-09
119 3.84907e-09
120 3.84907e-09
121 3.84907e-09
122 3.84907e-09
123 3.84907e-09
124 3.84907e-09
125 3.84907e-09
126 3.84907e-09
127 3.84907e-09
128 3.84907e-09
129 3.84907e-09
130 3.84907e-09
131 3.84907e-09
132 3.84907e-09
133 3.84907e-09
134 3.84907e-09
135 3.84907e-09
136 3.84907e-09
137 3.84907e-09
138 3.84907e-09
139 3.84907e-09
140 3.84907e-09
141 3.84907e-09
142 3.84907e-09
143 3.84907e-09
144 3.84907e-09
145 3.84907e-09
146 3.84907e-09
147 3.84907e-09
148 3.84907e-09
149 3.84907e-09
150 3.84907e-09
151 3.84907e-09
152 3.84907e-09
153 3.84907e-09
154 3.84907e-09
155 3.84907e-09
156 3.84907e-09
157 3.84907e-09
158 3.84907e-09
159 3.84907e-09
160 3.84907e-09
161 3.84907e-09
162 3.84907e-09
163 3.84907e-09
164 3.84907e-09
165 3.84907e-09
166 3.84907e-09
167 3.84907e-09
168 3.84907e-09
169 3.84907e-09
170 3.84907e-09
171 3.84907e-09
172 3.84907e-09
173 3.84907e-09
174 3.84907e-09
175 3.84907e-09
176 3.84907e-09
177 3.84907e-09
178 3.84907e-09
179 3.84907e-09
180 3.84907e-09
181 3.84907e-09
182 3.84907e-09
183 3.84907e-09
184 3.84907e-09
185 3.84907e-09
186 3.84907e-09
187 3.84907e-09
188 3.84907e-09
189 3.84907e-09
190 3.84907e-09
191 3.84907e-09
192 3.84907e-09
193 3.84907e-09
194 3.84907e-09
195 3.84907e-09
196 3.84907e-09
197 3.84907e-09
198 3.84907e-09
199 3.84907e-09
200 3.84907e-09
201 3.84907e-09
202 3.84907e-09
203 3.84907e-09
204 3.84907e-09
205 3.84907e-09
206 3.84907e-09
207 3.84907e-09
208 3.84907e-09
209 3.84907e-09
210 3.84907e-09
211 3.84907e-09
212 3.84907e-09
213 3.84907e-09
214 3.84907e-09
215 3.84907e-09
216 3.84907e-09
217 3.84907e-09
218 3.84907e-09
219 3.84907e-09
220 3.84907e-09
221 3.84907e-09
222 3.84907e-09
223 3.84907e-09
224 3.84907e-09
225 3.84907e-09
226 3.84907e-09
227 3.84907e-09
228 3.84907e-09
229 3.84907e-09
230 3.84907e-09
231 3.84907e-09
232 4.3396e-09
233 7.49055e-09
234 1.91348e-08
235 5.83763e-08
236 1.79936e-07
237 5.4428e-07
238 1.60778e-06
239 4.64e-06
240 1.30941e-05
241 3.61827e-05
242 9.80877e-05
243 0.000261472
244 0.0006871
245 0.00178411
246 0.00458567
247 0.011677
248 0.0294491
249 0.0734456
250 0.180695
251 0.437194
252 0.546827
253 0.592475
254 0.693429
255 0.732966
256 0.814807
257 0.844678
258 0.855176
259 0.874575
260 0.908994
261 0.967558
262 0.985011
263 0.989989
264 0.99742
265 0.999359
266 0.999843
267 0.999959
268 0.999985
269 0.999991
270 0.999997
271 0.999999
272 0.999997
273 0.999996
274 0.999995
275 0.99999
276 0.999964
277 0.999854
278 0.999398
279 0.997603
280 0.990852
281 0.986423
282 0.971258
283 0.962187
284 0.933794
285 0.918225
286 0.910029
287 0.887305
288 0.826481
289 0.668709
290 0.59589
291 0.416134
292 0.336399
293 0.14536
294 0.0623922
295 0.0265842
296 0.0112201
297 0.00467632
298 0.00191803
299 0.000771651
300 0.000303655
301 0.000116625
302 4.36505e-05
303 1.59071e-05
304 5.64241e-06
305 1.94843e-06
306 6.55439e-07
307 2.15027e-07
308 6.93336e-08
309 2.24563e-08
310 8.38933e-09
311 4.52845e-09
312 3.84907e-09
313 3.84907e-09
314 3.84907e-09
315 3.84907e-09
316 3.84907e-09
317 3.84907e-09
318 3.84907e-09
319 3.84907e-09
320 3.84907e-09
321 3.84907e-09
322 3.84907e-09
323 3.84907e-09
324 3.84907e-09
325 3.84907e-09
326 3.84907e-09
327 3.84907e-09
328 3.84907e-09
329 3.84907e-09
330 3.84907e-09
331 3.84907e-09
332 3.84907e-09
333 3.84907e-09
334 3.84907e-09
335 3.84907e-09
336 3.84907e-09
337 3.84907e-09
338 3.84907e-09
339 3.84907e-09
340 3.84907e-09
341 3.84907e-09
342 3.84907e-09
343 3.84907e-09
344 3.84907e-09
345 3.84907e-09
346 3.84907e-09
347 3.84907e-09
348 3.84907e-09
349 3.84907e-09
350 3.84907e-09
351 3.84907e-09
352 3.84907e-09
353 3.84907e-09
354 3.84907e-09
355 3.84907e-09
356 3.84907e-09
357 3.84907e-09
358 3.84907e-09
359 3.84907e-09
360 3.84907e-09
361 3.84907e-09
362 3.84907e-09
363 3.84907e-09
364 3.84907e-09
365 3.84907e-09
366 3.84907e-09
367 3.84907e-09
368 3.84907e-09
369 3.84907e-09
370 3.84907e-09
371 3.84907e-09
372 3.84907e-09
373 3.84907e-09
374 3.84907e-09
375 3.84907e-09
376 3.84907e-09
377 3.84907e-09
378 3.84907e-09
379 3.84907e-09
380 3.84907e-09
381 3.84907e-09
382 3.84907e-09
383 3.84907e-09
384 3.84907e-09
385 3.84907e-09
386 3.84907e-09
387 3.84907e-09
388 3.84907e-09
389 3.84907e-09
390 3.84907e-09
391 3.84907e-09
392 3.84907e-09
393 3.84907e-09
394 3.84907e-09
395 3.84907e-09
396 3.84907e-09
397 3.84907e-09
398 3.84907e-09
399 3.84907e-09
400 3.84907e-09
401 3.84907e-09
402 3.84907e-09
403 3.84907e-09
404 3.84907e-09
405 3.84907e-09
406 3.84907e-09
407 3.84907e-09
408 3.84907e-09
409 3.84907e-09
410 3.84907e-09
411 3.84907e-09
412 3.84907e-09
413 3.84907e-09
414 3.84907e-09
415 3.84907e-09
416 3.84907e-09
417 3.84907e-09
418 3.84907e-09
419 3.84907e-09
420 3.84907e-09
421 3.84907e-09
422 3.84907e-09
423 3.84907e-09
424 3.84907e-09
425 3.84907e-09
426 3.84907e-09
427 3.84907e-09
428 3.84907e-09
429 3.84907e-09
430 3.84907e-09
431 3.84907e-09
432 3.84907e-09
433 3.84907e-09
434 3.84907e-09
435 3.84907e-09
436 3.84907e-09
437 3.84907e-09
438 3.84907e-09
439 3.84907e-09
440 3.84907e-09
441 3.84907e-09
442 3.84907e-09
443 3.84907e-09
444 3.84907e-09
445 3.84907e-09
446 3.84907e-09
447 3.84907e-09
448 3.84907e-09
449 3.84907e-09
450 3.84907e-09
451 3.84907e-09
452 3.84907e-09
453 3.84907e-09
454 3.84907e-09
455 3.84907e-09
456 3.84907e-09
457 3.84907e-09
458 3.84907e-09
459 3.84907e-09
460 3.84907e-09
461 3.84907e-09
462 3.84907e-09
463 3.84907e-09
464 3.84907e-09
465 3.84907e-09
466 3.84907e-09
467 3.84907e-09
468 3.84907e-09
469 3.84907e-09
470 3.84907e-09
471 3.84907e-09
472 3.84907e-09
473 3.84907e-09
474 3.84907e-09
475 3.84907e-09
476 3.84907e-09
477 3.84907e-09
478 3.84907e-09
479 3.84907e-09
480 3.84907e-09
481 3.84907e-09
482 3.84907e-09
483 3.84907e-09
484 3.84907e-09
485 3.84907e-09
486 3.84907e-09
487 3.84907e-09
488 3.84907e-09
489 3.84907e-09
490 3.84907e-09
491 3.84907e-09
492 3.84907e-09
493 3.84907e-09
494 3.84907e-09
495 3.84907e-09
496 3.84907e-09
497 3.84907e-09
498 3.84907e-09
499 3.84907e-09
500 3.84907e-09
501 3.84907e-09
502 3.84907e-09
503 3.84907e-09
504 3.84907e-09
505 3.84907e-09
506 3.84907e-09
507 3.84907e-09
508 3.84907e-09
509 3.84907e-09
510 3.84907e-09
511 3.84907e-09
512 3.84907e-09
513 3.84907e-09
514 3.84907e-09
515 3.84907e-09
516 3.84907e-09
517 3.84907e-09
518 3.84907e-09
519 3.84907e-09
520 3.84907e-09
521 3.84907e-09
522 3.84907e-09
523 3.84907e-09
524 3.84907e-09
525 3.84907e-09
526 3.84907e-09
527 3.84907e-09
528 3.84907e-09
529 3.84907e-09
530 3.84907e-09
531 3.84907e-09
532 3.84907e-09
533 3.84907e-09
534 3.84907e-09
535 3.84907e-09
536 3.84907e-09
537 3.84907e-09
538 3.84907e-09
539 3.84907e-09
540 3.84907e-09
541 3.84907e-09
542 3.84907e-09
