1 2.97913e-09
2 2.97913e-09
3 2.97913e-09
4 2.97913e-09
5 2.97913e-09
6 2.97913e-09
7 2.97913e-09
8 2.97913e-09
9 2.97913e-09
10 2.97913e-09
11 2.97913e-09
12 2.97913e-09
13 2.97913e-09
14 2.97913e-09
15 2.97913e-09
16 2.97913e-09
17 2.97913e-09
18 2.97913e-09
19 2.97913e-09
20 2.97913e-09
21 2.97913e-09
22 2.97913e-09
23 2.97913e-09
24 2.97913e-09
25 2.97913e-09
26 2.97913e-09
27 2.97913e-09
28 2.97913e-09
29 2.97913e-09
30 2.97913e-09
31 2.97913e-09
32 2.97913e-09
33 2.97913e-09
34 2.97913e-09
35 2.97913e-09
36 2.97913e-09
37 2.97913e-09
38 2.97913e-09
39 2.97913e-09
40 2.97913e-09
41 2.97913e-09
42 2.97913e-09
43 2.97913e-09
44 2.97913e-09
45 2.97913e-09
46 2.97913e-09
47 2.97913e-09
48 2.97913e-09
49 2.97913e-09
50 2.97913e-09
51 2.97913e-09
52 2.97913e-09
53 2.97913e-09
54 2.97913e-09
55 2.97913e-09
56 2.97913e-09
57 2.97913e-09
58 2.97913e-09
59 2.97913e-09
60 2.97913e-09
61 2.97913e-09
62 2.97913e-09
63 2.97913e-09
64 2.97913e-09
65 2.97913e-09
66 2.97913e-09
67 2.97913e-09
68 2.97913e-09
69 2.97913e-09
70 2.97913e-09
71 2.97913e-09
72 2.97913e-09
73 2.97913e-09
74 2.97913e-09
75 2.97913e-09
76 2.97913e-09
77 2.97913e-09
78 2.97913e-09
79 2.97913e-09
80 2.97913e-09
81 2.97913e-09
82 2.97913e-09
83 2.97913e-09
84 2.97913e-09
85 2.97913e-09
86 2.97913e-09
87 2.97913e-09
88 2.97913e-09
89 2.97913e-09
90 2.97913e-09
91 2.97913e-09
92 2.97913e-09
93 2.97913e-09
94 2.97913e-09
95 2.97913e-09
96 2.97913e-09
97 2.97913e-09
98 2.97913e-09
99 2.97913e-09
100 2.97913e-09
101 2.97913e-09
102 2.97913e-09
103 2.97913e-09
104 2.97913e-09
105 2.97913e-09
106 2.97913e-09
107 2.97913e-09
108 2.97913e-09
109 2.97913e-09
110 2.97913e-09
111 2.97913e-09
112 2.97913e-09
113 2.97913e-09
114 2.97913e-09
115 2.97913e-09
116 2.97913e-09
117 2.97913e-09
118 2.97913e-09
119 2.97913e-09
120 2.97913e-09
121 2.97913e-09
122 2.97913e-09
123 2.97913e-09
124 2.97913e-09
125 2.97913e-09
126 2.97913e-09
127 2.97913e-09
128 2.97913e-09
129 2.97913e-09
130 2.97913e-09
131 2.97913e-09
132 2.97913e-09
133 2.97913e-09
134 2.97913e-09
135 2.97913e-09
136 2.97913e-09
137 2.97913e-09
138 2.97913e-09
139 2.97913e-09
140 2.97913e-09
141 2.97913e-09
142 2.97913e-09
143 2.97913e-09
144 2.97913e-09
145 2.97913e-09
146 2.97913e-09
147 2.97913e-09
148 2.97913e-09
149 2.97913e-09
150 2.97913e-09
151 2.97913e-09
152 2.97913e-09
153 2.97913e-09
154 2.97913e-09
155 2.97913e-09
156 2.97913e-09
157 2.97913e-09
158 2.97913e-09
159 2.97913e-09
160 2.97913e-09
161 2.97913e-09
162 2.97913e-09
163 2.97913e-09
164 2.97913e-09
165 2.97913e-09
166 2.97913e-09
167 2.97913e-09
168 2.97913e-09
169 2.97913e-09
170 2.97913e-09
171 2.97913e-09
172 2.97913e-09
173 2.97913e-09
174 2.97913e-09
175 2.97913e-09
176 2.97913e-09
177 2.97913e-09
178 2.97913e-09
179 2.97913e-09
180 2.97913e-09
181 2.97913e-09
182 2.97913e-09
183 2.97913e-09
184 2.97913e-09
185 2.97913e-09
186 2.97913e-09
187 2.97913e-09
188 2.97913e-09
189 2.97913e-09
190 2.97913e-09
191 2.97913e-09
192 2.97913e-09
193 2.97913e-09
194 2.97913e-09
195 2.97913e-09
196 2.97913e-09
197 2.97913e-09
198 2.97913e-09
199 2.97913e-09
200 2.97913e-09
201 2.97913e-09
202 2.97913e-09
203 2.97913e-09
204 2.97913e-09
205 2.97913e-09
206 2.97913e-09
207 2.97913e-09
208 2.97913e-09
209 2.97913e-09
210 2.97913e-09
211 2.97913e-09
212 2.97913e-09
213 2.97913e-09
214 2.97913e-09
215 2.97913e-09
216 2.97913e-09
217 2.97913e-09
218 2.97913e-09
219 2.97913e-09
220 2.97913e-09
221 2.97913e-09
222 2.97913e-09
223 2.97913e-09
224 2.97913e-09
225 2.97913e-09
226 2.97913e-09
227 2.97913e-09
228 2.97913e-09
229 2.97913e-09
230 2.97913e-09
231 2.97913e-09
232 2.97913e-09
233 2.97913e-09
234 2.97913e-09
235 2.97913e-09
236 2.97913e-09
237 3.31329e-09
238 5.95025e-09
239 1.66165e-08
240 4.87078e-08
241 1.49161e-07
242 4.6843e-07
243 1.51108e-06
244 4.97103e-06
245 1.65391e-05
246 5.53037e-05
247 0.000185316
248 0.000621981
249 0.00209187
250 0.00704918
251 0.0237624
252 0.0340187
253 0.0402517
254 0.0606587
255 0.0726289
256 0.110113
257 0.130998
258 0.142303
259 0.174833
260 0.265842
261 0.514022
262 0.635055
263 0.693046
264 0.843182
265 0.913628
266 0.946438
267 0.961451
268 0.967743
269 0.968943
270 0.975884
271 0.977005
272 0.972839
273 0.973697
274 0.979823
275 0.980069
276 0.975199
277 0.961741
278 0.929572
279 0.855036
280 0.686009
281 0.617662
282 0.470724
283 0.414779
284 0.302057
285 0.261918
286 0.248097
287 0.222884
288 0.17827
289 0.101443
290 0.0778053
291 0.0387268
292 0.0270503
293 0.00806288
294 0.00241407
295 0.000726096
296 0.000218976
297 6.60438e-05
298 1.98876e-05
299 5.98309e-06
300 1.80487e-06
301 5.48991e-07
302 1.69088e-07
303 5.27298e-08
304 1.69691e-08
305 5.96111e-09
306 3.31329e-09
307 2.97913e-09
308 2.97913e-09
309 2.97913e-09
310 2.97913e-09
311 2.97913e-09
312 2.97913e-09
313 2.97913e-09
314 2.97913e-09
315 2.97913e-09
316 2.97913e-09
317 2.97913e-09
318 2.97913e-09
319 2.97913e-09
320 2.97913e-09
321 2.97913e-09
322 2.97913e-09
323 2.97913e-09
324 2.97913e-09
325 2.97913e-09
326 2.97913e-09
327 2.97913e-09
328 2.97913e-09
329 2.97913e-09
330 2.97913e-09
331 2.97913e-09
332 2.97913e-09
333 2.97913e-09
334 2.97913e-09
335 2.97913e-09
336 2.97913e-09
337 2.97913e-09
338 2.97913e-09
339 2.97913e-09
340 2.97913e-09
341 2.97913e-09
342 2.97913e-09
343 2.97913e-09
344 2.97913e-09
345 2.97913e-09
346 2.97913e-09
347 2.97913e-09
348 2.97913e-09
349 2.97913e-09
350 2.97913e-09
351 2.97913e-09
352 2.97913e-09
353 2.97913e-09
354 2.97913e-09
355 2.97913e-09
356 2.97913e-09
357 2.97913e-09
358 2.97913e-09
359 2.97913e-09
360 2.97913e-09
361 2.97913e-09
362 2.97913e-09
363 2.97913e-09
364 2.97913e-09
365 2.97913e-09
366 2.97913e-09
367 2.97913e-09
368 2.97913e-09
369 2.97913e-09
370 2.97913e-09
371 2.97913e-09
372 2.97913e-09
373 2.97913e-09
374 2.97913e-09
375 2.97913e-09
376 2.97913e-09
377 2.97913e-09
378 2.97913e-09
379 2.97913e-09
380 2.97913e-09
381 2.97913e-09
382 2.97913e-09
383 2.97913e-09
384 2.97913e-09
385 2.97913e-09
386 2.97913e-09
387 2.97913e-09
388 2.97913e-09
389 2.97913e-09
390 2.97913e-09
391 2.97913e-09
392 2.97913e-09
393 2.97913e-09
394 2.97913e-09
395 2.97913e-09
396 2.97913e-09
397 2.97913e-09
398 2.97913e-09
399 2.97913e-09
400 2.97913e-09
401 2.97913e-09
402 2.97913e-09
403 2.97913e-09
404 2.97913e-09
405 2.97913e-09
406 2.97913e-09
407 2.97913e-09
408 2.97913e-09
409 2.97913e-09
410 2.97913e-09
411 2.97913e-09
412 2.97913e-09
413 2.97913e-09
414 2.97913e-09
415 2.97913e-09
416 2.97913e-09
417 2.97913e-09
418 2.97913e-09
419 2.97913e-09
420 2.97913e-09
421 2.97913e-09
422 2.97913e-09
423 2.97913e-09
424 2.97913e-09
425 2.97913e-09
426 2.97913e-09
427 2.97913e-09
428 2.97913e-09
429 2.97913e-09
430 2.97913e-09
431 2.97913e-09
432 2.97913e-09
433 2.97913e-09
434 2.97913e-09
435 2.97913e-09
436 2.97913e-09
437 2.97913e-09
438 2.97913e-09
439 2.97913e-09
440 2.97913e-09
441 2.97913e-09
442 2.97913e-09
443 2.97913e-09
444 2.97913e-09
445 2.97913e-09
446 2.97913e-09
447 2.97913e-09
448 2.97913e-09
449 2.97913e-09
450 2.97913e-09
451 2.97913e-09
452 2.97913e-09
453 2.97913e-09
454 2.97913e-09
455 2.97913e-09
456 2.97913e-09
457 2.97913e-09
458 2.97913e-09
459 2.97913e-09
460 2.97913e-09
461 2.97913e-09
462 2.97913e-09
463 2.97913e-09
464 2.97913e-09
465 2.97913e-09
466 2.97913e-09
467 2.97913e-09
468 2.97913e-09
469 2.97913e-09
470 2.97913e-09
471 2.97913e-09
472 2.97913e-09
473 2.97913e-09
474 2.97913e-09
475 2.97913e-09
476 2.97913e-09
477 2.97913e-09
478 2.97913e-09
479 2.97913e-09
480 2.97913e-09
481 2.97913e-09
482 2.97913e-09
483 2.97913e-09
484 2.97913e-09
485 2.97913e-09
486 2.97913e-09
487 2.97913e-09
488 2.97913e-09
489 2.97913e-09
490 2.97913e-09
491 2.97913e-09
492 2.97913e-09
493 2.97913e-09
494 2.97913e-09
495 2.97913e-09
496 2.97913e-09
497 2.97913e-09
498 2.97913e-09
499 2.97913e-09
500 2.97913e-09
501 2.97913e-09
502 2.97913e-09
503 2.97913e-09
504 2.97913e-09
505 2.97913e-09
506 2.97913e-09
507 2.97913e-09
508 2.97913e-09
509 2.97913e-09
510 2.97913e-09
511 2.97913e-09
512 2.97913e-09
513 2.97913e-09
514 2.97913e-09
515 2.97913e-09
516 2.97913e-09
517 2.97913e-09
518 2.97913e-09
519 2.97913e-09
520 2.97913e-09
521 2.97913e-09
522 2.97913e-09
523 2.97913e-09
524 2.97913e-09
525 2.97913e-09
526 2.97913e-09
527 2.97913e-09
528 2.97913e-09
529 2.97913e-09
530 2.97913e-09
531 2.97913e-09
532 2.97913e-09
533 2.97913e-09
534 2.97913e-09
535 2.97913e-09
536 2.97913e-09
537 2.97913e-09
538 2.97913e-09
539 2.97913e-09
540 2.97913e-09
541 2.97913e-09
542 2.97913e-09
