1 4.87597e-08
2 4.87597e-08
3 4.87597e-08
4 4.87597e-08
5 4.87597e-08
6 4.87597e-08
7 4.87597e-08
8 4.87597e-08
9 4.87597e-08
10 4.87597e-08
11 4.87597e-08
12 4.87597e-08
13 4.87597e-08
14 4.87597e-08
15 4.87597e-08
16 4.87597e-08
17 4.87597e-08
18 4.87597e-08
19 4.87597e-08
20 4.87597e-08
21 4.87597e-08
22 4.87597e-08
23 4.87597e-08
24 4.87597e-08
25 4.87597e-08
26 4.87597e-08
27 4.87597e-08
28 4.87597e-08
29 4.87597e-08
30 4.87597e-08
31 4.87597e-08
32 4.87597e-08
33 4.87597e-08
34 4.87597e-08
35 4.87597e-08
36 4.87597e-08
37 4.87597e-08
38 4.87597e-08
39 4.87597e-08
40 4.87597e-08
41 4.87597e-08
42 4.87597e-08
43 4.87597e-08
44 4.87597e-08
45 4.87597e-08
46 4.87597e-08
47 4.87597e-08
48 4.87597e-08
49 4.87597e-08
50 4.87597e-08
51 4.87597e-08
52 4.87597e-08
53 4.87597e-08
54 4.87597e-08
55 4.87597e-08
56 4.87597e-08
57 4.87597e-08
58 4.87597e-08
59 4.87597e-08
60 4.87597e-08
61 4.87597e-08
62 4.87597e-08
63 4.87597e-08
64 4.87597e-08
65 4.87597e-08
66 4.87597e-08
67 4.87597e-08
68 4.87597e-08
69 4.87597e-08
70 4.87597e-08
71 4.87597e-08
72 4.87597e-08
73 4.87597e-08
74 4.87597e-08
75 4.87597e-08
76 4.87597e-08
77 4.87597e-08
78 4.87597e-08
79 4.87597e-08
80 4.87597e-08
81 4.87597e-08
82 4.87597e-08
83 4.87597e-08
84 4.87597e-08
85 4.87597e-08
86 4.87597e-08
87 4.87597e-08
88 4.87597e-08
89 4.87597e-08
90 4.87597e-08
91 4.87597e-08
92 4.87597e-08
93 4.87597e-08
94 4.87597e-08
95 4.87597e-08
96 4.87597e-08
97 4.87597e-08
98 4.87597e-08
99 4.87597e-08
100 4.87597e-08
101 4.87597e-08
102 4.87597e-08
103 4.87597e-08
104 4.87597e-08
105 4.87597e-08
106 4.87597e-08
107 4.87597e-08
108 4.87597e-08
109 4.87597e-08
110 4.87597e-08
111 4.87597e-08
112 4.87597e-08
113 4.87597e-08
114 4.87597e-08
115 4.87597e-08
116 4.87597e-08
117 4.87597e-08
118 4.87597e-08
119 4.87597e-08
120 4.87597e-08
121 4.87597e-08
122 4.87597e-08
123 4.87597e-08
124 4.87597e-08
125 4.87597e-08
126 4.87597e-08
127 4.87597e-08
128 4.87597e-08
129 4.87597e-08
130 4.87597e-08
131 4.87597e-08
132 4.87597e-08
133 4.87597e-08
134 4.87597e-08
135 4.87597e-08
136 4.87597e-08
137 4.87597e-08
138 4.87597e-08
139 4.87597e-08
140 4.87597e-08
141 4.87597e-08
142 4.87597e-08
143 4.87597e-08
144 4.87597e-08
145 4.87597e-08
146 4.87597e-08
147 4.87597e-08
148 4.87597e-08
149 4.87597e-08
150 4.87597e-08
151 4.87597e-08
152 4.87597e-08
153 4.87597e-08
154 4.87597e-08
155 4.87597e-08
156 4.87597e-08
157 4.87597e-08
158 4.87597e-08
159 4.87597e-08
160 4.87597e-08
161 4.87597e-08
162 4.87597e-08
163 4.87597e-08
164 4.87597e-08
165 4.87597e-08
166 4.87597e-08
167 4.87597e-08
168 4.87597e-08
169 4.87597e-08
170 4.87597e-08
171 4.87597e-08
172 4.87597e-08
173 4.87597e-08
174 4.87597e-08
175 4.87597e-08
176 4.87597e-08
177 4.87597e-08
178 4.87597e-08
179 4.87597e-08
180 4.87597e-08
181 4.87597e-08
182 4.87597e-08
183 4.87597e-08
184 4.87597e-08
185 4.87597e-08
186 4.87597e-08
187 4.87597e-08
188 4.87597e-08
189 4.87597e-08
190 4.87597e-08
191 4.87597e-08
192 4.87597e-08
193 4.87597e-08
194 4.87597e-08
195 4.87597e-08
196 4.87597e-08
197 4.87597e-08
198 4.87597e-08
199 4.87597e-08
200 4.87597e-08
201 4.87597e-08
202 4.87597e-08
203 4.87597e-08
204 4.87597e-08
205 4.87597e-08
206 4.87597e-08
207 4.87597e-08
208 4.87597e-08
209 4.87597e-08
210 4.87597e-08
211 4.87597e-08
212 4.87597e-08
213 4.87597e-08
214 4.87597e-08
215 4.87597e-08
216 4.87597e-08
217 4.87597e-08
218 4.87597e-08
219 4.87597e-08
220 4.87597e-08
221 4.87597e-08
222 4.87597e-08
223 4.87597e-08
224 4.87597e-08
225 4.87597e-08
226 4.87597e-08
227 4.87597e-08
228 4.87597e-08
229 4.87597e-08
230 4.87597e-08
231 4.87597e-08
232 4.87597e-08
233 4.87597e-08
234 4.87597e-08
235 4.87597e-08
236 4.87597e-08
237 4.87597e-08
238 4.87597e-08
239 4.87597e-08
240 4.87597e-08
241 4.87597e-08
242 4.87597e-08
243 4.87597e-08
244 4.87597e-08
245 4.87597e-08
246 6.66032e-08
247 1.50978e-07
248 3.81143e-07
249 1.03172e-06
250 2.77881e-06
251 7.41897e-06
252 9.51888e-06
253 1.00227e-05
254 1.31752e-05
255 1.41186e-05
256 2.02601e-05
257 2.29386e-05
258 2.19652e-05
259 2.89272e-05
260 5.66753e-05
261 0.00015136
262 0.000208881
263 0.000243172
264 0.000364193
265 0.000438339
266 0.000481517
267 0.000501497
268 0.00049901
269 0.000466303
270 0.000481675
271 0.000466432
272 0.000412818
273 0.000417574
274 0.000481591
275 0.000504046
276 0.000500331
277 0.000475105
278 0.000425584
279 0.000342044
280 0.000205623
281 0.000166776
282 0.000100514
283 8.23479e-05
284 4.94168e-05
285 4.14297e-05
286 4.34481e-05
287 4.04181e-05
288 3.29803e-05
289 1.98244e-05
290 1.61496e-05
291 9.08566e-06
292 6.89415e-06
293 2.39893e-06
294 8.30977e-07
295 2.83865e-07
296 1.07016e-07
297 5.42387e-08
298 4.87597e-08
299 4.87597e-08
300 4.87597e-08
301 4.87597e-08
302 4.87597e-08
303 4.87597e-08
304 4.87597e-08
305 4.87597e-08
306 4.87597e-08
307 4.87597e-08
308 4.87597e-08
309 4.87597e-08
310 4.87597e-08
311 4.87597e-08
312 4.87597e-08
313 4.87597e-08
314 4.87597e-08
315 4.87597e-08
316 4.87597e-08
317 4.87597e-08
318 4.87597e-08
319 4.87597e-08
320 4.87597e-08
321 4.87597e-08
322 4.87597e-08
323 4.87597e-08
324 4.87597e-08
325 4.87597e-08
326 4.87597e-08
327 4.87597e-08
328 4.87597e-08
329 4.87597e-08
330 4.87597e-08
331 4.87597e-08
332 4.87597e-08
333 4.87597e-08
334 4.87597e-08
335 4.87597e-08
336 4.87597e-08
337 4.87597e-08
338 4.87597e-08
339 4.87597e-08
340 4.87597e-08
341 4.87597e-08
342 4.87597e-08
343 4.87597e-08
344 4.87597e-08
345 4.87597e-08
346 4.87597e-08
347 4.87597e-08
348 4.87597e-08
349 4.87597e-08
350 4.87597e-08
351 4.87597e-08
352 4.87597e-08
353 4.87597e-08
354 4.87597e-08
355 4.87597e-08
356 4.87597e-08
357 4.87597e-08
358 4.87597e-08
359 4.87597e-08
360 4.87597e-08
361 4.87597e-08
362 4.87597e-08
363 4.87597e-08
364 4.87597e-08
365 4.87597e-08
366 4.87597e-08
367 4.87597e-08
368 4.87597e-08
369 4.87597e-08
370 4.87597e-08
371 4.87597e-08
372 4.87597e-08
373 4.87597e-08
374 4.87597e-08
375 4.87597e-08
376 4.87597e-08
377 4.87597e-08
378 4.87597e-08
379 4.87597e-08
380 4.87597e-08
381 4.87597e-08
382 4.87597e-08
383 4.87597e-08
384 4.87597e-08
385 4.87597e-08
386 4.87597e-08
387 4.87597e-08
388 4.87597e-08
389 4.87597e-08
390 4.87597e-08
391 4.87597e-08
392 4.87597e-08
393 4.87597e-08
394 4.87597e-08
395 4.87597e-08
396 4.87597e-08
397 4.87597e-08
398 4.87597e-08
399 4.87597e-08
400 4.87597e-08
401 4.87597e-08
402 4.87597e-08
403 4.87597e-08
404 4.87597e-08
405 4.87597e-08
406 4.87597e-08
407 4.87597e-08
408 4.87597e-08
409 4.87597e-08
410 4.87597e-08
411 4.87597e-08
412 4.87597e-08
413 4.87597e-08
414 4.87597e-08
415 4.87597e-08
416 4.87597e-08
417 4.87597e-08
418 4.87597e-08
419 4.87597e-08
420 4.87597e-08
421 4.87597e-08
422 4.87597e-08
423 4.87597e-08
424 4.87597e-08
425 4.87597e-08
426 4.87597e-08
427 4.87597e-08
428 4.87597e-08
429 4.87597e-08
430 4.87597e-08
431 4.87597e-08
432 4.87597e-08
433 4.87597e-08
434 4.87597e-08
435 4.87597e-08
436 4.87597e-08
437 4.87597e-08
438 4.87597e-08
439 4.87597e-08
440 4.87597e-08
441 4.87597e-08
442 4.87597e-08
443 4.87597e-08
444 4.87597e-08
445 4.87597e-08
446 4.87597e-08
447 4.87597e-08
448 4.87597e-08
449 4.87597e-08
450 4.87597e-08
451 4.87597e-08
452 4.87597e-08
453 4.87597e-08
454 4.87597e-08
455 4.87597e-08
456 4.87597e-08
457 4.87597e-08
458 4.87597e-08
459 4.87597e-08
460 4.87597e-08
461 4.87597e-08
462 4.87597e-08
463 4.87597e-08
464 4.87597e-08
465 4.87597e-08
466 4.87597e-08
467 4.87597e-08
468 4.87597e-08
469 4.87597e-08
470 4.87597e-08
471 4.87597e-08
472 4.87597e-08
473 4.87597e-08
474 4.87597e-08
475 4.87597e-08
476 4.87597e-08
477 4.87597e-08
478 4.87597e-08
479 4.87597e-08
480 4.87597e-08
481 4.87597e-08
482 4.87597e-08
483 4.87597e-08
484 4.87597e-08
485 4.87597e-08
486 4.87597e-08
487 4.87597e-08
488 4.87597e-08
489 4.87597e-08
490 4.87597e-08
491 4.87597e-08
492 4.87597e-08
493 4.87597e-08
494 4.87597e-08
495 4.87597e-08
496 4.87597e-08
497 4.87597e-08
498 4.87597e-08
499 4.87597e-08
500 4.87597e-08
501 4.87597e-08
502 4.87597e-08
503 4.87597e-08
504 4.87597e-08
505 4.87597e-08
506 4.87597e-08
507 4.87597e-08
508 4.87597e-08
509 4.87597e-08
510 4.87597e-08
511 4.87597e-08
512 4.87597e-08
513 4.87597e-08
514 4.87597e-08
515 4.87597e-08
516 4.87597e-08
517 4.87597e-08
518 4.87597e-08
519 4.87597e-08
520 4.87597e-08
521 4.87597e-08
522 4.87597e-08
523 4.87597e-08
524 4.87597e-08
525 4.87597e-08
526 4.87597e-08
527 4.87597e-08
528 4.87597e-08
529 4.87597e-08
530 4.87597e-08
531 4.87597e-08
532 4.87597e-08
533 4.87597e-08
534 4.87597e-08
535 4.87597e-08
536 4.87597e-08
537 4.87597e-08
538 4.87597e-08
539 4.87597e-08
540 4.87597e-08
541 4.87597e-08
542 4.87597e-08
