1 11.9877
2 11.9877
3 11.9877
4 11.9877
5 11.9877
6 11.9877
7 11.9877
8 11.9877
9 11.9877
10 11.9877
11 11.9877
12 11.9877
13 11.9877
14 11.9877
15 11.9877
16 11.9877
17 11.9877
18 11.9877
19 11.9877
20 11.9877
21 11.9877
22 11.9877
23 11.9877
24 11.9877
25 11.9877
26 11.9877
27 11.9877
28 11.9877
29 11.9877
30 11.9877
31 11.9877
32 11.9877
33 11.9877
34 11.9877
35 11.9877
36 11.9877
37 11.9877
38 11.9877
39 11.9877
40 11.9877
41 11.9877
42 11.9877
43 11.9877
44 11.9877
45 11.9877
46 11.9877
47 11.9877
48 11.9877
49 11.9877
50 11.9877
51 11.9877
52 11.9877
53 11.9877
54 11.9877
55 11.9877
56 11.9877
57 11.9877
58 11.9877
59 11.9877
60 11.9877
61 11.9877
62 11.9877
63 11.9877
64 11.9877
65 11.9877
66 11.9877
67 11.9877
68 11.9877
69 11.9877
70 11.9877
71 11.9877
72 11.9878
73 11.9881
74 11.989
75 11.9913
76 11.9954
77 12
78 11.9894
79 11.8905
80 11.51
81 10.7009
82 9.70116
83 8.80582
84 8.06634
85 7.44109
86 6.89502
87 6.4091
88 5.97318
89 5.58107
90 5.22838
91 4.91196
92 4.63007
93 4.38244
94 4.16996
95 3.99376
96 3.85396
97 3.74859
98 3.67328
99 3.62184
100 3.58754
101 3.56446
102 3.58836
103 3.61122
104 3.633
105 3.65373
106 3.662
107 3.67019
108 3.67239
109 3.67239
110 3.67019
111 3.662
112 3.64157
113 3.62017
114 3.59782
115 3.62552
116 3.66554
117 3.72386
118 3.8068
119 3.91928
120 4.06301
121 4.23589
122 4.4329
123 4.64878
124 4.88076
125 5.13016
126 5.40176
127 5.70202
128 6.0373
129 6.41305
130 6.83431
131 7.30742
132 7.84368
133 8.46605
134 9.21521
135 10.1218
136 11.0645
137 11.7098
138 11.953
139 11.999
140 11.9974
141 11.992
142 11.989
143 11.9879
144 11.9877
145 11.9877
146 11.9877
147 11.9877
148 11.9877
149 11.9877
150 11.9877
151 11.9877
152 11.9877
153 11.9877
154 11.9877
155 11.9877
156 11.9877
157 11.9877
158 11.9877
159 11.9877
160 11.9877
161 11.9877
162 11.9877
163 11.9877
164 11.9877
165 11.9877
166 11.9877
167 11.9877
168 11.9877
169 11.9877
170 11.9877
171 11.9877
172 11.9877
173 11.9877
174 11.9877
175 11.9877
176 11.9877
177 11.9877
178 11.9877
179 11.9877
180 11.9877
181 11.9877
182 11.9877
183 11.9877
184 11.9877
185 11.9877
186 11.9877
187 11.9877
188 11.9877
189 11.9877
190 11.9877
191 11.9877
192 11.9877
193 11.9877
194 11.9877
195 11.9877
196 11.9877
197 11.9877
198 11.9877
199 11.9877
200 11.9877
201 11.9877
202 11.9877
203 11.9877
204 11.9877
205 11.9877
206 11.9877
207 11.9877
208 11.9877
209 11.9877
210 11.9877
211 11.9877
212 11.9877
213 11.9877
214 11.9877
