1 11.9877
2 11.9877
3 11.9877
4 11.9877
5 11.9877
6 11.9877
7 11.9877
8 11.9877
9 11.9877
10 11.9877
11 11.9877
12 11.9877
13 11.9877
14 11.9877
15 11.9877
16 11.9877
17 11.9877
18 11.9877
19 11.9877
20 11.9877
21 11.9877
22 11.9877
23 11.9877
24 11.9877
25 11.9877
26 11.9877
27 11.9877
28 11.9877
29 11.9877
30 11.9877
31 11.9877
32 11.9877
33 11.9877
34 11.9877
35 11.9877
36 11.9877
37 11.9877
38 11.9877
39 11.9877
40 11.9877
41 11.9877
42 11.9877
43 11.9877
44 11.9877
45 11.9877
46 11.9877
47 11.9877
48 11.9877
49 11.9877
50 11.9877
51 11.9877
52 11.9877
53 11.9877
54 11.9877
55 11.9877
56 11.9877
57 11.9877
58 11.9877
59 11.9877
60 11.9877
61 11.9877
62 11.9877
63 11.9877
64 11.9877
65 11.9877
66 11.9877
67 11.9877
68 11.9877
69 11.9877
70 11.9877
71 11.9877
72 11.9879
73 11.9881
74 11.9888
75 11.9908
76 11.9946
77 11.9996
78 11.9943
79 11.9201
80 11.603
81 10.8592
82 9.8653
83 8.94437
84 8.18163
85 7.54019
86 6.98235
87 6.48702
88 6.04308
89 5.6439
90 5.28485
91 4.96256
92 4.67501
93 4.42171
94 4.20341
95 4.02131
96 3.87578
97 3.76524
98 3.68564
99 3.63099
100 3.59451
101 3.57006
102 3.59437
103 3.61762
104 3.63976
105 3.66082
106 3.66923
107 3.67757
108 3.67981
109 3.67981
110 3.67757
111 3.66923
112 3.6485
113 3.62676
114 3.60406
115 3.63329
116 3.67568
117 3.73738
118 3.82466
119 3.94205
120 4.0907
121 4.26788
122 4.46833
123 4.68694
124 4.92155
125 5.17412
126 5.44991
127 5.7555
128 6.09715
129 6.48021
130 6.90973
131 7.3925
132 7.9411
133 8.58102
134 9.35498
135 10.2823
136 11.2002
137 11.7741
138 11.9687
139 12
140 11.9964
141 11.9913
142 11.9887
143 11.9879
144 11.9877
145 11.9877
146 11.9877
147 11.9877
148 11.9877
149 11.9877
150 11.9877
151 11.9877
152 11.9877
153 11.9877
154 11.9877
155 11.9877
156 11.9877
157 11.9877
158 11.9877
159 11.9877
160 11.9877
161 11.9877
162 11.9877
163 11.9877
164 11.9877
165 11.9877
166 11.9877
167 11.9877
168 11.9877
169 11.9877
170 11.9877
171 11.9877
172 11.9877
173 11.9877
174 11.9877
175 11.9877
176 11.9877
177 11.9877
178 11.9877
179 11.9877
180 11.9877
181 11.9877
182 11.9877
183 11.9877
184 11.9877
185 11.9877
186 11.9877
187 11.9877
188 11.9877
189 11.9877
190 11.9877
191 11.9877
192 11.9877
193 11.9877
194 11.9877
195 11.9877
196 11.9877
197 11.9877
198 11.9877
199 11.9877
200 11.9877
201 11.9877
202 11.9877
203 11.9877
204 11.9877
205 11.9877
206 11.9877
207 11.9877
208 11.9877
209 11.9877
210 11.9877
211 11.9877
212 11.9877
213 11.9877
214 11.9877
