1 11.9362
2 11.9362
3 11.9362
4 11.9362
5 11.9362
6 11.9362
7 11.9362
8 11.9362
9 11.9362
10 11.9362
11 11.9362
12 11.9362
13 11.9362
14 11.9362
15 11.9362
16 11.9362
17 11.9362
18 11.9362
19 11.9362
20 11.9362
21 11.9362
22 11.9362
23 11.9362
24 11.9362
25 11.9362
26 11.9362
27 11.9362
28 11.9362
29 11.9362
30 11.9362
31 11.9362
32 11.9362
33 11.9362
34 11.9362
35 11.9362
36 11.9362
37 11.9362
38 11.9362
39 11.9362
40 11.9362
41 11.9362
42 11.9362
43 11.9362
44 11.9362
45 11.9362
46 11.9362
47 11.9362
48 11.9362
49 11.9362
50 11.9362
51 11.9362
52 11.9362
53 11.9362
54 11.9362
55 11.9362
56 11.9362
57 11.9362
58 11.9362
59 11.9362
60 11.9362
61 11.9362
62 11.9362
63 11.9362
64 11.9362
65 11.9362
66 11.9362
67 11.9362
68 11.9362
69 11.9362
70 11.9362
71 11.9362
72 11.9362
73 11.9362
74 11.9362
75 11.9362
76 11.9362
77 11.9362
78 11.9362
79 11.9362
80 11.9362
81 11.9362
82 11.9362
83 11.9362
84 11.9362
85 11.9362
86 11.9362
87 11.9362
88 11.9362
89 11.9362
90 11.9362
91 11.9403
92 11.9476
93 11.9551
94 11.9634
95 11.9159
96 11.6936
97 11.1472
98 10.3266
99 9.44168
100 8.61814
101 7.8833
102 7.88575
103 7.67313
104 7.27814
105 6.83784
106 6.86932
107 6.83426
108 6.86674
109 6.87434
110 6.85052
111 6.8147
112 7.01295
113 7.09074
114 7.05184
115 7.59837
116 8.2105
117 8.89653
118 9.67127
119 10.5399
120 11.3908
121 11.9013
122 12
123 11.9661
124 11.9403
125 11.9362
126 11.9362
127 11.9362
128 11.9362
129 11.9362
130 11.9362
131 11.9362
132 11.9362
133 11.9362
134 11.9362
135 11.9362
136 11.9362
137 11.9362
138 11.9362
139 11.9362
140 11.9362
141 11.9362
142 11.9362
143 11.9362
144 11.9362
145 11.9362
146 11.9362
147 11.9362
148 11.9362
149 11.9362
150 11.9362
151 11.9362
152 11.9362
153 11.9362
154 11.9362
155 11.9362
156 11.9362
157 11.9362
158 11.9362
159 11.9362
160 11.9362
161 11.9362
162 11.9362
163 11.9362
164 11.9362
165 11.9362
166 11.9362
167 11.9362
168 11.9362
169 11.9362
170 11.9362
171 11.9362
172 11.9362
173 11.9362
174 11.9362
175 11.9362
176 11.9362
177 11.9362
178 11.9362
179 11.9362
180 11.9362
181 11.9362
182 11.9362
183 11.9362
184 11.9362
185 11.9362
186 11.9362
187 11.9362
188 11.9362
189 11.9362
190 11.9362
191 11.9362
192 11.9362
193 11.9362
194 11.9362
195 11.9362
196 11.9362
197 11.9362
198 11.9362
199 11.9362
200 11.9362
201 11.9362
202 11.9362
203 11.9362
204 11.9362
205 11.9362
206 11.9362
207 11.9362
208 11.9362
209 11.9362
210 11.9362
211 11.9362
212 11.9362
213 11.9362
214 11.9362
