1 11.9246
2 11.9246
3 11.9246
4 11.9246
5 11.9246
6 11.9246
7 11.9246
8 11.9246
9 11.9246
10 11.9246
11 11.9246
12 11.9246
13 11.9246
14 11.9246
15 11.9246
16 11.9246
17 11.9246
18 11.9246
19 11.9246
20 11.9246
21 11.9246
22 11.9246
23 11.9246
24 11.9246
25 11.9246
26 11.9246
27 11.9246
28 11.9246
29 11.9246
30 11.9246
31 11.9246
32 11.9246
33 11.9246
34 11.9246
35 11.9246
36 11.9246
37 11.9246
38 11.9246
39 11.9246
40 11.9246
41 11.9246
42 11.9246
43 11.9246
44 11.9246
45 11.9246
46 11.9246
47 11.9246
48 11.9246
49 11.9246
50 11.9246
51 11.9246
52 11.9246
53 11.9246
54 11.9246
55 11.9246
56 11.9246
57 11.9246
58 11.9246
59 11.9246
60 11.9246
61 11.9246
62 11.9246
63 11.9246
64 11.9246
65 11.9246
66 11.9246
67 11.9246
68 11.9246
69 11.9246
70 11.9246
71 11.9246
72 11.9246
73 11.9246
74 11.9246
75 11.9246
76 11.9246
77 11.9246
78 11.9246
79 11.9246
80 11.9246
81 11.9246
82 11.9246
83 11.9246
84 11.9246
85 11.9246
86 11.9246
87 11.9246
88 11.9246
89 11.9246
90 11.9246
91 11.9246
92 11.9307
93 11.9441
94 11.9532
95 11.9554
96 11.8635
97 11.5429
98 10.8987
99 10.05
100 9.18387
101 8.38821
102 8.36854
103 8.09893
104 7.63312
105 7.13586
106 7.16464
107 7.11126
108 7.14472
109 7.15339
110 7.12886
111 7.09652
112 7.34708
113 7.45724
114 7.42527
115 8.01711
116 8.67827
117 9.41875
118 10.2484
119 11.1204
120 11.7859
121 12
122 11.9719
123 11.9307
124 11.9246
125 11.9246
126 11.9246
127 11.9246
128 11.9246
129 11.9246
130 11.9246
131 11.9246
132 11.9246
133 11.9246
134 11.9246
135 11.9246
136 11.9246
137 11.9246
138 11.9246
139 11.9246
140 11.9246
141 11.9246
142 11.9246
143 11.9246
144 11.9246
145 11.9246
146 11.9246
147 11.9246
148 11.9246
149 11.9246
150 11.9246
151 11.9246
152 11.9246
153 11.9246
154 11.9246
155 11.9246
156 11.9246
157 11.9246
158 11.9246
159 11.9246
160 11.9246
161 11.9246
162 11.9246
163 11.9246
164 11.9246
165 11.9246
166 11.9246
167 11.9246
168 11.9246
169 11.9246
170 11.9246
171 11.9246
172 11.9246
173 11.9246
174 11.9246
175 11.9246
176 11.9246
177 11.9246
178 11.9246
179 11.9246
180 11.9246
181 11.9246
182 11.9246
183 11.9246
184 11.9246
185 11.9246
186 11.9246
187 11.9246
188 11.9246
189 11.9246
190 11.9246
191 11.9246
192 11.9246
193 11.9246
194 11.9246
195 11.9246
196 11.9246
197 11.9246
198 11.9246
199 11.9246
200 11.9246
201 11.9246
202 11.9246
203 11.9246
204 11.9246
205 11.9246
206 11.9246
207 11.9246
208 11.9246
209 11.9246
210 11.9246
211 11.9246
212 11.9246
213 11.9246
214 11.9246
