1 11.916
2 11.916
3 11.916
4 11.916
5 11.916
6 11.916
7 11.916
8 11.916
9 11.916
10 11.916
11 11.916
12 11.916
13 11.916
14 11.916
15 11.916
16 11.916
17 11.916
18 11.916
19 11.916
20 11.916
21 11.916
22 11.916
23 11.916
24 11.916
25 11.916
26 11.916
27 11.916
28 11.916
29 11.916
30 11.916
31 11.916
32 11.916
33 11.916
34 11.916
35 11.916
36 11.916
37 11.916
38 11.916
39 11.916
40 11.916
41 11.916
42 11.916
43 11.916
44 11.916
45 11.916
46 11.916
47 11.916
48 11.916
49 11.916
50 11.916
51 11.916
52 11.916
53 11.916
54 11.916
55 11.916
56 11.916
57 11.916
58 11.916
59 11.916
60 11.916
61 11.916
62 11.916
63 11.916
64 11.916
65 11.916
66 11.916
67 11.916
68 11.916
69 11.916
70 11.916
71 11.916
72 11.916
73 11.916
74 11.916
75 11.916
76 11.916
77 11.916
78 11.916
79 11.916
80 11.916
81 11.916
82 11.916
83 11.916
84 11.916
85 11.916
86 11.916
87 11.916
88 11.916
89 11.916
90 11.916
91 11.916
92 11.916
93 11.9241
94 11.9414
95 11.9458
96 11.9311
97 11.8174
98 11.481
99 10.8493
100 10.0196
101 9.15941
102 9.09667
103 8.73032
104 8.15203
105 7.5663
106 7.58725
107 7.49546
108 7.52804
109 7.53816
110 7.51352
111 7.48877
112 7.82716
113 7.9957
114 7.97883
115 8.64273
116 9.38161
117 10.2012
118 11.0637
119 11.7551
120 12
121 11.9649
122 11.9241
123 11.916
124 11.916
125 11.916
126 11.916
127 11.916
128 11.916
129 11.916
130 11.916
131 11.916
132 11.916
133 11.916
134 11.916
135 11.916
136 11.916
137 11.916
138 11.916
139 11.916
140 11.916
141 11.916
142 11.916
143 11.916
144 11.916
145 11.916
146 11.916
147 11.916
148 11.916
149 11.916
150 11.916
151 11.916
152 11.916
153 11.916
154 11.916
155 11.916
156 11.916
157 11.916
158 11.916
159 11.916
160 11.916
161 11.916
162 11.916
163 11.916
164 11.916
165 11.916
166 11.916
167 11.916
168 11.916
169 11.916
170 11.916
171 11.916
172 11.916
173 11.916
174 11.916
175 11.916
176 11.916
177 11.916
178 11.916
179 11.916
180 11.916
181 11.916
182 11.916
183 11.916
184 11.916
185 11.916
186 11.916
187 11.916
188 11.916
189 11.916
190 11.916
191 11.916
192 11.916
193 11.916
194 11.916
195 11.916
196 11.916
197 11.916
198 11.916
199 11.916
200 11.916
201 11.916
202 11.916
203 11.916
204 11.916
205 11.916
206 11.916
207 11.916
208 11.916
209 11.916
210 11.916
211 11.916
212 11.916
213 11.916
214 11.916
