1 11.9529
2 11.9529
3 11.9529
4 11.9529
5 11.9529
6 11.9529
7 11.9529
8 11.9529
9 11.9529
10 11.9529
11 11.9529
12 11.9529
13 11.9529
14 11.9529
15 11.9529
16 11.9529
17 11.9529
18 11.9529
19 11.9529
20 11.9529
21 11.9529
22 11.9529
23 11.9529
24 11.9529
25 11.9529
26 11.9529
27 11.9529
28 11.9529
29 11.9529
30 11.9529
31 11.9529
32 11.9529
33 11.9529
34 11.9529
35 11.9529
36 11.9529
37 11.9529
38 11.9529
39 11.9529
40 11.9529
41 11.9529
42 11.9529
43 11.9529
44 11.9529
45 11.9529
46 11.9529
47 11.9529
48 11.9529
49 11.9529
50 11.9529
51 11.9529
52 11.9529
53 11.9529
54 11.9529
55 11.9529
56 11.9529
57 11.9529
58 11.9529
59 11.9529
60 11.9529
61 11.9529
62 11.9529
63 11.9529
64 11.9529
65 11.9529
66 11.9529
67 11.9529
68 11.9529
69 11.9529
70 11.9529
71 11.9529
72 11.9529
73 11.9529
74 11.9529
75 11.9529
76 11.9529
77 11.9529
78 11.9529
79 11.9529
80 11.9529
81 11.9529
82 11.9529
83 11.9529
84 11.9529
85 11.9529
86 11.9529
87 11.9529
88 11.9529
89 11.9529
90 11.9529
91 11.9529
92 11.9529
93 11.9529
94 11.9632
95 11.9649
96 11.9273
97 11.8371
98 11.5448
99 10.9717
100 10.1752
101 9.31821
102 9.24918
103 8.86751
104 8.27122
105 7.67117
106 7.69035
107 7.59077
108 7.62282
109 7.63314
110 7.60863
111 7.58537
112 7.93902
113 8.11816
114 8.10421
115 8.77894
116 9.52708
117 10.3496
118 11.1955
119 11.8228
120 12
121 11.9632
122 11.9529
123 11.9529
124 11.9529
125 11.9529
126 11.9529
127 11.9529
128 11.9529
129 11.9529
130 11.9529
131 11.9529
132 11.9529
133 11.9529
134 11.9529
135 11.9529
136 11.9529
137 11.9529
138 11.9529
139 11.9529
140 11.9529
141 11.9529
142 11.9529
143 11.9529
144 11.9529
145 11.9529
146 11.9529
147 11.9529
148 11.9529
149 11.9529
150 11.9529
151 11.9529
152 11.9529
153 11.9529
154 11.9529
155 11.9529
156 11.9529
157 11.9529
158 11.9529
159 11.9529
160 11.9529
161 11.9529
162 11.9529
163 11.9529
164 11.9529
165 11.9529
166 11.9529
167 11.9529
168 11.9529
169 11.9529
170 11.9529
171 11.9529
172 11.9529
173 11.9529
174 11.9529
175 11.9529
176 11.9529
177 11.9529
178 11.9529
179 11.9529
180 11.9529
181 11.9529
182 11.9529
183 11.9529
184 11.9529
185 11.9529
186 11.9529
187 11.9529
188 11.9529
189 11.9529
190 11.9529
191 11.9529
192 11.9529
193 11.9529
194 11.9529
195 11.9529
196 11.9529
197 11.9529
198 11.9529
199 11.9529
200 11.9529
201 11.9529
202 11.9529
203 11.9529
204 11.9529
205 11.9529
206 11.9529
207 11.9529
208 11.9529
209 11.9529
210 11.9529
211 11.9529
212 11.9529
213 11.9529
214 11.9529
