1 11.9844
2 11.9844
3 11.9844
4 11.9844
5 11.9844
6 11.9844
7 11.9844
8 11.9844
9 11.9844
10 11.9844
11 11.9844
12 11.9844
13 11.9844
14 11.9844
15 11.9844
16 11.9844
17 11.9844
18 11.9844
19 11.9844
20 11.9844
21 11.9844
22 11.9844
23 11.9844
24 11.9844
25 11.9844
26 11.9844
27 11.9844
28 11.9844
29 11.9844
30 11.9844
31 11.9844
32 11.9844
33 11.9844
34 11.9844
35 11.9844
36 11.9844
37 11.9844
38 11.9844
39 11.9844
40 11.9844
41 11.9844
42 11.9844
43 11.9844
44 11.9844
45 11.9844
46 11.9844
47 11.9844
48 11.9844
49 11.9844
50 11.9844
51 11.9844
52 11.9844
53 11.9844
54 11.9844
55 11.9844
56 11.9844
57 11.9844
58 11.9844
59 11.9844
60 11.9844
61 11.9844
62 11.9844
63 11.9844
64 11.9844
65 11.9844
66 11.9844
67 11.9844
68 11.9844
69 11.9844
70 11.9844
71 11.9844
72 11.9844
73 11.9844
74 11.9846
75 11.985
76 11.9861
77 11.9891
78 11.9944
79 12
80 11.9857
81 11.8606
82 11.4135
83 10.5559
84 9.57759
85 8.72169
86 8.00787
87 7.39649
88 6.85875
89 6.37921
90 5.94922
91 5.56304
92 5.21634
93 4.90597
94 4.63033
95 4.38947
96 4.18464
97 4.01704
98 3.88645
99 3.79015
100 3.72286
101 3.67772
102 3.70654
103 3.73419
104 3.76043
105 3.78516
106 3.79538
107 3.8055
108 3.80825
109 3.80825
110 3.8055
111 3.79539
112 3.77126
113 3.74589
114 3.71953
115 3.77128
116 3.84619
117 3.95017
118 4.08621
119 4.25307
120 4.44588
121 4.65856
122 4.88719
123 5.13221
124 5.39823
125 5.69208
126 6.02068
127 6.38982
128 6.80439
129 7.26978
130 7.79488
131 8.39766
132 9.11225
133 9.97602
134 10.9201
135 11.6378
136 11.938
137 11.9986
138 11.9969
139 11.99
140 11.9861
141 11.9846
142 11.9844
143 11.9844
144 11.9844
145 11.9844
146 11.9844
147 11.9844
148 11.9844
149 11.9844
150 11.9844
151 11.9844
152 11.9844
153 11.9844
154 11.9844
155 11.9844
156 11.9844
157 11.9844
158 11.9844
159 11.9844
160 11.9844
161 11.9844
162 11.9844
163 11.9844
164 11.9844
165 11.9844
166 11.9844
167 11.9844
168 11.9844
169 11.9844
170 11.9844
171 11.9844
172 11.9844
173 11.9844
174 11.9844
175 11.9844
176 11.9844
177 11.9844
178 11.9844
179 11.9844
180 11.9844
181 11.9844
182 11.9844
183 11.9844
184 11.9844
185 11.9844
186 11.9844
187 11.9844
188 11.9844
189 11.9844
190 11.9844
191 11.9844
192 11.9844
193 11.9844
194 11.9844
195 11.9844
196 11.9844
197 11.9844
198 11.9844
199 11.9844
200 11.9844
201 11.9844
202 11.9844
203 11.9844
204 11.9844
205 11.9844
206 11.9844
207 11.9844
208 11.9844
209 11.9844
210 11.9844
211 11.9844
212 11.9844
213 11.9844
214 11.9844
