1 11.9562
2 11.9562
3 11.9562
4 11.9562
5 11.9562
6 11.9562
7 11.9562
8 11.9562
9 11.9562
10 11.9562
11 11.9562
12 11.9562
13 11.9562
14 11.9562
15 11.9562
16 11.9562
17 11.9562
18 11.9562
19 11.9562
20 11.9562
21 11.9562
22 11.9562
23 11.9562
24 11.9562
25 11.9562
26 11.9562
27 11.9562
28 11.9562
29 11.9562
30 11.9562
31 11.9562
32 11.9562
33 11.9562
34 11.9562
35 11.9562
36 11.9562
37 11.9562
38 11.9562
39 11.9562
40 11.9562
41 11.9562
42 11.9562
43 11.9562
44 11.9562
45 11.9562
46 11.9562
47 11.9562
48 11.9562
49 11.9562
50 11.9562
51 11.9562
52 11.9562
53 11.9562
54 11.9562
55 11.9562
56 11.9562
57 11.9562
58 11.9562
59 11.9562
60 11.9562
61 11.9562
62 11.9562
63 11.9562
64 11.9562
65 11.9562
66 11.9562
67 11.9562
68 11.9562
69 11.9562
70 11.9562
71 11.9562
72 11.9562
73 11.9562
74 11.9562
75 11.9562
76 11.9562
77 11.9562
78 11.9562
79 11.9562
80 11.9562
81 11.9562
82 11.9562
83 11.9562
84 11.9562
85 11.9562
86 11.9562
87 11.9562
88 11.9562
89 11.9562
90 11.9562
91 11.9562
92 11.9562
93 11.9562
94 11.9562
95 11.9562
96 11.9679
97 11.9272
98 11.8203
99 11.6087
100 11.1908
101 10.5275
102 10.456
103 9.95594
104 9.19758
105 8.46627
106 8.46131
107 8.27011
108 8.29045
109 8.30096
110 8.27946
111 8.27311
112 8.77256
113 9.0637
114 9.08733
115 9.86629
116 10.6928
117 11.4785
118 11.9598
119 12
120 11.9562
121 11.9562
122 11.9562
123 11.9562
124 11.9562
125 11.9562
126 11.9562
127 11.9562
128 11.9562
129 11.9562
130 11.9562
131 11.9562
132 11.9562
133 11.9562
134 11.9562
135 11.9562
136 11.9562
137 11.9562
138 11.9562
139 11.9562
140 11.9562
141 11.9562
142 11.9562
143 11.9562
144 11.9562
145 11.9562
146 11.9562
147 11.9562
148 11.9562
149 11.9562
150 11.9562
151 11.9562
152 11.9562
153 11.9562
154 11.9562
155 11.9562
156 11.9562
157 11.9562
158 11.9562
159 11.9562
160 11.9562
161 11.9562
162 11.9562
163 11.9562
164 11.9562
165 11.9562
166 11.9562
167 11.9562
168 11.9562
169 11.9562
170 11.9562
171 11.9562
172 11.9562
173 11.9562
174 11.9562
175 11.9562
176 11.9562
177 11.9562
178 11.9562
179 11.9562
180 11.9562
181 11.9562
182 11.9562
183 11.9562
184 11.9562
185 11.9562
186 11.9562
187 11.9562
188 11.9562
189 11.9562
190 11.9562
191 11.9562
192 11.9562
193 11.9562
194 11.9562
195 11.9562
196 11.9562
197 11.9562
198 11.9562
199 11.9562
200 11.9562
201 11.9562
202 11.9562
203 11.9562
204 11.9562
205 11.9562
206 11.9562
207 11.9562
208 11.9562
209 11.9562
210 11.9562
211 11.9562
212 11.9562
213 11.9562
214 11.9562
