1 11.9905
2 11.9905
3 11.9905
4 11.9905
5 11.9905
6 11.9905
7 11.9905
8 11.9905
9 11.9905
10 11.9905
11 11.9905
12 11.9905
13 11.9905
14 11.9905
15 11.9905
16 11.9905
17 11.9905
18 11.9905
19 11.9905
20 11.9905
21 11.9905
22 11.9905
23 11.9905
24 11.9905
25 11.9905
26 11.9905
27 11.9905
28 11.9905
29 11.9905
30 11.9905
31 11.9905
32 11.9905
33 11.9905
34 11.9905
35 11.9905
36 11.9905
37 11.9905
38 11.9905
39 11.9905
40 11.9905
41 11.9905
42 11.9905
43 11.9905
44 11.9905
45 11.9905
46 11.9905
47 11.9905
48 11.9905
49 11.9905
50 11.9905
51 11.9905
52 11.9905
53 11.9905
54 11.9905
55 11.9905
56 11.9905
57 11.9905
58 11.9905
59 11.9905
60 11.9905
61 11.9905
62 11.9905
63 11.9905
64 11.9905
65 11.9905
66 11.9905
67 11.9905
68 11.9905
69 11.9905
70 11.9905
71 11.9905
72 11.9905
73 11.9905
74 11.9905
75 11.9905
76 11.9905
77 11.9905
78 11.9905
79 11.9905
80 11.9905
81 11.9905
82 11.9905
83 11.9905
84 11.9905
85 11.9905
86 11.9905
87 11.9905
88 11.9905
89 11.9905
90 11.9905
91 11.9905
92 11.9905
93 11.9905
94 11.9905
95 11.9905
96 11.9905
97 12
98 11.9108
99 11.684
100 11.4533
101 11.0573
102 11.1423
103 10.6787
104 9.85559
105 9.05478
106 9.02754
107 8.75841
108 8.76346
109 8.77172
110 8.75437
111 8.76212
112 9.35703
113 9.72886
114 9.7796
115 10.5838
116 11.353
117 11.8941
118 12
119 11.9905
120 11.9905
121 11.9905
122 11.9905
123 11.9905
124 11.9905
125 11.9905
126 11.9905
127 11.9905
128 11.9905
129 11.9905
130 11.9905
131 11.9905
132 11.9905
133 11.9905
134 11.9905
135 11.9905
136 11.9905
137 11.9905
138 11.9905
139 11.9905
140 11.9905
141 11.9905
142 11.9905
143 11.9905
144 11.9905
145 11.9905
146 11.9905
147 11.9905
148 11.9905
149 11.9905
150 11.9905
151 11.9905
152 11.9905
153 11.9905
154 11.9905
155 11.9905
156 11.9905
157 11.9905
158 11.9905
159 11.9905
160 11.9905
161 11.9905
162 11.9905
163 11.9905
164 11.9905
165 11.9905
166 11.9905
167 11.9905
168 11.9905
169 11.9905
170 11.9905
171 11.9905
172 11.9905
173 11.9905
174 11.9905
175 11.9905
176 11.9905
177 11.9905
178 11.9905
179 11.9905
180 11.9905
181 11.9905
182 11.9905
183 11.9905
184 11.9905
185 11.9905
186 11.9905
187 11.9905
188 11.9905
189 11.9905
190 11.9905
191 11.9905
192 11.9905
193 11.9905
194 11.9905
195 11.9905
196 11.9905
197 11.9905
198 11.9905
199 11.9905
200 11.9905
201 11.9905
202 11.9905
203 11.9905
204 11.9905
205 11.9905
206 11.9905
207 11.9905
208 11.9905
209 11.9905
210 11.9905
211 11.9905
212 11.9905
213 11.9905
214 11.9905
