1 11.9651
2 11.9651
3 11.9651
4 11.9651
5 11.9651
6 11.9651
7 11.9651
8 11.9651
9 11.9651
10 11.9651
11 11.9651
12 11.9651
13 11.9651
14 11.9651
15 11.9651
16 11.9651
17 11.9651
18 11.9651
19 11.9651
20 11.9651
21 11.9651
22 11.9651
23 11.9651
24 11.9651
25 11.9651
26 11.9651
27 11.9651
28 11.9651
29 11.9651
30 11.9651
31 11.9651
32 11.9651
33 11.9651
34 11.9651
35 11.9651
36 11.9651
37 11.9651
38 11.9651
39 11.9651
40 11.9651
41 11.9651
42 11.9651
43 11.9651
44 11.9651
45 11.9651
46 11.9651
47 11.9651
48 11.9651
49 11.9651
50 11.9651
51 11.9651
52 11.9651
53 11.9651
54 11.9651
55 11.9651
56 11.9651
57 11.9651
58 11.9651
59 11.9651
60 11.9651
61 11.9651
62 11.9651
63 11.9651
64 11.9651
65 11.9651
66 11.9651
67 11.9651
68 11.9651
69 11.9651
70 11.9651
71 11.9651
72 11.9651
73 11.9651
74 11.9651
75 11.9651
76 11.9651
77 11.9651
78 11.9651
79 11.9651
80 11.9651
81 11.9651
82 11.9651
83 11.9651
84 11.9651
85 11.9651
86 11.9651
87 11.9651
88 11.9651
89 11.9651
90 11.9651
91 11.9651
92 11.9651
93 11.9651
94 11.9651
95 11.9651
96 11.9651
97 11.9945
98 11.9596
99 11.7719
100 11.5717
101 11.2124
102 11.3377
103 10.8902
104 10.055
105 9.24025
106 9.20823
107 8.92418
108 8.92589
109 8.9335
110 8.91705
111 8.92768
112 9.53973
113 9.92719
114 9.9826
115 10.788
116 11.5333
117 12
118 11.9945
119 11.9651
120 11.9651
121 11.9651
122 11.9651
123 11.9651
124 11.9651
125 11.9651
126 11.9651
127 11.9651
128 11.9651
129 11.9651
130 11.9651
131 11.9651
132 11.9651
133 11.9651
134 11.9651
135 11.9651
136 11.9651
137 11.9651
138 11.9651
139 11.9651
140 11.9651
141 11.9651
142 11.9651
143 11.9651
144 11.9651
145 11.9651
146 11.9651
147 11.9651
148 11.9651
149 11.9651
150 11.9651
151 11.9651
152 11.9651
153 11.9651
154 11.9651
155 11.9651
156 11.9651
157 11.9651
158 11.9651
159 11.9651
160 11.9651
161 11.9651
162 11.9651
163 11.9651
164 11.9651
165 11.9651
166 11.9651
167 11.9651
168 11.9651
169 11.9651
170 11.9651
171 11.9651
172 11.9651
173 11.9651
174 11.9651
175 11.9651
176 11.9651
177 11.9651
178 11.9651
179 11.9651
180 11.9651
181 11.9651
182 11.9651
183 11.9651
184 11.9651
185 11.9651
186 11.9651
187 11.9651
188 11.9651
189 11.9651
190 11.9651
191 11.9651
192 11.9651
193 11.9651
194 11.9651
195 11.9651
196 11.9651
197 11.9651
198 11.9651
199 11.9651
200 11.9651
201 11.9651
202 11.9651
203 11.9651
204 11.9651
205 11.9651
206 11.9651
207 11.9651
208 11.9651
209 11.9651
210 11.9651
211 11.9651
212 11.9651
213 11.9651
214 11.9651
