1 11.9079
2 11.9079
3 11.9079
4 11.9079
5 11.9079
6 11.9079
7 11.9079
8 11.9079
9 11.9079
10 11.9079
11 11.9079
12 11.9079
13 11.9079
14 11.9079
15 11.9079
16 11.9079
17 11.9079
18 11.9079
19 11.9079
20 11.9079
21 11.9079
22 11.9079
23 11.9079
24 11.9079
25 11.9079
26 11.9079
27 11.9079
28 11.9079
29 11.9079
30 11.9079
31 11.9079
32 11.9079
33 11.9079
34 11.9079
35 11.9079
36 11.9079
37 11.9079
38 11.9079
39 11.9079
40 11.9079
41 11.9079
42 11.9079
43 11.9079
44 11.9079
45 11.9079
46 11.9079
47 11.9079
48 11.9079
49 11.9079
50 11.9079
51 11.9079
52 11.9079
53 11.9079
54 11.9079
55 11.9079
56 11.9079
57 11.9079
58 11.9079
59 11.9079
60 11.9079
61 11.9079
62 11.9079
63 11.9079
64 11.9079
65 11.9079
66 11.9079
67 11.9079
68 11.9079
69 11.9079
70 11.9079
71 11.9079
72 11.9079
73 11.9079
74 11.9079
75 11.9079
76 11.9079
77 11.9079
78 11.9079
79 11.9079
80 11.9079
81 11.9079
82 11.9079
83 11.9079
84 11.9079
85 11.9079
86 11.9079
87 11.9079
88 11.9079
89 11.9079
90 11.9079
91 11.9079
92 11.9079
93 11.9079
94 11.9079
95 11.9079
96 11.9328
97 11.9507
98 11.8545
99 11.6866
100 11.3963
101 10.9085
102 10.9225
103 10.4231
104 9.60818
105 8.82387
106 8.80406
107 8.56136
108 8.5721
109 8.58132
110 8.56232
111 8.56529
112 9.13077
113 9.47835
114 9.52242
115 10.3316
116 11.1453
117 11.7937
118 12
119 11.9328
120 11.9079
121 11.9079
122 11.9079
123 11.9079
124 11.9079
125 11.9079
126 11.9079
127 11.9079
128 11.9079
129 11.9079
130 11.9079
131 11.9079
132 11.9079
133 11.9079
134 11.9079
135 11.9079
136 11.9079
137 11.9079
138 11.9079
139 11.9079
140 11.9079
141 11.9079
142 11.9079
143 11.9079
144 11.9079
145 11.9079
146 11.9079
147 11.9079
148 11.9079
149 11.9079
150 11.9079
151 11.9079
152 11.9079
153 11.9079
154 11.9079
155 11.9079
156 11.9079
157 11.9079
158 11.9079
159 11.9079
160 11.9079
161 11.9079
162 11.9079
163 11.9079
164 11.9079
165 11.9079
166 11.9079
167 11.9079
168 11.9079
169 11.9079
170 11.9079
171 11.9079
172 11.9079
173 11.9079
174 11.9079
175 11.9079
176 11.9079
177 11.9079
178 11.9079
179 11.9079
180 11.9079
181 11.9079
182 11.9079
183 11.9079
184 11.9079
185 11.9079
186 11.9079
187 11.9079
188 11.9079
189 11.9079
190 11.9079
191 11.9079
192 11.9079
193 11.9079
194 11.9079
195 11.9079
196 11.9079
197 11.9079
198 11.9079
199 11.9079
200 11.9079
201 11.9079
202 11.9079
203 11.9079
204 11.9079
205 11.9079
206 11.9079
207 11.9079
208 11.9079
209 11.9079
210 11.9079
211 11.9079
212 11.9079
213 11.9079
214 11.9079
