1 11.8842
2 11.8842
3 11.8842
4 11.8842
5 11.8842
6 11.8842
7 11.8842
8 11.8842
9 11.8842
10 11.8842
11 11.8842
12 11.8842
13 11.8842
14 11.8842
15 11.8842
16 11.8842
17 11.8842
18 11.8842
19 11.8842
20 11.8842
21 11.8842
22 11.8842
23 11.8842
24 11.8842
25 11.8842
26 11.8842
27 11.8842
28 11.8842
29 11.8842
30 11.8842
31 11.8842
32 11.8842
33 11.8842
34 11.8842
35 11.8842
36 11.8842
37 11.8842
38 11.8842
39 11.8842
40 11.8842
41 11.8842
42 11.8842
43 11.8842
44 11.8842
45 11.8842
46 11.8842
47 11.8842
48 11.8842
49 11.8842
50 11.8842
51 11.8842
52 11.8842
53 11.8842
54 11.8842
55 11.8842
56 11.8842
57 11.8842
58 11.8842
59 11.8842
60 11.8842
61 11.8842
62 11.8842
63 11.8842
64 11.8842
65 11.8842
66 11.8842
67 11.8842
68 11.8842
69 11.8842
70 11.8842
71 11.8842
72 11.8842
73 11.8842
74 11.8842
75 11.8842
76 11.8842
77 11.8842
78 11.8842
79 11.8842
80 11.8842
81 11.8842
82 11.8842
83 11.8842
84 11.8842
85 11.8842
86 11.8842
87 11.8842
88 11.8842
89 11.8842
90 11.8842
91 11.8842
92 11.8842
93 11.8842
94 11.8842
95 11.8842
96 11.8842
97 11.9214
98 11.9181
99 11.7292
100 11.5131
101 11.2111
102 11.472
103 11.1052
104 10.2477
105 9.39647
106 9.35086
107 9.02115
108 9.01188
109 9.01703
110 9.00359
111 9.0229
112 9.68535
113 10.119
114 10.1834
115 10.9913
116 11.6822
117 12
118 11.9214
119 11.8842
120 11.8842
121 11.8842
122 11.8842
123 11.8842
124 11.8842
125 11.8842
126 11.8842
127 11.8842
128 11.8842
129 11.8842
130 11.8842
131 11.8842
132 11.8842
133 11.8842
134 11.8842
135 11.8842
136 11.8842
137 11.8842
138 11.8842
139 11.8842
140 11.8842
141 11.8842
142 11.8842
143 11.8842
144 11.8842
145 11.8842
146 11.8842
147 11.8842
148 11.8842
149 11.8842
150 11.8842
151 11.8842
152 11.8842
153 11.8842
154 11.8842
155 11.8842
156 11.8842
157 11.8842
158 11.8842
159 11.8842
160 11.8842
161 11.8842
162 11.8842
163 11.8842
164 11.8842
165 11.8842
166 11.8842
167 11.8842
168 11.8842
169 11.8842
170 11.8842
171 11.8842
172 11.8842
173 11.8842
174 11.8842
175 11.8842
176 11.8842
177 11.8842
178 11.8842
179 11.8842
180 11.8842
181 11.8842
182 11.8842
183 11.8842
184 11.8842
185 11.8842
186 11.8842
187 11.8842
188 11.8842
189 11.8842
190 11.8842
191 11.8842
192 11.8842
193 11.8842
194 11.8842
195 11.8842
196 11.8842
197 11.8842
198 11.8842
199 11.8842
200 11.8842
201 11.8842
202 11.8842
203 11.8842
204 11.8842
205 11.8842
206 11.8842
207 11.8842
208 11.8842
209 11.8842
210 11.8842
211 11.8842
212 11.8842
213 11.8842
214 11.8842
