1 11.8949
2 11.8949
3 11.8949
4 11.8949
5 11.8949
6 11.8949
7 11.8949
8 11.8949
9 11.8949
10 11.8949
11 11.8949
12 11.8949
13 11.8949
14 11.8949
15 11.8949
16 11.8949
17 11.8949
18 11.8949
19 11.8949
20 11.8949
21 11.8949
22 11.8949
23 11.8949
24 11.8949
25 11.8949
26 11.8949
27 11.8949
28 11.8949
29 11.8949
30 11.8949
31 11.8949
32 11.8949
33 11.8949
34 11.8949
35 11.8949
36 11.8949
37 11.8949
38 11.8949
39 11.8949
40 11.8949
41 11.8949
42 11.8949
43 11.8949
44 11.8949
45 11.8949
46 11.8949
47 11.8949
48 11.8949
49 11.8949
50 11.8949
51 11.8949
52 11.8949
53 11.8949
54 11.8949
55 11.8949
56 11.8949
57 11.8949
58 11.8949
59 11.8949
60 11.8949
61 11.8949
62 11.8949
63 11.8949
64 11.8949
65 11.8949
66 11.8949
67 11.8949
68 11.8949
69 11.8949
70 11.8949
71 11.8949
72 11.8949
73 11.8949
74 11.8949
75 11.8949
76 11.8949
77 11.8949
78 11.8949
79 11.8949
80 11.8949
81 11.8949
82 11.8949
83 11.8949
84 11.8949
85 11.8949
86 11.8949
87 11.8949
88 11.8949
89 11.8949
90 11.8949
91 11.8949
92 11.8949
93 11.8949
94 11.8949
95 11.8949
96 11.8949
97 11.8949
98 11.9526
99 11.8826
100 11.5594
101 11.2911
102 11.8042
103 11.7831
104 10.9876
105 10.1079
106 10.0372
107 9.60108
108 9.56376
109 9.56087
110 9.55544
111 9.59645
112 10.3629
113 10.8849
114 10.9069
115 11.5986
116 12
117 11.9526
118 11.8949
119 11.8949
120 11.8949
121 11.8949
122 11.8949
123 11.8949
124 11.8949
125 11.8949
126 11.8949
127 11.8949
128 11.8949
129 11.8949
130 11.8949
131 11.8949
132 11.8949
133 11.8949
134 11.8949
135 11.8949
136 11.8949
137 11.8949
138 11.8949
139 11.8949
140 11.8949
141 11.8949
142 11.8949
143 11.8949
144 11.8949
145 11.8949
146 11.8949
147 11.8949
148 11.8949
149 11.8949
150 11.8949
151 11.8949
152 11.8949
153 11.8949
154 11.8949
155 11.8949
156 11.8949
157 11.8949
158 11.8949
159 11.8949
160 11.8949
161 11.8949
162 11.8949
163 11.8949
164 11.8949
165 11.8949
166 11.8949
167 11.8949
168 11.8949
169 11.8949
170 11.8949
171 11.8949
172 11.8949
173 11.8949
174 11.8949
175 11.8949
176 11.8949
177 11.8949
178 11.8949
179 11.8949
180 11.8949
181 11.8949
182 11.8949
183 11.8949
184 11.8949
185 11.8949
186 11.8949
187 11.8949
188 11.8949
189 11.8949
190 11.8949
191 11.8949
192 11.8949
193 11.8949
194 11.8949
195 11.8949
196 11.8949
197 11.8949
198 11.8949
199 11.8949
200 11.8949
201 11.8949
202 11.8949
203 11.8949
204 11.8949
205 11.8949
206 11.8949
207 11.8949
208 11.8949
209 11.8949
210 11.8949
211 11.8949
212 11.8949
213 11.8949
214 11.8949
