1 11.8849
2 11.8849
3 11.8849
4 11.8849
5 11.8849
6 11.8849
7 11.8849
8 11.8849
9 11.8849
10 11.8849
11 11.8849
12 11.8849
13 11.8849
14 11.8849
15 11.8849
16 11.8849
17 11.8849
18 11.8849
19 11.8849
20 11.8849
21 11.8849
22 11.8849
23 11.8849
24 11.8849
25 11.8849
26 11.8849
27 11.8849
28 11.8849
29 11.8849
30 11.8849
31 11.8849
32 11.8849
33 11.8849
34 11.8849
35 11.8849
36 11.8849
37 11.8849
38 11.8849
39 11.8849
40 11.8849
41 11.8849
42 11.8849
43 11.8849
44 11.8849
45 11.8849
46 11.8849
47 11.8849
48 11.8849
49 11.8849
50 11.8849
51 11.8849
52 11.8849
53 11.8849
54 11.8849
55 11.8849
56 11.8849
57 11.8849
58 11.8849
59 11.8849
60 11.8849
61 11.8849
62 11.8849
63 11.8849
64 11.8849
65 11.8849
66 11.8849
67 11.8849
68 11.8849
69 11.8849
70 11.8849
71 11.8849
72 11.8849
73 11.8849
74 11.8849
75 11.8849
76 11.8849
77 11.8849
78 11.8849
79 11.8849
80 11.8849
81 11.8849
82 11.8849
83 11.8849
84 11.8849
85 11.8849
86 11.8849
87 11.8849
88 11.8849
89 11.8849
90 11.8849
91 11.8849
92 11.8849
93 11.8849
94 11.8849
95 11.8849
96 11.8849
97 11.9237
98 11.9296
99 11.7487
100 11.5096
101 11.2187
102 11.5266
103 11.1966
104 10.3366
105 9.47502
106 9.42475
107 9.07949
108 9.06681
109 9.07099
110 9.05817
111 9.08057
112 9.75909
113 10.2072
114 10.272
115 11.0738
116 11.7369
117 12
118 11.9237
119 11.8849
120 11.8849
121 11.8849
122 11.8849
123 11.8849
124 11.8849
125 11.8849
126 11.8849
127 11.8849
128 11.8849
129 11.8849
130 11.8849
131 11.8849
132 11.8849
133 11.8849
134 11.8849
135 11.8849
136 11.8849
137 11.8849
138 11.8849
139 11.8849
140 11.8849
141 11.8849
142 11.8849
143 11.8849
144 11.8849
145 11.8849
146 11.8849
147 11.8849
148 11.8849
149 11.8849
150 11.8849
151 11.8849
152 11.8849
153 11.8849
154 11.8849
155 11.8849
156 11.8849
157 11.8849
158 11.8849
159 11.8849
160 11.8849
161 11.8849
162 11.8849
163 11.8849
164 11.8849
165 11.8849
166 11.8849
167 11.8849
168 11.8849
169 11.8849
170 11.8849
171 11.8849
172 11.8849
173 11.8849
174 11.8849
175 11.8849
176 11.8849
177 11.8849
178 11.8849
179 11.8849
180 11.8849
181 11.8849
182 11.8849
183 11.8849
184 11.8849
185 11.8849
186 11.8849
187 11.8849
188 11.8849
189 11.8849
190 11.8849
191 11.8849
192 11.8849
193 11.8849
194 11.8849
195 11.8849
196 11.8849
197 11.8849
198 11.8849
199 11.8849
200 11.8849
201 11.8849
202 11.8849
203 11.8849
204 11.8849
205 11.8849
206 11.8849
207 11.8849
208 11.8849
209 11.8849
210 11.8849
211 11.8849
212 11.8849
213 11.8849
214 11.8849
