1 11.932
2 11.932
3 11.932
4 11.932
5 11.932
6 11.932
7 11.932
8 11.932
9 11.932
10 11.932
11 11.932
12 11.932
13 11.932
14 11.932
15 11.932
16 11.932
17 11.932
18 11.932
19 11.932
20 11.932
21 11.932
22 11.932
23 11.932
24 11.932
25 11.932
26 11.932
27 11.932
28 11.932
29 11.932
30 11.932
31 11.932
32 11.932
33 11.932
34 11.932
35 11.932
36 11.932
37 11.932
38 11.932
39 11.932
40 11.932
41 11.932
42 11.932
43 11.932
44 11.932
45 11.932
46 11.932
47 11.932
48 11.932
49 11.932
50 11.932
51 11.932
52 11.932
53 11.932
54 11.932
55 11.932
56 11.932
57 11.932
58 11.932
59 11.932
60 11.932
61 11.932
62 11.932
63 11.932
64 11.932
65 11.932
66 11.932
67 11.932
68 11.932
69 11.932
70 11.932
71 11.932
72 11.932
73 11.932
74 11.932
75 11.932
76 11.932
77 11.932
78 11.932
79 11.932
80 11.932
81 11.932
82 11.932
83 11.932
84 11.932
85 11.932
86 11.932
87 11.932
88 11.932
89 11.932
90 11.932
91 11.932
92 11.932
93 11.932
94 11.932
95 11.932
96 11.932
97 11.932
98 12
99 11.9643
100 11.6386
101 11.2157
102 11.7028
103 11.8859
104 11.1626
105 10.3226
106 10.2526
107 9.78114
108 9.73369
109 9.7282
110 9.72664
111 9.77681
112 10.5752
113 11.1162
114 11.0817
115 11.6845
116 11.9643
117 12
118 11.932
119 11.932
120 11.932
121 11.932
122 11.932
123 11.932
124 11.932
125 11.932
126 11.932
127 11.932
128 11.932
129 11.932
130 11.932
131 11.932
132 11.932
133 11.932
134 11.932
135 11.932
136 11.932
137 11.932
138 11.932
139 11.932
140 11.932
141 11.932
142 11.932
143 11.932
144 11.932
145 11.932
146 11.932
147 11.932
148 11.932
149 11.932
150 11.932
151 11.932
152 11.932
153 11.932
154 11.932
155 11.932
156 11.932
157 11.932
158 11.932
159 11.932
160 11.932
161 11.932
162 11.932
163 11.932
164 11.932
165 11.932
166 11.932
167 11.932
168 11.932
169 11.932
170 11.932
171 11.932
172 11.932
173 11.932
174 11.932
175 11.932
176 11.932
177 11.932
178 11.932
179 11.932
180 11.932
181 11.932
182 11.932
183 11.932
184 11.932
185 11.932
186 11.932
187 11.932
188 11.932
189 11.932
190 11.932
191 11.932
192 11.932
193 11.932
194 11.932
195 11.932
196 11.932
197 11.932
198 11.932
199 11.932
200 11.932
201 11.932
202 11.932
203 11.932
204 11.932
205 11.932
206 11.932
207 11.932
208 11.932
209 11.932
210 11.932
211 11.932
212 11.932
213 11.932
214 11.932
