1 11.9836
2 11.9836
3 11.9836
4 11.9836
5 11.9836
6 11.9836
7 11.9836
8 11.9836
9 11.9836
10 11.9836
11 11.9836
12 11.9836
13 11.9836
14 11.9836
15 11.9836
16 11.9836
17 11.9836
18 11.9836
19 11.9836
20 11.9836
21 11.9836
22 11.9836
23 11.9836
24 11.9836
25 11.9836
26 11.9836
27 11.9836
28 11.9836
29 11.9836
30 11.9836
31 11.9836
32 11.9836
33 11.9836
34 11.9836
35 11.9836
36 11.9836
37 11.9836
38 11.9836
39 11.9836
40 11.9836
41 11.9836
42 11.9836
43 11.9836
44 11.9836
45 11.9836
46 11.9836
47 11.9836
48 11.9836
49 11.9836
50 11.9836
51 11.9836
52 11.9836
53 11.9836
54 11.9836
55 11.9836
56 11.9836
57 11.9836
58 11.9836
59 11.9836
60 11.9836
61 11.9836
62 11.9836
63 11.9836
64 11.9836
65 11.9836
66 11.9836
67 11.9836
68 11.9836
69 11.9836
70 11.9836
71 11.9836
72 11.9836
73 11.9836
74 11.9837
75 11.9841
76 11.9848
77 11.9869
78 11.991
79 11.9974
80 11.9985
81 11.9481
82 11.6913
83 11.0222
84 10.0591
85 9.13087
86 8.3509
87 7.69235
88 7.11942
89 6.61124
90 6.15664
91 5.74877
92 5.38264
93 5.05441
94 4.76161
95 4.50347
96 4.28079
97 4.09506
98 3.94695
99 3.83501
100 3.75503
101 3.70062
102 3.73087
103 3.75997
104 3.78757
105 3.81353
106 3.82444
107 3.83523
108 3.83817
109 3.83817
110 3.83523
111 3.82446
112 3.79926
113 3.77277
114 3.74533
115 3.8069
116 3.89477
117 4.0138
118 4.1651
119 4.34544
120 4.54879
121 4.76958
122 5.00579
123 5.26014
124 5.53879
125 5.84898
126 6.19723
127 6.58881
128 7.02853
129 7.52285
130 8.08396
131 8.73667
132 9.52144
133 10.4469
134 11.3261
135 11.8336
136 11.9842
137 12
138 11.9927
139 11.9871
140 11.9845
141 11.9837
142 11.9836
143 11.9836
144 11.9836
145 11.9836
146 11.9836
147 11.9836
148 11.9836
149 11.9836
150 11.9836
151 11.9836
152 11.9836
153 11.9836
154 11.9836
155 11.9836
156 11.9836
157 11.9836
158 11.9836
159 11.9836
160 11.9836
161 11.9836
162 11.9836
163 11.9836
164 11.9836
165 11.9836
166 11.9836
167 11.9836
168 11.9836
169 11.9836
170 11.9836
171 11.9836
172 11.9836
173 11.9836
174 11.9836
175 11.9836
176 11.9836
177 11.9836
178 11.9836
179 11.9836
180 11.9836
181 11.9836
182 11.9836
183 11.9836
184 11.9836
185 11.9836
186 11.9836
187 11.9836
188 11.9836
189 11.9836
190 11.9836
191 11.9836
192 11.9836
193 11.9836
194 11.9836
195 11.9836
196 11.9836
197 11.9836
198 11.9836
199 11.9836
200 11.9836
201 11.9836
202 11.9836
203 11.9836
204 11.9836
205 11.9836
206 11.9836
207 11.9836
208 11.9836
209 11.9836
210 11.9836
211 11.9836
212 11.9836
213 11.9836
214 11.9836
