1 11.9194
2 11.9194
3 11.9194
4 11.9194
5 11.9194
6 11.9194
7 11.9194
8 11.9194
9 11.9194
10 11.9194
11 11.9194
12 11.9194
13 11.9194
14 11.9194
15 11.9194
16 11.9194
17 11.9194
18 11.9194
19 11.9194
20 11.9194
21 11.9194
22 11.9194
23 11.9194
24 11.9194
25 11.9194
26 11.9194
27 11.9194
28 11.9194
29 11.9194
30 11.9194
31 11.9194
32 11.9194
33 11.9194
34 11.9194
35 11.9194
36 11.9194
37 11.9194
38 11.9194
39 11.9194
40 11.9194
41 11.9194
42 11.9194
43 11.9194
44 11.9194
45 11.9194
46 11.9194
47 11.9194
48 11.9194
49 11.9194
50 11.9194
51 11.9194
52 11.9194
53 11.9194
54 11.9194
55 11.9194
56 11.9194
57 11.9194
58 11.9194
59 11.9194
60 11.9194
61 11.9194
62 11.9194
63 11.9194
64 11.9194
65 11.9194
66 11.9194
67 11.9194
68 11.9194
69 11.9194
70 11.9194
71 11.9194
72 11.9194
73 11.9194
74 11.9194
75 11.9194
76 11.9194
77 11.9194
78 11.9194
79 11.9194
80 11.9194
81 11.9194
82 11.9194
83 11.9194
84 11.9194
85 11.9194
86 11.9194
87 11.9194
88 11.9194
89 11.9194
90 11.9194
91 11.9194
92 11.9194
93 11.9194
94 11.9194
95 11.9194
96 11.9194
97 11.9194
98 11.9194
99 11.8958
100 11.5559
101 11.0885
102 11.6043
103 12
104 11.4106
105 10.5829
106 10.5165
107 9.98056
108 9.91295
109 9.90076
110 9.90457
111 9.9703
112 10.8238
113 11.3857
114 11.2231
115 11.7338
116 11.8958
117 11.9194
118 11.9194
119 11.9194
120 11.9194
121 11.9194
122 11.9194
123 11.9194
124 11.9194
125 11.9194
126 11.9194
127 11.9194
128 11.9194
129 11.9194
130 11.9194
131 11.9194
132 11.9194
133 11.9194
134 11.9194
135 11.9194
136 11.9194
137 11.9194
138 11.9194
139 11.9194
140 11.9194
141 11.9194
142 11.9194
143 11.9194
144 11.9194
145 11.9194
146 11.9194
147 11.9194
148 11.9194
149 11.9194
150 11.9194
151 11.9194
152 11.9194
153 11.9194
154 11.9194
155 11.9194
156 11.9194
157 11.9194
158 11.9194
159 11.9194
160 11.9194
161 11.9194
162 11.9194
163 11.9194
164 11.9194
165 11.9194
166 11.9194
167 11.9194
168 11.9194
169 11.9194
170 11.9194
171 11.9194
172 11.9194
173 11.9194
174 11.9194
175 11.9194
176 11.9194
177 11.9194
178 11.9194
179 11.9194
180 11.9194
181 11.9194
182 11.9194
183 11.9194
184 11.9194
185 11.9194
186 11.9194
187 11.9194
188 11.9194
189 11.9194
190 11.9194
191 11.9194
192 11.9194
193 11.9194
194 11.9194
195 11.9194
196 11.9194
197 11.9194
198 11.9194
199 11.9194
200 11.9194
201 11.9194
202 11.9194
203 11.9194
204 11.9194
205 11.9194
206 11.9194
207 11.9194
208 11.9194
209 11.9194
210 11.9194
211 11.9194
212 11.9194
213 11.9194
214 11.9194
