1 11.8191
2 11.8191
3 11.8191
4 11.8191
5 11.8191
6 11.8191
7 11.8191
8 11.8191
9 11.8191
10 11.8191
11 11.8191
12 11.8191
13 11.8191
14 11.8191
15 11.8191
16 11.8191
17 11.8191
18 11.8191
19 11.8191
20 11.8191
21 11.8191
22 11.8191
23 11.8191
24 11.8191
25 11.8191
26 11.8191
27 11.8191
28 11.8191
29 11.8191
30 11.8191
31 11.8191
32 11.8191
33 11.8191
34 11.8191
35 11.8191
36 11.8191
37 11.8191
38 11.8191
39 11.8191
40 11.8191
41 11.8191
42 11.8191
43 11.8191
44 11.8191
45 11.8191
46 11.8191
47 11.8191
48 11.8191
49 11.8191
50 11.8191
51 11.8191
52 11.8191
53 11.8191
54 11.8191
55 11.8191
56 11.8191
57 11.8191
58 11.8191
59 11.8191
60 11.8191
61 11.8191
62 11.8191
63 11.8191
64 11.8191
65 11.8191
66 11.8191
67 11.8191
68 11.8191
69 11.8191
70 11.8191
71 11.8191
72 11.8191
73 11.8191
74 11.8191
75 11.8191
76 11.8191
77 11.8191
78 11.8191
79 11.8191
80 11.8191
81 11.8191
82 11.8191
83 11.8191
84 11.8191
85 11.8191
86 11.8191
87 11.8191
88 11.8191
89 11.8191
90 11.8191
91 11.8191
92 11.8191
93 11.8191
94 11.8191
95 11.8191
96 11.8191
97 11.8191
98 11.8191
99 11.9427
100 11.7283
101 11.2149
102 11.7283
103 12
104 11.7128
105 10.9756
106 10.944
107 10.3521
108 10.2685
109 10.2494
110 10.2567
111 10.3296
112 11.1966
113 11.7322
114 11.3859
115 11.7283
116 11.9427
117 11.8191
118 11.8191
119 11.8191
120 11.8191
121 11.8191
122 11.8191
123 11.8191
124 11.8191
125 11.8191
126 11.8191
127 11.8191
128 11.8191
129 11.8191
130 11.8191
131 11.8191
132 11.8191
133 11.8191
134 11.8191
135 11.8191
136 11.8191
137 11.8191
138 11.8191
139 11.8191
140 11.8191
141 11.8191
142 11.8191
143 11.8191
144 11.8191
145 11.8191
146 11.8191
147 11.8191
148 11.8191
149 11.8191
150 11.8191
151 11.8191
152 11.8191
153 11.8191
154 11.8191
155 11.8191
156 11.8191
157 11.8191
158 11.8191
159 11.8191
160 11.8191
161 11.8191
162 11.8191
163 11.8191
164 11.8191
165 11.8191
166 11.8191
167 11.8191
168 11.8191
169 11.8191
170 11.8191
171 11.8191
172 11.8191
173 11.8191
174 11.8191
175 11.8191
176 11.8191
177 11.8191
178 11.8191
179 11.8191
180 11.8191
181 11.8191
182 11.8191
183 11.8191
184 11.8191
185 11.8191
186 11.8191
187 11.8191
188 11.8191
189 11.8191
190 11.8191
191 11.8191
192 11.8191
193 11.8191
194 11.8191
195 11.8191
196 11.8191
197 11.8191
198 11.8191
199 11.8191
200 11.8191
201 11.8191
202 11.8191
203 11.8191
204 11.8191
205 11.8191
206 11.8191
207 11.8191
208 11.8191
209 11.8191
210 11.8191
211 11.8191
212 11.8191
213 11.8191
214 11.8191
