1 11.903
2 11.903
3 11.903
4 11.903
5 11.903
6 11.903
7 11.903
8 11.903
9 11.903
10 11.903
11 11.903
12 11.903
13 11.903
14 11.903
15 11.903
16 11.903
17 11.903
18 11.903
19 11.903
20 11.903
21 11.903
22 11.903
23 11.903
24 11.903
25 11.903
26 11.903
27 11.903
28 11.903
29 11.903
30 11.903
31 11.903
32 11.903
33 11.903
34 11.903
35 11.903
36 11.903
37 11.903
38 11.903
39 11.903
40 11.903
41 11.903
42 11.903
43 11.903
44 11.903
45 11.903
46 11.903
47 11.903
48 11.903
49 11.903
50 11.903
51 11.903
52 11.903
53 11.903
54 11.903
55 11.903
56 11.903
57 11.903
58 11.903
59 11.903
60 11.903
61 11.903
62 11.903
63 11.903
64 11.903
65 11.903
66 11.903
67 11.903
68 11.903
69 11.903
70 11.903
71 11.903
72 11.903
73 11.903
74 11.903
75 11.903
76 11.903
77 11.903
78 11.903
79 11.903
80 11.903
81 11.903
82 11.903
83 11.903
84 11.903
85 11.903
86 11.903
87 11.903
88 11.903
89 11.903
90 11.903
91 11.903
92 11.903
93 11.903
94 11.903
95 11.903
96 11.903
97 11.903
98 11.903
99 11.903
100 11.7419
101 11.1375
102 11.7419
103 11.903
104 11.9076
105 11.3004
106 11.4188
107 10.7321
108 10.6305
109 10.6029
110 10.6061
111 10.6717
112 11.5356
113 12
114 11.2628
115 11.7419
116 11.903
117 11.903
118 11.903
119 11.903
120 11.903
121 11.903
122 11.903
123 11.903
124 11.903
125 11.903
126 11.903
127 11.903
128 11.903
129 11.903
130 11.903
131 11.903
132 11.903
133 11.903
134 11.903
135 11.903
136 11.903
137 11.903
138 11.903
139 11.903
140 11.903
141 11.903
142 11.903
143 11.903
144 11.903
145 11.903
146 11.903
147 11.903
148 11.903
149 11.903
150 11.903
151 11.903
152 11.903
153 11.903
154 11.903
155 11.903
156 11.903
157 11.903
158 11.903
159 11.903
160 11.903
161 11.903
162 11.903
163 11.903
164 11.903
165 11.903
166 11.903
167 11.903
168 11.903
169 11.903
170 11.903
171 11.903
172 11.903
173 11.903
174 11.903
175 11.903
176 11.903
177 11.903
178 11.903
179 11.903
180 11.903
181 11.903
182 11.903
183 11.903
184 11.903
185 11.903
186 11.903
187 11.903
188 11.903
189 11.903
190 11.903
191 11.903
192 11.903
193 11.903
194 11.903
195 11.903
196 11.903
197 11.903
198 11.903
199 11.903
200 11.903
201 11.903
202 11.903
203 11.903
204 11.903
205 11.903
206 11.903
207 11.903
208 11.903
209 11.903
210 11.903
211 11.903
212 11.903
213 11.903
214 11.903
