1 11.9837
2 11.9837
3 11.9837
4 11.9837
5 11.9837
6 11.9837
7 11.9837
8 11.9837
9 11.9837
10 11.9837
11 11.9837
12 11.9837
13 11.9837
14 11.9837
15 11.9837
16 11.9837
17 11.9837
18 11.9837
19 11.9837
20 11.9837
21 11.9837
22 11.9837
23 11.9837
24 11.9837
25 11.9837
26 11.9837
27 11.9837
28 11.9837
29 11.9837
30 11.9837
31 11.9837
32 11.9837
33 11.9837
34 11.9837
35 11.9837
36 11.9837
37 11.9837
38 11.9837
39 11.9837
40 11.9837
41 11.9837
42 11.9837
43 11.9837
44 11.9837
45 11.9837
46 11.9837
47 11.9837
48 11.9837
49 11.9837
50 11.9837
51 11.9837
52 11.9837
53 11.9837
54 11.9837
55 11.9837
56 11.9837
57 11.9837
58 11.9837
59 11.9837
60 11.9837
61 11.9837
62 11.9837
63 11.9837
64 11.9837
65 11.9837
66 11.9837
67 11.9837
68 11.9837
69 11.9837
70 11.9837
71 11.9837
72 11.9837
73 11.9837
74 11.9838
75 11.9841
76 11.9847
77 11.9865
78 11.9903
79 11.9965
80 12
81 11.9652
82 11.759
83 11.1628
84 10.2239
85 9.27576
86 8.47179
87 7.7957
88 7.20997
89 6.69163
90 6.22841
91 5.81299
92 5.44013
93 5.10579
94 4.80721
95 4.54334
96 4.31476
97 4.12297
98 3.96888
99 3.85145
100 3.76689
101 3.70902
102 3.73975
103 3.76934
104 3.7974
105 3.82378
106 3.83494
107 3.84596
108 3.84897
109 3.84897
110 3.84596
111 3.83496
112 3.8094
113 3.78255
114 3.75476
115 3.81996
116 3.91244
117 4.03662
118 4.19292
119 4.37747
120 4.58403
121 4.80735
122 5.04618
123 5.30396
124 5.58724
125 5.9033
126 6.25846
127 6.65784
128 7.10631
129 7.61087
130 8.18515
131 8.85656
132 9.66619
133 10.6044
134 11.4414
135 11.8776
136 11.9919
137 11.9994
138 11.9917
139 11.9866
140 11.9844
141 11.9838
142 11.9837
143 11.9837
144 11.9837
145 11.9837
146 11.9837
147 11.9837
148 11.9837
149 11.9837
150 11.9837
151 11.9837
152 11.9837
153 11.9837
154 11.9837
155 11.9837
156 11.9837
157 11.9837
158 11.9837
159 11.9837
160 11.9837
161 11.9837
162 11.9837
163 11.9837
164 11.9837
165 11.9837
166 11.9837
167 11.9837
168 11.9837
169 11.9837
170 11.9837
171 11.9837
172 11.9837
173 11.9837
174 11.9837
175 11.9837
176 11.9837
177 11.9837
178 11.9837
179 11.9837
180 11.9837
181 11.9837
182 11.9837
183 11.9837
184 11.9837
185 11.9837
186 11.9837
187 11.9837
188 11.9837
189 11.9837
190 11.9837
191 11.9837
192 11.9837
193 11.9837
194 11.9837
195 11.9837
196 11.9837
197 11.9837
198 11.9837
199 11.9837
200 11.9837
201 11.9837
202 11.9837
203 11.9837
204 11.9837
205 11.9837
206 11.9837
207 11.9837
208 11.9837
209 11.9837
210 11.9837
211 11.9837
212 11.9837
213 11.9837
214 11.9837
