1 11.9745
2 11.9745
3 11.9745
4 11.9745
5 11.9745
6 11.9745
7 11.9745
8 11.9745
9 11.9745
10 11.9745
11 11.9745
12 11.9745
13 11.9745
14 11.9745
15 11.9745
16 11.9745
17 11.9745
18 11.9745
19 11.9745
20 11.9745
21 11.9745
22 11.9745
23 11.9745
24 11.9745
25 11.9745
26 11.9745
27 11.9745
28 11.9745
29 11.9745
30 11.9745
31 11.9745
32 11.9745
33 11.9745
34 11.9745
35 11.9745
36 11.9745
37 11.9745
38 11.9745
39 11.9745
40 11.9745
41 11.9745
42 11.9745
43 11.9745
44 11.9745
45 11.9745
46 11.9745
47 11.9745
48 11.9745
49 11.9745
50 11.9745
51 11.9745
52 11.9745
53 11.9745
54 11.9745
55 11.9745
56 11.9745
57 11.9745
58 11.9745
59 11.9745
60 11.9745
61 11.9745
62 11.9745
63 11.9745
64 11.9745
65 11.9745
66 11.9745
67 11.9745
68 11.9745
69 11.9745
70 11.9745
71 11.9745
72 11.9745
73 11.9745
74 11.9745
75 11.9745
76 11.9745
77 11.9745
78 11.9745
79 11.9745
80 11.9745
81 11.9745
82 11.9745
83 11.9745
84 11.9745
85 11.9745
86 11.9745
87 11.9745
88 11.9745
89 11.9745
90 11.9745
91 11.9745
92 11.9745
93 11.9745
94 11.9745
95 11.9745
96 11.9745
97 11.9745
98 11.9745
99 11.9745
100 11.963
101 11.2094
102 11.963
103 11.9745
104 11.963
105 11.369
106 12
107 11.1482
108 11.0404
109 11.0099
110 11.0196
111 11.0899
112 11.9967
113 11.963
114 11.2094
115 11.963
116 11.9745
117 11.9745
118 11.9745
119 11.9745
120 11.9745
121 11.9745
122 11.9745
123 11.9745
124 11.9745
125 11.9745
126 11.9745
127 11.9745
128 11.9745
129 11.9745
130 11.9745
131 11.9745
132 11.9745
133 11.9745
134 11.9745
135 11.9745
136 11.9745
137 11.9745
138 11.9745
139 11.9745
140 11.9745
141 11.9745
142 11.9745
143 11.9745
144 11.9745
145 11.9745
146 11.9745
147 11.9745
148 11.9745
149 11.9745
150 11.9745
151 11.9745
152 11.9745
153 11.9745
154 11.9745
155 11.9745
156 11.9745
157 11.9745
158 11.9745
159 11.9745
160 11.9745
161 11.9745
162 11.9745
163 11.9745
164 11.9745
165 11.9745
166 11.9745
167 11.9745
168 11.9745
169 11.9745
170 11.9745
171 11.9745
172 11.9745
173 11.9745
174 11.9745
175 11.9745
176 11.9745
177 11.9745
178 11.9745
179 11.9745
180 11.9745
181 11.9745
182 11.9745
183 11.9745
184 11.9745
185 11.9745
186 11.9745
187 11.9745
188 11.9745
189 11.9745
190 11.9745
191 11.9745
192 11.9745
193 11.9745
194 11.9745
195 11.9745
196 11.9745
197 11.9745
198 11.9745
199 11.9745
200 11.9745
201 11.9745
202 11.9745
203 11.9745
204 11.9745
205 11.9745
206 11.9745
207 11.9745
208 11.9745
209 11.9745
210 11.9745
211 11.9745
212 11.9745
213 11.9745
214 11.9745
