1 11.9691
2 11.9691
3 11.9691
4 11.9691
5 11.9691
6 11.9691
7 11.9691
8 11.9691
9 11.9691
10 11.9691
11 11.9691
12 11.9691
13 11.9691
14 11.9691
15 11.9691
16 11.9691
17 11.9691
18 11.9691
19 11.9691
20 11.9691
21 11.9691
22 11.9691
23 11.9691
24 11.9691
25 11.9691
26 11.9691
27 11.9691
28 11.9691
29 11.9691
30 11.9691
31 11.9691
32 11.9691
33 11.9691
34 11.9691
35 11.9691
36 11.9691
37 11.9691
38 11.9691
39 11.9691
40 11.9691
41 11.9691
42 11.9691
43 11.9691
44 11.9691
45 11.9691
46 11.9691
47 11.9691
48 11.9691
49 11.9691
50 11.9691
51 11.9691
52 11.9691
53 11.9691
54 11.9691
55 11.9691
56 11.9691
57 11.9691
58 11.9691
59 11.9691
60 11.9691
61 11.9691
62 11.9691
63 11.9691
64 11.9691
65 11.9691
66 11.9691
67 11.9691
68 11.9691
69 11.9691
70 11.9691
71 11.9691
72 11.9691
73 11.9691
74 11.9691
75 11.9691
76 11.9691
77 11.9691
78 11.9691
79 11.9691
80 11.9691
81 11.9691
82 11.9691
83 11.9691
84 11.9691
85 11.9691
86 11.9691
87 11.9691
88 11.9691
89 11.9691
90 11.9691
91 11.9691
92 11.9691
93 11.9691
94 11.9691
95 11.9691
96 11.9691
97 11.9691
98 11.9691
99 11.9691
100 11.992
101 11.199
102 11.992
103 11.9691
104 11.992
105 11.199
106 12
107 11.1158
108 11.0746
109 11.0746
110 11.0746
111 11.1158
112 11.992
113 11.992
114 11.199
115 11.992
116 11.9691
117 11.9691
118 11.9691
119 11.9691
120 11.9691
121 11.9691
122 11.9691
123 11.9691
124 11.9691
125 11.9691
126 11.9691
127 11.9691
128 11.9691
129 11.9691
130 11.9691
131 11.9691
132 11.9691
133 11.9691
134 11.9691
135 11.9691
136 11.9691
137 11.9691
138 11.9691
139 11.9691
140 11.9691
141 11.9691
142 11.9691
143 11.9691
144 11.9691
145 11.9691
146 11.9691
147 11.9691
148 11.9691
149 11.9691
150 11.9691
151 11.9691
152 11.9691
153 11.9691
154 11.9691
155 11.9691
156 11.9691
157 11.9691
158 11.9691
159 11.9691
160 11.9691
161 11.9691
162 11.9691
163 11.9691
164 11.9691
165 11.9691
166 11.9691
167 11.9691
168 11.9691
169 11.9691
170 11.9691
171 11.9691
172 11.9691
173 11.9691
174 11.9691
175 11.9691
176 11.9691
177 11.9691
178 11.9691
179 11.9691
180 11.9691
181 11.9691
182 11.9691
183 11.9691
184 11.9691
185 11.9691
186 11.9691
187 11.9691
188 11.9691
189 11.9691
190 11.9691
191 11.9691
192 11.9691
193 11.9691
194 11.9691
195 11.9691
196 11.9691
197 11.9691
198 11.9691
199 11.9691
200 11.9691
201 11.9691
202 11.9691
203 11.9691
204 11.9691
205 11.9691
206 11.9691
207 11.9691
208 11.9691
209 11.9691
210 11.9691
211 11.9691
212 11.9691
213 11.9691
214 11.9691
