1 11.9555
2 11.9555
3 11.9555
4 11.9555
5 11.9555
6 11.9555
7 11.9555
8 11.9555
9 11.9555
10 11.9555
11 11.9555
12 11.9555
13 11.9555
14 11.9555
15 11.9555
16 11.9555
17 11.9555
18 11.9555
19 11.9555
20 11.9555
21 11.9555
22 11.9555
23 11.9555
24 11.9555
25 11.9555
26 11.9555
27 11.9555
28 11.9555
29 11.9555
30 11.9555
31 11.9555
32 11.9555
33 11.9555
34 11.9555
35 11.9555
36 11.9555
37 11.9555
38 11.9555
39 11.9555
40 11.9555
41 11.9555
42 11.9555
43 11.9555
44 11.9555
45 11.9555
46 11.9555
47 11.9555
48 11.9555
49 11.9555
50 11.9555
51 11.9555
52 11.9555
53 11.9555
54 11.9555
55 11.9555
56 11.9555
57 11.9555
58 11.9555
59 11.9555
60 11.9555
61 11.9555
62 11.9555
63 11.9555
64 11.9555
65 11.9555
66 11.9555
67 11.9555
68 11.9555
69 11.9555
70 11.9555
71 11.9555
72 11.9555
73 11.9555
74 11.9555
75 11.9555
76 11.9555
77 11.9555
78 11.9555
79 11.9555
80 11.9555
81 11.9555
82 11.9555
83 11.9555
84 11.9555
85 11.9555
86 11.9555
87 11.9555
88 11.9555
89 11.9555
90 11.9555
91 11.9555
92 11.9555
93 11.9555
94 11.9555
95 11.9555
96 11.9555
97 11.9555
98 11.9555
99 11.9555
100 11.9653
101 11.1876
102 11.9653
103 11.9555
104 11.9653
105 11.277
106 12
107 11.1345
108 11.0453
109 11.0196
110 11.0453
111 11.1016
112 11.9921
113 11.9653
114 11.1876
115 11.9653
116 11.9555
117 11.9555
118 11.9555
119 11.9555
120 11.9555
121 11.9555
122 11.9555
123 11.9555
124 11.9555
125 11.9555
126 11.9555
127 11.9555
128 11.9555
129 11.9555
130 11.9555
131 11.9555
132 11.9555
133 11.9555
134 11.9555
135 11.9555
136 11.9555
137 11.9555
138 11.9555
139 11.9555
140 11.9555
141 11.9555
142 11.9555
143 11.9555
144 11.9555
145 11.9555
146 11.9555
147 11.9555
148 11.9555
149 11.9555
150 11.9555
151 11.9555
152 11.9555
153 11.9555
154 11.9555
155 11.9555
156 11.9555
157 11.9555
158 11.9555
159 11.9555
160 11.9555
161 11.9555
162 11.9555
163 11.9555
164 11.9555
165 11.9555
166 11.9555
167 11.9555
168 11.9555
169 11.9555
170 11.9555
171 11.9555
172 11.9555
173 11.9555
174 11.9555
175 11.9555
176 11.9555
177 11.9555
178 11.9555
179 11.9555
180 11.9555
181 11.9555
182 11.9555
183 11.9555
184 11.9555
185 11.9555
186 11.9555
187 11.9555
188 11.9555
189 11.9555
190 11.9555
191 11.9555
192 11.9555
193 11.9555
194 11.9555
195 11.9555
196 11.9555
197 11.9555
198 11.9555
199 11.9555
200 11.9555
201 11.9555
202 11.9555
203 11.9555
204 11.9555
205 11.9555
206 11.9555
207 11.9555
208 11.9555
209 11.9555
210 11.9555
211 11.9555
212 11.9555
213 11.9555
214 11.9555
