1 11.9823
2 11.9823
3 11.9823
4 11.9823
5 11.9823
6 11.9823
7 11.9823
8 11.9823
9 11.9823
10 11.9823
11 11.9823
12 11.9823
13 11.9823
14 11.9823
15 11.9823
16 11.9823
17 11.9823
18 11.9823
19 11.9823
20 11.9823
21 11.9823
22 11.9823
23 11.9823
24 11.9823
25 11.9823
26 11.9823
27 11.9823
28 11.9823
29 11.9823
30 11.9823
31 11.9823
32 11.9823
33 11.9823
34 11.9823
35 11.9823
36 11.9823
37 11.9823
38 11.9823
39 11.9823
40 11.9823
41 11.9823
42 11.9823
43 11.9823
44 11.9823
45 11.9823
46 11.9823
47 11.9823
48 11.9823
49 11.9823
50 11.9823
51 11.9823
52 11.9823
53 11.9823
54 11.9823
55 11.9823
56 11.9823
57 11.9823
58 11.9823
59 11.9823
60 11.9823
61 11.9823
62 11.9823
63 11.9823
64 11.9823
65 11.9823
66 11.9823
67 11.9823
68 11.9823
69 11.9823
70 11.9823
71 11.9823
72 11.9823
73 11.9823
74 11.9823
75 11.9825
76 11.9829
77 11.9838
78 11.9866
79 11.9917
80 11.9986
81 11.9923
82 11.899
83 11.5212
84 10.7216
85 9.74663
86 8.87054
87 8.13673
88 7.5092
89 6.95834
90 6.46787
91 6.02873
92 5.63487
93 5.28161
94 4.96544
95 4.68436
96 4.43823
97 4.22828
98 4.05599
99 3.92143
100 3.82211
101 3.75278
102 3.78492
103 3.81594
104 3.84539
105 3.87302
106 3.88497
107 3.89677
108 3.90001
109 3.90001
110 3.89677
111 3.88501
112 3.85844
113 3.83056
114 3.80179
115 3.8789
116 3.98595
117 4.12574
118 4.2965
119 4.49274
120 4.70806
121 4.93879
122 5.18605
123 5.45525
124 5.75373
125 6.08856
126 6.46545
127 6.88915
128 7.36503
129 7.90229
130 8.51977
131 9.25237
132 10.1318
133 11.061
134 11.7157
135 11.9602
136 12
137 11.9943
138 11.9871
139 11.9837
140 11.9825
141 11.9823
142 11.9823
143 11.9823
144 11.9823
145 11.9823
146 11.9823
147 11.9823
148 11.9823
149 11.9823
150 11.9823
151 11.9823
152 11.9823
153 11.9823
154 11.9823
155 11.9823
156 11.9823
157 11.9823
158 11.9823
159 11.9823
160 11.9823
161 11.9823
162 11.9823
163 11.9823
164 11.9823
165 11.9823
166 11.9823
167 11.9823
168 11.9823
169 11.9823
170 11.9823
171 11.9823
172 11.9823
173 11.9823
174 11.9823
175 11.9823
176 11.9823
177 11.9823
178 11.9823
179 11.9823
180 11.9823
181 11.9823
182 11.9823
183 11.9823
184 11.9823
185 11.9823
186 11.9823
187 11.9823
188 11.9823
189 11.9823
190 11.9823
191 11.9823
192 11.9823
193 11.9823
194 11.9823
195 11.9823
196 11.9823
197 11.9823
198 11.9823
199 11.9823
200 11.9823
201 11.9823
202 11.9823
203 11.9823
204 11.9823
205 11.9823
206 11.9823
207 11.9823
208 11.9823
209 11.9823
210 11.9823
211 11.9823
212 11.9823
213 11.9823
214 11.9823
