1 11.9819
2 11.9819
3 11.9819
4 11.9819
5 11.9819
6 11.9819
7 11.9819
8 11.9819
9 11.9819
10 11.9819
11 11.9819
12 11.9819
13 11.9819
14 11.9819
15 11.9819
16 11.9819
17 11.9819
18 11.9819
19 11.9819
20 11.9819
21 11.9819
22 11.9819
23 11.9819
24 11.9819
25 11.9819
26 11.9819
27 11.9819
28 11.9819
29 11.9819
30 11.9819
31 11.9819
32 11.9819
33 11.9819
34 11.9819
35 11.9819
36 11.9819
37 11.9819
38 11.9819
39 11.9819
40 11.9819
41 11.9819
42 11.9819
43 11.9819
44 11.9819
45 11.9819
46 11.9819
47 11.9819
48 11.9819
49 11.9819
50 11.9819
51 11.9819
52 11.9819
53 11.9819
54 11.9819
55 11.9819
56 11.9819
57 11.9819
58 11.9819
59 11.9819
60 11.9819
61 11.9819
62 11.9819
63 11.9819
64 11.9819
65 11.9819
66 11.9819
67 11.9819
68 11.9819
69 11.9819
70 11.9819
71 11.9819
72 11.9819
73 11.9819
74 11.9819
75 11.9821
76 11.9825
77 11.9833
78 11.9855
79 11.9899
80 11.9969
81 11.999
82 11.9502
83 11.6942
84 11.0261
85 10.0688
86 9.14666
87 8.36869
88 7.70925
89 7.13443
90 6.62441
91 6.16845
92 5.75979
93 5.39335
94 5.06512
95 4.77252
96 4.51479
97 4.29284
98 4.10827
99 3.96183
100 3.8519
101 3.77399
102 3.80705
103 3.83899
104 3.86933
105 3.89777
106 3.9103
107 3.92267
108 3.92608
109 3.92608
110 3.92267
111 3.91037
112 3.88318
113 3.8547
114 3.82533
115 3.9112
116 4.02848
117 4.17861
118 4.35842
119 4.56162
120 4.7822
121 5.01789
122 5.27145
123 5.5493
124 5.85902
125 6.20733
126 6.59954
127 7.04033
128 7.53577
129 8.09728
130 8.74821
131 9.52741
132 10.4457
133 11.3247
134 11.8362
135 11.9862
136 12
137 11.9917
138 11.9856
139 11.9829
140 11.9821
141 11.9819
142 11.9819
143 11.9819
144 11.9819
145 11.9819
146 11.9819
147 11.9819
148 11.9819
149 11.9819
150 11.9819
151 11.9819
152 11.9819
153 11.9819
154 11.9819
155 11.9819
156 11.9819
157 11.9819
158 11.9819
159 11.9819
160 11.9819
161 11.9819
162 11.9819
163 11.9819
164 11.9819
165 11.9819
166 11.9819
167 11.9819
168 11.9819
169 11.9819
170 11.9819
171 11.9819
172 11.9819
173 11.9819
174 11.9819
175 11.9819
176 11.9819
177 11.9819
178 11.9819
179 11.9819
180 11.9819
181 11.9819
182 11.9819
183 11.9819
184 11.9819
185 11.9819
186 11.9819
187 11.9819
188 11.9819
189 11.9819
190 11.9819
191 11.9819
192 11.9819
193 11.9819
194 11.9819
195 11.9819
196 11.9819
197 11.9819
198 11.9819
199 11.9819
200 11.9819
201 11.9819
202 11.9819
203 11.9819
204 11.9819
205 11.9819
206 11.9819
207 11.9819
208 11.9819
209 11.9819
210 11.9819
211 11.9819
212 11.9819
213 11.9819
214 11.9819
