1 11.9814
2 11.9814
3 11.9814
4 11.9814
5 11.9814
6 11.9814
7 11.9814
8 11.9814
9 11.9814
10 11.9814
11 11.9814
12 11.9814
13 11.9814
14 11.9814
15 11.9814
16 11.9814
17 11.9814
18 11.9814
19 11.9814
20 11.9814
21 11.9814
22 11.9814
23 11.9814
24 11.9814
25 11.9814
26 11.9814
27 11.9814
28 11.9814
29 11.9814
30 11.9814
31 11.9814
32 11.9814
33 11.9814
34 11.9814
35 11.9814
36 11.9814
37 11.9814
38 11.9814
39 11.9814
40 11.9814
41 11.9814
42 11.9814
43 11.9814
44 11.9814
45 11.9814
46 11.9814
47 11.9814
48 11.9814
49 11.9814
50 11.9814
51 11.9814
52 11.9814
53 11.9814
54 11.9814
55 11.9814
56 11.9814
57 11.9814
58 11.9814
59 11.9814
60 11.9814
61 11.9814
62 11.9814
63 11.9814
64 11.9814
65 11.9814
66 11.9814
67 11.9814
68 11.9814
69 11.9814
70 11.9814
71 11.9814
72 11.9814
73 11.9814
74 11.9814
75 11.9815
76 11.9818
77 11.9824
78 11.984
79 11.9877
80 11.994
81 12
82 11.9786
83 11.8173
84 11.2953
85 10.3955
86 9.43794
87 8.61246
88 7.9175
89 7.31656
90 6.78573
91 6.31207
92 5.88792
93 5.50774
94 5.16711
95 4.86287
96 4.5936
97 4.35974
98 4.1629
99 4.0043
100 3.8832
101 3.79598
102 3.82994
103 3.86275
104 3.89394
105 3.92315
106 3.9363
107 3.94927
108 3.95287
109 3.95287
110 3.94928
111 3.9364
112 3.90868
113 3.87967
114 3.84975
115 3.945
116 4.07277
117 4.23303
118 4.42128
119 4.63077
120 4.8563
121 5.09719
122 5.35774
123 5.64515
124 5.96695
125 6.32946
126 6.73763
127 7.19624
128 7.71246
129 8.30056
130 8.98904
131 9.81713
132 10.7562
133 11.544
134 11.9147
135 11.9975
136 11.9973
137 11.9887
138 11.9839
139 11.982
140 11.9815
141 11.9814
142 11.9814
143 11.9814
144 11.9814
145 11.9814
146 11.9814
147 11.9814
148 11.9814
149 11.9814
150 11.9814
151 11.9814
152 11.9814
153 11.9814
154 11.9814
155 11.9814
156 11.9814
157 11.9814
158 11.9814
159 11.9814
160 11.9814
161 11.9814
162 11.9814
163 11.9814
164 11.9814
165 11.9814
166 11.9814
167 11.9814
168 11.9814
169 11.9814
170 11.9814
171 11.9814
172 11.9814
173 11.9814
174 11.9814
175 11.9814
176 11.9814
177 11.9814
178 11.9814
179 11.9814
180 11.9814
181 11.9814
182 11.9814
183 11.9814
184 11.9814
185 11.9814
186 11.9814
187 11.9814
188 11.9814
189 11.9814
190 11.9814
191 11.9814
192 11.9814
193 11.9814
194 11.9814
195 11.9814
196 11.9814
197 11.9814
198 11.9814
199 11.9814
200 11.9814
201 11.9814
202 11.9814
203 11.9814
204 11.9814
205 11.9814
206 11.9814
207 11.9814
208 11.9814
209 11.9814
210 11.9814
211 11.9814
212 11.9814
213 11.9814
214 11.9814
