1 11.98
2 11.98
3 11.98
4 11.98
5 11.98
6 11.98
7 11.98
8 11.98
9 11.98
10 11.98
11 11.98
12 11.98
13 11.98
14 11.98
15 11.98
16 11.98
17 11.98
18 11.98
19 11.98
20 11.98
21 11.98
22 11.98
23 11.98
24 11.98
25 11.98
26 11.98
27 11.98
28 11.98
29 11.98
30 11.98
31 11.98
32 11.98
33 11.98
34 11.98
35 11.98
36 11.98
37 11.98
38 11.98
39 11.98
40 11.98
41 11.98
42 11.98
43 11.98
44 11.98
45 11.98
46 11.98
47 11.98
48 11.98
49 11.98
50 11.98
51 11.98
52 11.98
53 11.98
54 11.98
55 11.98
56 11.98
57 11.98
58 11.98
59 11.98
60 11.98
61 11.98
62 11.98
63 11.98
64 11.98
65 11.98
66 11.98
67 11.98
68 11.98
69 11.98
70 11.98
71 11.98
72 11.98
73 11.98
74 11.98
75 11.98
76 11.9801
77 11.9805
78 11.9813
79 11.9832
80 11.9875
81 11.9947
82 12
83 11.9679
84 11.7632
85 11.1675
86 10.2379
87 9.3014
88 8.50167
89 7.82377
90 7.234
91 6.71164
92 6.24538
93 5.82813
94 5.4545
95 5.12008
96 4.82186
97 4.55872
98 4.33146
99 4.14186
100 3.991
101 3.87758
102 3.91358
103 3.94818
104 3.98104
105 4.01178
106 4.02669
107 4.0414
108 4.04554
109 4.04554
110 4.04141
111 4.02694
112 3.99845
113 3.96864
114 3.93768
115 4.05844
116 4.21257
117 4.39623
118 4.60255
119 4.82542
120 5.06309
121 5.3192
122 5.60093
123 5.91619
124 6.2717
125 6.67261
126 7.12347
127 7.63046
128 8.20552
129 8.87309
130 9.67153
131 10.5977
132 11.4383
133 11.8822
134 11.9946
135 11.9984
136 11.9889
137 11.9831
138 11.9807
139 11.9801
140 11.98
141 11.98
142 11.98
143 11.98
144 11.98
145 11.98
146 11.98
147 11.98
148 11.98
149 11.98
150 11.98
151 11.98
152 11.98
153 11.98
154 11.98
155 11.98
156 11.98
157 11.98
158 11.98
159 11.98
160 11.98
161 11.98
162 11.98
163 11.98
164 11.98
165 11.98
166 11.98
167 11.98
168 11.98
169 11.98
170 11.98
171 11.98
172 11.98
173 11.98
174 11.98
175 11.98
176 11.98
177 11.98
178 11.98
179 11.98
180 11.98
181 11.98
182 11.98
183 11.98
184 11.98
185 11.98
186 11.98
187 11.98
188 11.98
189 11.98
190 11.98
191 11.98
192 11.98
193 11.98
194 11.98
195 11.98
196 11.98
197 11.98
198 11.98
199 11.98
200 11.98
201 11.98
202 11.98
203 11.98
204 11.98
205 11.98
206 11.98
207 11.98
208 11.98
209 11.98
210 11.98
211 11.98
212 11.98
213 11.98
214 11.98
