1 11.9874
2 11.9874
3 11.9874
4 11.9874
5 11.9874
6 11.9874
7 11.9874
8 11.9874
9 11.9874
10 11.9874
11 11.9874
12 11.9874
13 11.9874
14 11.9874
15 11.9874
16 11.9874
17 11.9874
18 11.9874
19 11.9874
20 11.9874
21 11.9874
22 11.9874
23 11.9874
24 11.9874
25 11.9874
26 11.9874
27 11.9874
28 11.9874
29 11.9874
30 11.9874
31 11.9874
32 11.9874
33 11.9874
34 11.9874
35 11.9874
36 11.9874
37 11.9874
38 11.9874
39 11.9874
40 11.9874
41 11.9874
42 11.9874
43 11.9874
44 11.9874
45 11.9874
46 11.9874
47 11.9874
48 11.9874
49 11.9874
50 11.9874
51 11.9874
52 11.9874
53 11.9874
54 11.9874
55 11.9874
56 11.9874
57 11.9874
58 11.9874
59 11.9874
60 11.9874
61 11.9874
62 11.9874
63 11.9874
64 11.9874
65 11.9874
66 11.9874
67 11.9874
68 11.9874
69 11.9874
70 11.9874
71 11.9874
72 11.9875
73 11.9877
74 11.9883
75 11.9898
76 11.993
77 11.998
78 11.9991
79 11.9602
80 11.7501
81 11.1498
82 10.1963
83 9.22981
84 8.41671
85 7.73959
86 7.15637
87 6.6412
88 6.18057
89 5.76678
90 5.39466
91 5.06039
92 4.76146
93 4.49683
94 4.26695
95 4.07302
96 3.91586
97 3.79461
98 3.70596
99 3.64436
100 3.60306
101 3.57554
102 3.6007
103 3.62476
104 3.64765
105 3.66938
106 3.67811
107 3.68675
108 3.68908
109 3.68908
110 3.68675
111 3.67811
112 3.65674
113 3.63431
114 3.6109
115 3.64353
116 3.69111
117 3.76006
118 3.85639
119 3.98376
120 4.14207
121 4.32751
122 4.53441
123 4.75829
124 4.99827
125 5.25764
126 5.54239
127 5.85923
128 6.21417
129 6.61234
130 7.05901
131 7.5622
132 8.13763
133 8.81643
134 9.64292
135 10.5996
136 11.4383
137 11.8706
138 11.9883
139 12
140 11.9943
141 11.99
142 11.988
143 11.9875
144 11.9874
145 11.9874
146 11.9874
147 11.9874
148 11.9874
149 11.9874
150 11.9874
151 11.9874
152 11.9874
153 11.9874
154 11.9874
155 11.9874
156 11.9874
157 11.9874
158 11.9874
159 11.9874
160 11.9874
161 11.9874
162 11.9874
163 11.9874
164 11.9874
165 11.9874
166 11.9874
167 11.9874
168 11.9874
169 11.9874
170 11.9874
171 11.9874
172 11.9874
173 11.9874
174 11.9874
175 11.9874
176 11.9874
177 11.9874
178 11.9874
179 11.9874
180 11.9874
181 11.9874
182 11.9874
183 11.9874
184 11.9874
185 11.9874
186 11.9874
187 11.9874
188 11.9874
189 11.9874
190 11.9874
191 11.9874
192 11.9874
193 11.9874
194 11.9874
195 11.9874
196 11.9874
197 11.9874
198 11.9874
199 11.9874
200 11.9874
201 11.9874
202 11.9874
203 11.9874
204 11.9874
205 11.9874
206 11.9874
207 11.9874
208 11.9874
209 11.9874
210 11.9874
211 11.9874
212 11.9874
213 11.9874
214 11.9874
