1 11.9784
2 11.9784
3 11.9784
4 11.9784
5 11.9784
6 11.9784
7 11.9784
8 11.9784
9 11.9784
10 11.9784
11 11.9784
12 11.9784
13 11.9784
14 11.9784
15 11.9784
16 11.9784
17 11.9784
18 11.9784
19 11.9784
20 11.9784
21 11.9784
22 11.9784
23 11.9784
24 11.9784
25 11.9784
26 11.9784
27 11.9784
28 11.9784
29 11.9784
30 11.9784
31 11.9784
32 11.9784
33 11.9784
34 11.9784
35 11.9784
36 11.9784
37 11.9784
38 11.9784
39 11.9784
40 11.9784
41 11.9784
42 11.9784
43 11.9784
44 11.9784
45 11.9784
46 11.9784
47 11.9784
48 11.9784
49 11.9784
50 11.9784
51 11.9784
52 11.9784
53 11.9784
54 11.9784
55 11.9784
56 11.9784
57 11.9784
58 11.9784
59 11.9784
60 11.9784
61 11.9784
62 11.9784
63 11.9784
64 11.9784
65 11.9784
66 11.9784
67 11.9784
68 11.9784
69 11.9784
70 11.9784
71 11.9784
72 11.9784
73 11.9784
74 11.9784
75 11.9784
76 11.9784
77 11.9786
78 11.9791
79 11.9802
80 11.9833
81 11.9891
82 11.9969
83 11.9923
84 11.9
85 11.52
86 10.7213
87 9.75522
88 8.88502
89 8.15055
90 7.51903
91 6.96359
92 6.46935
93 6.02769
94 5.63253
95 5.27889
96 4.96288
97 4.68233
98 4.43718
99 4.22897
100 4.05942
101 3.92858
102 3.96566
103 4.00094
104 4.03431
105 4.06548
106 4.08159
107 4.09748
108 4.10202
109 4.10202
110 4.09751
111 4.08199
112 4.05362
113 4.02381
114 3.99243
115 4.12931
116 4.29856
117 4.49436
118 4.70946
119 4.93942
120 5.18519
121 5.45266
122 5.74988
123 6.08448
124 6.46239
125 6.88825
126 7.36692
127 7.90652
128 8.52381
129 9.25073
130 10.1196
131 11.0471
132 11.714
133 11.963
134 12
135 11.9918
136 11.9837
137 11.9799
138 11.9786
139 11.9784
140 11.9784
141 11.9784
142 11.9784
143 11.9784
144 11.9784
145 11.9784
146 11.9784
147 11.9784
148 11.9784
149 11.9784
150 11.9784
151 11.9784
152 11.9784
153 11.9784
154 11.9784
155 11.9784
156 11.9784
157 11.9784
158 11.9784
159 11.9784
160 11.9784
161 11.9784
162 11.9784
163 11.9784
164 11.9784
165 11.9784
166 11.9784
167 11.9784
168 11.9784
169 11.9784
170 11.9784
171 11.9784
172 11.9784
173 11.9784
174 11.9784
175 11.9784
176 11.9784
177 11.9784
178 11.9784
179 11.9784
180 11.9784
181 11.9784
182 11.9784
183 11.9784
184 11.9784
185 11.9784
186 11.9784
187 11.9784
188 11.9784
189 11.9784
190 11.9784
191 11.9784
192 11.9784
193 11.9784
194 11.9784
195 11.9784
196 11.9784
197 11.9784
198 11.9784
199 11.9784
200 11.9784
201 11.9784
202 11.9784
203 11.9784
204 11.9784
205 11.9784
206 11.9784
207 11.9784
208 11.9784
209 11.9784
210 11.9784
211 11.9784
212 11.9784
213 11.9784
214 11.9784
