1 11.9788
2 11.9788
3 11.9788
4 11.9788
5 11.9788
6 11.9788
7 11.9788
8 11.9788
9 11.9788
10 11.9788
11 11.9788
12 11.9788
13 11.9788
14 11.9788
15 11.9788
16 11.9788
17 11.9788
18 11.9788
19 11.9788
20 11.9788
21 11.9788
22 11.9788
23 11.9788
24 11.9788
25 11.9788
26 11.9788
27 11.9788
28 11.9788
29 11.9788
30 11.9788
31 11.9788
32 11.9788
33 11.9788
34 11.9788
35 11.9788
36 11.9788
37 11.9788
38 11.9788
39 11.9788
40 11.9788
41 11.9788
42 11.9788
43 11.9788
44 11.9788
45 11.9788
46 11.9788
47 11.9788
48 11.9788
49 11.9788
50 11.9788
51 11.9788
52 11.9788
53 11.9788
54 11.9788
55 11.9788
56 11.9788
57 11.9788
58 11.9788
59 11.9788
60 11.9788
61 11.9788
62 11.9788
63 11.9788
64 11.9788
65 11.9788
66 11.9788
67 11.9788
68 11.9788
69 11.9788
70 11.9788
71 11.9788
72 11.9788
73 11.9788
74 11.9788
75 11.9788
76 11.9788
77 11.9789
78 11.9794
79 11.9803
80 11.9828
81 11.9878
82 11.9958
83 11.9996
84 11.9529
85 11.6969
86 11.0291
87 10.0809
88 9.16775
89 8.39137
90 7.7287
91 7.14924
92 6.63504
93 6.1761
94 5.76575
95 5.39865
96 5.07045
97 4.77826
98 4.52133
99 4.30082
100 4.11867
101 3.97569
102 4.01341
103 4.04893
104 4.08232
105 4.11345
106 4.13041
107 4.14716
108 4.15199
109 4.152
110 4.14722
111 4.13097
112 4.10301
113 4.07342
114 4.04185
115 4.1895
116 4.36821
117 4.57117
118 4.79143
119 5.0261
120 5.278
121 5.55418
122 5.86292
123 6.21141
124 6.60508
125 7.04835
126 7.54662
127 8.10992
128 8.75899
129 9.52973
130 10.4368
131 11.3181
132 11.8398
133 11.9898
134 12
135 11.9896
136 11.9827
137 11.9798
138 11.9789
139 11.9788
140 11.9788
141 11.9788
142 11.9788
143 11.9788
144 11.9788
145 11.9788
146 11.9788
147 11.9788
148 11.9788
149 11.9788
150 11.9788
151 11.9788
152 11.9788
153 11.9788
154 11.9788
155 11.9788
156 11.9788
157 11.9788
158 11.9788
159 11.9788
160 11.9788
161 11.9788
162 11.9788
163 11.9788
164 11.9788
165 11.9788
166 11.9788
167 11.9788
168 11.9788
169 11.9788
170 11.9788
171 11.9788
172 11.9788
173 11.9788
174 11.9788
175 11.9788
176 11.9788
177 11.9788
178 11.9788
179 11.9788
180 11.9788
181 11.9788
182 11.9788
183 11.9788
184 11.9788
185 11.9788
186 11.9788
187 11.9788
188 11.9788
189 11.9788
190 11.9788
191 11.9788
192 11.9788
193 11.9788
194 11.9788
195 11.9788
196 11.9788
197 11.9788
198 11.9788
199 11.9788
200 11.9788
201 11.9788
202 11.9788
203 11.9788
204 11.9788
205 11.9788
206 11.9788
207 11.9788
208 11.9788
209 11.9788
210 11.9788
211 11.9788
212 11.9788
213 11.9788
214 11.9788
