1 11.9783
2 11.9783
3 11.9783
4 11.9783
5 11.9783
6 11.9783
7 11.9783
8 11.9783
9 11.9783
10 11.9783
11 11.9783
12 11.9783
13 11.9783
14 11.9783
15 11.9783
16 11.9783
17 11.9783
18 11.9783
19 11.9783
20 11.9783
21 11.9783
22 11.9783
23 11.9783
24 11.9783
25 11.9783
26 11.9783
27 11.9783
28 11.9783
29 11.9783
30 11.9783
31 11.9783
32 11.9783
33 11.9783
34 11.9783
35 11.9783
36 11.9783
37 11.9783
38 11.9783
39 11.9783
40 11.9783
41 11.9783
42 11.9783
43 11.9783
44 11.9783
45 11.9783
46 11.9783
47 11.9783
48 11.9783
49 11.9783
50 11.9783
51 11.9783
52 11.9783
53 11.9783
54 11.9783
55 11.9783
56 11.9783
57 11.9783
58 11.9783
59 11.9783
60 11.9783
61 11.9783
62 11.9783
63 11.9783
64 11.9783
65 11.9783
66 11.9783
67 11.9783
68 11.9783
69 11.9783
70 11.9783
71 11.9783
72 11.9783
73 11.9783
74 11.9783
75 11.9783
76 11.9783
77 11.9785
78 11.9789
79 11.9797
80 11.9818
81 11.9863
82 11.994
83 12
84 11.9687
85 11.764
86 11.1677
87 10.2417
88 9.30973
89 8.51095
90 7.8314
91 7.23916
92 6.71452
93 6.2466
94 5.82838
95 5.45434
96 5.11989
97 4.82185
98 4.55906
99 4.33246
100 4.144
101 3.99481
102 4.03284
103 4.06841
104 4.10169
105 4.13267
106 4.15009
107 4.16729
108 4.17227
109 4.17227
110 4.16735
111 4.15073
112 4.12309
113 4.09369
114 4.06204
115 4.21502
116 4.39823
117 4.60447
118 4.82716
119 5.06426
120 5.3195
121 5.6004
122 5.91525
123 6.27098
124 6.67276
125 7.125
126 7.6335
127 8.20946
128 8.87595
129 9.67006
130 10.5915
131 11.4352
132 11.8841
133 11.996
134 11.9981
135 11.9877
136 11.9816
137 11.9791
138 11.9785
139 11.9783
140 11.9783
141 11.9783
142 11.9783
143 11.9783
144 11.9783
145 11.9783
146 11.9783
147 11.9783
148 11.9783
149 11.9783
150 11.9783
151 11.9783
152 11.9783
153 11.9783
154 11.9783
155 11.9783
156 11.9783
157 11.9783
158 11.9783
159 11.9783
160 11.9783
161 11.9783
162 11.9783
163 11.9783
164 11.9783
165 11.9783
166 11.9783
167 11.9783
168 11.9783
169 11.9783
170 11.9783
171 11.9783
172 11.9783
173 11.9783
174 11.9783
175 11.9783
176 11.9783
177 11.9783
178 11.9783
179 11.9783
180 11.9783
181 11.9783
182 11.9783
183 11.9783
184 11.9783
185 11.9783
186 11.9783
187 11.9783
188 11.9783
189 11.9783
190 11.9783
191 11.9783
192 11.9783
193 11.9783
194 11.9783
195 11.9783
196 11.9783
197 11.9783
198 11.9783
199 11.9783
200 11.9783
201 11.9783
202 11.9783
203 11.9783
204 11.9783
205 11.9783
206 11.9783
207 11.9783
208 11.9783
209 11.9783
210 11.9783
211 11.9783
212 11.9783
213 11.9783
214 11.9783
