1 11.9788
2 11.9788
3 11.9788
4 11.9788
5 11.9788
6 11.9788
7 11.9788
8 11.9788
9 11.9788
10 11.9788
11 11.9788
12 11.9788
13 11.9788
14 11.9788
15 11.9788
16 11.9788
17 11.9788
18 11.9788
19 11.9788
20 11.9788
21 11.9788
22 11.9788
23 11.9788
24 11.9788
25 11.9788
26 11.9788
27 11.9788
28 11.9788
29 11.9788
30 11.9788
31 11.9788
32 11.9788
33 11.9788
34 11.9788
35 11.9788
36 11.9788
37 11.9788
38 11.9788
39 11.9788
40 11.9788
41 11.9788
42 11.9788
43 11.9788
44 11.9788
45 11.9788
46 11.9788
47 11.9788
48 11.9788
49 11.9788
50 11.9788
51 11.9788
52 11.9788
53 11.9788
54 11.9788
55 11.9788
56 11.9788
57 11.9788
58 11.9788
59 11.9788
60 11.9788
61 11.9788
62 11.9788
63 11.9788
64 11.9788
65 11.9788
66 11.9788
67 11.9788
68 11.9788
69 11.9788
70 11.9788
71 11.9788
72 11.9788
73 11.9788
74 11.9788
75 11.9788
76 11.9788
77 11.9788
78 11.9791
79 11.9797
80 11.9813
81 11.9854
82 11.9926
83 12
84 11.9806
85 11.8201
86 11.2969
87 10.4034
88 9.45611
89 8.63435
90 7.93706
91 7.3315
92 6.79609
93 6.31895
94 5.89267
95 5.51153
96 5.17074
97 4.8668
98 4.59817
99 4.36551
100 4.17074
101 4.01529
102 4.05362
103 4.08917
104 4.12227
105 4.15301
106 4.17088
107 4.18854
108 4.19369
109 4.19369
110 4.18861
111 4.17162
112 4.14438
113 4.11522
114 4.08351
115 4.24174
116 4.42928
117 4.63863
118 4.86366
119 5.10328
120 5.36206
121 5.64793
122 5.96911
123 6.33226
124 6.74231
125 7.2037
126 7.72272
127 8.31193
128 8.99684
129 9.81466
130 10.7453
131 11.541
132 11.9194
133 11.9999
134 11.9964
135 11.9864
136 11.981
137 11.9791
138 11.9788
139 11.9788
140 11.9788
141 11.9788
142 11.9788
143 11.9788
144 11.9788
145 11.9788
146 11.9788
147 11.9788
148 11.9788
149 11.9788
150 11.9788
151 11.9788
152 11.9788
153 11.9788
154 11.9788
155 11.9788
156 11.9788
157 11.9788
158 11.9788
159 11.9788
160 11.9788
161 11.9788
162 11.9788
163 11.9788
164 11.9788
165 11.9788
166 11.9788
167 11.9788
168 11.9788
169 11.9788
170 11.9788
171 11.9788
172 11.9788
173 11.9788
174 11.9788
175 11.9788
176 11.9788
177 11.9788
178 11.9788
179 11.9788
180 11.9788
181 11.9788
182 11.9788
183 11.9788
184 11.9788
185 11.9788
186 11.9788
187 11.9788
188 11.9788
189 11.9788
190 11.9788
191 11.9788
192 11.9788
193 11.9788
194 11.9788
195 11.9788
196 11.9788
197 11.9788
198 11.9788
199 11.9788
200 11.9788
201 11.9788
202 11.9788
203 11.9788
204 11.9788
205 11.9788
206 11.9788
207 11.9788
208 11.9788
209 11.9788
210 11.9788
211 11.9788
212 11.9788
213 11.9788
214 11.9788
