1 11.9769
2 11.9769
3 11.9769
4 11.9769
5 11.9769
6 11.9769
7 11.9769
8 11.9769
9 11.9769
10 11.9769
11 11.9769
12 11.9769
13 11.9769
14 11.9769
15 11.9769
16 11.9769
17 11.9769
18 11.9769
19 11.9769
20 11.9769
21 11.9769
22 11.9769
23 11.9769
24 11.9769
25 11.9769
26 11.9769
27 11.9769
28 11.9769
29 11.9769
30 11.9769
31 11.9769
32 11.9769
33 11.9769
34 11.9769
35 11.9769
36 11.9769
37 11.9769
38 11.9769
39 11.9769
40 11.9769
41 11.9769
42 11.9769
43 11.9769
44 11.9769
45 11.9769
46 11.9769
47 11.9769
48 11.9769
49 11.9769
50 11.9769
51 11.9769
52 11.9769
53 11.9769
54 11.9769
55 11.9769
56 11.9769
57 11.9769
58 11.9769
59 11.9769
60 11.9769
61 11.9769
62 11.9769
63 11.9769
64 11.9769
65 11.9769
66 11.9769
67 11.9769
68 11.9769
69 11.9769
70 11.9769
71 11.9769
72 11.9769
73 11.9769
74 11.9769
75 11.9769
76 11.9769
77 11.9769
78 11.977
79 11.9774
80 11.9783
81 11.9805
82 11.9853
83 11.9934
84 12
85 11.9691
86 11.7635
87 11.1659
88 10.2429
89 9.31451
90 8.51599
91 7.83433
92 7.23933
93 6.71224
94 6.24255
95 5.82331
96 5.44887
97 5.1144
98 4.81653
99 4.55409
100 4.32814
101 4.14084
102 4.18048
103 4.2151
104 4.24569
105 4.2734
106 4.29369
107 4.31384
108 4.31993
109 4.31994
110 4.31402
111 4.29513
112 4.2713
113 4.2441
114 4.21213
115 4.39489
116 4.60109
117 4.82363
118 5.06016
119 5.31449
120 5.59454
121 5.90898
122 6.26495
123 6.66767
124 7.12139
125 7.6316
126 8.20876
127 8.8747
128 9.66521
129 10.5828
130 11.4305
131 11.8856
132 11.9975
133 11.998
134 11.9866
135 11.9803
136 11.9776
137 11.977
138 11.9769
139 11.9769
140 11.9769
141 11.9769
142 11.9769
143 11.9769
144 11.9769
145 11.9769
146 11.9769
147 11.9769
148 11.9769
149 11.9769
150 11.9769
151 11.9769
152 11.9769
153 11.9769
154 11.9769
155 11.9769
156 11.9769
157 11.9769
158 11.9769
159 11.9769
160 11.9769
161 11.9769
162 11.9769
163 11.9769
164 11.9769
165 11.9769
166 11.9769
167 11.9769
168 11.9769
169 11.9769
170 11.9769
171 11.9769
172 11.9769
173 11.9769
174 11.9769
175 11.9769
176 11.9769
177 11.9769
178 11.9769
179 11.9769
180 11.9769
181 11.9769
182 11.9769
183 11.9769
184 11.9769
185 11.9769
186 11.9769
187 11.9769
188 11.9769
189 11.9769
190 11.9769
191 11.9769
192 11.9769
193 11.9769
194 11.9769
195 11.9769
196 11.9769
197 11.9769
198 11.9769
199 11.9769
200 11.9769
201 11.9769
202 11.9769
203 11.9769
204 11.9769
205 11.9769
206 11.9769
207 11.9769
208 11.9769
209 11.9769
210 11.9769
211 11.9769
212 11.9769
213 11.9769
214 11.9769
