1 11.9866
2 11.9866
3 11.9866
4 11.9866
5 11.9866
6 11.9866
7 11.9866
8 11.9866
9 11.9866
10 11.9866
11 11.9866
12 11.9866
13 11.9866
14 11.9866
15 11.9866
16 11.9866
17 11.9866
18 11.9866
19 11.9866
20 11.9866
21 11.9866
22 11.9866
23 11.9866
24 11.9866
25 11.9866
26 11.9866
27 11.9866
28 11.9866
29 11.9866
30 11.9866
31 11.9866
32 11.9866
33 11.9866
34 11.9866
35 11.9866
36 11.9866
37 11.9866
38 11.9866
39 11.9866
40 11.9866
41 11.9866
42 11.9866
43 11.9866
44 11.9866
45 11.9866
46 11.9866
47 11.9866
48 11.9866
49 11.9866
50 11.9866
51 11.9866
52 11.9866
53 11.9866
54 11.9866
55 11.9866
56 11.9866
57 11.9866
58 11.9866
59 11.9866
60 11.9866
61 11.9866
62 11.9866
63 11.9866
64 11.9866
65 11.9866
66 11.9866
67 11.9866
68 11.9866
69 11.9866
70 11.9866
71 11.9866
72 11.9867
73 11.9869
74 11.9874
75 11.9888
76 11.9917
77 11.9967
78 12
79 11.974
80 11.8087
81 11.2853
82 10.3722
83 9.39211
84 8.55451
85 7.85875
86 7.26221
87 6.73673
88 6.26747
89 5.84615
90 5.46732
91 5.12695
92 4.82226
93 4.55198
94 4.31632
95 4.11648
96 3.95344
97 3.82666
98 3.73325
99 3.66791
100 3.62396
101 3.59474
102 3.62033
103 3.64481
104 3.66809
105 3.69017
106 3.69906
107 3.70787
108 3.71024
109 3.71024
110 3.70787
111 3.69906
112 3.67736
113 3.65458
114 3.63081
115 3.66532
116 3.71574
117 3.78856
118 3.88959
119 4.02199
120 4.18502
121 4.37438
122 4.58431
123 4.81076
124 5.05355
125 5.31656
126 5.60608
127 5.92882
128 6.29064
129 6.69656
130 7.15204
131 7.66578
132 8.25519
133 8.95397
134 9.80437
135 10.7623
136 11.5434
137 11.9066
138 11.9941
139 11.999
140 11.9928
141 11.9889
142 11.9872
143 11.9867
144 11.9866
145 11.9866
146 11.9866
147 11.9866
148 11.9866
149 11.9866
150 11.9866
151 11.9866
152 11.9866
153 11.9866
154 11.9866
155 11.9866
156 11.9866
157 11.9866
158 11.9866
159 11.9866
160 11.9866
161 11.9866
162 11.9866
163 11.9866
164 11.9866
165 11.9866
166 11.9866
167 11.9866
168 11.9866
169 11.9866
170 11.9866
171 11.9866
172 11.9866
173 11.9866
174 11.9866
175 11.9866
176 11.9866
177 11.9866
178 11.9866
179 11.9866
180 11.9866
181 11.9866
182 11.9866
183 11.9866
184 11.9866
185 11.9866
186 11.9866
187 11.9866
188 11.9866
189 11.9866
190 11.9866
191 11.9866
192 11.9866
193 11.9866
194 11.9866
195 11.9866
196 11.9866
197 11.9866
198 11.9866
199 11.9866
200 11.9866
201 11.9866
202 11.9866
203 11.9866
204 11.9866
205 11.9866
206 11.9866
207 11.9866
208 11.9866
209 11.9866
210 11.9866
211 11.9866
212 11.9866
213 11.9866
214 11.9866
