1 11.9763
2 11.9763
3 11.9763
4 11.9763
5 11.9763
6 11.9763
7 11.9763
8 11.9763
9 11.9763
10 11.9763
11 11.9763
12 11.9763
13 11.9763
14 11.9763
15 11.9763
16 11.9763
17 11.9763
18 11.9763
19 11.9763
20 11.9763
21 11.9763
22 11.9763
23 11.9763
24 11.9763
25 11.9763
26 11.9763
27 11.9763
28 11.9763
29 11.9763
30 11.9763
31 11.9763
32 11.9763
33 11.9763
34 11.9763
35 11.9763
36 11.9763
37 11.9763
38 11.9763
39 11.9763
40 11.9763
41 11.9763
42 11.9763
43 11.9763
44 11.9763
45 11.9763
46 11.9763
47 11.9763
48 11.9763
49 11.9763
50 11.9763
51 11.9763
52 11.9763
53 11.9763
54 11.9763
55 11.9763
56 11.9763
57 11.9763
58 11.9763
59 11.9763
60 11.9763
61 11.9763
62 11.9763
63 11.9763
64 11.9763
65 11.9763
66 11.9763
67 11.9763
68 11.9763
69 11.9763
70 11.9763
71 11.9763
72 11.9763
73 11.9763
74 11.9763
75 11.9763
76 11.9763
77 11.9763
78 11.9764
79 11.9768
80 11.9776
81 11.9793
82 11.9836
83 11.991
84 11.9988
85 11.9798
86 11.8187
87 11.294
88 10.403
89 9.45983
90 8.63895
91 7.9398
92 7.33148
93 6.79351
94 6.31447
95 5.88705
96 5.50542
97 5.16456
98 4.86077
99 4.59245
100 4.36038
101 4.16668
102 4.20656
103 4.2408
104 4.27053
105 4.29718
106 4.31798
107 4.33866
108 4.34497
109 4.34498
110 4.33887
111 4.3196
112 4.29675
113 4.27008
114 4.23806
115 4.42524
116 4.63457
117 4.8594
118 5.09837
119 5.35622
120 5.64129
121 5.96215
122 6.32566
123 6.73676
124 7.19972
125 7.72044
126 8.31067
127 8.99454
128 9.80822
129 10.7355
130 11.5364
131 11.9201
132 12
133 11.9951
134 11.9843
135 11.9788
136 11.9768
137 11.9764
138 11.9763
139 11.9763
140 11.9763
141 11.9763
142 11.9763
143 11.9763
144 11.9763
145 11.9763
146 11.9763
147 11.9763
148 11.9763
149 11.9763
150 11.9763
151 11.9763
152 11.9763
153 11.9763
154 11.9763
155 11.9763
156 11.9763
157 11.9763
158 11.9763
159 11.9763
160 11.9763
161 11.9763
162 11.9763
163 11.9763
164 11.9763
165 11.9763
166 11.9763
167 11.9763
168 11.9763
169 11.9763
170 11.9763
171 11.9763
172 11.9763
173 11.9763
174 11.9763
175 11.9763
176 11.9763
177 11.9763
178 11.9763
179 11.9763
180 11.9763
181 11.9763
182 11.9763
183 11.9763
184 11.9763
185 11.9763
186 11.9763
187 11.9763
188 11.9763
189 11.9763
190 11.9763
191 11.9763
192 11.9763
193 11.9763
194 11.9763
195 11.9763
196 11.9763
197 11.9763
198 11.9763
199 11.9763
200 11.9763
201 11.9763
202 11.9763
203 11.9763
204 11.9763
205 11.9763
206 11.9763
207 11.9763
208 11.9763
209 11.9763
210 11.9763
211 11.9763
212 11.9763
213 11.9763
214 11.9763
