1 11.9742
2 11.9742
3 11.9742
4 11.9742
5 11.9742
6 11.9742
7 11.9742
8 11.9742
9 11.9742
10 11.9742
11 11.9742
12 11.9742
13 11.9742
14 11.9742
15 11.9742
16 11.9742
17 11.9742
18 11.9742
19 11.9742
20 11.9742
21 11.9742
22 11.9742
23 11.9742
24 11.9742
25 11.9742
26 11.9742
27 11.9742
28 11.9742
29 11.9742
30 11.9742
31 11.9742
32 11.9742
33 11.9742
34 11.9742
35 11.9742
36 11.9742
37 11.9742
38 11.9742
39 11.9742
40 11.9742
41 11.9742
42 11.9742
43 11.9742
44 11.9742
45 11.9742
46 11.9742
47 11.9742
48 11.9742
49 11.9742
50 11.9742
51 11.9742
52 11.9742
53 11.9742
54 11.9742
55 11.9742
56 11.9742
57 11.9742
58 11.9742
59 11.9742
60 11.9742
61 11.9742
62 11.9742
63 11.9742
64 11.9742
65 11.9742
66 11.9742
67 11.9742
68 11.9742
69 11.9742
70 11.9742
71 11.9742
72 11.9742
73 11.9742
74 11.9742
75 11.9742
76 11.9742
77 11.9742
78 11.9742
79 11.9744
80 11.9749
81 11.9762
82 11.9797
83 11.9862
84 11.9951
85 11.9917
86 11.8994
87 11.5163
88 10.7191
89 9.76176
90 8.89588
91 8.15917
92 7.52248
93 6.96169
94 6.4632
95 6.01878
96 5.62225
97 5.26824
98 4.95242
99 4.67238
100 4.42818
101 4.22174
102 4.26209
103 4.29539
104 4.32298
105 4.34698
106 4.36881
107 4.39056
108 4.39733
109 4.39735
110 4.39085
111 4.37084
112 4.35026
113 4.32475
114 4.29256
115 4.48798
116 4.70302
117 4.93228
118 5.17651
119 5.44211
120 5.73799
121 6.07238
122 6.45148
123 6.87982
124 7.36179
125 7.90452
126 8.52276
127 9.24548
128 10.1049
129 11.0307
130 11.7112
131 11.966
132 12
133 11.9892
134 11.9799
135 11.9758
136 11.9744
137 11.9742
138 11.9742
139 11.9742
140 11.9742
141 11.9742
142 11.9742
143 11.9742
144 11.9742
145 11.9742
146 11.9742
147 11.9742
148 11.9742
149 11.9742
150 11.9742
151 11.9742
152 11.9742
153 11.9742
154 11.9742
155 11.9742
156 11.9742
157 11.9742
158 11.9742
159 11.9742
160 11.9742
161 11.9742
162 11.9742
163 11.9742
164 11.9742
165 11.9742
166 11.9742
167 11.9742
168 11.9742
169 11.9742
170 11.9742
171 11.9742
172 11.9742
173 11.9742
174 11.9742
175 11.9742
176 11.9742
177 11.9742
178 11.9742
179 11.9742
180 11.9742
181 11.9742
182 11.9742
183 11.9742
184 11.9742
185 11.9742
186 11.9742
187 11.9742
188 11.9742
189 11.9742
190 11.9742
191 11.9742
192 11.9742
193 11.9742
194 11.9742
195 11.9742
196 11.9742
197 11.9742
198 11.9742
199 11.9742
200 11.9742
201 11.9742
202 11.9742
203 11.9742
204 11.9742
205 11.9742
206 11.9742
207 11.9742
208 11.9742
209 11.9742
210 11.9742
211 11.9742
212 11.9742
213 11.9742
214 11.9742
