1 11.9756
2 11.9756
3 11.9756
4 11.9756
5 11.9756
6 11.9756
7 11.9756
8 11.9756
9 11.9756
10 11.9756
11 11.9756
12 11.9756
13 11.9756
14 11.9756
15 11.9756
16 11.9756
17 11.9756
18 11.9756
19 11.9756
20 11.9756
21 11.9756
22 11.9756
23 11.9756
24 11.9756
25 11.9756
26 11.9756
27 11.9756
28 11.9756
29 11.9756
30 11.9756
31 11.9756
32 11.9756
33 11.9756
34 11.9756
35 11.9756
36 11.9756
37 11.9756
38 11.9756
39 11.9756
40 11.9756
41 11.9756
42 11.9756
43 11.9756
44 11.9756
45 11.9756
46 11.9756
47 11.9756
48 11.9756
49 11.9756
50 11.9756
51 11.9756
52 11.9756
53 11.9756
54 11.9756
55 11.9756
56 11.9756
57 11.9756
58 11.9756
59 11.9756
60 11.9756
61 11.9756
62 11.9756
63 11.9756
64 11.9756
65 11.9756
66 11.9756
67 11.9756
68 11.9756
69 11.9756
70 11.9756
71 11.9756
72 11.9756
73 11.9756
74 11.9756
75 11.9756
76 11.9756
77 11.9756
78 11.9756
79 11.9757
80 11.9762
81 11.9772
82 11.9796
83 11.9847
84 11.9931
85 12
86 11.9688
87 11.761
88 11.1608
89 10.2397
90 9.31396
91 8.51494
92 7.83068
93 7.23261
94 6.70289
95 6.23134
96 5.81105
97 5.43619
98 5.10171
99 4.80402
100 4.54193
101 4.31663
102 4.3577
103 4.38908
104 4.41234
105 4.43082
106 4.45419
107 4.47759
108 4.48513
109 4.48517
110 4.47804
111 4.45696
112 4.44051
113 4.41693
114 4.38432
115 4.59052
116 4.81294
117 5.04889
118 5.30229
119 5.58146
120 5.89547
121 6.25171
122 6.65543
123 7.11077
124 7.62287
125 8.20156
126 8.86746
127 9.65521
128 10.5701
129 11.4233
130 11.8863
131 11.999
132 11.9981
133 11.9859
134 11.9792
135 11.9765
136 11.9757
137 11.9756
138 11.9756
139 11.9756
140 11.9756
141 11.9756
142 11.9756
143 11.9756
144 11.9756
145 11.9756
146 11.9756
147 11.9756
148 11.9756
149 11.9756
150 11.9756
151 11.9756
152 11.9756
153 11.9756
154 11.9756
155 11.9756
156 11.9756
157 11.9756
158 11.9756
159 11.9756
160 11.9756
161 11.9756
162 11.9756
163 11.9756
164 11.9756
165 11.9756
166 11.9756
167 11.9756
168 11.9756
169 11.9756
170 11.9756
171 11.9756
172 11.9756
173 11.9756
174 11.9756
175 11.9756
176 11.9756
177 11.9756
178 11.9756
179 11.9756
180 11.9756
181 11.9756
182 11.9756
183 11.9756
184 11.9756
185 11.9756
186 11.9756
187 11.9756
188 11.9756
189 11.9756
190 11.9756
191 11.9756
192 11.9756
193 11.9756
194 11.9756
195 11.9756
196 11.9756
197 11.9756
198 11.9756
199 11.9756
200 11.9756
201 11.9756
202 11.9756
203 11.9756
204 11.9756
205 11.9756
206 11.9756
207 11.9756
208 11.9756
209 11.9756
210 11.9756
211 11.9756
212 11.9756
213 11.9756
214 11.9756
