1 11.9722
2 11.9722
3 11.9722
4 11.9722
5 11.9722
6 11.9722
7 11.9722
8 11.9722
9 11.9722
10 11.9722
11 11.9722
12 11.9722
13 11.9722
14 11.9722
15 11.9722
16 11.9722
17 11.9722
18 11.9722
19 11.9722
20 11.9722
21 11.9722
22 11.9722
23 11.9722
24 11.9722
25 11.9722
26 11.9722
27 11.9722
28 11.9722
29 11.9722
30 11.9722
31 11.9722
32 11.9722
33 11.9722
34 11.9722
35 11.9722
36 11.9722
37 11.9722
38 11.9722
39 11.9722
40 11.9722
41 11.9722
42 11.9722
43 11.9722
44 11.9722
45 11.9722
46 11.9722
47 11.9722
48 11.9722
49 11.9722
50 11.9722
51 11.9722
52 11.9722
53 11.9722
54 11.9722
55 11.9722
56 11.9722
57 11.9722
58 11.9722
59 11.9722
60 11.9722
61 11.9722
62 11.9722
63 11.9722
64 11.9722
65 11.9722
66 11.9722
67 11.9722
68 11.9722
69 11.9722
70 11.9722
71 11.9722
72 11.9722
73 11.9722
74 11.9722
75 11.9722
76 11.9722
77 11.9722
78 11.9722
79 11.9722
80 11.9726
81 11.9734
82 11.975
83 11.9791
84 11.9864
85 11.9953
86 11.9851
87 11.86
88 11.4042
89 10.5555
90 9.60529
91 8.76223
92 8.04248
93 7.41714
94 6.86504
95 6.37422
96 5.93708
97 5.54749
98 5.2
99 4.89036
100 4.61646
101 4.37883
102 4.42039
103 4.45018
104 4.46976
105 4.48341
106 4.50779
107 4.53228
108 4.54039
109 4.54045
110 4.53288
111 4.51112
112 4.49786
113 4.4756
114 4.44256
115 4.65486
116 4.88168
117 5.12248
118 5.3831
119 5.67266
120 5.99997
121 6.37173
122 6.79263
123 7.26679
124 7.80027
125 8.40543
126 9.10748
127 9.94101
128 10.8709
129 11.624
130 11.9463
131 12
132 11.9901
133 11.9794
134 11.9744
135 11.9726
136 11.9722
137 11.9722
138 11.9722
139 11.9722
140 11.9722
141 11.9722
142 11.9722
143 11.9722
144 11.9722
145 11.9722
146 11.9722
147 11.9722
148 11.9722
149 11.9722
150 11.9722
151 11.9722
152 11.9722
153 11.9722
154 11.9722
155 11.9722
156 11.9722
157 11.9722
158 11.9722
159 11.9722
160 11.9722
161 11.9722
162 11.9722
163 11.9722
164 11.9722
165 11.9722
166 11.9722
167 11.9722
168 11.9722
169 11.9722
170 11.9722
171 11.9722
172 11.9722
173 11.9722
174 11.9722
175 11.9722
176 11.9722
177 11.9722
178 11.9722
179 11.9722
180 11.9722
181 11.9722
182 11.9722
183 11.9722
184 11.9722
185 11.9722
186 11.9722
187 11.9722
188 11.9722
189 11.9722
190 11.9722
191 11.9722
192 11.9722
193 11.9722
194 11.9722
195 11.9722
196 11.9722
197 11.9722
198 11.9722
199 11.9722
200 11.9722
201 11.9722
202 11.9722
203 11.9722
204 11.9722
205 11.9722
206 11.9722
207 11.9722
208 11.9722
209 11.9722
210 11.9722
211 11.9722
212 11.9722
213 11.9722
214 11.9722
