1 11.986
2 11.986
3 11.986
4 11.986
5 11.986
6 11.986
7 11.986
8 11.986
9 11.986
10 11.986
11 11.986
12 11.986
13 11.986
14 11.986
15 11.986
16 11.986
17 11.986
18 11.986
19 11.986
20 11.986
21 11.986
22 11.986
23 11.986
24 11.986
25 11.986
26 11.986
27 11.986
28 11.986
29 11.986
30 11.986
31 11.986
32 11.986
33 11.986
34 11.986
35 11.986
36 11.986
37 11.986
38 11.986
39 11.986
40 11.986
41 11.986
42 11.986
43 11.986
44 11.986
45 11.986
46 11.986
47 11.986
48 11.986
49 11.986
50 11.986
51 11.986
52 11.986
53 11.986
54 11.986
55 11.986
56 11.986
57 11.986
58 11.986
59 11.986
60 11.986
61 11.986
62 11.986
63 11.986
64 11.986
65 11.986
66 11.986
67 11.986
68 11.986
69 11.986
70 11.986
71 11.986
72 11.986
73 11.9861
74 11.9865
75 11.9876
76 11.9904
77 11.9952
78 12
79 11.9841
80 11.857
81 11.409
82 10.5471
83 9.56023
84 8.69858
85 7.98339
86 7.37296
87 6.83683
88 6.35872
89 5.92971
90 5.54404
91 5.19747
92 4.88699
93 4.61104
94 4.36964
95 4.16389
96 3.99492
97 3.86253
98 3.7642
99 3.69495
100 3.64819
101 3.61713
102 3.64317
103 3.66808
104 3.69175
105 3.71418
106 3.72325
107 3.73222
108 3.73464
109 3.73464
110 3.73222
111 3.72325
112 3.70122
113 3.67807
114 3.65394
115 3.69047
116 3.74389
117 3.82073
118 3.92656
119 4.064
120 4.23166
121 4.42479
122 4.63764
123 4.86664
124 5.11233
125 5.37915
126 5.67365
127 6.00247
128 6.37133
129 6.78516
130 7.24963
131 7.77425
132 8.37826
133 9.09769
134 9.97036
135 10.9205
136 11.6359
137 11.935
138 11.9976
139 11.9976
140 11.9913
141 11.9877
142 11.9863
143 11.986
144 11.986
145 11.986
146 11.986
147 11.986
148 11.986
149 11.986
150 11.986
151 11.986
152 11.986
153 11.986
154 11.986
155 11.986
156 11.986
157 11.986
158 11.986
159 11.986
160 11.986
161 11.986
162 11.986
163 11.986
164 11.986
165 11.986
166 11.986
167 11.986
168 11.986
169 11.986
170 11.986
171 11.986
172 11.986
173 11.986
174 11.986
175 11.986
176 11.986
177 11.986
178 11.986
179 11.986
180 11.986
181 11.986
182 11.986
183 11.986
184 11.986
185 11.986
186 11.986
187 11.986
188 11.986
189 11.986
190 11.986
191 11.986
192 11.986
193 11.986
194 11.986
195 11.986
196 11.986
197 11.986
198 11.986
199 11.986
200 11.986
201 11.986
202 11.986
203 11.986
204 11.986
205 11.986
206 11.986
207 11.986
208 11.986
209 11.986
210 11.986
211 11.986
212 11.986
213 11.986
214 11.986
