1 11.9697
2 11.9697
3 11.9697
4 11.9697
5 11.9697
6 11.9697
7 11.9697
8 11.9697
9 11.9697
10 11.9697
11 11.9697
12 11.9697
13 11.9697
14 11.9697
15 11.9697
16 11.9697
17 11.9697
18 11.9697
19 11.9697
20 11.9697
21 11.9697
22 11.9697
23 11.9697
24 11.9697
25 11.9697
26 11.9697
27 11.9697
28 11.9697
29 11.9697
30 11.9697
31 11.9697
32 11.9697
33 11.9697
34 11.9697
35 11.9697
36 11.9697
37 11.9697
38 11.9697
39 11.9697
40 11.9697
41 11.9697
42 11.9697
43 11.9697
44 11.9697
45 11.9697
46 11.9697
47 11.9697
48 11.9697
49 11.9697
50 11.9697
51 11.9697
52 11.9697
53 11.9697
54 11.9697
55 11.9697
56 11.9697
57 11.9697
58 11.9697
59 11.9697
60 11.9697
61 11.9697
62 11.9697
63 11.9697
64 11.9697
65 11.9697
66 11.9697
67 11.9697
68 11.9697
69 11.9697
70 11.9697
71 11.9697
72 11.9697
73 11.9697
74 11.9697
75 11.9697
76 11.9697
77 11.9697
78 11.9697
79 11.9697
80 11.9698
81 11.9701
82 11.9708
83 11.9724
84 11.9764
85 11.9835
86 11.9931
87 11.9894
88 11.8939
89 11.5037
90 10.706
91 9.75547
92 8.89155
93 8.15069
94 7.5075
95 6.94049
96 6.43721
97 5.98977
98 5.59181
99 5.23745
100 4.92185
101 4.64231
102 4.68599
103 4.70844
104 4.70991
105 4.69839
106 4.72597
107 4.75384
108 4.76435
109 4.76455
110 4.75529
111 4.73139
112 4.73092
113 4.71249
114 4.67653
115 4.90518
116 5.1478
117 5.41139
118 5.70581
119 6.04002
120 6.4205
121 6.85166
122 7.33749
123 7.88419
124 8.50471
125 9.22514
126 10.0773
127 11.004
128 11.703
129 11.9677
130 12
131 11.9866
132 11.9762
133 11.9717
134 11.9701
135 11.9698
136 11.9697
137 11.9697
138 11.9697
139 11.9697
140 11.9697
141 11.9697
142 11.9697
143 11.9697
144 11.9697
145 11.9697
146 11.9697
147 11.9697
148 11.9697
149 11.9697
150 11.9697
151 11.9697
152 11.9697
153 11.9697
154 11.9697
155 11.9697
156 11.9697
157 11.9697
158 11.9697
159 11.9697
160 11.9697
161 11.9697
162 11.9697
163 11.9697
164 11.9697
165 11.9697
166 11.9697
167 11.9697
168 11.9697
169 11.9697
170 11.9697
171 11.9697
172 11.9697
173 11.9697
174 11.9697
175 11.9697
176 11.9697
177 11.9697
178 11.9697
179 11.9697
180 11.9697
181 11.9697
182 11.9697
183 11.9697
184 11.9697
185 11.9697
186 11.9697
187 11.9697
188 11.9697
189 11.9697
190 11.9697
191 11.9697
192 11.9697
193 11.9697
194 11.9697
195 11.9697
196 11.9697
197 11.9697
198 11.9697
199 11.9697
200 11.9697
201 11.9697
202 11.9697
203 11.9697
204 11.9697
205 11.9697
206 11.9697
207 11.9697
208 11.9697
209 11.9697
210 11.9697
211 11.9697
212 11.9697
213 11.9697
214 11.9697
