1 11.9727
2 11.9727
3 11.9727
4 11.9727
5 11.9727
6 11.9727
7 11.9727
8 11.9727
9 11.9727
10 11.9727
11 11.9727
12 11.9727
13 11.9727
14 11.9727
15 11.9727
16 11.9727
17 11.9727
18 11.9727
19 11.9727
20 11.9727
21 11.9727
22 11.9727
23 11.9727
24 11.9727
25 11.9727
26 11.9727
27 11.9727
28 11.9727
29 11.9727
30 11.9727
31 11.9727
32 11.9727
33 11.9727
34 11.9727
35 11.9727
36 11.9727
37 11.9727
38 11.9727
39 11.9727
40 11.9727
41 11.9727
42 11.9727
43 11.9727
44 11.9727
45 11.9727
46 11.9727
47 11.9727
48 11.9727
49 11.9727
50 11.9727
51 11.9727
52 11.9727
53 11.9727
54 11.9727
55 11.9727
56 11.9727
57 11.9727
58 11.9727
59 11.9727
60 11.9727
61 11.9727
62 11.9727
63 11.9727
64 11.9727
65 11.9727
66 11.9727
67 11.9727
68 11.9727
69 11.9727
70 11.9727
71 11.9727
72 11.9727
73 11.9727
74 11.9727
75 11.9727
76 11.9727
77 11.9727
78 11.9727
79 11.9727
80 11.9727
81 11.9729
82 11.9734
83 11.9746
84 11.9778
85 11.9839
86 11.9933
87 11.998
88 11.9489
89 11.6824
90 11.0074
91 10.0713
92 9.16787
93 8.38766
94 7.71372
95 7.12188
96 6.59743
97 6.13149
98 5.71738
99 5.34899
100 5.02092
101 4.72955
102 4.77396
103 4.79389
104 4.78871
105 4.76752
106 4.79586
107 4.82444
108 4.83576
109 4.83602
110 4.82624
111 4.80177
112 4.80505
113 4.78725
114 4.75003
115 4.98276
116 5.23103
117 5.50345
118 5.81006
119 6.15916
120 6.55645
121 7.00592
122 7.51186
123 8.08189
124 8.73229
125 9.49339
126 10.3858
127 11.2813
128 11.8378
129 11.9955
130 12
131 11.9856
132 11.9773
133 11.9739
134 11.9729
135 11.9727
136 11.9727
137 11.9727
138 11.9727
139 11.9727
140 11.9727
141 11.9727
142 11.9727
143 11.9727
144 11.9727
145 11.9727
146 11.9727
147 11.9727
148 11.9727
149 11.9727
150 11.9727
151 11.9727
152 11.9727
153 11.9727
154 11.9727
155 11.9727
156 11.9727
157 11.9727
158 11.9727
159 11.9727
160 11.9727
161 11.9727
162 11.9727
163 11.9727
164 11.9727
165 11.9727
166 11.9727
167 11.9727
168 11.9727
169 11.9727
170 11.9727
171 11.9727
172 11.9727
173 11.9727
174 11.9727
175 11.9727
176 11.9727
177 11.9727
178 11.9727
179 11.9727
180 11.9727
181 11.9727
182 11.9727
183 11.9727
184 11.9727
185 11.9727
186 11.9727
187 11.9727
188 11.9727
189 11.9727
190 11.9727
191 11.9727
192 11.9727
193 11.9727
194 11.9727
195 11.9727
196 11.9727
197 11.9727
198 11.9727
199 11.9727
200 11.9727
201 11.9727
202 11.9727
203 11.9727
204 11.9727
205 11.9727
206 11.9727
207 11.9727
208 11.9727
209 11.9727
210 11.9727
211 11.9727
212 11.9727
213 11.9727
214 11.9727
