1 11.9666
2 11.9666
3 11.9666
4 11.9666
5 11.9666
6 11.9666
7 11.9666
8 11.9666
9 11.9666
10 11.9666
11 11.9666
12 11.9666
13 11.9666
14 11.9666
15 11.9666
16 11.9666
17 11.9666
18 11.9666
19 11.9666
20 11.9666
21 11.9666
22 11.9666
23 11.9666
24 11.9666
25 11.9666
26 11.9666
27 11.9666
28 11.9666
29 11.9666
30 11.9666
31 11.9666
32 11.9666
33 11.9666
34 11.9666
35 11.9666
36 11.9666
37 11.9666
38 11.9666
39 11.9666
40 11.9666
41 11.9666
42 11.9666
43 11.9666
44 11.9666
45 11.9666
46 11.9666
47 11.9666
48 11.9666
49 11.9666
50 11.9666
51 11.9666
52 11.9666
53 11.9666
54 11.9666
55 11.9666
56 11.9666
57 11.9666
58 11.9666
59 11.9666
60 11.9666
61 11.9666
62 11.9666
63 11.9666
64 11.9666
65 11.9666
66 11.9666
67 11.9666
68 11.9666
69 11.9666
70 11.9666
71 11.9666
72 11.9666
73 11.9666
74 11.9666
75 11.9666
76 11.9666
77 11.9666
78 11.9666
79 11.9666
80 11.9666
81 11.9667
82 11.9671
83 11.9679
84 11.9701
85 11.9747
86 11.9829
87 11.9923
88 11.9812
89 11.851
90 11.3878
91 10.5415
92 9.59878
93 8.75634
94 8.03138
95 7.39905
96 6.84061
97 6.34511
98 5.90514
99 5.51432
100 5.16665
101 4.85729
102 4.90287
103 4.91869
104 4.9024
105 4.8647
106 4.89401
107 4.9233
108 4.93591
109 4.93629
110 4.92574
111 4.90041
112 4.90901
113 4.89165
114 4.85225
115 5.09157
116 5.35011
117 5.638
118 5.96488
119 6.33781
120 6.76144
121 7.23952
122 7.7773
123 8.3855
124 9.08647
125 9.91301
126 10.8401
127 11.6104
128 11.9469
129 12
130 11.9871
131 11.9749
132 11.9694
133 11.9673
134 11.9667
135 11.9666
136 11.9666
137 11.9666
138 11.9666
139 11.9666
140 11.9666
141 11.9666
142 11.9666
143 11.9666
144 11.9666
145 11.9666
146 11.9666
147 11.9666
148 11.9666
149 11.9666
150 11.9666
151 11.9666
152 11.9666
153 11.9666
154 11.9666
155 11.9666
156 11.9666
157 11.9666
158 11.9666
159 11.9666
160 11.9666
161 11.9666
162 11.9666
163 11.9666
164 11.9666
165 11.9666
166 11.9666
167 11.9666
168 11.9666
169 11.9666
170 11.9666
171 11.9666
172 11.9666
173 11.9666
174 11.9666
175 11.9666
176 11.9666
177 11.9666
178 11.9666
179 11.9666
180 11.9666
181 11.9666
182 11.9666
183 11.9666
184 11.9666
185 11.9666
186 11.9666
187 11.9666
188 11.9666
189 11.9666
190 11.9666
191 11.9666
192 11.9666
193 11.9666
194 11.9666
195 11.9666
196 11.9666
197 11.9666
198 11.9666
199 11.9666
200 11.9666
201 11.9666
202 11.9666
203 11.9666
204 11.9666
205 11.9666
206 11.9666
207 11.9666
208 11.9666
209 11.9666
210 11.9666
211 11.9666
212 11.9666
213 11.9666
214 11.9666
