1 11.967
2 11.967
3 11.967
4 11.967
5 11.967
6 11.967
7 11.967
8 11.967
9 11.967
10 11.967
11 11.967
12 11.967
13 11.967
14 11.967
15 11.967
16 11.967
17 11.967
18 11.967
19 11.967
20 11.967
21 11.967
22 11.967
23 11.967
24 11.967
25 11.967
26 11.967
27 11.967
28 11.967
29 11.967
30 11.967
31 11.967
32 11.967
33 11.967
34 11.967
35 11.967
36 11.967
37 11.967
38 11.967
39 11.967
40 11.967
41 11.967
42 11.967
43 11.967
44 11.967
45 11.967
46 11.967
47 11.967
48 11.967
49 11.967
50 11.967
51 11.967
52 11.967
53 11.967
54 11.967
55 11.967
56 11.967
57 11.967
58 11.967
59 11.967
60 11.967
61 11.967
62 11.967
63 11.967
64 11.967
65 11.967
66 11.967
67 11.967
68 11.967
69 11.967
70 11.967
71 11.967
72 11.967
73 11.967
74 11.967
75 11.967
76 11.967
77 11.967
78 11.967
79 11.967
80 11.967
81 11.9671
82 11.9674
83 11.9681
84 11.97
85 11.9742
86 11.9818
87 11.9917
88 11.9876
89 11.8895
90 11.495
91 10.6977
92 9.75144
93 8.88846
94 8.14514
95 7.49832
96 6.9279
97 6.42204
98 5.973
99 5.5743
100 5.21979
101 4.90431
102 4.9503
103 4.96465
104 4.94436
105 4.90066
106 4.93024
107 4.95964
108 4.97271
109 4.97315
110 4.96232
111 4.9367
112 4.94697
113 4.92963
114 4.88944
115 5.13122
116 5.39374
117 5.68738
118 6.02151
119 6.40274
120 6.83545
121 7.32338
122 7.8723
123 8.49425
124 9.21375
125 10.0621
126 10.9885
127 11.6976
128 11.9685
129 12
130 11.9851
131 11.9741
132 11.9693
133 11.9676
134 11.9671
135 11.967
136 11.967
137 11.967
138 11.967
139 11.967
140 11.967
141 11.967
142 11.967
143 11.967
144 11.967
145 11.967
146 11.967
147 11.967
148 11.967
149 11.967
150 11.967
151 11.967
152 11.967
153 11.967
154 11.967
155 11.967
156 11.967
157 11.967
158 11.967
159 11.967
160 11.967
161 11.967
162 11.967
163 11.967
164 11.967
165 11.967
166 11.967
167 11.967
168 11.967
169 11.967
170 11.967
171 11.967
172 11.967
173 11.967
174 11.967
175 11.967
176 11.967
177 11.967
178 11.967
179 11.967
180 11.967
181 11.967
182 11.967
183 11.967
184 11.967
185 11.967
186 11.967
187 11.967
188 11.967
189 11.967
190 11.967
191 11.967
192 11.967
193 11.967
194 11.967
195 11.967
196 11.967
197 11.967
198 11.967
199 11.967
200 11.967
201 11.967
202 11.967
203 11.967
204 11.967
205 11.967
206 11.967
207 11.967
208 11.967
209 11.967
210 11.967
211 11.967
212 11.967
213 11.967
214 11.967
