1 11.9688
2 11.9688
3 11.9688
4 11.9688
5 11.9688
6 11.9688
7 11.9688
8 11.9688
9 11.9688
10 11.9688
11 11.9688
12 11.9688
13 11.9688
14 11.9688
15 11.9688
16 11.9688
17 11.9688
18 11.9688
19 11.9688
20 11.9688
21 11.9688
22 11.9688
23 11.9688
24 11.9688
25 11.9688
26 11.9688
27 11.9688
28 11.9688
29 11.9688
30 11.9688
31 11.9688
32 11.9688
33 11.9688
34 11.9688
35 11.9688
36 11.9688
37 11.9688
38 11.9688
39 11.9688
40 11.9688
41 11.9688
42 11.9688
43 11.9688
44 11.9688
45 11.9688
46 11.9688
47 11.9688
48 11.9688
49 11.9688
50 11.9688
51 11.9688
52 11.9688
53 11.9688
54 11.9688
55 11.9688
56 11.9688
57 11.9688
58 11.9688
59 11.9688
60 11.9688
61 11.9688
62 11.9688
63 11.9688
64 11.9688
65 11.9688
66 11.9688
67 11.9688
68 11.9688
69 11.9688
70 11.9688
71 11.9688
72 11.9688
73 11.9688
74 11.9688
75 11.9688
76 11.9688
77 11.9688
78 11.9688
79 11.9688
80 11.9688
81 11.9689
82 11.9691
83 11.9697
84 11.9713
85 11.975
86 11.982
87 11.9919
88 11.9929
89 11.9209
90 11.5911
91 10.851
92 9.90805
93 9.0254
94 8.26313
95 7.60128
96 7.01853
97 6.50203
98 6.04368
99 5.63688
100 5.27538
101 4.95369
102 5.00009
103 5.01293
104 4.98849
105 4.93852
106 4.96836
107 4.99782
108 5.01135
109 5.01184
110 5.00075
111 4.97482
112 4.98669
113 4.96932
114 4.92832
115 5.17275
116 5.43954
117 5.73923
118 6.08084
119 6.47054
120 6.91245
121 7.41042
122 7.97079
123 8.60706
124 9.34591
125 10.215
126 11.1322
127 11.7728
128 11.9849
129 12
130 11.9844
131 11.9745
132 11.9705
133 11.9691
134 11.9689
135 11.9688
136 11.9688
137 11.9688
138 11.9688
139 11.9688
140 11.9688
141 11.9688
142 11.9688
143 11.9688
144 11.9688
145 11.9688
146 11.9688
147 11.9688
148 11.9688
149 11.9688
150 11.9688
151 11.9688
152 11.9688
153 11.9688
154 11.9688
155 11.9688
156 11.9688
157 11.9688
158 11.9688
159 11.9688
160 11.9688
161 11.9688
162 11.9688
163 11.9688
164 11.9688
165 11.9688
166 11.9688
167 11.9688
168 11.9688
169 11.9688
170 11.9688
171 11.9688
172 11.9688
173 11.9688
174 11.9688
175 11.9688
176 11.9688
177 11.9688
178 11.9688
179 11.9688
180 11.9688
181 11.9688
182 11.9688
183 11.9688
184 11.9688
185 11.9688
186 11.9688
187 11.9688
188 11.9688
189 11.9688
190 11.9688
191 11.9688
192 11.9688
193 11.9688
194 11.9688
195 11.9688
196 11.9688
197 11.9688
198 11.9688
199 11.9688
200 11.9688
201 11.9688
202 11.9688
203 11.9688
204 11.9688
205 11.9688
206 11.9688
207 11.9688
208 11.9688
209 11.9688
210 11.9688
211 11.9688
212 11.9688
213 11.9688
214 11.9688
