1 11.9708
2 11.9708
3 11.9708
4 11.9708
5 11.9708
6 11.9708
7 11.9708
8 11.9708
9 11.9708
10 11.9708
11 11.9708
12 11.9708
13 11.9708
14 11.9708
15 11.9708
16 11.9708
17 11.9708
18 11.9708
19 11.9708
20 11.9708
21 11.9708
22 11.9708
23 11.9708
24 11.9708
25 11.9708
26 11.9708
27 11.9708
28 11.9708
29 11.9708
30 11.9708
31 11.9708
32 11.9708
33 11.9708
34 11.9708
35 11.9708
36 11.9708
37 11.9708
38 11.9708
39 11.9708
40 11.9708
41 11.9708
42 11.9708
43 11.9708
44 11.9708
45 11.9708
46 11.9708
47 11.9708
48 11.9708
49 11.9708
50 11.9708
51 11.9708
52 11.9708
53 11.9708
54 11.9708
55 11.9708
56 11.9708
57 11.9708
58 11.9708
59 11.9708
60 11.9708
61 11.9708
62 11.9708
63 11.9708
64 11.9708
65 11.9708
66 11.9708
67 11.9708
68 11.9708
69 11.9708
70 11.9708
71 11.9708
72 11.9708
73 11.9708
74 11.9708
75 11.9708
76 11.9708
77 11.9708
78 11.9708
79 11.9708
80 11.9708
81 11.9708
82 11.971
83 11.9716
84 11.973
85 11.9763
86 11.9828
87 11.9925
88 11.9971
89 11.946
90 11.6749
91 10.9983
92 10.0664
93 9.16541
94 8.38356
95 7.70609
96 7.11061
97 6.5832
98 6.1153
99 5.70018
100 5.3315
101 5.00349
102 5.0503
103 5.06157
104 5.03285
105 4.97639
106 5.00646
107 5.0359
108 5.0499
109 5.05046
110 5.0391
111 5.01285
112 5.02626
113 5.00879
114 4.96697
115 5.21426
116 5.48563
117 5.79166
118 6.14096
119 6.53929
120 6.99056
121 7.49875
122 8.07093
123 8.72221
124 9.48128
125 10.3697
126 11.2684
127 11.8359
128 11.9969
129 12
130 11.9844
131 11.9756
132 11.9722
133 11.971
134 11.9708
135 11.9708
136 11.9708
137 11.9708
138 11.9708
139 11.9708
140 11.9708
141 11.9708
142 11.9708
143 11.9708
144 11.9708
145 11.9708
146 11.9708
147 11.9708
148 11.9708
149 11.9708
150 11.9708
151 11.9708
152 11.9708
153 11.9708
154 11.9708
155 11.9708
156 11.9708
157 11.9708
158 11.9708
159 11.9708
160 11.9708
161 11.9708
162 11.9708
163 11.9708
164 11.9708
165 11.9708
166 11.9708
167 11.9708
168 11.9708
169 11.9708
170 11.9708
171 11.9708
172 11.9708
173 11.9708
174 11.9708
175 11.9708
176 11.9708
177 11.9708
178 11.9708
179 11.9708
180 11.9708
181 11.9708
182 11.9708
183 11.9708
184 11.9708
185 11.9708
186 11.9708
187 11.9708
188 11.9708
189 11.9708
190 11.9708
191 11.9708
192 11.9708
193 11.9708
194 11.9708
195 11.9708
196 11.9708
197 11.9708
198 11.9708
199 11.9708
200 11.9708
201 11.9708
202 11.9708
203 11.9708
204 11.9708
205 11.9708
206 11.9708
207 11.9708
208 11.9708
209 11.9708
210 11.9708
211 11.9708
212 11.9708
213 11.9708
214 11.9708
