1 11.9684
2 11.9684
3 11.9684
4 11.9684
5 11.9684
6 11.9684
7 11.9684
8 11.9684
9 11.9684
10 11.9684
11 11.9684
12 11.9684
13 11.9684
14 11.9684
15 11.9684
16 11.9684
17 11.9684
18 11.9684
19 11.9684
20 11.9684
21 11.9684
22 11.9684
23 11.9684
24 11.9684
25 11.9684
26 11.9684
27 11.9684
28 11.9684
29 11.9684
30 11.9684
31 11.9684
32 11.9684
33 11.9684
34 11.9684
35 11.9684
36 11.9684
37 11.9684
38 11.9684
39 11.9684
40 11.9684
41 11.9684
42 11.9684
43 11.9684
44 11.9684
45 11.9684
46 11.9684
47 11.9684
48 11.9684
49 11.9684
50 11.9684
51 11.9684
52 11.9684
53 11.9684
54 11.9684
55 11.9684
56 11.9684
57 11.9684
58 11.9684
59 11.9684
60 11.9684
61 11.9684
62 11.9684
63 11.9684
64 11.9684
65 11.9684
66 11.9684
67 11.9684
68 11.9684
69 11.9684
70 11.9684
71 11.9684
72 11.9684
73 11.9684
74 11.9684
75 11.9684
76 11.9684
77 11.9684
78 11.9684
79 11.9684
80 11.9684
81 11.9684
82 11.9684
83 11.9686
84 11.9693
85 11.9708
86 11.9744
87 11.9814
88 11.9916
89 11.9959
90 11.9425
91 11.6668
92 10.9896
93 10.0635
94 9.16555
95 8.38201
96 7.7008
97 7.10145
98 6.57094
99 6.10098
100 5.68483
101 5.31584
102 5.36486
103 5.3652
104 5.3076
105 5.20783
106 5.23883
107 5.26645
108 5.28344
109 5.28453
110 5.27149
111 5.243
112 5.26447
113 5.24602
114 5.19936
115 5.46964
116 5.77507
117 6.12458
118 6.52402
119 6.97717
120 7.48774
121 8.06221
122 8.71448
123 9.47133
124 10.3547
125 11.2553
126 11.8341
127 11.9988
128 12
129 11.9829
130 11.9735
131 11.9699
132 11.9686
133 11.9684
134 11.9684
135 11.9684
136 11.9684
137 11.9684
138 11.9684
139 11.9684
140 11.9684
141 11.9684
142 11.9684
143 11.9684
144 11.9684
145 11.9684
146 11.9684
147 11.9684
148 11.9684
149 11.9684
150 11.9684
151 11.9684
152 11.9684
153 11.9684
154 11.9684
155 11.9684
156 11.9684
157 11.9684
158 11.9684
159 11.9684
160 11.9684
161 11.9684
162 11.9684
163 11.9684
164 11.9684
165 11.9684
166 11.9684
167 11.9684
168 11.9684
169 11.9684
170 11.9684
171 11.9684
172 11.9684
173 11.9684
174 11.9684
175 11.9684
176 11.9684
177 11.9684
178 11.9684
179 11.9684
180 11.9684
181 11.9684
182 11.9684
183 11.9684
184 11.9684
185 11.9684
186 11.9684
187 11.9684
188 11.9684
189 11.9684
190 11.9684
191 11.9684
192 11.9684
193 11.9684
194 11.9684
195 11.9684
196 11.9684
197 11.9684
198 11.9684
199 11.9684
200 11.9684
201 11.9684
202 11.9684
203 11.9684
204 11.9684
205 11.9684
206 11.9684
207 11.9684
208 11.9684
209 11.9684
210 11.9684
211 11.9684
212 11.9684
213 11.9684
214 11.9684
