1 11.9607
2 11.9607
3 11.9607
4 11.9607
5 11.9607
6 11.9607
7 11.9607
8 11.9607
9 11.9607
10 11.9607
11 11.9607
12 11.9607
13 11.9607
14 11.9607
15 11.9607
16 11.9607
17 11.9607
18 11.9607
19 11.9607
20 11.9607
21 11.9607
22 11.9607
23 11.9607
24 11.9607
25 11.9607
26 11.9607
27 11.9607
28 11.9607
29 11.9607
30 11.9607
31 11.9607
32 11.9607
33 11.9607
34 11.9607
35 11.9607
36 11.9607
37 11.9607
38 11.9607
39 11.9607
40 11.9607
41 11.9607
42 11.9607
43 11.9607
44 11.9607
45 11.9607
46 11.9607
47 11.9607
48 11.9607
49 11.9607
50 11.9607
51 11.9607
52 11.9607
53 11.9607
54 11.9607
55 11.9607
56 11.9607
57 11.9607
58 11.9607
59 11.9607
60 11.9607
61 11.9607
62 11.9607
63 11.9607
64 11.9607
65 11.9607
66 11.9607
67 11.9607
68 11.9607
69 11.9607
70 11.9607
71 11.9607
72 11.9607
73 11.9607
74 11.9607
75 11.9607
76 11.9607
77 11.9607
78 11.9607
79 11.9607
80 11.9607
81 11.9607
82 11.9607
83 11.9608
84 11.9611
85 11.962
86 11.9644
87 11.9693
88 11.978
89 11.9885
90 11.9827
91 11.8773
92 11.4733
93 10.6804
94 9.74562
95 8.885
96 8.13619
97 7.48138
98 6.90353
99 6.39207
100 5.93961
101 5.5394
102 5.58925
103 5.58009
104 5.49981
105 5.36764
106 5.39895
107 5.42354
108 5.44259
109 5.44418
110 5.42995
111 5.39955
112 5.42626
113 5.40788
114 5.35857
115 5.65057
116 5.98455
117 6.36743
118 6.80346
119 7.29596
120 7.84978
121 8.47503
122 9.19278
123 10.032
124 10.9547
125 11.6844
126 11.9703
127 12
128 11.9815
129 11.9687
130 11.9633
131 11.9613
132 11.9608
133 11.9607
134 11.9607
135 11.9607
136 11.9607
137 11.9607
138 11.9607
139 11.9607
140 11.9607
141 11.9607
142 11.9607
143 11.9607
144 11.9607
145 11.9607
146 11.9607
147 11.9607
148 11.9607
149 11.9607
150 11.9607
151 11.9607
152 11.9607
153 11.9607
154 11.9607
155 11.9607
156 11.9607
157 11.9607
158 11.9607
159 11.9607
160 11.9607
161 11.9607
162 11.9607
163 11.9607
164 11.9607
165 11.9607
166 11.9607
167 11.9607
168 11.9607
169 11.9607
170 11.9607
171 11.9607
172 11.9607
173 11.9607
174 11.9607
175 11.9607
176 11.9607
177 11.9607
178 11.9607
179 11.9607
180 11.9607
181 11.9607
182 11.9607
183 11.9607
184 11.9607
185 11.9607
186 11.9607
187 11.9607
188 11.9607
189 11.9607
190 11.9607
191 11.9607
192 11.9607
193 11.9607
194 11.9607
195 11.9607
196 11.9607
197 11.9607
198 11.9607
199 11.9607
200 11.9607
201 11.9607
202 11.9607
203 11.9607
204 11.9607
205 11.9607
206 11.9607
207 11.9607
208 11.9607
209 11.9607
210 11.9607
211 11.9607
212 11.9607
213 11.9607
214 11.9607
