1 11.9552
2 11.9552
3 11.9552
4 11.9552
5 11.9552
6 11.9552
7 11.9552
8 11.9552
9 11.9552
10 11.9552
11 11.9552
12 11.9552
13 11.9552
14 11.9552
15 11.9552
16 11.9552
17 11.9552
18 11.9552
19 11.9552
20 11.9552
21 11.9552
22 11.9552
23 11.9552
24 11.9552
25 11.9552
26 11.9552
27 11.9552
28 11.9552
29 11.9552
30 11.9552
31 11.9552
32 11.9552
33 11.9552
34 11.9552
35 11.9552
36 11.9552
37 11.9552
38 11.9552
39 11.9552
40 11.9552
41 11.9552
42 11.9552
43 11.9552
44 11.9552
45 11.9552
46 11.9552
47 11.9552
48 11.9552
49 11.9552
50 11.9552
51 11.9552
52 11.9552
53 11.9552
54 11.9552
55 11.9552
56 11.9552
57 11.9552
58 11.9552
59 11.9552
60 11.9552
61 11.9552
62 11.9552
63 11.9552
64 11.9552
65 11.9552
66 11.9552
67 11.9552
68 11.9552
69 11.9552
70 11.9552
71 11.9552
72 11.9552
73 11.9552
74 11.9552
75 11.9552
76 11.9552
77 11.9552
78 11.9552
79 11.9552
80 11.9552
81 11.9552
82 11.9552
83 11.9553
84 11.9555
85 11.9559
86 11.9571
87 11.9601
88 11.966
89 11.9759
90 11.986
91 11.9707
92 11.8268
93 11.3511
94 10.5168
95 9.59083
96 8.74947
97 8.01492
98 7.37025
99 6.80082
100 6.29732
101 5.85269
102 5.90215
103 5.87697
104 5.76308
105 5.587
106 5.6186
107 5.63733
108 5.65893
109 5.66131
110 5.64547
111 5.61232
112 5.64809
113 5.63259
114 5.58121
115 5.90744
116 6.28244
117 6.71076
118 7.19556
119 7.74091
120 8.35495
121 9.05508
122 9.86912
123 10.7853
124 11.5814
125 11.9469
126 12
127 11.9809
128 11.9654
129 11.9587
130 11.9562
131 11.9555
132 11.9553
133 11.9552
134 11.9552
135 11.9552
136 11.9552
137 11.9552
138 11.9552
139 11.9552
140 11.9552
141 11.9552
142 11.9552
143 11.9552
144 11.9552
145 11.9552
146 11.9552
147 11.9552
148 11.9552
149 11.9552
150 11.9552
151 11.9552
152 11.9552
153 11.9552
154 11.9552
155 11.9552
156 11.9552
157 11.9552
158 11.9552
159 11.9552
160 11.9552
161 11.9552
162 11.9552
163 11.9552
164 11.9552
165 11.9552
166 11.9552
167 11.9552
168 11.9552
169 11.9552
170 11.9552
171 11.9552
172 11.9552
173 11.9552
174 11.9552
175 11.9552
176 11.9552
177 11.9552
178 11.9552
179 11.9552
180 11.9552
181 11.9552
182 11.9552
183 11.9552
184 11.9552
185 11.9552
186 11.9552
187 11.9552
188 11.9552
189 11.9552
190 11.9552
191 11.9552
192 11.9552
193 11.9552
194 11.9552
195 11.9552
196 11.9552
197 11.9552
198 11.9552
199 11.9552
200 11.9552
201 11.9552
202 11.9552
203 11.9552
204 11.9552
205 11.9552
206 11.9552
207 11.9552
208 11.9552
209 11.9552
210 11.9552
211 11.9552
212 11.9552
213 11.9552
214 11.9552
