1 11.9566
2 11.9566
3 11.9566
4 11.9566
5 11.9566
6 11.9566
7 11.9566
8 11.9566
9 11.9566
10 11.9566
11 11.9566
12 11.9566
13 11.9566
14 11.9566
15 11.9566
16 11.9566
17 11.9566
18 11.9566
19 11.9566
20 11.9566
21 11.9566
22 11.9566
23 11.9566
24 11.9566
25 11.9566
26 11.9566
27 11.9566
28 11.9566
29 11.9566
30 11.9566
31 11.9566
32 11.9566
33 11.9566
34 11.9566
35 11.9566
36 11.9566
37 11.9566
38 11.9566
39 11.9566
40 11.9566
41 11.9566
42 11.9566
43 11.9566
44 11.9566
45 11.9566
46 11.9566
47 11.9566
48 11.9566
49 11.9566
50 11.9566
51 11.9566
52 11.9566
53 11.9566
54 11.9566
55 11.9566
56 11.9566
57 11.9566
58 11.9566
59 11.9566
60 11.9566
61 11.9566
62 11.9566
63 11.9566
64 11.9566
65 11.9566
66 11.9566
67 11.9566
68 11.9566
69 11.9566
70 11.9566
71 11.9566
72 11.9566
73 11.9566
74 11.9566
75 11.9566
76 11.9566
77 11.9566
78 11.9566
79 11.9566
80 11.9566
81 11.9566
82 11.9566
83 11.9566
84 11.9567
85 11.9571
86 11.958
87 11.9606
88 11.9661
89 11.9754
90 11.9863
91 11.979
92 11.8682
93 11.4588
94 10.6702
95 9.74281
96 8.88365
97 8.13178
98 7.47257
99 6.89067
100 6.37619
101 5.92191
102 5.97103
103 5.94192
104 5.82043
105 5.6351
106 5.66677
107 5.68408
108 5.70618
109 5.70874
110 5.69256
111 5.65884
112 5.69706
113 5.68268
114 5.63107
115 5.96499
116 6.34878
117 6.7866
118 7.28158
119 7.83809
120 8.46526
121 9.1822
122 10.0162
123 10.9352
124 11.6756
125 11.9711
126 12
127 11.9791
128 11.9652
129 11.9593
130 11.9573
131 11.9567
132 11.9566
133 11.9566
134 11.9566
135 11.9566
136 11.9566
137 11.9566
138 11.9566
139 11.9566
140 11.9566
141 11.9566
142 11.9566
143 11.9566
144 11.9566
145 11.9566
146 11.9566
147 11.9566
148 11.9566
149 11.9566
150 11.9566
151 11.9566
152 11.9566
153 11.9566
154 11.9566
155 11.9566
156 11.9566
157 11.9566
158 11.9566
159 11.9566
160 11.9566
161 11.9566
162 11.9566
163 11.9566
164 11.9566
165 11.9566
166 11.9566
167 11.9566
168 11.9566
169 11.9566
170 11.9566
171 11.9566
172 11.9566
173 11.9566
174 11.9566
175 11.9566
176 11.9566
177 11.9566
178 11.9566
179 11.9566
180 11.9566
181 11.9566
182 11.9566
183 11.9566
184 11.9566
185 11.9566
186 11.9566
187 11.9566
188 11.9566
189 11.9566
190 11.9566
191 11.9566
192 11.9566
193 11.9566
194 11.9566
195 11.9566
196 11.9566
197 11.9566
198 11.9566
199 11.9566
200 11.9566
201 11.9566
202 11.9566
203 11.9566
204 11.9566
205 11.9566
206 11.9566
207 11.9566
208 11.9566
209 11.9566
210 11.9566
211 11.9566
212 11.9566
213 11.9566
214 11.9566
