1 11.9592
2 11.9592
3 11.9592
4 11.9592
5 11.9592
6 11.9592
7 11.9592
8 11.9592
9 11.9592
10 11.9592
11 11.9592
12 11.9592
13 11.9592
14 11.9592
15 11.9592
16 11.9592
17 11.9592
18 11.9592
19 11.9592
20 11.9592
21 11.9592
22 11.9592
23 11.9592
24 11.9592
25 11.9592
26 11.9592
27 11.9592
28 11.9592
29 11.9592
30 11.9592
31 11.9592
32 11.9592
33 11.9592
34 11.9592
35 11.9592
36 11.9592
37 11.9592
38 11.9592
39 11.9592
40 11.9592
41 11.9592
42 11.9592
43 11.9592
44 11.9592
45 11.9592
46 11.9592
47 11.9592
48 11.9592
49 11.9592
50 11.9592
51 11.9592
52 11.9592
53 11.9592
54 11.9592
55 11.9592
56 11.9592
57 11.9592
58 11.9592
59 11.9592
60 11.9592
61 11.9592
62 11.9592
63 11.9592
64 11.9592
65 11.9592
66 11.9592
67 11.9592
68 11.9592
69 11.9592
70 11.9592
71 11.9592
72 11.9592
73 11.9592
74 11.9592
75 11.9592
76 11.9592
77 11.9592
78 11.9592
79 11.9592
80 11.9592
81 11.9592
82 11.9592
83 11.9592
84 11.9593
85 11.9596
86 11.9605
87 11.9625
88 11.9675
89 11.9763
90 11.9876
91 11.9863
92 11.9029
93 11.5564
94 10.8208
95 9.89815
96 9.02228
97 8.25274
98 7.57857
99 6.98386
100 6.45813
101 5.99393
102 6.04263
103 6.0093
104 5.87988
105 5.68514
106 5.71689
107 5.73269
108 5.75529
109 5.75803
110 5.74151
111 5.70722
112 5.74818
113 5.73513
114 5.68337
115 6.02523
116 6.41797
117 6.86544
118 7.37072
119 7.93864
120 8.57938
121 9.31378
122 10.1671
123 11.0819
124 11.7578
125 11.9895
126 12
127 11.9787
128 11.9662
129 11.9612
130 11.9596
131 11.9593
132 11.9592
133 11.9592
134 11.9592
135 11.9592
136 11.9592
137 11.9592
138 11.9592
139 11.9592
140 11.9592
141 11.9592
142 11.9592
143 11.9592
144 11.9592
145 11.9592
146 11.9592
147 11.9592
148 11.9592
149 11.9592
150 11.9592
151 11.9592
152 11.9592
153 11.9592
154 11.9592
155 11.9592
156 11.9592
157 11.9592
158 11.9592
159 11.9592
160 11.9592
161 11.9592
162 11.9592
163 11.9592
164 11.9592
165 11.9592
166 11.9592
167 11.9592
168 11.9592
169 11.9592
170 11.9592
171 11.9592
172 11.9592
173 11.9592
174 11.9592
175 11.9592
176 11.9592
177 11.9592
178 11.9592
179 11.9592
180 11.9592
181 11.9592
182 11.9592
183 11.9592
184 11.9592
185 11.9592
186 11.9592
187 11.9592
188 11.9592
189 11.9592
190 11.9592
191 11.9592
192 11.9592
193 11.9592
194 11.9592
195 11.9592
196 11.9592
197 11.9592
198 11.9592
199 11.9592
200 11.9592
201 11.9592
202 11.9592
203 11.9592
204 11.9592
205 11.9592
206 11.9592
207 11.9592
208 11.9592
209 11.9592
210 11.9592
211 11.9592
212 11.9592
213 11.9592
214 11.9592
