1 11.953
2 11.953
3 11.953
4 11.953
5 11.953
6 11.953
7 11.953
8 11.953
9 11.953
10 11.953
11 11.953
12 11.953
13 11.953
14 11.953
15 11.953
16 11.953
17 11.953
18 11.953
19 11.953
20 11.953
21 11.953
22 11.953
23 11.953
24 11.953
25 11.953
26 11.953
27 11.953
28 11.953
29 11.953
30 11.953
31 11.953
32 11.953
33 11.953
34 11.953
35 11.953
36 11.953
37 11.953
38 11.953
39 11.953
40 11.953
41 11.953
42 11.953
43 11.953
44 11.953
45 11.953
46 11.953
47 11.953
48 11.953
49 11.953
50 11.953
51 11.953
52 11.953
53 11.953
54 11.953
55 11.953
56 11.953
57 11.953
58 11.953
59 11.953
60 11.953
61 11.953
62 11.953
63 11.953
64 11.953
65 11.953
66 11.953
67 11.953
68 11.953
69 11.953
70 11.953
71 11.953
72 11.953
73 11.953
74 11.953
75 11.953
76 11.953
77 11.953
78 11.953
79 11.953
80 11.953
81 11.953
82 11.953
83 11.953
84 11.953
85 11.9532
86 11.9538
87 11.9554
88 11.9594
89 11.9672
90 11.9786
91 11.985
92 11.9419
93 11.7054
94 11.0926
95 10.2014
96 9.29781
97 8.49233
98 7.78694
99 7.16563
100 6.61656
101 6.13177
102 6.17929
103 6.1366
104 5.99022
105 5.77616
106 5.80807
107 5.82065
108 5.84425
109 5.84737
110 5.83014
111 5.79474
112 5.84216
113 5.83247
114 5.7806
115 6.13901
116 6.55013
117 7.01725
118 7.54364
119 8.13517
120 8.80451
121 9.57556
122 10.4632
123 11.3431
124 11.8732
125 12
126 11.9877
127 11.9677
128 11.9579
129 11.9543
130 11.9532
131 11.953
132 11.953
133 11.953
134 11.953
135 11.953
136 11.953
137 11.953
138 11.953
139 11.953
140 11.953
141 11.953
142 11.953
143 11.953
144 11.953
145 11.953
146 11.953
147 11.953
148 11.953
149 11.953
150 11.953
151 11.953
152 11.953
153 11.953
154 11.953
155 11.953
156 11.953
157 11.953
158 11.953
159 11.953
160 11.953
161 11.953
162 11.953
163 11.953
164 11.953
165 11.953
166 11.953
167 11.953
168 11.953
169 11.953
170 11.953
171 11.953
172 11.953
173 11.953
174 11.953
175 11.953
176 11.953
177 11.953
178 11.953
179 11.953
180 11.953
181 11.953
182 11.953
183 11.953
184 11.953
185 11.953
186 11.953
187 11.953
188 11.953
189 11.953
190 11.953
191 11.953
192 11.953
193 11.953
194 11.953
195 11.953
196 11.953
197 11.953
198 11.953
199 11.953
200 11.953
201 11.953
202 11.953
203 11.953
204 11.953
205 11.953
206 11.953
207 11.953
208 11.953
209 11.953
210 11.953
211 11.953
212 11.953
213 11.953
214 11.953
