1 11.9511
2 11.9511
3 11.9511
4 11.9511
5 11.9511
6 11.9511
7 11.9511
8 11.9511
9 11.9511
10 11.9511
11 11.9511
12 11.9511
13 11.9511
14 11.9511
15 11.9511
16 11.9511
17 11.9511
18 11.9511
19 11.9511
20 11.9511
21 11.9511
22 11.9511
23 11.9511
24 11.9511
25 11.9511
26 11.9511
27 11.9511
28 11.9511
29 11.9511
30 11.9511
31 11.9511
32 11.9511
33 11.9511
34 11.9511
35 11.9511
36 11.9511
37 11.9511
38 11.9511
39 11.9511
40 11.9511
41 11.9511
42 11.9511
43 11.9511
44 11.9511
45 11.9511
46 11.9511
47 11.9511
48 11.9511
49 11.9511
50 11.9511
51 11.9511
52 11.9511
53 11.9511
54 11.9511
55 11.9511
56 11.9511
57 11.9511
58 11.9511
59 11.9511
60 11.9511
61 11.9511
62 11.9511
63 11.9511
64 11.9511
65 11.9511
66 11.9511
67 11.9511
68 11.9511
69 11.9511
70 11.9511
71 11.9511
72 11.9511
73 11.9511
74 11.9511
75 11.9511
76 11.9511
77 11.9511
78 11.9511
79 11.9511
80 11.9511
81 11.9511
82 11.9511
83 11.9511
84 11.9511
85 11.9513
86 11.9518
87 11.9532
88 11.9564
89 11.9635
90 11.9745
91 11.9832
92 11.9541
93 11.7634
94 11.2167
95 10.3534
96 9.4405
97 8.61715
98 7.89554
99 7.26041
100 6.69925
101 6.20376
102 6.25051
103 6.20265
104 6.04721
105 5.82321
106 5.85522
107 5.8661
108 5.89018
109 5.8935
110 5.87591
111 5.83998
112 5.89118
113 5.88354
114 5.83171
115 6.19872
116 6.61924
117 7.09638
118 7.63357
119 8.23734
120 8.92174
121 9.71172
122 10.6126
123 11.4599
124 11.9136
125 12
126 11.9817
127 11.9632
128 11.9547
129 11.9518
130 11.9513
131 11.9511
132 11.9511
133 11.9511
134 11.9511
135 11.9511
136 11.9511
137 11.9511
138 11.9511
139 11.9511
140 11.9511
141 11.9511
142 11.9511
143 11.9511
144 11.9511
145 11.9511
146 11.9511
147 11.9511
148 11.9511
149 11.9511
150 11.9511
151 11.9511
152 11.9511
153 11.9511
154 11.9511
155 11.9511
156 11.9511
157 11.9511
158 11.9511
159 11.9511
160 11.9511
161 11.9511
162 11.9511
163 11.9511
164 11.9511
165 11.9511
166 11.9511
167 11.9511
168 11.9511
169 11.9511
170 11.9511
171 11.9511
172 11.9511
173 11.9511
174 11.9511
175 11.9511
176 11.9511
177 11.9511
178 11.9511
179 11.9511
180 11.9511
181 11.9511
182 11.9511
183 11.9511
184 11.9511
185 11.9511
186 11.9511
187 11.9511
188 11.9511
189 11.9511
190 11.9511
191 11.9511
192 11.9511
193 11.9511
194 11.9511
195 11.9511
196 11.9511
197 11.9511
198 11.9511
199 11.9511
200 11.9511
201 11.9511
202 11.9511
203 11.9511
204 11.9511
205 11.9511
206 11.9511
207 11.9511
208 11.9511
209 11.9511
210 11.9511
211 11.9511
212 11.9511
213 11.9511
214 11.9511
