1 11.95
2 11.95
3 11.95
4 11.95
5 11.95
6 11.95
7 11.95
8 11.95
9 11.95
10 11.95
11 11.95
12 11.95
13 11.95
14 11.95
15 11.95
16 11.95
17 11.95
18 11.95
19 11.95
20 11.95
21 11.95
22 11.95
23 11.95
24 11.95
25 11.95
26 11.95
27 11.95
28 11.95
29 11.95
30 11.95
31 11.95
32 11.95
33 11.95
34 11.95
35 11.95
36 11.95
37 11.95
38 11.95
39 11.95
40 11.95
41 11.95
42 11.95
43 11.95
44 11.95
45 11.95
46 11.95
47 11.95
48 11.95
49 11.95
50 11.95
51 11.95
52 11.95
53 11.95
54 11.95
55 11.95
56 11.95
57 11.95
58 11.95
59 11.95
60 11.95
61 11.95
62 11.95
63 11.95
64 11.95
65 11.95
66 11.95
67 11.95
68 11.95
69 11.95
70 11.95
71 11.95
72 11.95
73 11.95
74 11.95
75 11.95
76 11.95
77 11.95
78 11.95
79 11.95
80 11.95
81 11.95
82 11.95
83 11.95
84 11.95
85 11.9502
86 11.9508
87 11.9521
88 11.9551
89 11.9618
90 11.9726
91 11.983
92 11.9651
93 11.814
94 11.3338
95 10.5068
96 9.58848
97 8.74766
98 8.00943
99 7.36009
100 6.78656
101 6.28011
102 6.32597
103 6.27258
104 6.10767
105 5.87354
106 5.90566
107 5.91476
108 5.93933
109 5.94286
110 5.92489
111 5.88847
112 5.94384
113 5.9385
114 5.88679
115 6.26258
116 6.69264
117 7.17993
118 7.72812
119 8.34446
120 9.04449
121 9.85361
122 10.7636
123 11.5679
124 11.9464
125 12
126 11.978
127 11.9608
128 11.9534
129 11.9508
130 11.9502
131 11.95
132 11.95
133 11.95
134 11.95
135 11.95
136 11.95
137 11.95
138 11.95
139 11.95
140 11.95
141 11.95
142 11.95
143 11.95
144 11.95
145 11.95
146 11.95
147 11.95
148 11.95
149 11.95
150 11.95
151 11.95
152 11.95
153 11.95
154 11.95
155 11.95
156 11.95
157 11.95
158 11.95
159 11.95
160 11.95
161 11.95
162 11.95
163 11.95
164 11.95
165 11.95
166 11.95
167 11.95
168 11.95
169 11.95
170 11.95
171 11.95
172 11.95
173 11.95
174 11.95
175 11.95
176 11.95
177 11.95
178 11.95
179 11.95
180 11.95
181 11.95
182 11.95
183 11.95
184 11.95
185 11.95
186 11.95
187 11.95
188 11.95
189 11.95
190 11.95
191 11.95
192 11.95
193 11.95
194 11.95
195 11.95
196 11.95
197 11.95
198 11.95
199 11.95
200 11.95
201 11.95
202 11.95
203 11.95
204 11.95
205 11.95
206 11.95
207 11.95
208 11.95
209 11.95
210 11.95
211 11.95
212 11.95
213 11.95
214 11.95
