1 11.9558
2 11.9558
3 11.9558
4 11.9558
5 11.9558
6 11.9558
7 11.9558
8 11.9558
9 11.9558
10 11.9558
11 11.9558
12 11.9558
13 11.9558
14 11.9558
15 11.9558
16 11.9558
17 11.9558
18 11.9558
19 11.9558
20 11.9558
21 11.9558
22 11.9558
23 11.9558
24 11.9558
25 11.9558
26 11.9558
27 11.9558
28 11.9558
29 11.9558
30 11.9558
31 11.9558
32 11.9558
33 11.9558
34 11.9558
35 11.9558
36 11.9558
37 11.9558
38 11.9558
39 11.9558
40 11.9558
41 11.9558
42 11.9558
43 11.9558
44 11.9558
45 11.9558
46 11.9558
47 11.9558
48 11.9558
49 11.9558
50 11.9558
51 11.9558
52 11.9558
53 11.9558
54 11.9558
55 11.9558
56 11.9558
57 11.9558
58 11.9558
59 11.9558
60 11.9558
61 11.9558
62 11.9558
63 11.9558
64 11.9558
65 11.9558
66 11.9558
67 11.9558
68 11.9558
69 11.9558
70 11.9558
71 11.9558
72 11.9558
73 11.9558
74 11.9558
75 11.9558
76 11.9558
77 11.9558
78 11.9558
79 11.9558
80 11.9558
81 11.9558
82 11.9558
83 11.9558
84 11.9558
85 11.9558
86 11.9562
87 11.9571
88 11.9593
89 11.9639
90 11.9736
91 11.9853
92 11.9823
93 11.8926
94 11.5387
95 10.8074
96 9.89456
97 9.0217
98 8.2494
99 7.57057
100 6.97139
101 6.44222
102 6.48589
103 6.42033
104 6.23518
105 5.9802
106 6.01253
107 6.01789
108 6.04344
109 6.04739
110 6.02868
111 5.99136
112 6.05636
113 6.05644
114 6.00516
115 6.39904
116 6.84855
117 7.35655
118 7.92732
119 8.56987
120 9.30274
121 10.1493
122 11.0605
123 11.7497
124 11.9911
125 12
126 11.9759
127 11.9622
128 11.9571
129 11.9562
130 11.9558
131 11.9558
132 11.9558
133 11.9558
134 11.9558
135 11.9558
136 11.9558
137 11.9558
138 11.9558
139 11.9558
140 11.9558
141 11.9558
142 11.9558
143 11.9558
144 11.9558
145 11.9558
146 11.9558
147 11.9558
148 11.9558
149 11.9558
150 11.9558
151 11.9558
152 11.9558
153 11.9558
154 11.9558
155 11.9558
156 11.9558
157 11.9558
158 11.9558
159 11.9558
160 11.9558
161 11.9558
162 11.9558
163 11.9558
164 11.9558
165 11.9558
166 11.9558
167 11.9558
168 11.9558
169 11.9558
170 11.9558
171 11.9558
172 11.9558
173 11.9558
174 11.9558
175 11.9558
176 11.9558
177 11.9558
178 11.9558
179 11.9558
180 11.9558
181 11.9558
182 11.9558
183 11.9558
184 11.9558
185 11.9558
186 11.9558
187 11.9558
188 11.9558
189 11.9558
190 11.9558
191 11.9558
192 11.9558
193 11.9558
194 11.9558
195 11.9558
196 11.9558
197 11.9558
198 11.9558
199 11.9558
200 11.9558
201 11.9558
202 11.9558
203 11.9558
204 11.9558
205 11.9558
206 11.9558
207 11.9558
208 11.9558
209 11.9558
210 11.9558
211 11.9558
212 11.9558
213 11.9558
214 11.9558
