1 11.9524
2 11.9524
3 11.9524
4 11.9524
5 11.9524
6 11.9524
7 11.9524
8 11.9524
9 11.9524
10 11.9524
11 11.9524
12 11.9524
13 11.9524
14 11.9524
15 11.9524
16 11.9524
17 11.9524
18 11.9524
19 11.9524
20 11.9524
21 11.9524
22 11.9524
23 11.9524
24 11.9524
25 11.9524
26 11.9524
27 11.9524
28 11.9524
29 11.9524
30 11.9524
31 11.9524
32 11.9524
33 11.9524
34 11.9524
35 11.9524
36 11.9524
37 11.9524
38 11.9524
39 11.9524
40 11.9524
41 11.9524
42 11.9524
43 11.9524
44 11.9524
45 11.9524
46 11.9524
47 11.9524
48 11.9524
49 11.9524
50 11.9524
51 11.9524
52 11.9524
53 11.9524
54 11.9524
55 11.9524
56 11.9524
57 11.9524
58 11.9524
59 11.9524
60 11.9524
61 11.9524
62 11.9524
63 11.9524
64 11.9524
65 11.9524
66 11.9524
67 11.9524
68 11.9524
69 11.9524
70 11.9524
71 11.9524
72 11.9524
73 11.9524
74 11.9524
75 11.9524
76 11.9524
77 11.9524
78 11.9524
79 11.9524
80 11.9524
81 11.9524
82 11.9524
83 11.9524
84 11.9524
85 11.9524
86 11.9526
87 11.9536
88 11.9558
89 11.9604
90 11.9697
91 11.982
92 11.9842
93 11.9175
94 11.6208
95 10.9467
96 10.0463
97 9.15978
98 8.37018
99 7.67602
100 7.06355
101 6.52261
102 6.56497
103 6.49274
104 6.2968
105 6.03106
106 6.06351
107 6.06691
108 6.09295
109 6.09711
110 6.07802
111 6.04031
112 6.11081
113 6.11401
114 6.06304
115 6.46621
116 6.92564
117 7.44421
118 8.02661
119 8.68288
120 9.43296
121 10.2969
122 11.1975
123 11.8175
124 12
125 11.9944
126 11.9706
127 11.9583
128 11.9536
129 11.9526
130 11.9524
131 11.9524
132 11.9524
133 11.9524
134 11.9524
135 11.9524
136 11.9524
137 11.9524
138 11.9524
139 11.9524
140 11.9524
141 11.9524
142 11.9524
143 11.9524
144 11.9524
145 11.9524
146 11.9524
147 11.9524
148 11.9524
149 11.9524
150 11.9524
151 11.9524
152 11.9524
153 11.9524
154 11.9524
155 11.9524
156 11.9524
157 11.9524
158 11.9524
159 11.9524
160 11.9524
161 11.9524
162 11.9524
163 11.9524
164 11.9524
165 11.9524
166 11.9524
167 11.9524
168 11.9524
169 11.9524
170 11.9524
171 11.9524
172 11.9524
173 11.9524
174 11.9524
175 11.9524
176 11.9524
177 11.9524
178 11.9524
179 11.9524
180 11.9524
181 11.9524
182 11.9524
183 11.9524
184 11.9524
185 11.9524
186 11.9524
187 11.9524
188 11.9524
189 11.9524
190 11.9524
191 11.9524
192 11.9524
193 11.9524
194 11.9524
195 11.9524
196 11.9524
197 11.9524
198 11.9524
199 11.9524
200 11.9524
201 11.9524
202 11.9524
203 11.9524
204 11.9524
205 11.9524
206 11.9524
207 11.9524
208 11.9524
209 11.9524
210 11.9524
211 11.9524
212 11.9524
213 11.9524
214 11.9524
