1 11.9448
2 11.9448
3 11.9448
4 11.9448
5 11.9448
6 11.9448
7 11.9448
8 11.9448
9 11.9448
10 11.9448
11 11.9448
12 11.9448
13 11.9448
14 11.9448
15 11.9448
16 11.9448
17 11.9448
18 11.9448
19 11.9448
20 11.9448
21 11.9448
22 11.9448
23 11.9448
24 11.9448
25 11.9448
26 11.9448
27 11.9448
28 11.9448
29 11.9448
30 11.9448
31 11.9448
32 11.9448
33 11.9448
34 11.9448
35 11.9448
36 11.9448
37 11.9448
38 11.9448
39 11.9448
40 11.9448
41 11.9448
42 11.9448
43 11.9448
44 11.9448
45 11.9448
46 11.9448
47 11.9448
48 11.9448
49 11.9448
50 11.9448
51 11.9448
52 11.9448
53 11.9448
54 11.9448
55 11.9448
56 11.9448
57 11.9448
58 11.9448
59 11.9448
60 11.9448
61 11.9448
62 11.9448
63 11.9448
64 11.9448
65 11.9448
66 11.9448
67 11.9448
68 11.9448
69 11.9448
70 11.9448
71 11.9448
72 11.9448
73 11.9448
74 11.9448
75 11.9448
76 11.9448
77 11.9448
78 11.9448
79 11.9448
80 11.9448
81 11.9448
82 11.9448
83 11.9448
84 11.9448
85 11.9448
86 11.9448
87 11.9454
88 11.9473
89 11.9511
90 11.9577
91 11.9701
92 11.9787
93 11.9458
94 11.747
95 11.1992
96 10.3471
97 9.44211
98 8.61857
99 7.89281
100 7.25282
101 6.68754
102 6.7268
103 6.63998
104 6.42108
105 6.13316
106 6.16584
107 6.16511
108 6.19212
109 6.19673
110 6.17687
111 6.13856
112 6.22148
113 6.23177
114 6.18163
115 6.60381
116 7.08343
117 7.62356
118 8.22992
119 8.91476
120 9.70007
121 10.592
122 11.4423
123 11.9111
124 12
125 11.9777
126 11.9565
127 11.9473
128 11.9454
129 11.9448
130 11.9448
131 11.9448
132 11.9448
133 11.9448
134 11.9448
135 11.9448
136 11.9448
137 11.9448
138 11.9448
139 11.9448
140 11.9448
141 11.9448
142 11.9448
143 11.9448
144 11.9448
145 11.9448
146 11.9448
147 11.9448
148 11.9448
149 11.9448
150 11.9448
151 11.9448
152 11.9448
153 11.9448
154 11.9448
155 11.9448
156 11.9448
157 11.9448
158 11.9448
159 11.9448
160 11.9448
161 11.9448
162 11.9448
163 11.9448
164 11.9448
165 11.9448
166 11.9448
167 11.9448
168 11.9448
169 11.9448
170 11.9448
171 11.9448
172 11.9448
173 11.9448
174 11.9448
175 11.9448
176 11.9448
177 11.9448
178 11.9448
179 11.9448
180 11.9448
181 11.9448
182 11.9448
183 11.9448
184 11.9448
185 11.9448
186 11.9448
187 11.9448
188 11.9448
189 11.9448
190 11.9448
191 11.9448
192 11.9448
193 11.9448
194 11.9448
195 11.9448
196 11.9448
197 11.9448
198 11.9448
199 11.9448
200 11.9448
201 11.9448
202 11.9448
203 11.9448
204 11.9448
205 11.9448
206 11.9448
207 11.9448
208 11.9448
209 11.9448
210 11.9448
211 11.9448
212 11.9448
213 11.9448
214 11.9448
