1 11.9444
2 11.9444
3 11.9444
4 11.9444
5 11.9444
6 11.9444
7 11.9444
8 11.9444
9 11.9444
10 11.9444
11 11.9444
12 11.9444
13 11.9444
14 11.9444
15 11.9444
16 11.9444
17 11.9444
18 11.9444
19 11.9444
20 11.9444
21 11.9444
22 11.9444
23 11.9444
24 11.9444
25 11.9444
26 11.9444
27 11.9444
28 11.9444
29 11.9444
30 11.9444
31 11.9444
32 11.9444
33 11.9444
34 11.9444
35 11.9444
36 11.9444
37 11.9444
38 11.9444
39 11.9444
40 11.9444
41 11.9444
42 11.9444
43 11.9444
44 11.9444
45 11.9444
46 11.9444
47 11.9444
48 11.9444
49 11.9444
50 11.9444
51 11.9444
52 11.9444
53 11.9444
54 11.9444
55 11.9444
56 11.9444
57 11.9444
58 11.9444
59 11.9444
60 11.9444
61 11.9444
62 11.9444
63 11.9444
64 11.9444
65 11.9444
66 11.9444
67 11.9444
68 11.9444
69 11.9444
70 11.9444
71 11.9444
72 11.9444
73 11.9444
74 11.9444
75 11.9444
76 11.9444
77 11.9444
78 11.9444
79 11.9444
80 11.9444
81 11.9444
82 11.9444
83 11.9444
84 11.9444
85 11.9444
86 11.9444
87 11.9449
88 11.9466
89 11.9501
90 11.9564
91 11.9685
92 11.979
93 11.9576
94 11.7978
95 11.3136
96 10.4965
97 9.58741
98 8.7474
99 8.0053
100 7.35102
101 6.77315
102 6.8106
103 6.71584
104 6.48475
105 6.1854
106 6.21817
107 6.21527
108 6.24277
109 6.24761
110 6.22737
111 6.18885
112 6.2787
113 6.29297
114 6.24335
115 6.67523
116 7.16514
117 7.71633
118 8.33513
119 9.03506
120 9.8386
121 10.7404
122 11.5517
123 11.9454
124 12
125 11.9741
126 11.9547
127 11.9466
128 11.9449
129 11.9444
130 11.9444
131 11.9444
132 11.9444
133 11.9444
134 11.9444
135 11.9444
136 11.9444
137 11.9444
138 11.9444
139 11.9444
140 11.9444
141 11.9444
142 11.9444
143 11.9444
144 11.9444
145 11.9444
146 11.9444
147 11.9444
148 11.9444
149 11.9444
150 11.9444
151 11.9444
152 11.9444
153 11.9444
154 11.9444
155 11.9444
156 11.9444
157 11.9444
158 11.9444
159 11.9444
160 11.9444
161 11.9444
162 11.9444
163 11.9444
164 11.9444
165 11.9444
166 11.9444
167 11.9444
168 11.9444
169 11.9444
170 11.9444
171 11.9444
172 11.9444
173 11.9444
174 11.9444
175 11.9444
176 11.9444
177 11.9444
178 11.9444
179 11.9444
180 11.9444
181 11.9444
182 11.9444
183 11.9444
184 11.9444
185 11.9444
186 11.9444
187 11.9444
188 11.9444
189 11.9444
190 11.9444
191 11.9444
192 11.9444
193 11.9444
194 11.9444
195 11.9444
196 11.9444
197 11.9444
198 11.9444
199 11.9444
200 11.9444
201 11.9444
202 11.9444
203 11.9444
204 11.9444
205 11.9444
206 11.9444
207 11.9444
208 11.9444
209 11.9444
210 11.9444
211 11.9444
212 11.9444
213 11.9444
214 11.9444
