1 11.9483
2 11.9483
3 11.9483
4 11.9483
5 11.9483
6 11.9483
7 11.9483
8 11.9483
9 11.9483
10 11.9483
11 11.9483
12 11.9483
13 11.9483
14 11.9483
15 11.9483
16 11.9483
17 11.9483
18 11.9483
19 11.9483
20 11.9483
21 11.9483
22 11.9483
23 11.9483
24 11.9483
25 11.9483
26 11.9483
27 11.9483
28 11.9483
29 11.9483
30 11.9483
31 11.9483
32 11.9483
33 11.9483
34 11.9483
35 11.9483
36 11.9483
37 11.9483
38 11.9483
39 11.9483
40 11.9483
41 11.9483
42 11.9483
43 11.9483
44 11.9483
45 11.9483
46 11.9483
47 11.9483
48 11.9483
49 11.9483
50 11.9483
51 11.9483
52 11.9483
53 11.9483
54 11.9483
55 11.9483
56 11.9483
57 11.9483
58 11.9483
59 11.9483
60 11.9483
61 11.9483
62 11.9483
63 11.9483
64 11.9483
65 11.9483
66 11.9483
67 11.9483
68 11.9483
69 11.9483
70 11.9483
71 11.9483
72 11.9483
73 11.9483
74 11.9483
75 11.9483
76 11.9483
77 11.9483
78 11.9483
79 11.9483
80 11.9483
81 11.9483
82 11.9483
83 11.9483
84 11.9483
85 11.9483
86 11.9483
87 11.9483
88 11.9492
89 11.9524
90 11.9579
91 11.9688
92 11.9825
93 11.9786
94 11.8818
95 11.5208
96 10.7969
97 9.89613
98 9.0269
99 8.25171
100 7.56791
101 6.96399
102 6.99727
103 6.88529
104 6.6284
105 6.30547
106 6.33839
107 6.33089
108 6.35937
109 6.36468
110 6.34369
111 6.30494
112 6.41017
113 6.43328
114 6.3849
115 6.83657
116 7.34742
117 7.92123
118 8.56576
119 9.29697
120 10.1356
121 11.0403
122 11.7424
123 11.9945
124 12
125 11.9711
126 11.9546
127 11.9492
128 11.9483
129 11.9483
130 11.9483
131 11.9483
132 11.9483
133 11.9483
134 11.9483
135 11.9483
136 11.9483
137 11.9483
138 11.9483
139 11.9483
140 11.9483
141 11.9483
142 11.9483
143 11.9483
144 11.9483
145 11.9483
146 11.9483
147 11.9483
148 11.9483
149 11.9483
150 11.9483
151 11.9483
152 11.9483
153 11.9483
154 11.9483
155 11.9483
156 11.9483
157 11.9483
158 11.9483
159 11.9483
160 11.9483
161 11.9483
162 11.9483
163 11.9483
164 11.9483
165 11.9483
166 11.9483
167 11.9483
168 11.9483
169 11.9483
170 11.9483
171 11.9483
172 11.9483
173 11.9483
174 11.9483
175 11.9483
176 11.9483
177 11.9483
178 11.9483
179 11.9483
180 11.9483
181 11.9483
182 11.9483
183 11.9483
184 11.9483
185 11.9483
186 11.9483
187 11.9483
188 11.9483
189 11.9483
190 11.9483
191 11.9483
192 11.9483
193 11.9483
194 11.9483
195 11.9483
196 11.9483
197 11.9483
198 11.9483
199 11.9483
200 11.9483
201 11.9483
202 11.9483
203 11.9483
204 11.9483
205 11.9483
206 11.9483
207 11.9483
208 11.9483
209 11.9483
210 11.9483
211 11.9483
212 11.9483
213 11.9483
214 11.9483
