1 11.946
2 11.946
3 11.946
4 11.946
5 11.946
6 11.946
7 11.946
8 11.946
9 11.946
10 11.946
11 11.946
12 11.946
13 11.946
14 11.946
15 11.946
16 11.946
17 11.946
18 11.946
19 11.946
20 11.946
21 11.946
22 11.946
23 11.946
24 11.946
25 11.946
26 11.946
27 11.946
28 11.946
29 11.946
30 11.946
31 11.946
32 11.946
33 11.946
34 11.946
35 11.946
36 11.946
37 11.946
38 11.946
39 11.946
40 11.946
41 11.946
42 11.946
43 11.946
44 11.946
45 11.946
46 11.946
47 11.946
48 11.946
49 11.946
50 11.946
51 11.946
52 11.946
53 11.946
54 11.946
55 11.946
56 11.946
57 11.946
58 11.946
59 11.946
60 11.946
61 11.946
62 11.946
63 11.946
64 11.946
65 11.946
66 11.946
67 11.946
68 11.946
69 11.946
70 11.946
71 11.946
72 11.946
73 11.946
74 11.946
75 11.946
76 11.946
77 11.946
78 11.946
79 11.946
80 11.946
81 11.946
82 11.946
83 11.946
84 11.946
85 11.946
86 11.946
87 11.946
88 11.9468
89 11.9497
90 11.9549
91 11.963
92 11.9766
93 11.9771
94 11.9034
95 11.598
96 10.9292
97 10.0422
98 9.16131
99 8.36967
100 7.67069
101 7.05332
102 7.08421
103 6.96295
104 6.69246
105 6.35738
106 6.39034
107 6.38039
108 6.40936
109 6.41491
110 6.39355
111 6.35479
112 6.46846
113 6.49644
114 6.44878
115 6.91052
116 7.43203
117 8.01739
118 8.67519
119 9.42248
120 10.2772
121 11.1729
122 11.8082
123 12
124 11.9907
125 11.9631
126 11.9497
127 11.9468
128 11.946
129 11.946
130 11.946
131 11.946
132 11.946
133 11.946
134 11.946
135 11.946
136 11.946
137 11.946
138 11.946
139 11.946
140 11.946
141 11.946
142 11.946
143 11.946
144 11.946
145 11.946
146 11.946
147 11.946
148 11.946
149 11.946
150 11.946
151 11.946
152 11.946
153 11.946
154 11.946
155 11.946
156 11.946
157 11.946
158 11.946
159 11.946
160 11.946
161 11.946
162 11.946
163 11.946
164 11.946
165 11.946
166 11.946
167 11.946
168 11.946
169 11.946
170 11.946
171 11.946
172 11.946
173 11.946
174 11.946
175 11.946
176 11.946
177 11.946
178 11.946
179 11.946
180 11.946
181 11.946
182 11.946
183 11.946
184 11.946
185 11.946
186 11.946
187 11.946
188 11.946
189 11.946
190 11.946
191 11.946
192 11.946
193 11.946
194 11.946
195 11.946
196 11.946
197 11.946
198 11.946
199 11.946
200 11.946
201 11.946
202 11.946
203 11.946
204 11.946
205 11.946
206 11.946
207 11.946
208 11.946
209 11.946
210 11.946
211 11.946
212 11.946
213 11.946
214 11.946
