1 11.9409
2 11.9409
3 11.9409
4 11.9409
5 11.9409
6 11.9409
7 11.9409
8 11.9409
9 11.9409
10 11.9409
11 11.9409
12 11.9409
13 11.9409
14 11.9409
15 11.9409
16 11.9409
17 11.9409
18 11.9409
19 11.9409
20 11.9409
21 11.9409
22 11.9409
23 11.9409
24 11.9409
25 11.9409
26 11.9409
27 11.9409
28 11.9409
29 11.9409
30 11.9409
31 11.9409
32 11.9409
33 11.9409
34 11.9409
35 11.9409
36 11.9409
37 11.9409
38 11.9409
39 11.9409
40 11.9409
41 11.9409
42 11.9409
43 11.9409
44 11.9409
45 11.9409
46 11.9409
47 11.9409
48 11.9409
49 11.9409
50 11.9409
51 11.9409
52 11.9409
53 11.9409
54 11.9409
55 11.9409
56 11.9409
57 11.9409
58 11.9409
59 11.9409
60 11.9409
61 11.9409
62 11.9409
63 11.9409
64 11.9409
65 11.9409
66 11.9409
67 11.9409
68 11.9409
69 11.9409
70 11.9409
71 11.9409
72 11.9409
73 11.9409
74 11.9409
75 11.9409
76 11.9409
77 11.9409
78 11.9409
79 11.9409
80 11.9409
81 11.9409
82 11.9409
83 11.9409
84 11.9409
85 11.9409
86 11.9409
87 11.9409
88 11.9409
89 11.9427
90 11.9468
91 11.9541
92 11.968
93 11.9729
94 11.9183
95 11.6632
96 11.053
97 10.1862
98 9.2959
99 8.48788
100 7.77337
101 7.14224
102 7.17052
103 7.03951
104 6.75494
105 6.40748
106 6.44044
107 6.42793
108 6.45738
109 6.46318
110 6.44146
111 6.40278
112 6.52538
113 6.55852
114 6.51166
115 6.98359
116 7.51591
117 8.1131
118 8.78462
119 9.54854
120 10.4183
121 11.2976
122 11.8613
123 12
124 11.9802
125 11.9539
126 11.9427
127 11.9409
128 11.9409
129 11.9409
130 11.9409
131 11.9409
132 11.9409
133 11.9409
134 11.9409
135 11.9409
136 11.9409
137 11.9409
138 11.9409
139 11.9409
140 11.9409
141 11.9409
142 11.9409
143 11.9409
144 11.9409
145 11.9409
146 11.9409
147 11.9409
148 11.9409
149 11.9409
150 11.9409
151 11.9409
152 11.9409
153 11.9409
154 11.9409
155 11.9409
156 11.9409
157 11.9409
158 11.9409
159 11.9409
160 11.9409
161 11.9409
162 11.9409
163 11.9409
164 11.9409
165 11.9409
166 11.9409
167 11.9409
168 11.9409
169 11.9409
170 11.9409
171 11.9409
172 11.9409
173 11.9409
174 11.9409
175 11.9409
176 11.9409
177 11.9409
178 11.9409
179 11.9409
180 11.9409
181 11.9409
182 11.9409
183 11.9409
184 11.9409
185 11.9409
186 11.9409
187 11.9409
188 11.9409
189 11.9409
190 11.9409
191 11.9409
192 11.9409
193 11.9409
194 11.9409
195 11.9409
196 11.9409
197 11.9409
198 11.9409
199 11.9409
200 11.9409
201 11.9409
202 11.9409
203 11.9409
204 11.9409
205 11.9409
206 11.9409
207 11.9409
208 11.9409
209 11.9409
210 11.9409
211 11.9409
212 11.9409
213 11.9409
214 11.9409
