1 11.9339
2 11.9339
3 11.9339
4 11.9339
5 11.9339
6 11.9339
7 11.9339
8 11.9339
9 11.9339
10 11.9339
11 11.9339
12 11.9339
13 11.9339
14 11.9339
15 11.9339
16 11.9339
17 11.9339
18 11.9339
19 11.9339
20 11.9339
21 11.9339
22 11.9339
23 11.9339
24 11.9339
25 11.9339
26 11.9339
27 11.9339
28 11.9339
29 11.9339
30 11.9339
31 11.9339
32 11.9339
33 11.9339
34 11.9339
35 11.9339
36 11.9339
37 11.9339
38 11.9339
39 11.9339
40 11.9339
41 11.9339
42 11.9339
43 11.9339
44 11.9339
45 11.9339
46 11.9339
47 11.9339
48 11.9339
49 11.9339
50 11.9339
51 11.9339
52 11.9339
53 11.9339
54 11.9339
55 11.9339
56 11.9339
57 11.9339
58 11.9339
59 11.9339
60 11.9339
61 11.9339
62 11.9339
63 11.9339
64 11.9339
65 11.9339
66 11.9339
67 11.9339
68 11.9339
69 11.9339
70 11.9339
71 11.9339
72 11.9339
73 11.9339
74 11.9339
75 11.9339
76 11.9339
77 11.9339
78 11.9339
79 11.9339
80 11.9339
81 11.9339
82 11.9339
83 11.9339
84 11.9339
85 11.9339
86 11.9339
87 11.9339
88 11.9339
89 11.9355
90 11.9405
91 11.948
92 11.9624
93 11.9722
94 11.9349
95 11.7261
96 11.1782
97 10.3398
98 9.44381
99 8.62
100 7.88974
101 7.24456
102 7.26998
103 7.12874
104 6.82965
105 6.46956
106 6.50249
107 6.48729
108 6.51722
109 6.52327
110 6.5012
111 6.46268
112 6.5947
113 6.63331
114 6.58732
115 7.06956
116 7.61283
117 8.22203
118 8.90752
119 9.68799
120 10.5696
121 11.4216
122 11.9083
123 12
124 11.9716
125 11.9457
126 11.9355
127 11.9339
128 11.9339
129 11.9339
130 11.9339
131 11.9339
132 11.9339
133 11.9339
134 11.9339
135 11.9339
136 11.9339
137 11.9339
138 11.9339
139 11.9339
140 11.9339
141 11.9339
142 11.9339
143 11.9339
144 11.9339
145 11.9339
146 11.9339
147 11.9339
148 11.9339
149 11.9339
150 11.9339
151 11.9339
152 11.9339
153 11.9339
154 11.9339
155 11.9339
156 11.9339
157 11.9339
158 11.9339
159 11.9339
160 11.9339
161 11.9339
162 11.9339
163 11.9339
164 11.9339
165 11.9339
166 11.9339
167 11.9339
168 11.9339
169 11.9339
170 11.9339
171 11.9339
172 11.9339
173 11.9339
174 11.9339
175 11.9339
176 11.9339
177 11.9339
178 11.9339
179 11.9339
180 11.9339
181 11.9339
182 11.9339
183 11.9339
184 11.9339
185 11.9339
186 11.9339
187 11.9339
188 11.9339
189 11.9339
190 11.9339
191 11.9339
192 11.9339
193 11.9339
194 11.9339
195 11.9339
196 11.9339
197 11.9339
198 11.9339
199 11.9339
200 11.9339
201 11.9339
202 11.9339
203 11.9339
204 11.9339
205 11.9339
206 11.9339
207 11.9339
208 11.9339
209 11.9339
210 11.9339
211 11.9339
212 11.9339
213 11.9339
214 11.9339
