1 11.9332
2 11.9332
3 11.9332
4 11.9332
5 11.9332
6 11.9332
7 11.9332
8 11.9332
9 11.9332
10 11.9332
11 11.9332
12 11.9332
13 11.9332
14 11.9332
15 11.9332
16 11.9332
17 11.9332
18 11.9332
19 11.9332
20 11.9332
21 11.9332
22 11.9332
23 11.9332
24 11.9332
25 11.9332
26 11.9332
27 11.9332
28 11.9332
29 11.9332
30 11.9332
31 11.9332
32 11.9332
33 11.9332
34 11.9332
35 11.9332
36 11.9332
37 11.9332
38 11.9332
39 11.9332
40 11.9332
41 11.9332
42 11.9332
43 11.9332
44 11.9332
45 11.9332
46 11.9332
47 11.9332
48 11.9332
49 11.9332
50 11.9332
51 11.9332
52 11.9332
53 11.9332
54 11.9332
55 11.9332
56 11.9332
57 11.9332
58 11.9332
59 11.9332
60 11.9332
61 11.9332
62 11.9332
63 11.9332
64 11.9332
65 11.9332
66 11.9332
67 11.9332
68 11.9332
69 11.9332
70 11.9332
71 11.9332
72 11.9332
73 11.9332
74 11.9332
75 11.9332
76 11.9332
77 11.9332
78 11.9332
79 11.9332
80 11.9332
81 11.9332
82 11.9332
83 11.9332
84 11.9332
85 11.9332
86 11.9332
87 11.9332
88 11.9332
89 11.9332
90 11.9357
91 11.9427
92 11.9519
93 11.9663
94 11.9668
95 11.8851
96 11.5705
97 10.91
98 10.0391
99 9.16432
100 8.37042
101 7.66623
102 7.67756
103 7.49063
104 7.12915
105 6.71637
106 6.74863
107 6.72103
108 6.75275
109 6.75982
110 6.7365
111 6.69944
112 6.87386
113 6.93736
114 6.89572
115 7.42036
116 8.00893
117 8.66853
118 9.41304
119 10.2573
120 11.1456
121 11.7973
122 12
123 11.9841
124 11.9492
125 11.9357
126 11.9332
127 11.9332
128 11.9332
129 11.9332
130 11.9332
131 11.9332
132 11.9332
133 11.9332
134 11.9332
135 11.9332
136 11.9332
137 11.9332
138 11.9332
139 11.9332
140 11.9332
141 11.9332
142 11.9332
143 11.9332
144 11.9332
145 11.9332
146 11.9332
147 11.9332
148 11.9332
149 11.9332
150 11.9332
151 11.9332
152 11.9332
153 11.9332
154 11.9332
155 11.9332
156 11.9332
157 11.9332
158 11.9332
159 11.9332
160 11.9332
161 11.9332
162 11.9332
163 11.9332
164 11.9332
165 11.9332
166 11.9332
167 11.9332
168 11.9332
169 11.9332
170 11.9332
171 11.9332
172 11.9332
173 11.9332
174 11.9332
175 11.9332
176 11.9332
177 11.9332
178 11.9332
179 11.9332
180 11.9332
181 11.9332
182 11.9332
183 11.9332
184 11.9332
185 11.9332
186 11.9332
187 11.9332
188 11.9332
189 11.9332
190 11.9332
191 11.9332
192 11.9332
193 11.9332
194 11.9332
195 11.9332
196 11.9332
197 11.9332
198 11.9332
199 11.9332
200 11.9332
201 11.9332
202 11.9332
203 11.9332
204 11.9332
205 11.9332
206 11.9332
207 11.9332
208 11.9332
209 11.9332
210 11.9332
211 11.9332
212 11.9332
213 11.9332
214 11.9332
