1 3.38724e-06
2 3.38724e-06
3 3.38724e-06
4 3.38724e-06
5 3.38724e-06
6 3.38724e-06
7 3.38724e-06
8 3.38724e-06
9 3.38724e-06
10 3.38724e-06
11 3.38724e-06
12 3.38724e-06
13 3.38724e-06
14 3.38724e-06
15 3.38724e-06
16 3.38724e-06
17 3.38724e-06
18 3.38724e-06
19 3.38724e-06
20 3.38724e-06
21 3.38724e-06
22 3.38724e-06
23 3.38724e-06
24 3.38724e-06
25 3.38724e-06
26 3.38724e-06
27 3.38724e-06
28 3.38724e-06
29 3.38724e-06
30 3.38724e-06
31 3.38724e-06
32 3.38724e-06
33 3.38724e-06
34 3.38724e-06
35 3.38724e-06
36 3.38724e-06
37 3.38724e-06
38 3.38724e-06
39 3.38724e-06
40 3.38724e-06
41 3.38724e-06
42 3.38724e-06
43 3.38724e-06
44 3.38724e-06
45 3.38724e-06
46 3.38724e-06
47 3.38724e-06
48 3.38724e-06
49 3.38724e-06
50 3.38724e-06
51 3.38724e-06
52 3.38724e-06
53 3.38724e-06
54 3.38724e-06
55 3.38724e-06
56 3.38724e-06
57 3.38724e-06
58 3.38724e-06
59 3.38724e-06
60 3.38724e-06
61 3.38724e-06
62 3.38724e-06
63 3.38724e-06
64 3.38724e-06
65 3.38724e-06
66 3.38724e-06
67 3.38724e-06
68 3.38724e-06
69 3.38724e-06
70 3.38724e-06
71 3.38724e-06
72 3.38738e-06
73 3.38784e-06
74 3.38926e-06
75 3.39418e-06
76 3.40845e-06
77 3.44968e-06
78 3.5706e-06
79 3.93348e-06
80 5.03745e-06
81 8.37934e-06
82 1.8251e-05
83 4.62678e-05
84 0.000121857
85 0.00031443
86 0.00077583
87 0.00181317
88 0.00399933
89 0.0083175
90 0.0163151
91 0.0302127
92 0.0528837
93 0.0876053
94 0.137517
95 0.204841
96 0.290119
97 0.391833
98 0.506733
99 0.630777
100 0.760221
101 0.892347
102 0.916704
103 0.941128
104 0.96557
105 0.990017
106 0.994481
107 0.998946
108 0.999736
109 0.999736
110 0.998946
111 0.994481
112 0.970039
113 0.945615
114 0.921258
115 0.789128
116 0.659664
117 0.53555
118 0.420432
119 0.318179
120 0.231792
121 0.162543
122 0.109787
123 0.0714379
124 0.0447324
125 0.0268845
126 0.0154511
127 0.00845761
128 0.00439343
129 0.00216011
130 0.00100393
131 0.000441318
132 0.000184243
133 7.39243e-05
134 2.94141e-05
135 1.24961e-05
136 6.42107e-06
137 4.35265e-06
138 3.68191e-06
139 3.47369e-06
140 3.41153e-06
141 3.39361e-06
142 3.38861e-06
143 3.38738e-06
144 3.38724e-06
145 3.38724e-06
146 3.38724e-06
147 3.38724e-06
148 3.38724e-06
149 3.38724e-06
150 3.38724e-06
151 3.38724e-06
152 3.38724e-06
153 3.38724e-06
154 3.38724e-06
155 3.38724e-06
156 3.38724e-06
157 3.38724e-06
158 3.38724e-06
159 3.38724e-06
160 3.38724e-06
161 3.38724e-06
162 3.38724e-06
163 3.38724e-06
164 3.38724e-06
165 3.38724e-06
166 3.38724e-06
167 3.38724e-06
168 3.38724e-06
169 3.38724e-06
170 3.38724e-06
171 3.38724e-06
172 3.38724e-06
173 3.38724e-06
174 3.38724e-06
175 3.38724e-06
176 3.38724e-06
177 3.38724e-06
178 3.38724e-06
179 3.38724e-06
180 3.38724e-06
181 3.38724e-06
182 3.38724e-06
183 3.38724e-06
184 3.38724e-06
185 3.38724e-06
186 3.38724e-06
187 3.38724e-06
188 3.38724e-06
189 3.38724e-06
190 3.38724e-06
191 3.38724e-06
192 3.38724e-06
193 3.38724e-06
194 3.38724e-06
195 3.38724e-06
196 3.38724e-06
197 3.38724e-06
198 3.38724e-06
199 3.38724e-06
200 3.38724e-06
201 3.38724e-06
202 3.38724e-06
203 3.38724e-06
204 3.38724e-06
205 3.38724e-06
206 3.38724e-06
207 3.38724e-06
208 3.38724e-06
209 3.38724e-06
210 3.38724e-06
211 3.38724e-06
212 3.38724e-06
213 3.38724e-06
214 3.38724e-06
