1 9.31261e-07
2 9.31261e-07
3 9.31261e-07
4 9.31261e-07
5 9.31261e-07
6 9.31261e-07
7 9.31261e-07
8 9.31261e-07
9 9.31261e-07
10 9.31261e-07
11 9.31261e-07
12 9.31261e-07
13 9.31261e-07
14 9.31261e-07
15 9.31261e-07
16 9.31261e-07
17 9.31261e-07
18 9.31261e-07
19 9.31261e-07
20 9.31261e-07
21 9.31261e-07
22 9.31261e-07
23 9.31261e-07
24 9.31261e-07
25 9.31261e-07
26 9.31261e-07
27 9.31261e-07
28 9.31261e-07
29 9.31261e-07
30 9.31261e-07
31 9.31261e-07
32 9.31261e-07
33 9.31261e-07
34 9.31261e-07
35 9.31261e-07
36 9.31261e-07
37 9.31261e-07
38 9.31261e-07
39 9.31261e-07
40 9.31261e-07
41 9.31261e-07
42 9.31261e-07
43 9.31261e-07
44 9.31261e-07
45 9.31261e-07
46 9.31261e-07
47 9.31261e-07
48 9.31261e-07
49 9.31261e-07
50 9.31261e-07
51 9.31261e-07
52 9.31261e-07
53 9.31261e-07
54 9.31261e-07
55 9.31261e-07
56 9.31261e-07
57 9.31261e-07
58 9.31261e-07
59 9.31261e-07
60 9.31261e-07
61 9.31261e-07
62 9.31261e-07
63 9.31261e-07
64 9.31261e-07
65 9.31261e-07
66 9.31261e-07
67 9.31261e-07
68 9.31261e-07
69 9.31261e-07
70 9.31261e-07
71 9.31261e-07
72 9.31261e-07
73 9.31261e-07
74 9.31261e-07
75 9.31261e-07
76 9.31261e-07
77 9.31261e-07
78 9.31261e-07
79 9.31261e-07
80 9.31261e-07
81 9.31261e-07
82 9.31261e-07
83 9.31261e-07
84 9.31261e-07
85 9.31261e-07
86 9.31261e-07
87 9.31261e-07
88 9.31261e-07
89 9.31261e-07
90 9.31261e-07
91 9.31261e-07
92 9.35031e-07
93 9.49574e-07
94 9.86418e-07
95 1.09189e-06
96 1.3885e-06
97 2.20751e-06
98 4.66553e-06
99 1.25939e-05
100 3.86929e-05
101 0.000122168
102 0.000166696
103 0.000293828
104 0.000622296
105 0.00139534
106 0.00169592
107 0.0022923
108 0.00248242
109 0.00251369
110 0.0024325
111 0.00213143
112 0.0012557
113 0.000834198
114 0.000648671
115 0.000233661
116 7.87618e-05
117 2.53308e-05
118 8.17153e-06
119 2.98598e-06
120 1.49138e-06
121 1.0733e-06
122 9.57794e-07
123 9.35031e-07
124 9.31261e-07
125 9.31261e-07
126 9.31261e-07
127 9.31261e-07
128 9.31261e-07
129 9.31261e-07
130 9.31261e-07
131 9.31261e-07
132 9.31261e-07
133 9.31261e-07
134 9.31261e-07
135 9.31261e-07
136 9.31261e-07
137 9.31261e-07
138 9.31261e-07
139 9.31261e-07
140 9.31261e-07
141 9.31261e-07
142 9.31261e-07
143 9.31261e-07
144 9.31261e-07
145 9.31261e-07
146 9.31261e-07
147 9.31261e-07
148 9.31261e-07
149 9.31261e-07
150 9.31261e-07
151 9.31261e-07
152 9.31261e-07
153 9.31261e-07
154 9.31261e-07
155 9.31261e-07
156 9.31261e-07
157 9.31261e-07
158 9.31261e-07
159 9.31261e-07
160 9.31261e-07
161 9.31261e-07
162 9.31261e-07
163 9.31261e-07
164 9.31261e-07
165 9.31261e-07
166 9.31261e-07
167 9.31261e-07
168 9.31261e-07
169 9.31261e-07
170 9.31261e-07
171 9.31261e-07
172 9.31261e-07
173 9.31261e-07
174 9.31261e-07
175 9.31261e-07
176 9.31261e-07
177 9.31261e-07
178 9.31261e-07
179 9.31261e-07
180 9.31261e-07
181 9.31261e-07
182 9.31261e-07
183 9.31261e-07
184 9.31261e-07
185 9.31261e-07
186 9.31261e-07
187 9.31261e-07
188 9.31261e-07
189 9.31261e-07
190 9.31261e-07
191 9.31261e-07
192 9.31261e-07
193 9.31261e-07
194 9.31261e-07
195 9.31261e-07
196 9.31261e-07
197 9.31261e-07
198 9.31261e-07
199 9.31261e-07
200 9.31261e-07
201 9.31261e-07
202 9.31261e-07
203 9.31261e-07
204 9.31261e-07
205 9.31261e-07
206 9.31261e-07
207 9.31261e-07
208 9.31261e-07
209 9.31261e-07
210 9.31261e-07
211 9.31261e-07
212 9.31261e-07
213 9.31261e-07
214 9.31261e-07
