1 1.49183e-06
2 1.49183e-06
3 1.49183e-06
4 1.49183e-06
5 1.49183e-06
6 1.49183e-06
7 1.49183e-06
8 1.49183e-06
9 1.49183e-06
10 1.49183e-06
11 1.49183e-06
12 1.49183e-06
13 1.49183e-06
14 1.49183e-06
15 1.49183e-06
16 1.49183e-06
17 1.49183e-06
18 1.49183e-06
19 1.49183e-06
20 1.49183e-06
21 1.49183e-06
22 1.49183e-06
23 1.49183e-06
24 1.49183e-06
25 1.49183e-06
26 1.49183e-06
27 1.49183e-06
28 1.49183e-06
29 1.49183e-06
30 1.49183e-06
31 1.49183e-06
32 1.49183e-06
33 1.49183e-06
34 1.49183e-06
35 1.49183e-06
36 1.49183e-06
37 1.49183e-06
38 1.49183e-06
39 1.49183e-06
40 1.49183e-06
41 1.49183e-06
42 1.49183e-06
43 1.49183e-06
44 1.49183e-06
45 1.49183e-06
46 1.49183e-06
47 1.49183e-06
48 1.49183e-06
49 1.49183e-06
50 1.49183e-06
51 1.49183e-06
52 1.49183e-06
53 1.49183e-06
54 1.49183e-06
55 1.49183e-06
56 1.49183e-06
57 1.49183e-06
58 1.49183e-06
59 1.49183e-06
60 1.49183e-06
61 1.49183e-06
62 1.49183e-06
63 1.49183e-06
64 1.49183e-06
65 1.49183e-06
66 1.49183e-06
67 1.49183e-06
68 1.49183e-06
69 1.49183e-06
70 1.49183e-06
71 1.49183e-06
72 1.49183e-06
73 1.49183e-06
74 1.49183e-06
75 1.49183e-06
76 1.49183e-06
77 1.49183e-06
78 1.49183e-06
79 1.49183e-06
80 1.49183e-06
81 1.49183e-06
82 1.49183e-06
83 1.49183e-06
84 1.49183e-06
85 1.49183e-06
86 1.49183e-06
87 1.49183e-06
88 1.49183e-06
89 1.49183e-06
90 1.49183e-06
91 1.49183e-06
92 1.50077e-06
93 1.52926e-06
94 1.60888e-06
95 1.85905e-06
96 2.53602e-06
97 4.50447e-06
98 1.06797e-05
99 3.09049e-05
100 9.65595e-05
101 0.000299871
102 0.000405207
103 0.000689867
104 0.00138952
105 0.00295944
106 0.00354381
107 0.0046537
108 0.00499457
109 0.00504842
110 0.00490276
111 0.00434987
112 0.00267853
113 0.00183779
114 0.00144995
115 0.000543964
116 0.000190214
117 6.28104e-05
118 2.02434e-05
119 6.93676e-06
120 3.00245e-06
121 1.88553e-06
122 1.5777e-06
123 1.50077e-06
124 1.49183e-06
125 1.49183e-06
126 1.49183e-06
127 1.49183e-06
128 1.49183e-06
129 1.49183e-06
130 1.49183e-06
131 1.49183e-06
132 1.49183e-06
133 1.49183e-06
134 1.49183e-06
135 1.49183e-06
136 1.49183e-06
137 1.49183e-06
138 1.49183e-06
139 1.49183e-06
140 1.49183e-06
141 1.49183e-06
142 1.49183e-06
143 1.49183e-06
144 1.49183e-06
145 1.49183e-06
146 1.49183e-06
147 1.49183e-06
148 1.49183e-06
149 1.49183e-06
150 1.49183e-06
151 1.49183e-06
152 1.49183e-06
153 1.49183e-06
154 1.49183e-06
155 1.49183e-06
156 1.49183e-06
157 1.49183e-06
158 1.49183e-06
159 1.49183e-06
160 1.49183e-06
161 1.49183e-06
162 1.49183e-06
163 1.49183e-06
164 1.49183e-06
165 1.49183e-06
166 1.49183e-06
167 1.49183e-06
168 1.49183e-06
169 1.49183e-06
170 1.49183e-06
171 1.49183e-06
172 1.49183e-06
173 1.49183e-06
174 1.49183e-06
175 1.49183e-06
176 1.49183e-06
177 1.49183e-06
178 1.49183e-06
179 1.49183e-06
180 1.49183e-06
181 1.49183e-06
182 1.49183e-06
183 1.49183e-06
184 1.49183e-06
185 1.49183e-06
186 1.49183e-06
187 1.49183e-06
188 1.49183e-06
189 1.49183e-06
190 1.49183e-06
191 1.49183e-06
192 1.49183e-06
193 1.49183e-06
194 1.49183e-06
195 1.49183e-06
196 1.49183e-06
197 1.49183e-06
198 1.49183e-06
199 1.49183e-06
200 1.49183e-06
201 1.49183e-06
202 1.49183e-06
203 1.49183e-06
204 1.49183e-06
205 1.49183e-06
206 1.49183e-06
207 1.49183e-06
208 1.49183e-06
209 1.49183e-06
210 1.49183e-06
211 1.49183e-06
212 1.49183e-06
213 1.49183e-06
214 1.49183e-06
