1 1.07657e-06
2 1.07657e-06
3 1.07657e-06
4 1.07657e-06
5 1.07657e-06
6 1.07657e-06
7 1.07657e-06
8 1.07657e-06
9 1.07657e-06
10 1.07657e-06
11 1.07657e-06
12 1.07657e-06
13 1.07657e-06
14 1.07657e-06
15 1.07657e-06
16 1.07657e-06
17 1.07657e-06
18 1.07657e-06
19 1.07657e-06
20 1.07657e-06
21 1.07657e-06
22 1.07657e-06
23 1.07657e-06
24 1.07657e-06
25 1.07657e-06
26 1.07657e-06
27 1.07657e-06
28 1.07657e-06
29 1.07657e-06
30 1.07657e-06
31 1.07657e-06
32 1.07657e-06
33 1.07657e-06
34 1.07657e-06
35 1.07657e-06
36 1.07657e-06
37 1.07657e-06
38 1.07657e-06
39 1.07657e-06
40 1.07657e-06
41 1.07657e-06
42 1.07657e-06
43 1.07657e-06
44 1.07657e-06
45 1.07657e-06
46 1.07657e-06
47 1.07657e-06
48 1.07657e-06
49 1.07657e-06
50 1.07657e-06
51 1.07657e-06
52 1.07657e-06
53 1.07657e-06
54 1.07657e-06
55 1.07657e-06
56 1.07657e-06
57 1.07657e-06
58 1.07657e-06
59 1.07657e-06
60 1.07657e-06
61 1.07657e-06
62 1.07657e-06
63 1.07657e-06
64 1.07657e-06
65 1.07657e-06
66 1.07657e-06
67 1.07657e-06
68 1.07657e-06
69 1.07657e-06
70 1.07657e-06
71 1.07657e-06
72 1.07657e-06
73 1.07657e-06
74 1.07657e-06
75 1.07657e-06
76 1.07657e-06
77 1.07657e-06
78 1.07657e-06
79 1.07657e-06
80 1.07657e-06
81 1.07657e-06
82 1.07657e-06
83 1.07657e-06
84 1.07657e-06
85 1.07657e-06
86 1.07657e-06
87 1.07657e-06
88 1.07657e-06
89 1.07657e-06
90 1.07657e-06
91 1.07657e-06
92 1.08159e-06
93 1.10065e-06
94 1.14812e-06
95 1.2931e-06
96 1.68161e-06
97 2.7705e-06
98 6.08959e-06
99 1.68699e-05
100 5.22418e-05
101 0.000164245
102 0.000223475
103 0.000389434
104 0.000811071
105 0.00178759
106 0.00216174
107 0.00289319
108 0.00312346
109 0.00316084
110 0.00306253
111 0.00269498
112 0.00161175
113 0.00108254
114 0.000845887
115 0.000308839
116 0.000105357
117 3.41586e-05
118 1.09943e-05
119 3.91669e-06
120 1.8598e-06
121 1.28132e-06
122 1.12113e-06
123 1.08159e-06
124 1.07657e-06
125 1.07657e-06
126 1.07657e-06
127 1.07657e-06
128 1.07657e-06
129 1.07657e-06
130 1.07657e-06
131 1.07657e-06
132 1.07657e-06
133 1.07657e-06
134 1.07657e-06
135 1.07657e-06
136 1.07657e-06
137 1.07657e-06
138 1.07657e-06
139 1.07657e-06
140 1.07657e-06
141 1.07657e-06
142 1.07657e-06
143 1.07657e-06
144 1.07657e-06
145 1.07657e-06
146 1.07657e-06
147 1.07657e-06
148 1.07657e-06
149 1.07657e-06
150 1.07657e-06
151 1.07657e-06
152 1.07657e-06
153 1.07657e-06
154 1.07657e-06
155 1.07657e-06
156 1.07657e-06
157 1.07657e-06
158 1.07657e-06
159 1.07657e-06
160 1.07657e-06
161 1.07657e-06
162 1.07657e-06
163 1.07657e-06
164 1.07657e-06
165 1.07657e-06
166 1.07657e-06
167 1.07657e-06
168 1.07657e-06
169 1.07657e-06
170 1.07657e-06
171 1.07657e-06
172 1.07657e-06
173 1.07657e-06
174 1.07657e-06
175 1.07657e-06
176 1.07657e-06
177 1.07657e-06
178 1.07657e-06
179 1.07657e-06
180 1.07657e-06
181 1.07657e-06
182 1.07657e-06
183 1.07657e-06
184 1.07657e-06
185 1.07657e-06
186 1.07657e-06
187 1.07657e-06
188 1.07657e-06
189 1.07657e-06
190 1.07657e-06
191 1.07657e-06
192 1.07657e-06
193 1.07657e-06
194 1.07657e-06
195 1.07657e-06
196 1.07657e-06
197 1.07657e-06
198 1.07657e-06
199 1.07657e-06
200 1.07657e-06
201 1.07657e-06
202 1.07657e-06
203 1.07657e-06
204 1.07657e-06
205 1.07657e-06
206 1.07657e-06
207 1.07657e-06
208 1.07657e-06
209 1.07657e-06
210 1.07657e-06
211 1.07657e-06
212 1.07657e-06
213 1.07657e-06
214 1.07657e-06
