1 6.78866e-07
2 6.78866e-07
3 6.78866e-07
4 6.78866e-07
5 6.78866e-07
6 6.78866e-07
7 6.78866e-07
8 6.78866e-07
9 6.78866e-07
10 6.78866e-07
11 6.78866e-07
12 6.78866e-07
13 6.78866e-07
14 6.78866e-07
15 6.78866e-07
16 6.78866e-07
17 6.78866e-07
18 6.78866e-07
19 6.78866e-07
20 6.78866e-07
21 6.78866e-07
22 6.78866e-07
23 6.78866e-07
24 6.78866e-07
25 6.78866e-07
26 6.78866e-07
27 6.78866e-07
28 6.78866e-07
29 6.78866e-07
30 6.78866e-07
31 6.78866e-07
32 6.78866e-07
33 6.78866e-07
34 6.78866e-07
35 6.78866e-07
36 6.78866e-07
37 6.78866e-07
38 6.78866e-07
39 6.78866e-07
40 6.78866e-07
41 6.78866e-07
42 6.78866e-07
43 6.78866e-07
44 6.78866e-07
45 6.78866e-07
46 6.78866e-07
47 6.78866e-07
48 6.78866e-07
49 6.78866e-07
50 6.78866e-07
51 6.78866e-07
52 6.78866e-07
53 6.78866e-07
54 6.78866e-07
55 6.78866e-07
56 6.78866e-07
57 6.78866e-07
58 6.78866e-07
59 6.78866e-07
60 6.78866e-07
61 6.78866e-07
62 6.78866e-07
63 6.78866e-07
64 6.78866e-07
65 6.78866e-07
66 6.78866e-07
67 6.78866e-07
68 6.78866e-07
69 6.78866e-07
70 6.78866e-07
71 6.78866e-07
72 6.78866e-07
73 6.78866e-07
74 6.78866e-07
75 6.78866e-07
76 6.78866e-07
77 6.78866e-07
78 6.78866e-07
79 6.78866e-07
80 6.78866e-07
81 6.78866e-07
82 6.78866e-07
83 6.78866e-07
84 6.78866e-07
85 6.78866e-07
86 6.78866e-07
87 6.78866e-07
88 6.78866e-07
89 6.78866e-07
90 6.78866e-07
91 6.78866e-07
92 6.78866e-07
93 6.85231e-07
94 7.08468e-07
95 7.67356e-07
96 9.44968e-07
97 1.41937e-06
98 2.80002e-06
99 7.16257e-06
100 2.15405e-05
101 6.8325e-05
102 9.36086e-05
103 0.000168706
104 0.000369468
105 0.000857586
106 0.00105311
107 0.00145304
108 0.00158382
109 0.00160585
110 0.00154992
111 0.00134609
112 0.000768898
113 0.000499416
114 0.00038457
115 0.000134869
116 4.44139e-05
117 1.40777e-05
118 4.5764e-06
119 1.76505e-06
120 9.65525e-07
121 7.43144e-07
122 6.85231e-07
123 6.78866e-07
124 6.78866e-07
125 6.78866e-07
126 6.78866e-07
127 6.78866e-07
128 6.78866e-07
129 6.78866e-07
130 6.78866e-07
131 6.78866e-07
132 6.78866e-07
133 6.78866e-07
134 6.78866e-07
135 6.78866e-07
136 6.78866e-07
137 6.78866e-07
138 6.78866e-07
139 6.78866e-07
140 6.78866e-07
141 6.78866e-07
142 6.78866e-07
143 6.78866e-07
144 6.78866e-07
145 6.78866e-07
146 6.78866e-07
147 6.78866e-07
148 6.78866e-07
149 6.78866e-07
150 6.78866e-07
151 6.78866e-07
152 6.78866e-07
153 6.78866e-07
154 6.78866e-07
155 6.78866e-07
156 6.78866e-07
157 6.78866e-07
158 6.78866e-07
159 6.78866e-07
160 6.78866e-07
161 6.78866e-07
162 6.78866e-07
163 6.78866e-07
164 6.78866e-07
165 6.78866e-07
166 6.78866e-07
167 6.78866e-07
168 6.78866e-07
169 6.78866e-07
170 6.78866e-07
171 6.78866e-07
172 6.78866e-07
173 6.78866e-07
174 6.78866e-07
175 6.78866e-07
176 6.78866e-07
177 6.78866e-07
178 6.78866e-07
179 6.78866e-07
180 6.78866e-07
181 6.78866e-07
182 6.78866e-07
183 6.78866e-07
184 6.78866e-07
185 6.78866e-07
186 6.78866e-07
187 6.78866e-07
188 6.78866e-07
189 6.78866e-07
190 6.78866e-07
191 6.78866e-07
192 6.78866e-07
193 6.78866e-07
194 6.78866e-07
195 6.78866e-07
196 6.78866e-07
197 6.78866e-07
198 6.78866e-07
199 6.78866e-07
200 6.78866e-07
201 6.78866e-07
202 6.78866e-07
203 6.78866e-07
204 6.78866e-07
205 6.78866e-07
206 6.78866e-07
207 6.78866e-07
208 6.78866e-07
209 6.78866e-07
210 6.78866e-07
211 6.78866e-07
212 6.78866e-07
213 6.78866e-07
214 6.78866e-07
