1 1.74644e-06
2 1.74644e-06
3 1.74644e-06
4 1.74644e-06
5 1.74644e-06
6 1.74644e-06
7 1.74644e-06
8 1.74644e-06
9 1.74644e-06
10 1.74644e-06
11 1.74644e-06
12 1.74644e-06
13 1.74644e-06
14 1.74644e-06
15 1.74644e-06
16 1.74644e-06
17 1.74644e-06
18 1.74644e-06
19 1.74644e-06
20 1.74644e-06
21 1.74644e-06
22 1.74644e-06
23 1.74644e-06
24 1.74644e-06
25 1.74644e-06
26 1.74644e-06
27 1.74644e-06
28 1.74644e-06
29 1.74644e-06
30 1.74644e-06
31 1.74644e-06
32 1.74644e-06
33 1.74644e-06
34 1.74644e-06
35 1.74644e-06
36 1.74644e-06
37 1.74644e-06
38 1.74644e-06
39 1.74644e-06
40 1.74644e-06
41 1.74644e-06
42 1.74644e-06
43 1.74644e-06
44 1.74644e-06
45 1.74644e-06
46 1.74644e-06
47 1.74644e-06
48 1.74644e-06
49 1.74644e-06
50 1.74644e-06
51 1.74644e-06
52 1.74644e-06
53 1.74644e-06
54 1.74644e-06
55 1.74644e-06
56 1.74644e-06
57 1.74644e-06
58 1.74644e-06
59 1.74644e-06
60 1.74644e-06
61 1.74644e-06
62 1.74644e-06
63 1.74644e-06
64 1.74644e-06
65 1.74644e-06
66 1.74644e-06
67 1.74644e-06
68 1.74644e-06
69 1.74644e-06
70 1.74644e-06
71 1.74644e-06
72 1.74644e-06
73 1.74644e-06
74 1.74644e-06
75 1.74644e-06
76 1.74644e-06
77 1.74644e-06
78 1.74644e-06
79 1.74644e-06
80 1.74644e-06
81 1.74644e-06
82 1.74644e-06
83 1.74644e-06
84 1.74644e-06
85 1.74644e-06
86 1.74644e-06
87 1.74644e-06
88 1.74644e-06
89 1.74644e-06
90 1.74644e-06
91 1.7505e-06
92 1.76651e-06
93 1.8081e-06
94 1.9279e-06
95 2.26361e-06
96 3.1788e-06
97 5.86443e-06
98 1.43757e-05
99 4.22713e-05
100 0.000132157
101 0.000407151
102 0.000547995
103 0.000922003
104 0.00182639
105 0.00382433
106 0.00455754
107 0.00593062
108 0.0063472
109 0.00641204
110 0.00623381
111 0.00555258
112 0.00346783
113 0.00240407
114 0.00190581
115 0.000724839
116 0.000256728
117 8.56596e-05
118 2.77177e-05
119 9.38242e-06
120 3.90128e-06
121 2.33235e-06
122 1.89516e-06
123 1.77459e-06
124 1.7505e-06
125 1.74644e-06
126 1.74644e-06
127 1.74644e-06
128 1.74644e-06
129 1.74644e-06
130 1.74644e-06
131 1.74644e-06
132 1.74644e-06
133 1.74644e-06
134 1.74644e-06
135 1.74644e-06
136 1.74644e-06
137 1.74644e-06
138 1.74644e-06
139 1.74644e-06
140 1.74644e-06
141 1.74644e-06
142 1.74644e-06
143 1.74644e-06
144 1.74644e-06
145 1.74644e-06
146 1.74644e-06
147 1.74644e-06
148 1.74644e-06
149 1.74644e-06
150 1.74644e-06
151 1.74644e-06
152 1.74644e-06
153 1.74644e-06
154 1.74644e-06
155 1.74644e-06
156 1.74644e-06
157 1.74644e-06
158 1.74644e-06
159 1.74644e-06
160 1.74644e-06
161 1.74644e-06
162 1.74644e-06
163 1.74644e-06
164 1.74644e-06
165 1.74644e-06
166 1.74644e-06
167 1.74644e-06
168 1.74644e-06
169 1.74644e-06
170 1.74644e-06
171 1.74644e-06
172 1.74644e-06
173 1.74644e-06
174 1.74644e-06
175 1.74644e-06
176 1.74644e-06
177 1.74644e-06
178 1.74644e-06
179 1.74644e-06
180 1.74644e-06
181 1.74644e-06
182 1.74644e-06
183 1.74644e-06
184 1.74644e-06
185 1.74644e-06
186 1.74644e-06
187 1.74644e-06
188 1.74644e-06
189 1.74644e-06
190 1.74644e-06
191 1.74644e-06
192 1.74644e-06
193 1.74644e-06
194 1.74644e-06
195 1.74644e-06
196 1.74644e-06
197 1.74644e-06
198 1.74644e-06
199 1.74644e-06
200 1.74644e-06
201 1.74644e-06
202 1.74644e-06
203 1.74644e-06
204 1.74644e-06
205 1.74644e-06
206 1.74644e-06
207 1.74644e-06
208 1.74644e-06
209 1.74644e-06
210 1.74644e-06
211 1.74644e-06
212 1.74644e-06
213 1.74644e-06
214 1.74644e-06
