1 2.45622e-06
2 2.45622e-06
3 2.45622e-06
4 2.45622e-06
5 2.45622e-06
6 2.45622e-06
7 2.45622e-06
8 2.45622e-06
9 2.45622e-06
10 2.45622e-06
11 2.45622e-06
12 2.45622e-06
13 2.45622e-06
14 2.45622e-06
15 2.45622e-06
16 2.45622e-06
17 2.45622e-06
18 2.45622e-06
19 2.45622e-06
20 2.45622e-06
21 2.45622e-06
22 2.45622e-06
23 2.45622e-06
24 2.45622e-06
25 2.45622e-06
26 2.45622e-06
27 2.45622e-06
28 2.45622e-06
29 2.45622e-06
30 2.45622e-06
31 2.45622e-06
32 2.45622e-06
33 2.45622e-06
34 2.45622e-06
35 2.45622e-06
36 2.45622e-06
37 2.45622e-06
38 2.45622e-06
39 2.45622e-06
40 2.45622e-06
41 2.45622e-06
42 2.45622e-06
43 2.45622e-06
44 2.45622e-06
45 2.45622e-06
46 2.45622e-06
47 2.45622e-06
48 2.45622e-06
49 2.45622e-06
50 2.45622e-06
51 2.45622e-06
52 2.45622e-06
53 2.45622e-06
54 2.45622e-06
55 2.45622e-06
56 2.45622e-06
57 2.45622e-06
58 2.45622e-06
59 2.45622e-06
60 2.45622e-06
61 2.45622e-06
62 2.45622e-06
63 2.45622e-06
64 2.45622e-06
65 2.45622e-06
66 2.45622e-06
67 2.45622e-06
68 2.45622e-06
69 2.45622e-06
70 2.45622e-06
71 2.45622e-06
72 2.45622e-06
73 2.45622e-06
74 2.45622e-06
75 2.45622e-06
76 2.45622e-06
77 2.45622e-06
78 2.45622e-06
79 2.45622e-06
80 2.45622e-06
81 2.45622e-06
82 2.45622e-06
83 2.45622e-06
84 2.45622e-06
85 2.45622e-06
86 2.45622e-06
87 2.45622e-06
88 2.45622e-06
89 2.45622e-06
90 2.45622e-06
91 2.46381e-06
92 2.4889e-06
93 2.56163e-06
94 2.78537e-06
95 3.38388e-06
96 5.06517e-06
97 1.01592e-05
98 2.6583e-05
99 8.02466e-05
100 0.000250134
101 0.000756756
102 0.00100987
103 0.00165946
104 0.00318056
105 0.00643957
106 0.00760263
107 0.00972164
108 0.0103491
109 0.0104437
110 0.0101741
111 0.00913043
112 0.00586031
113 0.0041447
114 0.0033167
115 0.00129642
116 0.000471204
117 0.000160666
118 5.25325e-05
119 1.74518e-05
120 6.74569e-06
121 3.63553e-06
122 2.7627e-06
123 2.52367e-06
124 2.46381e-06
125 2.45622e-06
126 2.45622e-06
127 2.45622e-06
128 2.45622e-06
129 2.45622e-06
130 2.45622e-06
131 2.45622e-06
132 2.45622e-06
133 2.45622e-06
134 2.45622e-06
135 2.45622e-06
136 2.45622e-06
137 2.45622e-06
138 2.45622e-06
139 2.45622e-06
140 2.45622e-06
141 2.45622e-06
142 2.45622e-06
143 2.45622e-06
144 2.45622e-06
145 2.45622e-06
146 2.45622e-06
147 2.45622e-06
148 2.45622e-06
149 2.45622e-06
150 2.45622e-06
151 2.45622e-06
152 2.45622e-06
153 2.45622e-06
154 2.45622e-06
155 2.45622e-06
156 2.45622e-06
157 2.45622e-06
158 2.45622e-06
159 2.45622e-06
160 2.45622e-06
161 2.45622e-06
162 2.45622e-06
163 2.45622e-06
164 2.45622e-06
165 2.45622e-06
166 2.45622e-06
167 2.45622e-06
168 2.45622e-06
169 2.45622e-06
170 2.45622e-06
171 2.45622e-06
172 2.45622e-06
173 2.45622e-06
174 2.45622e-06
175 2.45622e-06
176 2.45622e-06
177 2.45622e-06
178 2.45622e-06
179 2.45622e-06
180 2.45622e-06
181 2.45622e-06
182 2.45622e-06
183 2.45622e-06
184 2.45622e-06
185 2.45622e-06
186 2.45622e-06
187 2.45622e-06
188 2.45622e-06
189 2.45622e-06
190 2.45622e-06
191 2.45622e-06
192 2.45622e-06
193 2.45622e-06
194 2.45622e-06
195 2.45622e-06
196 2.45622e-06
197 2.45622e-06
198 2.45622e-06
199 2.45622e-06
200 2.45622e-06
201 2.45622e-06
202 2.45622e-06
203 2.45622e-06
204 2.45622e-06
205 2.45622e-06
206 2.45622e-06
207 2.45622e-06
208 2.45622e-06
209 2.45622e-06
210 2.45622e-06
211 2.45622e-06
212 2.45622e-06
213 2.45622e-06
214 2.45622e-06
