1 5.94995e-07
2 5.94995e-07
3 5.94995e-07
4 5.94995e-07
5 5.94995e-07
6 5.94995e-07
7 5.94995e-07
8 5.94995e-07
9 5.94995e-07
10 5.94995e-07
11 5.94995e-07
12 5.94995e-07
13 5.94995e-07
14 5.94995e-07
15 5.94995e-07
16 5.94995e-07
17 5.94995e-07
18 5.94995e-07
19 5.94995e-07
20 5.94995e-07
21 5.94995e-07
22 5.94995e-07
23 5.94995e-07
24 5.94995e-07
25 5.94995e-07
26 5.94995e-07
27 5.94995e-07
28 5.94995e-07
29 5.94995e-07
30 5.94995e-07
31 5.94995e-07
32 5.94995e-07
33 5.94995e-07
34 5.94995e-07
35 5.94995e-07
36 5.94995e-07
37 5.94995e-07
38 5.94995e-07
39 5.94995e-07
40 5.94995e-07
41 5.94995e-07
42 5.94995e-07
43 5.94995e-07
44 5.94995e-07
45 5.94995e-07
46 5.94995e-07
47 5.94995e-07
48 5.94995e-07
49 5.94995e-07
50 5.94995e-07
51 5.94995e-07
52 5.94995e-07
53 5.94995e-07
54 5.94995e-07
55 5.94995e-07
56 5.94995e-07
57 5.94995e-07
58 5.94995e-07
59 5.94995e-07
60 5.94995e-07
61 5.94995e-07
62 5.94995e-07
63 5.94995e-07
64 5.94995e-07
65 5.94995e-07
66 5.94995e-07
67 5.94995e-07
68 5.94995e-07
69 5.94995e-07
70 5.94995e-07
71 5.94995e-07
72 5.94995e-07
73 5.94995e-07
74 5.94995e-07
75 5.94995e-07
76 5.94995e-07
77 5.94995e-07
78 5.94995e-07
79 5.94995e-07
80 5.94995e-07
81 5.94995e-07
82 5.94995e-07
83 5.94995e-07
84 5.94995e-07
85 5.94995e-07
86 5.94995e-07
87 5.94995e-07
88 5.94995e-07
89 5.94995e-07
90 5.94995e-07
91 5.94995e-07
92 5.94995e-07
93 5.99897e-07
94 6.18087e-07
95 6.62203e-07
96 7.98184e-07
97 1.16446e-06
98 2.21164e-06
99 5.47772e-06
100 1.62181e-05
101 5.14093e-05
102 7.05007e-05
103 0.000128408
104 0.000285922
105 0.000675244
106 0.000833563
107 0.00116248
108 0.00127145
109 0.00129001
110 0.00124336
111 0.00107488
112 0.000604343
113 0.000388029
114 0.000297347
115 0.000102922
116 3.35291e-05
117 1.05758e-05
118 3.4731e-06
119 1.39137e-06
120 8.03149e-07
121 6.3999e-07
122 5.99897e-07
123 5.94995e-07
124 5.94995e-07
125 5.94995e-07
126 5.94995e-07
127 5.94995e-07
128 5.94995e-07
129 5.94995e-07
130 5.94995e-07
131 5.94995e-07
132 5.94995e-07
133 5.94995e-07
134 5.94995e-07
135 5.94995e-07
136 5.94995e-07
137 5.94995e-07
138 5.94995e-07
139 5.94995e-07
140 5.94995e-07
141 5.94995e-07
142 5.94995e-07
143 5.94995e-07
144 5.94995e-07
145 5.94995e-07
146 5.94995e-07
147 5.94995e-07
148 5.94995e-07
149 5.94995e-07
150 5.94995e-07
151 5.94995e-07
152 5.94995e-07
153 5.94995e-07
154 5.94995e-07
155 5.94995e-07
156 5.94995e-07
157 5.94995e-07
158 5.94995e-07
159 5.94995e-07
160 5.94995e-07
161 5.94995e-07
162 5.94995e-07
163 5.94995e-07
164 5.94995e-07
165 5.94995e-07
166 5.94995e-07
167 5.94995e-07
168 5.94995e-07
169 5.94995e-07
170 5.94995e-07
171 5.94995e-07
172 5.94995e-07
173 5.94995e-07
174 5.94995e-07
175 5.94995e-07
176 5.94995e-07
177 5.94995e-07
178 5.94995e-07
179 5.94995e-07
180 5.94995e-07
181 5.94995e-07
182 5.94995e-07
183 5.94995e-07
184 5.94995e-07
185 5.94995e-07
186 5.94995e-07
187 5.94995e-07
188 5.94995e-07
189 5.94995e-07
190 5.94995e-07
191 5.94995e-07
192 5.94995e-07
193 5.94995e-07
194 5.94995e-07
195 5.94995e-07
196 5.94995e-07
197 5.94995e-07
198 5.94995e-07
199 5.94995e-07
200 5.94995e-07
201 5.94995e-07
202 5.94995e-07
203 5.94995e-07
204 5.94995e-07
205 5.94995e-07
206 5.94995e-07
207 5.94995e-07
208 5.94995e-07
209 5.94995e-07
210 5.94995e-07
211 5.94995e-07
212 5.94995e-07
213 5.94995e-07
214 5.94995e-07
