1 3.43851e-07
2 3.43851e-07
3 3.43851e-07
4 3.43851e-07
5 3.43851e-07
6 3.43851e-07
7 3.43851e-07
8 3.43851e-07
9 3.43851e-07
10 3.43851e-07
11 3.43851e-07
12 3.43851e-07
13 3.43851e-07
14 3.43851e-07
15 3.43851e-07
16 3.43851e-07
17 3.43851e-07
18 3.43851e-07
19 3.43851e-07
20 3.43851e-07
21 3.43851e-07
22 3.43851e-07
23 3.43851e-07
24 3.43851e-07
25 3.43851e-07
26 3.43851e-07
27 3.43851e-07
28 3.43851e-07
29 3.43851e-07
30 3.43851e-07
31 3.43851e-07
32 3.43851e-07
33 3.43851e-07
34 3.43851e-07
35 3.43851e-07
36 3.43851e-07
37 3.43851e-07
38 3.43851e-07
39 3.43851e-07
40 3.43851e-07
41 3.43851e-07
42 3.43851e-07
43 3.43851e-07
44 3.43851e-07
45 3.43851e-07
46 3.43851e-07
47 3.43851e-07
48 3.43851e-07
49 3.43851e-07
50 3.43851e-07
51 3.43851e-07
52 3.43851e-07
53 3.43851e-07
54 3.43851e-07
55 3.43851e-07
56 3.43851e-07
57 3.43851e-07
58 3.43851e-07
59 3.43851e-07
60 3.43851e-07
61 3.43851e-07
62 3.43851e-07
63 3.43851e-07
64 3.43851e-07
65 3.43851e-07
66 3.43851e-07
67 3.43851e-07
68 3.43851e-07
69 3.43851e-07
70 3.43851e-07
71 3.43851e-07
72 3.43851e-07
73 3.43851e-07
74 3.43851e-07
75 3.43851e-07
76 3.43851e-07
77 3.43851e-07
78 3.43851e-07
79 3.43851e-07
80 3.43851e-07
81 3.43851e-07
82 3.43851e-07
83 3.43851e-07
84 3.43851e-07
85 3.43851e-07
86 3.43851e-07
87 3.43851e-07
88 3.43851e-07
89 3.43851e-07
90 3.43851e-07
91 3.43851e-07
92 3.43851e-07
93 3.43851e-07
94 3.49025e-07
95 3.6777e-07
96 4.11982e-07
97 5.50464e-07
98 9.27385e-07
99 2.03089e-06
100 5.55012e-06
101 1.72272e-05
102 2.34851e-05
103 4.43991e-05
104 0.000105507
105 0.000266986
106 0.000336777
107 0.000491549
108 0.000545637
109 0.000555268
110 0.000531974
111 0.000451041
112 0.000237477
113 0.000145347
114 0.000109271
115 3.59493e-05
116 1.12626e-05
117 3.51691e-06
118 1.22511e-06
119 5.74098e-07
120 3.93237e-07
121 3.49025e-07
122 3.43851e-07
123 3.43851e-07
124 3.43851e-07
125 3.43851e-07
126 3.43851e-07
127 3.43851e-07
128 3.43851e-07
129 3.43851e-07
130 3.43851e-07
131 3.43851e-07
132 3.43851e-07
133 3.43851e-07
134 3.43851e-07
135 3.43851e-07
136 3.43851e-07
137 3.43851e-07
138 3.43851e-07
139 3.43851e-07
140 3.43851e-07
141 3.43851e-07
142 3.43851e-07
143 3.43851e-07
144 3.43851e-07
145 3.43851e-07
146 3.43851e-07
147 3.43851e-07
148 3.43851e-07
149 3.43851e-07
150 3.43851e-07
151 3.43851e-07
152 3.43851e-07
153 3.43851e-07
154 3.43851e-07
155 3.43851e-07
156 3.43851e-07
157 3.43851e-07
158 3.43851e-07
159 3.43851e-07
160 3.43851e-07
161 3.43851e-07
162 3.43851e-07
163 3.43851e-07
164 3.43851e-07
165 3.43851e-07
166 3.43851e-07
167 3.43851e-07
168 3.43851e-07
169 3.43851e-07
170 3.43851e-07
171 3.43851e-07
172 3.43851e-07
173 3.43851e-07
174 3.43851e-07
175 3.43851e-07
176 3.43851e-07
177 3.43851e-07
178 3.43851e-07
179 3.43851e-07
180 3.43851e-07
181 3.43851e-07
182 3.43851e-07
183 3.43851e-07
184 3.43851e-07
185 3.43851e-07
186 3.43851e-07
187 3.43851e-07
188 3.43851e-07
189 3.43851e-07
190 3.43851e-07
191 3.43851e-07
192 3.43851e-07
193 3.43851e-07
194 3.43851e-07
195 3.43851e-07
196 3.43851e-07
197 3.43851e-07
198 3.43851e-07
199 3.43851e-07
200 3.43851e-07
201 3.43851e-07
202 3.43851e-07
203 3.43851e-07
204 3.43851e-07
205 3.43851e-07
206 3.43851e-07
207 3.43851e-07
208 3.43851e-07
209 3.43851e-07
210 3.43851e-07
211 3.43851e-07
212 3.43851e-07
213 3.43851e-07
214 3.43851e-07
