1 3.79746e-06
2 3.79746e-06
3 3.79746e-06
4 3.79746e-06
5 3.79746e-06
6 3.79746e-06
7 3.79746e-06
8 3.79746e-06
9 3.79746e-06
10 3.79746e-06
11 3.79746e-06
12 3.79746e-06
13 3.79746e-06
14 3.79746e-06
15 3.79746e-06
16 3.79746e-06
17 3.79746e-06
18 3.79746e-06
19 3.79746e-06
20 3.79746e-06
21 3.79746e-06
22 3.79746e-06
23 3.79746e-06
24 3.79746e-06
25 3.79746e-06
26 3.79746e-06
27 3.79746e-06
28 3.79746e-06
29 3.79746e-06
30 3.79746e-06
31 3.79746e-06
32 3.79746e-06
33 3.79746e-06
34 3.79746e-06
35 3.79746e-06
36 3.79746e-06
37 3.79746e-06
38 3.79746e-06
39 3.79746e-06
40 3.79746e-06
41 3.79746e-06
42 3.79746e-06
43 3.79746e-06
44 3.79746e-06
45 3.79746e-06
46 3.79746e-06
47 3.79746e-06
48 3.79746e-06
49 3.79746e-06
50 3.79746e-06
51 3.79746e-06
52 3.79746e-06
53 3.79746e-06
54 3.79746e-06
55 3.79746e-06
56 3.79746e-06
57 3.79746e-06
58 3.79746e-06
59 3.79746e-06
60 3.79746e-06
61 3.79746e-06
62 3.79746e-06
63 3.79746e-06
64 3.79746e-06
65 3.79746e-06
66 3.79746e-06
67 3.79746e-06
68 3.79746e-06
69 3.79746e-06
70 3.79746e-06
71 3.79746e-06
72 3.79746e-06
73 3.79746e-06
74 3.7977e-06
75 3.79853e-06
76 3.80126e-06
77 3.81003e-06
78 3.83512e-06
79 3.90719e-06
80 4.11912e-06
81 4.75866e-06
82 6.7145e-06
83 1.26497e-05
84 3.01593e-05
85 7.96058e-05
86 0.000211913
87 0.000545266
88 0.00133324
89 0.00307733
90 0.00668959
91 0.0136915
92 0.0264024
93 0.0480301
94 0.0825387
95 0.134169
96 0.206573
97 0.301734
98 0.419116
99 0.555566
100 0.706188
101 0.865797
102 0.895852
103 0.926293
104 0.956872
105 0.987492
106 0.993085
107 0.998679
108 0.999669
109 0.999669
110 0.998679
111 0.993087
112 0.962508
113 0.932066
114 0.90201
115 0.742359
116 0.59159
117 0.454721
118 0.33637
119 0.239345
120 0.163926
121 0.108135
122 0.0686701
123 0.0418898
124 0.0244571
125 0.0136075
126 0.00718521
127 0.00358894
128 0.00169239
129 0.000753205
130 0.00031712
131 0.000127297
132 4.97652e-05
133 1.99954e-05
134 9.2197e-06
135 5.52903e-06
136 4.32744e-06
137 3.95355e-06
138 3.84169e-06
139 3.80935e-06
140 3.80024e-06
141 3.7978e-06
142 3.79746e-06
143 3.79746e-06
144 3.79746e-06
145 3.79746e-06
146 3.79746e-06
147 3.79746e-06
148 3.79746e-06
149 3.79746e-06
150 3.79746e-06
151 3.79746e-06
152 3.79746e-06
153 3.79746e-06
154 3.79746e-06
155 3.79746e-06
156 3.79746e-06
157 3.79746e-06
158 3.79746e-06
159 3.79746e-06
160 3.79746e-06
161 3.79746e-06
162 3.79746e-06
163 3.79746e-06
164 3.79746e-06
165 3.79746e-06
166 3.79746e-06
167 3.79746e-06
168 3.79746e-06
169 3.79746e-06
170 3.79746e-06
171 3.79746e-06
172 3.79746e-06
173 3.79746e-06
174 3.79746e-06
175 3.79746e-06
176 3.79746e-06
177 3.79746e-06
178 3.79746e-06
179 3.79746e-06
180 3.79746e-06
181 3.79746e-06
182 3.79746e-06
183 3.79746e-06
184 3.79746e-06
185 3.79746e-06
186 3.79746e-06
187 3.79746e-06
188 3.79746e-06
189 3.79746e-06
190 3.79746e-06
191 3.79746e-06
192 3.79746e-06
193 3.79746e-06
194 3.79746e-06
195 3.79746e-06
196 3.79746e-06
197 3.79746e-06
198 3.79746e-06
199 3.79746e-06
200 3.79746e-06
201 3.79746e-06
202 3.79746e-06
203 3.79746e-06
204 3.79746e-06
205 3.79746e-06
206 3.79746e-06
207 3.79746e-06
208 3.79746e-06
209 3.79746e-06
210 3.79746e-06
211 3.79746e-06
212 3.79746e-06
213 3.79746e-06
214 3.79746e-06
