1 4.60987e-07
2 4.60987e-07
3 4.60987e-07
4 4.60987e-07
5 4.60987e-07
6 4.60987e-07
7 4.60987e-07
8 4.60987e-07
9 4.60987e-07
10 4.60987e-07
11 4.60987e-07
12 4.60987e-07
13 4.60987e-07
14 4.60987e-07
15 4.60987e-07
16 4.60987e-07
17 4.60987e-07
18 4.60987e-07
19 4.60987e-07
20 4.60987e-07
21 4.60987e-07
22 4.60987e-07
23 4.60987e-07
24 4.60987e-07
25 4.60987e-07
26 4.60987e-07
27 4.60987e-07
28 4.60987e-07
29 4.60987e-07
30 4.60987e-07
31 4.60987e-07
32 4.60987e-07
33 4.60987e-07
34 4.60987e-07
35 4.60987e-07
36 4.60987e-07
37 4.60987e-07
38 4.60987e-07
39 4.60987e-07
40 4.60987e-07
41 4.60987e-07
42 4.60987e-07
43 4.60987e-07
44 4.60987e-07
45 4.60987e-07
46 4.60987e-07
47 4.60987e-07
48 4.60987e-07
49 4.60987e-07
50 4.60987e-07
51 4.60987e-07
52 4.60987e-07
53 4.60987e-07
54 4.60987e-07
55 4.60987e-07
56 4.60987e-07
57 4.60987e-07
58 4.60987e-07
59 4.60987e-07
60 4.60987e-07
61 4.60987e-07
62 4.60987e-07
63 4.60987e-07
64 4.60987e-07
65 4.60987e-07
66 4.60987e-07
67 4.60987e-07
68 4.60987e-07
69 4.60987e-07
70 4.60987e-07
71 4.60987e-07
72 4.60987e-07
73 4.60987e-07
74 4.60987e-07
75 4.60987e-07
76 4.60987e-07
77 4.60987e-07
78 4.60987e-07
79 4.60987e-07
80 4.60987e-07
81 4.60987e-07
82 4.60987e-07
83 4.60987e-07
84 4.60987e-07
85 4.60987e-07
86 4.60987e-07
87 4.60987e-07
88 4.60987e-07
89 4.60987e-07
90 4.60987e-07
91 4.60987e-07
92 4.60987e-07
93 4.60987e-07
94 4.69259e-07
95 4.94451e-07
96 5.61644e-07
97 7.81803e-07
98 1.39318e-06
99 3.25893e-06
100 9.33639e-06
101 2.94511e-05
102 4.03693e-05
103 7.50227e-05
104 0.000172671
105 0.000422184
106 0.000526775
107 0.00075115
108 0.000827471
109 0.000840768
110 0.000808004
111 0.0006919
112 0.000376602
113 0.000236147
114 0.000179211
115 6.04328e-05
116 1.92708e-05
117 6.02e-06
118 2.01873e-06
119 8.67847e-07
120 5.48726e-07
121 4.69259e-07
122 4.60987e-07
123 4.60987e-07
124 4.60987e-07
125 4.60987e-07
126 4.60987e-07
127 4.60987e-07
128 4.60987e-07
129 4.60987e-07
130 4.60987e-07
131 4.60987e-07
132 4.60987e-07
133 4.60987e-07
134 4.60987e-07
135 4.60987e-07
136 4.60987e-07
137 4.60987e-07
138 4.60987e-07
139 4.60987e-07
140 4.60987e-07
141 4.60987e-07
142 4.60987e-07
143 4.60987e-07
144 4.60987e-07
145 4.60987e-07
146 4.60987e-07
147 4.60987e-07
148 4.60987e-07
149 4.60987e-07
150 4.60987e-07
151 4.60987e-07
152 4.60987e-07
153 4.60987e-07
154 4.60987e-07
155 4.60987e-07
156 4.60987e-07
157 4.60987e-07
158 4.60987e-07
159 4.60987e-07
160 4.60987e-07
161 4.60987e-07
162 4.60987e-07
163 4.60987e-07
164 4.60987e-07
165 4.60987e-07
166 4.60987e-07
167 4.60987e-07
168 4.60987e-07
169 4.60987e-07
170 4.60987e-07
171 4.60987e-07
172 4.60987e-07
173 4.60987e-07
174 4.60987e-07
175 4.60987e-07
176 4.60987e-07
177 4.60987e-07
178 4.60987e-07
179 4.60987e-07
180 4.60987e-07
181 4.60987e-07
182 4.60987e-07
183 4.60987e-07
184 4.60987e-07
185 4.60987e-07
186 4.60987e-07
187 4.60987e-07
188 4.60987e-07
189 4.60987e-07
190 4.60987e-07
191 4.60987e-07
192 4.60987e-07
193 4.60987e-07
194 4.60987e-07
195 4.60987e-07
196 4.60987e-07
197 4.60987e-07
198 4.60987e-07
199 4.60987e-07
200 4.60987e-07
201 4.60987e-07
202 4.60987e-07
203 4.60987e-07
204 4.60987e-07
205 4.60987e-07
206 4.60987e-07
207 4.60987e-07
208 4.60987e-07
209 4.60987e-07
210 4.60987e-07
211 4.60987e-07
212 4.60987e-07
213 4.60987e-07
214 4.60987e-07
