1 5.22978e-07
2 5.22978e-07
3 5.22978e-07
4 5.22978e-07
5 5.22978e-07
6 5.22978e-07
7 5.22978e-07
8 5.22978e-07
9 5.22978e-07
10 5.22978e-07
11 5.22978e-07
12 5.22978e-07
13 5.22978e-07
14 5.22978e-07
15 5.22978e-07
16 5.22978e-07
17 5.22978e-07
18 5.22978e-07
19 5.22978e-07
20 5.22978e-07
21 5.22978e-07
22 5.22978e-07
23 5.22978e-07
24 5.22978e-07
25 5.22978e-07
26 5.22978e-07
27 5.22978e-07
28 5.22978e-07
29 5.22978e-07
30 5.22978e-07
31 5.22978e-07
32 5.22978e-07
33 5.22978e-07
34 5.22978e-07
35 5.22978e-07
36 5.22978e-07
37 5.22978e-07
38 5.22978e-07
39 5.22978e-07
40 5.22978e-07
41 5.22978e-07
42 5.22978e-07
43 5.22978e-07
44 5.22978e-07
45 5.22978e-07
46 5.22978e-07
47 5.22978e-07
48 5.22978e-07
49 5.22978e-07
50 5.22978e-07
51 5.22978e-07
52 5.22978e-07
53 5.22978e-07
54 5.22978e-07
55 5.22978e-07
56 5.22978e-07
57 5.22978e-07
58 5.22978e-07
59 5.22978e-07
60 5.22978e-07
61 5.22978e-07
62 5.22978e-07
63 5.22978e-07
64 5.22978e-07
65 5.22978e-07
66 5.22978e-07
67 5.22978e-07
68 5.22978e-07
69 5.22978e-07
70 5.22978e-07
71 5.22978e-07
72 5.22978e-07
73 5.22978e-07
74 5.22978e-07
75 5.22978e-07
76 5.22978e-07
77 5.22978e-07
78 5.22978e-07
79 5.22978e-07
80 5.22978e-07
81 5.22978e-07
82 5.22978e-07
83 5.22978e-07
84 5.22978e-07
85 5.22978e-07
86 5.22978e-07
87 5.22978e-07
88 5.22978e-07
89 5.22978e-07
90 5.22978e-07
91 5.22978e-07
92 5.22978e-07
93 5.26757e-07
94 5.41016e-07
95 5.76207e-07
96 6.80274e-07
97 9.65309e-07
98 1.76627e-06
99 4.22805e-06
100 1.2289e-05
101 3.88494e-05
102 5.32811e-05
103 9.80294e-05
104 0.000221904
105 0.000533196
106 0.000661716
107 0.000932999
108 0.00102406
109 0.00103975
110 0.00100071
111 0.000861054
112 0.000476401
113 0.000302319
114 0.000230547
115 7.87744e-05
116 2.5399e-05
117 7.98229e-06
118 2.6557e-06
119 1.10854e-06
120 6.73948e-07
121 5.53694e-07
122 5.26757e-07
123 5.22978e-07
124 5.22978e-07
125 5.22978e-07
126 5.22978e-07
127 5.22978e-07
128 5.22978e-07
129 5.22978e-07
130 5.22978e-07
131 5.22978e-07
132 5.22978e-07
133 5.22978e-07
134 5.22978e-07
135 5.22978e-07
136 5.22978e-07
137 5.22978e-07
138 5.22978e-07
139 5.22978e-07
140 5.22978e-07
141 5.22978e-07
142 5.22978e-07
143 5.22978e-07
144 5.22978e-07
145 5.22978e-07
146 5.22978e-07
147 5.22978e-07
148 5.22978e-07
149 5.22978e-07
150 5.22978e-07
151 5.22978e-07
152 5.22978e-07
153 5.22978e-07
154 5.22978e-07
155 5.22978e-07
156 5.22978e-07
157 5.22978e-07
158 5.22978e-07
159 5.22978e-07
160 5.22978e-07
161 5.22978e-07
162 5.22978e-07
163 5.22978e-07
164 5.22978e-07
165 5.22978e-07
166 5.22978e-07
167 5.22978e-07
168 5.22978e-07
169 5.22978e-07
170 5.22978e-07
171 5.22978e-07
172 5.22978e-07
173 5.22978e-07
174 5.22978e-07
175 5.22978e-07
176 5.22978e-07
177 5.22978e-07
178 5.22978e-07
179 5.22978e-07
180 5.22978e-07
181 5.22978e-07
182 5.22978e-07
183 5.22978e-07
184 5.22978e-07
185 5.22978e-07
186 5.22978e-07
187 5.22978e-07
188 5.22978e-07
189 5.22978e-07
190 5.22978e-07
191 5.22978e-07
192 5.22978e-07
193 5.22978e-07
194 5.22978e-07
195 5.22978e-07
196 5.22978e-07
197 5.22978e-07
198 5.22978e-07
199 5.22978e-07
200 5.22978e-07
201 5.22978e-07
202 5.22978e-07
203 5.22978e-07
204 5.22978e-07
205 5.22978e-07
206 5.22978e-07
207 5.22978e-07
208 5.22978e-07
209 5.22978e-07
210 5.22978e-07
211 5.22978e-07
212 5.22978e-07
213 5.22978e-07
214 5.22978e-07
