1 1.86102e-07
2 1.86102e-07
3 1.86102e-07
4 1.86102e-07
5 1.86102e-07
6 1.86102e-07
7 1.86102e-07
8 1.86102e-07
9 1.86102e-07
10 1.86102e-07
11 1.86102e-07
12 1.86102e-07
13 1.86102e-07
14 1.86102e-07
15 1.86102e-07
16 1.86102e-07
17 1.86102e-07
18 1.86102e-07
19 1.86102e-07
20 1.86102e-07
21 1.86102e-07
22 1.86102e-07
23 1.86102e-07
24 1.86102e-07
25 1.86102e-07
26 1.86102e-07
27 1.86102e-07
28 1.86102e-07
29 1.86102e-07
30 1.86102e-07
31 1.86102e-07
32 1.86102e-07
33 1.86102e-07
34 1.86102e-07
35 1.86102e-07
36 1.86102e-07
37 1.86102e-07
38 1.86102e-07
39 1.86102e-07
40 1.86102e-07
41 1.86102e-07
42 1.86102e-07
43 1.86102e-07
44 1.86102e-07
45 1.86102e-07
46 1.86102e-07
47 1.86102e-07
48 1.86102e-07
49 1.86102e-07
50 1.86102e-07
51 1.86102e-07
52 1.86102e-07
53 1.86102e-07
54 1.86102e-07
55 1.86102e-07
56 1.86102e-07
57 1.86102e-07
58 1.86102e-07
59 1.86102e-07
60 1.86102e-07
61 1.86102e-07
62 1.86102e-07
63 1.86102e-07
64 1.86102e-07
65 1.86102e-07
66 1.86102e-07
67 1.86102e-07
68 1.86102e-07
69 1.86102e-07
70 1.86102e-07
71 1.86102e-07
72 1.86102e-07
73 1.86102e-07
74 1.86102e-07
75 1.86102e-07
76 1.86102e-07
77 1.86102e-07
78 1.86102e-07
79 1.86102e-07
80 1.86102e-07
81 1.86102e-07
82 1.86102e-07
83 1.86102e-07
84 1.86102e-07
85 1.86102e-07
86 1.86102e-07
87 1.86102e-07
88 1.86102e-07
89 1.86102e-07
90 1.86102e-07
91 1.86102e-07
92 1.86102e-07
93 1.86102e-07
94 1.86102e-07
95 1.90911e-07
96 2.08194e-07
97 2.48515e-07
98 3.7436e-07
99 7.16688e-07
100 1.7258e-06
101 4.97557e-06
102 6.50133e-06
103 1.26284e-05
104 3.23444e-05
105 8.90697e-05
106 0.000115521
107 0.000179572
108 0.000203589
109 0.000208107
110 0.000197679
111 0.000163251
112 7.88401e-05
113 4.53178e-05
114 3.33493e-05
115 1.03683e-05
116 3.14404e-06
117 1.00661e-06
118 4.00235e-07
119 2.32e-07
120 1.90911e-07
121 1.86102e-07
122 1.86102e-07
123 1.86102e-07
124 1.86102e-07
125 1.86102e-07
126 1.86102e-07
127 1.86102e-07
128 1.86102e-07
129 1.86102e-07
130 1.86102e-07
131 1.86102e-07
132 1.86102e-07
133 1.86102e-07
134 1.86102e-07
135 1.86102e-07
136 1.86102e-07
137 1.86102e-07
138 1.86102e-07
139 1.86102e-07
140 1.86102e-07
141 1.86102e-07
142 1.86102e-07
143 1.86102e-07
144 1.86102e-07
145 1.86102e-07
146 1.86102e-07
147 1.86102e-07
148 1.86102e-07
149 1.86102e-07
150 1.86102e-07
151 1.86102e-07
152 1.86102e-07
153 1.86102e-07
154 1.86102e-07
155 1.86102e-07
156 1.86102e-07
157 1.86102e-07
158 1.86102e-07
159 1.86102e-07
160 1.86102e-07
161 1.86102e-07
162 1.86102e-07
163 1.86102e-07
164 1.86102e-07
165 1.86102e-07
166 1.86102e-07
167 1.86102e-07
168 1.86102e-07
169 1.86102e-07
170 1.86102e-07
171 1.86102e-07
172 1.86102e-07
173 1.86102e-07
174 1.86102e-07
175 1.86102e-07
176 1.86102e-07
177 1.86102e-07
178 1.86102e-07
179 1.86102e-07
180 1.86102e-07
181 1.86102e-07
182 1.86102e-07
183 1.86102e-07
184 1.86102e-07
185 1.86102e-07
186 1.86102e-07
187 1.86102e-07
188 1.86102e-07
189 1.86102e-07
190 1.86102e-07
191 1.86102e-07
192 1.86102e-07
193 1.86102e-07
194 1.86102e-07
195 1.86102e-07
196 1.86102e-07
197 1.86102e-07
198 1.86102e-07
199 1.86102e-07
200 1.86102e-07
201 1.86102e-07
202 1.86102e-07
203 1.86102e-07
204 1.86102e-07
205 1.86102e-07
206 1.86102e-07
207 1.86102e-07
208 1.86102e-07
209 1.86102e-07
210 1.86102e-07
211 1.86102e-07
212 1.86102e-07
213 1.86102e-07
214 1.86102e-07
