1 8.32452e-08
2 8.32452e-08
3 8.32452e-08
4 8.32452e-08
5 8.32452e-08
6 8.32452e-08
7 8.32452e-08
8 8.32452e-08
9 8.32452e-08
10 8.32452e-08
11 8.32452e-08
12 8.32452e-08
13 8.32452e-08
14 8.32452e-08
15 8.32452e-08
16 8.32452e-08
17 8.32452e-08
18 8.32452e-08
19 8.32452e-08
20 8.32452e-08
21 8.32452e-08
22 8.32452e-08
23 8.32452e-08
24 8.32452e-08
25 8.32452e-08
26 8.32452e-08
27 8.32452e-08
28 8.32452e-08
29 8.32452e-08
30 8.32452e-08
31 8.32452e-08
32 8.32452e-08
33 8.32452e-08
34 8.32452e-08
35 8.32452e-08
36 8.32452e-08
37 8.32452e-08
38 8.32452e-08
39 8.32452e-08
40 8.32452e-08
41 8.32452e-08
42 8.32452e-08
43 8.32452e-08
44 8.32452e-08
45 8.32452e-08
46 8.32452e-08
47 8.32452e-08
48 8.32452e-08
49 8.32452e-08
50 8.32452e-08
51 8.32452e-08
52 8.32452e-08
53 8.32452e-08
54 8.32452e-08
55 8.32452e-08
56 8.32452e-08
57 8.32452e-08
58 8.32452e-08
59 8.32452e-08
60 8.32452e-08
61 8.32452e-08
62 8.32452e-08
63 8.32452e-08
64 8.32452e-08
65 8.32452e-08
66 8.32452e-08
67 8.32452e-08
68 8.32452e-08
69 8.32452e-08
70 8.32452e-08
71 8.32452e-08
72 8.32452e-08
73 8.32452e-08
74 8.32452e-08
75 8.32452e-08
76 8.32452e-08
77 8.32452e-08
78 8.32452e-08
79 8.32452e-08
80 8.32452e-08
81 8.32452e-08
82 8.32452e-08
83 8.32452e-08
84 8.32452e-08
85 8.32452e-08
86 8.32452e-08
87 8.32452e-08
88 8.32452e-08
89 8.32452e-08
90 8.32452e-08
91 8.32452e-08
92 8.32452e-08
93 8.32452e-08
94 8.32452e-08
95 8.32452e-08
96 8.32452e-08
97 9.16062e-08
98 1.16389e-07
99 1.80383e-07
100 3.89972e-07
101 9.76983e-07
102 1.04884e-06
103 1.98376e-06
104 5.62336e-06
105 1.76252e-05
106 2.38741e-05
107 4.15756e-05
108 4.90481e-05
109 5.05973e-05
110 4.73241e-05
111 3.73355e-05
112 1.55858e-05
113 8.07085e-06
114 5.83285e-06
115 1.68964e-06
116 5.01274e-07
117 1.73207e-07
118 9.16062e-08
119 8.32452e-08
120 8.32452e-08
121 8.32452e-08
122 8.32452e-08
123 8.32452e-08
124 8.32452e-08
125 8.32452e-08
126 8.32452e-08
127 8.32452e-08
128 8.32452e-08
129 8.32452e-08
130 8.32452e-08
131 8.32452e-08
132 8.32452e-08
133 8.32452e-08
134 8.32452e-08
135 8.32452e-08
136 8.32452e-08
137 8.32452e-08
138 8.32452e-08
139 8.32452e-08
140 8.32452e-08
141 8.32452e-08
142 8.32452e-08
143 8.32452e-08
144 8.32452e-08
145 8.32452e-08
146 8.32452e-08
147 8.32452e-08
148 8.32452e-08
149 8.32452e-08
150 8.32452e-08
151 8.32452e-08
152 8.32452e-08
153 8.32452e-08
154 8.32452e-08
155 8.32452e-08
156 8.32452e-08
157 8.32452e-08
158 8.32452e-08
159 8.32452e-08
160 8.32452e-08
161 8.32452e-08
162 8.32452e-08
163 8.32452e-08
164 8.32452e-08
165 8.32452e-08
166 8.32452e-08
167 8.32452e-08
168 8.32452e-08
169 8.32452e-08
170 8.32452e-08
171 8.32452e-08
172 8.32452e-08
173 8.32452e-08
174 8.32452e-08
175 8.32452e-08
176 8.32452e-08
177 8.32452e-08
178 8.32452e-08
179 8.32452e-08
180 8.32452e-08
181 8.32452e-08
182 8.32452e-08
183 8.32452e-08
184 8.32452e-08
185 8.32452e-08
186 8.32452e-08
187 8.32452e-08
188 8.32452e-08
189 8.32452e-08
190 8.32452e-08
191 8.32452e-08
192 8.32452e-08
193 8.32452e-08
194 8.32452e-08
195 8.32452e-08
196 8.32452e-08
197 8.32452e-08
198 8.32452e-08
199 8.32452e-08
200 8.32452e-08
201 8.32452e-08
202 8.32452e-08
203 8.32452e-08
204 8.32452e-08
205 8.32452e-08
206 8.32452e-08
207 8.32452e-08
208 8.32452e-08
209 8.32452e-08
210 8.32452e-08
211 8.32452e-08
212 8.32452e-08
213 8.32452e-08
214 8.32452e-08
