1 4.40438e-08
2 4.40438e-08
3 4.40438e-08
4 4.40438e-08
5 4.40438e-08
6 4.40438e-08
7 4.40438e-08
8 4.40438e-08
9 4.40438e-08
10 4.40438e-08
11 4.40438e-08
12 4.40438e-08
13 4.40438e-08
14 4.40438e-08
15 4.40438e-08
16 4.40438e-08
17 4.40438e-08
18 4.40438e-08
19 4.40438e-08
20 4.40438e-08
21 4.40438e-08
22 4.40438e-08
23 4.40438e-08
24 4.40438e-08
25 4.40438e-08
26 4.40438e-08
27 4.40438e-08
28 4.40438e-08
29 4.40438e-08
30 4.40438e-08
31 4.40438e-08
32 4.40438e-08
33 4.40438e-08
34 4.40438e-08
35 4.40438e-08
36 4.40438e-08
37 4.40438e-08
38 4.40438e-08
39 4.40438e-08
40 4.40438e-08
41 4.40438e-08
42 4.40438e-08
43 4.40438e-08
44 4.40438e-08
45 4.40438e-08
46 4.40438e-08
47 4.40438e-08
48 4.40438e-08
49 4.40438e-08
50 4.40438e-08
51 4.40438e-08
52 4.40438e-08
53 4.40438e-08
54 4.40438e-08
55 4.40438e-08
56 4.40438e-08
57 4.40438e-08
58 4.40438e-08
59 4.40438e-08
60 4.40438e-08
61 4.40438e-08
62 4.40438e-08
63 4.40438e-08
64 4.40438e-08
65 4.40438e-08
66 4.40438e-08
67 4.40438e-08
68 4.40438e-08
69 4.40438e-08
70 4.40438e-08
71 4.40438e-08
72 4.40438e-08
73 4.40438e-08
74 4.40438e-08
75 4.40438e-08
76 4.40438e-08
77 4.40438e-08
78 4.40438e-08
79 4.40438e-08
80 4.40438e-08
81 4.40438e-08
82 4.40438e-08
83 4.40438e-08
84 4.40438e-08
85 4.40438e-08
86 4.40438e-08
87 4.40438e-08
88 4.40438e-08
89 4.40438e-08
90 4.40438e-08
91 4.40438e-08
92 4.40438e-08
93 4.40438e-08
94 4.40438e-08
95 4.40438e-08
96 4.40438e-08
97 4.40438e-08
98 5.27038e-08
99 7.90325e-08
100 1.48228e-07
101 3.59899e-07
102 2.84959e-07
103 4.691e-07
104 1.41102e-06
105 4.89689e-06
106 6.83722e-06
107 1.32768e-05
108 1.62909e-05
109 1.69768e-05
110 1.56535e-05
111 1.18454e-05
112 4.33983e-06
113 2.06214e-06
114 1.5257e-06
115 4.27932e-07
116 1.27801e-07
117 5.27038e-08
118 4.40438e-08
119 4.40438e-08
120 4.40438e-08
121 4.40438e-08
122 4.40438e-08
123 4.40438e-08
124 4.40438e-08
125 4.40438e-08
126 4.40438e-08
127 4.40438e-08
128 4.40438e-08
129 4.40438e-08
130 4.40438e-08
131 4.40438e-08
132 4.40438e-08
133 4.40438e-08
134 4.40438e-08
135 4.40438e-08
136 4.40438e-08
137 4.40438e-08
138 4.40438e-08
139 4.40438e-08
140 4.40438e-08
141 4.40438e-08
142 4.40438e-08
143 4.40438e-08
144 4.40438e-08
145 4.40438e-08
146 4.40438e-08
147 4.40438e-08
148 4.40438e-08
149 4.40438e-08
150 4.40438e-08
151 4.40438e-08
152 4.40438e-08
153 4.40438e-08
154 4.40438e-08
155 4.40438e-08
156 4.40438e-08
157 4.40438e-08
158 4.40438e-08
159 4.40438e-08
160 4.40438e-08
161 4.40438e-08
162 4.40438e-08
163 4.40438e-08
164 4.40438e-08
165 4.40438e-08
166 4.40438e-08
167 4.40438e-08
168 4.40438e-08
169 4.40438e-08
170 4.40438e-08
171 4.40438e-08
172 4.40438e-08
173 4.40438e-08
174 4.40438e-08
175 4.40438e-08
176 4.40438e-08
177 4.40438e-08
178 4.40438e-08
179 4.40438e-08
180 4.40438e-08
181 4.40438e-08
182 4.40438e-08
183 4.40438e-08
184 4.40438e-08
185 4.40438e-08
186 4.40438e-08
187 4.40438e-08
188 4.40438e-08
189 4.40438e-08
190 4.40438e-08
191 4.40438e-08
192 4.40438e-08
193 4.40438e-08
194 4.40438e-08
195 4.40438e-08
196 4.40438e-08
197 4.40438e-08
198 4.40438e-08
199 4.40438e-08
200 4.40438e-08
201 4.40438e-08
202 4.40438e-08
203 4.40438e-08
204 4.40438e-08
205 4.40438e-08
206 4.40438e-08
207 4.40438e-08
208 4.40438e-08
209 4.40438e-08
210 4.40438e-08
211 4.40438e-08
212 4.40438e-08
213 4.40438e-08
214 4.40438e-08
