1 4.67898e-08
2 4.67898e-08
3 4.67898e-08
4 4.67898e-08
5 4.67898e-08
6 4.67898e-08
7 4.67898e-08
8 4.67898e-08
9 4.67898e-08
10 4.67898e-08
11 4.67898e-08
12 4.67898e-08
13 4.67898e-08
14 4.67898e-08
15 4.67898e-08
16 4.67898e-08
17 4.67898e-08
18 4.67898e-08
19 4.67898e-08
20 4.67898e-08
21 4.67898e-08
22 4.67898e-08
23 4.67898e-08
24 4.67898e-08
25 4.67898e-08
26 4.67898e-08
27 4.67898e-08
28 4.67898e-08
29 4.67898e-08
30 4.67898e-08
31 4.67898e-08
32 4.67898e-08
33 4.67898e-08
34 4.67898e-08
35 4.67898e-08
36 4.67898e-08
37 4.67898e-08
38 4.67898e-08
39 4.67898e-08
40 4.67898e-08
41 4.67898e-08
42 4.67898e-08
43 4.67898e-08
44 4.67898e-08
45 4.67898e-08
46 4.67898e-08
47 4.67898e-08
48 4.67898e-08
49 4.67898e-08
50 4.67898e-08
51 4.67898e-08
52 4.67898e-08
53 4.67898e-08
54 4.67898e-08
55 4.67898e-08
56 4.67898e-08
57 4.67898e-08
58 4.67898e-08
59 4.67898e-08
60 4.67898e-08
61 4.67898e-08
62 4.67898e-08
63 4.67898e-08
64 4.67898e-08
65 4.67898e-08
66 4.67898e-08
67 4.67898e-08
68 4.67898e-08
69 4.67898e-08
70 4.67898e-08
71 4.67898e-08
72 4.67898e-08
73 4.67898e-08
74 4.67898e-08
75 4.67898e-08
76 4.67898e-08
77 4.67898e-08
78 4.67898e-08
79 4.67898e-08
80 4.67898e-08
81 4.67898e-08
82 4.67898e-08
83 4.67898e-08
84 4.67898e-08
85 4.67898e-08
86 4.67898e-08
87 4.67898e-08
88 4.67898e-08
89 4.67898e-08
90 4.67898e-08
91 4.67898e-08
92 4.67898e-08
93 4.67898e-08
94 4.67898e-08
95 4.67898e-08
96 4.67898e-08
97 5.02695e-08
98 6.34957e-08
99 9.60847e-08
100 1.7492e-07
101 4.12804e-07
102 3.43331e-07
103 5.71835e-07
104 1.70205e-06
105 5.82768e-06
106 8.11008e-06
107 1.5502e-05
108 1.89135e-05
109 1.96795e-05
110 1.81819e-05
111 1.38391e-05
112 5.16383e-06
113 2.48405e-06
114 1.82855e-06
115 5.16698e-07
116 1.56742e-07
117 6.34957e-08
118 5.02695e-08
119 4.67898e-08
120 4.67898e-08
121 4.67898e-08
122 4.67898e-08
123 4.67898e-08
124 4.67898e-08
125 4.67898e-08
126 4.67898e-08
127 4.67898e-08
128 4.67898e-08
129 4.67898e-08
130 4.67898e-08
131 4.67898e-08
132 4.67898e-08
133 4.67898e-08
134 4.67898e-08
135 4.67898e-08
136 4.67898e-08
137 4.67898e-08
138 4.67898e-08
139 4.67898e-08
140 4.67898e-08
141 4.67898e-08
142 4.67898e-08
143 4.67898e-08
144 4.67898e-08
145 4.67898e-08
146 4.67898e-08
147 4.67898e-08
148 4.67898e-08
149 4.67898e-08
150 4.67898e-08
151 4.67898e-08
152 4.67898e-08
153 4.67898e-08
154 4.67898e-08
155 4.67898e-08
156 4.67898e-08
157 4.67898e-08
158 4.67898e-08
159 4.67898e-08
160 4.67898e-08
161 4.67898e-08
162 4.67898e-08
163 4.67898e-08
164 4.67898e-08
165 4.67898e-08
166 4.67898e-08
167 4.67898e-08
168 4.67898e-08
169 4.67898e-08
170 4.67898e-08
171 4.67898e-08
172 4.67898e-08
173 4.67898e-08
174 4.67898e-08
175 4.67898e-08
176 4.67898e-08
177 4.67898e-08
178 4.67898e-08
179 4.67898e-08
180 4.67898e-08
181 4.67898e-08
182 4.67898e-08
183 4.67898e-08
184 4.67898e-08
185 4.67898e-08
186 4.67898e-08
187 4.67898e-08
188 4.67898e-08
189 4.67898e-08
190 4.67898e-08
191 4.67898e-08
192 4.67898e-08
193 4.67898e-08
194 4.67898e-08
195 4.67898e-08
196 4.67898e-08
197 4.67898e-08
198 4.67898e-08
199 4.67898e-08
200 4.67898e-08
201 4.67898e-08
202 4.67898e-08
203 4.67898e-08
204 4.67898e-08
205 4.67898e-08
206 4.67898e-08
207 4.67898e-08
208 4.67898e-08
209 4.67898e-08
210 4.67898e-08
211 4.67898e-08
212 4.67898e-08
213 4.67898e-08
214 4.67898e-08
