1 4.14953e-08
2 4.14953e-08
3 4.14953e-08
4 4.14953e-08
5 4.14953e-08
6 4.14953e-08
7 4.14953e-08
8 4.14953e-08
9 4.14953e-08
10 4.14953e-08
11 4.14953e-08
12 4.14953e-08
13 4.14953e-08
14 4.14953e-08
15 4.14953e-08
16 4.14953e-08
17 4.14953e-08
18 4.14953e-08
19 4.14953e-08
20 4.14953e-08
21 4.14953e-08
22 4.14953e-08
23 4.14953e-08
24 4.14953e-08
25 4.14953e-08
26 4.14953e-08
27 4.14953e-08
28 4.14953e-08
29 4.14953e-08
30 4.14953e-08
31 4.14953e-08
32 4.14953e-08
33 4.14953e-08
34 4.14953e-08
35 4.14953e-08
36 4.14953e-08
37 4.14953e-08
38 4.14953e-08
39 4.14953e-08
40 4.14953e-08
41 4.14953e-08
42 4.14953e-08
43 4.14953e-08
44 4.14953e-08
45 4.14953e-08
46 4.14953e-08
47 4.14953e-08
48 4.14953e-08
49 4.14953e-08
50 4.14953e-08
51 4.14953e-08
52 4.14953e-08
53 4.14953e-08
54 4.14953e-08
55 4.14953e-08
56 4.14953e-08
57 4.14953e-08
58 4.14953e-08
59 4.14953e-08
60 4.14953e-08
61 4.14953e-08
62 4.14953e-08
63 4.14953e-08
64 4.14953e-08
65 4.14953e-08
66 4.14953e-08
67 4.14953e-08
68 4.14953e-08
69 4.14953e-08
70 4.14953e-08
71 4.14953e-08
72 4.14953e-08
73 4.14953e-08
74 4.14953e-08
75 4.14953e-08
76 4.14953e-08
77 4.14953e-08
78 4.14953e-08
79 4.14953e-08
80 4.14953e-08
81 4.14953e-08
82 4.14953e-08
83 4.14953e-08
84 4.14953e-08
85 4.14953e-08
86 4.14953e-08
87 4.14953e-08
88 4.14953e-08
89 4.14953e-08
90 4.14953e-08
91 4.14953e-08
92 4.14953e-08
93 4.14953e-08
94 4.14953e-08
95 4.14953e-08
96 4.14953e-08
97 4.14953e-08
98 4.91952e-08
99 7.30267e-08
100 1.36653e-07
101 3.26417e-07
102 2.48013e-07
103 3.93805e-07
104 1.1784e-06
105 4.12849e-06
106 5.78017e-06
107 1.13984e-05
108 1.40662e-05
109 1.46815e-05
110 1.35102e-05
111 1.01644e-05
112 3.65916e-06
113 1.72185e-06
114 1.2861e-06
115 3.63739e-07
116 1.12314e-07
117 4.91952e-08
118 4.14953e-08
119 4.14953e-08
120 4.14953e-08
121 4.14953e-08
122 4.14953e-08
123 4.14953e-08
124 4.14953e-08
125 4.14953e-08
126 4.14953e-08
127 4.14953e-08
128 4.14953e-08
129 4.14953e-08
130 4.14953e-08
131 4.14953e-08
132 4.14953e-08
133 4.14953e-08
134 4.14953e-08
135 4.14953e-08
136 4.14953e-08
137 4.14953e-08
138 4.14953e-08
139 4.14953e-08
140 4.14953e-08
141 4.14953e-08
142 4.14953e-08
143 4.14953e-08
144 4.14953e-08
145 4.14953e-08
146 4.14953e-08
147 4.14953e-08
148 4.14953e-08
149 4.14953e-08
150 4.14953e-08
151 4.14953e-08
152 4.14953e-08
153 4.14953e-08
154 4.14953e-08
155 4.14953e-08
156 4.14953e-08
157 4.14953e-08
158 4.14953e-08
159 4.14953e-08
160 4.14953e-08
161 4.14953e-08
162 4.14953e-08
163 4.14953e-08
164 4.14953e-08
165 4.14953e-08
166 4.14953e-08
167 4.14953e-08
168 4.14953e-08
169 4.14953e-08
170 4.14953e-08
171 4.14953e-08
172 4.14953e-08
173 4.14953e-08
174 4.14953e-08
175 4.14953e-08
176 4.14953e-08
177 4.14953e-08
178 4.14953e-08
179 4.14953e-08
180 4.14953e-08
181 4.14953e-08
182 4.14953e-08
183 4.14953e-08
184 4.14953e-08
185 4.14953e-08
186 4.14953e-08
187 4.14953e-08
188 4.14953e-08
189 4.14953e-08
190 4.14953e-08
191 4.14953e-08
192 4.14953e-08
193 4.14953e-08
194 4.14953e-08
195 4.14953e-08
196 4.14953e-08
197 4.14953e-08
198 4.14953e-08
199 4.14953e-08
200 4.14953e-08
201 4.14953e-08
202 4.14953e-08
203 4.14953e-08
204 4.14953e-08
205 4.14953e-08
206 4.14953e-08
207 4.14953e-08
208 4.14953e-08
209 4.14953e-08
210 4.14953e-08
211 4.14953e-08
212 4.14953e-08
213 4.14953e-08
214 4.14953e-08
