1 1.86343e-08
2 1.86343e-08
3 1.86343e-08
4 1.86343e-08
5 1.86343e-08
6 1.86343e-08
7 1.86343e-08
8 1.86343e-08
9 1.86343e-08
10 1.86343e-08
11 1.86343e-08
12 1.86343e-08
13 1.86343e-08
14 1.86343e-08
15 1.86343e-08
16 1.86343e-08
17 1.86343e-08
18 1.86343e-08
19 1.86343e-08
20 1.86343e-08
21 1.86343e-08
22 1.86343e-08
23 1.86343e-08
24 1.86343e-08
25 1.86343e-08
26 1.86343e-08
27 1.86343e-08
28 1.86343e-08
29 1.86343e-08
30 1.86343e-08
31 1.86343e-08
32 1.86343e-08
33 1.86343e-08
34 1.86343e-08
35 1.86343e-08
36 1.86343e-08
37 1.86343e-08
38 1.86343e-08
39 1.86343e-08
40 1.86343e-08
41 1.86343e-08
42 1.86343e-08
43 1.86343e-08
44 1.86343e-08
45 1.86343e-08
46 1.86343e-08
47 1.86343e-08
48 1.86343e-08
49 1.86343e-08
50 1.86343e-08
51 1.86343e-08
52 1.86343e-08
53 1.86343e-08
54 1.86343e-08
55 1.86343e-08
56 1.86343e-08
57 1.86343e-08
58 1.86343e-08
59 1.86343e-08
60 1.86343e-08
61 1.86343e-08
62 1.86343e-08
63 1.86343e-08
64 1.86343e-08
65 1.86343e-08
66 1.86343e-08
67 1.86343e-08
68 1.86343e-08
69 1.86343e-08
70 1.86343e-08
71 1.86343e-08
72 1.86343e-08
73 1.86343e-08
74 1.86343e-08
75 1.86343e-08
76 1.86343e-08
77 1.86343e-08
78 1.86343e-08
79 1.86343e-08
80 1.86343e-08
81 1.86343e-08
82 1.86343e-08
83 1.86343e-08
84 1.86343e-08
85 1.86343e-08
86 1.86343e-08
87 1.86343e-08
88 1.86343e-08
89 1.86343e-08
90 1.86343e-08
91 1.86343e-08
92 1.86343e-08
93 1.86343e-08
94 1.86343e-08
95 1.86343e-08
96 1.86343e-08
97 1.86343e-08
98 1.86343e-08
99 2.61477e-08
100 5.19073e-08
101 1.24461e-07
102 5.19073e-08
103 5.20534e-08
104 1.7896e-07
105 7.42085e-07
106 1.04551e-06
107 2.46607e-06
108 3.24648e-06
109 3.45287e-06
110 3.1152e-06
111 2.20252e-06
112 6.49627e-07
113 2.77415e-07
114 2.55789e-07
115 7.02997e-08
116 2.61477e-08
117 1.86343e-08
118 1.86343e-08
119 1.86343e-08
120 1.86343e-08
121 1.86343e-08
122 1.86343e-08
123 1.86343e-08
124 1.86343e-08
125 1.86343e-08
126 1.86343e-08
127 1.86343e-08
128 1.86343e-08
129 1.86343e-08
130 1.86343e-08
131 1.86343e-08
132 1.86343e-08
133 1.86343e-08
134 1.86343e-08
135 1.86343e-08
136 1.86343e-08
137 1.86343e-08
138 1.86343e-08
139 1.86343e-08
140 1.86343e-08
141 1.86343e-08
142 1.86343e-08
143 1.86343e-08
144 1.86343e-08
145 1.86343e-08
146 1.86343e-08
147 1.86343e-08
148 1.86343e-08
149 1.86343e-08
150 1.86343e-08
151 1.86343e-08
152 1.86343e-08
153 1.86343e-08
154 1.86343e-08
155 1.86343e-08
156 1.86343e-08
157 1.86343e-08
158 1.86343e-08
159 1.86343e-08
160 1.86343e-08
161 1.86343e-08
162 1.86343e-08
163 1.86343e-08
164 1.86343e-08
165 1.86343e-08
166 1.86343e-08
167 1.86343e-08
168 1.86343e-08
169 1.86343e-08
170 1.86343e-08
171 1.86343e-08
172 1.86343e-08
173 1.86343e-08
174 1.86343e-08
175 1.86343e-08
176 1.86343e-08
177 1.86343e-08
178 1.86343e-08
179 1.86343e-08
180 1.86343e-08
181 1.86343e-08
182 1.86343e-08
183 1.86343e-08
184 1.86343e-08
185 1.86343e-08
186 1.86343e-08
187 1.86343e-08
188 1.86343e-08
189 1.86343e-08
190 1.86343e-08
191 1.86343e-08
192 1.86343e-08
193 1.86343e-08
194 1.86343e-08
195 1.86343e-08
196 1.86343e-08
197 1.86343e-08
198 1.86343e-08
199 1.86343e-08
200 1.86343e-08
201 1.86343e-08
202 1.86343e-08
203 1.86343e-08
204 1.86343e-08
205 1.86343e-08
206 1.86343e-08
207 1.86343e-08
208 1.86343e-08
209 1.86343e-08
210 1.86343e-08
211 1.86343e-08
212 1.86343e-08
213 1.86343e-08
214 1.86343e-08
