1 1.71265e-08
2 1.71265e-08
3 1.71265e-08
4 1.71265e-08
5 1.71265e-08
6 1.71265e-08
7 1.71265e-08
8 1.71265e-08
9 1.71265e-08
10 1.71265e-08
11 1.71265e-08
12 1.71265e-08
13 1.71265e-08
14 1.71265e-08
15 1.71265e-08
16 1.71265e-08
17 1.71265e-08
18 1.71265e-08
19 1.71265e-08
20 1.71265e-08
21 1.71265e-08
22 1.71265e-08
23 1.71265e-08
24 1.71265e-08
25 1.71265e-08
26 1.71265e-08
27 1.71265e-08
28 1.71265e-08
29 1.71265e-08
30 1.71265e-08
31 1.71265e-08
32 1.71265e-08
33 1.71265e-08
34 1.71265e-08
35 1.71265e-08
36 1.71265e-08
37 1.71265e-08
38 1.71265e-08
39 1.71265e-08
40 1.71265e-08
41 1.71265e-08
42 1.71265e-08
43 1.71265e-08
44 1.71265e-08
45 1.71265e-08
46 1.71265e-08
47 1.71265e-08
48 1.71265e-08
49 1.71265e-08
50 1.71265e-08
51 1.71265e-08
52 1.71265e-08
53 1.71265e-08
54 1.71265e-08
55 1.71265e-08
56 1.71265e-08
57 1.71265e-08
58 1.71265e-08
59 1.71265e-08
60 1.71265e-08
61 1.71265e-08
62 1.71265e-08
63 1.71265e-08
64 1.71265e-08
65 1.71265e-08
66 1.71265e-08
67 1.71265e-08
68 1.71265e-08
69 1.71265e-08
70 1.71265e-08
71 1.71265e-08
72 1.71265e-08
73 1.71265e-08
74 1.71265e-08
75 1.71265e-08
76 1.71265e-08
77 1.71265e-08
78 1.71265e-08
79 1.71265e-08
80 1.71265e-08
81 1.71265e-08
82 1.71265e-08
83 1.71265e-08
84 1.71265e-08
85 1.71265e-08
86 1.71265e-08
87 1.71265e-08
88 1.71265e-08
89 1.71265e-08
90 1.71265e-08
91 1.71265e-08
92 1.71265e-08
93 1.71265e-08
94 1.71265e-08
95 1.71265e-08
96 1.71265e-08
97 1.71265e-08
98 1.71265e-08
99 2.34735e-08
100 4.60638e-08
101 1.12715e-07
102 4.60638e-08
103 2.98205e-08
104 1.21618e-07
105 5.48144e-07
106 7.65106e-07
107 1.89476e-06
108 2.52706e-06
109 2.69846e-06
110 2.42425e-06
111 1.691e-06
112 4.64542e-07
113 1.85231e-07
114 1.88269e-07
115 4.60638e-08
116 2.34735e-08
117 1.71265e-08
118 1.71265e-08
119 1.71265e-08
120 1.71265e-08
121 1.71265e-08
122 1.71265e-08
123 1.71265e-08
124 1.71265e-08
125 1.71265e-08
126 1.71265e-08
127 1.71265e-08
128 1.71265e-08
129 1.71265e-08
130 1.71265e-08
131 1.71265e-08
132 1.71265e-08
133 1.71265e-08
134 1.71265e-08
135 1.71265e-08
136 1.71265e-08
137 1.71265e-08
138 1.71265e-08
139 1.71265e-08
140 1.71265e-08
141 1.71265e-08
142 1.71265e-08
143 1.71265e-08
144 1.71265e-08
145 1.71265e-08
146 1.71265e-08
147 1.71265e-08
148 1.71265e-08
149 1.71265e-08
150 1.71265e-08
151 1.71265e-08
152 1.71265e-08
153 1.71265e-08
154 1.71265e-08
155 1.71265e-08
156 1.71265e-08
157 1.71265e-08
158 1.71265e-08
159 1.71265e-08
160 1.71265e-08
161 1.71265e-08
162 1.71265e-08
163 1.71265e-08
164 1.71265e-08
165 1.71265e-08
166 1.71265e-08
167 1.71265e-08
168 1.71265e-08
169 1.71265e-08
170 1.71265e-08
171 1.71265e-08
172 1.71265e-08
173 1.71265e-08
174 1.71265e-08
175 1.71265e-08
176 1.71265e-08
177 1.71265e-08
178 1.71265e-08
179 1.71265e-08
180 1.71265e-08
181 1.71265e-08
182 1.71265e-08
183 1.71265e-08
184 1.71265e-08
185 1.71265e-08
186 1.71265e-08
187 1.71265e-08
188 1.71265e-08
189 1.71265e-08
190 1.71265e-08
191 1.71265e-08
192 1.71265e-08
193 1.71265e-08
194 1.71265e-08
195 1.71265e-08
196 1.71265e-08
197 1.71265e-08
198 1.71265e-08
199 1.71265e-08
200 1.71265e-08
201 1.71265e-08
202 1.71265e-08
203 1.71265e-08
204 1.71265e-08
205 1.71265e-08
206 1.71265e-08
207 1.71265e-08
208 1.71265e-08
209 1.71265e-08
210 1.71265e-08
211 1.71265e-08
212 1.71265e-08
213 1.71265e-08
214 1.71265e-08
