1 3.98473e-06
2 3.98473e-06
3 3.98473e-06
4 3.98473e-06
5 3.98473e-06
6 3.98473e-06
7 3.98473e-06
8 3.98473e-06
9 3.98473e-06
10 3.98473e-06
11 3.98473e-06
12 3.98473e-06
13 3.98473e-06
14 3.98473e-06
15 3.98473e-06
16 3.98473e-06
17 3.98473e-06
18 3.98473e-06
19 3.98473e-06
20 3.98473e-06
21 3.98473e-06
22 3.98473e-06
23 3.98473e-06
24 3.98473e-06
25 3.98473e-06
26 3.98473e-06
27 3.98473e-06
28 3.98473e-06
29 3.98473e-06
30 3.98473e-06
31 3.98473e-06
32 3.98473e-06
33 3.98473e-06
34 3.98473e-06
35 3.98473e-06
36 3.98473e-06
37 3.98473e-06
38 3.98473e-06
39 3.98473e-06
40 3.98473e-06
41 3.98473e-06
42 3.98473e-06
43 3.98473e-06
44 3.98473e-06
45 3.98473e-06
46 3.98473e-06
47 3.98473e-06
48 3.98473e-06
49 3.98473e-06
50 3.98473e-06
51 3.98473e-06
52 3.98473e-06
53 3.98473e-06
54 3.98473e-06
55 3.98473e-06
56 3.98473e-06
57 3.98473e-06
58 3.98473e-06
59 3.98473e-06
60 3.98473e-06
61 3.98473e-06
62 3.98473e-06
63 3.98473e-06
64 3.98473e-06
65 3.98473e-06
66 3.98473e-06
67 3.98473e-06
68 3.98473e-06
69 3.98473e-06
70 3.98473e-06
71 3.98473e-06
72 3.98473e-06
73 3.98473e-06
74 3.98488e-06
75 3.98549e-06
76 3.98714e-06
77 3.99266e-06
78 4.00861e-06
79 4.05422e-06
80 4.18631e-06
81 4.57952e-06
82 5.77732e-06
83 9.44359e-06
84 2.04712e-05
85 5.24581e-05
86 0.000140764
87 0.000370875
88 0.000934071
89 0.00222517
90 0.0049939
91 0.010547
92 0.020969
93 0.0392877
94 0.0694652
95 0.116069
96 0.183519
97 0.274967
98 0.39117
99 0.52994
100 0.686618
101 0.855485
102 0.887637
103 0.920401
104 0.953405
105 0.986483
106 0.992527
107 0.998572
108 0.999642
109 0.999642
110 0.998573
111 0.992532
112 0.959528
113 0.926763
114 0.894607
115 0.725662
116 0.568727
117 0.429289
118 0.311654
119 0.217651
120 0.146348
121 0.0947683
122 0.0590236
123 0.03525
124 0.0201023
125 0.0108982
126 0.00559527
127 0.00271302
128 0.00124082
129 0.000535708
130 0.000219293
131 8.62044e-05
132 3.36582e-05
133 1.41375e-05
134 7.2911e-06
135 5.01447e-06
136 4.29294e-06
137 4.07371e-06
138 4.00951e-06
139 3.99123e-06
140 3.98613e-06
141 3.98488e-06
142 3.98473e-06
143 3.98473e-06
144 3.98473e-06
145 3.98473e-06
146 3.98473e-06
147 3.98473e-06
148 3.98473e-06
149 3.98473e-06
150 3.98473e-06
151 3.98473e-06
152 3.98473e-06
153 3.98473e-06
154 3.98473e-06
155 3.98473e-06
156 3.98473e-06
157 3.98473e-06
158 3.98473e-06
159 3.98473e-06
160 3.98473e-06
161 3.98473e-06
162 3.98473e-06
163 3.98473e-06
164 3.98473e-06
165 3.98473e-06
166 3.98473e-06
167 3.98473e-06
168 3.98473e-06
169 3.98473e-06
170 3.98473e-06
171 3.98473e-06
172 3.98473e-06
173 3.98473e-06
174 3.98473e-06
175 3.98473e-06
176 3.98473e-06
177 3.98473e-06
178 3.98473e-06
179 3.98473e-06
180 3.98473e-06
181 3.98473e-06
182 3.98473e-06
183 3.98473e-06
184 3.98473e-06
185 3.98473e-06
186 3.98473e-06
187 3.98473e-06
188 3.98473e-06
189 3.98473e-06
190 3.98473e-06
191 3.98473e-06
192 3.98473e-06
193 3.98473e-06
194 3.98473e-06
195 3.98473e-06
196 3.98473e-06
197 3.98473e-06
198 3.98473e-06
199 3.98473e-06
200 3.98473e-06
201 3.98473e-06
202 3.98473e-06
203 3.98473e-06
204 3.98473e-06
205 3.98473e-06
206 3.98473e-06
207 3.98473e-06
208 3.98473e-06
209 3.98473e-06
210 3.98473e-06
211 3.98473e-06
212 3.98473e-06
213 3.98473e-06
214 3.98473e-06
