1 7.38012e-09
2 7.38012e-09
3 7.38012e-09
4 7.38012e-09
5 7.38012e-09
6 7.38012e-09
7 7.38012e-09
8 7.38012e-09
9 7.38012e-09
10 7.38012e-09
11 7.38012e-09
12 7.38012e-09
13 7.38012e-09
14 7.38012e-09
15 7.38012e-09
16 7.38012e-09
17 7.38012e-09
18 7.38012e-09
19 7.38012e-09
20 7.38012e-09
21 7.38012e-09
22 7.38012e-09
23 7.38012e-09
24 7.38012e-09
25 7.38012e-09
26 7.38012e-09
27 7.38012e-09
28 7.38012e-09
29 7.38012e-09
30 7.38012e-09
31 7.38012e-09
32 7.38012e-09
33 7.38012e-09
34 7.38012e-09
35 7.38012e-09
36 7.38012e-09
37 7.38012e-09
38 7.38012e-09
39 7.38012e-09
40 7.38012e-09
41 7.38012e-09
42 7.38012e-09
43 7.38012e-09
44 7.38012e-09
45 7.38012e-09
46 7.38012e-09
47 7.38012e-09
48 7.38012e-09
49 7.38012e-09
50 7.38012e-09
51 7.38012e-09
52 7.38012e-09
53 7.38012e-09
54 7.38012e-09
55 7.38012e-09
56 7.38012e-09
57 7.38012e-09
58 7.38012e-09
59 7.38012e-09
60 7.38012e-09
61 7.38012e-09
62 7.38012e-09
63 7.38012e-09
64 7.38012e-09
65 7.38012e-09
66 7.38012e-09
67 7.38012e-09
68 7.38012e-09
69 7.38012e-09
70 7.38012e-09
71 7.38012e-09
72 7.38012e-09
73 7.38012e-09
74 7.38012e-09
75 7.38012e-09
76 7.38012e-09
77 7.38012e-09
78 7.38012e-09
79 7.38012e-09
80 7.38012e-09
81 7.38012e-09
82 7.38012e-09
83 7.38012e-09
84 7.38012e-09
85 7.38012e-09
86 7.38012e-09
87 7.38012e-09
88 7.38012e-09
89 7.38012e-09
90 7.38012e-09
91 7.38012e-09
92 7.38012e-09
93 7.38012e-09
94 7.38012e-09
95 7.38012e-09
96 7.38012e-09
97 7.38012e-09
98 7.38012e-09
99 7.38012e-09
100 1.87419e-08
101 6.30896e-08
102 1.87419e-08
103 7.38012e-09
104 2.61785e-08
105 1.63795e-07
106 2.05582e-07
107 6.077e-07
108 8.5367e-07
109 9.26304e-07
110 8.18324e-07
111 5.40363e-07
112 1.08388e-07
113 3.3615e-08
114 7.05261e-08
115 1.87419e-08
116 7.38012e-09
117 7.38012e-09
118 7.38012e-09
119 7.38012e-09
120 7.38012e-09
121 7.38012e-09
122 7.38012e-09
123 7.38012e-09
124 7.38012e-09
125 7.38012e-09
126 7.38012e-09
127 7.38012e-09
128 7.38012e-09
129 7.38012e-09
130 7.38012e-09
131 7.38012e-09
132 7.38012e-09
133 7.38012e-09
134 7.38012e-09
135 7.38012e-09
136 7.38012e-09
137 7.38012e-09
138 7.38012e-09
139 7.38012e-09
140 7.38012e-09
141 7.38012e-09
142 7.38012e-09
143 7.38012e-09
144 7.38012e-09
145 7.38012e-09
146 7.38012e-09
147 7.38012e-09
148 7.38012e-09
149 7.38012e-09
150 7.38012e-09
151 7.38012e-09
152 7.38012e-09
153 7.38012e-09
154 7.38012e-09
155 7.38012e-09
156 7.38012e-09
157 7.38012e-09
158 7.38012e-09
159 7.38012e-09
160 7.38012e-09
161 7.38012e-09
162 7.38012e-09
163 7.38012e-09
164 7.38012e-09
165 7.38012e-09
166 7.38012e-09
167 7.38012e-09
168 7.38012e-09
169 7.38012e-09
170 7.38012e-09
171 7.38012e-09
172 7.38012e-09
173 7.38012e-09
174 7.38012e-09
175 7.38012e-09
176 7.38012e-09
177 7.38012e-09
178 7.38012e-09
179 7.38012e-09
180 7.38012e-09
181 7.38012e-09
182 7.38012e-09
183 7.38012e-09
184 7.38012e-09
185 7.38012e-09
186 7.38012e-09
187 7.38012e-09
188 7.38012e-09
189 7.38012e-09
190 7.38012e-09
191 7.38012e-09
192 7.38012e-09
193 7.38012e-09
194 7.38012e-09
195 7.38012e-09
196 7.38012e-09
197 7.38012e-09
198 7.38012e-09
199 7.38012e-09
200 7.38012e-09
201 7.38012e-09
202 7.38012e-09
203 7.38012e-09
204 7.38012e-09
205 7.38012e-09
206 7.38012e-09
207 7.38012e-09
208 7.38012e-09
209 7.38012e-09
210 7.38012e-09
211 7.38012e-09
212 7.38012e-09
213 7.38012e-09
214 7.38012e-09
