1 6.98089e-09
2 6.98089e-09
3 6.98089e-09
4 6.98089e-09
5 6.98089e-09
6 6.98089e-09
7 6.98089e-09
8 6.98089e-09
9 6.98089e-09
10 6.98089e-09
11 6.98089e-09
12 6.98089e-09
13 6.98089e-09
14 6.98089e-09
15 6.98089e-09
16 6.98089e-09
17 6.98089e-09
18 6.98089e-09
19 6.98089e-09
20 6.98089e-09
21 6.98089e-09
22 6.98089e-09
23 6.98089e-09
24 6.98089e-09
25 6.98089e-09
26 6.98089e-09
27 6.98089e-09
28 6.98089e-09
29 6.98089e-09
30 6.98089e-09
31 6.98089e-09
32 6.98089e-09
33 6.98089e-09
34 6.98089e-09
35 6.98089e-09
36 6.98089e-09
37 6.98089e-09
38 6.98089e-09
39 6.98089e-09
40 6.98089e-09
41 6.98089e-09
42 6.98089e-09
43 6.98089e-09
44 6.98089e-09
45 6.98089e-09
46 6.98089e-09
47 6.98089e-09
48 6.98089e-09
49 6.98089e-09
50 6.98089e-09
51 6.98089e-09
52 6.98089e-09
53 6.98089e-09
54 6.98089e-09
55 6.98089e-09
56 6.98089e-09
57 6.98089e-09
58 6.98089e-09
59 6.98089e-09
60 6.98089e-09
61 6.98089e-09
62 6.98089e-09
63 6.98089e-09
64 6.98089e-09
65 6.98089e-09
66 6.98089e-09
67 6.98089e-09
68 6.98089e-09
69 6.98089e-09
70 6.98089e-09
71 6.98089e-09
72 6.98089e-09
73 6.98089e-09
74 6.98089e-09
75 6.98089e-09
76 6.98089e-09
77 6.98089e-09
78 6.98089e-09
79 6.98089e-09
80 6.98089e-09
81 6.98089e-09
82 6.98089e-09
83 6.98089e-09
84 6.98089e-09
85 6.98089e-09
86 6.98089e-09
87 6.98089e-09
88 6.98089e-09
89 6.98089e-09
90 6.98089e-09
91 6.98089e-09
92 6.98089e-09
93 6.98089e-09
94 6.98089e-09
95 6.98089e-09
96 6.98089e-09
97 6.98089e-09
98 6.98089e-09
99 6.98089e-09
100 1.71852e-08
101 5.85909e-08
102 1.71852e-08
103 6.98089e-09
104 1.71852e-08
105 1.31722e-07
106 1.60241e-07
107 4.9546e-07
108 6.99568e-07
109 7.58546e-07
110 6.6831e-07
111 4.3574e-07
112 7.69056e-08
113 1.71852e-08
114 5.85909e-08
115 1.71852e-08
116 6.98089e-09
117 6.98089e-09
118 6.98089e-09
119 6.98089e-09
120 6.98089e-09
121 6.98089e-09
122 6.98089e-09
123 6.98089e-09
124 6.98089e-09
125 6.98089e-09
126 6.98089e-09
127 6.98089e-09
128 6.98089e-09
129 6.98089e-09
130 6.98089e-09
131 6.98089e-09
132 6.98089e-09
133 6.98089e-09
134 6.98089e-09
135 6.98089e-09
136 6.98089e-09
137 6.98089e-09
138 6.98089e-09
139 6.98089e-09
140 6.98089e-09
141 6.98089e-09
142 6.98089e-09
143 6.98089e-09
144 6.98089e-09
145 6.98089e-09
146 6.98089e-09
147 6.98089e-09
148 6.98089e-09
149 6.98089e-09
150 6.98089e-09
151 6.98089e-09
152 6.98089e-09
153 6.98089e-09
154 6.98089e-09
155 6.98089e-09
156 6.98089e-09
157 6.98089e-09
158 6.98089e-09
159 6.98089e-09
160 6.98089e-09
161 6.98089e-09
162 6.98089e-09
163 6.98089e-09
164 6.98089e-09
165 6.98089e-09
166 6.98089e-09
167 6.98089e-09
168 6.98089e-09
169 6.98089e-09
170 6.98089e-09
171 6.98089e-09
172 6.98089e-09
173 6.98089e-09
174 6.98089e-09
175 6.98089e-09
176 6.98089e-09
177 6.98089e-09
178 6.98089e-09
179 6.98089e-09
180 6.98089e-09
181 6.98089e-09
182 6.98089e-09
183 6.98089e-09
184 6.98089e-09
185 6.98089e-09
186 6.98089e-09
187 6.98089e-09
188 6.98089e-09
189 6.98089e-09
190 6.98089e-09
191 6.98089e-09
192 6.98089e-09
193 6.98089e-09
194 6.98089e-09
195 6.98089e-09
196 6.98089e-09
197 6.98089e-09
198 6.98089e-09
199 6.98089e-09
200 6.98089e-09
201 6.98089e-09
202 6.98089e-09
203 6.98089e-09
204 6.98089e-09
205 6.98089e-09
206 6.98089e-09
207 6.98089e-09
208 6.98089e-09
209 6.98089e-09
210 6.98089e-09
211 6.98089e-09
212 6.98089e-09
213 6.98089e-09
214 6.98089e-09
