1 5.93525e-09
2 5.93525e-09
3 5.93525e-09
4 5.93525e-09
5 5.93525e-09
6 5.93525e-09
7 5.93525e-09
8 5.93525e-09
9 5.93525e-09
10 5.93525e-09
11 5.93525e-09
12 5.93525e-09
13 5.93525e-09
14 5.93525e-09
15 5.93525e-09
16 5.93525e-09
17 5.93525e-09
18 5.93525e-09
19 5.93525e-09
20 5.93525e-09
21 5.93525e-09
22 5.93525e-09
23 5.93525e-09
24 5.93525e-09
25 5.93525e-09
26 5.93525e-09
27 5.93525e-09
28 5.93525e-09
29 5.93525e-09
30 5.93525e-09
31 5.93525e-09
32 5.93525e-09
33 5.93525e-09
34 5.93525e-09
35 5.93525e-09
36 5.93525e-09
37 5.93525e-09
38 5.93525e-09
39 5.93525e-09
40 5.93525e-09
41 5.93525e-09
42 5.93525e-09
43 5.93525e-09
44 5.93525e-09
45 5.93525e-09
46 5.93525e-09
47 5.93525e-09
48 5.93525e-09
49 5.93525e-09
50 5.93525e-09
51 5.93525e-09
52 5.93525e-09
53 5.93525e-09
54 5.93525e-09
55 5.93525e-09
56 5.93525e-09
57 5.93525e-09
58 5.93525e-09
59 5.93525e-09
60 5.93525e-09
61 5.93525e-09
62 5.93525e-09
63 5.93525e-09
64 5.93525e-09
65 5.93525e-09
66 5.93525e-09
67 5.93525e-09
68 5.93525e-09
69 5.93525e-09
70 5.93525e-09
71 5.93525e-09
72 5.93525e-09
73 5.93525e-09
74 5.93525e-09
75 5.93525e-09
76 5.93525e-09
77 5.93525e-09
78 5.93525e-09
79 5.93525e-09
80 5.93525e-09
81 5.93525e-09
82 5.93525e-09
83 5.93525e-09
84 5.93525e-09
85 5.93525e-09
86 5.93525e-09
87 5.93525e-09
88 5.93525e-09
89 5.93525e-09
90 5.93525e-09
91 5.93525e-09
92 5.93525e-09
93 5.93525e-09
94 5.93525e-09
95 5.93525e-09
96 5.93525e-09
97 5.93525e-09
98 5.93525e-09
99 5.93525e-09
100 1.33933e-08
101 4.73793e-08
102 1.33933e-08
103 5.93525e-09
104 1.33933e-08
105 8.4012e-08
106 8.88674e-08
107 2.90569e-07
108 4.15618e-07
109 4.53043e-07
110 3.99278e-07
111 2.59186e-07
112 4.47766e-08
113 1.33933e-08
114 4.73793e-08
115 1.33933e-08
116 5.93525e-09
117 5.93525e-09
118 5.93525e-09
119 5.93525e-09
120 5.93525e-09
121 5.93525e-09
122 5.93525e-09
123 5.93525e-09
124 5.93525e-09
125 5.93525e-09
126 5.93525e-09
127 5.93525e-09
128 5.93525e-09
129 5.93525e-09
130 5.93525e-09
131 5.93525e-09
132 5.93525e-09
133 5.93525e-09
134 5.93525e-09
135 5.93525e-09
136 5.93525e-09
137 5.93525e-09
138 5.93525e-09
139 5.93525e-09
140 5.93525e-09
141 5.93525e-09
142 5.93525e-09
143 5.93525e-09
144 5.93525e-09
145 5.93525e-09
146 5.93525e-09
147 5.93525e-09
148 5.93525e-09
149 5.93525e-09
150 5.93525e-09
151 5.93525e-09
152 5.93525e-09
153 5.93525e-09
154 5.93525e-09
155 5.93525e-09
156 5.93525e-09
157 5.93525e-09
158 5.93525e-09
159 5.93525e-09
160 5.93525e-09
161 5.93525e-09
162 5.93525e-09
163 5.93525e-09
164 5.93525e-09
165 5.93525e-09
166 5.93525e-09
167 5.93525e-09
168 5.93525e-09
169 5.93525e-09
170 5.93525e-09
171 5.93525e-09
172 5.93525e-09
173 5.93525e-09
174 5.93525e-09
175 5.93525e-09
176 5.93525e-09
177 5.93525e-09
178 5.93525e-09
179 5.93525e-09
180 5.93525e-09
181 5.93525e-09
182 5.93525e-09
183 5.93525e-09
184 5.93525e-09
185 5.93525e-09
186 5.93525e-09
187 5.93525e-09
188 5.93525e-09
189 5.93525e-09
190 5.93525e-09
191 5.93525e-09
192 5.93525e-09
193 5.93525e-09
194 5.93525e-09
195 5.93525e-09
196 5.93525e-09
197 5.93525e-09
198 5.93525e-09
199 5.93525e-09
200 5.93525e-09
201 5.93525e-09
202 5.93525e-09
203 5.93525e-09
204 5.93525e-09
205 5.93525e-09
206 5.93525e-09
207 5.93525e-09
208 5.93525e-09
209 5.93525e-09
210 5.93525e-09
211 5.93525e-09
212 5.93525e-09
213 5.93525e-09
214 5.93525e-09
