1 5.78074e-09
2 5.78074e-09
3 5.78074e-09
4 5.78074e-09
5 5.78074e-09
6 5.78074e-09
7 5.78074e-09
8 5.78074e-09
9 5.78074e-09
10 5.78074e-09
11 5.78074e-09
12 5.78074e-09
13 5.78074e-09
14 5.78074e-09
15 5.78074e-09
16 5.78074e-09
17 5.78074e-09
18 5.78074e-09
19 5.78074e-09
20 5.78074e-09
21 5.78074e-09
22 5.78074e-09
23 5.78074e-09
24 5.78074e-09
25 5.78074e-09
26 5.78074e-09
27 5.78074e-09
28 5.78074e-09
29 5.78074e-09
30 5.78074e-09
31 5.78074e-09
32 5.78074e-09
33 5.78074e-09
34 5.78074e-09
35 5.78074e-09
36 5.78074e-09
37 5.78074e-09
38 5.78074e-09
39 5.78074e-09
40 5.78074e-09
41 5.78074e-09
42 5.78074e-09
43 5.78074e-09
44 5.78074e-09
45 5.78074e-09
46 5.78074e-09
47 5.78074e-09
48 5.78074e-09
49 5.78074e-09
50 5.78074e-09
51 5.78074e-09
52 5.78074e-09
53 5.78074e-09
54 5.78074e-09
55 5.78074e-09
56 5.78074e-09
57 5.78074e-09
58 5.78074e-09
59 5.78074e-09
60 5.78074e-09
61 5.78074e-09
62 5.78074e-09
63 5.78074e-09
64 5.78074e-09
65 5.78074e-09
66 5.78074e-09
67 5.78074e-09
68 5.78074e-09
69 5.78074e-09
70 5.78074e-09
71 5.78074e-09
72 5.78074e-09
73 5.78074e-09
74 5.78074e-09
75 5.78074e-09
76 5.78074e-09
77 5.78074e-09
78 5.78074e-09
79 5.78074e-09
80 5.78074e-09
81 5.78074e-09
82 5.78074e-09
83 5.78074e-09
84 5.78074e-09
85 5.78074e-09
86 5.78074e-09
87 5.78074e-09
88 5.78074e-09
89 5.78074e-09
90 5.78074e-09
91 5.78074e-09
92 5.78074e-09
93 5.78074e-09
94 5.78074e-09
95 5.78074e-09
96 5.78074e-09
97 5.78074e-09
98 5.78074e-09
99 5.78074e-09
100 1.28683e-08
101 4.57931e-08
102 1.28683e-08
103 5.78074e-09
104 1.28683e-08
105 7.86168e-08
106 8.10961e-08
107 2.67432e-07
108 3.83073e-07
109 4.17831e-07
110 3.68363e-07
111 2.39116e-07
112 4.11849e-08
113 1.28683e-08
114 4.57931e-08
115 1.28683e-08
116 5.78074e-09
117 5.78074e-09
118 5.78074e-09
119 5.78074e-09
120 5.78074e-09
121 5.78074e-09
122 5.78074e-09
123 5.78074e-09
124 5.78074e-09
125 5.78074e-09
126 5.78074e-09
127 5.78074e-09
128 5.78074e-09
129 5.78074e-09
130 5.78074e-09
131 5.78074e-09
132 5.78074e-09
133 5.78074e-09
134 5.78074e-09
135 5.78074e-09
136 5.78074e-09
137 5.78074e-09
138 5.78074e-09
139 5.78074e-09
140 5.78074e-09
141 5.78074e-09
142 5.78074e-09
143 5.78074e-09
144 5.78074e-09
145 5.78074e-09
146 5.78074e-09
147 5.78074e-09
148 5.78074e-09
149 5.78074e-09
150 5.78074e-09
151 5.78074e-09
152 5.78074e-09
153 5.78074e-09
154 5.78074e-09
155 5.78074e-09
156 5.78074e-09
157 5.78074e-09
158 5.78074e-09
159 5.78074e-09
160 5.78074e-09
161 5.78074e-09
162 5.78074e-09
163 5.78074e-09
164 5.78074e-09
165 5.78074e-09
166 5.78074e-09
167 5.78074e-09
168 5.78074e-09
169 5.78074e-09
170 5.78074e-09
171 5.78074e-09
172 5.78074e-09
173 5.78074e-09
174 5.78074e-09
175 5.78074e-09
176 5.78074e-09
177 5.78074e-09
178 5.78074e-09
179 5.78074e-09
180 5.78074e-09
181 5.78074e-09
182 5.78074e-09
183 5.78074e-09
184 5.78074e-09
185 5.78074e-09
186 5.78074e-09
187 5.78074e-09
188 5.78074e-09
189 5.78074e-09
190 5.78074e-09
191 5.78074e-09
192 5.78074e-09
193 5.78074e-09
194 5.78074e-09
195 5.78074e-09
196 5.78074e-09
197 5.78074e-09
198 5.78074e-09
199 5.78074e-09
200 5.78074e-09
201 5.78074e-09
202 5.78074e-09
203 5.78074e-09
204 5.78074e-09
205 5.78074e-09
206 5.78074e-09
207 5.78074e-09
208 5.78074e-09
209 5.78074e-09
210 5.78074e-09
211 5.78074e-09
212 5.78074e-09
213 5.78074e-09
214 5.78074e-09
