1 5.48681e-09
2 5.48681e-09
3 5.48681e-09
4 5.48681e-09
5 5.48681e-09
6 5.48681e-09
7 5.48681e-09
8 5.48681e-09
9 5.48681e-09
10 5.48681e-09
11 5.48681e-09
12 5.48681e-09
13 5.48681e-09
14 5.48681e-09
15 5.48681e-09
16 5.48681e-09
17 5.48681e-09
18 5.48681e-09
19 5.48681e-09
20 5.48681e-09
21 5.48681e-09
22 5.48681e-09
23 5.48681e-09
24 5.48681e-09
25 5.48681e-09
26 5.48681e-09
27 5.48681e-09
28 5.48681e-09
29 5.48681e-09
30 5.48681e-09
31 5.48681e-09
32 5.48681e-09
33 5.48681e-09
34 5.48681e-09
35 5.48681e-09
36 5.48681e-09
37 5.48681e-09
38 5.48681e-09
39 5.48681e-09
40 5.48681e-09
41 5.48681e-09
42 5.48681e-09
43 5.48681e-09
44 5.48681e-09
45 5.48681e-09
46 5.48681e-09
47 5.48681e-09
48 5.48681e-09
49 5.48681e-09
50 5.48681e-09
51 5.48681e-09
52 5.48681e-09
53 5.48681e-09
54 5.48681e-09
55 5.48681e-09
56 5.48681e-09
57 5.48681e-09
58 5.48681e-09
59 5.48681e-09
60 5.48681e-09
61 5.48681e-09
62 5.48681e-09
63 5.48681e-09
64 5.48681e-09
65 5.48681e-09
66 5.48681e-09
67 5.48681e-09
68 5.48681e-09
69 5.48681e-09
70 5.48681e-09
71 5.48681e-09
72 5.48681e-09
73 5.48681e-09
74 5.48681e-09
75 5.48681e-09
76 5.48681e-09
77 5.48681e-09
78 5.48681e-09
79 5.48681e-09
80 5.48681e-09
81 5.48681e-09
82 5.48681e-09
83 5.48681e-09
84 5.48681e-09
85 5.48681e-09
86 5.48681e-09
87 5.48681e-09
88 5.48681e-09
89 5.48681e-09
90 5.48681e-09
91 5.48681e-09
92 5.48681e-09
93 5.48681e-09
94 5.48681e-09
95 5.48681e-09
96 5.48681e-09
97 5.48681e-09
98 5.48681e-09
99 5.48681e-09
100 1.18946e-08
101 4.2826e-08
102 1.18946e-08
103 5.48681e-09
104 1.18946e-08
105 6.5964e-08
106 6.45783e-08
107 2.24329e-07
108 3.2351e-07
109 3.53539e-07
110 3.11558e-07
111 2.01192e-07
112 3.50326e-08
113 1.18946e-08
114 4.2826e-08
115 1.18946e-08
116 5.48681e-09
117 5.48681e-09
118 5.48681e-09
119 5.48681e-09
120 5.48681e-09
121 5.48681e-09
122 5.48681e-09
123 5.48681e-09
124 5.48681e-09
125 5.48681e-09
126 5.48681e-09
127 5.48681e-09
128 5.48681e-09
129 5.48681e-09
130 5.48681e-09
131 5.48681e-09
132 5.48681e-09
133 5.48681e-09
134 5.48681e-09
135 5.48681e-09
136 5.48681e-09
137 5.48681e-09
138 5.48681e-09
139 5.48681e-09
140 5.48681e-09
141 5.48681e-09
142 5.48681e-09
143 5.48681e-09
144 5.48681e-09
145 5.48681e-09
146 5.48681e-09
147 5.48681e-09
148 5.48681e-09
149 5.48681e-09
150 5.48681e-09
151 5.48681e-09
152 5.48681e-09
153 5.48681e-09
154 5.48681e-09
155 5.48681e-09
156 5.48681e-09
157 5.48681e-09
158 5.48681e-09
159 5.48681e-09
160 5.48681e-09
161 5.48681e-09
162 5.48681e-09
163 5.48681e-09
164 5.48681e-09
165 5.48681e-09
166 5.48681e-09
167 5.48681e-09
168 5.48681e-09
169 5.48681e-09
170 5.48681e-09
171 5.48681e-09
172 5.48681e-09
173 5.48681e-09
174 5.48681e-09
175 5.48681e-09
176 5.48681e-09
177 5.48681e-09
178 5.48681e-09
179 5.48681e-09
180 5.48681e-09
181 5.48681e-09
182 5.48681e-09
183 5.48681e-09
184 5.48681e-09
185 5.48681e-09
186 5.48681e-09
187 5.48681e-09
188 5.48681e-09
189 5.48681e-09
190 5.48681e-09
191 5.48681e-09
192 5.48681e-09
193 5.48681e-09
194 5.48681e-09
195 5.48681e-09
196 5.48681e-09
197 5.48681e-09
198 5.48681e-09
199 5.48681e-09
200 5.48681e-09
201 5.48681e-09
202 5.48681e-09
203 5.48681e-09
204 5.48681e-09
205 5.48681e-09
206 5.48681e-09
207 5.48681e-09
208 5.48681e-09
209 5.48681e-09
210 5.48681e-09
211 5.48681e-09
212 5.48681e-09
213 5.48681e-09
214 5.48681e-09
