1 4.5984e-09
2 4.5984e-09
3 4.5984e-09
4 4.5984e-09
5 4.5984e-09
6 4.5984e-09
7 4.5984e-09
8 4.5984e-09
9 4.5984e-09
10 4.5984e-09
11 4.5984e-09
12 4.5984e-09
13 4.5984e-09
14 4.5984e-09
15 4.5984e-09
16 4.5984e-09
17 4.5984e-09
18 4.5984e-09
19 4.5984e-09
20 4.5984e-09
21 4.5984e-09
22 4.5984e-09
23 4.5984e-09
24 4.5984e-09
25 4.5984e-09
26 4.5984e-09
27 4.5984e-09
28 4.5984e-09
29 4.5984e-09
30 4.5984e-09
31 4.5984e-09
32 4.5984e-09
33 4.5984e-09
34 4.5984e-09
35 4.5984e-09
36 4.5984e-09
37 4.5984e-09
38 4.5984e-09
39 4.5984e-09
40 4.5984e-09
41 4.5984e-09
42 4.5984e-09
43 4.5984e-09
44 4.5984e-09
45 4.5984e-09
46 4.5984e-09
47 4.5984e-09
48 4.5984e-09
49 4.5984e-09
50 4.5984e-09
51 4.5984e-09
52 4.5984e-09
53 4.5984e-09
54 4.5984e-09
55 4.5984e-09
56 4.5984e-09
57 4.5984e-09
58 4.5984e-09
59 4.5984e-09
60 4.5984e-09
61 4.5984e-09
62 4.5984e-09
63 4.5984e-09
64 4.5984e-09
65 4.5984e-09
66 4.5984e-09
67 4.5984e-09
68 4.5984e-09
69 4.5984e-09
70 4.5984e-09
71 4.5984e-09
72 4.5984e-09
73 4.5984e-09
74 4.5984e-09
75 4.5984e-09
76 4.5984e-09
77 4.5984e-09
78 4.5984e-09
79 4.5984e-09
80 4.5984e-09
81 4.5984e-09
82 4.5984e-09
83 4.5984e-09
84 4.5984e-09
85 4.5984e-09
86 4.5984e-09
87 4.5984e-09
88 4.5984e-09
89 4.5984e-09
90 4.5984e-09
91 4.5984e-09
92 4.5984e-09
93 4.5984e-09
94 4.5984e-09
95 4.5984e-09
96 4.5984e-09
97 4.5984e-09
98 4.5984e-09
99 4.5984e-09
100 9.15345e-09
101 3.42613e-08
102 9.15345e-09
103 4.5984e-09
104 9.15345e-09
105 3.83563e-08
106 2.18985e-08
107 1.17679e-07
108 1.74786e-07
109 1.93089e-07
110 1.74786e-07
111 1.13584e-07
112 1.32485e-08
113 9.15345e-09
114 3.42613e-08
115 9.15345e-09
116 4.5984e-09
117 4.5984e-09
118 4.5984e-09
119 4.5984e-09
120 4.5984e-09
121 4.5984e-09
122 4.5984e-09
123 4.5984e-09
124 4.5984e-09
125 4.5984e-09
126 4.5984e-09
127 4.5984e-09
128 4.5984e-09
129 4.5984e-09
130 4.5984e-09
131 4.5984e-09
132 4.5984e-09
133 4.5984e-09
134 4.5984e-09
135 4.5984e-09
136 4.5984e-09
137 4.5984e-09
138 4.5984e-09
139 4.5984e-09
140 4.5984e-09
141 4.5984e-09
142 4.5984e-09
143 4.5984e-09
144 4.5984e-09
145 4.5984e-09
146 4.5984e-09
147 4.5984e-09
148 4.5984e-09
149 4.5984e-09
150 4.5984e-09
151 4.5984e-09
152 4.5984e-09
153 4.5984e-09
154 4.5984e-09
155 4.5984e-09
156 4.5984e-09
157 4.5984e-09
158 4.5984e-09
159 4.5984e-09
160 4.5984e-09
161 4.5984e-09
162 4.5984e-09
163 4.5984e-09
164 4.5984e-09
165 4.5984e-09
166 4.5984e-09
167 4.5984e-09
168 4.5984e-09
169 4.5984e-09
170 4.5984e-09
171 4.5984e-09
172 4.5984e-09
173 4.5984e-09
174 4.5984e-09
175 4.5984e-09
176 4.5984e-09
177 4.5984e-09
178 4.5984e-09
179 4.5984e-09
180 4.5984e-09
181 4.5984e-09
182 4.5984e-09
183 4.5984e-09
184 4.5984e-09
185 4.5984e-09
186 4.5984e-09
187 4.5984e-09
188 4.5984e-09
189 4.5984e-09
190 4.5984e-09
191 4.5984e-09
192 4.5984e-09
193 4.5984e-09
194 4.5984e-09
195 4.5984e-09
196 4.5984e-09
197 4.5984e-09
198 4.5984e-09
199 4.5984e-09
200 4.5984e-09
201 4.5984e-09
202 4.5984e-09
203 4.5984e-09
204 4.5984e-09
205 4.5984e-09
206 4.5984e-09
207 4.5984e-09
208 4.5984e-09
209 4.5984e-09
210 4.5984e-09
211 4.5984e-09
212 4.5984e-09
213 4.5984e-09
214 4.5984e-09
