1 4.52534e-06
2 4.52534e-06
3 4.52534e-06
4 4.52534e-06
5 4.52534e-06
6 4.52534e-06
7 4.52534e-06
8 4.52534e-06
9 4.52534e-06
10 4.52534e-06
11 4.52534e-06
12 4.52534e-06
13 4.52534e-06
14 4.52534e-06
15 4.52534e-06
16 4.52534e-06
17 4.52534e-06
18 4.52534e-06
19 4.52534e-06
20 4.52534e-06
21 4.52534e-06
22 4.52534e-06
23 4.52534e-06
24 4.52534e-06
25 4.52534e-06
26 4.52534e-06
27 4.52534e-06
28 4.52534e-06
29 4.52534e-06
30 4.52534e-06
31 4.52534e-06
32 4.52534e-06
33 4.52534e-06
34 4.52534e-06
35 4.52534e-06
36 4.52534e-06
37 4.52534e-06
38 4.52534e-06
39 4.52534e-06
40 4.52534e-06
41 4.52534e-06
42 4.52534e-06
43 4.52534e-06
44 4.52534e-06
45 4.52534e-06
46 4.52534e-06
47 4.52534e-06
48 4.52534e-06
49 4.52534e-06
50 4.52534e-06
51 4.52534e-06
52 4.52534e-06
53 4.52534e-06
54 4.52534e-06
55 4.52534e-06
56 4.52534e-06
57 4.52534e-06
58 4.52534e-06
59 4.52534e-06
60 4.52534e-06
61 4.52534e-06
62 4.52534e-06
63 4.52534e-06
64 4.52534e-06
65 4.52534e-06
66 4.52534e-06
67 4.52534e-06
68 4.52534e-06
69 4.52534e-06
70 4.52534e-06
71 4.52534e-06
72 4.52534e-06
73 4.52534e-06
74 4.52534e-06
75 4.52549e-06
76 4.5261e-06
77 4.52781e-06
78 4.53334e-06
79 4.54963e-06
80 4.59595e-06
81 4.72889e-06
82 5.12128e-06
83 6.313e-06
84 9.97753e-06
85 2.11222e-05
86 5.39375e-05
87 0.000146074
88 0.000390372
89 0.000998553
90 0.00241553
91 0.00550038
92 0.0117738
93 0.023697
94 0.0448961
95 0.0801877
96 0.13522
97 0.215579
98 0.325401
99 0.465908
100 0.634602
101 0.825786
102 0.863542
103 0.902905
104 0.943031
105 0.983451
106 0.990849
107 0.998251
108 0.999561
109 0.999561
110 0.998252
111 0.990871
112 0.950744
113 0.911376
114 0.873603
115 0.682105
116 0.512578
117 0.370276
118 0.257239
119 0.17204
120 0.110785
121 0.0685815
122 0.0406751
123 0.0230078
124 0.0123547
125 0.00627343
126 0.00300426
127 0.00135538
128 0.000576706
129 0.0002326
130 9.02078e-05
131 3.49384e-05
132 1.47605e-05
133 7.80579e-06
134 5.53186e-06
135 4.82255e-06
136 4.61012e-06
137 4.54867e-06
138 4.53136e-06
139 4.52658e-06
140 4.52549e-06
141 4.52534e-06
142 4.52534e-06
143 4.52534e-06
144 4.52534e-06
145 4.52534e-06
146 4.52534e-06
147 4.52534e-06
148 4.52534e-06
149 4.52534e-06
150 4.52534e-06
151 4.52534e-06
152 4.52534e-06
153 4.52534e-06
154 4.52534e-06
155 4.52534e-06
156 4.52534e-06
157 4.52534e-06
158 4.52534e-06
159 4.52534e-06
160 4.52534e-06
161 4.52534e-06
162 4.52534e-06
163 4.52534e-06
164 4.52534e-06
165 4.52534e-06
166 4.52534e-06
167 4.52534e-06
168 4.52534e-06
169 4.52534e-06
170 4.52534e-06
171 4.52534e-06
172 4.52534e-06
173 4.52534e-06
174 4.52534e-06
175 4.52534e-06
176 4.52534e-06
177 4.52534e-06
178 4.52534e-06
179 4.52534e-06
180 4.52534e-06
181 4.52534e-06
182 4.52534e-06
183 4.52534e-06
184 4.52534e-06
185 4.52534e-06
186 4.52534e-06
187 4.52534e-06
188 4.52534e-06
189 4.52534e-06
190 4.52534e-06
191 4.52534e-06
192 4.52534e-06
193 4.52534e-06
194 4.52534e-06
195 4.52534e-06
196 4.52534e-06
197 4.52534e-06
198 4.52534e-06
199 4.52534e-06
200 4.52534e-06
201 4.52534e-06
202 4.52534e-06
203 4.52534e-06
204 4.52534e-06
205 4.52534e-06
206 4.52534e-06
207 4.52534e-06
208 4.52534e-06
209 4.52534e-06
210 4.52534e-06
211 4.52534e-06
212 4.52534e-06
213 4.52534e-06
214 4.52534e-06
