1 4.81525e-06
2 4.81525e-06
3 4.81525e-06
4 4.81525e-06
5 4.81525e-06
6 4.81525e-06
7 4.81525e-06
8 4.81525e-06
9 4.81525e-06
10 4.81525e-06
11 4.81525e-06
12 4.81525e-06
13 4.81525e-06
14 4.81525e-06
15 4.81525e-06
16 4.81525e-06
17 4.81525e-06
18 4.81525e-06
19 4.81525e-06
20 4.81525e-06
21 4.81525e-06
22 4.81525e-06
23 4.81525e-06
24 4.81525e-06
25 4.81525e-06
26 4.81525e-06
27 4.81525e-06
28 4.81525e-06
29 4.81525e-06
30 4.81525e-06
31 4.81525e-06
32 4.81525e-06
33 4.81525e-06
34 4.81525e-06
35 4.81525e-06
36 4.81525e-06
37 4.81525e-06
38 4.81525e-06
39 4.81525e-06
40 4.81525e-06
41 4.81525e-06
42 4.81525e-06
43 4.81525e-06
44 4.81525e-06
45 4.81525e-06
46 4.81525e-06
47 4.81525e-06
48 4.81525e-06
49 4.81525e-06
50 4.81525e-06
51 4.81525e-06
52 4.81525e-06
53 4.81525e-06
54 4.81525e-06
55 4.81525e-06
56 4.81525e-06
57 4.81525e-06
58 4.81525e-06
59 4.81525e-06
60 4.81525e-06
61 4.81525e-06
62 4.81525e-06
63 4.81525e-06
64 4.81525e-06
65 4.81525e-06
66 4.81525e-06
67 4.81525e-06
68 4.81525e-06
69 4.81525e-06
70 4.81525e-06
71 4.81525e-06
72 4.81525e-06
73 4.81525e-06
74 4.81525e-06
75 4.81525e-06
76 4.81554e-06
77 4.81655e-06
78 4.81969e-06
79 4.83017e-06
80 4.86012e-06
81 4.94572e-06
82 5.19423e-06
83 5.93847e-06
84 8.2209e-06
85 1.52377e-05
86 3.63522e-05
87 9.73697e-05
88 0.000264575
89 0.000695692
90 0.00173691
91 0.00408683
92 0.00903842
93 0.0187812
94 0.0366972
95 0.0675199
96 0.117166
97 0.192037
98 0.297697
99 0.437185
100 0.609652
101 0.810204
102 0.850627
103 0.893376
104 0.93732
105 0.981768
106 0.989916
107 0.998073
108 0.999516
109 0.999516
110 0.998075
111 0.989957
112 0.946011
113 0.903254
114 0.862798
115 0.661703
116 0.487919
117 0.345806
118 0.235788
119 0.154802
120 0.0978006
121 0.0593068
122 0.0343754
123 0.018953
124 0.00989586
125 0.00487637
126 0.00226335
127 0.000989358
128 0.000408361
129 0.000160503
130 6.14672e-05
131 2.43183e-05
132 1.11931e-05
133 6.80616e-06
134 5.41148e-06
135 4.98715e-06
136 4.86291e-06
137 4.82766e-06
138 4.81794e-06
139 4.81554e-06
140 4.81525e-06
141 4.81525e-06
142 4.81525e-06
143 4.81525e-06
144 4.81525e-06
145 4.81525e-06
146 4.81525e-06
147 4.81525e-06
148 4.81525e-06
149 4.81525e-06
150 4.81525e-06
151 4.81525e-06
152 4.81525e-06
153 4.81525e-06
154 4.81525e-06
155 4.81525e-06
156 4.81525e-06
157 4.81525e-06
158 4.81525e-06
159 4.81525e-06
160 4.81525e-06
161 4.81525e-06
162 4.81525e-06
163 4.81525e-06
164 4.81525e-06
165 4.81525e-06
166 4.81525e-06
167 4.81525e-06
168 4.81525e-06
169 4.81525e-06
170 4.81525e-06
171 4.81525e-06
172 4.81525e-06
173 4.81525e-06
174 4.81525e-06
175 4.81525e-06
176 4.81525e-06
177 4.81525e-06
178 4.81525e-06
179 4.81525e-06
180 4.81525e-06
181 4.81525e-06
182 4.81525e-06
183 4.81525e-06
184 4.81525e-06
185 4.81525e-06
186 4.81525e-06
187 4.81525e-06
188 4.81525e-06
189 4.81525e-06
190 4.81525e-06
191 4.81525e-06
192 4.81525e-06
193 4.81525e-06
194 4.81525e-06
195 4.81525e-06
196 4.81525e-06
197 4.81525e-06
198 4.81525e-06
199 4.81525e-06
200 4.81525e-06
201 4.81525e-06
202 4.81525e-06
203 4.81525e-06
204 4.81525e-06
205 4.81525e-06
206 4.81525e-06
207 4.81525e-06
208 4.81525e-06
209 4.81525e-06
210 4.81525e-06
211 4.81525e-06
212 4.81525e-06
213 4.81525e-06
214 4.81525e-06
