1 3.46993e-06
2 3.46993e-06
3 3.46993e-06
4 3.46993e-06
5 3.46993e-06
6 3.46993e-06
7 3.46993e-06
8 3.46993e-06
9 3.46993e-06
10 3.46993e-06
11 3.46993e-06
12 3.46993e-06
13 3.46993e-06
14 3.46993e-06
15 3.46993e-06
16 3.46993e-06
17 3.46993e-06
18 3.46993e-06
19 3.46993e-06
20 3.46993e-06
21 3.46993e-06
22 3.46993e-06
23 3.46993e-06
24 3.46993e-06
25 3.46993e-06
26 3.46993e-06
27 3.46993e-06
28 3.46993e-06
29 3.46993e-06
30 3.46993e-06
31 3.46993e-06
32 3.46993e-06
33 3.46993e-06
34 3.46993e-06
35 3.46993e-06
36 3.46993e-06
37 3.46993e-06
38 3.46993e-06
39 3.46993e-06
40 3.46993e-06
41 3.46993e-06
42 3.46993e-06
43 3.46993e-06
44 3.46993e-06
45 3.46993e-06
46 3.46993e-06
47 3.46993e-06
48 3.46993e-06
49 3.46993e-06
50 3.46993e-06
51 3.46993e-06
52 3.46993e-06
53 3.46993e-06
54 3.46993e-06
55 3.46993e-06
56 3.46993e-06
57 3.46993e-06
58 3.46993e-06
59 3.46993e-06
60 3.46993e-06
61 3.46993e-06
62 3.46993e-06
63 3.46993e-06
64 3.46993e-06
65 3.46993e-06
66 3.46993e-06
67 3.46993e-06
68 3.46993e-06
69 3.46993e-06
70 3.46993e-06
71 3.46993e-06
72 3.47003e-06
73 3.47042e-06
74 3.47148e-06
75 3.47501e-06
76 3.48547e-06
77 3.51554e-06
78 3.60292e-06
79 3.86307e-06
80 4.65256e-06
81 7.0549e-06
82 1.4237e-05
83 3.49677e-05
84 9.20232e-05
85 0.000240556
86 0.000604517
87 0.00144162
88 0.0032462
89 0.00689105
90 0.0137906
91 0.0260386
92 0.0464422
93 0.0783463
94 0.125164
95 0.189618
96 0.272887
97 0.374042
98 0.490143
99 0.617072
100 0.750708
101 0.887844
102 0.913192
103 0.938638
104 0.964113
105 0.989594
106 0.994248
107 0.998901
108 0.999725
109 0.999725
110 0.998901
111 0.994248
112 0.968773
113 0.943327
114 0.917978
115 0.780836
116 0.647171
117 0.520137
118 0.403736
119 0.301874
120 0.217218
121 0.150469
122 0.100404
123 0.0645277
124 0.0398782
125 0.0236255
126 0.0133649
127 0.00719024
128 0.00366643
129 0.00176798
130 0.00080557
131 0.000347349
132 0.000142566
133 5.66186e-05
134 2.26936e-05
135 1.0071e-05
136 5.62978e-06
137 4.14622e-06
138 3.67345e-06
139 3.52895e-06
140 3.48638e-06
141 3.4742e-06
142 3.47079e-06
143 3.47003e-06
144 3.46993e-06
145 3.46993e-06
146 3.46993e-06
147 3.46993e-06
148 3.46993e-06
149 3.46993e-06
150 3.46993e-06
151 3.46993e-06
152 3.46993e-06
153 3.46993e-06
154 3.46993e-06
155 3.46993e-06
156 3.46993e-06
157 3.46993e-06
158 3.46993e-06
159 3.46993e-06
160 3.46993e-06
161 3.46993e-06
162 3.46993e-06
163 3.46993e-06
164 3.46993e-06
165 3.46993e-06
166 3.46993e-06
167 3.46993e-06
168 3.46993e-06
169 3.46993e-06
170 3.46993e-06
171 3.46993e-06
172 3.46993e-06
173 3.46993e-06
174 3.46993e-06
175 3.46993e-06
176 3.46993e-06
177 3.46993e-06
178 3.46993e-06
179 3.46993e-06
180 3.46993e-06
181 3.46993e-06
182 3.46993e-06
183 3.46993e-06
184 3.46993e-06
185 3.46993e-06
186 3.46993e-06
187 3.46993e-06
188 3.46993e-06
189 3.46993e-06
190 3.46993e-06
191 3.46993e-06
192 3.46993e-06
193 3.46993e-06
194 3.46993e-06
195 3.46993e-06
196 3.46993e-06
197 3.46993e-06
198 3.46993e-06
199 3.46993e-06
200 3.46993e-06
201 3.46993e-06
202 3.46993e-06
203 3.46993e-06
204 3.46993e-06
205 3.46993e-06
206 3.46993e-06
207 3.46993e-06
208 3.46993e-06
209 3.46993e-06
210 3.46993e-06
211 3.46993e-06
212 3.46993e-06
213 3.46993e-06
214 3.46993e-06
