1 5.59814e-06
2 5.59814e-06
3 5.59814e-06
4 5.59814e-06
5 5.59814e-06
6 5.59814e-06
7 5.59814e-06
8 5.59814e-06
9 5.59814e-06
10 5.59814e-06
11 5.59814e-06
12 5.59814e-06
13 5.59814e-06
14 5.59814e-06
15 5.59814e-06
16 5.59814e-06
17 5.59814e-06
18 5.59814e-06
19 5.59814e-06
20 5.59814e-06
21 5.59814e-06
22 5.59814e-06
23 5.59814e-06
24 5.59814e-06
25 5.59814e-06
26 5.59814e-06
27 5.59814e-06
28 5.59814e-06
29 5.59814e-06
30 5.59814e-06
31 5.59814e-06
32 5.59814e-06
33 5.59814e-06
34 5.59814e-06
35 5.59814e-06
36 5.59814e-06
37 5.59814e-06
38 5.59814e-06
39 5.59814e-06
40 5.59814e-06
41 5.59814e-06
42 5.59814e-06
43 5.59814e-06
44 5.59814e-06
45 5.59814e-06
46 5.59814e-06
47 5.59814e-06
48 5.59814e-06
49 5.59814e-06
50 5.59814e-06
51 5.59814e-06
52 5.59814e-06
53 5.59814e-06
54 5.59814e-06
55 5.59814e-06
56 5.59814e-06
57 5.59814e-06
58 5.59814e-06
59 5.59814e-06
60 5.59814e-06
61 5.59814e-06
62 5.59814e-06
63 5.59814e-06
64 5.59814e-06
65 5.59814e-06
66 5.59814e-06
67 5.59814e-06
68 5.59814e-06
69 5.59814e-06
70 5.59814e-06
71 5.59814e-06
72 5.59814e-06
73 5.59814e-06
74 5.59814e-06
75 5.59814e-06
76 5.59814e-06
77 5.5985e-06
78 5.59974e-06
79 5.60364e-06
80 5.61657e-06
81 5.65347e-06
82 5.75838e-06
83 6.06146e-06
84 6.9666e-06
85 9.74523e-06
86 1.83259e-05
87 4.43151e-05
88 0.00011996
89 0.000328691
90 0.000870212
91 0.00218487
92 0.00516405
93 0.0114601
94 0.0238719
95 0.0467174
96 0.0860258
97 0.149302
98 0.2446
99 0.378798
100 0.555423
101 0.772966
102 0.819012
103 0.86956
104 0.922821
105 0.977433
106 0.987506
107 0.997611
108 0.9994
109 0.9994
110 0.997618
111 0.987645
112 0.934375
113 0.883794
114 0.83764
115 0.618616
116 0.438942
117 0.299545
118 0.196796
119 0.124411
120 0.0754839
121 0.043763
122 0.0241221
123 0.0125819
124 0.00618802
125 0.00286369
126 0.00124671
127 0.000511871
128 0.000199813
129 7.58177e-05
130 2.96046e-05
131 1.33924e-05
132 8.01389e-06
133 6.31679e-06
134 5.80413e-06
135 5.65499e-06
136 5.6129e-06
137 5.60135e-06
138 5.5985e-06
139 5.59814e-06
140 5.59814e-06
141 5.59814e-06
142 5.59814e-06
143 5.59814e-06
144 5.59814e-06
145 5.59814e-06
146 5.59814e-06
147 5.59814e-06
148 5.59814e-06
149 5.59814e-06
150 5.59814e-06
151 5.59814e-06
152 5.59814e-06
153 5.59814e-06
154 5.59814e-06
155 5.59814e-06
156 5.59814e-06
157 5.59814e-06
158 5.59814e-06
159 5.59814e-06
160 5.59814e-06
161 5.59814e-06
162 5.59814e-06
163 5.59814e-06
164 5.59814e-06
165 5.59814e-06
166 5.59814e-06
167 5.59814e-06
168 5.59814e-06
169 5.59814e-06
170 5.59814e-06
171 5.59814e-06
172 5.59814e-06
173 5.59814e-06
174 5.59814e-06
175 5.59814e-06
176 5.59814e-06
177 5.59814e-06
178 5.59814e-06
179 5.59814e-06
180 5.59814e-06
181 5.59814e-06
182 5.59814e-06
183 5.59814e-06
184 5.59814e-06
185 5.59814e-06
186 5.59814e-06
187 5.59814e-06
188 5.59814e-06
189 5.59814e-06
190 5.59814e-06
191 5.59814e-06
192 5.59814e-06
193 5.59814e-06
194 5.59814e-06
195 5.59814e-06
196 5.59814e-06
197 5.59814e-06
198 5.59814e-06
199 5.59814e-06
200 5.59814e-06
201 5.59814e-06
202 5.59814e-06
203 5.59814e-06
204 5.59814e-06
205 5.59814e-06
206 5.59814e-06
207 5.59814e-06
208 5.59814e-06
209 5.59814e-06
210 5.59814e-06
211 5.59814e-06
212 5.59814e-06
213 5.59814e-06
214 5.59814e-06
