1 5.7428e-06
2 5.7428e-06
3 5.7428e-06
4 5.7428e-06
5 5.7428e-06
6 5.7428e-06
7 5.7428e-06
8 5.7428e-06
9 5.7428e-06
10 5.7428e-06
11 5.7428e-06
12 5.7428e-06
13 5.7428e-06
14 5.7428e-06
15 5.7428e-06
16 5.7428e-06
17 5.7428e-06
18 5.7428e-06
19 5.7428e-06
20 5.7428e-06
21 5.7428e-06
22 5.7428e-06
23 5.7428e-06
24 5.7428e-06
25 5.7428e-06
26 5.7428e-06
27 5.7428e-06
28 5.7428e-06
29 5.7428e-06
30 5.7428e-06
31 5.7428e-06
32 5.7428e-06
33 5.7428e-06
34 5.7428e-06
35 5.7428e-06
36 5.7428e-06
37 5.7428e-06
38 5.7428e-06
39 5.7428e-06
40 5.7428e-06
41 5.7428e-06
42 5.7428e-06
43 5.7428e-06
44 5.7428e-06
45 5.7428e-06
46 5.7428e-06
47 5.7428e-06
48 5.7428e-06
49 5.7428e-06
50 5.7428e-06
51 5.7428e-06
52 5.7428e-06
53 5.7428e-06
54 5.7428e-06
55 5.7428e-06
56 5.7428e-06
57 5.7428e-06
58 5.7428e-06
59 5.7428e-06
60 5.7428e-06
61 5.7428e-06
62 5.7428e-06
63 5.7428e-06
64 5.7428e-06
65 5.7428e-06
66 5.7428e-06
67 5.7428e-06
68 5.7428e-06
69 5.7428e-06
70 5.7428e-06
71 5.7428e-06
72 5.7428e-06
73 5.7428e-06
74 5.7428e-06
75 5.7428e-06
76 5.7428e-06
77 5.7431e-06
78 5.74417e-06
79 5.74745e-06
80 5.75857e-06
81 5.79079e-06
82 5.88225e-06
83 6.14499e-06
84 6.92467e-06
85 9.31006e-06
86 1.66872e-05
87 3.91628e-05
88 0.00010517
89 0.000289279
90 0.000772572
91 0.00196027
92 0.00468505
93 0.010514
94 0.0221424
95 0.0437944
96 0.081469
97 0.142786
98 0.236147
99 0.369059
100 0.545883
101 0.765907
102 0.812905
103 0.864878
104 0.919929
105 0.976555
106 0.987016
107 0.997517
108 0.999376
109 0.999377
110 0.997526
111 0.987184
112 0.932123
113 0.880108
114 0.832981
115 0.611224
116 0.430928
117 0.292246
118 0.190812
119 0.119846
120 0.0721957
121 0.0415216
122 0.0226825
123 0.0117159
124 0.00570246
125 0.00261075
126 0.00112443
127 0.000457
128 0.000176953
129 6.69869e-05
130 2.64701e-05
131 1.241e-05
132 7.79208e-06
133 6.348e-06
134 5.91515e-06
135 5.79004e-06
136 5.75492e-06
137 5.74533e-06
138 5.7431e-06
139 5.7428e-06
140 5.7428e-06
141 5.7428e-06
142 5.7428e-06
143 5.7428e-06
144 5.7428e-06
145 5.7428e-06
146 5.7428e-06
147 5.7428e-06
148 5.7428e-06
149 5.7428e-06
150 5.7428e-06
151 5.7428e-06
152 5.7428e-06
153 5.7428e-06
154 5.7428e-06
155 5.7428e-06
156 5.7428e-06
157 5.7428e-06
158 5.7428e-06
159 5.7428e-06
160 5.7428e-06
161 5.7428e-06
162 5.7428e-06
163 5.7428e-06
164 5.7428e-06
165 5.7428e-06
166 5.7428e-06
167 5.7428e-06
168 5.7428e-06
169 5.7428e-06
170 5.7428e-06
171 5.7428e-06
172 5.7428e-06
173 5.7428e-06
174 5.7428e-06
175 5.7428e-06
176 5.7428e-06
177 5.7428e-06
178 5.7428e-06
179 5.7428e-06
180 5.7428e-06
181 5.7428e-06
182 5.7428e-06
183 5.7428e-06
184 5.7428e-06
185 5.7428e-06
186 5.7428e-06
187 5.7428e-06
188 5.7428e-06
189 5.7428e-06
190 5.7428e-06
191 5.7428e-06
192 5.7428e-06
193 5.7428e-06
194 5.7428e-06
195 5.7428e-06
196 5.7428e-06
197 5.7428e-06
198 5.7428e-06
199 5.7428e-06
200 5.7428e-06
201 5.7428e-06
202 5.7428e-06
203 5.7428e-06
204 5.7428e-06
205 5.7428e-06
206 5.7428e-06
207 5.7428e-06
208 5.7428e-06
209 5.7428e-06
210 5.7428e-06
211 5.7428e-06
212 5.7428e-06
213 5.7428e-06
214 5.7428e-06
