1 6.88834e-06
2 6.88834e-06
3 6.88834e-06
4 6.88834e-06
5 6.88834e-06
6 6.88834e-06
7 6.88834e-06
8 6.88834e-06
9 6.88834e-06
10 6.88834e-06
11 6.88834e-06
12 6.88834e-06
13 6.88834e-06
14 6.88834e-06
15 6.88834e-06
16 6.88834e-06
17 6.88834e-06
18 6.88834e-06
19 6.88834e-06
20 6.88834e-06
21 6.88834e-06
22 6.88834e-06
23 6.88834e-06
24 6.88834e-06
25 6.88834e-06
26 6.88834e-06
27 6.88834e-06
28 6.88834e-06
29 6.88834e-06
30 6.88834e-06
31 6.88834e-06
32 6.88834e-06
33 6.88834e-06
34 6.88834e-06
35 6.88834e-06
36 6.88834e-06
37 6.88834e-06
38 6.88834e-06
39 6.88834e-06
40 6.88834e-06
41 6.88834e-06
42 6.88834e-06
43 6.88834e-06
44 6.88834e-06
45 6.88834e-06
46 6.88834e-06
47 6.88834e-06
48 6.88834e-06
49 6.88834e-06
50 6.88834e-06
51 6.88834e-06
52 6.88834e-06
53 6.88834e-06
54 6.88834e-06
55 6.88834e-06
56 6.88834e-06
57 6.88834e-06
58 6.88834e-06
59 6.88834e-06
60 6.88834e-06
61 6.88834e-06
62 6.88834e-06
63 6.88834e-06
64 6.88834e-06
65 6.88834e-06
66 6.88834e-06
67 6.88834e-06
68 6.88834e-06
69 6.88834e-06
70 6.88834e-06
71 6.88834e-06
72 6.88834e-06
73 6.88834e-06
74 6.88834e-06
75 6.88834e-06
76 6.88834e-06
77 6.88834e-06
78 6.88873e-06
79 6.89009e-06
80 6.89431e-06
81 6.90852e-06
82 6.94964e-06
83 7.06586e-06
84 7.39794e-06
85 8.37938e-06
86 1.13813e-05
87 2.06999e-05
88 4.9271e-05
89 0.000133798
90 0.000371281
91 0.000998791
92 0.00254951
93 0.00612289
94 0.0137921
95 0.0291239
96 0.0577035
97 0.107445
98 0.18836
99 0.311409
100 0.486225
101 0.718102
102 0.770648
103 0.831769
104 0.899063
105 0.970073
106 0.983377
107 0.996814
108 0.999199
109 0.999201
110 0.996848
111 0.983878
112 0.916541
113 0.855276
114 0.802362
115 0.56631
116 0.384368
117 0.251128
118 0.15783
119 0.0951281
120 0.0547219
121 0.0298824
122 0.0154165
123 0.00748752
124 0.00341697
125 0.00146524
126 0.000592148
127 0.000227609
128 8.53129e-05
129 3.32391e-05
130 1.53019e-05
131 9.45585e-06
132 7.64159e-06
133 7.10165e-06
134 6.94655e-06
135 6.90324e-06
136 6.89147e-06
137 6.88873e-06
138 6.88834e-06
139 6.88834e-06
140 6.88834e-06
141 6.88834e-06
142 6.88834e-06
143 6.88834e-06
144 6.88834e-06
145 6.88834e-06
146 6.88834e-06
147 6.88834e-06
148 6.88834e-06
149 6.88834e-06
150 6.88834e-06
151 6.88834e-06
152 6.88834e-06
153 6.88834e-06
154 6.88834e-06
155 6.88834e-06
156 6.88834e-06
157 6.88834e-06
158 6.88834e-06
159 6.88834e-06
160 6.88834e-06
161 6.88834e-06
162 6.88834e-06
163 6.88834e-06
164 6.88834e-06
165 6.88834e-06
166 6.88834e-06
167 6.88834e-06
168 6.88834e-06
169 6.88834e-06
170 6.88834e-06
171 6.88834e-06
172 6.88834e-06
173 6.88834e-06
174 6.88834e-06
175 6.88834e-06
176 6.88834e-06
177 6.88834e-06
178 6.88834e-06
179 6.88834e-06
180 6.88834e-06
181 6.88834e-06
182 6.88834e-06
183 6.88834e-06
184 6.88834e-06
185 6.88834e-06
186 6.88834e-06
187 6.88834e-06
188 6.88834e-06
189 6.88834e-06
190 6.88834e-06
191 6.88834e-06
192 6.88834e-06
193 6.88834e-06
194 6.88834e-06
195 6.88834e-06
196 6.88834e-06
197 6.88834e-06
198 6.88834e-06
199 6.88834e-06
200 6.88834e-06
201 6.88834e-06
202 6.88834e-06
203 6.88834e-06
204 6.88834e-06
205 6.88834e-06
206 6.88834e-06
207 6.88834e-06
208 6.88834e-06
209 6.88834e-06
210 6.88834e-06
211 6.88834e-06
212 6.88834e-06
213 6.88834e-06
214 6.88834e-06
