1 9.51051e-06
2 9.51051e-06
3 9.51051e-06
4 9.51051e-06
5 9.51051e-06
6 9.51051e-06
7 9.51051e-06
8 9.51051e-06
9 9.51051e-06
10 9.51051e-06
11 9.51051e-06
12 9.51051e-06
13 9.51051e-06
14 9.51051e-06
15 9.51051e-06
16 9.51051e-06
17 9.51051e-06
18 9.51051e-06
19 9.51051e-06
20 9.51051e-06
21 9.51051e-06
22 9.51051e-06
23 9.51051e-06
24 9.51051e-06
25 9.51051e-06
26 9.51051e-06
27 9.51051e-06
28 9.51051e-06
29 9.51051e-06
30 9.51051e-06
31 9.51051e-06
32 9.51051e-06
33 9.51051e-06
34 9.51051e-06
35 9.51051e-06
36 9.51051e-06
37 9.51051e-06
38 9.51051e-06
39 9.51051e-06
40 9.51051e-06
41 9.51051e-06
42 9.51051e-06
43 9.51051e-06
44 9.51051e-06
45 9.51051e-06
46 9.51051e-06
47 9.51051e-06
48 9.51051e-06
49 9.51051e-06
50 9.51051e-06
51 9.51051e-06
52 9.51051e-06
53 9.51051e-06
54 9.51051e-06
55 9.51051e-06
56 9.51051e-06
57 9.51051e-06
58 9.51051e-06
59 9.51051e-06
60 9.51051e-06
61 9.51051e-06
62 9.51051e-06
63 9.51051e-06
64 9.51051e-06
65 9.51051e-06
66 9.51051e-06
67 9.51051e-06
68 9.51051e-06
69 9.51051e-06
70 9.51051e-06
71 9.51051e-06
72 9.51051e-06
73 9.51051e-06
74 9.51051e-06
75 9.51051e-06
76 9.51051e-06
77 9.51051e-06
78 9.51051e-06
79 9.51082e-06
80 9.51218e-06
81 9.51614e-06
82 9.52844e-06
83 9.56602e-06
84 9.67188e-06
85 9.96872e-06
86 1.08222e-05
87 1.33793e-05
88 2.12995e-05
89 4.60035e-05
90 0.000121394
91 0.000341605
92 0.000948722
93 0.00251576
94 0.0062855
95 0.0147196
96 0.0322605
97 0.0661995
98 0.127381
99 0.230297
100 0.391957
101 0.629
102 0.688259
103 0.763816
104 0.853882
105 0.954965
106 0.974703
107 0.995106
108 0.998766
109 0.998778
110 0.995291
111 0.976815
112 0.886449
113 0.810159
114 0.749454
115 0.499581
116 0.320521
117 0.197558
118 0.11648
119 0.0653242
120 0.0346516
121 0.0173073
122 0.00811545
123 0.00356844
124 0.00147309
125 0.000573821
126 0.000213956
127 7.935e-05
128 3.21134e-05
129 1.64828e-05
130 1.15744e-05
131 1.01006e-05
132 9.67412e-06
133 9.55431e-06
134 9.52138e-06
135 9.51244e-06
136 9.51082e-06
137 9.51051e-06
138 9.51051e-06
139 9.51051e-06
140 9.51051e-06
141 9.51051e-06
142 9.51051e-06
143 9.51051e-06
144 9.51051e-06
145 9.51051e-06
146 9.51051e-06
147 9.51051e-06
148 9.51051e-06
149 9.51051e-06
150 9.51051e-06
151 9.51051e-06
152 9.51051e-06
153 9.51051e-06
154 9.51051e-06
155 9.51051e-06
156 9.51051e-06
157 9.51051e-06
158 9.51051e-06
159 9.51051e-06
160 9.51051e-06
161 9.51051e-06
162 9.51051e-06
163 9.51051e-06
164 9.51051e-06
165 9.51051e-06
166 9.51051e-06
167 9.51051e-06
168 9.51051e-06
169 9.51051e-06
170 9.51051e-06
171 9.51051e-06
172 9.51051e-06
173 9.51051e-06
174 9.51051e-06
175 9.51051e-06
176 9.51051e-06
177 9.51051e-06
178 9.51051e-06
179 9.51051e-06
180 9.51051e-06
181 9.51051e-06
182 9.51051e-06
183 9.51051e-06
184 9.51051e-06
185 9.51051e-06
186 9.51051e-06
187 9.51051e-06
188 9.51051e-06
189 9.51051e-06
190 9.51051e-06
191 9.51051e-06
192 9.51051e-06
193 9.51051e-06
194 9.51051e-06
195 9.51051e-06
196 9.51051e-06
197 9.51051e-06
198 9.51051e-06
199 9.51051e-06
200 9.51051e-06
201 9.51051e-06
202 9.51051e-06
203 9.51051e-06
204 9.51051e-06
205 9.51051e-06
206 9.51051e-06
207 9.51051e-06
208 9.51051e-06
209 9.51051e-06
210 9.51051e-06
211 9.51051e-06
212 9.51051e-06
213 9.51051e-06
214 9.51051e-06
