1 9.899e-06
2 9.899e-06
3 9.899e-06
4 9.899e-06
5 9.899e-06
6 9.899e-06
7 9.899e-06
8 9.899e-06
9 9.899e-06
10 9.899e-06
11 9.899e-06
12 9.899e-06
13 9.899e-06
14 9.899e-06
15 9.899e-06
16 9.899e-06
17 9.899e-06
18 9.899e-06
19 9.899e-06
20 9.899e-06
21 9.899e-06
22 9.899e-06
23 9.899e-06
24 9.899e-06
25 9.899e-06
26 9.899e-06
27 9.899e-06
28 9.899e-06
29 9.899e-06
30 9.899e-06
31 9.899e-06
32 9.899e-06
33 9.899e-06
34 9.899e-06
35 9.899e-06
36 9.899e-06
37 9.899e-06
38 9.899e-06
39 9.899e-06
40 9.899e-06
41 9.899e-06
42 9.899e-06
43 9.899e-06
44 9.899e-06
45 9.899e-06
46 9.899e-06
47 9.899e-06
48 9.899e-06
49 9.899e-06
50 9.899e-06
51 9.899e-06
52 9.899e-06
53 9.899e-06
54 9.899e-06
55 9.899e-06
56 9.899e-06
57 9.899e-06
58 9.899e-06
59 9.899e-06
60 9.899e-06
61 9.899e-06
62 9.899e-06
63 9.899e-06
64 9.899e-06
65 9.899e-06
66 9.899e-06
67 9.899e-06
68 9.899e-06
69 9.899e-06
70 9.899e-06
71 9.899e-06
72 9.899e-06
73 9.899e-06
74 9.899e-06
75 9.899e-06
76 9.899e-06
77 9.899e-06
78 9.899e-06
79 9.89927e-06
80 9.90044e-06
81 9.9039e-06
82 9.91432e-06
83 9.94732e-06
84 1.00408e-05
85 1.03033e-05
86 1.10533e-05
87 1.32836e-05
88 2.01645e-05
89 4.16633e-05
90 0.000107705
91 0.000302505
92 0.000845817
93 0.0022658
94 0.005726
95 0.0135679
96 0.0300848
97 0.0624363
98 0.12145
99 0.221861
100 0.381376
101 0.617926
102 0.677732
103 0.75483
104 0.84767
105 0.952761
106 0.973412
107 0.994847
108 0.998699
109 0.998714
110 0.995067
111 0.975855
112 0.88265
113 0.804687
114 0.743222
115 0.492342
116 0.313871
117 0.19212
118 0.112387
119 0.0624685
120 0.0328101
121 0.0162134
122 0.0075179
123 0.00326829
124 0.0013343
125 0.000514664
126 0.000190728
127 7.10169e-05
128 2.94863e-05
129 1.58881e-05
130 1.16579e-05
131 1.03979e-05
132 1.0036e-05
133 9.935e-06
134 9.90751e-06
135 9.90044e-06
136 9.89927e-06
137 9.899e-06
138 9.899e-06
139 9.899e-06
140 9.899e-06
141 9.899e-06
142 9.899e-06
143 9.899e-06
144 9.899e-06
145 9.899e-06
146 9.899e-06
147 9.899e-06
148 9.899e-06
149 9.899e-06
150 9.899e-06
151 9.899e-06
152 9.899e-06
153 9.899e-06
154 9.899e-06
155 9.899e-06
156 9.899e-06
157 9.899e-06
158 9.899e-06
159 9.899e-06
160 9.899e-06
161 9.899e-06
162 9.899e-06
163 9.899e-06
164 9.899e-06
165 9.899e-06
166 9.899e-06
167 9.899e-06
168 9.899e-06
169 9.899e-06
170 9.899e-06
171 9.899e-06
172 9.899e-06
173 9.899e-06
174 9.899e-06
175 9.899e-06
176 9.899e-06
177 9.899e-06
178 9.899e-06
179 9.899e-06
180 9.899e-06
181 9.899e-06
182 9.899e-06
183 9.899e-06
184 9.899e-06
185 9.899e-06
186 9.899e-06
187 9.899e-06
188 9.899e-06
189 9.899e-06
190 9.899e-06
191 9.899e-06
192 9.899e-06
193 9.899e-06
194 9.899e-06
195 9.899e-06
196 9.899e-06
197 9.899e-06
198 9.899e-06
199 9.899e-06
200 9.899e-06
201 9.899e-06
202 9.899e-06
203 9.899e-06
204 9.899e-06
205 9.899e-06
206 9.899e-06
207 9.899e-06
208 9.899e-06
209 9.899e-06
210 9.899e-06
211 9.899e-06
212 9.899e-06
213 9.899e-06
214 9.899e-06
