1 1.16979e-05
2 1.16979e-05
3 1.16979e-05
4 1.16979e-05
5 1.16979e-05
6 1.16979e-05
7 1.16979e-05
8 1.16979e-05
9 1.16979e-05
10 1.16979e-05
11 1.16979e-05
12 1.16979e-05
13 1.16979e-05
14 1.16979e-05
15 1.16979e-05
16 1.16979e-05
17 1.16979e-05
18 1.16979e-05
19 1.16979e-05
20 1.16979e-05
21 1.16979e-05
22 1.16979e-05
23 1.16979e-05
24 1.16979e-05
25 1.16979e-05
26 1.16979e-05
27 1.16979e-05
28 1.16979e-05
29 1.16979e-05
30 1.16979e-05
31 1.16979e-05
32 1.16979e-05
33 1.16979e-05
34 1.16979e-05
35 1.16979e-05
36 1.16979e-05
37 1.16979e-05
38 1.16979e-05
39 1.16979e-05
40 1.16979e-05
41 1.16979e-05
42 1.16979e-05
43 1.16979e-05
44 1.16979e-05
45 1.16979e-05
46 1.16979e-05
47 1.16979e-05
48 1.16979e-05
49 1.16979e-05
50 1.16979e-05
51 1.16979e-05
52 1.16979e-05
53 1.16979e-05
54 1.16979e-05
55 1.16979e-05
56 1.16979e-05
57 1.16979e-05
58 1.16979e-05
59 1.16979e-05
60 1.16979e-05
61 1.16979e-05
62 1.16979e-05
63 1.16979e-05
64 1.16979e-05
65 1.16979e-05
66 1.16979e-05
67 1.16979e-05
68 1.16979e-05
69 1.16979e-05
70 1.16979e-05
71 1.16979e-05
72 1.16979e-05
73 1.16979e-05
74 1.16979e-05
75 1.16979e-05
76 1.16979e-05
77 1.16979e-05
78 1.16979e-05
79 1.16979e-05
80 1.16984e-05
81 1.17002e-05
82 1.17061e-05
83 1.1726e-05
84 1.17842e-05
85 1.1948e-05
86 1.24065e-05
87 1.37268e-05
88 1.76991e-05
89 3.00584e-05
90 6.87179e-05
91 0.000186726
92 0.000530643
93 0.00147468
94 0.00389643
95 0.00967788
96 0.0224979
97 0.0488972
98 0.099434
99 0.189523
100 0.339305
101 0.571711
102 0.633197
103 0.716103
104 0.820267
105 0.942648
106 0.967407
107 0.993618
108 0.99838
109 0.998413
110 0.994044
111 0.971646
112 0.866709
113 0.782177
114 0.717903
115 0.463815
116 0.288022
117 0.171217
118 0.0968733
119 0.0518577
120 0.0261349
121 0.0123585
122 0.00547509
123 0.0022739
124 0.000888951
125 0.000330968
126 0.000121124
127 4.71879e-05
128 2.2657e-05
129 1.49426e-05
130 1.26253e-05
131 1.19549e-05
132 1.17668e-05
133 1.17153e-05
134 1.17016e-05
135 1.16984e-05
136 1.16979e-05
137 1.16979e-05
138 1.16979e-05
139 1.16979e-05
140 1.16979e-05
141 1.16979e-05
142 1.16979e-05
143 1.16979e-05
144 1.16979e-05
145 1.16979e-05
146 1.16979e-05
147 1.16979e-05
148 1.16979e-05
149 1.16979e-05
150 1.16979e-05
151 1.16979e-05
152 1.16979e-05
153 1.16979e-05
154 1.16979e-05
155 1.16979e-05
156 1.16979e-05
157 1.16979e-05
158 1.16979e-05
159 1.16979e-05
160 1.16979e-05
161 1.16979e-05
162 1.16979e-05
163 1.16979e-05
164 1.16979e-05
165 1.16979e-05
166 1.16979e-05
167 1.16979e-05
168 1.16979e-05
169 1.16979e-05
170 1.16979e-05
171 1.16979e-05
172 1.16979e-05
173 1.16979e-05
174 1.16979e-05
175 1.16979e-05
176 1.16979e-05
177 1.16979e-05
178 1.16979e-05
179 1.16979e-05
180 1.16979e-05
181 1.16979e-05
182 1.16979e-05
183 1.16979e-05
184 1.16979e-05
185 1.16979e-05
186 1.16979e-05
187 1.16979e-05
188 1.16979e-05
189 1.16979e-05
190 1.16979e-05
191 1.16979e-05
192 1.16979e-05
193 1.16979e-05
194 1.16979e-05
195 1.16979e-05
196 1.16979e-05
197 1.16979e-05
198 1.16979e-05
199 1.16979e-05
200 1.16979e-05
201 1.16979e-05
202 1.16979e-05
203 1.16979e-05
204 1.16979e-05
205 1.16979e-05
206 1.16979e-05
207 1.16979e-05
208 1.16979e-05
209 1.16979e-05
210 1.16979e-05
211 1.16979e-05
212 1.16979e-05
213 1.16979e-05
214 1.16979e-05
