1 1.2765e-05
2 1.2765e-05
3 1.2765e-05
4 1.2765e-05
5 1.2765e-05
6 1.2765e-05
7 1.2765e-05
8 1.2765e-05
9 1.2765e-05
10 1.2765e-05
11 1.2765e-05
12 1.2765e-05
13 1.2765e-05
14 1.2765e-05
15 1.2765e-05
16 1.2765e-05
17 1.2765e-05
18 1.2765e-05
19 1.2765e-05
20 1.2765e-05
21 1.2765e-05
22 1.2765e-05
23 1.2765e-05
24 1.2765e-05
25 1.2765e-05
26 1.2765e-05
27 1.2765e-05
28 1.2765e-05
29 1.2765e-05
30 1.2765e-05
31 1.2765e-05
32 1.2765e-05
33 1.2765e-05
34 1.2765e-05
35 1.2765e-05
36 1.2765e-05
37 1.2765e-05
38 1.2765e-05
39 1.2765e-05
40 1.2765e-05
41 1.2765e-05
42 1.2765e-05
43 1.2765e-05
44 1.2765e-05
45 1.2765e-05
46 1.2765e-05
47 1.2765e-05
48 1.2765e-05
49 1.2765e-05
50 1.2765e-05
51 1.2765e-05
52 1.2765e-05
53 1.2765e-05
54 1.2765e-05
55 1.2765e-05
56 1.2765e-05
57 1.2765e-05
58 1.2765e-05
59 1.2765e-05
60 1.2765e-05
61 1.2765e-05
62 1.2765e-05
63 1.2765e-05
64 1.2765e-05
65 1.2765e-05
66 1.2765e-05
67 1.2765e-05
68 1.2765e-05
69 1.2765e-05
70 1.2765e-05
71 1.2765e-05
72 1.2765e-05
73 1.2765e-05
74 1.2765e-05
75 1.2765e-05
76 1.2765e-05
77 1.2765e-05
78 1.2765e-05
79 1.2765e-05
80 1.27654e-05
81 1.2767e-05
82 1.27718e-05
83 1.27869e-05
84 1.2833e-05
85 1.29632e-05
86 1.33264e-05
87 1.43573e-05
88 1.74082e-05
89 2.68178e-05
90 5.63446e-05
91 0.000147689
92 0.000419275
93 0.00118261
94 0.00319135
95 0.00811409
96 0.0193194
97 0.0429932
98 0.0894491
99 0.174261
100 0.318564
101 0.547626
102 0.609625
103 0.695154
104 0.805021
105 0.936737
106 0.963833
107 0.992867
108 0.998181
109 0.998228
110 0.99345
111 0.96932
112 0.85835
113 0.770633
114 0.705083
115 0.449789
116 0.275492
117 0.161225
118 0.0896054
119 0.0470203
120 0.0231908
121 0.0107202
122 0.00464052
123 0.00188394
124 0.000721497
125 0.000264881
126 9.73314e-05
127 3.9657e-05
128 2.09267e-05
129 1.51466e-05
130 1.34378e-05
131 1.29498e-05
132 1.28142e-05
133 1.27772e-05
134 1.27672e-05
135 1.27654e-05
136 1.2765e-05
137 1.2765e-05
138 1.2765e-05
139 1.2765e-05
140 1.2765e-05
141 1.2765e-05
142 1.2765e-05
143 1.2765e-05
144 1.2765e-05
145 1.2765e-05
146 1.2765e-05
147 1.2765e-05
148 1.2765e-05
149 1.2765e-05
150 1.2765e-05
151 1.2765e-05
152 1.2765e-05
153 1.2765e-05
154 1.2765e-05
155 1.2765e-05
156 1.2765e-05
157 1.2765e-05
158 1.2765e-05
159 1.2765e-05
160 1.2765e-05
161 1.2765e-05
162 1.2765e-05
163 1.2765e-05
164 1.2765e-05
165 1.2765e-05
166 1.2765e-05
167 1.2765e-05
168 1.2765e-05
169 1.2765e-05
170 1.2765e-05
171 1.2765e-05
172 1.2765e-05
173 1.2765e-05
174 1.2765e-05
175 1.2765e-05
176 1.2765e-05
177 1.2765e-05
178 1.2765e-05
179 1.2765e-05
180 1.2765e-05
181 1.2765e-05
182 1.2765e-05
183 1.2765e-05
184 1.2765e-05
185 1.2765e-05
186 1.2765e-05
187 1.2765e-05
188 1.2765e-05
189 1.2765e-05
190 1.2765e-05
191 1.2765e-05
192 1.2765e-05
193 1.2765e-05
194 1.2765e-05
195 1.2765e-05
196 1.2765e-05
197 1.2765e-05
198 1.2765e-05
199 1.2765e-05
200 1.2765e-05
201 1.2765e-05
202 1.2765e-05
203 1.2765e-05
204 1.2765e-05
205 1.2765e-05
206 1.2765e-05
207 1.2765e-05
208 1.2765e-05
209 1.2765e-05
210 1.2765e-05
211 1.2765e-05
212 1.2765e-05
213 1.2765e-05
214 1.2765e-05
