1 1.33536e-05
2 1.33536e-05
3 1.33536e-05
4 1.33536e-05
5 1.33536e-05
6 1.33536e-05
7 1.33536e-05
8 1.33536e-05
9 1.33536e-05
10 1.33536e-05
11 1.33536e-05
12 1.33536e-05
13 1.33536e-05
14 1.33536e-05
15 1.33536e-05
16 1.33536e-05
17 1.33536e-05
18 1.33536e-05
19 1.33536e-05
20 1.33536e-05
21 1.33536e-05
22 1.33536e-05
23 1.33536e-05
24 1.33536e-05
25 1.33536e-05
26 1.33536e-05
27 1.33536e-05
28 1.33536e-05
29 1.33536e-05
30 1.33536e-05
31 1.33536e-05
32 1.33536e-05
33 1.33536e-05
34 1.33536e-05
35 1.33536e-05
36 1.33536e-05
37 1.33536e-05
38 1.33536e-05
39 1.33536e-05
40 1.33536e-05
41 1.33536e-05
42 1.33536e-05
43 1.33536e-05
44 1.33536e-05
45 1.33536e-05
46 1.33536e-05
47 1.33536e-05
48 1.33536e-05
49 1.33536e-05
50 1.33536e-05
51 1.33536e-05
52 1.33536e-05
53 1.33536e-05
54 1.33536e-05
55 1.33536e-05
56 1.33536e-05
57 1.33536e-05
58 1.33536e-05
59 1.33536e-05
60 1.33536e-05
61 1.33536e-05
62 1.33536e-05
63 1.33536e-05
64 1.33536e-05
65 1.33536e-05
66 1.33536e-05
67 1.33536e-05
68 1.33536e-05
69 1.33536e-05
70 1.33536e-05
71 1.33536e-05
72 1.33536e-05
73 1.33536e-05
74 1.33536e-05
75 1.33536e-05
76 1.33536e-05
77 1.33536e-05
78 1.33536e-05
79 1.33536e-05
80 1.3354e-05
81 1.33553e-05
82 1.33595e-05
83 1.33724e-05
84 1.34132e-05
85 1.35293e-05
86 1.38534e-05
87 1.47679e-05
88 1.74506e-05
89 2.56758e-05
90 5.14834e-05
91 0.000131763
92 0.00037269
93 0.0010577
94 0.00288322
95 0.00741599
96 0.0178706
97 0.0402464
98 0.0847102
99 0.16687
100 0.308301
101 0.535386
102 0.597557
103 0.684311
104 0.797015
105 0.933548
106 0.961886
107 0.99245
108 0.998068
109 0.998124
110 0.993129
111 0.968102
112 0.854088
113 0.764807
114 0.698646
115 0.442825
116 0.269309
117 0.156334
118 0.0860887
119 0.0447147
120 0.0218122
121 0.00996772
122 0.00426483
123 0.001712
124 0.000649216
125 0.000237
126 8.75785e-05
127 3.67311e-05
128 2.03891e-05
129 1.53916e-05
130 1.39253e-05
131 1.35093e-05
132 1.33943e-05
133 1.33633e-05
134 1.33553e-05
135 1.3354e-05
136 1.33536e-05
137 1.33536e-05
138 1.33536e-05
139 1.33536e-05
140 1.33536e-05
141 1.33536e-05
142 1.33536e-05
143 1.33536e-05
144 1.33536e-05
145 1.33536e-05
146 1.33536e-05
147 1.33536e-05
148 1.33536e-05
149 1.33536e-05
150 1.33536e-05
151 1.33536e-05
152 1.33536e-05
153 1.33536e-05
154 1.33536e-05
155 1.33536e-05
156 1.33536e-05
157 1.33536e-05
158 1.33536e-05
159 1.33536e-05
160 1.33536e-05
161 1.33536e-05
162 1.33536e-05
163 1.33536e-05
164 1.33536e-05
165 1.33536e-05
166 1.33536e-05
167 1.33536e-05
168 1.33536e-05
169 1.33536e-05
170 1.33536e-05
171 1.33536e-05
172 1.33536e-05
173 1.33536e-05
174 1.33536e-05
175 1.33536e-05
176 1.33536e-05
177 1.33536e-05
178 1.33536e-05
179 1.33536e-05
180 1.33536e-05
181 1.33536e-05
182 1.33536e-05
183 1.33536e-05
184 1.33536e-05
185 1.33536e-05
186 1.33536e-05
187 1.33536e-05
188 1.33536e-05
189 1.33536e-05
190 1.33536e-05
191 1.33536e-05
192 1.33536e-05
193 1.33536e-05
194 1.33536e-05
195 1.33536e-05
196 1.33536e-05
197 1.33536e-05
198 1.33536e-05
199 1.33536e-05
200 1.33536e-05
201 1.33536e-05
202 1.33536e-05
203 1.33536e-05
204 1.33536e-05
205 1.33536e-05
206 1.33536e-05
207 1.33536e-05
208 1.33536e-05
209 1.33536e-05
210 1.33536e-05
211 1.33536e-05
212 1.33536e-05
213 1.33536e-05
214 1.33536e-05
