1 1.39793e-05
2 1.39793e-05
3 1.39793e-05
4 1.39793e-05
5 1.39793e-05
6 1.39793e-05
7 1.39793e-05
8 1.39793e-05
9 1.39793e-05
10 1.39793e-05
11 1.39793e-05
12 1.39793e-05
13 1.39793e-05
14 1.39793e-05
15 1.39793e-05
16 1.39793e-05
17 1.39793e-05
18 1.39793e-05
19 1.39793e-05
20 1.39793e-05
21 1.39793e-05
22 1.39793e-05
23 1.39793e-05
24 1.39793e-05
25 1.39793e-05
26 1.39793e-05
27 1.39793e-05
28 1.39793e-05
29 1.39793e-05
30 1.39793e-05
31 1.39793e-05
32 1.39793e-05
33 1.39793e-05
34 1.39793e-05
35 1.39793e-05
36 1.39793e-05
37 1.39793e-05
38 1.39793e-05
39 1.39793e-05
40 1.39793e-05
41 1.39793e-05
42 1.39793e-05
43 1.39793e-05
44 1.39793e-05
45 1.39793e-05
46 1.39793e-05
47 1.39793e-05
48 1.39793e-05
49 1.39793e-05
50 1.39793e-05
51 1.39793e-05
52 1.39793e-05
53 1.39793e-05
54 1.39793e-05
55 1.39793e-05
56 1.39793e-05
57 1.39793e-05
58 1.39793e-05
59 1.39793e-05
60 1.39793e-05
61 1.39793e-05
62 1.39793e-05
63 1.39793e-05
64 1.39793e-05
65 1.39793e-05
66 1.39793e-05
67 1.39793e-05
68 1.39793e-05
69 1.39793e-05
70 1.39793e-05
71 1.39793e-05
72 1.39793e-05
73 1.39793e-05
74 1.39793e-05
75 1.39793e-05
76 1.39793e-05
77 1.39793e-05
78 1.39793e-05
79 1.39793e-05
80 1.39796e-05
81 1.39808e-05
82 1.39845e-05
83 1.39959e-05
84 1.40321e-05
85 1.41358e-05
86 1.44256e-05
87 1.52387e-05
88 1.76034e-05
89 2.4804e-05
90 4.73684e-05
91 0.000117885
92 0.000331383
93 0.000945278
94 0.00260192
95 0.00676962
96 0.0165103
97 0.037632
98 0.0801389
99 0.159646
100 0.298124
101 0.523036
102 0.58532
103 0.673237
104 0.788755
105 0.930198
106 0.959824
107 0.992003
108 0.997945
109 0.998012
110 0.992792
111 0.966847
112 0.849775
113 0.758948
114 0.692194
115 0.435889
116 0.263177
117 0.15151
118 0.0826491
119 0.0424834
120 0.020494
121 0.00925751
122 0.00391503
123 0.00155409
124 0.000583772
125 0.000212146
126 7.9063e-05
127 3.42862e-05
128 2.00417e-05
129 1.57238e-05
130 1.44661e-05
131 1.41113e-05
132 1.40137e-05
133 1.39875e-05
134 1.39808e-05
135 1.39796e-05
136 1.39793e-05
137 1.39793e-05
138 1.39793e-05
139 1.39793e-05
140 1.39793e-05
141 1.39793e-05
142 1.39793e-05
143 1.39793e-05
144 1.39793e-05
145 1.39793e-05
146 1.39793e-05
147 1.39793e-05
148 1.39793e-05
149 1.39793e-05
150 1.39793e-05
151 1.39793e-05
152 1.39793e-05
153 1.39793e-05
154 1.39793e-05
155 1.39793e-05
156 1.39793e-05
157 1.39793e-05
158 1.39793e-05
159 1.39793e-05
160 1.39793e-05
161 1.39793e-05
162 1.39793e-05
163 1.39793e-05
164 1.39793e-05
165 1.39793e-05
166 1.39793e-05
167 1.39793e-05
168 1.39793e-05
169 1.39793e-05
170 1.39793e-05
171 1.39793e-05
172 1.39793e-05
173 1.39793e-05
174 1.39793e-05
175 1.39793e-05
176 1.39793e-05
177 1.39793e-05
178 1.39793e-05
179 1.39793e-05
180 1.39793e-05
181 1.39793e-05
182 1.39793e-05
183 1.39793e-05
184 1.39793e-05
185 1.39793e-05
186 1.39793e-05
187 1.39793e-05
188 1.39793e-05
189 1.39793e-05
190 1.39793e-05
191 1.39793e-05
192 1.39793e-05
193 1.39793e-05
194 1.39793e-05
195 1.39793e-05
196 1.39793e-05
197 1.39793e-05
198 1.39793e-05
199 1.39793e-05
200 1.39793e-05
201 1.39793e-05
202 1.39793e-05
203 1.39793e-05
204 1.39793e-05
205 1.39793e-05
206 1.39793e-05
207 1.39793e-05
208 1.39793e-05
209 1.39793e-05
210 1.39793e-05
211 1.39793e-05
212 1.39793e-05
213 1.39793e-05
214 1.39793e-05
