1 1.53529e-05
2 1.53529e-05
3 1.53529e-05
4 1.53529e-05
5 1.53529e-05
6 1.53529e-05
7 1.53529e-05
8 1.53529e-05
9 1.53529e-05
10 1.53529e-05
11 1.53529e-05
12 1.53529e-05
13 1.53529e-05
14 1.53529e-05
15 1.53529e-05
16 1.53529e-05
17 1.53529e-05
18 1.53529e-05
19 1.53529e-05
20 1.53529e-05
21 1.53529e-05
22 1.53529e-05
23 1.53529e-05
24 1.53529e-05
25 1.53529e-05
26 1.53529e-05
27 1.53529e-05
28 1.53529e-05
29 1.53529e-05
30 1.53529e-05
31 1.53529e-05
32 1.53529e-05
33 1.53529e-05
34 1.53529e-05
35 1.53529e-05
36 1.53529e-05
37 1.53529e-05
38 1.53529e-05
39 1.53529e-05
40 1.53529e-05
41 1.53529e-05
42 1.53529e-05
43 1.53529e-05
44 1.53529e-05
45 1.53529e-05
46 1.53529e-05
47 1.53529e-05
48 1.53529e-05
49 1.53529e-05
50 1.53529e-05
51 1.53529e-05
52 1.53529e-05
53 1.53529e-05
54 1.53529e-05
55 1.53529e-05
56 1.53529e-05
57 1.53529e-05
58 1.53529e-05
59 1.53529e-05
60 1.53529e-05
61 1.53529e-05
62 1.53529e-05
63 1.53529e-05
64 1.53529e-05
65 1.53529e-05
66 1.53529e-05
67 1.53529e-05
68 1.53529e-05
69 1.53529e-05
70 1.53529e-05
71 1.53529e-05
72 1.53529e-05
73 1.53529e-05
74 1.53529e-05
75 1.53529e-05
76 1.53529e-05
77 1.53529e-05
78 1.53529e-05
79 1.53529e-05
80 1.53529e-05
81 1.53536e-05
82 1.53562e-05
83 1.53649e-05
84 1.53934e-05
85 1.54761e-05
86 1.57086e-05
87 1.6356e-05
88 1.82076e-05
89 2.3756e-05
90 4.10373e-05
91 9.53833e-05
92 0.000262542
93 0.000753685
94 0.00211219
95 0.00562035
96 0.0140405
97 0.0327868
98 0.071494
99 0.145704
100 0.278062
101 0.498057
102 0.560392
103 0.650435
104 0.77149
105 0.922985
106 0.955333
107 0.991005
108 0.997659
109 0.997753
110 0.992057
111 0.964221
112 0.841004
113 0.74714
114 0.679241
115 0.42208
116 0.251045
117 0.142057
118 0.0759989
119 0.0382405
120 0.0180337
121 0.00795782
122 0.00328773
123 0.0012767
124 0.000471236
125 0.000170418
126 6.52477e-05
127 3.06405e-05
128 1.98468e-05
129 1.66295e-05
130 1.5705e-05
131 1.54471e-05
132 1.53769e-05
133 1.53582e-05
134 1.53536e-05
135 1.53529e-05
136 1.53529e-05
137 1.53529e-05
138 1.53529e-05
139 1.53529e-05
140 1.53529e-05
141 1.53529e-05
142 1.53529e-05
143 1.53529e-05
144 1.53529e-05
145 1.53529e-05
146 1.53529e-05
147 1.53529e-05
148 1.53529e-05
149 1.53529e-05
150 1.53529e-05
151 1.53529e-05
152 1.53529e-05
153 1.53529e-05
154 1.53529e-05
155 1.53529e-05
156 1.53529e-05
157 1.53529e-05
158 1.53529e-05
159 1.53529e-05
160 1.53529e-05
161 1.53529e-05
162 1.53529e-05
163 1.53529e-05
164 1.53529e-05
165 1.53529e-05
166 1.53529e-05
167 1.53529e-05
168 1.53529e-05
169 1.53529e-05
170 1.53529e-05
171 1.53529e-05
172 1.53529e-05
173 1.53529e-05
174 1.53529e-05
175 1.53529e-05
176 1.53529e-05
177 1.53529e-05
178 1.53529e-05
179 1.53529e-05
180 1.53529e-05
181 1.53529e-05
182 1.53529e-05
183 1.53529e-05
184 1.53529e-05
185 1.53529e-05
186 1.53529e-05
187 1.53529e-05
188 1.53529e-05
189 1.53529e-05
190 1.53529e-05
191 1.53529e-05
192 1.53529e-05
193 1.53529e-05
194 1.53529e-05
195 1.53529e-05
196 1.53529e-05
197 1.53529e-05
198 1.53529e-05
199 1.53529e-05
200 1.53529e-05
201 1.53529e-05
202 1.53529e-05
203 1.53529e-05
204 1.53529e-05
205 1.53529e-05
206 1.53529e-05
207 1.53529e-05
208 1.53529e-05
209 1.53529e-05
210 1.53529e-05
211 1.53529e-05
212 1.53529e-05
213 1.53529e-05
214 1.53529e-05
