1 1.61067e-05
2 1.61067e-05
3 1.61067e-05
4 1.61067e-05
5 1.61067e-05
6 1.61067e-05
7 1.61067e-05
8 1.61067e-05
9 1.61067e-05
10 1.61067e-05
11 1.61067e-05
12 1.61067e-05
13 1.61067e-05
14 1.61067e-05
15 1.61067e-05
16 1.61067e-05
17 1.61067e-05
18 1.61067e-05
19 1.61067e-05
20 1.61067e-05
21 1.61067e-05
22 1.61067e-05
23 1.61067e-05
24 1.61067e-05
25 1.61067e-05
26 1.61067e-05
27 1.61067e-05
28 1.61067e-05
29 1.61067e-05
30 1.61067e-05
31 1.61067e-05
32 1.61067e-05
33 1.61067e-05
34 1.61067e-05
35 1.61067e-05
36 1.61067e-05
37 1.61067e-05
38 1.61067e-05
39 1.61067e-05
40 1.61067e-05
41 1.61067e-05
42 1.61067e-05
43 1.61067e-05
44 1.61067e-05
45 1.61067e-05
46 1.61067e-05
47 1.61067e-05
48 1.61067e-05
49 1.61067e-05
50 1.61067e-05
51 1.61067e-05
52 1.61067e-05
53 1.61067e-05
54 1.61067e-05
55 1.61067e-05
56 1.61067e-05
57 1.61067e-05
58 1.61067e-05
59 1.61067e-05
60 1.61067e-05
61 1.61067e-05
62 1.61067e-05
63 1.61067e-05
64 1.61067e-05
65 1.61067e-05
66 1.61067e-05
67 1.61067e-05
68 1.61067e-05
69 1.61067e-05
70 1.61067e-05
71 1.61067e-05
72 1.61067e-05
73 1.61067e-05
74 1.61067e-05
75 1.61067e-05
76 1.61067e-05
77 1.61067e-05
78 1.61067e-05
79 1.61067e-05
80 1.61067e-05
81 1.61073e-05
82 1.61095e-05
83 1.6117e-05
84 1.6142e-05
85 1.6216e-05
86 1.64245e-05
87 1.7004e-05
88 1.8649e-05
89 2.35346e-05
90 3.86789e-05
91 8.63763e-05
92 0.000234093
93 0.000672576
94 0.00190018
95 0.00511181
96 0.0129237
97 0.0305489
98 0.0674172
99 0.138992
100 0.268194
101 0.485458
102 0.547731
103 0.638729
104 0.762491
105 0.919111
106 0.952889
107 0.990444
108 0.997489
109 0.997601
110 0.991655
111 0.962846
112 0.836547
113 0.741189
114 0.672736
115 0.415195
116 0.245038
117 0.137426
118 0.0727877
119 0.0362273
120 0.0168888
121 0.00736524
122 0.00300766
123 0.00115549
124 0.000423155
125 0.000153052
126 5.97332e-05
127 2.93574e-05
128 1.99733e-05
129 1.71985e-05
130 1.64062e-05
131 1.61864e-05
132 1.61267e-05
133 1.61109e-05
134 1.61073e-05
135 1.61067e-05
136 1.61067e-05
137 1.61067e-05
138 1.61067e-05
139 1.61067e-05
140 1.61067e-05
141 1.61067e-05
142 1.61067e-05
143 1.61067e-05
144 1.61067e-05
145 1.61067e-05
146 1.61067e-05
147 1.61067e-05
148 1.61067e-05
149 1.61067e-05
150 1.61067e-05
151 1.61067e-05
152 1.61067e-05
153 1.61067e-05
154 1.61067e-05
155 1.61067e-05
156 1.61067e-05
157 1.61067e-05
158 1.61067e-05
159 1.61067e-05
160 1.61067e-05
161 1.61067e-05
162 1.61067e-05
163 1.61067e-05
164 1.61067e-05
165 1.61067e-05
166 1.61067e-05
167 1.61067e-05
168 1.61067e-05
169 1.61067e-05
170 1.61067e-05
171 1.61067e-05
172 1.61067e-05
173 1.61067e-05
174 1.61067e-05
175 1.61067e-05
176 1.61067e-05
177 1.61067e-05
178 1.61067e-05
179 1.61067e-05
180 1.61067e-05
181 1.61067e-05
182 1.61067e-05
183 1.61067e-05
184 1.61067e-05
185 1.61067e-05
186 1.61067e-05
187 1.61067e-05
188 1.61067e-05
189 1.61067e-05
190 1.61067e-05
191 1.61067e-05
192 1.61067e-05
193 1.61067e-05
194 1.61067e-05
195 1.61067e-05
196 1.61067e-05
197 1.61067e-05
198 1.61067e-05
199 1.61067e-05
200 1.61067e-05
201 1.61067e-05
202 1.61067e-05
203 1.61067e-05
204 1.61067e-05
205 1.61067e-05
206 1.61067e-05
207 1.61067e-05
208 1.61067e-05
209 1.61067e-05
210 1.61067e-05
211 1.61067e-05
212 1.61067e-05
213 1.61067e-05
214 1.61067e-05
