1 3.56517e-06
2 3.56517e-06
3 3.56517e-06
4 3.56517e-06
5 3.56517e-06
6 3.56517e-06
7 3.56517e-06
8 3.56517e-06
9 3.56517e-06
10 3.56517e-06
11 3.56517e-06
12 3.56517e-06
13 3.56517e-06
14 3.56517e-06
15 3.56517e-06
16 3.56517e-06
17 3.56517e-06
18 3.56517e-06
19 3.56517e-06
20 3.56517e-06
21 3.56517e-06
22 3.56517e-06
23 3.56517e-06
24 3.56517e-06
25 3.56517e-06
26 3.56517e-06
27 3.56517e-06
28 3.56517e-06
29 3.56517e-06
30 3.56517e-06
31 3.56517e-06
32 3.56517e-06
33 3.56517e-06
34 3.56517e-06
35 3.56517e-06
36 3.56517e-06
37 3.56517e-06
38 3.56517e-06
39 3.56517e-06
40 3.56517e-06
41 3.56517e-06
42 3.56517e-06
43 3.56517e-06
44 3.56517e-06
45 3.56517e-06
46 3.56517e-06
47 3.56517e-06
48 3.56517e-06
49 3.56517e-06
50 3.56517e-06
51 3.56517e-06
52 3.56517e-06
53 3.56517e-06
54 3.56517e-06
55 3.56517e-06
56 3.56517e-06
57 3.56517e-06
58 3.56517e-06
59 3.56517e-06
60 3.56517e-06
61 3.56517e-06
62 3.56517e-06
63 3.56517e-06
64 3.56517e-06
65 3.56517e-06
66 3.56517e-06
67 3.56517e-06
68 3.56517e-06
69 3.56517e-06
70 3.56517e-06
71 3.56517e-06
72 3.56517e-06
73 3.56535e-06
74 3.56597e-06
75 3.56794e-06
76 3.57451e-06
77 3.59336e-06
78 3.64756e-06
79 3.80671e-06
80 4.28559e-06
81 5.74623e-06
82 1.01734e-05
83 2.32433e-05
84 6.0248e-05
85 0.000159685
86 0.000411639
87 0.00101131
88 0.00234918
89 0.00514462
90 0.0106151
91 0.0206467
92 0.037898
93 0.0657329
94 0.107873
95 0.16771
96 0.247393
97 0.347001
98 0.464289
99 0.595242
100 0.735269
101 0.880394
102 0.907363
103 0.9345
104 0.961688
105 0.98889
106 0.993859
107 0.998827
108 0.999706
109 0.999706
110 0.998827
111 0.993859
112 0.96667
113 0.939533
114 0.912564
115 0.767426
116 0.627344
117 0.49621
118 0.378446
119 0.277798
120 0.19622
121 0.133454
122 0.087433
123 0.0551355
124 0.0333848
125 0.0193386
126 0.0106719
127 0.00558889
128 0.00276941
129 0.00129633
130 0.00057329
131 0.000240281
132 9.63706e-05
133 3.79559e-05
134 1.56418e-05
135 7.59751e-06
136 4.85064e-06
137 3.95813e-06
138 3.68075e-06
139 3.59781e-06
140 3.57384e-06
141 3.56709e-06
142 3.56535e-06
143 3.56517e-06
144 3.56517e-06
145 3.56517e-06
146 3.56517e-06
147 3.56517e-06
148 3.56517e-06
149 3.56517e-06
150 3.56517e-06
151 3.56517e-06
152 3.56517e-06
153 3.56517e-06
154 3.56517e-06
155 3.56517e-06
156 3.56517e-06
157 3.56517e-06
158 3.56517e-06
159 3.56517e-06
160 3.56517e-06
161 3.56517e-06
162 3.56517e-06
163 3.56517e-06
164 3.56517e-06
165 3.56517e-06
166 3.56517e-06
167 3.56517e-06
168 3.56517e-06
169 3.56517e-06
170 3.56517e-06
171 3.56517e-06
172 3.56517e-06
173 3.56517e-06
174 3.56517e-06
175 3.56517e-06
176 3.56517e-06
177 3.56517e-06
178 3.56517e-06
179 3.56517e-06
180 3.56517e-06
181 3.56517e-06
182 3.56517e-06
183 3.56517e-06
184 3.56517e-06
185 3.56517e-06
186 3.56517e-06
187 3.56517e-06
188 3.56517e-06
189 3.56517e-06
190 3.56517e-06
191 3.56517e-06
192 3.56517e-06
193 3.56517e-06
194 3.56517e-06
195 3.56517e-06
196 3.56517e-06
197 3.56517e-06
198 3.56517e-06
199 3.56517e-06
200 3.56517e-06
201 3.56517e-06
202 3.56517e-06
203 3.56517e-06
204 3.56517e-06
205 3.56517e-06
206 3.56517e-06
207 3.56517e-06
208 3.56517e-06
209 3.56517e-06
210 3.56517e-06
211 3.56517e-06
212 3.56517e-06
213 3.56517e-06
214 3.56517e-06
