1 1.77658e-05
2 1.77658e-05
3 1.77658e-05
4 1.77658e-05
5 1.77658e-05
6 1.77658e-05
7 1.77658e-05
8 1.77658e-05
9 1.77658e-05
10 1.77658e-05
11 1.77658e-05
12 1.77658e-05
13 1.77658e-05
14 1.77658e-05
15 1.77658e-05
16 1.77658e-05
17 1.77658e-05
18 1.77658e-05
19 1.77658e-05
20 1.77658e-05
21 1.77658e-05
22 1.77658e-05
23 1.77658e-05
24 1.77658e-05
25 1.77658e-05
26 1.77658e-05
27 1.77658e-05
28 1.77658e-05
29 1.77658e-05
30 1.77658e-05
31 1.77658e-05
32 1.77658e-05
33 1.77658e-05
34 1.77658e-05
35 1.77658e-05
36 1.77658e-05
37 1.77658e-05
38 1.77658e-05
39 1.77658e-05
40 1.77658e-05
41 1.77658e-05
42 1.77658e-05
43 1.77658e-05
44 1.77658e-05
45 1.77658e-05
46 1.77658e-05
47 1.77658e-05
48 1.77658e-05
49 1.77658e-05
50 1.77658e-05
51 1.77658e-05
52 1.77658e-05
53 1.77658e-05
54 1.77658e-05
55 1.77658e-05
56 1.77658e-05
57 1.77658e-05
58 1.77658e-05
59 1.77658e-05
60 1.77658e-05
61 1.77658e-05
62 1.77658e-05
63 1.77658e-05
64 1.77658e-05
65 1.77658e-05
66 1.77658e-05
67 1.77658e-05
68 1.77658e-05
69 1.77658e-05
70 1.77658e-05
71 1.77658e-05
72 1.77658e-05
73 1.77658e-05
74 1.77658e-05
75 1.77658e-05
76 1.77658e-05
77 1.77658e-05
78 1.77658e-05
79 1.77658e-05
80 1.77658e-05
81 1.77662e-05
82 1.77679e-05
83 1.77736e-05
84 1.7793e-05
85 1.7852e-05
86 1.80201e-05
87 1.84871e-05
88 1.97958e-05
89 2.36113e-05
90 3.52873e-05
91 7.20416e-05
92 0.00018715
93 0.000535423
94 0.0015337
95 0.00421359
96 0.0109087
97 0.0264244
98 0.0597455
99 0.126098
100 0.248827
101 0.460112
102 0.522084
103 0.614763
104 0.743775
105 0.910788
106 0.947564
107 0.989168
108 0.997071
109 0.997225
110 0.990756
111 0.959955
112 0.827479
113 0.729177
114 0.659641
115 0.401429
116 0.233121
117 0.128348
118 0.0665921
119 0.0324136
120 0.0147624
121 0.00628698
122 0.00250856
123 0.00094401
124 0.000341137
125 0.000124241
126 5.10338e-05
127 2.77026e-05
128 2.06255e-05
129 1.85641e-05
130 1.79826e-05
131 1.78228e-05
132 1.77799e-05
133 1.77686e-05
134 1.77662e-05
135 1.77658e-05
136 1.77658e-05
137 1.77658e-05
138 1.77658e-05
139 1.77658e-05
140 1.77658e-05
141 1.77658e-05
142 1.77658e-05
143 1.77658e-05
144 1.77658e-05
145 1.77658e-05
146 1.77658e-05
147 1.77658e-05
148 1.77658e-05
149 1.77658e-05
150 1.77658e-05
151 1.77658e-05
152 1.77658e-05
153 1.77658e-05
154 1.77658e-05
155 1.77658e-05
156 1.77658e-05
157 1.77658e-05
158 1.77658e-05
159 1.77658e-05
160 1.77658e-05
161 1.77658e-05
162 1.77658e-05
163 1.77658e-05
164 1.77658e-05
165 1.77658e-05
166 1.77658e-05
167 1.77658e-05
168 1.77658e-05
169 1.77658e-05
170 1.77658e-05
171 1.77658e-05
172 1.77658e-05
173 1.77658e-05
174 1.77658e-05
175 1.77658e-05
176 1.77658e-05
177 1.77658e-05
178 1.77658e-05
179 1.77658e-05
180 1.77658e-05
181 1.77658e-05
182 1.77658e-05
183 1.77658e-05
184 1.77658e-05
185 1.77658e-05
186 1.77658e-05
187 1.77658e-05
188 1.77658e-05
189 1.77658e-05
190 1.77658e-05
191 1.77658e-05
192 1.77658e-05
193 1.77658e-05
194 1.77658e-05
195 1.77658e-05
196 1.77658e-05
197 1.77658e-05
198 1.77658e-05
199 1.77658e-05
200 1.77658e-05
201 1.77658e-05
202 1.77658e-05
203 1.77658e-05
204 1.77658e-05
205 1.77658e-05
206 1.77658e-05
207 1.77658e-05
208 1.77658e-05
209 1.77658e-05
210 1.77658e-05
211 1.77658e-05
212 1.77658e-05
213 1.77658e-05
214 1.77658e-05
