1 1.86779e-05
2 1.86779e-05
3 1.86779e-05
4 1.86779e-05
5 1.86779e-05
6 1.86779e-05
7 1.86779e-05
8 1.86779e-05
9 1.86779e-05
10 1.86779e-05
11 1.86779e-05
12 1.86779e-05
13 1.86779e-05
14 1.86779e-05
15 1.86779e-05
16 1.86779e-05
17 1.86779e-05
18 1.86779e-05
19 1.86779e-05
20 1.86779e-05
21 1.86779e-05
22 1.86779e-05
23 1.86779e-05
24 1.86779e-05
25 1.86779e-05
26 1.86779e-05
27 1.86779e-05
28 1.86779e-05
29 1.86779e-05
30 1.86779e-05
31 1.86779e-05
32 1.86779e-05
33 1.86779e-05
34 1.86779e-05
35 1.86779e-05
36 1.86779e-05
37 1.86779e-05
38 1.86779e-05
39 1.86779e-05
40 1.86779e-05
41 1.86779e-05
42 1.86779e-05
43 1.86779e-05
44 1.86779e-05
45 1.86779e-05
46 1.86779e-05
47 1.86779e-05
48 1.86779e-05
49 1.86779e-05
50 1.86779e-05
51 1.86779e-05
52 1.86779e-05
53 1.86779e-05
54 1.86779e-05
55 1.86779e-05
56 1.86779e-05
57 1.86779e-05
58 1.86779e-05
59 1.86779e-05
60 1.86779e-05
61 1.86779e-05
62 1.86779e-05
63 1.86779e-05
64 1.86779e-05
65 1.86779e-05
66 1.86779e-05
67 1.86779e-05
68 1.86779e-05
69 1.86779e-05
70 1.86779e-05
71 1.86779e-05
72 1.86779e-05
73 1.86779e-05
74 1.86779e-05
75 1.86779e-05
76 1.86779e-05
77 1.86779e-05
78 1.86779e-05
79 1.86779e-05
80 1.86779e-05
81 1.86783e-05
82 1.86797e-05
83 1.86847e-05
84 1.87011e-05
85 1.87535e-05
86 1.89042e-05
87 1.93242e-05
88 2.04958e-05
89 2.38806e-05
90 3.41576e-05
91 6.64399e-05
92 0.000167967
93 0.000477844
94 0.00137623
95 0.00381888
96 0.0100033
97 0.0245304
98 0.056146
99 0.119919
100 0.239341
101 0.447389
102 0.509123
103 0.602522
104 0.734062
105 0.906319
106 0.944659
107 0.988432
108 0.996805
109 0.996985
110 0.990243
111 0.958424
112 0.822856
113 0.723099
114 0.653033
115 0.394531
116 0.227204
117 0.1239
118 0.0636074
119 0.0306114
120 0.0137779
121 0.00579825
122 0.00228717
123 0.000852258
124 0.000306399
125 0.000112419
126 4.7692e-05
127 2.72739e-05
128 2.11344e-05
129 1.93588e-05
130 1.88611e-05
131 1.87251e-05
132 1.86888e-05
133 1.86797e-05
134 1.86783e-05
135 1.86779e-05
136 1.86779e-05
137 1.86779e-05
138 1.86779e-05
139 1.86779e-05
140 1.86779e-05
141 1.86779e-05
142 1.86779e-05
143 1.86779e-05
144 1.86779e-05
145 1.86779e-05
146 1.86779e-05
147 1.86779e-05
148 1.86779e-05
149 1.86779e-05
150 1.86779e-05
151 1.86779e-05
152 1.86779e-05
153 1.86779e-05
154 1.86779e-05
155 1.86779e-05
156 1.86779e-05
157 1.86779e-05
158 1.86779e-05
159 1.86779e-05
160 1.86779e-05
161 1.86779e-05
162 1.86779e-05
163 1.86779e-05
164 1.86779e-05
165 1.86779e-05
166 1.86779e-05
167 1.86779e-05
168 1.86779e-05
169 1.86779e-05
170 1.86779e-05
171 1.86779e-05
172 1.86779e-05
173 1.86779e-05
174 1.86779e-05
175 1.86779e-05
176 1.86779e-05
177 1.86779e-05
178 1.86779e-05
179 1.86779e-05
180 1.86779e-05
181 1.86779e-05
182 1.86779e-05
183 1.86779e-05
184 1.86779e-05
185 1.86779e-05
186 1.86779e-05
187 1.86779e-05
188 1.86779e-05
189 1.86779e-05
190 1.86779e-05
191 1.86779e-05
192 1.86779e-05
193 1.86779e-05
194 1.86779e-05
195 1.86779e-05
196 1.86779e-05
197 1.86779e-05
198 1.86779e-05
199 1.86779e-05
200 1.86779e-05
201 1.86779e-05
202 1.86779e-05
203 1.86779e-05
204 1.86779e-05
205 1.86779e-05
206 1.86779e-05
207 1.86779e-05
208 1.86779e-05
209 1.86779e-05
210 1.86779e-05
211 1.86779e-05
212 1.86779e-05
213 1.86779e-05
214 1.86779e-05
