1 1.96542e-05
2 1.96542e-05
3 1.96542e-05
4 1.96542e-05
5 1.96542e-05
6 1.96542e-05
7 1.96542e-05
8 1.96542e-05
9 1.96542e-05
10 1.96542e-05
11 1.96542e-05
12 1.96542e-05
13 1.96542e-05
14 1.96542e-05
15 1.96542e-05
16 1.96542e-05
17 1.96542e-05
18 1.96542e-05
19 1.96542e-05
20 1.96542e-05
21 1.96542e-05
22 1.96542e-05
23 1.96542e-05
24 1.96542e-05
25 1.96542e-05
26 1.96542e-05
27 1.96542e-05
28 1.96542e-05
29 1.96542e-05
30 1.96542e-05
31 1.96542e-05
32 1.96542e-05
33 1.96542e-05
34 1.96542e-05
35 1.96542e-05
36 1.96542e-05
37 1.96542e-05
38 1.96542e-05
39 1.96542e-05
40 1.96542e-05
41 1.96542e-05
42 1.96542e-05
43 1.96542e-05
44 1.96542e-05
45 1.96542e-05
46 1.96542e-05
47 1.96542e-05
48 1.96542e-05
49 1.96542e-05
50 1.96542e-05
51 1.96542e-05
52 1.96542e-05
53 1.96542e-05
54 1.96542e-05
55 1.96542e-05
56 1.96542e-05
57 1.96542e-05
58 1.96542e-05
59 1.96542e-05
60 1.96542e-05
61 1.96542e-05
62 1.96542e-05
63 1.96542e-05
64 1.96542e-05
65 1.96542e-05
66 1.96542e-05
67 1.96542e-05
68 1.96542e-05
69 1.96542e-05
70 1.96542e-05
71 1.96542e-05
72 1.96542e-05
73 1.96542e-05
74 1.96542e-05
75 1.96542e-05
76 1.96542e-05
77 1.96542e-05
78 1.96542e-05
79 1.96542e-05
80 1.96542e-05
81 1.96545e-05
82 1.96558e-05
83 1.96602e-05
84 1.96747e-05
85 1.97214e-05
86 1.98568e-05
87 2.02353e-05
88 2.12868e-05
89 2.42978e-05
90 3.33611e-05
91 6.17348e-05
92 0.00015125
93 0.000426684
94 0.00123409
95 0.00345725
96 0.0091615
97 0.0227433
98 0.0527003
99 0.113918
100 0.229995
101 0.434647
102 0.496085
103 0.59012
104 0.724111
105 0.901626
106 0.94157
107 0.987612
108 0.996483
109 0.996693
110 0.98967
111 0.956819
112 0.818159
113 0.716957
114 0.646366
115 0.38761
116 0.221309
117 0.119512
118 0.0606978
119 0.0288775
120 0.0128439
121 0.00534111
122 0.00208306
123 0.000768915
124 0.000275366
125 0.000102106
126 4.49415e-05
127 2.70887e-05
128 2.17656e-05
129 2.02365e-05
130 1.98102e-05
131 1.96942e-05
132 1.96635e-05
133 1.96558e-05
134 1.96545e-05
135 1.96542e-05
136 1.96542e-05
137 1.96542e-05
138 1.96542e-05
139 1.96542e-05
140 1.96542e-05
141 1.96542e-05
142 1.96542e-05
143 1.96542e-05
144 1.96542e-05
145 1.96542e-05
146 1.96542e-05
147 1.96542e-05
148 1.96542e-05
149 1.96542e-05
150 1.96542e-05
151 1.96542e-05
152 1.96542e-05
153 1.96542e-05
154 1.96542e-05
155 1.96542e-05
156 1.96542e-05
157 1.96542e-05
158 1.96542e-05
159 1.96542e-05
160 1.96542e-05
161 1.96542e-05
162 1.96542e-05
163 1.96542e-05
164 1.96542e-05
165 1.96542e-05
166 1.96542e-05
167 1.96542e-05
168 1.96542e-05
169 1.96542e-05
170 1.96542e-05
171 1.96542e-05
172 1.96542e-05
173 1.96542e-05
174 1.96542e-05
175 1.96542e-05
176 1.96542e-05
177 1.96542e-05
178 1.96542e-05
179 1.96542e-05
180 1.96542e-05
181 1.96542e-05
182 1.96542e-05
183 1.96542e-05
184 1.96542e-05
185 1.96542e-05
186 1.96542e-05
187 1.96542e-05
188 1.96542e-05
189 1.96542e-05
190 1.96542e-05
191 1.96542e-05
192 1.96542e-05
193 1.96542e-05
194 1.96542e-05
195 1.96542e-05
196 1.96542e-05
197 1.96542e-05
198 1.96542e-05
199 1.96542e-05
200 1.96542e-05
201 1.96542e-05
202 1.96542e-05
203 1.96542e-05
204 1.96542e-05
205 1.96542e-05
206 1.96542e-05
207 1.96542e-05
208 1.96542e-05
209 1.96542e-05
210 1.96542e-05
211 1.96542e-05
212 1.96542e-05
213 1.96542e-05
214 1.96542e-05
