1 2.0688e-05
2 2.0688e-05
3 2.0688e-05
4 2.0688e-05
5 2.0688e-05
6 2.0688e-05
7 2.0688e-05
8 2.0688e-05
9 2.0688e-05
10 2.0688e-05
11 2.0688e-05
12 2.0688e-05
13 2.0688e-05
14 2.0688e-05
15 2.0688e-05
16 2.0688e-05
17 2.0688e-05
18 2.0688e-05
19 2.0688e-05
20 2.0688e-05
21 2.0688e-05
22 2.0688e-05
23 2.0688e-05
24 2.0688e-05
25 2.0688e-05
26 2.0688e-05
27 2.0688e-05
28 2.0688e-05
29 2.0688e-05
30 2.0688e-05
31 2.0688e-05
32 2.0688e-05
33 2.0688e-05
34 2.0688e-05
35 2.0688e-05
36 2.0688e-05
37 2.0688e-05
38 2.0688e-05
39 2.0688e-05
40 2.0688e-05
41 2.0688e-05
42 2.0688e-05
43 2.0688e-05
44 2.0688e-05
45 2.0688e-05
46 2.0688e-05
47 2.0688e-05
48 2.0688e-05
49 2.0688e-05
50 2.0688e-05
51 2.0688e-05
52 2.0688e-05
53 2.0688e-05
54 2.0688e-05
55 2.0688e-05
56 2.0688e-05
57 2.0688e-05
58 2.0688e-05
59 2.0688e-05
60 2.0688e-05
61 2.0688e-05
62 2.0688e-05
63 2.0688e-05
64 2.0688e-05
65 2.0688e-05
66 2.0688e-05
67 2.0688e-05
68 2.0688e-05
69 2.0688e-05
70 2.0688e-05
71 2.0688e-05
72 2.0688e-05
73 2.0688e-05
74 2.0688e-05
75 2.0688e-05
76 2.0688e-05
77 2.0688e-05
78 2.0688e-05
79 2.0688e-05
80 2.0688e-05
81 2.06882e-05
82 2.06895e-05
83 2.06935e-05
84 2.07065e-05
85 2.07483e-05
86 2.08702e-05
87 2.12117e-05
88 2.21578e-05
89 2.48439e-05
90 3.28541e-05
91 5.78147e-05
92 0.00013672
93 0.000381309
94 0.001106
95 0.00312642
96 0.00837984
97 0.0210592
98 0.0494054
99 0.108097
100 0.220792
101 0.421896
102 0.482978
103 0.577561
104 0.713918
105 0.89669
106 0.938276
107 0.986684
108 0.996083
109 0.996327
110 0.989017
111 0.955123
112 0.81337
113 0.710731
114 0.639622
115 0.380654
116 0.215432
117 0.115184
118 0.057863
119 0.0272111
120 0.0119588
121 0.00491407
122 0.00189514
123 0.000693326
124 0.000247696
125 9.31417e-05
126 4.27127e-05
127 2.71162e-05
128 2.25034e-05
129 2.11868e-05
130 2.08215e-05
131 2.07225e-05
132 2.06962e-05
133 2.06895e-05
134 2.06882e-05
135 2.0688e-05
136 2.0688e-05
137 2.0688e-05
138 2.0688e-05
139 2.0688e-05
140 2.0688e-05
141 2.0688e-05
142 2.0688e-05
143 2.0688e-05
144 2.0688e-05
145 2.0688e-05
146 2.0688e-05
147 2.0688e-05
148 2.0688e-05
149 2.0688e-05
150 2.0688e-05
151 2.0688e-05
152 2.0688e-05
153 2.0688e-05
154 2.0688e-05
155 2.0688e-05
156 2.0688e-05
157 2.0688e-05
158 2.0688e-05
159 2.0688e-05
160 2.0688e-05
161 2.0688e-05
162 2.0688e-05
163 2.0688e-05
164 2.0688e-05
165 2.0688e-05
166 2.0688e-05
167 2.0688e-05
168 2.0688e-05
169 2.0688e-05
170 2.0688e-05
171 2.0688e-05
172 2.0688e-05
173 2.0688e-05
174 2.0688e-05
175 2.0688e-05
176 2.0688e-05
177 2.0688e-05
178 2.0688e-05
179 2.0688e-05
180 2.0688e-05
181 2.0688e-05
182 2.0688e-05
183 2.0688e-05
184 2.0688e-05
185 2.0688e-05
186 2.0688e-05
187 2.0688e-05
188 2.0688e-05
189 2.0688e-05
190 2.0688e-05
191 2.0688e-05
192 2.0688e-05
193 2.0688e-05
194 2.0688e-05
195 2.0688e-05
196 2.0688e-05
197 2.0688e-05
198 2.0688e-05
199 2.0688e-05
200 2.0688e-05
201 2.0688e-05
202 2.0688e-05
203 2.0688e-05
204 2.0688e-05
205 2.0688e-05
206 2.0688e-05
207 2.0688e-05
208 2.0688e-05
209 2.0688e-05
210 2.0688e-05
211 2.0688e-05
212 2.0688e-05
213 2.0688e-05
214 2.0688e-05
