1 2.2975e-05
2 2.2975e-05
3 2.2975e-05
4 2.2975e-05
5 2.2975e-05
6 2.2975e-05
7 2.2975e-05
8 2.2975e-05
9 2.2975e-05
10 2.2975e-05
11 2.2975e-05
12 2.2975e-05
13 2.2975e-05
14 2.2975e-05
15 2.2975e-05
16 2.2975e-05
17 2.2975e-05
18 2.2975e-05
19 2.2975e-05
20 2.2975e-05
21 2.2975e-05
22 2.2975e-05
23 2.2975e-05
24 2.2975e-05
25 2.2975e-05
26 2.2975e-05
27 2.2975e-05
28 2.2975e-05
29 2.2975e-05
30 2.2975e-05
31 2.2975e-05
32 2.2975e-05
33 2.2975e-05
34 2.2975e-05
35 2.2975e-05
36 2.2975e-05
37 2.2975e-05
38 2.2975e-05
39 2.2975e-05
40 2.2975e-05
41 2.2975e-05
42 2.2975e-05
43 2.2975e-05
44 2.2975e-05
45 2.2975e-05
46 2.2975e-05
47 2.2975e-05
48 2.2975e-05
49 2.2975e-05
50 2.2975e-05
51 2.2975e-05
52 2.2975e-05
53 2.2975e-05
54 2.2975e-05
55 2.2975e-05
56 2.2975e-05
57 2.2975e-05
58 2.2975e-05
59 2.2975e-05
60 2.2975e-05
61 2.2975e-05
62 2.2975e-05
63 2.2975e-05
64 2.2975e-05
65 2.2975e-05
66 2.2975e-05
67 2.2975e-05
68 2.2975e-05
69 2.2975e-05
70 2.2975e-05
71 2.2975e-05
72 2.2975e-05
73 2.2975e-05
74 2.2975e-05
75 2.2975e-05
76 2.2975e-05
77 2.2975e-05
78 2.2975e-05
79 2.2975e-05
80 2.2975e-05
81 2.2975e-05
82 2.29757e-05
83 2.29786e-05
84 2.29885e-05
85 2.30215e-05
86 2.31197e-05
87 2.33982e-05
88 2.41682e-05
89 2.63231e-05
90 3.26245e-05
91 5.20099e-05
92 0.000113314
93 0.000305695
94 0.000887251
95 0.00254853
96 0.00698373
97 0.0179837
98 0.0432537
99 0.0969849
100 0.202828
101 0.39638
102 0.45657
103 0.551969
104 0.692763
105 0.885969
106 0.930938
107 0.984368
108 0.994915
109 0.995241
110 0.98734
111 0.951329
112 0.803399
113 0.697912
114 0.62579
115 0.366573
116 0.203706
117 0.106698
118 0.0524144
119 0.0240745
120 0.0103282
121 0.00414428
122 0.00156371
123 0.000563021
124 0.000201267
125 7.87619e-05
126 3.96459e-05
127 2.77725e-05
128 2.43143e-05
129 2.33392e-05
130 2.30712e-05
131 2.29992e-05
132 2.29803e-05
133 2.29757e-05
134 2.2975e-05
135 2.2975e-05
136 2.2975e-05
137 2.2975e-05
138 2.2975e-05
139 2.2975e-05
140 2.2975e-05
141 2.2975e-05
142 2.2975e-05
143 2.2975e-05
144 2.2975e-05
145 2.2975e-05
146 2.2975e-05
147 2.2975e-05
148 2.2975e-05
149 2.2975e-05
150 2.2975e-05
151 2.2975e-05
152 2.2975e-05
153 2.2975e-05
154 2.2975e-05
155 2.2975e-05
156 2.2975e-05
157 2.2975e-05
158 2.2975e-05
159 2.2975e-05
160 2.2975e-05
161 2.2975e-05
162 2.2975e-05
163 2.2975e-05
164 2.2975e-05
165 2.2975e-05
166 2.2975e-05
167 2.2975e-05
168 2.2975e-05
169 2.2975e-05
170 2.2975e-05
171 2.2975e-05
172 2.2975e-05
173 2.2975e-05
174 2.2975e-05
175 2.2975e-05
176 2.2975e-05
177 2.2975e-05
178 2.2975e-05
179 2.2975e-05
180 2.2975e-05
181 2.2975e-05
182 2.2975e-05
183 2.2975e-05
184 2.2975e-05
185 2.2975e-05
186 2.2975e-05
187 2.2975e-05
188 2.2975e-05
189 2.2975e-05
190 2.2975e-05
191 2.2975e-05
192 2.2975e-05
193 2.2975e-05
194 2.2975e-05
195 2.2975e-05
196 2.2975e-05
197 2.2975e-05
198 2.2975e-05
199 2.2975e-05
200 2.2975e-05
201 2.2975e-05
202 2.2975e-05
203 2.2975e-05
204 2.2975e-05
205 2.2975e-05
206 2.2975e-05
207 2.2975e-05
208 2.2975e-05
209 2.2975e-05
210 2.2975e-05
211 2.2975e-05
212 2.2975e-05
213 2.2975e-05
214 2.2975e-05
