1 3.61241e-06
2 3.61241e-06
3 3.61241e-06
4 3.61241e-06
5 3.61241e-06
6 3.61241e-06
7 3.61241e-06
8 3.61241e-06
9 3.61241e-06
10 3.61241e-06
11 3.61241e-06
12 3.61241e-06
13 3.61241e-06
14 3.61241e-06
15 3.61241e-06
16 3.61241e-06
17 3.61241e-06
18 3.61241e-06
19 3.61241e-06
20 3.61241e-06
21 3.61241e-06
22 3.61241e-06
23 3.61241e-06
24 3.61241e-06
25 3.61241e-06
26 3.61241e-06
27 3.61241e-06
28 3.61241e-06
29 3.61241e-06
30 3.61241e-06
31 3.61241e-06
32 3.61241e-06
33 3.61241e-06
34 3.61241e-06
35 3.61241e-06
36 3.61241e-06
37 3.61241e-06
38 3.61241e-06
39 3.61241e-06
40 3.61241e-06
41 3.61241e-06
42 3.61241e-06
43 3.61241e-06
44 3.61241e-06
45 3.61241e-06
46 3.61241e-06
47 3.61241e-06
48 3.61241e-06
49 3.61241e-06
50 3.61241e-06
51 3.61241e-06
52 3.61241e-06
53 3.61241e-06
54 3.61241e-06
55 3.61241e-06
56 3.61241e-06
57 3.61241e-06
58 3.61241e-06
59 3.61241e-06
60 3.61241e-06
61 3.61241e-06
62 3.61241e-06
63 3.61241e-06
64 3.61241e-06
65 3.61241e-06
66 3.61241e-06
67 3.61241e-06
68 3.61241e-06
69 3.61241e-06
70 3.61241e-06
71 3.61241e-06
72 3.61241e-06
73 3.61256e-06
74 3.61309e-06
75 3.61464e-06
76 3.62013e-06
77 3.63616e-06
78 3.68243e-06
79 3.8178e-06
80 4.22368e-06
81 5.46091e-06
82 9.22335e-06
83 2.04049e-05
84 5.23468e-05
85 0.000139068
86 0.00036125
87 0.000896136
88 0.00210329
89 0.00465455
90 0.00970347
91 0.0190641
92 0.0353348
93 0.0618654
94 0.102452
95 0.160687
96 0.239033
97 0.337937
98 0.45544
99 0.58763
100 0.729796
101 0.877707
102 0.905253
103 0.932999
104 0.960809
105 0.988635
106 0.993717
107 0.9988
108 0.999699
109 0.999699
110 0.9988
111 0.993718
112 0.965908
113 0.938162
114 0.910615
115 0.762687
116 0.620454
117 0.48805
118 0.369994
119 0.269915
120 0.189477
121 0.128083
122 0.0833999
123 0.0522535
124 0.031418
125 0.0180584
126 0.0098807
127 0.00512698
128 0.00251589
129 0.00116593
130 0.000510523
131 0.000212028
132 8.44756e-05
133 3.32745e-05
134 1.39273e-05
135 7.02488e-06
136 4.69089e-06
137 3.93935e-06
138 3.70769e-06
139 3.63902e-06
140 3.61932e-06
141 3.61384e-06
142 3.61256e-06
143 3.61241e-06
144 3.61241e-06
145 3.61241e-06
146 3.61241e-06
147 3.61241e-06
148 3.61241e-06
149 3.61241e-06
150 3.61241e-06
151 3.61241e-06
152 3.61241e-06
153 3.61241e-06
154 3.61241e-06
155 3.61241e-06
156 3.61241e-06
157 3.61241e-06
158 3.61241e-06
159 3.61241e-06
160 3.61241e-06
161 3.61241e-06
162 3.61241e-06
163 3.61241e-06
164 3.61241e-06
165 3.61241e-06
166 3.61241e-06
167 3.61241e-06
168 3.61241e-06
169 3.61241e-06
170 3.61241e-06
171 3.61241e-06
172 3.61241e-06
173 3.61241e-06
174 3.61241e-06
175 3.61241e-06
176 3.61241e-06
177 3.61241e-06
178 3.61241e-06
179 3.61241e-06
180 3.61241e-06
181 3.61241e-06
182 3.61241e-06
183 3.61241e-06
184 3.61241e-06
185 3.61241e-06
186 3.61241e-06
187 3.61241e-06
188 3.61241e-06
189 3.61241e-06
190 3.61241e-06
191 3.61241e-06
192 3.61241e-06
193 3.61241e-06
194 3.61241e-06
195 3.61241e-06
196 3.61241e-06
197 3.61241e-06
198 3.61241e-06
199 3.61241e-06
200 3.61241e-06
201 3.61241e-06
202 3.61241e-06
203 3.61241e-06
204 3.61241e-06
205 3.61241e-06
206 3.61241e-06
207 3.61241e-06
208 3.61241e-06
209 3.61241e-06
210 3.61241e-06
211 3.61241e-06
212 3.61241e-06
213 3.61241e-06
214 3.61241e-06
