1 3.00692e-05
2 3.00692e-05
3 3.00692e-05
4 3.00692e-05
5 3.00692e-05
6 3.00692e-05
7 3.00692e-05
8 3.00692e-05
9 3.00692e-05
10 3.00692e-05
11 3.00692e-05
12 3.00692e-05
13 3.00692e-05
14 3.00692e-05
15 3.00692e-05
16 3.00692e-05
17 3.00692e-05
18 3.00692e-05
19 3.00692e-05
20 3.00692e-05
21 3.00692e-05
22 3.00692e-05
23 3.00692e-05
24 3.00692e-05
25 3.00692e-05
26 3.00692e-05
27 3.00692e-05
28 3.00692e-05
29 3.00692e-05
30 3.00692e-05
31 3.00692e-05
32 3.00692e-05
33 3.00692e-05
34 3.00692e-05
35 3.00692e-05
36 3.00692e-05
37 3.00692e-05
38 3.00692e-05
39 3.00692e-05
40 3.00692e-05
41 3.00692e-05
42 3.00692e-05
43 3.00692e-05
44 3.00692e-05
45 3.00692e-05
46 3.00692e-05
47 3.00692e-05
48 3.00692e-05
49 3.00692e-05
50 3.00692e-05
51 3.00692e-05
52 3.00692e-05
53 3.00692e-05
54 3.00692e-05
55 3.00692e-05
56 3.00692e-05
57 3.00692e-05
58 3.00692e-05
59 3.00692e-05
60 3.00692e-05
61 3.00692e-05
62 3.00692e-05
63 3.00692e-05
64 3.00692e-05
65 3.00692e-05
66 3.00692e-05
67 3.00692e-05
68 3.00692e-05
69 3.00692e-05
70 3.00692e-05
71 3.00692e-05
72 3.00692e-05
73 3.00692e-05
74 3.00692e-05
75 3.00692e-05
76 3.00692e-05
77 3.00692e-05
78 3.00692e-05
79 3.00692e-05
80 3.00692e-05
81 3.00692e-05
82 3.00695e-05
83 3.00711e-05
84 3.00763e-05
85 3.00936e-05
86 3.015e-05
87 3.03168e-05
88 3.07865e-05
89 3.20797e-05
90 3.56951e-05
91 4.63029e-05
92 7.91216e-05
93 0.000183394
94 0.000511225
95 0.00150112
96 0.00431846
97 0.0117966
98 0.0302034
99 0.0721067
100 0.160296
101 0.332099
102 0.388857
103 0.484277
104 0.633616
105 0.851054
106 0.904712
107 0.972105
108 0.986056
109 0.986692
110 0.977256
111 0.935941
112 0.773055
113 0.660882
114 0.586625
115 0.329046
116 0.174015
117 0.0862909
118 0.0399818
119 0.0172842
120 0.00697742
121 0.00264166
122 0.000949265
123 0.000334374
124 0.000125427
125 5.85787e-05
126 3.82728e-05
127 3.23594e-05
128 3.06926e-05
129 3.02347e-05
130 3.01117e-05
131 3.00793e-05
132 3.00711e-05
133 3.00695e-05
134 3.00692e-05
135 3.00692e-05
136 3.00692e-05
137 3.00692e-05
138 3.00692e-05
139 3.00692e-05
140 3.00692e-05
141 3.00692e-05
142 3.00692e-05
143 3.00692e-05
144 3.00692e-05
145 3.00692e-05
146 3.00692e-05
147 3.00692e-05
148 3.00692e-05
149 3.00692e-05
150 3.00692e-05
151 3.00692e-05
152 3.00692e-05
153 3.00692e-05
154 3.00692e-05
155 3.00692e-05
156 3.00692e-05
157 3.00692e-05
158 3.00692e-05
159 3.00692e-05
160 3.00692e-05
161 3.00692e-05
162 3.00692e-05
163 3.00692e-05
164 3.00692e-05
165 3.00692e-05
166 3.00692e-05
167 3.00692e-05
168 3.00692e-05
169 3.00692e-05
170 3.00692e-05
171 3.00692e-05
172 3.00692e-05
173 3.00692e-05
174 3.00692e-05
175 3.00692e-05
176 3.00692e-05
177 3.00692e-05
178 3.00692e-05
179 3.00692e-05
180 3.00692e-05
181 3.00692e-05
182 3.00692e-05
183 3.00692e-05
184 3.00692e-05
185 3.00692e-05
186 3.00692e-05
187 3.00692e-05
188 3.00692e-05
189 3.00692e-05
190 3.00692e-05
191 3.00692e-05
192 3.00692e-05
193 3.00692e-05
194 3.00692e-05
195 3.00692e-05
196 3.00692e-05
197 3.00692e-05
198 3.00692e-05
199 3.00692e-05
200 3.00692e-05
201 3.00692e-05
202 3.00692e-05
203 3.00692e-05
204 3.00692e-05
205 3.00692e-05
206 3.00692e-05
207 3.00692e-05
208 3.00692e-05
209 3.00692e-05
210 3.00692e-05
211 3.00692e-05
212 3.00692e-05
213 3.00692e-05
214 3.00692e-05
