1 3.34536e-05
2 3.34536e-05
3 3.34536e-05
4 3.34536e-05
5 3.34536e-05
6 3.34536e-05
7 3.34536e-05
8 3.34536e-05
9 3.34536e-05
10 3.34536e-05
11 3.34536e-05
12 3.34536e-05
13 3.34536e-05
14 3.34536e-05
15 3.34536e-05
16 3.34536e-05
17 3.34536e-05
18 3.34536e-05
19 3.34536e-05
20 3.34536e-05
21 3.34536e-05
22 3.34536e-05
23 3.34536e-05
24 3.34536e-05
25 3.34536e-05
26 3.34536e-05
27 3.34536e-05
28 3.34536e-05
29 3.34536e-05
30 3.34536e-05
31 3.34536e-05
32 3.34536e-05
33 3.34536e-05
34 3.34536e-05
35 3.34536e-05
36 3.34536e-05
37 3.34536e-05
38 3.34536e-05
39 3.34536e-05
40 3.34536e-05
41 3.34536e-05
42 3.34536e-05
43 3.34536e-05
44 3.34536e-05
45 3.34536e-05
46 3.34536e-05
47 3.34536e-05
48 3.34536e-05
49 3.34536e-05
50 3.34536e-05
51 3.34536e-05
52 3.34536e-05
53 3.34536e-05
54 3.34536e-05
55 3.34536e-05
56 3.34536e-05
57 3.34536e-05
58 3.34536e-05
59 3.34536e-05
60 3.34536e-05
61 3.34536e-05
62 3.34536e-05
63 3.34536e-05
64 3.34536e-05
65 3.34536e-05
66 3.34536e-05
67 3.34536e-05
68 3.34536e-05
69 3.34536e-05
70 3.34536e-05
71 3.34536e-05
72 3.34536e-05
73 3.34536e-05
74 3.34536e-05
75 3.34536e-05
76 3.34536e-05
77 3.34536e-05
78 3.34536e-05
79 3.34536e-05
80 3.34536e-05
81 3.34536e-05
82 3.34536e-05
83 3.34545e-05
84 3.34582e-05
85 3.34714e-05
86 3.35159e-05
87 3.36505e-05
88 3.40356e-05
89 3.50986e-05
90 3.80354e-05
91 4.64727e-05
92 7.21289e-05
93 0.000153318
94 0.000411042
95 0.00120413
96 0.00351649
97 0.00982049
98 0.0257746
99 0.063122
100 0.1439
101 0.305452
102 0.360171
103 0.454404
104 0.605409
105 0.830553
106 0.887453
107 0.960611
108 0.97608
109 0.976888
110 0.966867
111 0.923608
112 0.755564
113 0.64133
114 0.566706
115 0.311905
116 0.161472
117 0.0782423
118 0.0353837
119 0.0149229
120 0.00587977
121 0.00217749
122 0.000770432
123 0.000272147
124 0.000106813
125 5.50311e-05
126 3.95815e-05
127 3.51461e-05
128 3.39097e-05
129 3.35731e-05
130 3.34835e-05
131 3.34601e-05
132 3.34545e-05
133 3.34536e-05
134 3.34536e-05
135 3.34536e-05
136 3.34536e-05
137 3.34536e-05
138 3.34536e-05
139 3.34536e-05
140 3.34536e-05
141 3.34536e-05
142 3.34536e-05
143 3.34536e-05
144 3.34536e-05
145 3.34536e-05
146 3.34536e-05
147 3.34536e-05
148 3.34536e-05
149 3.34536e-05
150 3.34536e-05
151 3.34536e-05
152 3.34536e-05
153 3.34536e-05
154 3.34536e-05
155 3.34536e-05
156 3.34536e-05
157 3.34536e-05
158 3.34536e-05
159 3.34536e-05
160 3.34536e-05
161 3.34536e-05
162 3.34536e-05
163 3.34536e-05
164 3.34536e-05
165 3.34536e-05
166 3.34536e-05
167 3.34536e-05
168 3.34536e-05
169 3.34536e-05
170 3.34536e-05
171 3.34536e-05
172 3.34536e-05
173 3.34536e-05
174 3.34536e-05
175 3.34536e-05
176 3.34536e-05
177 3.34536e-05
178 3.34536e-05
179 3.34536e-05
180 3.34536e-05
181 3.34536e-05
182 3.34536e-05
183 3.34536e-05
184 3.34536e-05
185 3.34536e-05
186 3.34536e-05
187 3.34536e-05
188 3.34536e-05
189 3.34536e-05
190 3.34536e-05
191 3.34536e-05
192 3.34536e-05
193 3.34536e-05
194 3.34536e-05
195 3.34536e-05
196 3.34536e-05
197 3.34536e-05
198 3.34536e-05
199 3.34536e-05
200 3.34536e-05
201 3.34536e-05
202 3.34536e-05
203 3.34536e-05
204 3.34536e-05
205 3.34536e-05
206 3.34536e-05
207 3.34536e-05
208 3.34536e-05
209 3.34536e-05
210 3.34536e-05
211 3.34536e-05
212 3.34536e-05
213 3.34536e-05
214 3.34536e-05
