1 3.69839e-05
2 3.69839e-05
3 3.69839e-05
4 3.69839e-05
5 3.69839e-05
6 3.69839e-05
7 3.69839e-05
8 3.69839e-05
9 3.69839e-05
10 3.69839e-05
11 3.69839e-05
12 3.69839e-05
13 3.69839e-05
14 3.69839e-05
15 3.69839e-05
16 3.69839e-05
17 3.69839e-05
18 3.69839e-05
19 3.69839e-05
20 3.69839e-05
21 3.69839e-05
22 3.69839e-05
23 3.69839e-05
24 3.69839e-05
25 3.69839e-05
26 3.69839e-05
27 3.69839e-05
28 3.69839e-05
29 3.69839e-05
30 3.69839e-05
31 3.69839e-05
32 3.69839e-05
33 3.69839e-05
34 3.69839e-05
35 3.69839e-05
36 3.69839e-05
37 3.69839e-05
38 3.69839e-05
39 3.69839e-05
40 3.69839e-05
41 3.69839e-05
42 3.69839e-05
43 3.69839e-05
44 3.69839e-05
45 3.69839e-05
46 3.69839e-05
47 3.69839e-05
48 3.69839e-05
49 3.69839e-05
50 3.69839e-05
51 3.69839e-05
52 3.69839e-05
53 3.69839e-05
54 3.69839e-05
55 3.69839e-05
56 3.69839e-05
57 3.69839e-05
58 3.69839e-05
59 3.69839e-05
60 3.69839e-05
61 3.69839e-05
62 3.69839e-05
63 3.69839e-05
64 3.69839e-05
65 3.69839e-05
66 3.69839e-05
67 3.69839e-05
68 3.69839e-05
69 3.69839e-05
70 3.69839e-05
71 3.69839e-05
72 3.69839e-05
73 3.69839e-05
74 3.69839e-05
75 3.69839e-05
76 3.69839e-05
77 3.69839e-05
78 3.69839e-05
79 3.69839e-05
80 3.69839e-05
81 3.69839e-05
82 3.69839e-05
83 3.69846e-05
84 3.69873e-05
85 3.69971e-05
86 3.70311e-05
87 3.71382e-05
88 3.74506e-05
89 3.8321e-05
90 4.07101e-05
91 4.74424e-05
92 6.74948e-05
93 0.000130342
94 0.00033085
95 0.000957973
96 0.00282868
97 0.00806413
98 0.0216867
99 0.0544866
100 0.127426
101 0.277266
102 0.329327
103 0.4212
104 0.571964
105 0.802153
106 0.861732
107 0.940192
108 0.957155
109 0.958159
110 0.94764
111 0.902808
112 0.731051
113 0.61577
114 0.541503
115 0.292166
116 0.147947
117 0.0700083
118 0.0308887
119 0.0127072
120 0.004888
121 0.00177282
122 0.000619931
123 0.000221828
124 9.27575e-05
125 5.31416e-05
126 4.15169e-05
127 3.82227e-05
128 3.7314e-05
129 3.7069e-05
130 3.70045e-05
131 3.69881e-05
132 3.69846e-05
133 3.69839e-05
134 3.69839e-05
135 3.69839e-05
136 3.69839e-05
137 3.69839e-05
138 3.69839e-05
139 3.69839e-05
140 3.69839e-05
141 3.69839e-05
142 3.69839e-05
143 3.69839e-05
144 3.69839e-05
145 3.69839e-05
146 3.69839e-05
147 3.69839e-05
148 3.69839e-05
149 3.69839e-05
150 3.69839e-05
151 3.69839e-05
152 3.69839e-05
153 3.69839e-05
154 3.69839e-05
155 3.69839e-05
156 3.69839e-05
157 3.69839e-05
158 3.69839e-05
159 3.69839e-05
160 3.69839e-05
161 3.69839e-05
162 3.69839e-05
163 3.69839e-05
164 3.69839e-05
165 3.69839e-05
166 3.69839e-05
167 3.69839e-05
168 3.69839e-05
169 3.69839e-05
170 3.69839e-05
171 3.69839e-05
172 3.69839e-05
173 3.69839e-05
174 3.69839e-05
175 3.69839e-05
176 3.69839e-05
177 3.69839e-05
178 3.69839e-05
179 3.69839e-05
180 3.69839e-05
181 3.69839e-05
182 3.69839e-05
183 3.69839e-05
184 3.69839e-05
185 3.69839e-05
186 3.69839e-05
187 3.69839e-05
188 3.69839e-05
189 3.69839e-05
190 3.69839e-05
191 3.69839e-05
192 3.69839e-05
193 3.69839e-05
194 3.69839e-05
195 3.69839e-05
196 3.69839e-05
197 3.69839e-05
198 3.69839e-05
199 3.69839e-05
200 3.69839e-05
201 3.69839e-05
202 3.69839e-05
203 3.69839e-05
204 3.69839e-05
205 3.69839e-05
206 3.69839e-05
207 3.69839e-05
208 3.69839e-05
209 3.69839e-05
210 3.69839e-05
211 3.69839e-05
212 3.69839e-05
213 3.69839e-05
214 3.69839e-05
