1 3.87035e-05
2 3.87035e-05
3 3.87035e-05
4 3.87035e-05
5 3.87035e-05
6 3.87035e-05
7 3.87035e-05
8 3.87035e-05
9 3.87035e-05
10 3.87035e-05
11 3.87035e-05
12 3.87035e-05
13 3.87035e-05
14 3.87035e-05
15 3.87035e-05
16 3.87035e-05
17 3.87035e-05
18 3.87035e-05
19 3.87035e-05
20 3.87035e-05
21 3.87035e-05
22 3.87035e-05
23 3.87035e-05
24 3.87035e-05
25 3.87035e-05
26 3.87035e-05
27 3.87035e-05
28 3.87035e-05
29 3.87035e-05
30 3.87035e-05
31 3.87035e-05
32 3.87035e-05
33 3.87035e-05
34 3.87035e-05
35 3.87035e-05
36 3.87035e-05
37 3.87035e-05
38 3.87035e-05
39 3.87035e-05
40 3.87035e-05
41 3.87035e-05
42 3.87035e-05
43 3.87035e-05
44 3.87035e-05
45 3.87035e-05
46 3.87035e-05
47 3.87035e-05
48 3.87035e-05
49 3.87035e-05
50 3.87035e-05
51 3.87035e-05
52 3.87035e-05
53 3.87035e-05
54 3.87035e-05
55 3.87035e-05
56 3.87035e-05
57 3.87035e-05
58 3.87035e-05
59 3.87035e-05
60 3.87035e-05
61 3.87035e-05
62 3.87035e-05
63 3.87035e-05
64 3.87035e-05
65 3.87035e-05
66 3.87035e-05
67 3.87035e-05
68 3.87035e-05
69 3.87035e-05
70 3.87035e-05
71 3.87035e-05
72 3.87035e-05
73 3.87035e-05
74 3.87035e-05
75 3.87035e-05
76 3.87035e-05
77 3.87035e-05
78 3.87035e-05
79 3.87035e-05
80 3.87035e-05
81 3.87035e-05
82 3.87035e-05
83 3.87041e-05
84 3.87064e-05
85 3.87149e-05
86 3.8744e-05
87 3.8839e-05
88 3.91189e-05
89 3.99033e-05
90 4.20535e-05
91 4.80613e-05
92 6.57578e-05
93 0.00012084
94 0.000296676
95 0.000850441
96 0.00252025
97 0.00725388
98 0.0197421
99 0.0502389
100 0.119015
101 0.262238
102 0.312649
103 0.402718
104 0.552299
105 0.783413
106 0.843951
107 0.924642
108 0.942288
109 0.943398
110 0.932691
111 0.887325
112 0.714675
113 0.599531
114 0.525888
115 0.280838
116 0.140607
117 0.0657371
118 0.0286451
119 0.0116383
120 0.00442412
121 0.0015889
122 0.000553384
123 0.000200231
124 8.70155e-05
125 5.26004e-05
126 4.25801e-05
127 3.97574e-05
128 3.89825e-05
129 3.87744e-05
130 3.872e-05
131 3.87064e-05
132 3.87041e-05
133 3.87035e-05
134 3.87035e-05
135 3.87035e-05
136 3.87035e-05
137 3.87035e-05
138 3.87035e-05
139 3.87035e-05
140 3.87035e-05
141 3.87035e-05
142 3.87035e-05
143 3.87035e-05
144 3.87035e-05
145 3.87035e-05
146 3.87035e-05
147 3.87035e-05
148 3.87035e-05
149 3.87035e-05
150 3.87035e-05
151 3.87035e-05
152 3.87035e-05
153 3.87035e-05
154 3.87035e-05
155 3.87035e-05
156 3.87035e-05
157 3.87035e-05
158 3.87035e-05
159 3.87035e-05
160 3.87035e-05
161 3.87035e-05
162 3.87035e-05
163 3.87035e-05
164 3.87035e-05
165 3.87035e-05
166 3.87035e-05
167 3.87035e-05
168 3.87035e-05
169 3.87035e-05
170 3.87035e-05
171 3.87035e-05
172 3.87035e-05
173 3.87035e-05
174 3.87035e-05
175 3.87035e-05
176 3.87035e-05
177 3.87035e-05
178 3.87035e-05
179 3.87035e-05
180 3.87035e-05
181 3.87035e-05
182 3.87035e-05
183 3.87035e-05
184 3.87035e-05
185 3.87035e-05
186 3.87035e-05
187 3.87035e-05
188 3.87035e-05
189 3.87035e-05
190 3.87035e-05
191 3.87035e-05
192 3.87035e-05
193 3.87035e-05
194 3.87035e-05
195 3.87035e-05
196 3.87035e-05
197 3.87035e-05
198 3.87035e-05
199 3.87035e-05
200 3.87035e-05
201 3.87035e-05
202 3.87035e-05
203 3.87035e-05
204 3.87035e-05
205 3.87035e-05
206 3.87035e-05
207 3.87035e-05
208 3.87035e-05
209 3.87035e-05
210 3.87035e-05
211 3.87035e-05
212 3.87035e-05
213 3.87035e-05
214 3.87035e-05
