1 4.02987e-05
2 4.02987e-05
3 4.02987e-05
4 4.02987e-05
5 4.02987e-05
6 4.02987e-05
7 4.02987e-05
8 4.02987e-05
9 4.02987e-05
10 4.02987e-05
11 4.02987e-05
12 4.02987e-05
13 4.02987e-05
14 4.02987e-05
15 4.02987e-05
16 4.02987e-05
17 4.02987e-05
18 4.02987e-05
19 4.02987e-05
20 4.02987e-05
21 4.02987e-05
22 4.02987e-05
23 4.02987e-05
24 4.02987e-05
25 4.02987e-05
26 4.02987e-05
27 4.02987e-05
28 4.02987e-05
29 4.02987e-05
30 4.02987e-05
31 4.02987e-05
32 4.02987e-05
33 4.02987e-05
34 4.02987e-05
35 4.02987e-05
36 4.02987e-05
37 4.02987e-05
38 4.02987e-05
39 4.02987e-05
40 4.02987e-05
41 4.02987e-05
42 4.02987e-05
43 4.02987e-05
44 4.02987e-05
45 4.02987e-05
46 4.02987e-05
47 4.02987e-05
48 4.02987e-05
49 4.02987e-05
50 4.02987e-05
51 4.02987e-05
52 4.02987e-05
53 4.02987e-05
54 4.02987e-05
55 4.02987e-05
56 4.02987e-05
57 4.02987e-05
58 4.02987e-05
59 4.02987e-05
60 4.02987e-05
61 4.02987e-05
62 4.02987e-05
63 4.02987e-05
64 4.02987e-05
65 4.02987e-05
66 4.02987e-05
67 4.02987e-05
68 4.02987e-05
69 4.02987e-05
70 4.02987e-05
71 4.02987e-05
72 4.02987e-05
73 4.02987e-05
74 4.02987e-05
75 4.02987e-05
76 4.02987e-05
77 4.02987e-05
78 4.02987e-05
79 4.02987e-05
80 4.02987e-05
81 4.02987e-05
82 4.02987e-05
83 4.02991e-05
84 4.03011e-05
85 4.03084e-05
86 4.03338e-05
87 4.04174e-05
88 4.06667e-05
89 4.137e-05
90 4.32982e-05
91 4.86459e-05
92 6.42208e-05
93 0.000112304
94 0.000265673
95 0.000751563
96 0.00223187
97 0.00648163
98 0.0178486
99 0.0460031
100 0.1104
101 0.24636
102 0.294844
103 0.382561
104 0.53
105 0.760531
106 0.821641
107 0.904093
108 0.922334
109 0.923549
110 0.912718
111 0.867078
112 0.694504
113 0.580147
114 0.507554
115 0.268214
116 0.132749
117 0.0613107
118 0.0263835
119 0.0105867
120 0.0039776
121 0.00141531
122 0.000491688
123 0.000180545
124 8.18917e-05
125 5.21822e-05
126 4.35961e-05
127 4.11911e-05
128 4.05339e-05
129 4.03582e-05
130 4.03125e-05
131 4.03011e-05
132 4.02991e-05
133 4.02987e-05
134 4.02987e-05
135 4.02987e-05
136 4.02987e-05
137 4.02987e-05
138 4.02987e-05
139 4.02987e-05
140 4.02987e-05
141 4.02987e-05
142 4.02987e-05
143 4.02987e-05
144 4.02987e-05
145 4.02987e-05
146 4.02987e-05
147 4.02987e-05
148 4.02987e-05
149 4.02987e-05
150 4.02987e-05
151 4.02987e-05
152 4.02987e-05
153 4.02987e-05
154 4.02987e-05
155 4.02987e-05
156 4.02987e-05
157 4.02987e-05
158 4.02987e-05
159 4.02987e-05
160 4.02987e-05
161 4.02987e-05
162 4.02987e-05
163 4.02987e-05
164 4.02987e-05
165 4.02987e-05
166 4.02987e-05
167 4.02987e-05
168 4.02987e-05
169 4.02987e-05
170 4.02987e-05
171 4.02987e-05
172 4.02987e-05
173 4.02987e-05
174 4.02987e-05
175 4.02987e-05
176 4.02987e-05
177 4.02987e-05
178 4.02987e-05
179 4.02987e-05
180 4.02987e-05
181 4.02987e-05
182 4.02987e-05
183 4.02987e-05
184 4.02987e-05
185 4.02987e-05
186 4.02987e-05
187 4.02987e-05
188 4.02987e-05
189 4.02987e-05
190 4.02987e-05
191 4.02987e-05
192 4.02987e-05
193 4.02987e-05
194 4.02987e-05
195 4.02987e-05
196 4.02987e-05
197 4.02987e-05
198 4.02987e-05
199 4.02987e-05
200 4.02987e-05
201 4.02987e-05
202 4.02987e-05
203 4.02987e-05
204 4.02987e-05
205 4.02987e-05
206 4.02987e-05
207 4.02987e-05
208 4.02987e-05
209 4.02987e-05
210 4.02987e-05
211 4.02987e-05
212 4.02987e-05
213 4.02987e-05
214 4.02987e-05
