1 4.32619e-05
2 4.32619e-05
3 4.32619e-05
4 4.32619e-05
5 4.32619e-05
6 4.32619e-05
7 4.32619e-05
8 4.32619e-05
9 4.32619e-05
10 4.32619e-05
11 4.32619e-05
12 4.32619e-05
13 4.32619e-05
14 4.32619e-05
15 4.32619e-05
16 4.32619e-05
17 4.32619e-05
18 4.32619e-05
19 4.32619e-05
20 4.32619e-05
21 4.32619e-05
22 4.32619e-05
23 4.32619e-05
24 4.32619e-05
25 4.32619e-05
26 4.32619e-05
27 4.32619e-05
28 4.32619e-05
29 4.32619e-05
30 4.32619e-05
31 4.32619e-05
32 4.32619e-05
33 4.32619e-05
34 4.32619e-05
35 4.32619e-05
36 4.32619e-05
37 4.32619e-05
38 4.32619e-05
39 4.32619e-05
40 4.32619e-05
41 4.32619e-05
42 4.32619e-05
43 4.32619e-05
44 4.32619e-05
45 4.32619e-05
46 4.32619e-05
47 4.32619e-05
48 4.32619e-05
49 4.32619e-05
50 4.32619e-05
51 4.32619e-05
52 4.32619e-05
53 4.32619e-05
54 4.32619e-05
55 4.32619e-05
56 4.32619e-05
57 4.32619e-05
58 4.32619e-05
59 4.32619e-05
60 4.32619e-05
61 4.32619e-05
62 4.32619e-05
63 4.32619e-05
64 4.32619e-05
65 4.32619e-05
66 4.32619e-05
67 4.32619e-05
68 4.32619e-05
69 4.32619e-05
70 4.32619e-05
71 4.32619e-05
72 4.32619e-05
73 4.32619e-05
74 4.32619e-05
75 4.32619e-05
76 4.32619e-05
77 4.32619e-05
78 4.32619e-05
79 4.32619e-05
80 4.32619e-05
81 4.32619e-05
82 4.32619e-05
83 4.32619e-05
84 4.32629e-05
85 4.32672e-05
86 4.32825e-05
87 4.3334e-05
88 4.34998e-05
89 4.39801e-05
90 4.53101e-05
91 4.89459e-05
92 5.91972e-05
93 8.98849e-05
94 0.000186666
95 0.000496723
96 0.00146734
97 0.00435644
98 0.0124045
99 0.0332049
100 0.0828634
101 0.1922
102 0.232785
103 0.309082
104 0.442108
105 0.657692
106 0.716922
107 0.799826
108 0.818835
109 0.820318
110 0.809729
111 0.765727
112 0.602421
113 0.496339
114 0.430605
115 0.220204
116 0.105179
117 0.0467993
118 0.0193891
119 0.00749605
120 0.0027228
121 0.000946084
122 0.000330064
123 0.000129854
124 6.83423e-05
125 5.02938e-05
126 4.5182e-05
127 4.37725e-05
128 4.33923e-05
129 4.32923e-05
130 4.32672e-05
131 4.32629e-05
132 4.32619e-05
133 4.32619e-05
134 4.32619e-05
135 4.32619e-05
136 4.32619e-05
137 4.32619e-05
138 4.32619e-05
139 4.32619e-05
140 4.32619e-05
141 4.32619e-05
142 4.32619e-05
143 4.32619e-05
144 4.32619e-05
145 4.32619e-05
146 4.32619e-05
147 4.32619e-05
148 4.32619e-05
149 4.32619e-05
150 4.32619e-05
151 4.32619e-05
152 4.32619e-05
153 4.32619e-05
154 4.32619e-05
155 4.32619e-05
156 4.32619e-05
157 4.32619e-05
158 4.32619e-05
159 4.32619e-05
160 4.32619e-05
161 4.32619e-05
162 4.32619e-05
163 4.32619e-05
164 4.32619e-05
165 4.32619e-05
166 4.32619e-05
167 4.32619e-05
168 4.32619e-05
169 4.32619e-05
170 4.32619e-05
171 4.32619e-05
172 4.32619e-05
173 4.32619e-05
174 4.32619e-05
175 4.32619e-05
176 4.32619e-05
177 4.32619e-05
178 4.32619e-05
179 4.32619e-05
180 4.32619e-05
181 4.32619e-05
182 4.32619e-05
183 4.32619e-05
184 4.32619e-05
185 4.32619e-05
186 4.32619e-05
187 4.32619e-05
188 4.32619e-05
189 4.32619e-05
190 4.32619e-05
191 4.32619e-05
192 4.32619e-05
193 4.32619e-05
194 4.32619e-05
195 4.32619e-05
196 4.32619e-05
197 4.32619e-05
198 4.32619e-05
199 4.32619e-05
200 4.32619e-05
201 4.32619e-05
202 4.32619e-05
203 4.32619e-05
204 4.32619e-05
205 4.32619e-05
206 4.32619e-05
207 4.32619e-05
208 4.32619e-05
209 4.32619e-05
210 4.32619e-05
211 4.32619e-05
212 4.32619e-05
213 4.32619e-05
214 4.32619e-05
