1 4.31895e-05
2 4.31895e-05
3 4.31895e-05
4 4.31895e-05
5 4.31895e-05
6 4.31895e-05
7 4.31895e-05
8 4.31895e-05
9 4.31895e-05
10 4.31895e-05
11 4.31895e-05
12 4.31895e-05
13 4.31895e-05
14 4.31895e-05
15 4.31895e-05
16 4.31895e-05
17 4.31895e-05
18 4.31895e-05
19 4.31895e-05
20 4.31895e-05
21 4.31895e-05
22 4.31895e-05
23 4.31895e-05
24 4.31895e-05
25 4.31895e-05
26 4.31895e-05
27 4.31895e-05
28 4.31895e-05
29 4.31895e-05
30 4.31895e-05
31 4.31895e-05
32 4.31895e-05
33 4.31895e-05
34 4.31895e-05
35 4.31895e-05
36 4.31895e-05
37 4.31895e-05
38 4.31895e-05
39 4.31895e-05
40 4.31895e-05
41 4.31895e-05
42 4.31895e-05
43 4.31895e-05
44 4.31895e-05
45 4.31895e-05
46 4.31895e-05
47 4.31895e-05
48 4.31895e-05
49 4.31895e-05
50 4.31895e-05
51 4.31895e-05
52 4.31895e-05
53 4.31895e-05
54 4.31895e-05
55 4.31895e-05
56 4.31895e-05
57 4.31895e-05
58 4.31895e-05
59 4.31895e-05
60 4.31895e-05
61 4.31895e-05
62 4.31895e-05
63 4.31895e-05
64 4.31895e-05
65 4.31895e-05
66 4.31895e-05
67 4.31895e-05
68 4.31895e-05
69 4.31895e-05
70 4.31895e-05
71 4.31895e-05
72 4.31895e-05
73 4.31895e-05
74 4.31895e-05
75 4.31895e-05
76 4.31895e-05
77 4.31895e-05
78 4.31895e-05
79 4.31895e-05
80 4.31895e-05
81 4.31895e-05
82 4.31895e-05
83 4.31895e-05
84 4.31904e-05
85 4.31944e-05
86 4.32077e-05
87 4.32516e-05
88 4.33929e-05
89 4.38055e-05
90 4.49533e-05
91 4.80837e-05
92 5.68261e-05
93 8.26907e-05
94 0.000163711
95 0.000423575
96 0.0012432
97 0.00371061
98 0.0106757
99 0.0289333
100 0.0731536
101 0.171912
102 0.209073
103 0.279855
104 0.404806
105 0.609755
106 0.666736
107 0.74748
108 0.76622
109 0.767755
110 0.757528
111 0.715196
112 0.559043
113 0.458312
114 0.396433
115 0.20044
116 0.0945812
117 0.0415554
118 0.0169989
119 0.00649182
120 0.00233299
121 0.000805721
122 0.00028289
123 0.000114917
124 6.38187e-05
125 4.89439e-05
126 4.47558e-05
127 4.36059e-05
128 4.32966e-05
129 4.32152e-05
130 4.31944e-05
131 4.31904e-05
132 4.31895e-05
133 4.31895e-05
134 4.31895e-05
135 4.31895e-05
136 4.31895e-05
137 4.31895e-05
138 4.31895e-05
139 4.31895e-05
140 4.31895e-05
141 4.31895e-05
142 4.31895e-05
143 4.31895e-05
144 4.31895e-05
145 4.31895e-05
146 4.31895e-05
147 4.31895e-05
148 4.31895e-05
149 4.31895e-05
150 4.31895e-05
151 4.31895e-05
152 4.31895e-05
153 4.31895e-05
154 4.31895e-05
155 4.31895e-05
156 4.31895e-05
157 4.31895e-05
158 4.31895e-05
159 4.31895e-05
160 4.31895e-05
161 4.31895e-05
162 4.31895e-05
163 4.31895e-05
164 4.31895e-05
165 4.31895e-05
166 4.31895e-05
167 4.31895e-05
168 4.31895e-05
169 4.31895e-05
170 4.31895e-05
171 4.31895e-05
172 4.31895e-05
173 4.31895e-05
174 4.31895e-05
175 4.31895e-05
176 4.31895e-05
177 4.31895e-05
178 4.31895e-05
179 4.31895e-05
180 4.31895e-05
181 4.31895e-05
182 4.31895e-05
183 4.31895e-05
184 4.31895e-05
185 4.31895e-05
186 4.31895e-05
187 4.31895e-05
188 4.31895e-05
189 4.31895e-05
190 4.31895e-05
191 4.31895e-05
192 4.31895e-05
193 4.31895e-05
194 4.31895e-05
195 4.31895e-05
196 4.31895e-05
197 4.31895e-05
198 4.31895e-05
199 4.31895e-05
200 4.31895e-05
201 4.31895e-05
202 4.31895e-05
203 4.31895e-05
204 4.31895e-05
205 4.31895e-05
206 4.31895e-05
207 4.31895e-05
208 4.31895e-05
209 4.31895e-05
210 4.31895e-05
211 4.31895e-05
212 4.31895e-05
213 4.31895e-05
214 4.31895e-05
