1 4.23922e-05
2 4.23922e-05
3 4.23922e-05
4 4.23922e-05
5 4.23922e-05
6 4.23922e-05
7 4.23922e-05
8 4.23922e-05
9 4.23922e-05
10 4.23922e-05
11 4.23922e-05
12 4.23922e-05
13 4.23922e-05
14 4.23922e-05
15 4.23922e-05
16 4.23922e-05
17 4.23922e-05
18 4.23922e-05
19 4.23922e-05
20 4.23922e-05
21 4.23922e-05
22 4.23922e-05
23 4.23922e-05
24 4.23922e-05
25 4.23922e-05
26 4.23922e-05
27 4.23922e-05
28 4.23922e-05
29 4.23922e-05
30 4.23922e-05
31 4.23922e-05
32 4.23922e-05
33 4.23922e-05
34 4.23922e-05
35 4.23922e-05
36 4.23922e-05
37 4.23922e-05
38 4.23922e-05
39 4.23922e-05
40 4.23922e-05
41 4.23922e-05
42 4.23922e-05
43 4.23922e-05
44 4.23922e-05
45 4.23922e-05
46 4.23922e-05
47 4.23922e-05
48 4.23922e-05
49 4.23922e-05
50 4.23922e-05
51 4.23922e-05
52 4.23922e-05
53 4.23922e-05
54 4.23922e-05
55 4.23922e-05
56 4.23922e-05
57 4.23922e-05
58 4.23922e-05
59 4.23922e-05
60 4.23922e-05
61 4.23922e-05
62 4.23922e-05
63 4.23922e-05
64 4.23922e-05
65 4.23922e-05
66 4.23922e-05
67 4.23922e-05
68 4.23922e-05
69 4.23922e-05
70 4.23922e-05
71 4.23922e-05
72 4.23922e-05
73 4.23922e-05
74 4.23922e-05
75 4.23922e-05
76 4.23922e-05
77 4.23922e-05
78 4.23922e-05
79 4.23922e-05
80 4.23922e-05
81 4.23922e-05
82 4.23922e-05
83 4.23922e-05
84 4.23922e-05
85 4.23948e-05
86 4.24049e-05
87 4.24395e-05
88 4.25562e-05
89 4.29037e-05
90 4.38768e-05
91 4.653e-05
92 5.38776e-05
93 7.53556e-05
94 0.000142088
95 0.000356067
96 0.00103543
97 0.00310286
98 0.00901552
99 0.0247345
100 0.0633598
101 0.150867
102 0.184252
103 0.248688
104 0.363873
105 0.555098
106 0.608901
107 0.686083
108 0.704217
109 0.705773
110 0.696072
111 0.656066
112 0.509384
113 0.415442
114 0.358251
115 0.179055
116 0.0834565
117 0.0362041
118 0.0146224
119 0.00551672
120 0.00196229
121 0.000674388
122 0.00023902
123 0.000100721
124 5.90514e-05
125 4.70126e-05
126 4.36422e-05
127 4.2721e-05
128 4.24743e-05
129 4.24096e-05
130 4.23948e-05
131 4.23922e-05
132 4.23922e-05
133 4.23922e-05
134 4.23922e-05
135 4.23922e-05
136 4.23922e-05
137 4.23922e-05
138 4.23922e-05
139 4.23922e-05
140 4.23922e-05
141 4.23922e-05
142 4.23922e-05
143 4.23922e-05
144 4.23922e-05
145 4.23922e-05
146 4.23922e-05
147 4.23922e-05
148 4.23922e-05
149 4.23922e-05
150 4.23922e-05
151 4.23922e-05
152 4.23922e-05
153 4.23922e-05
154 4.23922e-05
155 4.23922e-05
156 4.23922e-05
157 4.23922e-05
158 4.23922e-05
159 4.23922e-05
160 4.23922e-05
161 4.23922e-05
162 4.23922e-05
163 4.23922e-05
164 4.23922e-05
165 4.23922e-05
166 4.23922e-05
167 4.23922e-05
168 4.23922e-05
169 4.23922e-05
170 4.23922e-05
171 4.23922e-05
172 4.23922e-05
173 4.23922e-05
174 4.23922e-05
175 4.23922e-05
176 4.23922e-05
177 4.23922e-05
178 4.23922e-05
179 4.23922e-05
180 4.23922e-05
181 4.23922e-05
182 4.23922e-05
183 4.23922e-05
184 4.23922e-05
185 4.23922e-05
186 4.23922e-05
187 4.23922e-05
188 4.23922e-05
189 4.23922e-05
190 4.23922e-05
191 4.23922e-05
192 4.23922e-05
193 4.23922e-05
194 4.23922e-05
195 4.23922e-05
196 4.23922e-05
197 4.23922e-05
198 4.23922e-05
199 4.23922e-05
200 4.23922e-05
201 4.23922e-05
202 4.23922e-05
203 4.23922e-05
204 4.23922e-05
205 4.23922e-05
206 4.23922e-05
207 4.23922e-05
208 4.23922e-05
209 4.23922e-05
210 4.23922e-05
211 4.23922e-05
212 4.23922e-05
213 4.23922e-05
214 4.23922e-05
