1 4.08009e-05
2 4.08009e-05
3 4.08009e-05
4 4.08009e-05
5 4.08009e-05
6 4.08009e-05
7 4.08009e-05
8 4.08009e-05
9 4.08009e-05
10 4.08009e-05
11 4.08009e-05
12 4.08009e-05
13 4.08009e-05
14 4.08009e-05
15 4.08009e-05
16 4.08009e-05
17 4.08009e-05
18 4.08009e-05
19 4.08009e-05
20 4.08009e-05
21 4.08009e-05
22 4.08009e-05
23 4.08009e-05
24 4.08009e-05
25 4.08009e-05
26 4.08009e-05
27 4.08009e-05
28 4.08009e-05
29 4.08009e-05
30 4.08009e-05
31 4.08009e-05
32 4.08009e-05
33 4.08009e-05
34 4.08009e-05
35 4.08009e-05
36 4.08009e-05
37 4.08009e-05
38 4.08009e-05
39 4.08009e-05
40 4.08009e-05
41 4.08009e-05
42 4.08009e-05
43 4.08009e-05
44 4.08009e-05
45 4.08009e-05
46 4.08009e-05
47 4.08009e-05
48 4.08009e-05
49 4.08009e-05
50 4.08009e-05
51 4.08009e-05
52 4.08009e-05
53 4.08009e-05
54 4.08009e-05
55 4.08009e-05
56 4.08009e-05
57 4.08009e-05
58 4.08009e-05
59 4.08009e-05
60 4.08009e-05
61 4.08009e-05
62 4.08009e-05
63 4.08009e-05
64 4.08009e-05
65 4.08009e-05
66 4.08009e-05
67 4.08009e-05
68 4.08009e-05
69 4.08009e-05
70 4.08009e-05
71 4.08009e-05
72 4.08009e-05
73 4.08009e-05
74 4.08009e-05
75 4.08009e-05
76 4.08009e-05
77 4.08009e-05
78 4.08009e-05
79 4.08009e-05
80 4.08009e-05
81 4.08009e-05
82 4.08009e-05
83 4.08009e-05
84 4.08009e-05
85 4.08029e-05
86 4.0811e-05
87 4.08389e-05
88 4.09297e-05
89 4.12155e-05
90 4.20228e-05
91 4.423e-05
92 5.03005e-05
93 6.78337e-05
94 0.000121798
95 0.000294529
96 0.00084599
97 0.00254155
98 0.00745323
99 0.0206954
100 0.053709
101 0.12959
102 0.158944
103 0.216366
104 0.32032
105 0.495014
106 0.544753
107 0.616989
108 0.634171
109 0.635712
110 0.626698
111 0.589645
112 0.454617
113 0.36878
114 0.31701
115 0.156594
116 0.0720846
117 0.0308732
118 0.0123113
119 0.00458926
120 0.00161646
121 0.000553593
122 0.000198739
123 8.72569e-05
124 5.39764e-05
125 4.44309e-05
126 4.17742e-05
127 4.10515e-05
128 4.08595e-05
129 4.0811e-05
130 4.08029e-05
131 4.08009e-05
132 4.08009e-05
133 4.08009e-05
134 4.08009e-05
135 4.08009e-05
136 4.08009e-05
137 4.08009e-05
138 4.08009e-05
139 4.08009e-05
140 4.08009e-05
141 4.08009e-05
142 4.08009e-05
143 4.08009e-05
144 4.08009e-05
145 4.08009e-05
146 4.08009e-05
147 4.08009e-05
148 4.08009e-05
149 4.08009e-05
150 4.08009e-05
151 4.08009e-05
152 4.08009e-05
153 4.08009e-05
154 4.08009e-05
155 4.08009e-05
156 4.08009e-05
157 4.08009e-05
158 4.08009e-05
159 4.08009e-05
160 4.08009e-05
161 4.08009e-05
162 4.08009e-05
163 4.08009e-05
164 4.08009e-05
165 4.08009e-05
166 4.08009e-05
167 4.08009e-05
168 4.08009e-05
169 4.08009e-05
170 4.08009e-05
171 4.08009e-05
172 4.08009e-05
173 4.08009e-05
174 4.08009e-05
175 4.08009e-05
176 4.08009e-05
177 4.08009e-05
178 4.08009e-05
179 4.08009e-05
180 4.08009e-05
181 4.08009e-05
182 4.08009e-05
183 4.08009e-05
184 4.08009e-05
185 4.08009e-05
186 4.08009e-05
187 4.08009e-05
188 4.08009e-05
189 4.08009e-05
190 4.08009e-05
191 4.08009e-05
192 4.08009e-05
193 4.08009e-05
194 4.08009e-05
195 4.08009e-05
196 4.08009e-05
197 4.08009e-05
198 4.08009e-05
199 4.08009e-05
200 4.08009e-05
201 4.08009e-05
202 4.08009e-05
203 4.08009e-05
204 4.08009e-05
205 4.08009e-05
206 4.08009e-05
207 4.08009e-05
208 4.08009e-05
209 4.08009e-05
210 4.08009e-05
211 4.08009e-05
212 4.08009e-05
213 4.08009e-05
214 4.08009e-05
