1 3.54166e-05
2 3.54166e-05
3 3.54166e-05
4 3.54166e-05
5 3.54166e-05
6 3.54166e-05
7 3.54166e-05
8 3.54166e-05
9 3.54166e-05
10 3.54166e-05
11 3.54166e-05
12 3.54166e-05
13 3.54166e-05
14 3.54166e-05
15 3.54166e-05
16 3.54166e-05
17 3.54166e-05
18 3.54166e-05
19 3.54166e-05
20 3.54166e-05
21 3.54166e-05
22 3.54166e-05
23 3.54166e-05
24 3.54166e-05
25 3.54166e-05
26 3.54166e-05
27 3.54166e-05
28 3.54166e-05
29 3.54166e-05
30 3.54166e-05
31 3.54166e-05
32 3.54166e-05
33 3.54166e-05
34 3.54166e-05
35 3.54166e-05
36 3.54166e-05
37 3.54166e-05
38 3.54166e-05
39 3.54166e-05
40 3.54166e-05
41 3.54166e-05
42 3.54166e-05
43 3.54166e-05
44 3.54166e-05
45 3.54166e-05
46 3.54166e-05
47 3.54166e-05
48 3.54166e-05
49 3.54166e-05
50 3.54166e-05
51 3.54166e-05
52 3.54166e-05
53 3.54166e-05
54 3.54166e-05
55 3.54166e-05
56 3.54166e-05
57 3.54166e-05
58 3.54166e-05
59 3.54166e-05
60 3.54166e-05
61 3.54166e-05
62 3.54166e-05
63 3.54166e-05
64 3.54166e-05
65 3.54166e-05
66 3.54166e-05
67 3.54166e-05
68 3.54166e-05
69 3.54166e-05
70 3.54166e-05
71 3.54166e-05
72 3.54166e-05
73 3.54166e-05
74 3.54166e-05
75 3.54166e-05
76 3.54166e-05
77 3.54166e-05
78 3.54166e-05
79 3.54166e-05
80 3.54166e-05
81 3.54166e-05
82 3.54166e-05
83 3.54166e-05
84 3.54166e-05
85 3.54166e-05
86 3.5421e-05
87 3.54375e-05
88 3.54924e-05
89 3.56731e-05
90 3.61964e-05
91 3.76347e-05
92 4.15496e-05
93 5.25972e-05
94 8.58521e-05
95 0.000191413
96 0.000530985
97 0.00159469
98 0.00475318
99 0.0135081
100 0.0359762
101 0.0891439
102 0.110299
103 0.152828
104 0.231834
105 0.367903
106 0.407578
107 0.466634
108 0.481031
109 0.482434
110 0.475154
111 0.445403
112 0.338327
113 0.271324
114 0.231702
115 0.111739
116 0.0501534
117 0.0209333
118 0.00813792
119 0.00296301
120 0.0010252
121 0.000350457
122 0.000130597
123 6.29786e-05
124 4.314e-05
125 3.7524e-05
126 3.59756e-05
127 3.55574e-05
128 3.54466e-05
129 3.5421e-05
130 3.54166e-05
131 3.54166e-05
132 3.54166e-05
133 3.54166e-05
134 3.54166e-05
135 3.54166e-05
136 3.54166e-05
137 3.54166e-05
138 3.54166e-05
139 3.54166e-05
140 3.54166e-05
141 3.54166e-05
142 3.54166e-05
143 3.54166e-05
144 3.54166e-05
145 3.54166e-05
146 3.54166e-05
147 3.54166e-05
148 3.54166e-05
149 3.54166e-05
150 3.54166e-05
151 3.54166e-05
152 3.54166e-05
153 3.54166e-05
154 3.54166e-05
155 3.54166e-05
156 3.54166e-05
157 3.54166e-05
158 3.54166e-05
159 3.54166e-05
160 3.54166e-05
161 3.54166e-05
162 3.54166e-05
163 3.54166e-05
164 3.54166e-05
165 3.54166e-05
166 3.54166e-05
167 3.54166e-05
168 3.54166e-05
169 3.54166e-05
170 3.54166e-05
171 3.54166e-05
172 3.54166e-05
173 3.54166e-05
174 3.54166e-05
175 3.54166e-05
176 3.54166e-05
177 3.54166e-05
178 3.54166e-05
179 3.54166e-05
180 3.54166e-05
181 3.54166e-05
182 3.54166e-05
183 3.54166e-05
184 3.54166e-05
185 3.54166e-05
186 3.54166e-05
187 3.54166e-05
188 3.54166e-05
189 3.54166e-05
190 3.54166e-05
191 3.54166e-05
192 3.54166e-05
193 3.54166e-05
194 3.54166e-05
195 3.54166e-05
196 3.54166e-05
197 3.54166e-05
198 3.54166e-05
199 3.54166e-05
200 3.54166e-05
201 3.54166e-05
202 3.54166e-05
203 3.54166e-05
204 3.54166e-05
205 3.54166e-05
206 3.54166e-05
207 3.54166e-05
208 3.54166e-05
209 3.54166e-05
210 3.54166e-05
211 3.54166e-05
212 3.54166e-05
213 3.54166e-05
214 3.54166e-05
