1 2.82387e-05
2 2.82387e-05
3 2.82387e-05
4 2.82387e-05
5 2.82387e-05
6 2.82387e-05
7 2.82387e-05
8 2.82387e-05
9 2.82387e-05
10 2.82387e-05
11 2.82387e-05
12 2.82387e-05
13 2.82387e-05
14 2.82387e-05
15 2.82387e-05
16 2.82387e-05
17 2.82387e-05
18 2.82387e-05
19 2.82387e-05
20 2.82387e-05
21 2.82387e-05
22 2.82387e-05
23 2.82387e-05
24 2.82387e-05
25 2.82387e-05
26 2.82387e-05
27 2.82387e-05
28 2.82387e-05
29 2.82387e-05
30 2.82387e-05
31 2.82387e-05
32 2.82387e-05
33 2.82387e-05
34 2.82387e-05
35 2.82387e-05
36 2.82387e-05
37 2.82387e-05
38 2.82387e-05
39 2.82387e-05
40 2.82387e-05
41 2.82387e-05
42 2.82387e-05
43 2.82387e-05
44 2.82387e-05
45 2.82387e-05
46 2.82387e-05
47 2.82387e-05
48 2.82387e-05
49 2.82387e-05
50 2.82387e-05
51 2.82387e-05
52 2.82387e-05
53 2.82387e-05
54 2.82387e-05
55 2.82387e-05
56 2.82387e-05
57 2.82387e-05
58 2.82387e-05
59 2.82387e-05
60 2.82387e-05
61 2.82387e-05
62 2.82387e-05
63 2.82387e-05
64 2.82387e-05
65 2.82387e-05
66 2.82387e-05
67 2.82387e-05
68 2.82387e-05
69 2.82387e-05
70 2.82387e-05
71 2.82387e-05
72 2.82387e-05
73 2.82387e-05
74 2.82387e-05
75 2.82387e-05
76 2.82387e-05
77 2.82387e-05
78 2.82387e-05
79 2.82387e-05
80 2.82387e-05
81 2.82387e-05
82 2.82387e-05
83 2.82387e-05
84 2.82387e-05
85 2.82387e-05
86 2.8241e-05
87 2.82517e-05
88 2.82845e-05
89 2.83856e-05
90 2.86962e-05
91 2.95584e-05
92 3.18983e-05
93 3.83707e-05
94 5.73703e-05
95 0.000116805
96 0.000308399
97 0.000917881
98 0.0027701
99 0.00804543
100 0.0219807
101 0.0559396
102 0.0698429
103 0.0985891
104 0.153419
105 0.250241
106 0.279156
107 0.323267
108 0.334289
109 0.335449
110 0.33006
111 0.30815
112 0.230317
113 0.182437
114 0.154715
115 0.0727935
116 0.031844
117 0.0129503
118 0.00490896
119 0.00174753
120 0.000595828
121 0.000205077
122 8.07083e-05
123 4.3216e-05
124 3.23884e-05
125 2.93597e-05
126 2.85314e-05
127 2.83092e-05
128 2.82517e-05
129 2.8241e-05
130 2.82387e-05
131 2.82387e-05
132 2.82387e-05
133 2.82387e-05
134 2.82387e-05
135 2.82387e-05
136 2.82387e-05
137 2.82387e-05
138 2.82387e-05
139 2.82387e-05
140 2.82387e-05
141 2.82387e-05
142 2.82387e-05
143 2.82387e-05
144 2.82387e-05
145 2.82387e-05
146 2.82387e-05
147 2.82387e-05
148 2.82387e-05
149 2.82387e-05
150 2.82387e-05
151 2.82387e-05
152 2.82387e-05
153 2.82387e-05
154 2.82387e-05
155 2.82387e-05
156 2.82387e-05
157 2.82387e-05
158 2.82387e-05
159 2.82387e-05
160 2.82387e-05
161 2.82387e-05
162 2.82387e-05
163 2.82387e-05
164 2.82387e-05
165 2.82387e-05
166 2.82387e-05
167 2.82387e-05
168 2.82387e-05
169 2.82387e-05
170 2.82387e-05
171 2.82387e-05
172 2.82387e-05
173 2.82387e-05
174 2.82387e-05
175 2.82387e-05
176 2.82387e-05
177 2.82387e-05
178 2.82387e-05
179 2.82387e-05
180 2.82387e-05
181 2.82387e-05
182 2.82387e-05
183 2.82387e-05
184 2.82387e-05
185 2.82387e-05
186 2.82387e-05
187 2.82387e-05
188 2.82387e-05
189 2.82387e-05
190 2.82387e-05
191 2.82387e-05
192 2.82387e-05
193 2.82387e-05
194 2.82387e-05
195 2.82387e-05
196 2.82387e-05
197 2.82387e-05
198 2.82387e-05
199 2.82387e-05
200 2.82387e-05
201 2.82387e-05
202 2.82387e-05
203 2.82387e-05
204 2.82387e-05
205 2.82387e-05
206 2.82387e-05
207 2.82387e-05
208 2.82387e-05
209 2.82387e-05
210 2.82387e-05
211 2.82387e-05
212 2.82387e-05
213 2.82387e-05
214 2.82387e-05
