1 2.10067e-05
2 2.10067e-05
3 2.10067e-05
4 2.10067e-05
5 2.10067e-05
6 2.10067e-05
7 2.10067e-05
8 2.10067e-05
9 2.10067e-05
10 2.10067e-05
11 2.10067e-05
12 2.10067e-05
13 2.10067e-05
14 2.10067e-05
15 2.10067e-05
16 2.10067e-05
17 2.10067e-05
18 2.10067e-05
19 2.10067e-05
20 2.10067e-05
21 2.10067e-05
22 2.10067e-05
23 2.10067e-05
24 2.10067e-05
25 2.10067e-05
26 2.10067e-05
27 2.10067e-05
28 2.10067e-05
29 2.10067e-05
30 2.10067e-05
31 2.10067e-05
32 2.10067e-05
33 2.10067e-05
34 2.10067e-05
35 2.10067e-05
36 2.10067e-05
37 2.10067e-05
38 2.10067e-05
39 2.10067e-05
40 2.10067e-05
41 2.10067e-05
42 2.10067e-05
43 2.10067e-05
44 2.10067e-05
45 2.10067e-05
46 2.10067e-05
47 2.10067e-05
48 2.10067e-05
49 2.10067e-05
50 2.10067e-05
51 2.10067e-05
52 2.10067e-05
53 2.10067e-05
54 2.10067e-05
55 2.10067e-05
56 2.10067e-05
57 2.10067e-05
58 2.10067e-05
59 2.10067e-05
60 2.10067e-05
61 2.10067e-05
62 2.10067e-05
63 2.10067e-05
64 2.10067e-05
65 2.10067e-05
66 2.10067e-05
67 2.10067e-05
68 2.10067e-05
69 2.10067e-05
70 2.10067e-05
71 2.10067e-05
72 2.10067e-05
73 2.10067e-05
74 2.10067e-05
75 2.10067e-05
76 2.10067e-05
77 2.10067e-05
78 2.10067e-05
79 2.10067e-05
80 2.10067e-05
81 2.10067e-05
82 2.10067e-05
83 2.10067e-05
84 2.10067e-05
85 2.10067e-05
86 2.10067e-05
87 2.1011e-05
88 2.10298e-05
89 2.10845e-05
90 2.12447e-05
91 2.1728e-05
92 2.30402e-05
93 2.66224e-05
94 3.68707e-05
95 6.82826e-05
96 0.000169127
97 0.000493579
98 0.00150064
99 0.00444517
100 0.0124497
101 0.0325409
102 0.0410076
103 0.0590236
104 0.0943313
105 0.158292
106 0.177859
107 0.208452
108 0.216288
109 0.217171
110 0.213454
111 0.198414
112 0.145726
113 0.113907
114 0.0958949
115 0.0439928
116 0.0187497
117 0.00742886
118 0.00274677
119 0.000957392
120 0.000323041
121 0.000113204
122 4.78989e-05
123 2.8574e-05
124 2.3074e-05
125 2.15506e-05
126 2.11373e-05
127 2.10298e-05
128 2.1011e-05
129 2.10067e-05
130 2.10067e-05
131 2.10067e-05
132 2.10067e-05
133 2.10067e-05
134 2.10067e-05
135 2.10067e-05
136 2.10067e-05
137 2.10067e-05
138 2.10067e-05
139 2.10067e-05
140 2.10067e-05
141 2.10067e-05
142 2.10067e-05
143 2.10067e-05
144 2.10067e-05
145 2.10067e-05
146 2.10067e-05
147 2.10067e-05
148 2.10067e-05
149 2.10067e-05
150 2.10067e-05
151 2.10067e-05
152 2.10067e-05
153 2.10067e-05
154 2.10067e-05
155 2.10067e-05
156 2.10067e-05
157 2.10067e-05
158 2.10067e-05
159 2.10067e-05
160 2.10067e-05
161 2.10067e-05
162 2.10067e-05
163 2.10067e-05
164 2.10067e-05
165 2.10067e-05
166 2.10067e-05
167 2.10067e-05
168 2.10067e-05
169 2.10067e-05
170 2.10067e-05
171 2.10067e-05
172 2.10067e-05
173 2.10067e-05
174 2.10067e-05
175 2.10067e-05
176 2.10067e-05
177 2.10067e-05
178 2.10067e-05
179 2.10067e-05
180 2.10067e-05
181 2.10067e-05
182 2.10067e-05
183 2.10067e-05
184 2.10067e-05
185 2.10067e-05
186 2.10067e-05
187 2.10067e-05
188 2.10067e-05
189 2.10067e-05
190 2.10067e-05
191 2.10067e-05
192 2.10067e-05
193 2.10067e-05
194 2.10067e-05
195 2.10067e-05
196 2.10067e-05
197 2.10067e-05
198 2.10067e-05
199 2.10067e-05
200 2.10067e-05
201 2.10067e-05
202 2.10067e-05
203 2.10067e-05
204 2.10067e-05
205 2.10067e-05
206 2.10067e-05
207 2.10067e-05
208 2.10067e-05
209 2.10067e-05
210 2.10067e-05
211 2.10067e-05
212 2.10067e-05
213 2.10067e-05
214 2.10067e-05
