1 8.65233e-06
2 8.65233e-06
3 8.65233e-06
4 8.65233e-06
5 8.65233e-06
6 8.65233e-06
7 8.65233e-06
8 8.65233e-06
9 8.65233e-06
10 8.65233e-06
11 8.65233e-06
12 8.65233e-06
13 8.65233e-06
14 8.65233e-06
15 8.65233e-06
16 8.65233e-06
17 8.65233e-06
18 8.65233e-06
19 8.65233e-06
20 8.65233e-06
21 8.65233e-06
22 8.65233e-06
23 8.65233e-06
24 8.65233e-06
25 8.65233e-06
26 8.65233e-06
27 8.65233e-06
28 8.65233e-06
29 8.65233e-06
30 8.65233e-06
31 8.65233e-06
32 8.65233e-06
33 8.65233e-06
34 8.65233e-06
35 8.65233e-06
36 8.65233e-06
37 8.65233e-06
38 8.65233e-06
39 8.65233e-06
40 8.65233e-06
41 8.65233e-06
42 8.65233e-06
43 8.65233e-06
44 8.65233e-06
45 8.65233e-06
46 8.65233e-06
47 8.65233e-06
48 8.65233e-06
49 8.65233e-06
50 8.65233e-06
51 8.65233e-06
52 8.65233e-06
53 8.65233e-06
54 8.65233e-06
55 8.65233e-06
56 8.65233e-06
57 8.65233e-06
58 8.65233e-06
59 8.65233e-06
60 8.65233e-06
61 8.65233e-06
62 8.65233e-06
63 8.65233e-06
64 8.65233e-06
65 8.65233e-06
66 8.65233e-06
67 8.65233e-06
68 8.65233e-06
69 8.65233e-06
70 8.65233e-06
71 8.65233e-06
72 8.65233e-06
73 8.65233e-06
74 8.65233e-06
75 8.65233e-06
76 8.65233e-06
77 8.65233e-06
78 8.65233e-06
79 8.65233e-06
80 8.65233e-06
81 8.65233e-06
82 8.65233e-06
83 8.65233e-06
84 8.65233e-06
85 8.65233e-06
86 8.65233e-06
87 8.65233e-06
88 8.65233e-06
89 8.66058e-06
90 8.68931e-06
91 8.77753e-06
92 9.04905e-06
93 9.78138e-06
94 1.17749e-05
95 1.74957e-05
96 3.5155e-05
97 9.2219e-05
98 0.000276394
99 0.000847772
100 0.00251256
101 0.00701114
102 0.00904993
103 0.0137257
104 0.0235632
105 0.042612
106 0.0488106
107 0.0591228
108 0.0619297
109 0.0622954
110 0.0610393
111 0.0560235
112 0.0391435
113 0.0294723
114 0.0243254
115 0.0104539
116 0.00416977
117 0.00154844
118 0.000539759
119 0.000180373
120 6.11153e-05
121 2.39473e-05
122 1.29483e-05
123 9.82014e-06
124 8.95426e-06
125 8.71932e-06
126 8.66058e-06
127 8.65233e-06
128 8.65233e-06
129 8.65233e-06
130 8.65233e-06
131 8.65233e-06
132 8.65233e-06
133 8.65233e-06
134 8.65233e-06
135 8.65233e-06
136 8.65233e-06
137 8.65233e-06
138 8.65233e-06
139 8.65233e-06
140 8.65233e-06
141 8.65233e-06
142 8.65233e-06
143 8.65233e-06
144 8.65233e-06
145 8.65233e-06
146 8.65233e-06
147 8.65233e-06
148 8.65233e-06
149 8.65233e-06
150 8.65233e-06
151 8.65233e-06
152 8.65233e-06
153 8.65233e-06
154 8.65233e-06
155 8.65233e-06
156 8.65233e-06
157 8.65233e-06
158 8.65233e-06
159 8.65233e-06
160 8.65233e-06
161 8.65233e-06
162 8.65233e-06
163 8.65233e-06
164 8.65233e-06
165 8.65233e-06
166 8.65233e-06
167 8.65233e-06
168 8.65233e-06
169 8.65233e-06
170 8.65233e-06
171 8.65233e-06
172 8.65233e-06
173 8.65233e-06
174 8.65233e-06
175 8.65233e-06
176 8.65233e-06
177 8.65233e-06
178 8.65233e-06
179 8.65233e-06
180 8.65233e-06
181 8.65233e-06
182 8.65233e-06
183 8.65233e-06
184 8.65233e-06
185 8.65233e-06
186 8.65233e-06
187 8.65233e-06
188 8.65233e-06
189 8.65233e-06
190 8.65233e-06
191 8.65233e-06
192 8.65233e-06
193 8.65233e-06
194 8.65233e-06
195 8.65233e-06
196 8.65233e-06
197 8.65233e-06
198 8.65233e-06
199 8.65233e-06
200 8.65233e-06
201 8.65233e-06
202 8.65233e-06
203 8.65233e-06
204 8.65233e-06
205 8.65233e-06
206 8.65233e-06
207 8.65233e-06
208 8.65233e-06
209 8.65233e-06
210 8.65233e-06
211 8.65233e-06
212 8.65233e-06
213 8.65233e-06
214 8.65233e-06
