1 4.15787e-06
2 4.15787e-06
3 4.15787e-06
4 4.15787e-06
5 4.15787e-06
6 4.15787e-06
7 4.15787e-06
8 4.15787e-06
9 4.15787e-06
10 4.15787e-06
11 4.15787e-06
12 4.15787e-06
13 4.15787e-06
14 4.15787e-06
15 4.15787e-06
16 4.15787e-06
17 4.15787e-06
18 4.15787e-06
19 4.15787e-06
20 4.15787e-06
21 4.15787e-06
22 4.15787e-06
23 4.15787e-06
24 4.15787e-06
25 4.15787e-06
26 4.15787e-06
27 4.15787e-06
28 4.15787e-06
29 4.15787e-06
30 4.15787e-06
31 4.15787e-06
32 4.15787e-06
33 4.15787e-06
34 4.15787e-06
35 4.15787e-06
36 4.15787e-06
37 4.15787e-06
38 4.15787e-06
39 4.15787e-06
40 4.15787e-06
41 4.15787e-06
42 4.15787e-06
43 4.15787e-06
44 4.15787e-06
45 4.15787e-06
46 4.15787e-06
47 4.15787e-06
48 4.15787e-06
49 4.15787e-06
50 4.15787e-06
51 4.15787e-06
52 4.15787e-06
53 4.15787e-06
54 4.15787e-06
55 4.15787e-06
56 4.15787e-06
57 4.15787e-06
58 4.15787e-06
59 4.15787e-06
60 4.15787e-06
61 4.15787e-06
62 4.15787e-06
63 4.15787e-06
64 4.15787e-06
65 4.15787e-06
66 4.15787e-06
67 4.15787e-06
68 4.15787e-06
69 4.15787e-06
70 4.15787e-06
71 4.15787e-06
72 4.15787e-06
73 4.15787e-06
74 4.15787e-06
75 4.15787e-06
76 4.15787e-06
77 4.15787e-06
78 4.15787e-06
79 4.15787e-06
80 4.15787e-06
81 4.15787e-06
82 4.15787e-06
83 4.15787e-06
84 4.15787e-06
85 4.15787e-06
86 4.15787e-06
87 4.15787e-06
88 4.15787e-06
89 4.15787e-06
90 4.16446e-06
91 4.187e-06
92 4.25171e-06
93 4.45602e-06
94 5.01102e-06
95 6.53202e-06
96 1.09783e-05
97 2.49625e-05
98 7.05287e-05
99 0.000217068
100 0.000666151
101 0.00195156
102 0.00256832
103 0.00407492
104 0.00744108
105 0.014339
106 0.0167029
107 0.0208416
108 0.0220237
109 0.0221923
110 0.0216782
111 0.0196568
112 0.0131115
113 0.00953889
114 0.00773833
115 0.00315112
116 0.00119159
117 0.000420882
118 0.00014088
119 4.64105e-05
120 1.65764e-05
121 7.66259e-06
122 5.11166e-06
123 4.40271e-06
124 4.20975e-06
125 4.16446e-06
126 4.15787e-06
127 4.15787e-06
128 4.15787e-06
129 4.15787e-06
130 4.15787e-06
131 4.15787e-06
132 4.15787e-06
133 4.15787e-06
134 4.15787e-06
135 4.15787e-06
136 4.15787e-06
137 4.15787e-06
138 4.15787e-06
139 4.15787e-06
140 4.15787e-06
141 4.15787e-06
142 4.15787e-06
143 4.15787e-06
144 4.15787e-06
145 4.15787e-06
146 4.15787e-06
147 4.15787e-06
148 4.15787e-06
149 4.15787e-06
150 4.15787e-06
151 4.15787e-06
152 4.15787e-06
153 4.15787e-06
154 4.15787e-06
155 4.15787e-06
156 4.15787e-06
157 4.15787e-06
158 4.15787e-06
159 4.15787e-06
160 4.15787e-06
161 4.15787e-06
162 4.15787e-06
163 4.15787e-06
164 4.15787e-06
165 4.15787e-06
166 4.15787e-06
167 4.15787e-06
168 4.15787e-06
169 4.15787e-06
170 4.15787e-06
171 4.15787e-06
172 4.15787e-06
173 4.15787e-06
174 4.15787e-06
175 4.15787e-06
176 4.15787e-06
177 4.15787e-06
178 4.15787e-06
179 4.15787e-06
180 4.15787e-06
181 4.15787e-06
182 4.15787e-06
183 4.15787e-06
184 4.15787e-06
185 4.15787e-06
186 4.15787e-06
187 4.15787e-06
188 4.15787e-06
189 4.15787e-06
190 4.15787e-06
191 4.15787e-06
192 4.15787e-06
193 4.15787e-06
194 4.15787e-06
195 4.15787e-06
196 4.15787e-06
197 4.15787e-06
198 4.15787e-06
199 4.15787e-06
200 4.15787e-06
201 4.15787e-06
202 4.15787e-06
203 4.15787e-06
204 4.15787e-06
205 4.15787e-06
206 4.15787e-06
207 4.15787e-06
208 4.15787e-06
209 4.15787e-06
210 4.15787e-06
211 4.15787e-06
212 4.15787e-06
213 4.15787e-06
214 4.15787e-06
