1 3.45666e-06
2 3.45666e-06
3 3.45666e-06
4 3.45666e-06
5 3.45666e-06
6 3.45666e-06
7 3.45666e-06
8 3.45666e-06
9 3.45666e-06
10 3.45666e-06
11 3.45666e-06
12 3.45666e-06
13 3.45666e-06
14 3.45666e-06
15 3.45666e-06
16 3.45666e-06
17 3.45666e-06
18 3.45666e-06
19 3.45666e-06
20 3.45666e-06
21 3.45666e-06
22 3.45666e-06
23 3.45666e-06
24 3.45666e-06
25 3.45666e-06
26 3.45666e-06
27 3.45666e-06
28 3.45666e-06
29 3.45666e-06
30 3.45666e-06
31 3.45666e-06
32 3.45666e-06
33 3.45666e-06
34 3.45666e-06
35 3.45666e-06
36 3.45666e-06
37 3.45666e-06
38 3.45666e-06
39 3.45666e-06
40 3.45666e-06
41 3.45666e-06
42 3.45666e-06
43 3.45666e-06
44 3.45666e-06
45 3.45666e-06
46 3.45666e-06
47 3.45666e-06
48 3.45666e-06
49 3.45666e-06
50 3.45666e-06
51 3.45666e-06
52 3.45666e-06
53 3.45666e-06
54 3.45666e-06
55 3.45666e-06
56 3.45666e-06
57 3.45666e-06
58 3.45666e-06
59 3.45666e-06
60 3.45666e-06
61 3.45666e-06
62 3.45666e-06
63 3.45666e-06
64 3.45666e-06
65 3.45666e-06
66 3.45666e-06
67 3.45666e-06
68 3.45666e-06
69 3.45666e-06
70 3.45666e-06
71 3.45666e-06
72 3.45666e-06
73 3.45666e-06
74 3.45666e-06
75 3.45666e-06
76 3.45666e-06
77 3.45666e-06
78 3.45666e-06
79 3.45666e-06
80 3.45666e-06
81 3.45666e-06
82 3.45666e-06
83 3.45666e-06
84 3.45666e-06
85 3.45666e-06
86 3.45666e-06
87 3.45666e-06
88 3.45666e-06
89 3.45666e-06
90 3.46137e-06
91 3.48033e-06
92 3.53072e-06
93 3.6808e-06
94 4.09169e-06
95 5.20278e-06
96 8.39824e-06
97 1.83322e-05
98 5.06405e-05
99 0.000155221
100 0.000479411
101 0.00142037
102 0.00187812
103 0.00301461
104 0.00559345
105 0.010956
106 0.0128184
107 0.0161221
108 0.0170771
109 0.017216
110 0.0168027
111 0.0151853
112 0.0100033
113 0.00721105
114 0.00582367
115 0.00233939
116 0.000872977
117 0.000304657
118 0.000101099
119 3.33236e-05
120 1.21673e-05
121 5.90473e-06
122 4.12321e-06
123 3.62857e-06
124 3.49247e-06
125 3.46137e-06
126 3.45666e-06
127 3.45666e-06
128 3.45666e-06
129 3.45666e-06
130 3.45666e-06
131 3.45666e-06
132 3.45666e-06
133 3.45666e-06
134 3.45666e-06
135 3.45666e-06
136 3.45666e-06
137 3.45666e-06
138 3.45666e-06
139 3.45666e-06
140 3.45666e-06
141 3.45666e-06
142 3.45666e-06
143 3.45666e-06
144 3.45666e-06
145 3.45666e-06
146 3.45666e-06
147 3.45666e-06
148 3.45666e-06
149 3.45666e-06
150 3.45666e-06
151 3.45666e-06
152 3.45666e-06
153 3.45666e-06
154 3.45666e-06
155 3.45666e-06
156 3.45666e-06
157 3.45666e-06
158 3.45666e-06
159 3.45666e-06
160 3.45666e-06
161 3.45666e-06
162 3.45666e-06
163 3.45666e-06
164 3.45666e-06
165 3.45666e-06
166 3.45666e-06
167 3.45666e-06
168 3.45666e-06
169 3.45666e-06
170 3.45666e-06
171 3.45666e-06
172 3.45666e-06
173 3.45666e-06
174 3.45666e-06
175 3.45666e-06
176 3.45666e-06
177 3.45666e-06
178 3.45666e-06
179 3.45666e-06
180 3.45666e-06
181 3.45666e-06
182 3.45666e-06
183 3.45666e-06
184 3.45666e-06
185 3.45666e-06
186 3.45666e-06
187 3.45666e-06
188 3.45666e-06
189 3.45666e-06
190 3.45666e-06
191 3.45666e-06
192 3.45666e-06
193 3.45666e-06
194 3.45666e-06
195 3.45666e-06
196 3.45666e-06
197 3.45666e-06
198 3.45666e-06
199 3.45666e-06
200 3.45666e-06
201 3.45666e-06
202 3.45666e-06
203 3.45666e-06
204 3.45666e-06
205 3.45666e-06
206 3.45666e-06
207 3.45666e-06
208 3.45666e-06
209 3.45666e-06
210 3.45666e-06
211 3.45666e-06
212 3.45666e-06
213 3.45666e-06
214 3.45666e-06
