1 11.8543
2 11.8543
3 11.8543
4 11.8543
5 11.8543
6 11.8543
7 11.8543
8 11.8543
9 11.8543
10 11.8543
11 11.8543
12 11.8543
13 11.8543
14 11.8543
15 11.8543
16 11.8543
17 11.8543
18 11.8543
19 11.8543
20 11.8543
21 11.8543
22 11.8543
23 11.8543
24 11.8543
25 11.8543
26 11.8543
27 11.8543
28 11.8543
29 11.8543
30 11.8543
31 11.8543
32 11.8543
33 11.8543
34 11.8543
35 11.8543
36 11.8543
37 11.8543
38 11.8543
39 11.8543
40 11.8543
41 11.8543
42 11.8543
43 11.8543
44 11.8543
45 11.8543
46 11.8543
47 11.8543
48 11.8543
49 11.8543
50 11.8543
51 11.8543
52 11.8543
53 11.8543
54 11.8543
55 11.8543
56 11.8543
57 11.8543
58 11.8543
59 11.8543
60 11.8543
61 11.8543
62 11.8543
63 11.8543
64 11.8543
65 11.8543
66 11.8543
67 11.8543
68 11.8543
69 11.8543
70 11.8543
71 11.8543
72 11.8543
73 11.8543
74 11.8543
75 11.8543
76 11.8543
77 11.8543
78 11.8543
79 11.8543
80 11.8543
81 11.8543
82 11.8543
83 11.8543
84 11.8543
85 11.8543
86 11.8543
87 11.8543
88 11.8543
89 11.8543
90 11.8543
91 11.8543
92 11.8543
93 11.8543
94 11.8543
95 11.8543
96 11.8543
97 11.8543
98 11.8543
99 11.8543
100 11.8543
101 11.8543
102 11.8543
103 11.8543
104 11.8543
105 11.8543
106 11.8543
107 11.8543
108 11.8543
109 11.8543
110 11.8543
111 11.8543
112 11.8543
113 11.8543
114 11.8543
115 11.8543
116 11.8543
117 11.8543
118 11.8543
119 11.8543
120 11.8543
121 11.8543
122 11.8543
123 11.8543
124 11.8543
125 11.8543
126 11.8543
127 11.8543
128 11.8543
129 11.8543
130 11.8543
131 11.8543
132 11.8543
133 11.8543
134 11.8543
135 11.8543
136 11.8543
137 11.8543
138 11.8543
139 11.8543
140 11.8543
141 11.8543
142 11.8543
143 11.8543
144 11.8543
145 11.8543
146 11.8543
147 11.8543
148 11.8543
149 11.8543
150 11.8543
151 11.8543
152 11.8543
153 11.8543
154 11.8543
155 11.8543
156 11.8543
157 11.8543
158 11.8543
159 11.8543
160 11.8543
161 11.8543
162 11.8543
163 11.8543
164 11.8543
165 11.8543
166 11.8543
167 11.8543
168 11.8543
169 11.8543
170 11.8543
171 11.8543
172 11.8543
173 11.8543
174 11.8543
175 11.8543
176 11.8543
177 11.8543
178 11.8543
179 11.8543
180 11.8543
181 11.8543
182 11.8543
183 11.8543
184 11.8543
185 11.8543
186 11.8543
187 11.8543
188 11.8543
189 11.8543
190 11.8543
191 11.8543
192 11.8543
193 11.8543
194 11.8543
195 11.8543
196 11.8543
197 11.8543
198 11.8543
199 11.8543
200 11.8543
201 11.8543
202 11.8543
203 11.8543
204 11.8543
205 11.8543
206 11.8543
207 11.8543
208 11.8543
209 11.8543
210 11.8543
211 11.8543
212 11.8543
213 11.8543
214 11.8543
215 11.8543
216 11.8543
217 11.8543
218 11.8543
219 11.8543
220 11.8543
221 11.8543
222 11.8543
223 11.8543
224 11.8543
225 11.8543
226 11.8543
227 11.8543
228 11.8543
229 11.8543
230 11.8543
231 11.8543
232 11.8543
233 11.8543
234 11.8543
235 11.8543
236 11.8543
237 11.8543
238 11.8543
239 11.8543
240 11.8543
241 11.8543
242 11.8543
243 11.8543
244 11.8543
245 11.8543
246 11.8543
247 11.8543
248 11.9839
249 11.5544
250 10.9503
251 10.242
252 10.2385
253 10.277
254 10.3263
255 10.4245
256 10.767
257 10.7745
258 10.889
259 10.655
260 10.5972
261 10.592
262 10.6504
263 11.0432
264 11.0359
265 11.2548
266 11.091
267 11.0644
268 11.6676
269 11.9336
270 11.2895
271 10.5284
272 10.4912
273 10.5079
274 10.2541
275 10.2244
276 10.2376
277 10.2722
278 10.3599
279 10.6953
280 10.7221
281 10.8365
282 11.276
283 11.0303
284 10.2533
285 10.1262
286 10.0879
287 10.069
288 10.0631
289 10.1135
290 10.5644
291 10.6446
292 11.1755
293 11.22
294 11.773
295 11.4811
296 10.8187
297 10.743
298 10.7403
299 11.3315
300 11.8446
301 12
302 11.8543
303 11.8543
304 11.8543
305 11.8543
306 11.8543
307 11.8543
308 11.8543
309 11.8543
310 11.8543
311 11.8543
312 11.8543
313 11.8543
314 11.8543
315 11.8543
316 11.8543
317 11.8543
318 11.8543
319 11.8543
320 11.8543
321 11.8543
322 11.8543
323 11.8543
324 11.8543
325 11.8543
326 11.8543
327 11.8543
328 11.8543
329 11.8543
330 11.8543
331 11.8543
332 11.8543
333 11.8543
334 11.8543
335 11.8543
336 11.8543
337 11.8543
338 11.8543
339 11.8543
340 11.8543
341 11.8543
342 11.8543
343 11.8543
344 11.8543
345 11.8543
346 11.8543
347 11.8543
348 11.8543
349 11.8543
350 11.8543
351 11.8543
352 11.8543
353 11.8543
354 11.8543
355 11.8543
356 11.8543
357 11.8543
358 11.8543
359 11.8543
360 11.8543
361 11.8543
362 11.8543
363 11.8543
364 11.8543
365 11.8543
366 11.8543
367 11.8543
368 11.8543
369 11.8543
370 11.8543
371 11.8543
372 11.8543
373 11.8543
374 11.8543
375 11.8543
376 11.8543
377 11.8543
378 11.8543
379 11.8543
380 11.8543
381 11.8543
382 11.8543
383 11.8543
384 11.8543
385 11.8543
386 11.8543
387 11.8543
388 11.8543
389 11.8543
390 11.8543
391 11.8543
392 11.8543
393 11.8543
394 11.8543
395 11.8543
396 11.8543
397 11.8543
398 11.8543
399 11.8543
400 11.8543
401 11.8543
402 11.8543
403 11.8543
404 11.8543
405 11.8543
406 11.8543
407 11.8543
408 11.8543
409 11.8543
410 11.8543
411 11.8543
412 11.8543
413 11.8543
414 11.8543
415 11.8543
416 11.8543
417 11.8543
418 11.8543
419 11.8543
420 11.8543
421 11.8543
422 11.8543
423 11.8543
424 11.8543
425 11.8543
426 11.8543
427 11.8543
428 11.8543
429 11.8543
430 11.8543
431 11.8543
432 11.8543
433 11.8543
434 11.8543
435 11.8543
436 11.8543
437 11.8543
438 11.8543
439 11.8543
440 11.8543
441 11.8543
442 11.8543
443 11.8543
444 11.8543
445 11.8543
446 11.8543
447 11.8543
448 11.8543
449 11.8543
450 11.8543
451 11.8543
452 11.8543
453 11.8543
454 11.8543
455 11.8543
456 11.8543
457 11.8543
458 11.8543
459 11.8543
460 11.8543
461 11.8543
462 11.8543
463 11.8543
464 11.8543
465 11.8543
466 11.8543
467 11.8543
468 11.8543
469 11.8543
470 11.8543
471 11.8543
472 11.8543
473 11.8543
474 11.8543
475 11.8543
476 11.8543
477 11.8543
478 11.8543
479 11.8543
480 11.8543
481 11.8543
482 11.8543
483 11.8543
484 11.8543
485 11.8543
486 11.8543
487 11.8543
488 11.8543
489 11.8543
490 11.8543
491 11.8543
492 11.8543
493 11.8543
494 11.8543
495 11.8543
496 11.8543
497 11.8543
498 11.8543
499 11.8543
500 11.8543
501 11.8543
502 11.8543
503 11.8543
504 11.8543
505 11.8543
506 11.8543
507 11.8543
508 11.8543
509 11.8543
510 11.8543
511 11.8543
512 11.8543
513 11.8543
514 11.8543
515 11.8543
516 11.8543
517 11.8543
518 11.8543
519 11.8543
520 11.8543
521 11.8543
522 11.8543
523 11.8543
524 11.8543
525 11.8543
526 11.8543
527 11.8543
528 11.8543
529 11.8543
530 11.8543
531 11.8543
532 11.8543
533 11.8543
534 11.8543
535 11.8543
536 11.8543
537 11.8543
538 11.8543
539 11.8543
540 11.8543
541 11.8543
542 11.8543
543 11.8543
544 11.8543
545 11.8543
546 11.8543
547 11.8543
548 11.8543
549 11.8543
550 11.8543
551 11.8543
552 11.8543
