1 11.8242
2 11.8242
3 11.8242
4 11.8242
5 11.8242
6 11.8242
7 11.8242
8 11.8242
9 11.8242
10 11.8242
11 11.8242
12 11.8242
13 11.8242
14 11.8242
15 11.8242
16 11.8242
17 11.8242
18 11.8242
19 11.8242
20 11.8242
21 11.8242
22 11.8242
23 11.8242
24 11.8242
25 11.8242
26 11.8242
27 11.8242
28 11.8242
29 11.8242
30 11.8242
31 11.8242
32 11.8242
33 11.8242
34 11.8242
35 11.8242
36 11.8242
37 11.8242
38 11.8242
39 11.8242
40 11.8242
41 11.8242
42 11.8242
43 11.8242
44 11.8242
45 11.8242
46 11.8242
47 11.8242
48 11.8242
49 11.8242
50 11.8242
51 11.8242
52 11.8242
53 11.8242
54 11.8242
55 11.8242
56 11.8242
57 11.8242
58 11.8242
59 11.8242
60 11.8242
61 11.8242
62 11.8242
63 11.8242
64 11.8242
65 11.8242
66 11.8242
67 11.8242
68 11.8242
69 11.8242
70 11.8242
71 11.8242
72 11.8242
73 11.8242
74 11.8242
75 11.8242
76 11.8242
77 11.8242
78 11.8242
79 11.8242
80 11.8242
81 11.8242
82 11.8242
83 11.8242
84 11.8242
85 11.8242
86 11.8242
87 11.8242
88 11.8242
89 11.8242
90 11.8242
91 11.8242
92 11.8242
93 11.8242
94 11.8242
95 11.8242
96 11.8242
97 11.8242
98 11.8242
99 11.8242
100 11.8242
101 11.8242
102 11.8242
103 11.8242
104 11.8242
105 11.8242
106 11.8242
107 11.8242
108 11.8242
109 11.8242
110 11.8242
111 11.8242
112 11.8242
113 11.8242
114 11.8242
115 11.8242
116 11.8242
117 11.8242
118 11.8242
119 11.8242
120 11.8242
121 11.8242
122 11.8242
123 11.8242
124 11.8242
125 11.8242
126 11.8242
127 11.8242
128 11.8242
129 11.8242
130 11.8242
131 11.8242
132 11.8242
133 11.8242
134 11.8242
135 11.8242
136 11.8242
137 11.8242
138 11.8242
139 11.8242
140 11.8242
141 11.8242
142 11.8242
143 11.8242
144 11.8242
145 11.8242
146 11.8242
147 11.8242
148 11.8242
149 11.8242
150 11.8242
151 11.8242
152 11.8242
153 11.8242
154 11.8242
155 11.8242
156 11.8242
157 11.8242
158 11.8242
159 11.8242
160 11.8242
161 11.8242
162 11.8242
163 11.8242
164 11.8242
165 11.8242
166 11.8242
167 11.8242
168 11.8242
169 11.8242
170 11.8242
171 11.8242
172 11.8242
173 11.8242
174 11.8242
175 11.8242
176 11.8242
177 11.8242
178 11.8242
179 11.8242
180 11.8242
181 11.8242
182 11.8242
183 11.8242
184 11.8242
185 11.8242
186 11.8242
187 11.8242
188 11.8242
189 11.8242
190 11.8242
191 11.8242
192 11.8242
193 11.8242
194 11.8242
195 11.8242
196 11.8242
197 11.8242
198 11.8242
199 11.8242
200 11.8242
201 11.8242
202 11.8242
203 11.8242
204 11.8242
205 11.8242
206 11.8242
207 11.8242
208 11.8242
209 11.8242
210 11.8242
211 11.8242
212 11.8242
213 11.8242
214 11.8242
215 11.8242
216 11.8242
217 11.8242
218 11.8242
219 11.8242
220 11.8242
221 11.8242
222 11.8242
223 11.8242
224 11.8242
225 11.8242
226 11.8242
227 11.8242
228 11.8242
229 11.8242
230 11.8242
231 11.8242
232 11.8242
233 11.8242
234 11.8242
235 11.8242
236 11.8242
237 11.8242
238 11.8242
239 11.8242
240 11.8242
241 11.8242
242 11.8242
243 11.8242
244 11.8242
245 11.8242
246 11.8242
247 11.8242
248 11.8242
249 12
250 11.4684
251 10.6772
252 10.6439
253 10.673
254 10.737
255 10.8842
256 11.5748
257 11.4824
258 11.6786
259 11.052
260 10.9311
261 10.9071
262 10.9765
263 11.5635
264 11.4166
265 11.7291
266 11.1653
267 11.0659
268 11.5938
269 11.8242
270 11.7891
271 11.1171
272 11.1761
273 11.3719
274 10.8686
275 10.7673
276 10.7429
277 10.7673
278 10.8686
279 11.3719
280 11.2288
281 11.2484
282 11.9671
283 11.5804
284 10.6685
285 10.5831
286 10.5661
287 10.5758
288 10.6095
289 10.7174
290 11.3902
291 11.3389
292 11.8611
293 11.3968
294 11.7948
295 11.5485
296 10.7876
297 10.7477
298 10.7876
299 11.4943
300 11.8242
301 11.8242
302 11.8242
303 11.8242
304 11.8242
305 11.8242
306 11.8242
307 11.8242
308 11.8242
309 11.8242
310 11.8242
311 11.8242
312 11.8242
313 11.8242
314 11.8242
315 11.8242
316 11.8242
317 11.8242
318 11.8242
319 11.8242
320 11.8242
321 11.8242
322 11.8242
323 11.8242
324 11.8242
325 11.8242
326 11.8242
327 11.8242
328 11.8242
329 11.8242
330 11.8242
331 11.8242
332 11.8242
333 11.8242
334 11.8242
335 11.8242
336 11.8242
337 11.8242
338 11.8242
339 11.8242
340 11.8242
341 11.8242
342 11.8242
343 11.8242
344 11.8242
345 11.8242
346 11.8242
347 11.8242
348 11.8242
349 11.8242
350 11.8242
351 11.8242
352 11.8242
353 11.8242
354 11.8242
355 11.8242
356 11.8242
357 11.8242
358 11.8242
359 11.8242
360 11.8242
361 11.8242
362 11.8242
363 11.8242
364 11.8242
365 11.8242
366 11.8242
367 11.8242
368 11.8242
369 11.8242
370 11.8242
371 11.8242
372 11.8242
373 11.8242
374 11.8242
375 11.8242
376 11.8242
377 11.8242
378 11.8242
379 11.8242
380 11.8242
381 11.8242
382 11.8242
383 11.8242
384 11.8242
385 11.8242
386 11.8242
387 11.8242
388 11.8242
389 11.8242
390 11.8242
391 11.8242
392 11.8242
393 11.8242
394 11.8242
395 11.8242
396 11.8242
397 11.8242
398 11.8242
399 11.8242
400 11.8242
401 11.8242
402 11.8242
403 11.8242
404 11.8242
405 11.8242
406 11.8242
407 11.8242
408 11.8242
409 11.8242
410 11.8242
411 11.8242
412 11.8242
413 11.8242
414 11.8242
415 11.8242
416 11.8242
417 11.8242
418 11.8242
419 11.8242
420 11.8242
421 11.8242
422 11.8242
423 11.8242
424 11.8242
425 11.8242
426 11.8242
427 11.8242
428 11.8242
429 11.8242
430 11.8242
431 11.8242
432 11.8242
433 11.8242
434 11.8242
435 11.8242
436 11.8242
437 11.8242
438 11.8242
439 11.8242
440 11.8242
441 11.8242
442 11.8242
443 11.8242
444 11.8242
445 11.8242
446 11.8242
447 11.8242
448 11.8242
449 11.8242
450 11.8242
451 11.8242
452 11.8242
453 11.8242
454 11.8242
455 11.8242
456 11.8242
457 11.8242
458 11.8242
459 11.8242
460 11.8242
461 11.8242
462 11.8242
463 11.8242
464 11.8242
465 11.8242
466 11.8242
467 11.8242
468 11.8242
469 11.8242
470 11.8242
471 11.8242
472 11.8242
473 11.8242
474 11.8242
475 11.8242
476 11.8242
477 11.8242
478 11.8242
479 11.8242
480 11.8242
481 11.8242
482 11.8242
483 11.8242
484 11.8242
485 11.8242
486 11.8242
487 11.8242
488 11.8242
489 11.8242
490 11.8242
491 11.8242
492 11.8242
493 11.8242
494 11.8242
495 11.8242
496 11.8242
497 11.8242
498 11.8242
499 11.8242
500 11.8242
501 11.8242
502 11.8242
503 11.8242
504 11.8242
505 11.8242
506 11.8242
507 11.8242
508 11.8242
509 11.8242
510 11.8242
511 11.8242
512 11.8242
513 11.8242
514 11.8242
515 11.8242
516 11.8242
517 11.8242
518 11.8242
519 11.8242
520 11.8242
521 11.8242
522 11.8242
523 11.8242
524 11.8242
525 11.8242
526 11.8242
527 11.8242
528 11.8242
529 11.8242
530 11.8242
531 11.8242
532 11.8242
533 11.8242
534 11.8242
535 11.8242
536 11.8242
537 11.8242
538 11.8242
539 11.8242
540 11.8242
541 11.8242
542 11.8242
543 11.8242
544 11.8242
545 11.8242
546 11.8242
547 11.8242
548 11.8242
549 11.8242
550 11.8242
551 11.8242
552 11.8242
