1 11.9716
2 11.9716
3 11.9716
4 11.9716
5 11.9716
6 11.9716
7 11.9716
8 11.9716
9 11.9716
10 11.9716
11 11.9716
12 11.9716
13 11.9716
14 11.9716
15 11.9716
16 11.9716
17 11.9716
18 11.9716
19 11.9716
20 11.9716
21 11.9716
22 11.9716
23 11.9716
24 11.9716
25 11.9716
26 11.9716
27 11.9716
28 11.9716
29 11.9716
30 11.9716
31 11.9716
32 11.9716
33 11.9716
34 11.9716
35 11.9716
36 11.9716
37 11.9716
38 11.9716
39 11.9716
40 11.9716
41 11.9716
42 11.9716
43 11.9716
44 11.9716
45 11.9716
46 11.9716
47 11.9716
48 11.9716
49 11.9716
50 11.9716
51 11.9716
52 11.9716
53 11.9716
54 11.9716
55 11.9716
56 11.9716
57 11.9716
58 11.9716
59 11.9716
60 11.9716
61 11.9716
62 11.9716
63 11.9716
64 11.9716
65 11.9716
66 11.9716
67 11.9716
68 11.9716
69 11.9716
70 11.9716
71 11.9716
72 11.9716
73 11.9716
74 11.9716
75 11.9716
76 11.9716
77 11.9716
78 11.9716
79 11.9716
80 11.9716
81 11.9716
82 11.9716
83 11.9716
84 11.9716
85 11.9716
86 11.9716
87 11.9716
88 11.9716
89 11.9716
90 11.9716
91 11.9716
92 11.9716
93 11.9716
94 11.9716
95 11.9716
96 11.9716
97 11.9716
98 11.9716
99 11.9716
100 11.9716
101 11.9716
102 11.9716
103 11.9716
104 11.9716
105 11.9716
106 11.9716
107 11.9716
108 11.9716
109 11.9716
110 11.9716
111 11.9716
112 11.9716
113 11.9716
114 11.9716
115 11.9716
116 11.9716
117 11.9716
118 11.9716
119 11.9716
120 11.9716
121 11.9716
122 11.9716
123 11.9716
124 11.9716
125 11.9716
126 11.9716
127 11.9716
128 11.9716
129 11.9716
130 11.9716
131 11.9716
132 11.9716
133 11.9716
134 11.9716
135 11.9716
136 11.9716
137 11.9716
138 11.9716
139 11.9716
140 11.9716
141 11.9716
142 11.9716
143 11.9716
144 11.9716
145 11.9716
146 11.9716
147 11.9716
148 11.9716
149 11.9716
150 11.9716
151 11.9716
152 11.9716
153 11.9716
154 11.9716
155 11.9716
156 11.9716
157 11.9716
158 11.9716
159 11.9716
160 11.9716
161 11.9716
162 11.9716
163 11.9716
164 11.9716
165 11.9716
166 11.9716
167 11.9716
168 11.9716
169 11.9716
170 11.9716
171 11.9716
172 11.9716
173 11.9716
174 11.9716
175 11.9716
176 11.9716
177 11.9716
178 11.9716
179 11.9716
180 11.9716
181 11.9716
182 11.9716
183 11.9716
184 11.9716
185 11.9716
186 11.9716
187 11.9716
188 11.9716
189 11.9716
190 11.9716
191 11.9716
192 11.9716
193 11.9716
194 11.9716
195 11.9716
196 11.9716
197 11.9716
198 11.9716
199 11.9716
200 11.9716
201 11.9716
202 11.9716
203 11.9716
204 11.9716
205 11.9716
206 11.9716
207 11.9716
208 11.9716
209 11.9716
210 11.9716
211 11.9716
212 11.9716
213 11.9716
214 11.9716
215 11.9716
216 11.9716
217 11.9716
218 11.9716
219 11.9716
220 11.9716
221 11.9716
222 11.9716
223 11.9716
224 11.9716
225 11.9716
226 11.9716
227 11.9716
228 11.9716
229 11.9716
230 11.9802
231 11.8491
232 11.4469
233 10.9308
234 10.3678
235 9.7915
236 9.21358
237 8.64129
238 8.07565
239 7.51582
240 6.96056
241 6.40873
242 5.85991
243 5.31479
244 4.77516
245 4.24379
246 3.72407
247 3.21963
248 2.73396
249 2.27019
250 1.8309
251 1.41812
252 1.45038
253 1.48879
254 1.50951
255 1.5185
256 1.52191
257 1.52663
258 1.52822
259 1.53032
260 1.53096
261 1.53113
262 1.53118
263 1.53119
264 1.53121
265 1.53121
266 1.53121
267 1.53121
268 1.53121
269 1.53121
270 1.53121
271 1.53121
272 1.53121
273 1.53121
274 1.53121
275 1.53121
276 1.53121
277 1.53121
278 1.53121
279 1.53121
280 1.53121
281 1.53121
282 1.53121
283 1.5312
284 1.5312
285 1.53119
286 1.53113
287 1.53088
288 1.52994
289 1.52669
290 1.51662
291 1.50851
292 1.48737
293 1.47056
294 1.43523
295 1.40564
296 1.38291
297 1.34024
298 1.29941
299 1.69584
300 2.11977
301 2.57088
302 3.0488
303 3.55313
304 4.08348
305 4.63941
306 5.22041
307 5.8259
308 6.45516
309 7.10719
310 7.78044
311 8.47243
312 9.17858
313 9.89
314 10.5922
315 11.2525
316 11.7914
317 12
318 11.9716
319 11.9716
320 11.9716
321 11.9716
322 11.9716
323 11.9716
324 11.9716
325 11.9716
326 11.9716
327 11.9716
328 11.9716
329 11.9716
330 11.9716
331 11.9716
332 11.9716
333 11.9716
334 11.9716
335 11.9716
336 11.9716
337 11.9716
338 11.9716
339 11.9716
340 11.9716
341 11.9716
342 11.9716
343 11.9716
344 11.9716
345 11.9716
346 11.9716
347 11.9716
348 11.9716
349 11.9716
350 11.9716
351 11.9716
352 11.9716
353 11.9716
354 11.9716
355 11.9716
356 11.9716
357 11.9716
358 11.9716
359 11.9716
360 11.9716
361 11.9716
362 11.9716
363 11.9716
364 11.9716
365 11.9716
366 11.9716
367 11.9716
368 11.9716
369 11.9716
370 11.9716
371 11.9716
372 11.9716
373 11.9716
374 11.9716
375 11.9716
376 11.9716
377 11.9716
378 11.9716
379 11.9716
380 11.9716
381 11.9716
382 11.9716
383 11.9716
384 11.9716
385 11.9716
386 11.9716
387 11.9716
388 11.9716
389 11.9716
390 11.9716
391 11.9716
392 11.9716
393 11.9716
394 11.9716
395 11.9716
396 11.9716
397 11.9716
398 11.9716
399 11.9716
400 11.9716
401 11.9716
402 11.9716
403 11.9716
404 11.9716
405 11.9716
406 11.9716
407 11.9716
408 11.9716
409 11.9716
410 11.9716
411 11.9716
412 11.9716
413 11.9716
414 11.9716
415 11.9716
416 11.9716
417 11.9716
418 11.9716
419 11.9716
420 11.9716
421 11.9716
422 11.9716
423 11.9716
424 11.9716
425 11.9716
426 11.9716
427 11.9716
428 11.9716
429 11.9716
430 11.9716
431 11.9716
432 11.9716
433 11.9716
434 11.9716
435 11.9716
436 11.9716
437 11.9716
438 11.9716
439 11.9716
440 11.9716
441 11.9716
442 11.9716
443 11.9716
444 11.9716
445 11.9716
446 11.9716
447 11.9716
448 11.9716
449 11.9716
450 11.9716
451 11.9716
452 11.9716
453 11.9716
454 11.9716
455 11.9716
456 11.9716
457 11.9716
458 11.9716
459 11.9716
460 11.9716
461 11.9716
462 11.9716
463 11.9716
464 11.9716
465 11.9716
466 11.9716
467 11.9716
468 11.9716
469 11.9716
470 11.9716
471 11.9716
472 11.9716
473 11.9716
474 11.9716
475 11.9716
476 11.9716
477 11.9716
478 11.9716
479 11.9716
480 11.9716
481 11.9716
482 11.9716
483 11.9716
484 11.9716
485 11.9716
486 11.9716
487 11.9716
488 11.9716
489 11.9716
490 11.9716
491 11.9716
492 11.9716
493 11.9716
494 11.9716
495 11.9716
496 11.9716
497 11.9716
498 11.9716
499 11.9716
500 11.9716
501 11.9716
502 11.9716
503 11.9716
504 11.9716
505 11.9716
506 11.9716
507 11.9716
508 11.9716
509 11.9716
510 11.9716
511 11.9716
512 11.9716
513 11.9716
514 11.9716
515 11.9716
516 11.9716
517 11.9716
518 11.9716
519 11.9716
520 11.9716
521 11.9716
522 11.9716
523 11.9716
524 11.9716
525 11.9716
526 11.9716
527 11.9716
528 11.9716
529 11.9716
530 11.9716
531 11.9716
532 11.9716
533 11.9716
534 11.9716
535 11.9716
536 11.9716
537 11.9716
538 11.9716
539 11.9716
540 11.9716
541 11.9716
542 11.9716
543 11.9716
544 11.9716
545 11.9716
546 11.9716
547 11.9716
548 11.9716
549 11.9716
550 11.9716
551 11.9716
552 11.9716
