1 11.9781
2 11.9781
3 11.9781
4 11.9781
5 11.9781
6 11.9781
7 11.9781
8 11.9781
9 11.9781
10 11.9781
11 11.9781
12 11.9781
13 11.9781
14 11.9781
15 11.9781
16 11.9781
17 11.9781
18 11.9781
19 11.9781
20 11.9781
21 11.9781
22 11.9781
23 11.9781
24 11.9781
25 11.9781
26 11.9781
27 11.9781
28 11.9781
29 11.9781
30 11.9781
31 11.9781
32 11.9781
33 11.9781
34 11.9781
35 11.9781
36 11.9781
37 11.9781
38 11.9781
39 11.9781
40 11.9781
41 11.9781
42 11.9781
43 11.9781
44 11.9781
45 11.9781
46 11.9781
47 11.9781
48 11.9781
49 11.9781
50 11.9781
51 11.9781
52 11.9781
53 11.9781
54 11.9781
55 11.9781
56 11.9781
57 11.9781
58 11.9781
59 11.9781
60 11.9781
61 11.9781
62 11.9781
63 11.9781
64 11.9781
65 11.9781
66 11.9781
67 11.9781
68 11.9781
69 11.9781
70 11.9781
71 11.9781
72 11.9781
73 11.9781
74 11.9781
75 11.9781
76 11.9781
77 11.9781
78 11.9781
79 11.9781
80 11.9781
81 11.9781
82 11.9781
83 11.9781
84 11.9781
85 11.9781
86 11.9781
87 11.9781
88 11.9781
89 11.9781
90 11.9781
91 11.9781
92 11.9781
93 11.9781
94 11.9781
95 11.9781
96 11.9781
97 11.9781
98 11.9781
99 11.9781
100 11.9781
101 11.9781
102 11.9781
103 11.9781
104 11.9781
105 11.9781
106 11.9781
107 11.9781
108 11.9781
109 11.9781
110 11.9781
111 11.9781
112 11.9781
113 11.9781
114 11.9781
115 11.9781
116 11.9781
117 11.9781
118 11.9781
119 11.9781
120 11.9781
121 11.9781
122 11.9781
123 11.9781
124 11.9781
125 11.9781
126 11.9781
127 11.9781
128 11.9781
129 11.9781
130 11.9781
131 11.9781
132 11.9781
133 11.9781
134 11.9781
135 11.9781
136 11.9781
137 11.9781
138 11.9781
139 11.9781
140 11.9781
141 11.9781
142 11.9781
143 11.9781
144 11.9781
145 11.9781
146 11.9781
147 11.9781
148 11.9781
149 11.9781
150 11.9781
151 11.9781
152 11.9781
153 11.9781
154 11.9781
155 11.9781
156 11.9781
157 11.9781
158 11.9781
159 11.9781
160 11.9781
161 11.9781
162 11.9781
163 11.9781
164 11.9781
165 11.9781
166 11.9781
167 11.9781
168 11.9781
169 11.9781
170 11.9781
171 11.9781
172 11.9781
173 11.9781
174 11.9781
175 11.9781
176 11.9781
177 11.9781
178 11.9781
179 11.9781
180 11.9781
181 11.9781
182 11.9781
183 11.9781
184 11.9781
185 11.9781
186 11.9781
187 11.9781
188 11.9781
189 11.9781
190 11.9781
191 11.9781
192 11.9781
193 11.9781
194 11.9781
195 11.9781
196 11.9781
197 11.9781
198 11.9781
199 11.9781
200 11.9781
201 11.9781
202 11.9781
203 11.9781
204 11.9781
205 11.9781
206 11.9781
207 11.9781
208 11.9781
209 11.9781
210 11.9781
211 11.9781
212 11.9781
213 11.9781
214 11.9781
215 11.9781
216 11.9781
217 11.9781
218 11.9781
219 11.9781
220 11.9781
221 11.9781
222 11.9781
223 11.9781
224 11.9781
225 11.9781
226 11.9781
227 11.9781
228 11.9781
229 11.9781
230 11.9781
231 11.9781
232 11.9781
233 11.9781
234 11.9781
235 11.9781
236 11.9781
237 11.9781
238 11.9781
239 11.9781
240 11.9781
241 11.9781
242 11.9781
243 11.9983
244 11.9989
245 11.5838
246 10.9437
247 10.2296
248 9.49593
249 8.76115
250 8.03223
251 7.31397
252 7.31478
253 7.35987
254 7.39881
255 7.42027
256 7.42467
257 7.44902
258 7.45901
259 7.48932
260 7.50566
261 7.52003
262 7.57823
263 7.88027
264 7.95373
265 8.2282
266 8.28068
267 8.43208
268 9.09269
269 9.15598
270 8.63493
271 7.76791
272 7.66806
273 7.65421
274 7.39782
275 7.34551
276 7.33803
277 7.338
278 7.33346
279 7.32836
280 7.32639
281 7.32761
282 7.35015
283 7.35411
284 7.34545
285 7.35154
286 7.35216
287 7.34954
288 7.35968
289 7.43203
290 7.83049
291 7.88176
292 8.22657
293 8.26118
294 8.61227
295 8.66046
296 8.63055
297 8.60132
298 8.6245
299 9.40521
300 10.1607
301 10.8536
302 11.4578
303 11.8781
304 11.9978
305 12
306 11.9781
307 11.9781
308 11.9781
309 11.9781
310 11.9781
311 11.9781
312 11.9781
313 11.9781
314 11.9781
315 11.9781
316 11.9781
317 11.9781
318 11.9781
319 11.9781
320 11.9781
321 11.9781
322 11.9781
323 11.9781
324 11.9781
325 11.9781
326 11.9781
327 11.9781
328 11.9781
329 11.9781
330 11.9781
331 11.9781
332 11.9781
333 11.9781
334 11.9781
335 11.9781
336 11.9781
337 11.9781
338 11.9781
339 11.9781
340 11.9781
341 11.9781
342 11.9781
343 11.9781
344 11.9781
345 11.9781
346 11.9781
347 11.9781
348 11.9781
349 11.9781
350 11.9781
351 11.9781
352 11.9781
353 11.9781
354 11.9781
355 11.9781
356 11.9781
357 11.9781
358 11.9781
359 11.9781
360 11.9781
361 11.9781
362 11.9781
363 11.9781
364 11.9781
365 11.9781
366 11.9781
367 11.9781
368 11.9781
369 11.9781
370 11.9781
371 11.9781
372 11.9781
373 11.9781
374 11.9781
375 11.9781
376 11.9781
377 11.9781
378 11.9781
379 11.9781
380 11.9781
381 11.9781
382 11.9781
383 11.9781
384 11.9781
385 11.9781
386 11.9781
387 11.9781
388 11.9781
389 11.9781
390 11.9781
391 11.9781
392 11.9781
393 11.9781
394 11.9781
395 11.9781
396 11.9781
397 11.9781
398 11.9781
399 11.9781
400 11.9781
401 11.9781
402 11.9781
403 11.9781
404 11.9781
405 11.9781
406 11.9781
407 11.9781
408 11.9781
409 11.9781
410 11.9781
411 11.9781
412 11.9781
413 11.9781
414 11.9781
415 11.9781
416 11.9781
417 11.9781
418 11.9781
419 11.9781
420 11.9781
421 11.9781
422 11.9781
423 11.9781
424 11.9781
425 11.9781
426 11.9781
427 11.9781
428 11.9781
429 11.9781
430 11.9781
431 11.9781
432 11.9781
433 11.9781
434 11.9781
435 11.9781
436 11.9781
437 11.9781
438 11.9781
439 11.9781
440 11.9781
441 11.9781
442 11.9781
443 11.9781
444 11.9781
445 11.9781
446 11.9781
447 11.9781
448 11.9781
449 11.9781
450 11.9781
451 11.9781
452 11.9781
453 11.9781
454 11.9781
455 11.9781
456 11.9781
457 11.9781
458 11.9781
459 11.9781
460 11.9781
461 11.9781
462 11.9781
463 11.9781
464 11.9781
465 11.9781
466 11.9781
467 11.9781
468 11.9781
469 11.9781
470 11.9781
471 11.9781
472 11.9781
473 11.9781
474 11.9781
475 11.9781
476 11.9781
477 11.9781
478 11.9781
479 11.9781
480 11.9781
481 11.9781
482 11.9781
483 11.9781
484 11.9781
485 11.9781
486 11.9781
487 11.9781
488 11.9781
489 11.9781
490 11.9781
491 11.9781
492 11.9781
493 11.9781
494 11.9781
495 11.9781
496 11.9781
497 11.9781
498 11.9781
499 11.9781
500 11.9781
501 11.9781
502 11.9781
503 11.9781
504 11.9781
505 11.9781
506 11.9781
507 11.9781
508 11.9781
509 11.9781
510 11.9781
511 11.9781
512 11.9781
513 11.9781
514 11.9781
515 11.9781
516 11.9781
517 11.9781
518 11.9781
519 11.9781
520 11.9781
521 11.9781
522 11.9781
523 11.9781
524 11.9781
525 11.9781
526 11.9781
527 11.9781
528 11.9781
529 11.9781
530 11.9781
531 11.9781
532 11.9781
533 11.9781
534 11.9781
535 11.9781
536 11.9781
537 11.9781
538 11.9781
539 11.9781
540 11.9781
541 11.9781
542 11.9781
543 11.9781
544 11.9781
545 11.9781
546 11.9781
547 11.9781
548 11.9781
549 11.9781
550 11.9781
551 11.9781
552 11.9781
