1 11.8912
2 11.8912
3 11.8912
4 11.8912
5 11.8912
6 11.8912
7 11.8912
8 11.8912
9 11.8912
10 11.8912
11 11.8912
12 11.8912
13 11.8912
14 11.8912
15 11.8912
16 11.8912
17 11.8912
18 11.8912
19 11.8912
20 11.8912
21 11.8912
22 11.8912
23 11.8912
24 11.8912
25 11.8912
26 11.8912
27 11.8912
28 11.8912
29 11.8912
30 11.8912
31 11.8912
32 11.8912
33 11.8912
34 11.8912
35 11.8912
36 11.8912
37 11.8912
38 11.8912
39 11.8912
40 11.8912
41 11.8912
42 11.8912
43 11.8912
44 11.8912
45 11.8912
46 11.8912
47 11.8912
48 11.8912
49 11.8912
50 11.8912
51 11.8912
52 11.8912
53 11.8912
54 11.8912
55 11.8912
56 11.8912
57 11.8912
58 11.8912
59 11.8912
60 11.8912
61 11.8912
62 11.8912
63 11.8912
64 11.8912
65 11.8912
66 11.8912
67 11.8912
68 11.8912
69 11.8912
70 11.8912
71 11.8912
72 11.8912
73 11.8912
74 11.8912
75 11.8912
76 11.8912
77 11.8912
78 11.8912
79 11.8912
80 11.8912
81 11.8912
82 11.8912
83 11.8912
84 11.8912
85 11.8912
86 11.8912
87 11.8912
88 11.8912
89 11.8912
90 11.8912
91 11.8912
92 11.8912
93 11.8912
94 11.8912
95 11.8912
96 11.8912
97 11.8912
98 11.8912
99 11.8912
100 11.8912
101 11.8912
102 11.8912
103 11.8912
104 11.8912
105 11.8912
106 11.8912
107 11.8912
108 11.8912
109 11.8912
110 11.8912
111 11.8912
112 11.8912
113 11.8912
114 11.8912
115 11.8912
116 11.8912
117 11.8912
118 11.8912
119 11.8912
120 11.8912
121 11.8912
122 11.8912
123 11.8912
124 11.8912
125 11.8912
126 11.8912
127 11.8912
128 11.8912
129 11.8912
130 11.8912
131 11.8912
132 11.8912
133 11.8912
134 11.8912
135 11.8912
136 11.8912
137 11.8912
138 11.8912
139 11.8912
140 11.8912
141 11.8912
142 11.8912
143 11.8912
144 11.8912
145 11.8912
146 11.8912
147 11.8912
148 11.8912
149 11.8912
150 11.8912
151 11.8912
152 11.8912
153 11.8912
154 11.8912
155 11.8912
156 11.8912
157 11.8912
158 11.8912
159 11.8912
160 11.8912
161 11.8912
162 11.8912
163 11.8912
164 11.8912
165 11.8912
166 11.8912
167 11.8912
168 11.8912
169 11.8912
170 11.8912
171 11.8912
172 11.8912
173 11.8912
174 11.8912
175 11.8912
176 11.8912
177 11.8912
178 11.8912
179 11.8912
180 11.8912
181 11.8912
182 11.8912
183 11.8912
184 11.8912
185 11.8912
186 11.8912
187 11.8912
188 11.8912
189 11.8912
190 11.8912
191 11.8912
192 11.8912
193 11.8912
194 11.8912
195 11.8912
196 11.8912
197 11.8912
198 11.8912
199 11.8912
200 11.8912
201 11.8912
202 11.8912
203 11.8912
204 11.8912
205 11.8912
206 11.8912
207 11.8912
208 11.8912
209 11.8912
210 11.8912
211 11.8912
212 11.8912
213 11.8912
214 11.8912
215 11.8912
216 11.8912
217 11.8912
218 11.8912
219 11.8912
220 11.8912
221 11.8912
222 11.8912
223 11.8912
224 11.8912
225 11.8912
226 11.8912
227 11.8912
228 11.8912
229 11.8912
230 11.8912
231 11.8912
232 11.8912
233 11.8912
234 11.8912
235 11.8912
236 11.8912
237 11.8912
238 11.8912
239 11.8912
240 11.8912
241 11.8912
242 11.8912
243 11.8912
244 11.8912
245 11.9585
246 12
247 11.5885
248 10.9733
249 10.282
250 9.56134
251 8.82944
252 8.82006
253 8.85319
254 8.88162
255 8.90157
256 8.9402
257 8.95735
258 8.98847
259 8.99257
260 9.00843
261 9.03442
262 9.11528
263 9.48935
264 9.56306
265 9.84362
266 9.88304
267 10.0096
268 10.6966
269 10.7116
270 10.0431
271 9.17027
272 9.10742
273 9.1164
274 8.93742
275 8.91695
276 8.92163
277 8.92807
278 8.94357
279 9.01929
280 9.01092
281 9.04315
282 9.18288
283 9.16082
284 8.96702
285 8.93206
286 8.92535
287 8.91798
288 8.91154
289 8.94391
290 9.25576
291 9.29114
292 9.65988
293 9.72649
294 10.2353
295 10.3406
296 10.2246
297 10.1895
298 10.1923
299 10.7889
300 11.3059
301 11.6981
302 11.9169
303 11.9534
304 11.8912
305 11.8912
306 11.8912
307 11.8912
308 11.8912
309 11.8912
310 11.8912
311 11.8912
312 11.8912
313 11.8912
314 11.8912
315 11.8912
316 11.8912
317 11.8912
318 11.8912
319 11.8912
320 11.8912
321 11.8912
322 11.8912
323 11.8912
324 11.8912
325 11.8912
326 11.8912
327 11.8912
328 11.8912
329 11.8912
330 11.8912
331 11.8912
332 11.8912
333 11.8912
334 11.8912
335 11.8912
336 11.8912
337 11.8912
338 11.8912
339 11.8912
340 11.8912
341 11.8912
342 11.8912
343 11.8912
344 11.8912
345 11.8912
346 11.8912
347 11.8912
348 11.8912
349 11.8912
350 11.8912
351 11.8912
352 11.8912
353 11.8912
354 11.8912
355 11.8912
356 11.8912
357 11.8912
358 11.8912
359 11.8912
360 11.8912
361 11.8912
362 11.8912
363 11.8912
364 11.8912
365 11.8912
366 11.8912
367 11.8912
368 11.8912
369 11.8912
370 11.8912
371 11.8912
372 11.8912
373 11.8912
374 11.8912
375 11.8912
376 11.8912
377 11.8912
378 11.8912
379 11.8912
380 11.8912
381 11.8912
382 11.8912
383 11.8912
384 11.8912
385 11.8912
386 11.8912
387 11.8912
388 11.8912
389 11.8912
390 11.8912
391 11.8912
392 11.8912
393 11.8912
394 11.8912
395 11.8912
396 11.8912
397 11.8912
398 11.8912
399 11.8912
400 11.8912
401 11.8912
402 11.8912
403 11.8912
404 11.8912
405 11.8912
406 11.8912
407 11.8912
408 11.8912
409 11.8912
410 11.8912
411 11.8912
412 11.8912
413 11.8912
414 11.8912
415 11.8912
416 11.8912
417 11.8912
418 11.8912
419 11.8912
420 11.8912
421 11.8912
422 11.8912
423 11.8912
424 11.8912
425 11.8912
426 11.8912
427 11.8912
428 11.8912
429 11.8912
430 11.8912
431 11.8912
432 11.8912
433 11.8912
434 11.8912
435 11.8912
436 11.8912
437 11.8912
438 11.8912
439 11.8912
440 11.8912
441 11.8912
442 11.8912
443 11.8912
444 11.8912
445 11.8912
446 11.8912
447 11.8912
448 11.8912
449 11.8912
450 11.8912
451 11.8912
452 11.8912
453 11.8912
454 11.8912
455 11.8912
456 11.8912
457 11.8912
458 11.8912
459 11.8912
460 11.8912
461 11.8912
462 11.8912
463 11.8912
464 11.8912
465 11.8912
466 11.8912
467 11.8912
468 11.8912
469 11.8912
470 11.8912
471 11.8912
472 11.8912
473 11.8912
474 11.8912
475 11.8912
476 11.8912
477 11.8912
478 11.8912
479 11.8912
480 11.8912
481 11.8912
482 11.8912
483 11.8912
484 11.8912
485 11.8912
486 11.8912
487 11.8912
488 11.8912
489 11.8912
490 11.8912
491 11.8912
492 11.8912
493 11.8912
494 11.8912
495 11.8912
496 11.8912
497 11.8912
498 11.8912
499 11.8912
500 11.8912
501 11.8912
502 11.8912
503 11.8912
504 11.8912
505 11.8912
506 11.8912
507 11.8912
508 11.8912
509 11.8912
510 11.8912
511 11.8912
512 11.8912
513 11.8912
514 11.8912
515 11.8912
516 11.8912
517 11.8912
518 11.8912
519 11.8912
520 11.8912
521 11.8912
522 11.8912
523 11.8912
524 11.8912
525 11.8912
526 11.8912
527 11.8912
528 11.8912
529 11.8912
530 11.8912
531 11.8912
532 11.8912
533 11.8912
534 11.8912
535 11.8912
536 11.8912
537 11.8912
538 11.8912
539 11.8912
540 11.8912
541 11.8912
542 11.8912
543 11.8912
544 11.8912
545 11.8912
546 11.8912
547 11.8912
548 11.8912
549 11.8912
550 11.8912
551 11.8912
552 11.8912
