1 11.9809
2 11.9809
3 11.9809
4 11.9809
5 11.9809
6 11.9809
7 11.9809
8 11.9809
9 11.9809
10 11.9809
11 11.9809
12 11.9809
13 11.9809
14 11.9809
15 11.9809
16 11.9809
17 11.9809
18 11.9809
19 11.9809
20 11.9809
21 11.9809
22 11.9809
23 11.9809
24 11.9809
25 11.9809
26 11.9809
27 11.9809
28 11.9809
29 11.9809
30 11.9809
31 11.9809
32 11.9809
33 11.9809
34 11.9809
35 11.9809
36 11.9809
37 11.9809
38 11.9809
39 11.9809
40 11.9809
41 11.9809
42 11.9809
43 11.9809
44 11.9809
45 11.9809
46 11.9809
47 11.9809
48 11.9809
49 11.9809
50 11.9809
51 11.9809
52 11.9809
53 11.9809
54 11.9809
55 11.9809
56 11.9809
57 11.9809
58 11.9809
59 11.9809
60 11.9809
61 11.9809
62 11.9809
63 11.9809
64 11.9809
65 11.9809
66 11.9809
67 11.9809
68 11.9809
69 11.9809
70 11.9809
71 11.9809
72 11.9809
73 11.9809
74 11.9809
75 11.9809
76 11.9809
77 11.9809
78 11.9809
79 11.9809
80 11.9809
81 11.9809
82 11.9809
83 11.9809
84 11.9809
85 11.9809
86 11.9809
87 11.9809
88 11.9809
89 11.9809
90 11.9809
91 11.9809
92 11.9809
93 11.9809
94 11.9809
95 11.9809
96 11.9809
97 11.9809
98 11.9809
99 11.9809
100 11.9809
101 11.9809
102 11.9809
103 11.9809
104 11.9809
105 11.9809
106 11.9809
107 11.9809
108 11.9809
109 11.9809
110 11.9809
111 11.9809
112 11.9809
113 11.9809
114 11.9809
115 11.9809
116 11.9809
117 11.9809
118 11.9809
119 11.9809
120 11.9809
121 11.9809
122 11.9809
123 11.9809
124 11.9809
125 11.9809
126 11.9809
127 11.9809
128 11.9809
129 11.9809
130 11.9809
131 11.9809
132 11.9809
133 11.9809
134 11.9809
135 11.9809
136 11.9809
137 11.9809
138 11.9809
139 11.9809
140 11.9809
141 11.9809
142 11.9809
143 11.9809
144 11.9809
145 11.9809
146 11.9809
147 11.9809
148 11.9809
149 11.9809
150 11.9809
151 11.9809
152 11.9809
153 11.9809
154 11.9809
155 11.9809
156 11.9809
157 11.9809
158 11.9809
159 11.9809
160 11.9809
161 11.9809
162 11.9809
163 11.9809
164 11.9809
165 11.9809
166 11.9809
167 11.9809
168 11.9809
169 11.9809
170 11.9809
171 11.9809
172 11.9809
173 11.9809
174 11.9809
175 11.9809
176 11.9809
177 11.9809
178 11.9809
179 11.9809
180 11.9809
181 11.9809
182 11.9809
183 11.9809
184 11.9809
185 11.9809
186 11.9809
187 11.9809
188 11.9809
189 11.9809
190 11.9809
191 11.9809
192 11.9809
193 11.9809
194 11.9809
195 11.9809
196 11.9809
197 11.9809
198 11.9809
199 11.9809
200 11.9809
201 11.9809
202 11.9809
203 11.9809
204 11.9809
205 11.9809
206 11.9809
207 11.9809
208 11.9809
209 11.9809
210 11.9809
211 11.9809
212 11.9809
213 11.9809
214 11.9809
215 11.9809
216 11.9809
217 11.9809
218 11.9809
219 11.9809
220 11.9809
221 11.9809
222 11.9809
223 11.9809
224 11.9809
225 11.9809
226 11.9809
227 11.9809
228 11.9809
229 11.9809
230 11.9809
231 11.9809
232 11.9805
233 11.7113
234 11.1692
235 10.5818
236 9.95203
237 9.30926
238 8.67027
239 8.04409
240 7.43315
241 6.83746
242 6.25544
243 5.68463
244 5.12227
245 4.56568
246 4.01277
247 3.46245
248 2.91491
249 2.37178
250 1.83589
251 1.31092
252 1.33105
253 1.37261
254 1.40024
255 1.41491
256 1.42177
257 1.43219
258 1.43669
259 1.44334
260 1.44593
261 1.44686
262 1.44716
263 1.44725
264 1.44738
265 1.44741
266 1.44745
267 1.44746
268 1.44746
269 1.44746
270 1.44747
271 1.44747
272 1.44748
273 1.44748
274 1.44748
275 1.44748
276 1.44748
277 1.44748
278 1.44748
279 1.44747
280 1.44747
281 1.44746
282 1.4474
283 1.44735
284 1.44731
285 1.44715
286 1.44661
287 1.44489
288 1.43991
289 1.42738
290 1.40239
291 1.38195
292 1.35152
293 1.32225
294 1.29303
295 1.25336
296 1.21999
297 1.17015
298 1.14005
299 1.67838
300 2.24337
301 2.83447
302 3.45107
303 4.09243
304 4.75772
305 5.44593
306 6.15589
307 6.88612
308 7.63456
309 8.39772
310 9.16853
311 9.93212
312 10.6616
313 11.3151
314 11.8394
315 12
316 11.9809
317 11.9809
318 11.9809
319 11.9809
320 11.9809
321 11.9809
322 11.9809
323 11.9809
324 11.9809
325 11.9809
326 11.9809
327 11.9809
328 11.9809
329 11.9809
330 11.9809
331 11.9809
332 11.9809
333 11.9809
334 11.9809
335 11.9809
336 11.9809
337 11.9809
338 11.9809
339 11.9809
340 11.9809
341 11.9809
342 11.9809
343 11.9809
344 11.9809
345 11.9809
346 11.9809
347 11.9809
348 11.9809
349 11.9809
350 11.9809
351 11.9809
352 11.9809
353 11.9809
354 11.9809
355 11.9809
356 11.9809
357 11.9809
358 11.9809
359 11.9809
360 11.9809
361 11.9809
362 11.9809
363 11.9809
364 11.9809
365 11.9809
366 11.9809
367 11.9809
368 11.9809
369 11.9809
370 11.9809
371 11.9809
372 11.9809
373 11.9809
374 11.9809
375 11.9809
376 11.9809
377 11.9809
378 11.9809
379 11.9809
380 11.9809
381 11.9809
382 11.9809
383 11.9809
384 11.9809
385 11.9809
386 11.9809
387 11.9809
388 11.9809
389 11.9809
390 11.9809
391 11.9809
392 11.9809
393 11.9809
394 11.9809
395 11.9809
396 11.9809
397 11.9809
398 11.9809
399 11.9809
400 11.9809
401 11.9809
402 11.9809
403 11.9809
404 11.9809
405 11.9809
406 11.9809
407 11.9809
408 11.9809
409 11.9809
410 11.9809
411 11.9809
412 11.9809
413 11.9809
414 11.9809
415 11.9809
416 11.9809
417 11.9809
418 11.9809
419 11.9809
420 11.9809
421 11.9809
422 11.9809
423 11.9809
424 11.9809
425 11.9809
426 11.9809
427 11.9809
428 11.9809
429 11.9809
430 11.9809
431 11.9809
432 11.9809
433 11.9809
434 11.9809
435 11.9809
436 11.9809
437 11.9809
438 11.9809
439 11.9809
440 11.9809
441 11.9809
442 11.9809
443 11.9809
444 11.9809
445 11.9809
446 11.9809
447 11.9809
448 11.9809
449 11.9809
450 11.9809
451 11.9809
452 11.9809
453 11.9809
454 11.9809
455 11.9809
456 11.9809
457 11.9809
458 11.9809
459 11.9809
460 11.9809
461 11.9809
462 11.9809
463 11.9809
464 11.9809
465 11.9809
466 11.9809
467 11.9809
468 11.9809
469 11.9809
470 11.9809
471 11.9809
472 11.9809
473 11.9809
474 11.9809
475 11.9809
476 11.9809
477 11.9809
478 11.9809
479 11.9809
480 11.9809
481 11.9809
482 11.9809
483 11.9809
484 11.9809
485 11.9809
486 11.9809
487 11.9809
488 11.9809
489 11.9809
490 11.9809
491 11.9809
492 11.9809
493 11.9809
494 11.9809
495 11.9809
496 11.9809
497 11.9809
498 11.9809
499 11.9809
500 11.9809
501 11.9809
502 11.9809
503 11.9809
504 11.9809
505 11.9809
506 11.9809
507 11.9809
508 11.9809
509 11.9809
510 11.9809
511 11.9809
512 11.9809
513 11.9809
514 11.9809
515 11.9809
516 11.9809
517 11.9809
518 11.9809
519 11.9809
520 11.9809
521 11.9809
522 11.9809
523 11.9809
524 11.9809
525 11.9809
526 11.9809
527 11.9809
528 11.9809
529 11.9809
530 11.9809
531 11.9809
532 11.9809
533 11.9809
534 11.9809
535 11.9809
536 11.9809
537 11.9809
538 11.9809
539 11.9809
540 11.9809
541 11.9809
542 11.9809
543 11.9809
544 11.9809
545 11.9809
546 11.9809
547 11.9809
548 11.9809
549 11.9809
550 11.9809
551 11.9809
552 11.9809
