1 11.9483
2 11.9483
3 11.9483
4 11.9483
5 11.9483
6 11.9483
7 11.9483
8 11.9483
9 11.9483
10 11.9483
11 11.9483
12 11.9483
13 11.9483
14 11.9483
15 11.9483
16 11.9483
17 11.9483
18 11.9483
19 11.9483
20 11.9483
21 11.9483
22 11.9483
23 11.9483
24 11.9483
25 11.9483
26 11.9483
27 11.9483
28 11.9483
29 11.9483
30 11.9483
31 11.9483
32 11.9483
33 11.9483
34 11.9483
35 11.9483
36 11.9483
37 11.9483
38 11.9483
39 11.9483
40 11.9483
41 11.9483
42 11.9483
43 11.9483
44 11.9483
45 11.9483
46 11.9483
47 11.9483
48 11.9483
49 11.9483
50 11.9483
51 11.9483
52 11.9483
53 11.9483
54 11.9483
55 11.9483
56 11.9483
57 11.9483
58 11.9483
59 11.9483
60 11.9483
61 11.9483
62 11.9483
63 11.9483
64 11.9483
65 11.9483
66 11.9483
67 11.9483
68 11.9483
69 11.9483
70 11.9483
71 11.9483
72 11.9483
73 11.9483
74 11.9483
75 11.9483
76 11.9483
77 11.9483
78 11.9483
79 11.9483
80 11.9483
81 11.9483
82 11.9483
83 11.9483
84 11.9483
85 11.9483
86 11.9483
87 11.9483
88 11.9483
89 11.9483
90 11.9483
91 11.9483
92 11.9483
93 11.9483
94 11.9483
95 11.9483
96 11.9483
97 11.9483
98 11.9483
99 11.9483
100 11.9483
101 11.9483
102 11.9483
103 11.9483
104 11.9483
105 11.9483
106 11.9483
107 11.9483
108 11.9483
109 11.9483
110 11.9483
111 11.9483
112 11.9483
113 11.9483
114 11.9483
115 11.9483
116 11.9483
117 11.9483
118 11.9483
119 11.9483
120 11.9483
121 11.9483
122 11.9483
123 11.9483
124 11.9483
125 11.9483
126 11.9483
127 11.9483
128 11.9483
129 11.9483
130 11.9483
131 11.9483
132 11.9483
133 11.9483
134 11.9483
135 11.9483
136 11.9483
137 11.9483
138 11.9483
139 11.9483
140 11.9483
141 11.9483
142 11.9483
143 11.9483
144 11.9483
145 11.9483
146 11.9483
147 11.9483
148 11.9483
149 11.9483
150 11.9483
151 11.9483
152 11.9483
153 11.9483
154 11.9483
155 11.9483
156 11.9483
157 11.9483
158 11.9483
159 11.9483
160 11.9483
161 11.9483
162 11.9483
163 11.9483
164 11.9483
165 11.9483
166 11.9483
167 11.9483
168 11.9483
169 11.9483
170 11.9483
171 11.9483
172 11.9483
173 11.9483
174 11.9483
175 11.9483
176 11.9483
177 11.9483
178 11.9483
179 11.9483
180 11.9483
181 11.9483
182 11.9483
183 11.9483
184 11.9483
185 11.9483
186 11.9483
187 11.9483
188 11.9483
189 11.9483
190 11.9483
191 11.9483
192 11.9483
193 11.9483
194 11.9483
195 11.9483
196 11.9483
197 11.9483
198 11.9483
199 11.9483
200 11.9483
201 11.9483
202 11.9483
203 11.9483
204 11.9483
205 11.9483
206 11.9483
207 11.9483
208 11.9483
209 11.9483
210 11.9483
211 11.9483
212 11.9483
213 11.9483
214 11.9483
215 11.9483
216 11.9483
217 11.9483
218 11.9483
219 11.9483
220 11.9483
221 11.9483
222 11.9483
223 11.9483
224 11.9483
225 11.9483
226 11.9483
227 11.9483
228 11.9483
229 11.9483
230 11.9483
231 11.9483
232 11.9483
233 11.9483
234 11.9483
235 11.9483
236 11.9483
237 11.9483
238 11.9483
239 11.9483
240 11.9483
241 11.9483
242 11.9483
243 11.9483
244 11.9483
245 11.9483
246 11.9483
247 11.9483
248 11.9483
249 11.9483
250 11.9885
251 11.0746
252 11.0212
253 11.0268
254 11.0587
255 11.1536
256 11.9934
257 11.5304
258 11.9934
259 11.1964
260 11.1146
261 11.1146
262 11.1964
263 11.9934
264 11.4934
265 11.9631
266 11.2258
267 11.1773
268 11.9526
269 11.9483
270 11.9526
271 11.2237
272 11.3396
273 12
274 11.1988
275 11.0761
276 11.0432
277 11.0761
278 11.1988
279 12
280 11.3396
281 11.2237
282 11.9526
283 11.9885
284 11.0826
285 11.0157
286 11.0027
287 11.0165
288 11.0483
289 11.1528
290 11.9934
291 11.4512
292 11.9503
293 11.2722
294 11.9459
295 11.9674
296 11.1084
297 11.0624
298 11.1084
299 11.9674
300 11.9483
301 11.9483
302 11.9483
303 11.9483
304 11.9483
305 11.9483
306 11.9483
307 11.9483
308 11.9483
309 11.9483
310 11.9483
311 11.9483
312 11.9483
313 11.9483
314 11.9483
315 11.9483
316 11.9483
317 11.9483
318 11.9483
319 11.9483
320 11.9483
321 11.9483
322 11.9483
323 11.9483
324 11.9483
325 11.9483
326 11.9483
327 11.9483
328 11.9483
329 11.9483
330 11.9483
331 11.9483
332 11.9483
333 11.9483
334 11.9483
335 11.9483
336 11.9483
337 11.9483
338 11.9483
339 11.9483
340 11.9483
341 11.9483
342 11.9483
343 11.9483
344 11.9483
345 11.9483
346 11.9483
347 11.9483
348 11.9483
349 11.9483
350 11.9483
351 11.9483
352 11.9483
353 11.9483
354 11.9483
355 11.9483
356 11.9483
357 11.9483
358 11.9483
359 11.9483
360 11.9483
361 11.9483
362 11.9483
363 11.9483
364 11.9483
365 11.9483
366 11.9483
367 11.9483
368 11.9483
369 11.9483
370 11.9483
371 11.9483
372 11.9483
373 11.9483
374 11.9483
375 11.9483
376 11.9483
377 11.9483
378 11.9483
379 11.9483
380 11.9483
381 11.9483
382 11.9483
383 11.9483
384 11.9483
385 11.9483
386 11.9483
387 11.9483
388 11.9483
389 11.9483
390 11.9483
391 11.9483
392 11.9483
393 11.9483
394 11.9483
395 11.9483
396 11.9483
397 11.9483
398 11.9483
399 11.9483
400 11.9483
401 11.9483
402 11.9483
403 11.9483
404 11.9483
405 11.9483
406 11.9483
407 11.9483
408 11.9483
409 11.9483
410 11.9483
411 11.9483
412 11.9483
413 11.9483
414 11.9483
415 11.9483
416 11.9483
417 11.9483
418 11.9483
419 11.9483
420 11.9483
421 11.9483
422 11.9483
423 11.9483
424 11.9483
425 11.9483
426 11.9483
427 11.9483
428 11.9483
429 11.9483
430 11.9483
431 11.9483
432 11.9483
433 11.9483
434 11.9483
435 11.9483
436 11.9483
437 11.9483
438 11.9483
439 11.9483
440 11.9483
441 11.9483
442 11.9483
443 11.9483
444 11.9483
445 11.9483
446 11.9483
447 11.9483
448 11.9483
449 11.9483
450 11.9483
451 11.9483
452 11.9483
453 11.9483
454 11.9483
455 11.9483
456 11.9483
457 11.9483
458 11.9483
459 11.9483
460 11.9483
461 11.9483
462 11.9483
463 11.9483
464 11.9483
465 11.9483
466 11.9483
467 11.9483
468 11.9483
469 11.9483
470 11.9483
471 11.9483
472 11.9483
473 11.9483
474 11.9483
475 11.9483
476 11.9483
477 11.9483
478 11.9483
479 11.9483
480 11.9483
481 11.9483
482 11.9483
483 11.9483
484 11.9483
485 11.9483
486 11.9483
487 11.9483
488 11.9483
489 11.9483
490 11.9483
491 11.9483
492 11.9483
493 11.9483
494 11.9483
495 11.9483
496 11.9483
497 11.9483
498 11.9483
499 11.9483
500 11.9483
501 11.9483
502 11.9483
503 11.9483
504 11.9483
505 11.9483
506 11.9483
507 11.9483
508 11.9483
509 11.9483
510 11.9483
511 11.9483
512 11.9483
513 11.9483
514 11.9483
515 11.9483
516 11.9483
517 11.9483
518 11.9483
519 11.9483
520 11.9483
521 11.9483
522 11.9483
523 11.9483
524 11.9483
525 11.9483
526 11.9483
527 11.9483
528 11.9483
529 11.9483
530 11.9483
531 11.9483
532 11.9483
533 11.9483
534 11.9483
535 11.9483
536 11.9483
537 11.9483
538 11.9483
539 11.9483
540 11.9483
541 11.9483
542 11.9483
543 11.9483
544 11.9483
545 11.9483
546 11.9483
547 11.9483
548 11.9483
549 11.9483
550 11.9483
551 11.9483
552 11.9483
