1 11.9684
2 11.9684
3 11.9684
4 11.9684
5 11.9684
6 11.9684
7 11.9684
8 11.9684
9 11.9684
10 11.9684
11 11.9684
12 11.9684
13 11.9684
14 11.9684
15 11.9684
16 11.9684
17 11.9684
18 11.9684
19 11.9684
20 11.9684
21 11.9684
22 11.9684
23 11.9684
24 11.9684
25 11.9684
26 11.9684
27 11.9684
28 11.9684
29 11.9684
30 11.9684
31 11.9684
32 11.9684
33 11.9684
34 11.9684
35 11.9684
36 11.9684
37 11.9684
38 11.9684
39 11.9684
40 11.9684
41 11.9684
42 11.9684
43 11.9684
44 11.9684
45 11.9684
46 11.9684
47 11.9684
48 11.9684
49 11.9684
50 11.9684
51 11.9684
52 11.9684
53 11.9684
54 11.9684
55 11.9684
56 11.9684
57 11.9684
58 11.9684
59 11.9684
60 11.9684
61 11.9684
62 11.9684
63 11.9684
64 11.9684
65 11.9684
66 11.9684
67 11.9684
68 11.9684
69 11.9684
70 11.9684
71 11.9684
72 11.9684
73 11.9684
74 11.9684
75 11.9684
76 11.9684
77 11.9684
78 11.9684
79 11.9684
80 11.9684
81 11.9684
82 11.9684
83 11.9684
84 11.9684
85 11.9684
86 11.9684
87 11.9684
88 11.9684
89 11.9684
90 11.9684
91 11.9684
92 11.9684
93 11.9684
94 11.9684
95 11.9684
96 11.9684
97 11.9684
98 11.9684
99 11.9684
100 11.9684
101 11.9684
102 11.9684
103 11.9684
104 11.9684
105 11.9684
106 11.9684
107 11.9684
108 11.9684
109 11.9684
110 11.9684
111 11.9684
112 11.9684
113 11.9684
114 11.9684
115 11.9684
116 11.9684
117 11.9684
118 11.9684
119 11.9684
120 11.9684
121 11.9684
122 11.9684
123 11.9684
124 11.9684
125 11.9684
126 11.9684
127 11.9684
128 11.9684
129 11.9684
130 11.9684
131 11.9684
132 11.9684
133 11.9684
134 11.9684
135 11.9684
136 11.9684
137 11.9684
138 11.9684
139 11.9684
140 11.9684
141 11.9684
142 11.9684
143 11.9684
144 11.9684
145 11.9684
146 11.9684
147 11.9684
148 11.9684
149 11.9684
150 11.9684
151 11.9684
152 11.9684
153 11.9684
154 11.9684
155 11.9684
156 11.9684
157 11.9684
158 11.9684
159 11.9684
160 11.9684
161 11.9684
162 11.9684
163 11.9684
164 11.9684
165 11.9684
166 11.9684
167 11.9684
168 11.9684
169 11.9684
170 11.9684
171 11.9684
172 11.9684
173 11.9684
174 11.9684
175 11.9684
176 11.9684
177 11.9684
178 11.9684
179 11.9684
180 11.9684
181 11.9684
182 11.9684
183 11.9684
184 11.9684
185 11.9684
186 11.9684
187 11.9684
188 11.9684
189 11.9684
190 11.9684
191 11.9684
192 11.9684
193 11.9684
194 11.9684
195 11.9684
196 11.9684
197 11.9684
198 11.9684
199 11.9684
200 11.9684
201 11.9684
202 11.9684
203 11.9684
204 11.9684
205 11.9684
206 11.9684
207 11.9684
208 11.9684
209 11.9684
210 11.9684
211 11.9684
212 11.9684
213 11.9684
214 11.9684
215 11.9684
216 11.9684
217 11.9684
218 11.9684
219 11.9684
220 11.9684
221 11.9684
222 11.9684
223 11.9684
224 11.9684
225 11.9684
226 11.9684
227 11.9684
228 11.9684
229 11.9684
230 11.9684
231 11.9684
232 11.9684
233 11.9684
234 11.9684
235 11.9684
236 11.9684
237 11.9684
238 11.9684
239 11.9684
240 11.9684
241 11.9684
242 11.9684
243 11.9684
244 11.9684
245 11.9968
246 11.813
247 11.2701
248 10.6098
249 9.90059
250 9.17281
251 8.43867
252 8.42971
253 8.46474
254 8.49485
255 8.51229
256 8.53374
257 8.55238
258 8.5749
259 8.58964
260 8.6064
261 8.62983
262 8.7071
263 9.0715
264 9.1474
265 9.43036
266 9.47379
267 9.60441
268 10.2743
269 10.2947
270 9.67308
271 8.81805
272 8.75249
273 8.75892
274 8.56601
275 8.53708
276 8.53692
277 8.53937
278 8.54594
279 8.59154
280 8.58247
281 8.60388
282 8.70603
283 8.69703
284 8.57306
285 8.55484
286 8.55318
287 8.5495
288 8.54927
289 8.59142
290 8.91258
291 8.94523
292 9.2887
293 9.3421
294 9.80176
295 9.90098
296 9.83987
297 9.82083
298 9.84163
299 10.4986
300 11.0795
301 11.562
302 11.8661
303 12
304 11.9684
305 11.9684
306 11.9684
307 11.9684
308 11.9684
309 11.9684
310 11.9684
311 11.9684
312 11.9684
313 11.9684
314 11.9684
315 11.9684
316 11.9684
317 11.9684
318 11.9684
319 11.9684
320 11.9684
321 11.9684
322 11.9684
323 11.9684
324 11.9684
325 11.9684
326 11.9684
327 11.9684
328 11.9684
329 11.9684
330 11.9684
331 11.9684
332 11.9684
333 11.9684
334 11.9684
335 11.9684
336 11.9684
337 11.9684
338 11.9684
339 11.9684
340 11.9684
341 11.9684
342 11.9684
343 11.9684
344 11.9684
345 11.9684
346 11.9684
347 11.9684
348 11.9684
349 11.9684
350 11.9684
351 11.9684
352 11.9684
353 11.9684
354 11.9684
355 11.9684
356 11.9684
357 11.9684
358 11.9684
359 11.9684
360 11.9684
361 11.9684
362 11.9684
363 11.9684
364 11.9684
365 11.9684
366 11.9684
367 11.9684
368 11.9684
369 11.9684
370 11.9684
371 11.9684
372 11.9684
373 11.9684
374 11.9684
375 11.9684
376 11.9684
377 11.9684
378 11.9684
379 11.9684
380 11.9684
381 11.9684
382 11.9684
383 11.9684
384 11.9684
385 11.9684
386 11.9684
387 11.9684
388 11.9684
389 11.9684
390 11.9684
391 11.9684
392 11.9684
393 11.9684
394 11.9684
395 11.9684
396 11.9684
397 11.9684
398 11.9684
399 11.9684
400 11.9684
401 11.9684
402 11.9684
403 11.9684
404 11.9684
405 11.9684
406 11.9684
407 11.9684
408 11.9684
409 11.9684
410 11.9684
411 11.9684
412 11.9684
413 11.9684
414 11.9684
415 11.9684
416 11.9684
417 11.9684
418 11.9684
419 11.9684
420 11.9684
421 11.9684
422 11.9684
423 11.9684
424 11.9684
425 11.9684
426 11.9684
427 11.9684
428 11.9684
429 11.9684
430 11.9684
431 11.9684
432 11.9684
433 11.9684
434 11.9684
435 11.9684
436 11.9684
437 11.9684
438 11.9684
439 11.9684
440 11.9684
441 11.9684
442 11.9684
443 11.9684
444 11.9684
445 11.9684
446 11.9684
447 11.9684
448 11.9684
449 11.9684
450 11.9684
451 11.9684
452 11.9684
453 11.9684
454 11.9684
455 11.9684
456 11.9684
457 11.9684
458 11.9684
459 11.9684
460 11.9684
461 11.9684
462 11.9684
463 11.9684
464 11.9684
465 11.9684
466 11.9684
467 11.9684
468 11.9684
469 11.9684
470 11.9684
471 11.9684
472 11.9684
473 11.9684
474 11.9684
475 11.9684
476 11.9684
477 11.9684
478 11.9684
479 11.9684
480 11.9684
481 11.9684
482 11.9684
483 11.9684
484 11.9684
485 11.9684
486 11.9684
487 11.9684
488 11.9684
489 11.9684
490 11.9684
491 11.9684
492 11.9684
493 11.9684
494 11.9684
495 11.9684
496 11.9684
497 11.9684
498 11.9684
499 11.9684
500 11.9684
501 11.9684
502 11.9684
503 11.9684
504 11.9684
505 11.9684
506 11.9684
507 11.9684
508 11.9684
509 11.9684
510 11.9684
511 11.9684
512 11.9684
513 11.9684
514 11.9684
515 11.9684
516 11.9684
517 11.9684
518 11.9684
519 11.9684
520 11.9684
521 11.9684
522 11.9684
523 11.9684
524 11.9684
525 11.9684
526 11.9684
527 11.9684
528 11.9684
529 11.9684
530 11.9684
531 11.9684
532 11.9684
533 11.9684
534 11.9684
535 11.9684
536 11.9684
537 11.9684
538 11.9684
539 11.9684
540 11.9684
541 11.9684
542 11.9684
543 11.9684
544 11.9684
545 11.9684
546 11.9684
547 11.9684
548 11.9684
549 11.9684
550 11.9684
551 11.9684
552 11.9684
