1 11.9566
2 11.9566
3 11.9566
4 11.9566
5 11.9566
6 11.9566
7 11.9566
8 11.9566
9 11.9566
10 11.9566
11 11.9566
12 11.9566
13 11.9566
14 11.9566
15 11.9566
16 11.9566
17 11.9566
18 11.9566
19 11.9566
20 11.9566
21 11.9566
22 11.9566
23 11.9566
24 11.9566
25 11.9566
26 11.9566
27 11.9566
28 11.9566
29 11.9566
30 11.9566
31 11.9566
32 11.9566
33 11.9566
34 11.9566
35 11.9566
36 11.9566
37 11.9566
38 11.9566
39 11.9566
40 11.9566
41 11.9566
42 11.9566
43 11.9566
44 11.9566
45 11.9566
46 11.9566
47 11.9566
48 11.9566
49 11.9566
50 11.9566
51 11.9566
52 11.9566
53 11.9566
54 11.9566
55 11.9566
56 11.9566
57 11.9566
58 11.9566
59 11.9566
60 11.9566
61 11.9566
62 11.9566
63 11.9566
64 11.9566
65 11.9566
66 11.9566
67 11.9566
68 11.9566
69 11.9566
70 11.9566
71 11.9566
72 11.9566
73 11.9566
74 11.9566
75 11.9566
76 11.9566
77 11.9566
78 11.9566
79 11.9566
80 11.9566
81 11.9566
82 11.9566
83 11.9566
84 11.9566
85 11.9566
86 11.9566
87 11.9566
88 11.9566
89 11.9566
90 11.9566
91 11.9566
92 11.9566
93 11.9566
94 11.9566
95 11.9566
96 11.9566
97 11.9566
98 11.9566
99 11.9566
100 11.9566
101 11.9566
102 11.9566
103 11.9566
104 11.9566
105 11.9566
106 11.9566
107 11.9566
108 11.9566
109 11.9566
110 11.9566
111 11.9566
112 11.9566
113 11.9566
114 11.9566
115 11.9566
116 11.9566
117 11.9566
118 11.9566
119 11.9566
120 11.9566
121 11.9566
122 11.9566
123 11.9566
124 11.9566
125 11.9566
126 11.9566
127 11.9566
128 11.9566
129 11.9566
130 11.9566
131 11.9566
132 11.9566
133 11.9566
134 11.9566
135 11.9566
136 11.9566
137 11.9566
138 11.9566
139 11.9566
140 11.9566
141 11.9566
142 11.9566
143 11.9566
144 11.9566
145 11.9566
146 11.9566
147 11.9566
148 11.9566
149 11.9566
150 11.9566
151 11.9566
152 11.9566
153 11.9566
154 11.9566
155 11.9566
156 11.9566
157 11.9566
158 11.9566
159 11.9566
160 11.9566
161 11.9566
162 11.9566
163 11.9566
164 11.9566
165 11.9566
166 11.9566
167 11.9566
168 11.9566
169 11.9566
170 11.9566
171 11.9566
172 11.9566
173 11.9566
174 11.9566
175 11.9566
176 11.9566
177 11.9566
178 11.9566
179 11.9566
180 11.9566
181 11.9566
182 11.9566
183 11.9566
184 11.9566
185 11.9566
186 11.9566
187 11.9566
188 11.9566
189 11.9566
190 11.9566
191 11.9566
192 11.9566
193 11.9566
194 11.9566
195 11.9566
196 11.9566
197 11.9566
198 11.9566
199 11.9566
200 11.9566
201 11.9566
202 11.9566
203 11.9566
204 11.9566
205 11.9566
206 11.9566
207 11.9566
208 11.9566
209 11.9566
210 11.9566
211 11.9566
212 11.9566
213 11.9566
214 11.9566
215 11.9566
216 11.9566
217 11.9566
218 11.9566
219 11.9566
220 11.9566
221 11.9566
222 11.9566
223 11.9566
224 11.9566
225 11.9566
226 11.9566
227 11.9566
228 11.9566
229 11.9566
230 11.9566
231 11.9566
232 11.9566
233 11.9566
234 11.9566
235 11.9566
236 11.9566
237 11.9566
238 11.9566
239 11.9907
240 11.9939
241 11.6909
242 11.0322
243 10.2529
244 9.48199
245 8.73851
246 8.01754
247 7.31785
248 6.6405
249 5.98687
250 5.35797
251 4.75413
252 4.78587
253 4.84785
254 4.89751
255 4.93025
256 4.94736
257 4.98549
258 5.00578
259 5.04375
260 5.0671
261 5.07944
262 5.09853
263 5.20502
264 5.24509
265 5.38871
266 5.42651
267 5.5475
268 6.0102
269 6.04116
270 5.58479
271 4.6905
272 4.56177
273 4.542
274 4.34515
275 4.32205
276 4.33197
277 4.34129
278 4.3396
279 4.32298
280 4.32936
281 4.32084
282 4.29755
283 4.29398
284 4.3065
285 4.30552
286 4.29254
287 4.27233
288 4.25925
289 4.30308
290 4.66638
291 4.72874
292 5.1523
293 5.22506
294 5.68222
295 5.75716
296 5.71396
297 5.66833
298 5.6649
299 6.37334
300 7.08245
301 7.80687
302 8.55693
303 9.3367
304 10.1394
305 10.9307
306 11.5999
307 11.9617
308 12
309 11.9639
310 11.9566
311 11.9566
312 11.9566
313 11.9566
314 11.9566
315 11.9566
316 11.9566
317 11.9566
318 11.9566
319 11.9566
320 11.9566
321 11.9566
322 11.9566
323 11.9566
324 11.9566
325 11.9566
326 11.9566
327 11.9566
328 11.9566
329 11.9566
330 11.9566
331 11.9566
332 11.9566
333 11.9566
334 11.9566
335 11.9566
336 11.9566
337 11.9566
338 11.9566
339 11.9566
340 11.9566
341 11.9566
342 11.9566
343 11.9566
344 11.9566
345 11.9566
346 11.9566
347 11.9566
348 11.9566
349 11.9566
350 11.9566
351 11.9566
352 11.9566
353 11.9566
354 11.9566
355 11.9566
356 11.9566
357 11.9566
358 11.9566
359 11.9566
360 11.9566
361 11.9566
362 11.9566
363 11.9566
364 11.9566
365 11.9566
366 11.9566
367 11.9566
368 11.9566
369 11.9566
370 11.9566
371 11.9566
372 11.9566
373 11.9566
374 11.9566
375 11.9566
376 11.9566
377 11.9566
378 11.9566
379 11.9566
380 11.9566
381 11.9566
382 11.9566
383 11.9566
384 11.9566
385 11.9566
386 11.9566
387 11.9566
388 11.9566
389 11.9566
390 11.9566
391 11.9566
392 11.9566
393 11.9566
394 11.9566
395 11.9566
396 11.9566
397 11.9566
398 11.9566
399 11.9566
400 11.9566
401 11.9566
402 11.9566
403 11.9566
404 11.9566
405 11.9566
406 11.9566
407 11.9566
408 11.9566
409 11.9566
410 11.9566
411 11.9566
412 11.9566
413 11.9566
414 11.9566
415 11.9566
416 11.9566
417 11.9566
418 11.9566
419 11.9566
420 11.9566
421 11.9566
422 11.9566
423 11.9566
424 11.9566
425 11.9566
426 11.9566
427 11.9566
428 11.9566
429 11.9566
430 11.9566
431 11.9566
432 11.9566
433 11.9566
434 11.9566
435 11.9566
436 11.9566
437 11.9566
438 11.9566
439 11.9566
440 11.9566
441 11.9566
442 11.9566
443 11.9566
444 11.9566
445 11.9566
446 11.9566
447 11.9566
448 11.9566
449 11.9566
450 11.9566
451 11.9566
452 11.9566
453 11.9566
454 11.9566
455 11.9566
456 11.9566
457 11.9566
458 11.9566
459 11.9566
460 11.9566
461 11.9566
462 11.9566
463 11.9566
464 11.9566
465 11.9566
466 11.9566
467 11.9566
468 11.9566
469 11.9566
470 11.9566
471 11.9566
472 11.9566
473 11.9566
474 11.9566
475 11.9566
476 11.9566
477 11.9566
478 11.9566
479 11.9566
480 11.9566
481 11.9566
482 11.9566
483 11.9566
484 11.9566
485 11.9566
486 11.9566
487 11.9566
488 11.9566
489 11.9566
490 11.9566
491 11.9566
492 11.9566
493 11.9566
494 11.9566
495 11.9566
496 11.9566
497 11.9566
498 11.9566
499 11.9566
500 11.9566
501 11.9566
502 11.9566
503 11.9566
504 11.9566
505 11.9566
506 11.9566
507 11.9566
508 11.9566
509 11.9566
510 11.9566
511 11.9566
512 11.9566
513 11.9566
514 11.9566
515 11.9566
516 11.9566
517 11.9566
518 11.9566
519 11.9566
520 11.9566
521 11.9566
522 11.9566
523 11.9566
524 11.9566
525 11.9566
526 11.9566
527 11.9566
528 11.9566
529 11.9566
530 11.9566
531 11.9566
532 11.9566
533 11.9566
534 11.9566
535 11.9566
536 11.9566
537 11.9566
538 11.9566
539 11.9566
540 11.9566
541 11.9566
542 11.9566
543 11.9566
544 11.9566
545 11.9566
546 11.9566
547 11.9566
548 11.9566
549 11.9566
550 11.9566
551 11.9566
552 11.9566
