1 11.9579
2 11.9579
3 11.9579
4 11.9579
5 11.9579
6 11.9579
7 11.9579
8 11.9579
9 11.9579
10 11.9579
11 11.9579
12 11.9579
13 11.9579
14 11.9579
15 11.9579
16 11.9579
17 11.9579
18 11.9579
19 11.9579
20 11.9579
21 11.9579
22 11.9579
23 11.9579
24 11.9579
25 11.9579
26 11.9579
27 11.9579
28 11.9579
29 11.9579
30 11.9579
31 11.9579
32 11.9579
33 11.9579
34 11.9579
35 11.9579
36 11.9579
37 11.9579
38 11.9579
39 11.9579
40 11.9579
41 11.9579
42 11.9579
43 11.9579
44 11.9579
45 11.9579
46 11.9579
47 11.9579
48 11.9579
49 11.9579
50 11.9579
51 11.9579
52 11.9579
53 11.9579
54 11.9579
55 11.9579
56 11.9579
57 11.9579
58 11.9579
59 11.9579
60 11.9579
61 11.9579
62 11.9579
63 11.9579
64 11.9579
65 11.9579
66 11.9579
67 11.9579
68 11.9579
69 11.9579
70 11.9579
71 11.9579
72 11.9579
73 11.9579
74 11.9579
75 11.9579
76 11.9579
77 11.9579
78 11.9579
79 11.9579
80 11.9579
81 11.9579
82 11.9579
83 11.9579
84 11.9579
85 11.9579
86 11.9579
87 11.9579
88 11.9579
89 11.9579
90 11.9579
91 11.9579
92 11.9579
93 11.9579
94 11.9579
95 11.9579
96 11.9579
97 11.9579
98 11.9579
99 11.9579
100 11.9579
101 11.9579
102 11.9579
103 11.9579
104 11.9579
105 11.9579
106 11.9579
107 11.9579
108 11.9579
109 11.9579
110 11.9579
111 11.9579
112 11.9579
113 11.9579
114 11.9579
115 11.9579
116 11.9579
117 11.9579
118 11.9579
119 11.9579
120 11.9579
121 11.9579
122 11.9579
123 11.9579
124 11.9579
125 11.9579
126 11.9579
127 11.9579
128 11.9579
129 11.9579
130 11.9579
131 11.9579
132 11.9579
133 11.9579
134 11.9579
135 11.9579
136 11.9579
137 11.9579
138 11.9579
139 11.9579
140 11.9579
141 11.9579
142 11.9579
143 11.9579
144 11.9579
145 11.9579
146 11.9579
147 11.9579
148 11.9579
149 11.9579
150 11.9579
151 11.9579
152 11.9579
153 11.9579
154 11.9579
155 11.9579
156 11.9579
157 11.9579
158 11.9579
159 11.9579
160 11.9579
161 11.9579
162 11.9579
163 11.9579
164 11.9579
165 11.9579
166 11.9579
167 11.9579
168 11.9579
169 11.9579
170 11.9579
171 11.9579
172 11.9579
173 11.9579
174 11.9579
175 11.9579
176 11.9579
177 11.9579
178 11.9579
179 11.9579
180 11.9579
181 11.9579
182 11.9579
183 11.9579
184 11.9579
185 11.9579
186 11.9579
187 11.9579
188 11.9579
189 11.9579
190 11.9579
191 11.9579
192 11.9579
193 11.9579
194 11.9579
195 11.9579
196 11.9579
197 11.9579
198 11.9579
199 11.9579
200 11.9579
201 11.9579
202 11.9579
203 11.9579
204 11.9579
205 11.9579
206 11.9579
207 11.9579
208 11.9579
209 11.9579
210 11.9579
211 11.9579
212 11.9579
213 11.9579
214 11.9579
215 11.9579
216 11.9579
217 11.9579
218 11.9579
219 11.9579
220 11.9579
221 11.9579
222 11.9579
223 11.9579
224 11.9579
225 11.9579
226 11.9579
227 11.9579
228 11.9579
229 11.9579
230 11.9579
231 11.9579
232 11.9579
233 11.9579
234 11.9579
235 12
236 11.7305
237 11.2141
238 10.5693
239 9.86041
240 9.12058
241 8.35915
242 7.58805
243 6.81558
244 6.04882
245 5.2939
246 4.55577
247 3.83796
248 3.14263
249 2.47066
250 1.82191
251 1.19533
252 1.22027
253 1.27761
254 1.32399
255 1.35501
256 1.37378
257 1.40462
258 1.42307
259 1.4513
260 1.46813
261 1.47725
262 1.48187
263 1.48408
264 1.48798
265 1.48975
266 1.49275
267 1.49402
268 1.49453
269 1.49534
270 1.49658
271 1.49839
272 1.49902
273 1.49922
274 1.49949
275 1.49955
276 1.49952
277 1.49932
278 1.4987
279 1.49694
280 1.49574
281 1.49271
282 1.48592
283 1.48149
284 1.47877
285 1.47316
286 1.46281
287 1.44683
288 1.43045
289 1.44419
290 1.64669
291 1.67446
292 1.94712
293 1.98921
294 2.33424
295 2.39201
296 2.35675
297 2.32732
298 2.35548
299 3.1585
300 3.9682
301 4.77368
302 5.55746
303 6.29759
304 6.97588
305 7.58806
306 8.14667
307 8.67361
308 9.18904
309 9.70468
310 10.218
311 10.734
312 11.2368
313 11.7128
314 11.988
315 11.9579
316 11.9579
317 11.9579
318 11.9579
319 11.9579
320 11.9579
321 11.9579
322 11.9579
323 11.9579
324 11.9579
325 11.9579
326 11.9579
327 11.9579
328 11.9579
329 11.9579
330 11.9579
331 11.9579
332 11.9579
333 11.9579
334 11.9579
335 11.9579
336 11.9579
337 11.9579
338 11.9579
339 11.9579
340 11.9579
341 11.9579
342 11.9579
343 11.9579
344 11.9579
345 11.9579
346 11.9579
347 11.9579
348 11.9579
349 11.9579
350 11.9579
351 11.9579
352 11.9579
353 11.9579
354 11.9579
355 11.9579
356 11.9579
357 11.9579
358 11.9579
359 11.9579
360 11.9579
361 11.9579
362 11.9579
363 11.9579
364 11.9579
365 11.9579
366 11.9579
367 11.9579
368 11.9579
369 11.9579
370 11.9579
371 11.9579
372 11.9579
373 11.9579
374 11.9579
375 11.9579
376 11.9579
377 11.9579
378 11.9579
379 11.9579
380 11.9579
381 11.9579
382 11.9579
383 11.9579
384 11.9579
385 11.9579
386 11.9579
387 11.9579
388 11.9579
389 11.9579
390 11.9579
391 11.9579
392 11.9579
393 11.9579
394 11.9579
395 11.9579
396 11.9579
397 11.9579
398 11.9579
399 11.9579
400 11.9579
401 11.9579
402 11.9579
403 11.9579
404 11.9579
405 11.9579
406 11.9579
407 11.9579
408 11.9579
409 11.9579
410 11.9579
411 11.9579
412 11.9579
413 11.9579
414 11.9579
415 11.9579
416 11.9579
417 11.9579
418 11.9579
419 11.9579
420 11.9579
421 11.9579
422 11.9579
423 11.9579
424 11.9579
425 11.9579
426 11.9579
427 11.9579
428 11.9579
429 11.9579
430 11.9579
431 11.9579
432 11.9579
433 11.9579
434 11.9579
435 11.9579
436 11.9579
437 11.9579
438 11.9579
439 11.9579
440 11.9579
441 11.9579
442 11.9579
443 11.9579
444 11.9579
445 11.9579
446 11.9579
447 11.9579
448 11.9579
449 11.9579
450 11.9579
451 11.9579
452 11.9579
453 11.9579
454 11.9579
455 11.9579
456 11.9579
457 11.9579
458 11.9579
459 11.9579
460 11.9579
461 11.9579
462 11.9579
463 11.9579
464 11.9579
465 11.9579
466 11.9579
467 11.9579
468 11.9579
469 11.9579
470 11.9579
471 11.9579
472 11.9579
473 11.9579
474 11.9579
475 11.9579
476 11.9579
477 11.9579
478 11.9579
479 11.9579
480 11.9579
481 11.9579
482 11.9579
483 11.9579
484 11.9579
485 11.9579
486 11.9579
487 11.9579
488 11.9579
489 11.9579
490 11.9579
491 11.9579
492 11.9579
493 11.9579
494 11.9579
495 11.9579
496 11.9579
497 11.9579
498 11.9579
499 11.9579
500 11.9579
501 11.9579
502 11.9579
503 11.9579
504 11.9579
505 11.9579
506 11.9579
507 11.9579
508 11.9579
509 11.9579
510 11.9579
511 11.9579
512 11.9579
513 11.9579
514 11.9579
515 11.9579
516 11.9579
517 11.9579
518 11.9579
519 11.9579
520 11.9579
521 11.9579
522 11.9579
523 11.9579
524 11.9579
525 11.9579
526 11.9579
527 11.9579
528 11.9579
529 11.9579
530 11.9579
531 11.9579
532 11.9579
533 11.9579
534 11.9579
535 11.9579
536 11.9579
537 11.9579
538 11.9579
539 11.9579
540 11.9579
541 11.9579
542 11.9579
543 11.9579
544 11.9579
545 11.9579
546 11.9579
547 11.9579
548 11.9579
549 11.9579
550 11.9579
551 11.9579
552 11.9579
