1 11.9994
2 11.9994
3 11.9994
4 11.9994
5 11.9994
6 11.9994
7 11.9994
8 11.9994
9 11.9994
10 11.9994
11 11.9994
12 11.9994
13 11.9994
14 11.9994
15 11.9994
16 11.9994
17 11.9994
18 11.9994
19 11.9994
20 11.9994
21 11.9994
22 11.9994
23 11.9994
24 11.9994
25 11.9994
26 11.9994
27 11.9994
28 11.9994
29 11.9994
30 11.9994
31 11.9994
32 11.9994
33 11.9994
34 11.9994
35 11.9994
36 11.9994
37 11.9994
38 11.9994
39 11.9994
40 11.9994
41 11.9994
42 11.9994
43 11.9994
44 11.9994
45 11.9994
46 11.9994
47 11.9994
48 11.9994
49 11.9994
50 11.9994
51 11.9994
52 11.9994
53 11.9994
54 11.9994
55 11.9994
56 11.9994
57 11.9994
58 11.9994
59 11.9994
60 11.9994
61 11.9994
62 11.9994
63 11.9994
64 11.9994
65 11.9994
66 11.9994
67 11.9994
68 11.9994
69 11.9994
70 11.9994
71 11.9994
72 11.9994
73 11.9994
74 11.9994
75 11.9994
76 11.9994
77 11.9994
78 11.9994
79 11.9994
80 11.9994
81 11.9994
82 11.9994
83 11.9994
84 11.9994
85 11.9994
86 11.9994
87 11.9994
88 11.9994
89 11.9994
90 11.9994
91 11.9994
92 11.9994
93 11.9994
94 11.9994
95 11.9994
96 11.9994
97 11.9994
98 11.9994
99 11.9994
100 11.9994
101 11.9994
102 11.9994
103 11.9994
104 11.9994
105 11.9994
106 11.9994
107 11.9994
108 11.9994
109 11.9994
110 11.9994
111 11.9994
112 11.9994
113 11.9994
114 11.9994
115 11.9994
116 11.9994
117 11.9994
118 11.9994
119 11.9994
120 11.9994
121 11.9994
122 11.9994
123 11.9994
124 11.9994
125 11.9994
126 11.9994
127 11.9994
128 11.9994
129 11.9994
130 11.9994
131 11.9994
132 11.9994
133 11.9994
134 11.9994
135 11.9994
136 11.9994
137 11.9994
138 11.9994
139 11.9994
140 11.9994
141 11.9994
142 11.9994
143 11.9994
144 11.9994
145 11.9994
146 11.9994
147 11.9994
148 11.9994
149 11.9994
150 11.9994
151 11.9994
152 11.9994
153 11.9994
154 11.9994
155 11.9994
156 11.9994
157 11.9994
158 11.9994
159 11.9994
160 11.9994
161 11.9994
162 11.9994
163 11.9994
164 11.9994
165 11.9994
166 11.9994
167 11.9994
168 11.9994
169 11.9994
170 11.9994
171 11.9994
172 11.9994
173 11.9994
174 11.9994
175 11.9994
176 11.9994
177 11.9994
178 11.9994
179 11.9994
180 11.9994
181 11.9994
182 11.9994
183 11.9994
184 11.9994
185 11.9994
186 11.9994
187 11.9994
188 11.9994
189 11.9994
190 11.9994
191 11.9994
192 11.9994
193 11.9994
194 11.9994
195 11.9994
196 11.9994
197 11.9994
198 11.9994
199 11.9994
200 11.9994
201 11.9994
202 11.9994
203 11.9994
204 11.9994
205 11.9994
206 11.9994
207 11.9994
208 11.9994
209 11.9994
210 11.9994
211 11.9994
212 11.9994
213 11.9994
214 11.9994
215 11.9994
216 11.9994
217 11.9994
218 11.9994
219 11.9994
220 11.9994
221 11.9994
222 11.9994
223 11.9994
224 11.9994
225 11.9994
226 11.9994
227 11.9994
228 11.9994
229 11.9994
230 11.9994
231 11.9994
232 11.9994
233 11.9994
234 11.9994
235 12
236 11.8446
237 11.3116
238 10.5512
239 9.7733
240 9.03021
241 8.31634
242 7.62759
243 6.96282
244 6.32228
245 5.70606
246 5.11367
247 4.54279
248 3.98737
249 3.43507
250 2.86571
251 2.25503
252 2.26336
253 2.3073
254 2.34864
255 2.38236
256 2.40848
257 2.43096
258 2.45625
259 2.43105
260 2.43921
261 2.45349
262 2.46454
263 2.47223
264 2.47009
265 2.47968
266 2.43613
267 2.43626
268 2.49696
269 2.46454
270 2.24635
271 1.71417
272 1.63516
273 1.63148
274 1.55296
275 1.55208
276 1.55987
277 1.56148
278 1.55523
279 1.54342
280 1.53769
281 1.52284
282 1.49904
283 1.48716
284 1.48643
285 1.47802
286 1.4613
287 1.43543
288 1.4037
289 1.39035
290 1.53058
291 1.53308
292 1.7489
293 1.76912
294 2.07079
295 2.11121
296 2.07028
297 2.03422
298 2.05431
299 2.8441
300 3.63693
301 4.42086
302 5.18608
303 5.92879
304 6.65308
305 7.36968
306 8.09235
307 8.83453
308 9.6063
309 10.4053
310 11.1784
311 11.754
312 11.9808
313 11.9994
314 11.9994
315 11.9994
316 11.9994
317 11.9994
318 11.9994
319 11.9994
320 11.9994
321 11.9994
322 11.9994
323 11.9994
324 11.9994
325 11.9994
326 11.9994
327 11.9994
328 11.9994
329 11.9994
330 11.9994
331 11.9994
332 11.9994
333 11.9994
334 11.9994
335 11.9994
336 11.9994
337 11.9994
338 11.9994
339 11.9994
340 11.9994
341 11.9994
342 11.9994
343 11.9994
344 11.9994
345 11.9994
346 11.9994
347 11.9994
348 11.9994
349 11.9994
350 11.9994
351 11.9994
352 11.9994
353 11.9994
354 11.9994
355 11.9994
356 11.9994
357 11.9994
358 11.9994
359 11.9994
360 11.9994
361 11.9994
362 11.9994
363 11.9994
364 11.9994
365 11.9994
366 11.9994
367 11.9994
368 11.9994
369 11.9994
370 11.9994
371 11.9994
372 11.9994
373 11.9994
374 11.9994
375 11.9994
376 11.9994
377 11.9994
378 11.9994
379 11.9994
380 11.9994
381 11.9994
382 11.9994
383 11.9994
384 11.9994
385 11.9994
386 11.9994
387 11.9994
388 11.9994
389 11.9994
390 11.9994
391 11.9994
392 11.9994
393 11.9994
394 11.9994
395 11.9994
396 11.9994
397 11.9994
398 11.9994
399 11.9994
400 11.9994
401 11.9994
402 11.9994
403 11.9994
404 11.9994
405 11.9994
406 11.9994
407 11.9994
408 11.9994
409 11.9994
410 11.9994
411 11.9994
412 11.9994
413 11.9994
414 11.9994
415 11.9994
416 11.9994
417 11.9994
418 11.9994
419 11.9994
420 11.9994
421 11.9994
422 11.9994
423 11.9994
424 11.9994
425 11.9994
426 11.9994
427 11.9994
428 11.9994
429 11.9994
430 11.9994
431 11.9994
432 11.9994
433 11.9994
434 11.9994
435 11.9994
436 11.9994
437 11.9994
438 11.9994
439 11.9994
440 11.9994
441 11.9994
442 11.9994
443 11.9994
444 11.9994
445 11.9994
446 11.9994
447 11.9994
448 11.9994
449 11.9994
450 11.9994
451 11.9994
452 11.9994
453 11.9994
454 11.9994
455 11.9994
456 11.9994
457 11.9994
458 11.9994
459 11.9994
460 11.9994
461 11.9994
462 11.9994
463 11.9994
464 11.9994
465 11.9994
466 11.9994
467 11.9994
468 11.9994
469 11.9994
470 11.9994
471 11.9994
472 11.9994
473 11.9994
474 11.9994
475 11.9994
476 11.9994
477 11.9994
478 11.9994
479 11.9994
480 11.9994
481 11.9994
482 11.9994
483 11.9994
484 11.9994
485 11.9994
486 11.9994
487 11.9994
488 11.9994
489 11.9994
490 11.9994
491 11.9994
492 11.9994
493 11.9994
494 11.9994
495 11.9994
496 11.9994
497 11.9994
498 11.9994
499 11.9994
500 11.9994
501 11.9994
502 11.9994
503 11.9994
504 11.9994
505 11.9994
506 11.9994
507 11.9994
508 11.9994
509 11.9994
510 11.9994
511 11.9994
512 11.9994
513 11.9994
514 11.9994
515 11.9994
516 11.9994
517 11.9994
518 11.9994
519 11.9994
520 11.9994
521 11.9994
522 11.9994
523 11.9994
524 11.9994
525 11.9994
526 11.9994
527 11.9994
528 11.9994
529 11.9994
530 11.9994
531 11.9994
532 11.9994
533 11.9994
534 11.9994
535 11.9994
536 11.9994
537 11.9994
538 11.9994
539 11.9994
540 11.9994
541 11.9994
542 11.9994
543 11.9994
544 11.9994
545 11.9994
546 11.9994
547 11.9994
548 11.9994
549 11.9994
550 11.9994
551 11.9994
552 11.9994
