1 11.9372
2 11.9372
3 11.9372
4 11.9372
5 11.9372
6 11.9372
7 11.9372
8 11.9372
9 11.9372
10 11.9372
11 11.9372
12 11.9372
13 11.9372
14 11.9372
15 11.9372
16 11.9372
17 11.9372
18 11.9372
19 11.9372
20 11.9372
21 11.9372
22 11.9372
23 11.9372
24 11.9372
25 11.9372
26 11.9372
27 11.9372
28 11.9372
29 11.9372
30 11.9372
31 11.9372
32 11.9372
33 11.9372
34 11.9372
35 11.9372
36 11.9372
37 11.9372
38 11.9372
39 11.9372
40 11.9372
41 11.9372
42 11.9372
43 11.9372
44 11.9372
45 11.9372
46 11.9372
47 11.9372
48 11.9372
49 11.9372
50 11.9372
51 11.9372
52 11.9372
53 11.9372
54 11.9372
55 11.9372
56 11.9372
57 11.9372
58 11.9372
59 11.9372
60 11.9372
61 11.9372
62 11.9372
63 11.9372
64 11.9372
65 11.9372
66 11.9372
67 11.9372
68 11.9372
69 11.9372
70 11.9372
71 11.9372
72 11.9372
73 11.9372
74 11.9372
75 11.9372
76 11.9372
77 11.9372
78 11.9372
79 11.9372
80 11.9372
81 11.9372
82 11.9372
83 11.9372
84 11.9372
85 11.9372
86 11.9372
87 11.9372
88 11.9372
89 11.9372
90 11.9372
91 11.9372
92 11.9372
93 11.9372
94 11.9372
95 11.9372
96 11.9372
97 11.9372
98 11.9372
99 11.9372
100 11.9372
101 11.9372
102 11.9372
103 11.9372
104 11.9372
105 11.9372
106 11.9372
107 11.9372
108 11.9372
109 11.9372
110 11.9372
111 11.9372
112 11.9372
113 11.9372
114 11.9372
115 11.9372
116 11.9372
117 11.9372
118 11.9372
119 11.9372
120 11.9372
121 11.9372
122 11.9372
123 11.9372
124 11.9372
125 11.9372
126 11.9372
127 11.9372
128 11.9372
129 11.9372
130 11.9372
131 11.9372
132 11.9372
133 11.9372
134 11.9372
135 11.9372
136 11.9372
137 11.9372
138 11.9372
139 11.9372
140 11.9372
141 11.9372
142 11.9372
143 11.9372
144 11.9372
145 11.9372
146 11.9372
147 11.9372
148 11.9372
149 11.9372
150 11.9372
151 11.9372
152 11.9372
153 11.9372
154 11.9372
155 11.9372
156 11.9372
157 11.9372
158 11.9372
159 11.9372
160 11.9372
161 11.9372
162 11.9372
163 11.9372
164 11.9372
165 11.9372
166 11.9372
167 11.9372
168 11.9372
169 11.9372
170 11.9372
171 11.9372
172 11.9372
173 11.9372
174 11.9372
175 11.9372
176 11.9372
177 11.9372
178 11.9372
179 11.9372
180 11.9372
181 11.9372
182 11.9372
183 11.9372
184 11.9372
185 11.9372
186 11.9372
187 11.9372
188 11.9372
189 11.9372
190 11.9372
191 11.9372
192 11.9372
193 11.9372
194 11.9372
195 11.9372
196 11.9372
197 11.9372
198 11.9372
199 11.9372
200 11.9372
201 11.9372
202 11.9372
203 11.9372
204 11.9372
205 11.9372
206 11.9372
207 11.9372
208 11.9372
209 11.9372
210 11.9372
211 11.9372
212 11.9372
213 11.9372
214 11.9372
215 11.9372
216 11.9372
217 11.9372
218 11.9372
219 11.9372
220 11.9372
221 11.9372
222 11.9372
223 11.9372
224 11.9372
225 11.9372
226 11.9372
227 11.9372
228 11.9372
229 11.9372
230 11.9372
231 11.9372
232 11.9372
233 11.9372
234 11.9372
235 11.9372
236 11.9372
237 11.955
238 11.9965
239 11.9047
240 11.4387
241 10.6785
242 9.8696
243 9.09753
244 8.36074
245 7.65133
246 6.96625
247 6.30521
248 5.66874
249 5.05716
250 4.46999
251 3.90474
252 3.94459
253 4.0099
254 4.06141
255 4.09657
256 4.11809
257 4.1569
258 4.18185
259 4.20964
260 4.23322
261 4.24871
262 4.26292
263 4.32141
264 4.34916
265 4.4414
266 4.45367
267 4.53376
268 4.85252
269 4.84505
270 4.43582
271 3.61059
272 3.49265
273 3.47877
274 3.32629
275 3.31487
276 3.32674
277 3.33438
278 3.3305
279 3.31302
280 3.31619
281 3.30561
282 3.28053
283 3.27444
284 3.28251
285 3.27883
286 3.26415
287 3.24112
288 3.2206
289 3.24559
290 3.543
291 3.58878
292 3.96927
293 4.03591
294 4.50046
295 4.59212
296 4.55484
297 4.52071
298 4.53486
299 5.27685
300 5.99721
301 6.70753
302 7.42292
303 8.15782
304 8.92379
305 9.72803
306 10.5605
307 11.3388
308 11.8527
309 12
310 11.9678
311 11.9421
312 11.9372
313 11.9372
314 11.9372
315 11.9372
316 11.9372
317 11.9372
318 11.9372
319 11.9372
320 11.9372
321 11.9372
322 11.9372
323 11.9372
324 11.9372
325 11.9372
326 11.9372
327 11.9372
328 11.9372
329 11.9372
330 11.9372
331 11.9372
332 11.9372
333 11.9372
334 11.9372
335 11.9372
336 11.9372
337 11.9372
338 11.9372
339 11.9372
340 11.9372
341 11.9372
342 11.9372
343 11.9372
344 11.9372
345 11.9372
346 11.9372
347 11.9372
348 11.9372
349 11.9372
350 11.9372
351 11.9372
352 11.9372
353 11.9372
354 11.9372
355 11.9372
356 11.9372
357 11.9372
358 11.9372
359 11.9372
360 11.9372
361 11.9372
362 11.9372
363 11.9372
364 11.9372
365 11.9372
366 11.9372
367 11.9372
368 11.9372
369 11.9372
370 11.9372
371 11.9372
372 11.9372
373 11.9372
374 11.9372
375 11.9372
376 11.9372
377 11.9372
378 11.9372
379 11.9372
380 11.9372
381 11.9372
382 11.9372
383 11.9372
384 11.9372
385 11.9372
386 11.9372
387 11.9372
388 11.9372
389 11.9372
390 11.9372
391 11.9372
392 11.9372
393 11.9372
394 11.9372
395 11.9372
396 11.9372
397 11.9372
398 11.9372
399 11.9372
400 11.9372
401 11.9372
402 11.9372
403 11.9372
404 11.9372
405 11.9372
406 11.9372
407 11.9372
408 11.9372
409 11.9372
410 11.9372
411 11.9372
412 11.9372
413 11.9372
414 11.9372
415 11.9372
416 11.9372
417 11.9372
418 11.9372
419 11.9372
420 11.9372
421 11.9372
422 11.9372
423 11.9372
424 11.9372
425 11.9372
426 11.9372
427 11.9372
428 11.9372
429 11.9372
430 11.9372
431 11.9372
432 11.9372
433 11.9372
434 11.9372
435 11.9372
436 11.9372
437 11.9372
438 11.9372
439 11.9372
440 11.9372
441 11.9372
442 11.9372
443 11.9372
444 11.9372
445 11.9372
446 11.9372
447 11.9372
448 11.9372
449 11.9372
450 11.9372
451 11.9372
452 11.9372
453 11.9372
454 11.9372
455 11.9372
456 11.9372
457 11.9372
458 11.9372
459 11.9372
460 11.9372
461 11.9372
462 11.9372
463 11.9372
464 11.9372
465 11.9372
466 11.9372
467 11.9372
468 11.9372
469 11.9372
470 11.9372
471 11.9372
472 11.9372
473 11.9372
474 11.9372
475 11.9372
476 11.9372
477 11.9372
478 11.9372
479 11.9372
480 11.9372
481 11.9372
482 11.9372
483 11.9372
484 11.9372
485 11.9372
486 11.9372
487 11.9372
488 11.9372
489 11.9372
490 11.9372
491 11.9372
492 11.9372
493 11.9372
494 11.9372
495 11.9372
496 11.9372
497 11.9372
498 11.9372
499 11.9372
500 11.9372
501 11.9372
502 11.9372
503 11.9372
504 11.9372
505 11.9372
506 11.9372
507 11.9372
508 11.9372
509 11.9372
510 11.9372
511 11.9372
512 11.9372
513 11.9372
514 11.9372
515 11.9372
516 11.9372
517 11.9372
518 11.9372
519 11.9372
520 11.9372
521 11.9372
522 11.9372
523 11.9372
524 11.9372
525 11.9372
526 11.9372
527 11.9372
528 11.9372
529 11.9372
530 11.9372
531 11.9372
532 11.9372
533 11.9372
534 11.9372
535 11.9372
536 11.9372
537 11.9372
538 11.9372
539 11.9372
540 11.9372
541 11.9372
542 11.9372
543 11.9372
544 11.9372
545 11.9372
546 11.9372
547 11.9372
548 11.9372
549 11.9372
550 11.9372
551 11.9372
552 11.9372
