1 11.8147
2 11.8147
3 11.8147
4 11.8147
5 11.8147
6 11.8147
7 11.8147
8 11.8147
9 11.8147
10 11.8147
11 11.8147
12 11.8147
13 11.8147
14 11.8147
15 11.8147
16 11.8147
17 11.8147
18 11.8147
19 11.8147
20 11.8147
21 11.8147
22 11.8147
23 11.8147
24 11.8147
25 11.8147
26 11.8147
27 11.8147
28 11.8147
29 11.8147
30 11.8147
31 11.8147
32 11.8147
33 11.8147
34 11.8147
35 11.8147
36 11.8147
37 11.8147
38 11.8147
39 11.8147
40 11.8147
41 11.8147
42 11.8147
43 11.8147
44 11.8147
45 11.8147
46 11.8147
47 11.8147
48 11.8147
49 11.8147
50 11.8147
51 11.8147
52 11.8147
53 11.8147
54 11.8147
55 11.8147
56 11.8147
57 11.8147
58 11.8147
59 11.8147
60 11.8147
61 11.8147
62 11.8147
63 11.8147
64 11.8147
65 11.8147
66 11.8147
67 11.8147
68 11.8147
69 11.8147
70 11.8147
71 11.8147
72 11.8147
73 11.8147
74 11.8147
75 11.8147
76 11.8147
77 11.8147
78 11.8147
79 11.8147
80 11.8147
81 11.8147
82 11.8147
83 11.8147
84 11.8147
85 11.8147
86 11.8147
87 11.8147
88 11.8147
89 11.8147
90 11.8147
91 11.8147
92 11.8147
93 11.8147
94 11.8147
95 11.8147
96 11.8147
97 11.8147
98 11.8147
99 11.8147
100 11.8147
101 11.8147
102 11.8147
103 11.8147
104 11.8147
105 11.8147
106 11.8147
107 11.8147
108 11.8147
109 11.8147
110 11.8147
111 11.8147
112 11.8147
113 11.8147
114 11.8147
115 11.8147
116 11.8147
117 11.8147
118 11.8147
119 11.8147
120 11.8147
121 11.8147
122 11.8147
123 11.8147
124 11.8147
125 11.8147
126 11.8147
127 11.8147
128 11.8147
129 11.8147
130 11.8147
131 11.8147
132 11.8147
133 11.8147
134 11.8147
135 11.8147
136 11.8147
137 11.8147
138 11.8147
139 11.8147
140 11.8147
141 11.8147
142 11.8147
143 11.8147
144 11.8147
145 11.8147
146 11.8147
147 11.8147
148 11.8147
149 11.8147
150 11.8147
151 11.8147
152 11.8147
153 11.8147
154 11.8147
155 11.8147
156 11.8147
157 11.8147
158 11.8147
159 11.8147
160 11.8147
161 11.8147
162 11.8147
163 11.8147
164 11.8147
165 11.8147
166 11.8147
167 11.8147
168 11.8147
169 11.8147
170 11.8147
171 11.8147
172 11.8147
173 11.8147
174 11.8147
175 11.8147
176 11.8147
177 11.8147
178 11.8147
179 11.8147
180 11.8147
181 11.8147
182 11.8147
183 11.8147
184 11.8147
185 11.8147
186 11.8147
187 11.8147
188 11.8147
189 11.8147
190 11.8147
191 11.8147
192 11.8147
193 11.8147
194 11.8147
195 11.8147
196 11.8147
197 11.8147
198 11.8147
199 11.8147
200 11.8147
201 11.8147
202 11.8147
203 11.8147
204 11.8147
205 11.8147
206 11.8147
207 11.8147
208 11.8147
209 11.8147
210 11.8147
211 11.8147
212 11.8147
213 11.8147
214 11.8147
215 11.8147
216 11.8147
217 11.8147
218 11.8147
219 11.8147
220 11.8147
221 11.8147
222 11.8147
223 11.8147
224 11.8147
225 11.8147
226 11.8147
227 11.8147
228 11.8147
229 11.8147
230 11.8147
231 11.8147
232 11.8147
233 11.8147
234 11.8147
235 11.8147
236 11.8147
237 11.8147
238 11.8147
239 11.8147
240 11.8147
241 11.8147
242 11.8147
243 11.8147
244 11.8147
245 11.8147
246 11.8147
247 11.8147
248 11.9453
249 11.6872
250 11.0835
251 10.3579
252 10.3446
253 10.3796
254 10.438
255 10.5642
256 11.0096
257 11.0085
258 11.1426
259 10.8067
260 10.721
261 10.7067
262 10.7645
263 11.199
264 11.1692
265 11.4035
266 11.1393
267 11.0765
268 11.6423
269 12
270 11.4685
271 10.7188
272 10.6895
273 10.7261
274 10.4148
275 10.3684
276 10.3748
277 10.4064
278 10.5011
279 10.8884
280 10.9053
281 11.0269
282 11.5414
283 11.234
284 10.3649
285 10.2361
286 10.2005
287 10.1877
288 10.1916
289 10.259
290 10.7713
291 10.8441
292 11.38
293 11.33
294 11.8157
295 11.429
296 10.7359
297 10.6748
298 10.6947
299 11.3176
300 11.8429
301 11.8147
302 11.8147
303 11.8147
304 11.8147
305 11.8147
306 11.8147
307 11.8147
308 11.8147
309 11.8147
310 11.8147
311 11.8147
312 11.8147
313 11.8147
314 11.8147
315 11.8147
316 11.8147
317 11.8147
318 11.8147
319 11.8147
320 11.8147
321 11.8147
322 11.8147
323 11.8147
324 11.8147
325 11.8147
326 11.8147
327 11.8147
328 11.8147
329 11.8147
330 11.8147
331 11.8147
332 11.8147
333 11.8147
334 11.8147
335 11.8147
336 11.8147
337 11.8147
338 11.8147
339 11.8147
340 11.8147
341 11.8147
342 11.8147
343 11.8147
344 11.8147
345 11.8147
346 11.8147
347 11.8147
348 11.8147
349 11.8147
350 11.8147
351 11.8147
352 11.8147
353 11.8147
354 11.8147
355 11.8147
356 11.8147
357 11.8147
358 11.8147
359 11.8147
360 11.8147
361 11.8147
362 11.8147
363 11.8147
364 11.8147
365 11.8147
366 11.8147
367 11.8147
368 11.8147
369 11.8147
370 11.8147
371 11.8147
372 11.8147
373 11.8147
374 11.8147
375 11.8147
376 11.8147
377 11.8147
378 11.8147
379 11.8147
380 11.8147
381 11.8147
382 11.8147
383 11.8147
384 11.8147
385 11.8147
386 11.8147
387 11.8147
388 11.8147
389 11.8147
390 11.8147
391 11.8147
392 11.8147
393 11.8147
394 11.8147
395 11.8147
396 11.8147
397 11.8147
398 11.8147
399 11.8147
400 11.8147
401 11.8147
402 11.8147
403 11.8147
404 11.8147
405 11.8147
406 11.8147
407 11.8147
408 11.8147
409 11.8147
410 11.8147
411 11.8147
412 11.8147
413 11.8147
414 11.8147
415 11.8147
416 11.8147
417 11.8147
418 11.8147
419 11.8147
420 11.8147
421 11.8147
422 11.8147
423 11.8147
424 11.8147
425 11.8147
426 11.8147
427 11.8147
428 11.8147
429 11.8147
430 11.8147
431 11.8147
432 11.8147
433 11.8147
434 11.8147
435 11.8147
436 11.8147
437 11.8147
438 11.8147
439 11.8147
440 11.8147
441 11.8147
442 11.8147
443 11.8147
444 11.8147
445 11.8147
446 11.8147
447 11.8147
448 11.8147
449 11.8147
450 11.8147
451 11.8147
452 11.8147
453 11.8147
454 11.8147
455 11.8147
456 11.8147
457 11.8147
458 11.8147
459 11.8147
460 11.8147
461 11.8147
462 11.8147
463 11.8147
464 11.8147
465 11.8147
466 11.8147
467 11.8147
468 11.8147
469 11.8147
470 11.8147
471 11.8147
472 11.8147
473 11.8147
474 11.8147
475 11.8147
476 11.8147
477 11.8147
478 11.8147
479 11.8147
480 11.8147
481 11.8147
482 11.8147
483 11.8147
484 11.8147
485 11.8147
486 11.8147
487 11.8147
488 11.8147
489 11.8147
490 11.8147
491 11.8147
492 11.8147
493 11.8147
494 11.8147
495 11.8147
496 11.8147
497 11.8147
498 11.8147
499 11.8147
500 11.8147
501 11.8147
502 11.8147
503 11.8147
504 11.8147
505 11.8147
506 11.8147
507 11.8147
508 11.8147
509 11.8147
510 11.8147
511 11.8147
512 11.8147
513 11.8147
514 11.8147
515 11.8147
516 11.8147
517 11.8147
518 11.8147
519 11.8147
520 11.8147
521 11.8147
522 11.8147
523 11.8147
524 11.8147
525 11.8147
526 11.8147
527 11.8147
528 11.8147
529 11.8147
530 11.8147
531 11.8147
532 11.8147
533 11.8147
534 11.8147
535 11.8147
536 11.8147
537 11.8147
538 11.8147
539 11.8147
540 11.8147
541 11.8147
542 11.8147
543 11.8147
544 11.8147
545 11.8147
546 11.8147
547 11.8147
548 11.8147
549 11.8147
550 11.8147
551 11.8147
552 11.8147
