1 11.9271
2 11.9271
3 11.9271
4 11.9271
5 11.9271
6 11.9271
7 11.9271
8 11.9271
9 11.9271
10 11.9271
11 11.9271
12 11.9271
13 11.9271
14 11.9271
15 11.9271
16 11.9271
17 11.9271
18 11.9271
19 11.9271
20 11.9271
21 11.9271
22 11.9271
23 11.9271
24 11.9271
25 11.9271
26 11.9271
27 11.9271
28 11.9271
29 11.9271
30 11.9271
31 11.9271
32 11.9271
33 11.9271
34 11.9271
35 11.9271
36 11.9271
37 11.9271
38 11.9271
39 11.9271
40 11.9271
41 11.9271
42 11.9271
43 11.9271
44 11.9271
45 11.9271
46 11.9271
47 11.9271
48 11.9271
49 11.9271
50 11.9271
51 11.9271
52 11.9271
53 11.9271
54 11.9271
55 11.9271
56 11.9271
57 11.9271
58 11.9271
59 11.9271
60 11.9271
61 11.9271
62 11.9271
63 11.9271
64 11.9271
65 11.9271
66 11.9271
67 11.9271
68 11.9271
69 11.9271
70 11.9271
71 11.9271
72 11.9271
73 11.9271
74 11.9271
75 11.9271
76 11.9271
77 11.9271
78 11.9271
79 11.9271
80 11.9271
81 11.9271
82 11.9271
83 11.9271
84 11.9271
85 11.9271
86 11.9271
87 11.9271
88 11.9271
89 11.9271
90 11.9271
91 11.9271
92 11.9271
93 11.9271
94 11.9271
95 11.9271
96 11.9271
97 11.9271
98 11.9271
99 11.9271
100 11.9271
101 11.9271
102 11.9271
103 11.9271
104 11.9271
105 11.9271
106 11.9271
107 11.9271
108 11.9271
109 11.9271
110 11.9271
111 11.9271
112 11.9271
113 11.9271
114 11.9271
115 11.9271
116 11.9271
117 11.9271
118 11.9271
119 11.9271
120 11.9271
121 11.9271
122 11.9271
123 11.9271
124 11.9271
125 11.9271
126 11.9271
127 11.9271
128 11.9271
129 11.9271
130 11.9271
131 11.9271
132 11.9271
133 11.9271
134 11.9271
135 11.9271
136 11.9271
137 11.9271
138 11.9271
139 11.9271
140 11.9271
141 11.9271
142 11.9271
143 11.9271
144 11.9271
145 11.9271
146 11.9271
147 11.9271
148 11.9271
149 11.9271
150 11.9271
151 11.9271
152 11.9271
153 11.9271
154 11.9271
155 11.9271
156 11.9271
157 11.9271
158 11.9271
159 11.9271
160 11.9271
161 11.9271
162 11.9271
163 11.9271
164 11.9271
165 11.9271
166 11.9271
167 11.9271
168 11.9271
169 11.9271
170 11.9271
171 11.9271
172 11.9271
173 11.9271
174 11.9271
175 11.9271
176 11.9271
177 11.9271
178 11.9271
179 11.9271
180 11.9271
181 11.9271
182 11.9271
183 11.9271
184 11.9271
185 11.9271
186 11.9271
187 11.9271
188 11.9271
189 11.9271
190 11.9271
191 11.9271
192 11.9271
193 11.9271
194 11.9271
195 11.9271
196 11.9271
197 11.9271
198 11.9271
199 11.9271
200 11.9271
201 11.9271
202 11.9271
203 11.9271
204 11.9271
205 11.9271
206 11.9271
207 11.9271
208 11.9271
209 11.9271
210 11.9271
211 11.9271
212 11.9271
213 11.9271
214 11.9271
215 11.9271
216 11.9271
217 11.9271
218 11.9271
219 11.9271
220 11.9271
221 11.9271
222 11.9271
223 11.9271
224 11.9271
225 11.9271
226 11.9271
227 11.9271
228 11.9271
229 11.9271
230 11.9271
231 11.9271
232 11.9271
233 11.9271
234 11.9271
235 11.9271
236 11.9271
237 11.9271
238 11.9271
239 11.9271
240 11.9271
241 11.9271
242 11.9271
243 11.9271
244 11.9631
245 12
246 11.6045
247 10.9818
248 10.2796
249 9.55172
250 8.81687
251 8.08235
252 8.07543
253 8.11361
254 8.14666
255 8.1646
256 8.17621
257 8.19661
258 8.21314
259 8.23471
260 8.25153
261 8.27214
262 8.34484
263 8.69595
264 8.77461
265 9.06285
266 9.11045
267 9.25016
268 9.91936
269 9.95303
270 9.3662
271 8.50961
272 8.43394
273 8.43424
274 8.21787
275 8.17834
276 8.17341
277 8.173
278 8.17311
279 8.19537
280 8.18748
281 8.20023
282 8.27048
283 8.26903
284 8.19801
285 8.19214
286 8.19334
287 8.1919
288 8.19735
289 8.25158
290 8.59524
291 8.63073
292 8.96255
293 9.00607
294 9.42296
295 9.50884
296 9.47373
297 9.45848
298 9.48979
299 10.2153
300 10.8611
301 11.4153
302 11.8119
303 11.9573
304 11.9625
305 11.9271
306 11.9271
307 11.9271
308 11.9271
309 11.9271
310 11.9271
311 11.9271
312 11.9271
313 11.9271
314 11.9271
315 11.9271
316 11.9271
317 11.9271
318 11.9271
319 11.9271
320 11.9271
321 11.9271
322 11.9271
323 11.9271
324 11.9271
325 11.9271
326 11.9271
327 11.9271
328 11.9271
329 11.9271
330 11.9271
331 11.9271
332 11.9271
333 11.9271
334 11.9271
335 11.9271
336 11.9271
337 11.9271
338 11.9271
339 11.9271
340 11.9271
341 11.9271
342 11.9271
343 11.9271
344 11.9271
345 11.9271
346 11.9271
347 11.9271
348 11.9271
349 11.9271
350 11.9271
351 11.9271
352 11.9271
353 11.9271
354 11.9271
355 11.9271
356 11.9271
357 11.9271
358 11.9271
359 11.9271
360 11.9271
361 11.9271
362 11.9271
363 11.9271
364 11.9271
365 11.9271
366 11.9271
367 11.9271
368 11.9271
369 11.9271
370 11.9271
371 11.9271
372 11.9271
373 11.9271
374 11.9271
375 11.9271
376 11.9271
377 11.9271
378 11.9271
379 11.9271
380 11.9271
381 11.9271
382 11.9271
383 11.9271
384 11.9271
385 11.9271
386 11.9271
387 11.9271
388 11.9271
389 11.9271
390 11.9271
391 11.9271
392 11.9271
393 11.9271
394 11.9271
395 11.9271
396 11.9271
397 11.9271
398 11.9271
399 11.9271
400 11.9271
401 11.9271
402 11.9271
403 11.9271
404 11.9271
405 11.9271
406 11.9271
407 11.9271
408 11.9271
409 11.9271
410 11.9271
411 11.9271
412 11.9271
413 11.9271
414 11.9271
415 11.9271
416 11.9271
417 11.9271
418 11.9271
419 11.9271
420 11.9271
421 11.9271
422 11.9271
423 11.9271
424 11.9271
425 11.9271
426 11.9271
427 11.9271
428 11.9271
429 11.9271
430 11.9271
431 11.9271
432 11.9271
433 11.9271
434 11.9271
435 11.9271
436 11.9271
437 11.9271
438 11.9271
439 11.9271
440 11.9271
441 11.9271
442 11.9271
443 11.9271
444 11.9271
445 11.9271
446 11.9271
447 11.9271
448 11.9271
449 11.9271
450 11.9271
451 11.9271
452 11.9271
453 11.9271
454 11.9271
455 11.9271
456 11.9271
457 11.9271
458 11.9271
459 11.9271
460 11.9271
461 11.9271
462 11.9271
463 11.9271
464 11.9271
465 11.9271
466 11.9271
467 11.9271
468 11.9271
469 11.9271
470 11.9271
471 11.9271
472 11.9271
473 11.9271
474 11.9271
475 11.9271
476 11.9271
477 11.9271
478 11.9271
479 11.9271
480 11.9271
481 11.9271
482 11.9271
483 11.9271
484 11.9271
485 11.9271
486 11.9271
487 11.9271
488 11.9271
489 11.9271
490 11.9271
491 11.9271
492 11.9271
493 11.9271
494 11.9271
495 11.9271
496 11.9271
497 11.9271
498 11.9271
499 11.9271
500 11.9271
501 11.9271
502 11.9271
503 11.9271
504 11.9271
505 11.9271
506 11.9271
507 11.9271
508 11.9271
509 11.9271
510 11.9271
511 11.9271
512 11.9271
513 11.9271
514 11.9271
515 11.9271
516 11.9271
517 11.9271
518 11.9271
519 11.9271
520 11.9271
521 11.9271
522 11.9271
523 11.9271
524 11.9271
525 11.9271
526 11.9271
527 11.9271
528 11.9271
529 11.9271
530 11.9271
531 11.9271
532 11.9271
533 11.9271
534 11.9271
535 11.9271
536 11.9271
537 11.9271
538 11.9271
539 11.9271
540 11.9271
541 11.9271
542 11.9271
543 11.9271
544 11.9271
545 11.9271
546 11.9271
547 11.9271
548 11.9271
549 11.9271
550 11.9271
551 11.9271
552 11.9271
