1 11.9909
2 11.9909
3 11.9909
4 11.9909
5 11.9909
6 11.9909
7 11.9909
8 11.9909
9 11.9909
10 11.9909
11 11.9909
12 11.9909
13 11.9909
14 11.9909
15 11.9909
16 11.9909
17 11.9909
18 11.9909
19 11.9909
20 11.9909
21 11.9909
22 11.9909
23 11.9909
24 11.9909
25 11.9909
26 11.9909
27 11.9909
28 11.9909
29 11.9909
30 11.9909
31 11.9909
32 11.9909
33 11.9909
34 11.9909
35 11.9909
36 11.9909
37 11.9909
38 11.9909
39 11.9909
40 11.9909
41 11.9909
42 11.9909
43 11.9909
44 11.9909
45 11.9909
46 11.9909
47 11.9909
48 11.9909
49 11.9909
50 11.9909
51 11.9909
52 11.9909
53 11.9909
54 11.9909
55 11.9909
56 11.9909
57 11.9909
58 11.9909
59 11.9909
60 11.9909
61 11.9909
62 11.9909
63 11.9909
64 11.9909
65 11.9909
66 11.9909
67 11.9909
68 11.9909
69 11.9909
70 11.9909
71 11.9909
72 11.9909
73 11.9909
74 11.9909
75 11.9909
76 11.9909
77 11.9909
78 11.9909
79 11.9909
80 11.9909
81 11.9909
82 11.9909
83 11.9909
84 11.9909
85 11.9909
86 11.9909
87 11.9909
88 11.9909
89 11.9909
90 11.9909
91 11.9909
92 11.9909
93 11.9909
94 11.9909
95 11.9909
96 11.9909
97 11.9909
98 11.9909
99 11.9909
100 11.9909
101 11.9909
102 11.9909
103 11.9909
104 11.9909
105 11.9909
106 11.9909
107 11.9909
108 11.9909
109 11.9909
110 11.9909
111 11.9909
112 11.9909
113 11.9909
114 11.9909
115 11.9909
116 11.9909
117 11.9909
118 11.9909
119 11.9909
120 11.9909
121 11.9909
122 11.9909
123 11.9909
124 11.9909
125 11.9909
126 11.9909
127 11.9909
128 11.9909
129 11.9909
130 11.9909
131 11.9909
132 11.9909
133 11.9909
134 11.9909
135 11.9909
136 11.9909
137 11.9909
138 11.9909
139 11.9909
140 11.9909
141 11.9909
142 11.9909
143 11.9909
144 11.9909
145 11.9909
146 11.9909
147 11.9909
148 11.9909
149 11.9909
150 11.9909
151 11.9909
152 11.9909
153 11.9909
154 11.9909
155 11.9909
156 11.9909
157 11.9909
158 11.9909
159 11.9909
160 11.9909
161 11.9909
162 11.9909
163 11.9909
164 11.9909
165 11.9909
166 11.9909
167 11.9909
168 11.9909
169 11.9909
170 11.9909
171 11.9909
172 11.9909
173 11.9909
174 11.9909
175 11.9909
176 11.9909
177 11.9909
178 11.9909
179 11.9909
180 11.9909
181 11.9909
182 11.9909
183 11.9909
184 11.9909
185 11.9909
186 11.9909
187 11.9909
188 11.9909
189 11.9909
190 11.9909
191 11.9909
192 11.9909
193 11.9909
194 11.9909
195 11.9909
196 11.9909
197 11.9909
198 11.9909
199 11.9909
200 11.9909
201 11.9909
202 11.9909
203 11.9909
204 11.9909
205 11.9909
206 11.9909
207 11.9909
208 11.9909
209 11.9909
210 11.9909
211 11.9909
212 11.9909
213 11.9909
214 11.9909
215 11.9909
216 11.9909
217 11.9909
218 11.9909
219 11.9909
220 11.9909
221 11.9909
222 11.9909
223 11.9909
224 11.9909
225 11.9909
226 11.9909
227 11.9909
228 11.9909
229 11.9909
230 11.9909
231 11.9909
232 11.9909
233 11.9909
234 11.981
235 11.7036
236 11.2668
237 10.8261
238 10.3234
239 9.79655
240 9.22827
241 8.60842
242 7.93195
243 7.20647
244 6.45006
245 5.68254
246 4.9171
247 4.15794
248 3.40242
249 2.64492
250 1.88046
251 1.10724
252 1.08784
253 1.12155
254 1.16028
255 1.19398
256 1.22042
257 1.23816
258 1.26155
259 1.24763
260 1.26345
261 1.28247
262 1.29751
263 1.30761
264 1.32399
265 1.33499
266 1.35149
267 1.36245
268 1.36837
269 1.3785
270 1.39136
271 1.3965
272 1.40629
273 1.41228
274 1.42006
275 1.42411
276 1.42374
277 1.41954
278 1.41357
279 1.41438
280 1.40736
281 1.40421
282 1.42355
283 1.41547
284 1.40684
285 1.39558
286 1.38335
287 1.37545
288 1.38685
289 1.46432
290 1.82478
291 1.87112
292 2.10712
293 2.10315
294 2.1978
295 2.14704
296 2.09345
297 2.02332
298 1.97247
299 2.49484
300 3.03909
301 3.61076
302 4.21182
303 4.84251
304 5.50228
305 6.19015
306 6.90443
307 7.64207
308 8.39796
309 9.16276
310 9.92328
311 10.6523
312 11.3166
313 11.8247
314 12
315 11.9909
316 11.9909
317 11.9909
318 11.9909
319 11.9909
320 11.9909
321 11.9909
322 11.9909
323 11.9909
324 11.9909
325 11.9909
326 11.9909
327 11.9909
328 11.9909
329 11.9909
330 11.9909
331 11.9909
332 11.9909
333 11.9909
334 11.9909
335 11.9909
336 11.9909
337 11.9909
338 11.9909
339 11.9909
340 11.9909
341 11.9909
342 11.9909
343 11.9909
344 11.9909
345 11.9909
346 11.9909
347 11.9909
348 11.9909
349 11.9909
350 11.9909
351 11.9909
352 11.9909
353 11.9909
354 11.9909
355 11.9909
356 11.9909
357 11.9909
358 11.9909
359 11.9909
360 11.9909
361 11.9909
362 11.9909
363 11.9909
364 11.9909
365 11.9909
366 11.9909
367 11.9909
368 11.9909
369 11.9909
370 11.9909
371 11.9909
372 11.9909
373 11.9909
374 11.9909
375 11.9909
376 11.9909
377 11.9909
378 11.9909
379 11.9909
380 11.9909
381 11.9909
382 11.9909
383 11.9909
384 11.9909
385 11.9909
386 11.9909
387 11.9909
388 11.9909
389 11.9909
390 11.9909
391 11.9909
392 11.9909
393 11.9909
394 11.9909
395 11.9909
396 11.9909
397 11.9909
398 11.9909
399 11.9909
400 11.9909
401 11.9909
402 11.9909
403 11.9909
404 11.9909
405 11.9909
406 11.9909
407 11.9909
408 11.9909
409 11.9909
410 11.9909
411 11.9909
412 11.9909
413 11.9909
414 11.9909
415 11.9909
416 11.9909
417 11.9909
418 11.9909
419 11.9909
420 11.9909
421 11.9909
422 11.9909
423 11.9909
424 11.9909
425 11.9909
426 11.9909
427 11.9909
428 11.9909
429 11.9909
430 11.9909
431 11.9909
432 11.9909
433 11.9909
434 11.9909
435 11.9909
436 11.9909
437 11.9909
438 11.9909
439 11.9909
440 11.9909
441 11.9909
442 11.9909
443 11.9909
444 11.9909
445 11.9909
446 11.9909
447 11.9909
448 11.9909
449 11.9909
450 11.9909
451 11.9909
452 11.9909
453 11.9909
454 11.9909
455 11.9909
456 11.9909
457 11.9909
458 11.9909
459 11.9909
460 11.9909
461 11.9909
462 11.9909
463 11.9909
464 11.9909
465 11.9909
466 11.9909
467 11.9909
468 11.9909
469 11.9909
470 11.9909
471 11.9909
472 11.9909
473 11.9909
474 11.9909
475 11.9909
476 11.9909
477 11.9909
478 11.9909
479 11.9909
480 11.9909
481 11.9909
482 11.9909
483 11.9909
484 11.9909
485 11.9909
486 11.9909
487 11.9909
488 11.9909
489 11.9909
490 11.9909
491 11.9909
492 11.9909
493 11.9909
494 11.9909
495 11.9909
496 11.9909
497 11.9909
498 11.9909
499 11.9909
500 11.9909
501 11.9909
502 11.9909
503 11.9909
504 11.9909
505 11.9909
506 11.9909
507 11.9909
508 11.9909
509 11.9909
510 11.9909
511 11.9909
512 11.9909
513 11.9909
514 11.9909
515 11.9909
516 11.9909
517 11.9909
518 11.9909
519 11.9909
520 11.9909
521 11.9909
522 11.9909
523 11.9909
524 11.9909
525 11.9909
526 11.9909
527 11.9909
528 11.9909
529 11.9909
530 11.9909
531 11.9909
532 11.9909
533 11.9909
534 11.9909
535 11.9909
536 11.9909
537 11.9909
538 11.9909
539 11.9909
540 11.9909
541 11.9909
542 11.9909
543 11.9909
544 11.9909
545 11.9909
546 11.9909
547 11.9909
548 11.9909
549 11.9909
550 11.9909
551 11.9909
552 11.9909
