1 11.986
2 11.986
3 11.986
4 11.986
5 11.986
6 11.986
7 11.986
8 11.986
9 11.986
10 11.986
11 11.986
12 11.986
13 11.986
14 11.986
15 11.986
16 11.986
17 11.986
18 11.986
19 11.986
20 11.986
21 11.986
22 11.986
23 11.986
24 11.986
25 11.986
26 11.986
27 11.986
28 11.986
29 11.986
30 11.986
31 11.986
32 11.986
33 11.986
34 11.986
35 11.986
36 11.986
37 11.986
38 11.986
39 11.986
40 11.986
41 11.986
42 11.986
43 11.986
44 11.986
45 11.986
46 11.986
47 11.986
48 11.986
49 11.986
50 11.986
51 11.986
52 11.986
53 11.986
54 11.986
55 11.986
56 11.986
57 11.986
58 11.986
59 11.986
60 11.986
61 11.986
62 11.986
63 11.986
64 11.986
65 11.986
66 11.986
67 11.986
68 11.986
69 11.986
70 11.986
71 11.986
72 11.986
73 11.986
74 11.986
75 11.986
76 11.986
77 11.986
78 11.986
79 11.986
80 11.986
81 11.986
82 11.986
83 11.986
84 11.986
85 11.986
86 11.986
87 11.986
88 11.986
89 11.986
90 11.986
91 11.986
92 11.986
93 11.986
94 11.986
95 11.986
96 11.986
97 11.986
98 11.986
99 11.986
100 11.986
101 11.986
102 11.986
103 11.986
104 11.986
105 11.986
106 11.986
107 11.986
108 11.986
109 11.986
110 11.986
111 11.986
112 11.986
113 11.986
114 11.986
115 11.986
116 11.986
117 11.986
118 11.986
119 11.986
120 11.986
121 11.986
122 11.986
123 11.986
124 11.986
125 11.986
126 11.986
127 11.986
128 11.986
129 11.986
130 11.986
131 11.986
132 11.986
133 11.986
134 11.986
135 11.986
136 11.986
137 11.986
138 11.986
139 11.986
140 11.986
141 11.986
142 11.986
143 11.986
144 11.986
145 11.986
146 11.986
147 11.986
148 11.986
149 11.986
150 11.986
151 11.986
152 11.986
153 11.986
154 11.986
155 11.986
156 11.986
157 11.986
158 11.986
159 11.986
160 11.986
161 11.986
162 11.986
163 11.986
164 11.986
165 11.986
166 11.986
167 11.986
168 11.986
169 11.986
170 11.986
171 11.986
172 11.986
173 11.986
174 11.986
175 11.986
176 11.986
177 11.986
178 11.986
179 11.986
180 11.986
181 11.986
182 11.986
183 11.986
184 11.986
185 11.986
186 11.986
187 11.986
188 11.986
189 11.986
190 11.986
191 11.986
192 11.986
193 11.986
194 11.986
195 11.986
196 11.986
197 11.986
198 11.986
199 11.986
200 11.986
201 11.986
202 11.986
203 11.986
204 11.986
205 11.986
206 11.986
207 11.986
208 11.986
209 11.986
210 11.986
211 11.986
212 11.986
213 11.986
214 11.986
215 11.986
216 11.986
217 11.986
218 11.986
219 11.986
220 11.986
221 11.986
222 11.986
223 11.986
224 11.986
225 11.986
226 11.986
227 11.986
228 11.986
229 11.986
230 12
231 11.7628
232 11.3151
233 10.7869
234 10.2281
235 9.66018
236 9.09127
237 8.52647
238 7.9668
239 7.41138
240 6.85927
241 6.31011
242 5.76444
243 5.22387
244 4.69099
245 4.16904
246 3.66158
247 3.1721
248 2.70377
249 2.25925
250 1.84064
251 1.44955
252 1.48345
253 1.5209
254 1.5404
255 1.54858
256 1.55158
257 1.55565
258 1.55698
259 1.55869
260 1.55919
261 1.55932
262 1.55936
263 1.55937
264 1.55937
265 1.55938
266 1.55938
267 1.55938
268 1.55938
269 1.55938
270 1.55938
271 1.55938
272 1.55938
273 1.55938
274 1.55938
275 1.55938
276 1.55938
277 1.55938
278 1.55938
279 1.55938
280 1.55938
281 1.55938
282 1.55938
283 1.55937
284 1.55937
285 1.55936
286 1.55932
287 1.55914
288 1.55843
289 1.55589
290 1.54766
291 1.54092
292 1.52239
293 1.50757
294 1.47446
295 1.44704
296 1.42591
297 1.38483
298 1.34326
299 1.71816
300 2.12062
301 2.55033
302 3.00694
303 3.49011
304 3.99943
305 4.53451
306 5.09487
307 5.68001
308 6.28927
309 6.92176
310 7.57622
311 8.25058
312 8.94123
313 9.64165
314 10.339
315 11.0121
316 11.6176
317 11.975
318 11.986
319 11.986
320 11.986
321 11.986
322 11.986
323 11.986
324 11.986
325 11.986
326 11.986
327 11.986
328 11.986
329 11.986
330 11.986
331 11.986
332 11.986
333 11.986
334 11.986
335 11.986
336 11.986
337 11.986
338 11.986
339 11.986
340 11.986
341 11.986
342 11.986
343 11.986
344 11.986
345 11.986
346 11.986
347 11.986
348 11.986
349 11.986
350 11.986
351 11.986
352 11.986
353 11.986
354 11.986
355 11.986
356 11.986
357 11.986
358 11.986
359 11.986
360 11.986
361 11.986
362 11.986
363 11.986
364 11.986
365 11.986
366 11.986
367 11.986
368 11.986
369 11.986
370 11.986
371 11.986
372 11.986
373 11.986
374 11.986
375 11.986
376 11.986
377 11.986
378 11.986
379 11.986
380 11.986
381 11.986
382 11.986
383 11.986
384 11.986
385 11.986
386 11.986
387 11.986
388 11.986
389 11.986
390 11.986
391 11.986
392 11.986
393 11.986
394 11.986
395 11.986
396 11.986
397 11.986
398 11.986
399 11.986
400 11.986
401 11.986
402 11.986
403 11.986
404 11.986
405 11.986
406 11.986
407 11.986
408 11.986
409 11.986
410 11.986
411 11.986
412 11.986
413 11.986
414 11.986
415 11.986
416 11.986
417 11.986
418 11.986
419 11.986
420 11.986
421 11.986
422 11.986
423 11.986
424 11.986
425 11.986
426 11.986
427 11.986
428 11.986
429 11.986
430 11.986
431 11.986
432 11.986
433 11.986
434 11.986
435 11.986
436 11.986
437 11.986
438 11.986
439 11.986
440 11.986
441 11.986
442 11.986
443 11.986
444 11.986
445 11.986
446 11.986
447 11.986
448 11.986
449 11.986
450 11.986
451 11.986
452 11.986
453 11.986
454 11.986
455 11.986
456 11.986
457 11.986
458 11.986
459 11.986
460 11.986
461 11.986
462 11.986
463 11.986
464 11.986
465 11.986
466 11.986
467 11.986
468 11.986
469 11.986
470 11.986
471 11.986
472 11.986
473 11.986
474 11.986
475 11.986
476 11.986
477 11.986
478 11.986
479 11.986
480 11.986
481 11.986
482 11.986
483 11.986
484 11.986
485 11.986
486 11.986
487 11.986
488 11.986
489 11.986
490 11.986
491 11.986
492 11.986
493 11.986
494 11.986
495 11.986
496 11.986
497 11.986
498 11.986
499 11.986
500 11.986
501 11.986
502 11.986
503 11.986
504 11.986
505 11.986
506 11.986
507 11.986
508 11.986
509 11.986
510 11.986
511 11.986
512 11.986
513 11.986
514 11.986
515 11.986
516 11.986
517 11.986
518 11.986
519 11.986
520 11.986
521 11.986
522 11.986
523 11.986
524 11.986
525 11.986
526 11.986
527 11.986
528 11.986
529 11.986
530 11.986
531 11.986
532 11.986
533 11.986
534 11.986
535 11.986
536 11.986
537 11.986
538 11.986
539 11.986
540 11.986
541 11.986
542 11.986
543 11.986
544 11.986
545 11.986
546 11.986
547 11.986
548 11.986
549 11.986
550 11.986
551 11.986
552 11.986
