1 11.9959
2 11.9959
3 11.9959
4 11.9959
5 11.9959
6 11.9959
7 11.9959
8 11.9959
9 11.9959
10 11.9959
11 11.9959
12 11.9959
13 11.9959
14 11.9959
15 11.9959
16 11.9959
17 11.9959
18 11.9959
19 11.9959
20 11.9959
21 11.9959
22 11.9959
23 11.9959
24 11.9959
25 11.9959
26 11.9959
27 11.9959
28 11.9959
29 11.9959
30 11.9959
31 11.9959
32 11.9959
33 11.9959
34 11.9959
35 11.9959
36 11.9959
37 11.9959
38 11.9959
39 11.9959
40 11.9959
41 11.9959
42 11.9959
43 11.9959
44 11.9959
45 11.9959
46 11.9959
47 11.9959
48 11.9959
49 11.9959
50 11.9959
51 11.9959
52 11.9959
53 11.9959
54 11.9959
55 11.9959
56 11.9959
57 11.9959
58 11.9959
59 11.9959
60 11.9959
61 11.9959
62 11.9959
63 11.9959
64 11.9959
65 11.9959
66 11.9959
67 11.9959
68 11.9959
69 11.9959
70 11.9959
71 11.9959
72 11.9959
73 11.9959
74 11.9959
75 11.9959
76 11.9959
77 11.9959
78 11.9959
79 11.9959
80 11.9959
81 11.9959
82 11.9959
83 11.9959
84 11.9959
85 11.9959
86 11.9959
87 11.9959
88 11.9959
89 11.9959
90 11.9959
91 11.9959
92 11.9959
93 11.9959
94 11.9959
95 11.9959
96 11.9959
97 11.9959
98 11.9959
99 11.9959
100 11.9959
101 11.9959
102 11.9959
103 11.9959
104 11.9959
105 11.9959
106 11.9959
107 11.9959
108 11.9959
109 11.9959
110 11.9959
111 11.9959
112 11.9959
113 11.9959
114 11.9959
115 11.9959
116 11.9959
117 11.9959
118 11.9959
119 11.9959
120 11.9959
121 11.9959
122 11.9959
123 11.9959
124 11.9959
125 11.9959
126 11.9959
127 11.9959
128 11.9959
129 11.9959
130 11.9959
131 11.9959
132 11.9959
133 11.9959
134 11.9959
135 11.9959
136 11.9959
137 11.9959
138 11.9959
139 11.9959
140 11.9959
141 11.9959
142 11.9959
143 11.9959
144 11.9959
145 11.9959
146 11.9959
147 11.9959
148 11.9959
149 11.9959
150 11.9959
151 11.9959
152 11.9959
153 11.9959
154 11.9959
155 11.9959
156 11.9959
157 11.9959
158 11.9959
159 11.9959
160 11.9959
161 11.9959
162 11.9959
163 11.9959
164 11.9959
165 11.9959
166 11.9959
167 11.9959
168 11.9959
169 11.9959
170 11.9959
171 11.9959
172 11.9959
173 11.9959
174 11.9959
175 11.9959
176 11.9959
177 11.9959
178 11.9959
179 11.9959
180 11.9959
181 11.9959
182 11.9959
183 11.9959
184 11.9959
185 11.9959
186 11.9959
187 11.9959
188 11.9959
189 11.9959
190 11.9959
191 11.9959
192 11.9959
193 11.9959
194 11.9959
195 11.9959
196 11.9959
197 11.9959
198 11.9959
199 11.9959
200 11.9959
201 11.9959
202 11.9959
203 11.9959
204 11.9959
205 11.9959
206 11.9959
207 11.9959
208 11.9959
209 11.9959
210 11.9959
211 11.9959
212 11.9959
213 11.9959
214 11.9959
215 11.9959
216 11.9959
217 11.9959
218 11.9959
219 11.9959
220 11.9959
221 11.9959
222 11.9959
223 11.9959
224 11.9959
225 11.9959
226 11.9959
227 11.9959
228 11.9959
229 11.9959
230 11.9959
231 11.9959
232 11.9959
233 11.9959
234 11.9669
235 11.659
236 11.074
237 10.404
238 9.74143
239 9.09138
240 8.46024
241 7.85138
242 7.26402
243 6.69542
244 6.13815
245 5.57819
246 4.99512
247 4.36756
248 3.68384
249 2.94999
250 2.18622
251 1.41466
252 1.40012
253 1.44083
254 1.48607
255 1.52502
256 1.55556
257 1.57481
258 1.59885
259 1.5437
260 1.53995
261 1.55116
262 1.56485
263 1.57579
264 1.58048
265 1.58922
266 1.57841
267 1.58358
268 1.58895
269 1.59063
270 1.55094
271 1.37637
272 1.35337
273 1.35719
274 1.33043
275 1.33194
276 1.33497
277 1.33588
278 1.34017
279 1.36373
280 1.35935
281 1.35749
282 1.36957
283 1.3578
284 1.35041
285 1.33832
286 1.3211
287 1.29814
288 1.2705
289 1.24937
290 1.30218
291 1.26843
292 1.32022
293 1.28779
294 1.37152
295 1.33986
296 1.29144
297 1.23682
298 1.22369
299 1.91319
300 2.63106
301 3.37501
302 4.14107
303 4.92282
304 5.71124
305 6.49574
306 7.26655
307 8.01777
308 8.74973
309 9.46697
310 10.1743
311 10.8613
312 11.4793
313 11.893
314 12
315 11.9959
316 11.9959
317 11.9959
318 11.9959
319 11.9959
320 11.9959
321 11.9959
322 11.9959
323 11.9959
324 11.9959
325 11.9959
326 11.9959
327 11.9959
328 11.9959
329 11.9959
330 11.9959
331 11.9959
332 11.9959
333 11.9959
334 11.9959
335 11.9959
336 11.9959
337 11.9959
338 11.9959
339 11.9959
340 11.9959
341 11.9959
342 11.9959
343 11.9959
344 11.9959
345 11.9959
346 11.9959
347 11.9959
348 11.9959
349 11.9959
350 11.9959
351 11.9959
352 11.9959
353 11.9959
354 11.9959
355 11.9959
356 11.9959
357 11.9959
358 11.9959
359 11.9959
360 11.9959
361 11.9959
362 11.9959
363 11.9959
364 11.9959
365 11.9959
366 11.9959
367 11.9959
368 11.9959
369 11.9959
370 11.9959
371 11.9959
372 11.9959
373 11.9959
374 11.9959
375 11.9959
376 11.9959
377 11.9959
378 11.9959
379 11.9959
380 11.9959
381 11.9959
382 11.9959
383 11.9959
384 11.9959
385 11.9959
386 11.9959
387 11.9959
388 11.9959
389 11.9959
390 11.9959
391 11.9959
392 11.9959
393 11.9959
394 11.9959
395 11.9959
396 11.9959
397 11.9959
398 11.9959
399 11.9959
400 11.9959
401 11.9959
402 11.9959
403 11.9959
404 11.9959
405 11.9959
406 11.9959
407 11.9959
408 11.9959
409 11.9959
410 11.9959
411 11.9959
412 11.9959
413 11.9959
414 11.9959
415 11.9959
416 11.9959
417 11.9959
418 11.9959
419 11.9959
420 11.9959
421 11.9959
422 11.9959
423 11.9959
424 11.9959
425 11.9959
426 11.9959
427 11.9959
428 11.9959
429 11.9959
430 11.9959
431 11.9959
432 11.9959
433 11.9959
434 11.9959
435 11.9959
436 11.9959
437 11.9959
438 11.9959
439 11.9959
440 11.9959
441 11.9959
442 11.9959
443 11.9959
444 11.9959
445 11.9959
446 11.9959
447 11.9959
448 11.9959
449 11.9959
450 11.9959
451 11.9959
452 11.9959
453 11.9959
454 11.9959
455 11.9959
456 11.9959
457 11.9959
458 11.9959
459 11.9959
460 11.9959
461 11.9959
462 11.9959
463 11.9959
464 11.9959
465 11.9959
466 11.9959
467 11.9959
468 11.9959
469 11.9959
470 11.9959
471 11.9959
472 11.9959
473 11.9959
474 11.9959
475 11.9959
476 11.9959
477 11.9959
478 11.9959
479 11.9959
480 11.9959
481 11.9959
482 11.9959
483 11.9959
484 11.9959
485 11.9959
486 11.9959
487 11.9959
488 11.9959
489 11.9959
490 11.9959
491 11.9959
492 11.9959
493 11.9959
494 11.9959
495 11.9959
496 11.9959
497 11.9959
498 11.9959
499 11.9959
500 11.9959
501 11.9959
502 11.9959
503 11.9959
504 11.9959
505 11.9959
506 11.9959
507 11.9959
508 11.9959
509 11.9959
510 11.9959
511 11.9959
512 11.9959
513 11.9959
514 11.9959
515 11.9959
516 11.9959
517 11.9959
518 11.9959
519 11.9959
520 11.9959
521 11.9959
522 11.9959
523 11.9959
524 11.9959
525 11.9959
526 11.9959
527 11.9959
528 11.9959
529 11.9959
530 11.9959
531 11.9959
532 11.9959
533 11.9959
534 11.9959
535 11.9959
536 11.9959
537 11.9959
538 11.9959
539 11.9959
540 11.9959
541 11.9959
542 11.9959
543 11.9959
544 11.9959
545 11.9959
546 11.9959
547 11.9959
548 11.9959
549 11.9959
550 11.9959
551 11.9959
552 11.9959
