1 11.9558
2 11.9558
3 11.9558
4 11.9558
5 11.9558
6 11.9558
7 11.9558
8 11.9558
9 11.9558
10 11.9558
11 11.9558
12 11.9558
13 11.9558
14 11.9558
15 11.9558
16 11.9558
17 11.9558
18 11.9558
19 11.9558
20 11.9558
21 11.9558
22 11.9558
23 11.9558
24 11.9558
25 11.9558
26 11.9558
27 11.9558
28 11.9558
29 11.9558
30 11.9558
31 11.9558
32 11.9558
33 11.9558
34 11.9558
35 11.9558
36 11.9558
37 11.9558
38 11.9558
39 11.9558
40 11.9558
41 11.9558
42 11.9558
43 11.9558
44 11.9558
45 11.9558
46 11.9558
47 11.9558
48 11.9558
49 11.9558
50 11.9558
51 11.9558
52 11.9558
53 11.9558
54 11.9558
55 11.9558
56 11.9558
57 11.9558
58 11.9558
59 11.9558
60 11.9558
61 11.9558
62 11.9558
63 11.9558
64 11.9558
65 11.9558
66 11.9558
67 11.9558
68 11.9558
69 11.9558
70 11.9558
71 11.9558
72 11.9558
73 11.9558
74 11.9558
75 11.9558
76 11.9558
77 11.9558
78 11.9558
79 11.9558
80 11.9558
81 11.9558
82 11.9558
83 11.9558
84 11.9558
85 11.9558
86 11.9558
87 11.9558
88 11.9558
89 11.9558
90 11.9558
91 11.9558
92 11.9558
93 11.9558
94 11.9558
95 11.9558
96 11.9558
97 11.9558
98 11.9558
99 11.9558
100 11.9558
101 11.9558
102 11.9558
103 11.9558
104 11.9558
105 11.9558
106 11.9558
107 11.9558
108 11.9558
109 11.9558
110 11.9558
111 11.9558
112 11.9558
113 11.9558
114 11.9558
115 11.9558
116 11.9558
117 11.9558
118 11.9558
119 11.9558
120 11.9558
121 11.9558
122 11.9558
123 11.9558
124 11.9558
125 11.9558
126 11.9558
127 11.9558
128 11.9558
129 11.9558
130 11.9558
131 11.9558
132 11.9558
133 11.9558
134 11.9558
135 11.9558
136 11.9558
137 11.9558
138 11.9558
139 11.9558
140 11.9558
141 11.9558
142 11.9558
143 11.9558
144 11.9558
145 11.9558
146 11.9558
147 11.9558
148 11.9558
149 11.9558
150 11.9558
151 11.9558
152 11.9558
153 11.9558
154 11.9558
155 11.9558
156 11.9558
157 11.9558
158 11.9558
159 11.9558
160 11.9558
161 11.9558
162 11.9558
163 11.9558
164 11.9558
165 11.9558
166 11.9558
167 11.9558
168 11.9558
169 11.9558
170 11.9558
171 11.9558
172 11.9558
173 11.9558
174 11.9558
175 11.9558
176 11.9558
177 11.9558
178 11.9558
179 11.9558
180 11.9558
181 11.9558
182 11.9558
183 11.9558
184 11.9558
185 11.9558
186 11.9558
187 11.9558
188 11.9558
189 11.9558
190 11.9558
191 11.9558
192 11.9558
193 11.9558
194 11.9558
195 11.9558
196 11.9558
197 11.9558
198 11.9558
199 11.9558
200 11.9558
201 11.9558
202 11.9558
203 11.9558
204 11.9558
205 11.9558
206 11.9558
207 11.9558
208 11.9558
209 11.9558
210 11.9558
211 11.9558
212 11.9558
213 11.9558
214 11.9558
215 11.9558
216 11.9558
217 11.9558
218 11.9558
219 11.9558
220 11.9558
221 11.9558
222 11.9558
223 11.9558
224 11.9558
225 11.9558
226 11.9558
227 11.9558
228 11.9558
229 11.9558
230 11.9558
231 11.9558
232 11.9558
233 11.9558
234 11.9558
235 11.9558
236 11.9558
237 11.9558
238 11.9558
239 11.9558
240 11.9558
241 11.9558
242 11.9558
243 11.9558
244 11.9558
245 11.9558
246 11.9558
247 11.9558
248 11.9558
249 11.9558
250 11.9874
251 11.0706
252 11.0176
253 10.9928
254 11.0176
255 11.103
256 11.9941
257 11.3506
258 11.9941
259 11.0933
260 10.9943
261 10.9943
262 11.0933
263 11.9941
264 11.3506
265 11.9941
266 11.1973
267 11.1425
268 11.9874
269 11.9558
270 11.9874
271 11.1425
272 11.1973
273 12
274 11.103
275 11.0176
276 10.9928
277 11.0176
278 11.103
279 12
280 11.1973
281 11.1425
282 11.9874
283 11.9874
284 11.0934
285 11.0469
286 11.0262
287 11.0262
288 11.0469
289 11.1219
290 11.9941
291 11.3506
292 11.9855
293 11.2778
294 11.9676
295 11.9874
296 11.0534
297 11.0243
298 11.0534
299 11.9874
300 11.9558
301 11.9558
302 11.9558
303 11.9558
304 11.9558
305 11.9558
306 11.9558
307 11.9558
308 11.9558
309 11.9558
310 11.9558
311 11.9558
312 11.9558
313 11.9558
314 11.9558
315 11.9558
316 11.9558
317 11.9558
318 11.9558
319 11.9558
320 11.9558
321 11.9558
322 11.9558
323 11.9558
324 11.9558
325 11.9558
326 11.9558
327 11.9558
328 11.9558
329 11.9558
330 11.9558
331 11.9558
332 11.9558
333 11.9558
334 11.9558
335 11.9558
336 11.9558
337 11.9558
338 11.9558
339 11.9558
340 11.9558
341 11.9558
342 11.9558
343 11.9558
344 11.9558
345 11.9558
346 11.9558
347 11.9558
348 11.9558
349 11.9558
350 11.9558
351 11.9558
352 11.9558
353 11.9558
354 11.9558
355 11.9558
356 11.9558
357 11.9558
358 11.9558
359 11.9558
360 11.9558
361 11.9558
362 11.9558
363 11.9558
364 11.9558
365 11.9558
366 11.9558
367 11.9558
368 11.9558
369 11.9558
370 11.9558
371 11.9558
372 11.9558
373 11.9558
374 11.9558
375 11.9558
376 11.9558
377 11.9558
378 11.9558
379 11.9558
380 11.9558
381 11.9558
382 11.9558
383 11.9558
384 11.9558
385 11.9558
386 11.9558
387 11.9558
388 11.9558
389 11.9558
390 11.9558
391 11.9558
392 11.9558
393 11.9558
394 11.9558
395 11.9558
396 11.9558
397 11.9558
398 11.9558
399 11.9558
400 11.9558
401 11.9558
402 11.9558
403 11.9558
404 11.9558
405 11.9558
406 11.9558
407 11.9558
408 11.9558
409 11.9558
410 11.9558
411 11.9558
412 11.9558
413 11.9558
414 11.9558
415 11.9558
416 11.9558
417 11.9558
418 11.9558
419 11.9558
420 11.9558
421 11.9558
422 11.9558
423 11.9558
424 11.9558
425 11.9558
426 11.9558
427 11.9558
428 11.9558
429 11.9558
430 11.9558
431 11.9558
432 11.9558
433 11.9558
434 11.9558
435 11.9558
436 11.9558
437 11.9558
438 11.9558
439 11.9558
440 11.9558
441 11.9558
442 11.9558
443 11.9558
444 11.9558
445 11.9558
446 11.9558
447 11.9558
448 11.9558
449 11.9558
450 11.9558
451 11.9558
452 11.9558
453 11.9558
454 11.9558
455 11.9558
456 11.9558
457 11.9558
458 11.9558
459 11.9558
460 11.9558
461 11.9558
462 11.9558
463 11.9558
464 11.9558
465 11.9558
466 11.9558
467 11.9558
468 11.9558
469 11.9558
470 11.9558
471 11.9558
472 11.9558
473 11.9558
474 11.9558
475 11.9558
476 11.9558
477 11.9558
478 11.9558
479 11.9558
480 11.9558
481 11.9558
482 11.9558
483 11.9558
484 11.9558
485 11.9558
486 11.9558
487 11.9558
488 11.9558
489 11.9558
490 11.9558
491 11.9558
492 11.9558
493 11.9558
494 11.9558
495 11.9558
496 11.9558
497 11.9558
498 11.9558
499 11.9558
500 11.9558
501 11.9558
502 11.9558
503 11.9558
504 11.9558
505 11.9558
506 11.9558
507 11.9558
508 11.9558
509 11.9558
510 11.9558
511 11.9558
512 11.9558
513 11.9558
514 11.9558
515 11.9558
516 11.9558
517 11.9558
518 11.9558
519 11.9558
520 11.9558
521 11.9558
522 11.9558
523 11.9558
524 11.9558
525 11.9558
526 11.9558
527 11.9558
528 11.9558
529 11.9558
530 11.9558
531 11.9558
532 11.9558
533 11.9558
534 11.9558
535 11.9558
536 11.9558
537 11.9558
538 11.9558
539 11.9558
540 11.9558
541 11.9558
542 11.9558
543 11.9558
544 11.9558
545 11.9558
546 11.9558
547 11.9558
548 11.9558
549 11.9558
550 11.9558
551 11.9558
552 11.9558
