1 11.9694
2 11.9694
3 11.9694
4 11.9694
5 11.9694
6 11.9694
7 11.9694
8 11.9694
9 11.9694
10 11.9694
11 11.9694
12 11.9694
13 11.9694
14 11.9694
15 11.9694
16 11.9694
17 11.9694
18 11.9694
19 11.9694
20 11.9694
21 11.9694
22 11.9694
23 11.9694
24 11.9694
25 11.9694
26 11.9694
27 11.9694
28 11.9694
29 11.9694
30 11.9694
31 11.9694
32 11.9694
33 11.9694
34 11.9694
35 11.9694
36 11.9694
37 11.9694
38 11.9694
39 11.9694
40 11.9694
41 11.9694
42 11.9694
43 11.9694
44 11.9694
45 11.9694
46 11.9694
47 11.9694
48 11.9694
49 11.9694
50 11.9694
51 11.9694
52 11.9694
53 11.9694
54 11.9694
55 11.9694
56 11.9694
57 11.9694
58 11.9694
59 11.9694
60 11.9694
61 11.9694
62 11.9694
63 11.9694
64 11.9694
65 11.9694
66 11.9694
67 11.9694
68 11.9694
69 11.9694
70 11.9694
71 11.9694
72 11.9694
73 11.9694
74 11.9694
75 11.9694
76 11.9694
77 11.9694
78 11.9694
79 11.9694
80 11.9694
81 11.9694
82 11.9694
83 11.9694
84 11.9694
85 11.9694
86 11.9694
87 11.9694
88 11.9694
89 11.9694
90 11.9694
91 11.9694
92 11.9694
93 11.9694
94 11.9694
95 11.9694
96 11.9694
97 11.9694
98 11.9694
99 11.9694
100 11.9694
101 11.9694
102 11.9694
103 11.9694
104 11.9694
105 11.9694
106 11.9694
107 11.9694
108 11.9694
109 11.9694
110 11.9694
111 11.9694
112 11.9694
113 11.9694
114 11.9694
115 11.9694
116 11.9694
117 11.9694
118 11.9694
119 11.9694
120 11.9694
121 11.9694
122 11.9694
123 11.9694
124 11.9694
125 11.9694
126 11.9694
127 11.9694
128 11.9694
129 11.9694
130 11.9694
131 11.9694
132 11.9694
133 11.9694
134 11.9694
135 11.9694
136 11.9694
137 11.9694
138 11.9694
139 11.9694
140 11.9694
141 11.9694
142 11.9694
143 11.9694
144 11.9694
145 11.9694
146 11.9694
147 11.9694
148 11.9694
149 11.9694
150 11.9694
151 11.9694
152 11.9694
153 11.9694
154 11.9694
155 11.9694
156 11.9694
157 11.9694
158 11.9694
159 11.9694
160 11.9694
161 11.9694
162 11.9694
163 11.9694
164 11.9694
165 11.9694
166 11.9694
167 11.9694
168 11.9694
169 11.9694
170 11.9694
171 11.9694
172 11.9694
173 11.9694
174 11.9694
175 11.9694
176 11.9694
177 11.9694
178 11.9694
179 11.9694
180 11.9694
181 11.9694
182 11.9694
183 11.9694
184 11.9694
185 11.9694
186 11.9694
187 11.9694
188 11.9694
189 11.9694
190 11.9694
191 11.9694
192 11.9694
193 11.9694
194 11.9694
195 11.9694
196 11.9694
197 11.9694
198 11.9694
199 11.9694
200 11.9694
201 11.9694
202 11.9694
203 11.9694
204 11.9694
205 11.9694
206 11.9694
207 11.9694
208 11.9694
209 11.9694
210 11.9694
211 11.9694
212 11.9694
213 11.9694
214 11.9694
215 11.9694
216 11.9694
217 11.9694
218 11.9694
219 11.9694
220 11.9694
221 11.9694
222 11.9694
223 11.9694
224 11.9694
225 11.9694
226 11.9694
227 11.9694
228 11.9694
229 11.9694
230 11.9694
231 11.9694
232 11.9694
233 11.9694
234 11.9694
235 11.9927
236 11.7893
237 11.3477
238 10.756
239 10.0704
240 9.34417
241 8.59482
242 7.8316
243 7.05981
244 6.28423
245 5.51052
246 4.74482
247 3.99283
248 3.25917
249 2.547
250 1.85811
251 1.19308
252 1.21079
253 1.26646
254 1.31413
255 1.34752
256 1.3686
257 1.40291
258 1.42453
259 1.45692
260 1.47736
261 1.48897
262 1.4951
263 1.49816
264 1.50365
265 1.5063
266 1.51085
267 1.51294
268 1.51382
269 1.51529
270 1.51761
271 1.52111
272 1.52246
273 1.52292
274 1.52358
275 1.52375
276 1.52366
277 1.52321
278 1.52189
279 1.51855
280 1.51634
281 1.51135
282 1.50153
283 1.49503
284 1.49112
285 1.48369
286 1.4712
287 1.45397
288 1.44034
289 1.46867
290 1.73559
291 1.77981
292 2.11813
293 2.17857
294 2.59239
295 2.67381
296 2.64157
297 2.61717
298 2.65233
299 3.46156
300 4.25505
301 5.01138
302 5.70974
303 6.34069
304 6.91265
305 7.4472
306 7.96822
307 8.49348
308 9.03203
309 9.58382
310 10.1413
311 10.6985
312 11.2476
313 11.7555
314 12
315 11.9694
316 11.9694
317 11.9694
318 11.9694
319 11.9694
320 11.9694
321 11.9694
322 11.9694
323 11.9694
324 11.9694
325 11.9694
326 11.9694
327 11.9694
328 11.9694
329 11.9694
330 11.9694
331 11.9694
332 11.9694
333 11.9694
334 11.9694
335 11.9694
336 11.9694
337 11.9694
338 11.9694
339 11.9694
340 11.9694
341 11.9694
342 11.9694
343 11.9694
344 11.9694
345 11.9694
346 11.9694
347 11.9694
348 11.9694
349 11.9694
350 11.9694
351 11.9694
352 11.9694
353 11.9694
354 11.9694
355 11.9694
356 11.9694
357 11.9694
358 11.9694
359 11.9694
360 11.9694
361 11.9694
362 11.9694
363 11.9694
364 11.9694
365 11.9694
366 11.9694
367 11.9694
368 11.9694
369 11.9694
370 11.9694
371 11.9694
372 11.9694
373 11.9694
374 11.9694
375 11.9694
376 11.9694
377 11.9694
378 11.9694
379 11.9694
380 11.9694
381 11.9694
382 11.9694
383 11.9694
384 11.9694
385 11.9694
386 11.9694
387 11.9694
388 11.9694
389 11.9694
390 11.9694
391 11.9694
392 11.9694
393 11.9694
394 11.9694
395 11.9694
396 11.9694
397 11.9694
398 11.9694
399 11.9694
400 11.9694
401 11.9694
402 11.9694
403 11.9694
404 11.9694
405 11.9694
406 11.9694
407 11.9694
408 11.9694
409 11.9694
410 11.9694
411 11.9694
412 11.9694
413 11.9694
414 11.9694
415 11.9694
416 11.9694
417 11.9694
418 11.9694
419 11.9694
420 11.9694
421 11.9694
422 11.9694
423 11.9694
424 11.9694
425 11.9694
426 11.9694
427 11.9694
428 11.9694
429 11.9694
430 11.9694
431 11.9694
432 11.9694
433 11.9694
434 11.9694
435 11.9694
436 11.9694
437 11.9694
438 11.9694
439 11.9694
440 11.9694
441 11.9694
442 11.9694
443 11.9694
444 11.9694
445 11.9694
446 11.9694
447 11.9694
448 11.9694
449 11.9694
450 11.9694
451 11.9694
452 11.9694
453 11.9694
454 11.9694
455 11.9694
456 11.9694
457 11.9694
458 11.9694
459 11.9694
460 11.9694
461 11.9694
462 11.9694
463 11.9694
464 11.9694
465 11.9694
466 11.9694
467 11.9694
468 11.9694
469 11.9694
470 11.9694
471 11.9694
472 11.9694
473 11.9694
474 11.9694
475 11.9694
476 11.9694
477 11.9694
478 11.9694
479 11.9694
480 11.9694
481 11.9694
482 11.9694
483 11.9694
484 11.9694
485 11.9694
486 11.9694
487 11.9694
488 11.9694
489 11.9694
490 11.9694
491 11.9694
492 11.9694
493 11.9694
494 11.9694
495 11.9694
496 11.9694
497 11.9694
498 11.9694
499 11.9694
500 11.9694
501 11.9694
502 11.9694
503 11.9694
504 11.9694
505 11.9694
506 11.9694
507 11.9694
508 11.9694
509 11.9694
510 11.9694
511 11.9694
512 11.9694
513 11.9694
514 11.9694
515 11.9694
516 11.9694
517 11.9694
518 11.9694
519 11.9694
520 11.9694
521 11.9694
522 11.9694
523 11.9694
524 11.9694
525 11.9694
526 11.9694
527 11.9694
528 11.9694
529 11.9694
530 11.9694
531 11.9694
532 11.9694
533 11.9694
534 11.9694
535 11.9694
536 11.9694
537 11.9694
538 11.9694
539 11.9694
540 11.9694
541 11.9694
542 11.9694
543 11.9694
544 11.9694
545 11.9694
546 11.9694
547 11.9694
548 11.9694
549 11.9694
550 11.9694
551 11.9694
552 11.9694
