1 11.8109
2 11.8109
3 11.8109
4 11.8109
5 11.8109
6 11.8109
7 11.8109
8 11.8109
9 11.8109
10 11.8109
11 11.8109
12 11.8109
13 11.8109
14 11.8109
15 11.8109
16 11.8109
17 11.8109
18 11.8109
19 11.8109
20 11.8109
21 11.8109
22 11.8109
23 11.8109
24 11.8109
25 11.8109
26 11.8109
27 11.8109
28 11.8109
29 11.8109
30 11.8109
31 11.8109
32 11.8109
33 11.8109
34 11.8109
35 11.8109
36 11.8109
37 11.8109
38 11.8109
39 11.8109
40 11.8109
41 11.8109
42 11.8109
43 11.8109
44 11.8109
45 11.8109
46 11.8109
47 11.8109
48 11.8109
49 11.8109
50 11.8109
51 11.8109
52 11.8109
53 11.8109
54 11.8109
55 11.8109
56 11.8109
57 11.8109
58 11.8109
59 11.8109
60 11.8109
61 11.8109
62 11.8109
63 11.8109
64 11.8109
65 11.8109
66 11.8109
67 11.8109
68 11.8109
69 11.8109
70 11.8109
71 11.8109
72 11.8109
73 11.8109
74 11.8109
75 11.8109
76 11.8109
77 11.8109
78 11.8109
79 11.8109
80 11.8109
81 11.8109
82 11.8109
83 11.8109
84 11.8109
85 11.8109
86 11.8109
87 11.8109
88 11.8109
89 11.8109
90 11.8109
91 11.8109
92 11.8109
93 11.8109
94 11.8109
95 11.8109
96 11.8109
97 11.8109
98 11.8109
99 11.8109
100 11.8109
101 11.8109
102 11.8109
103 11.8109
104 11.8109
105 11.8109
106 11.8109
107 11.8109
108 11.8109
109 11.8109
110 11.8109
111 11.8109
112 11.8109
113 11.8109
114 11.8109
115 11.8109
116 11.8109
117 11.8109
118 11.8109
119 11.8109
120 11.8109
121 11.8109
122 11.8109
123 11.8109
124 11.8109
125 11.8109
126 11.8109
127 11.8109
128 11.8109
129 11.8109
130 11.8109
131 11.8109
132 11.8109
133 11.8109
134 11.8109
135 11.8109
136 11.8109
137 11.8109
138 11.8109
139 11.8109
140 11.8109
141 11.8109
142 11.8109
143 11.8109
144 11.8109
145 11.8109
146 11.8109
147 11.8109
148 11.8109
149 11.8109
150 11.8109
151 11.8109
152 11.8109
153 11.8109
154 11.8109
155 11.8109
156 11.8109
157 11.8109
158 11.8109
159 11.8109
160 11.8109
161 11.8109
162 11.8109
163 11.8109
164 11.8109
165 11.8109
166 11.8109
167 11.8109
168 11.8109
169 11.8109
170 11.8109
171 11.8109
172 11.8109
173 11.8109
174 11.8109
175 11.8109
176 11.8109
177 11.8109
178 11.8109
179 11.8109
180 11.8109
181 11.8109
182 11.8109
183 11.8109
184 11.8109
185 11.8109
186 11.8109
187 11.8109
188 11.8109
189 11.8109
190 11.8109
191 11.8109
192 11.8109
193 11.8109
194 11.8109
195 11.8109
196 11.8109
197 11.8109
198 11.8109
199 11.8109
200 11.8109
201 11.8109
202 11.8109
203 11.8109
204 11.8109
205 11.8109
206 11.8109
207 11.8109
208 11.8109
209 11.8109
210 11.8109
211 11.8109
212 11.8109
213 11.8109
214 11.8109
215 11.8109
216 11.8109
217 11.8109
218 11.8109
219 11.8109
220 11.8109
221 11.8109
222 11.8109
223 11.8109
224 11.8109
225 11.8109
226 11.8109
227 11.8109
228 11.8109
229 11.8109
230 11.8109
231 11.8109
232 11.8109
233 11.8109
234 11.8109
235 11.8109
236 11.8109
237 11.8109
238 11.8109
239 11.8109
240 11.8109
241 11.8109
242 11.8109
243 11.8109
244 11.8109
245 11.8109
246 11.8109
247 11.8109
248 12
249 11.5741
250 10.9575
251 10.2482
252 10.2406
253 10.2767
254 10.3275
255 10.4337
256 10.8078
257 10.8138
258 10.9342
259 10.6697
260 10.6032
261 10.594
262 10.6502
263 11.0525
264 11.0406
265 11.262
266 11.0798
267 11.0543
268 11.6771
269 11.9721
270 11.3474
271 10.5707
272 10.5284
273 10.5445
274 10.275
275 10.2402
276 10.25
277 10.2824
278 10.3718
279 10.7242
280 10.7481
281 10.8648
282 11.3263
283 11.0598
284 10.2496
285 10.1228
286 10.0875
287 10.0723
288 10.0705
289 10.1253
290 10.5906
291 10.6751
292 11.2174
293 11.2378
294 11.7763
295 11.4483
296 10.7722
297 10.6966
298 10.7016
299 11.3318
300 11.85
301 11.9683
302 11.8109
303 11.8109
304 11.8109
305 11.8109
306 11.8109
307 11.8109
308 11.8109
309 11.8109
310 11.8109
311 11.8109
312 11.8109
313 11.8109
314 11.8109
315 11.8109
316 11.8109
317 11.8109
318 11.8109
319 11.8109
320 11.8109
321 11.8109
322 11.8109
323 11.8109
324 11.8109
325 11.8109
326 11.8109
327 11.8109
328 11.8109
329 11.8109
330 11.8109
331 11.8109
332 11.8109
333 11.8109
334 11.8109
335 11.8109
336 11.8109
337 11.8109
338 11.8109
339 11.8109
340 11.8109
341 11.8109
342 11.8109
343 11.8109
344 11.8109
345 11.8109
346 11.8109
347 11.8109
348 11.8109
349 11.8109
350 11.8109
351 11.8109
352 11.8109
353 11.8109
354 11.8109
355 11.8109
356 11.8109
357 11.8109
358 11.8109
359 11.8109
360 11.8109
361 11.8109
362 11.8109
363 11.8109
364 11.8109
365 11.8109
366 11.8109
367 11.8109
368 11.8109
369 11.8109
370 11.8109
371 11.8109
372 11.8109
373 11.8109
374 11.8109
375 11.8109
376 11.8109
377 11.8109
378 11.8109
379 11.8109
380 11.8109
381 11.8109
382 11.8109
383 11.8109
384 11.8109
385 11.8109
386 11.8109
387 11.8109
388 11.8109
389 11.8109
390 11.8109
391 11.8109
392 11.8109
393 11.8109
394 11.8109
395 11.8109
396 11.8109
397 11.8109
398 11.8109
399 11.8109
400 11.8109
401 11.8109
402 11.8109
403 11.8109
404 11.8109
405 11.8109
406 11.8109
407 11.8109
408 11.8109
409 11.8109
410 11.8109
411 11.8109
412 11.8109
413 11.8109
414 11.8109
415 11.8109
416 11.8109
417 11.8109
418 11.8109
419 11.8109
420 11.8109
421 11.8109
422 11.8109
423 11.8109
424 11.8109
425 11.8109
426 11.8109
427 11.8109
428 11.8109
429 11.8109
430 11.8109
431 11.8109
432 11.8109
433 11.8109
434 11.8109
435 11.8109
436 11.8109
437 11.8109
438 11.8109
439 11.8109
440 11.8109
441 11.8109
442 11.8109
443 11.8109
444 11.8109
445 11.8109
446 11.8109
447 11.8109
448 11.8109
449 11.8109
450 11.8109
451 11.8109
452 11.8109
453 11.8109
454 11.8109
455 11.8109
456 11.8109
457 11.8109
458 11.8109
459 11.8109
460 11.8109
461 11.8109
462 11.8109
463 11.8109
464 11.8109
465 11.8109
466 11.8109
467 11.8109
468 11.8109
469 11.8109
470 11.8109
471 11.8109
472 11.8109
473 11.8109
474 11.8109
475 11.8109
476 11.8109
477 11.8109
478 11.8109
479 11.8109
480 11.8109
481 11.8109
482 11.8109
483 11.8109
484 11.8109
485 11.8109
486 11.8109
487 11.8109
488 11.8109
489 11.8109
490 11.8109
491 11.8109
492 11.8109
493 11.8109
494 11.8109
495 11.8109
496 11.8109
497 11.8109
498 11.8109
499 11.8109
500 11.8109
501 11.8109
502 11.8109
503 11.8109
504 11.8109
505 11.8109
506 11.8109
507 11.8109
508 11.8109
509 11.8109
510 11.8109
511 11.8109
512 11.8109
513 11.8109
514 11.8109
515 11.8109
516 11.8109
517 11.8109
518 11.8109
519 11.8109
520 11.8109
521 11.8109
522 11.8109
523 11.8109
524 11.8109
525 11.8109
526 11.8109
527 11.8109
528 11.8109
529 11.8109
530 11.8109
531 11.8109
532 11.8109
533 11.8109
534 11.8109
535 11.8109
536 11.8109
537 11.8109
538 11.8109
539 11.8109
540 11.8109
541 11.8109
542 11.8109
543 11.8109
544 11.8109
545 11.8109
546 11.8109
547 11.8109
548 11.8109
549 11.8109
550 11.8109
551 11.8109
552 11.8109
