1 11.9746
2 11.9746
3 11.9746
4 11.9746
5 11.9746
6 11.9746
7 11.9746
8 11.9746
9 11.9746
10 11.9746
11 11.9746
12 11.9746
13 11.9746
14 11.9746
15 11.9746
16 11.9746
17 11.9746
18 11.9746
19 11.9746
20 11.9746
21 11.9746
22 11.9746
23 11.9746
24 11.9746
25 11.9746
26 11.9746
27 11.9746
28 11.9746
29 11.9746
30 11.9746
31 11.9746
32 11.9746
33 11.9746
34 11.9746
35 11.9746
36 11.9746
37 11.9746
38 11.9746
39 11.9746
40 11.9746
41 11.9746
42 11.9746
43 11.9746
44 11.9746
45 11.9746
46 11.9746
47 11.9746
48 11.9746
49 11.9746
50 11.9746
51 11.9746
52 11.9746
53 11.9746
54 11.9746
55 11.9746
56 11.9746
57 11.9746
58 11.9746
59 11.9746
60 11.9746
61 11.9746
62 11.9746
63 11.9746
64 11.9746
65 11.9746
66 11.9746
67 11.9746
68 11.9746
69 11.9746
70 11.9746
71 11.9746
72 11.9746
73 11.9746
74 11.9746
75 11.9746
76 11.9746
77 11.9746
78 11.9746
79 11.9746
80 11.9746
81 11.9746
82 11.9746
83 11.9746
84 11.9746
85 11.9746
86 11.9746
87 11.9746
88 11.9746
89 11.9746
90 11.9746
91 11.9746
92 11.9746
93 11.9746
94 11.9746
95 11.9746
96 11.9746
97 11.9746
98 11.9746
99 11.9746
100 11.9746
101 11.9746
102 11.9746
103 11.9746
104 11.9746
105 11.9746
106 11.9746
107 11.9746
108 11.9746
109 11.9746
110 11.9746
111 11.9746
112 11.9746
113 11.9746
114 11.9746
115 11.9746
116 11.9746
117 11.9746
118 11.9746
119 11.9746
120 11.9746
121 11.9746
122 11.9746
123 11.9746
124 11.9746
125 11.9746
126 11.9746
127 11.9746
128 11.9746
129 11.9746
130 11.9746
131 11.9746
132 11.9746
133 11.9746
134 11.9746
135 11.9746
136 11.9746
137 11.9746
138 11.9746
139 11.9746
140 11.9746
141 11.9746
142 11.9746
143 11.9746
144 11.9746
145 11.9746
146 11.9746
147 11.9746
148 11.9746
149 11.9746
150 11.9746
151 11.9746
152 11.9746
153 11.9746
154 11.9746
155 11.9746
156 11.9746
157 11.9746
158 11.9746
159 11.9746
160 11.9746
161 11.9746
162 11.9746
163 11.9746
164 11.9746
165 11.9746
166 11.9746
167 11.9746
168 11.9746
169 11.9746
170 11.9746
171 11.9746
172 11.9746
173 11.9746
174 11.9746
175 11.9746
176 11.9746
177 11.9746
178 11.9746
179 11.9746
180 11.9746
181 11.9746
182 11.9746
183 11.9746
184 11.9746
185 11.9746
186 11.9746
187 11.9746
188 11.9746
189 11.9746
190 11.9746
191 11.9746
192 11.9746
193 11.9746
194 11.9746
195 11.9746
196 11.9746
197 11.9746
198 11.9746
199 11.9746
200 11.9746
201 11.9746
202 11.9746
203 11.9746
204 11.9746
205 11.9746
206 11.9746
207 11.9746
208 11.9746
209 11.9746
210 11.9746
211 11.9746
212 11.9746
213 11.9746
214 11.9746
215 11.9746
216 11.9746
217 11.9746
218 11.9746
219 11.9746
220 11.9746
221 11.9746
222 11.9746
223 11.9746
224 11.9746
225 11.9746
226 11.9746
227 11.9746
228 11.9746
229 11.9746
230 11.9746
231 11.9698
232 11.6968
233 11.2162
234 10.6524
235 10.0613
236 9.46486
237 8.87375
238 8.29146
239 7.71866
240 7.15408
241 6.59567
242 6.0416
243 5.49067
244 4.94275
245 4.39894
246 3.86148
247 3.33353
248 2.81876
249 2.32089
250 1.84342
251 1.38933
252 1.41777
253 1.45764
254 1.48072
255 1.49141
256 1.49576
257 1.50198
258 1.50425
259 1.50735
260 1.50837
261 1.50867
262 1.50876
263 1.50878
264 1.5088
265 1.50881
266 1.50882
267 1.50882
268 1.50882
269 1.50882
270 1.50882
271 1.50882
272 1.50882
273 1.50882
274 1.50882
275 1.50882
276 1.50882
277 1.50882
278 1.50882
279 1.50882
280 1.50882
281 1.50882
282 1.50881
283 1.5088
284 1.50879
285 1.50876
286 1.50864
287 1.50818
288 1.50655
289 1.50134
290 1.48679
291 1.47535
292 1.44894
293 1.42788
294 1.38951
295 1.35575
296 1.32972
297 1.28417
298 1.24548
299 1.68527
300 2.15241
301 2.6465
302 3.16713
303 3.71388
304 4.28627
305 4.88375
306 5.50571
307 6.15136
308 6.81973
309 7.50939
310 8.21803
311 8.94176
312 9.67313
313 10.3971
314 11.0874
315 11.6822
316 12
317 11.9746
318 11.9746
319 11.9746
320 11.9746
321 11.9746
322 11.9746
323 11.9746
324 11.9746
325 11.9746
326 11.9746
327 11.9746
328 11.9746
329 11.9746
330 11.9746
331 11.9746
332 11.9746
333 11.9746
334 11.9746
335 11.9746
336 11.9746
337 11.9746
338 11.9746
339 11.9746
340 11.9746
341 11.9746
342 11.9746
343 11.9746
344 11.9746
345 11.9746
346 11.9746
347 11.9746
348 11.9746
349 11.9746
350 11.9746
351 11.9746
352 11.9746
353 11.9746
354 11.9746
355 11.9746
356 11.9746
357 11.9746
358 11.9746
359 11.9746
360 11.9746
361 11.9746
362 11.9746
363 11.9746
364 11.9746
365 11.9746
366 11.9746
367 11.9746
368 11.9746
369 11.9746
370 11.9746
371 11.9746
372 11.9746
373 11.9746
374 11.9746
375 11.9746
376 11.9746
377 11.9746
378 11.9746
379 11.9746
380 11.9746
381 11.9746
382 11.9746
383 11.9746
384 11.9746
385 11.9746
386 11.9746
387 11.9746
388 11.9746
389 11.9746
390 11.9746
391 11.9746
392 11.9746
393 11.9746
394 11.9746
395 11.9746
396 11.9746
397 11.9746
398 11.9746
399 11.9746
400 11.9746
401 11.9746
402 11.9746
403 11.9746
404 11.9746
405 11.9746
406 11.9746
407 11.9746
408 11.9746
409 11.9746
410 11.9746
411 11.9746
412 11.9746
413 11.9746
414 11.9746
415 11.9746
416 11.9746
417 11.9746
418 11.9746
419 11.9746
420 11.9746
421 11.9746
422 11.9746
423 11.9746
424 11.9746
425 11.9746
426 11.9746
427 11.9746
428 11.9746
429 11.9746
430 11.9746
431 11.9746
432 11.9746
433 11.9746
434 11.9746
435 11.9746
436 11.9746
437 11.9746
438 11.9746
439 11.9746
440 11.9746
441 11.9746
442 11.9746
443 11.9746
444 11.9746
445 11.9746
446 11.9746
447 11.9746
448 11.9746
449 11.9746
450 11.9746
451 11.9746
452 11.9746
453 11.9746
454 11.9746
455 11.9746
456 11.9746
457 11.9746
458 11.9746
459 11.9746
460 11.9746
461 11.9746
462 11.9746
463 11.9746
464 11.9746
465 11.9746
466 11.9746
467 11.9746
468 11.9746
469 11.9746
470 11.9746
471 11.9746
472 11.9746
473 11.9746
474 11.9746
475 11.9746
476 11.9746
477 11.9746
478 11.9746
479 11.9746
480 11.9746
481 11.9746
482 11.9746
483 11.9746
484 11.9746
485 11.9746
486 11.9746
487 11.9746
488 11.9746
489 11.9746
490 11.9746
491 11.9746
492 11.9746
493 11.9746
494 11.9746
495 11.9746
496 11.9746
497 11.9746
498 11.9746
499 11.9746
500 11.9746
501 11.9746
502 11.9746
503 11.9746
504 11.9746
505 11.9746
506 11.9746
507 11.9746
508 11.9746
509 11.9746
510 11.9746
511 11.9746
512 11.9746
513 11.9746
514 11.9746
515 11.9746
516 11.9746
517 11.9746
518 11.9746
519 11.9746
520 11.9746
521 11.9746
522 11.9746
523 11.9746
524 11.9746
525 11.9746
526 11.9746
527 11.9746
528 11.9746
529 11.9746
530 11.9746
531 11.9746
532 11.9746
533 11.9746
534 11.9746
535 11.9746
536 11.9746
537 11.9746
538 11.9746
539 11.9746
540 11.9746
541 11.9746
542 11.9746
543 11.9746
544 11.9746
545 11.9746
546 11.9746
547 11.9746
548 11.9746
549 11.9746
550 11.9746
551 11.9746
552 11.9746
