1 11.9802
2 11.9802
3 11.9802
4 11.9802
5 11.9802
6 11.9802
7 11.9802
8 11.9802
9 11.9802
10 11.9802
11 11.9802
12 11.9802
13 11.9802
14 11.9802
15 11.9802
16 11.9802
17 11.9802
18 11.9802
19 11.9802
20 11.9802
21 11.9802
22 11.9802
23 11.9802
24 11.9802
25 11.9802
26 11.9802
27 11.9802
28 11.9802
29 11.9802
30 11.9802
31 11.9802
32 11.9802
33 11.9802
34 11.9802
35 11.9802
36 11.9802
37 11.9802
38 11.9802
39 11.9802
40 11.9802
41 11.9802
42 11.9802
43 11.9802
44 11.9802
45 11.9802
46 11.9802
47 11.9802
48 11.9802
49 11.9802
50 11.9802
51 11.9802
52 11.9802
53 11.9802
54 11.9802
55 11.9802
56 11.9802
57 11.9802
58 11.9802
59 11.9802
60 11.9802
61 11.9802
62 11.9802
63 11.9802
64 11.9802
65 11.9802
66 11.9802
67 11.9802
68 11.9802
69 11.9802
70 11.9802
71 11.9802
72 11.9802
73 11.9802
74 11.9802
75 11.9802
76 11.9802
77 11.9802
78 11.9802
79 11.9802
80 11.9802
81 11.9802
82 11.9802
83 11.9802
84 11.9802
85 11.9802
86 11.9802
87 11.9802
88 11.9802
89 11.9802
90 11.9802
91 11.9802
92 11.9802
93 11.9802
94 11.9802
95 11.9802
96 11.9802
97 11.9802
98 11.9802
99 11.9802
100 11.9802
101 11.9802
102 11.9802
103 11.9802
104 11.9802
105 11.9802
106 11.9802
107 11.9802
108 11.9802
109 11.9802
110 11.9802
111 11.9802
112 11.9802
113 11.9802
114 11.9802
115 11.9802
116 11.9802
117 11.9802
118 11.9802
119 11.9802
120 11.9802
121 11.9802
122 11.9802
123 11.9802
124 11.9802
125 11.9802
126 11.9802
127 11.9802
128 11.9802
129 11.9802
130 11.9802
131 11.9802
132 11.9802
133 11.9802
134 11.9802
135 11.9802
136 11.9802
137 11.9802
138 11.9802
139 11.9802
140 11.9802
141 11.9802
142 11.9802
143 11.9802
144 11.9802
145 11.9802
146 11.9802
147 11.9802
148 11.9802
149 11.9802
150 11.9802
151 11.9802
152 11.9802
153 11.9802
154 11.9802
155 11.9802
156 11.9802
157 11.9802
158 11.9802
159 11.9802
160 11.9802
161 11.9802
162 11.9802
163 11.9802
164 11.9802
165 11.9802
166 11.9802
167 11.9802
168 11.9802
169 11.9802
170 11.9802
171 11.9802
172 11.9802
173 11.9802
174 11.9802
175 11.9802
176 11.9802
177 11.9802
178 11.9802
179 11.9802
180 11.9802
181 11.9802
182 11.9802
183 11.9802
184 11.9802
185 11.9802
186 11.9802
187 11.9802
188 11.9802
189 11.9802
190 11.9802
191 11.9802
192 11.9802
193 11.9802
194 11.9802
195 11.9802
196 11.9802
197 11.9802
198 11.9802
199 11.9802
200 11.9802
201 11.9802
202 11.9802
203 11.9802
204 11.9802
205 11.9802
206 11.9802
207 11.9802
208 11.9802
209 11.9802
210 11.9802
211 11.9802
212 11.9802
213 11.9802
214 11.9802
215 11.9802
216 11.9802
217 11.9802
218 11.9802
219 11.9802
220 11.9802
221 11.9802
222 11.9802
223 11.9802
224 11.9802
225 11.9802
226 11.9802
227 11.9802
228 11.9802
229 11.9802
230 11.9802
231 11.9802
232 11.9802
233 11.9802
234 11.9802
235 11.9802
236 11.8466
237 11.434
238 10.8718
239 10.2061
240 9.48675
241 8.74566
242 7.99258
243 7.23128
244 6.46236
245 5.68745
246 4.9104
247 4.13687
248 3.37308
249 2.62465
250 1.89592
251 1.18976
252 1.19754
253 1.24932
254 1.29684
255 1.33192
256 1.35518
257 1.39158
258 1.41616
259 1.45082
260 1.47475
261 1.48916
262 1.49715
263 1.50132
264 1.50888
265 1.51271
266 1.51936
267 1.5226
268 1.52407
269 1.52658
270 1.53063
271 1.53677
272 1.53943
273 1.54042
274 1.54191
275 1.54232
276 1.54213
277 1.54117
278 1.53864
279 1.53294
280 1.52925
281 1.52183
282 1.50946
283 1.50072
284 1.49543
285 1.48619
286 1.47203
287 1.45475
288 1.44568
289 1.48995
290 1.81915
291 1.87953
292 2.27318
293 2.34866
294 2.80593
295 2.9002
296 2.86988
297 2.84709
298 2.88086
299 3.65163
300 4.3694
301 5.01988
302 5.60616
303 6.14754
304 6.66926
305 7.19268
306 7.73134
307 8.29126
308 8.87203
309 9.46716
310 10.0678
311 10.6529
312 11.2321
313 11.7654
314 12
315 11.9802
316 11.9802
317 11.9802
318 11.9802
319 11.9802
320 11.9802
321 11.9802
322 11.9802
323 11.9802
324 11.9802
325 11.9802
326 11.9802
327 11.9802
328 11.9802
329 11.9802
330 11.9802
331 11.9802
332 11.9802
333 11.9802
334 11.9802
335 11.9802
336 11.9802
337 11.9802
338 11.9802
339 11.9802
340 11.9802
341 11.9802
342 11.9802
343 11.9802
344 11.9802
345 11.9802
346 11.9802
347 11.9802
348 11.9802
349 11.9802
350 11.9802
351 11.9802
352 11.9802
353 11.9802
354 11.9802
355 11.9802
356 11.9802
357 11.9802
358 11.9802
359 11.9802
360 11.9802
361 11.9802
362 11.9802
363 11.9802
364 11.9802
365 11.9802
366 11.9802
367 11.9802
368 11.9802
369 11.9802
370 11.9802
371 11.9802
372 11.9802
373 11.9802
374 11.9802
375 11.9802
376 11.9802
377 11.9802
378 11.9802
379 11.9802
380 11.9802
381 11.9802
382 11.9802
383 11.9802
384 11.9802
385 11.9802
386 11.9802
387 11.9802
388 11.9802
389 11.9802
390 11.9802
391 11.9802
392 11.9802
393 11.9802
394 11.9802
395 11.9802
396 11.9802
397 11.9802
398 11.9802
399 11.9802
400 11.9802
401 11.9802
402 11.9802
403 11.9802
404 11.9802
405 11.9802
406 11.9802
407 11.9802
408 11.9802
409 11.9802
410 11.9802
411 11.9802
412 11.9802
413 11.9802
414 11.9802
415 11.9802
416 11.9802
417 11.9802
418 11.9802
419 11.9802
420 11.9802
421 11.9802
422 11.9802
423 11.9802
424 11.9802
425 11.9802
426 11.9802
427 11.9802
428 11.9802
429 11.9802
430 11.9802
431 11.9802
432 11.9802
433 11.9802
434 11.9802
435 11.9802
436 11.9802
437 11.9802
438 11.9802
439 11.9802
440 11.9802
441 11.9802
442 11.9802
443 11.9802
444 11.9802
445 11.9802
446 11.9802
447 11.9802
448 11.9802
449 11.9802
450 11.9802
451 11.9802
452 11.9802
453 11.9802
454 11.9802
455 11.9802
456 11.9802
457 11.9802
458 11.9802
459 11.9802
460 11.9802
461 11.9802
462 11.9802
463 11.9802
464 11.9802
465 11.9802
466 11.9802
467 11.9802
468 11.9802
469 11.9802
470 11.9802
471 11.9802
472 11.9802
473 11.9802
474 11.9802
475 11.9802
476 11.9802
477 11.9802
478 11.9802
479 11.9802
480 11.9802
481 11.9802
482 11.9802
483 11.9802
484 11.9802
485 11.9802
486 11.9802
487 11.9802
488 11.9802
489 11.9802
490 11.9802
491 11.9802
492 11.9802
493 11.9802
494 11.9802
495 11.9802
496 11.9802
497 11.9802
498 11.9802
499 11.9802
500 11.9802
501 11.9802
502 11.9802
503 11.9802
504 11.9802
505 11.9802
506 11.9802
507 11.9802
508 11.9802
509 11.9802
510 11.9802
511 11.9802
512 11.9802
513 11.9802
514 11.9802
515 11.9802
516 11.9802
517 11.9802
518 11.9802
519 11.9802
520 11.9802
521 11.9802
522 11.9802
523 11.9802
524 11.9802
525 11.9802
526 11.9802
527 11.9802
528 11.9802
529 11.9802
530 11.9802
531 11.9802
532 11.9802
533 11.9802
534 11.9802
535 11.9802
536 11.9802
537 11.9802
538 11.9802
539 11.9802
540 11.9802
541 11.9802
542 11.9802
543 11.9802
544 11.9802
545 11.9802
546 11.9802
547 11.9802
548 11.9802
549 11.9802
550 11.9802
551 11.9802
552 11.9802
