1 11.9925
2 11.9925
3 11.9925
4 11.9925
5 11.9925
6 11.9925
7 11.9925
8 11.9925
9 11.9925
10 11.9925
11 11.9925
12 11.9925
13 11.9925
14 11.9925
15 11.9925
16 11.9925
17 11.9925
18 11.9925
19 11.9925
20 11.9925
21 11.9925
22 11.9925
23 11.9925
24 11.9925
25 11.9925
26 11.9925
27 11.9925
28 11.9925
29 11.9925
30 11.9925
31 11.9925
32 11.9925
33 11.9925
34 11.9925
35 11.9925
36 11.9925
37 11.9925
38 11.9925
39 11.9925
40 11.9925
41 11.9925
42 11.9925
43 11.9925
44 11.9925
45 11.9925
46 11.9925
47 11.9925
48 11.9925
49 11.9925
50 11.9925
51 11.9925
52 11.9925
53 11.9925
54 11.9925
55 11.9925
56 11.9925
57 11.9925
58 11.9925
59 11.9925
60 11.9925
61 11.9925
62 11.9925
63 11.9925
64 11.9925
65 11.9925
66 11.9925
67 11.9925
68 11.9925
69 11.9925
70 11.9925
71 11.9925
72 11.9925
73 11.9925
74 11.9925
75 11.9925
76 11.9925
77 11.9925
78 11.9925
79 11.9925
80 11.9925
81 11.9925
82 11.9925
83 11.9925
84 11.9925
85 11.9925
86 11.9925
87 11.9925
88 11.9925
89 11.9925
90 11.9925
91 11.9925
92 11.9925
93 11.9925
94 11.9925
95 11.9925
96 11.9925
97 11.9925
98 11.9925
99 11.9925
100 11.9925
101 11.9925
102 11.9925
103 11.9925
104 11.9925
105 11.9925
106 11.9925
107 11.9925
108 11.9925
109 11.9925
110 11.9925
111 11.9925
112 11.9925
113 11.9925
114 11.9925
115 11.9925
116 11.9925
117 11.9925
118 11.9925
119 11.9925
120 11.9925
121 11.9925
122 11.9925
123 11.9925
124 11.9925
125 11.9925
126 11.9925
127 11.9925
128 11.9925
129 11.9925
130 11.9925
131 11.9925
132 11.9925
133 11.9925
134 11.9925
135 11.9925
136 11.9925
137 11.9925
138 11.9925
139 11.9925
140 11.9925
141 11.9925
142 11.9925
143 11.9925
144 11.9925
145 11.9925
146 11.9925
147 11.9925
148 11.9925
149 11.9925
150 11.9925
151 11.9925
152 11.9925
153 11.9925
154 11.9925
155 11.9925
156 11.9925
157 11.9925
158 11.9925
159 11.9925
160 11.9925
161 11.9925
162 11.9925
163 11.9925
164 11.9925
165 11.9925
166 11.9925
167 11.9925
168 11.9925
169 11.9925
170 11.9925
171 11.9925
172 11.9925
173 11.9925
174 11.9925
175 11.9925
176 11.9925
177 11.9925
178 11.9925
179 11.9925
180 11.9925
181 11.9925
182 11.9925
183 11.9925
184 11.9925
185 11.9925
186 11.9925
187 11.9925
188 11.9925
189 11.9925
190 11.9925
191 11.9925
192 11.9925
193 11.9925
194 11.9925
195 11.9925
196 11.9925
197 11.9925
198 11.9925
199 11.9925
200 11.9925
201 11.9925
202 11.9925
203 11.9925
204 11.9925
205 11.9925
206 11.9925
207 11.9925
208 11.9925
209 11.9925
210 11.9925
211 11.9925
212 11.9925
213 11.9925
214 11.9925
215 11.9925
216 11.9925
217 11.9925
218 11.9925
219 11.9925
220 11.9925
221 11.9925
222 11.9925
223 11.9925
224 11.9925
225 11.9925
226 11.9925
227 11.9925
228 11.9925
229 11.9925
230 11.9925
231 11.9925
232 11.9925
233 12
234 11.9243
235 11.5462
236 11.0022
237 10.4639
238 9.9105
239 9.35866
240 8.80506
241 8.23925
242 7.6436
243 7.00085
244 6.30489
245 5.56528
246 4.80177
247 4.03312
248 3.26982
249 2.51336
250 1.75935
251 1.00155
252 0.988279
253 1.0252
254 1.06543
255 1.09985
256 1.12689
257 1.13867
258 1.15942
259 1.12097
260 1.12767
261 1.14419
262 1.15957
263 1.17091
264 1.18702
265 1.1995
266 1.21515
267 1.2277
268 1.23465
269 1.24637
270 1.25719
271 1.24239
272 1.24949
273 1.25613
274 1.26078
275 1.26545
276 1.26576
277 1.26249
278 1.26046
279 1.27497
280 1.27019
281 1.27357
282 1.30873
283 1.3028
284 1.29426
285 1.28326
286 1.27122
287 1.26232
288 1.26804
289 1.32323
290 1.57727
291 1.58449
292 1.69651
293 1.65977
294 1.67845
295 1.61581
296 1.5628
297 1.49447
298 1.45039
299 2.01255
300 2.60422
301 3.22597
302 3.87746
303 4.55791
304 5.26604
305 5.99982
306 6.75572
307 7.5282
308 8.30865
309 9.0855
310 9.84618
311 10.5762
312 11.2502
313 11.7711
314 11.9762
315 11.9925
316 11.9925
317 11.9925
318 11.9925
319 11.9925
320 11.9925
321 11.9925
322 11.9925
323 11.9925
324 11.9925
325 11.9925
326 11.9925
327 11.9925
328 11.9925
329 11.9925
330 11.9925
331 11.9925
332 11.9925
333 11.9925
334 11.9925
335 11.9925
336 11.9925
337 11.9925
338 11.9925
339 11.9925
340 11.9925
341 11.9925
342 11.9925
343 11.9925
344 11.9925
345 11.9925
346 11.9925
347 11.9925
348 11.9925
349 11.9925
350 11.9925
351 11.9925
352 11.9925
353 11.9925
354 11.9925
355 11.9925
356 11.9925
357 11.9925
358 11.9925
359 11.9925
360 11.9925
361 11.9925
362 11.9925
363 11.9925
364 11.9925
365 11.9925
366 11.9925
367 11.9925
368 11.9925
369 11.9925
370 11.9925
371 11.9925
372 11.9925
373 11.9925
374 11.9925
375 11.9925
376 11.9925
377 11.9925
378 11.9925
379 11.9925
380 11.9925
381 11.9925
382 11.9925
383 11.9925
384 11.9925
385 11.9925
386 11.9925
387 11.9925
388 11.9925
389 11.9925
390 11.9925
391 11.9925
392 11.9925
393 11.9925
394 11.9925
395 11.9925
396 11.9925
397 11.9925
398 11.9925
399 11.9925
400 11.9925
401 11.9925
402 11.9925
403 11.9925
404 11.9925
405 11.9925
406 11.9925
407 11.9925
408 11.9925
409 11.9925
410 11.9925
411 11.9925
412 11.9925
413 11.9925
414 11.9925
415 11.9925
416 11.9925
417 11.9925
418 11.9925
419 11.9925
420 11.9925
421 11.9925
422 11.9925
423 11.9925
424 11.9925
425 11.9925
426 11.9925
427 11.9925
428 11.9925
429 11.9925
430 11.9925
431 11.9925
432 11.9925
433 11.9925
434 11.9925
435 11.9925
436 11.9925
437 11.9925
438 11.9925
439 11.9925
440 11.9925
441 11.9925
442 11.9925
443 11.9925
444 11.9925
445 11.9925
446 11.9925
447 11.9925
448 11.9925
449 11.9925
450 11.9925
451 11.9925
452 11.9925
453 11.9925
454 11.9925
455 11.9925
456 11.9925
457 11.9925
458 11.9925
459 11.9925
460 11.9925
461 11.9925
462 11.9925
463 11.9925
464 11.9925
465 11.9925
466 11.9925
467 11.9925
468 11.9925
469 11.9925
470 11.9925
471 11.9925
472 11.9925
473 11.9925
474 11.9925
475 11.9925
476 11.9925
477 11.9925
478 11.9925
479 11.9925
480 11.9925
481 11.9925
482 11.9925
483 11.9925
484 11.9925
485 11.9925
486 11.9925
487 11.9925
488 11.9925
489 11.9925
490 11.9925
491 11.9925
492 11.9925
493 11.9925
494 11.9925
495 11.9925
496 11.9925
497 11.9925
498 11.9925
499 11.9925
500 11.9925
501 11.9925
502 11.9925
503 11.9925
504 11.9925
505 11.9925
506 11.9925
507 11.9925
508 11.9925
509 11.9925
510 11.9925
511 11.9925
512 11.9925
513 11.9925
514 11.9925
515 11.9925
516 11.9925
517 11.9925
518 11.9925
519 11.9925
520 11.9925
521 11.9925
522 11.9925
523 11.9925
524 11.9925
525 11.9925
526 11.9925
527 11.9925
528 11.9925
529 11.9925
530 11.9925
531 11.9925
532 11.9925
533 11.9925
534 11.9925
535 11.9925
536 11.9925
537 11.9925
538 11.9925
539 11.9925
540 11.9925
541 11.9925
542 11.9925
543 11.9925
544 11.9925
545 11.9925
546 11.9925
547 11.9925
548 11.9925
549 11.9925
550 11.9925
551 11.9925
552 11.9925
