1 11.9385
2 11.9385
3 11.9385
4 11.9385
5 11.9385
6 11.9385
7 11.9385
8 11.9385
9 11.9385
10 11.9385
11 11.9385
12 11.9385
13 11.9385
14 11.9385
15 11.9385
16 11.9385
17 11.9385
18 11.9385
19 11.9385
20 11.9385
21 11.9385
22 11.9385
23 11.9385
24 11.9385
25 11.9385
26 11.9385
27 11.9385
28 11.9385
29 11.9385
30 11.9385
31 11.9385
32 11.9385
33 11.9385
34 11.9385
35 11.9385
36 11.9385
37 11.9385
38 11.9385
39 11.9385
40 11.9385
41 11.9385
42 11.9385
43 11.9385
44 11.9385
45 11.9385
46 11.9385
47 11.9385
48 11.9385
49 11.9385
50 11.9385
51 11.9385
52 11.9385
53 11.9385
54 11.9385
55 11.9385
56 11.9385
57 11.9385
58 11.9385
59 11.9385
60 11.9385
61 11.9385
62 11.9385
63 11.9385
64 11.9385
65 11.9385
66 11.9385
67 11.9385
68 11.9385
69 11.9385
70 11.9385
71 11.9385
72 11.9385
73 11.9385
74 11.9385
75 11.9385
76 11.9385
77 11.9385
78 11.9385
79 11.9385
80 11.9385
81 11.9385
82 11.9385
83 11.9385
84 11.9385
85 11.9385
86 11.9385
87 11.9385
88 11.9385
89 11.9385
90 11.9385
91 11.9385
92 11.9385
93 11.9385
94 11.9385
95 11.9385
96 11.9385
97 11.9385
98 11.9385
99 11.9385
100 11.9385
101 11.9385
102 11.9385
103 11.9385
104 11.9385
105 11.9385
106 11.9385
107 11.9385
108 11.9385
109 11.9385
110 11.9385
111 11.9385
112 11.9385
113 11.9385
114 11.9385
115 11.9385
116 11.9385
117 11.9385
118 11.9385
119 11.9385
120 11.9385
121 11.9385
122 11.9385
123 11.9385
124 11.9385
125 11.9385
126 11.9385
127 11.9385
128 11.9385
129 11.9385
130 11.9385
131 11.9385
132 11.9385
133 11.9385
134 11.9385
135 11.9385
136 11.9385
137 11.9385
138 11.9385
139 11.9385
140 11.9385
141 11.9385
142 11.9385
143 11.9385
144 11.9385
145 11.9385
146 11.9385
147 11.9385
148 11.9385
149 11.9385
150 11.9385
151 11.9385
152 11.9385
153 11.9385
154 11.9385
155 11.9385
156 11.9385
157 11.9385
158 11.9385
159 11.9385
160 11.9385
161 11.9385
162 11.9385
163 11.9385
164 11.9385
165 11.9385
166 11.9385
167 11.9385
168 11.9385
169 11.9385
170 11.9385
171 11.9385
172 11.9385
173 11.9385
174 11.9385
175 11.9385
176 11.9385
177 11.9385
178 11.9385
179 11.9385
180 11.9385
181 11.9385
182 11.9385
183 11.9385
184 11.9385
185 11.9385
186 11.9385
187 11.9385
188 11.9385
189 11.9385
190 11.9385
191 11.9385
192 11.9385
193 11.9385
194 11.9385
195 11.9385
196 11.9385
197 11.9385
198 11.9385
199 11.9385
200 11.9385
201 11.9385
202 11.9385
203 11.9385
204 11.9385
205 11.9385
206 11.9385
207 11.9385
208 11.9385
209 11.9385
210 11.9385
211 11.9385
212 11.9385
213 11.9385
214 11.9385
215 11.9385
216 11.9385
217 11.9385
218 11.9385
219 11.9385
220 11.9385
221 11.9385
222 11.9385
223 11.9385
224 11.9385
225 11.9385
226 11.9385
227 11.9385
228 11.9385
229 11.9385
230 11.9385
231 11.9385
232 11.9385
233 11.9385
234 11.9385
235 11.9385
236 11.949
237 11.9867
238 11.9557
239 11.61
240 10.8988
241 10.0755
242 9.28426
243 8.53617
244 7.8204
245 7.13091
246 6.46603
247 5.82577
248 5.21035
249 4.61936
250 4.05067
251 3.49829
252 3.53915
253 3.60398
254 3.65518
255 3.69086
256 3.71399
257 3.75071
258 3.77677
259 3.79486
260 3.81659
261 3.83297
262 3.84576
263 3.88574
264 3.90625
265 3.97392
266 3.97014
267 4.02728
268 4.27317
269 4.25136
270 3.87701
271 3.10262
272 2.99172
273 2.98052
274 2.84791
275 2.8406
276 2.8523
277 2.85851
278 2.85334
279 2.83557
280 2.83663
281 2.82483
282 2.79931
283 2.79198
284 2.79793
285 2.79313
286 2.77793
287 2.754
288 2.7304
289 2.74622
290 3.00825
291 3.04464
292 3.39356
293 3.45239
294 3.89746
295 3.9865
296 3.95037
297 3.91962
298 3.941
299 4.70539
300 5.44486
301 6.16445
302 6.87623
303 7.5954
304 8.33677
305 9.11334
306 9.93402
307 10.7796
308 11.5215
309 11.9272
310 12
311 11.9635
312 11.9423
313 11.9385
314 11.9385
315 11.9385
316 11.9385
317 11.9385
318 11.9385
319 11.9385
320 11.9385
321 11.9385
322 11.9385
323 11.9385
324 11.9385
325 11.9385
326 11.9385
327 11.9385
328 11.9385
329 11.9385
330 11.9385
331 11.9385
332 11.9385
333 11.9385
334 11.9385
335 11.9385
336 11.9385
337 11.9385
338 11.9385
339 11.9385
340 11.9385
341 11.9385
342 11.9385
343 11.9385
344 11.9385
345 11.9385
346 11.9385
347 11.9385
348 11.9385
349 11.9385
350 11.9385
351 11.9385
352 11.9385
353 11.9385
354 11.9385
355 11.9385
356 11.9385
357 11.9385
358 11.9385
359 11.9385
360 11.9385
361 11.9385
362 11.9385
363 11.9385
364 11.9385
365 11.9385
366 11.9385
367 11.9385
368 11.9385
369 11.9385
370 11.9385
371 11.9385
372 11.9385
373 11.9385
374 11.9385
375 11.9385
376 11.9385
377 11.9385
378 11.9385
379 11.9385
380 11.9385
381 11.9385
382 11.9385
383 11.9385
384 11.9385
385 11.9385
386 11.9385
387 11.9385
388 11.9385
389 11.9385
390 11.9385
391 11.9385
392 11.9385
393 11.9385
394 11.9385
395 11.9385
396 11.9385
397 11.9385
398 11.9385
399 11.9385
400 11.9385
401 11.9385
402 11.9385
403 11.9385
404 11.9385
405 11.9385
406 11.9385
407 11.9385
408 11.9385
409 11.9385
410 11.9385
411 11.9385
412 11.9385
413 11.9385
414 11.9385
415 11.9385
416 11.9385
417 11.9385
418 11.9385
419 11.9385
420 11.9385
421 11.9385
422 11.9385
423 11.9385
424 11.9385
425 11.9385
426 11.9385
427 11.9385
428 11.9385
429 11.9385
430 11.9385
431 11.9385
432 11.9385
433 11.9385
434 11.9385
435 11.9385
436 11.9385
437 11.9385
438 11.9385
439 11.9385
440 11.9385
441 11.9385
442 11.9385
443 11.9385
444 11.9385
445 11.9385
446 11.9385
447 11.9385
448 11.9385
449 11.9385
450 11.9385
451 11.9385
452 11.9385
453 11.9385
454 11.9385
455 11.9385
456 11.9385
457 11.9385
458 11.9385
459 11.9385
460 11.9385
461 11.9385
462 11.9385
463 11.9385
464 11.9385
465 11.9385
466 11.9385
467 11.9385
468 11.9385
469 11.9385
470 11.9385
471 11.9385
472 11.9385
473 11.9385
474 11.9385
475 11.9385
476 11.9385
477 11.9385
478 11.9385
479 11.9385
480 11.9385
481 11.9385
482 11.9385
483 11.9385
484 11.9385
485 11.9385
486 11.9385
487 11.9385
488 11.9385
489 11.9385
490 11.9385
491 11.9385
492 11.9385
493 11.9385
494 11.9385
495 11.9385
496 11.9385
497 11.9385
498 11.9385
499 11.9385
500 11.9385
501 11.9385
502 11.9385
503 11.9385
504 11.9385
505 11.9385
506 11.9385
507 11.9385
508 11.9385
509 11.9385
510 11.9385
511 11.9385
512 11.9385
513 11.9385
514 11.9385
515 11.9385
516 11.9385
517 11.9385
518 11.9385
519 11.9385
520 11.9385
521 11.9385
522 11.9385
523 11.9385
524 11.9385
525 11.9385
526 11.9385
527 11.9385
528 11.9385
529 11.9385
530 11.9385
531 11.9385
532 11.9385
533 11.9385
534 11.9385
535 11.9385
536 11.9385
537 11.9385
538 11.9385
539 11.9385
540 11.9385
541 11.9385
542 11.9385
543 11.9385
544 11.9385
545 11.9385
546 11.9385
547 11.9385
548 11.9385
549 11.9385
550 11.9385
551 11.9385
552 11.9385
