1 11.9791
2 11.9791
3 11.9791
4 11.9791
5 11.9791
6 11.9791
7 11.9791
8 11.9791
9 11.9791
10 11.9791
11 11.9791
12 11.9791
13 11.9791
14 11.9791
15 11.9791
16 11.9791
17 11.9791
18 11.9791
19 11.9791
20 11.9791
21 11.9791
22 11.9791
23 11.9791
24 11.9791
25 11.9791
26 11.9791
27 11.9791
28 11.9791
29 11.9791
30 11.9791
31 11.9791
32 11.9791
33 11.9791
34 11.9791
35 11.9791
36 11.9791
37 11.9791
38 11.9791
39 11.9791
40 11.9791
41 11.9791
42 11.9791
43 11.9791
44 11.9791
45 11.9791
46 11.9791
47 11.9791
48 11.9791
49 11.9791
50 11.9791
51 11.9791
52 11.9791
53 11.9791
54 11.9791
55 11.9791
56 11.9791
57 11.9791
58 11.9791
59 11.9791
60 11.9791
61 11.9791
62 11.9791
63 11.9791
64 11.9791
65 11.9791
66 11.9791
67 11.9791
68 11.9791
69 11.9791
70 11.9791
71 11.9791
72 11.9791
73 11.9791
74 11.9791
75 11.9791
76 11.9791
77 11.9791
78 11.9791
79 11.9791
80 11.9791
81 11.9791
82 11.9791
83 11.9791
84 11.9791
85 11.9791
86 11.9791
87 11.9791
88 11.9791
89 11.9791
90 11.9791
91 11.9791
92 11.9791
93 11.9791
94 11.9791
95 11.9791
96 11.9791
97 11.9791
98 11.9791
99 11.9791
100 11.9791
101 11.9791
102 11.9791
103 11.9791
104 11.9791
105 11.9791
106 11.9791
107 11.9791
108 11.9791
109 11.9791
110 11.9791
111 11.9791
112 11.9791
113 11.9791
114 11.9791
115 11.9791
116 11.9791
117 11.9791
118 11.9791
119 11.9791
120 11.9791
121 11.9791
122 11.9791
123 11.9791
124 11.9791
125 11.9791
126 11.9791
127 11.9791
128 11.9791
129 11.9791
130 11.9791
131 11.9791
132 11.9791
133 11.9791
134 11.9791
135 11.9791
136 11.9791
137 11.9791
138 11.9791
139 11.9791
140 11.9791
141 11.9791
142 11.9791
143 11.9791
144 11.9791
145 11.9791
146 11.9791
147 11.9791
148 11.9791
149 11.9791
150 11.9791
151 11.9791
152 11.9791
153 11.9791
154 11.9791
155 11.9791
156 11.9791
157 11.9791
158 11.9791
159 11.9791
160 11.9791
161 11.9791
162 11.9791
163 11.9791
164 11.9791
165 11.9791
166 11.9791
167 11.9791
168 11.9791
169 11.9791
170 11.9791
171 11.9791
172 11.9791
173 11.9791
174 11.9791
175 11.9791
176 11.9791
177 11.9791
178 11.9791
179 11.9791
180 11.9791
181 11.9791
182 11.9791
183 11.9791
184 11.9791
185 11.9791
186 11.9791
187 11.9791
188 11.9791
189 11.9791
190 11.9791
191 11.9791
192 11.9791
193 11.9791
194 11.9791
195 11.9791
196 11.9791
197 11.9791
198 11.9791
199 11.9791
200 11.9791
201 11.9791
202 11.9791
203 11.9791
204 11.9791
205 11.9791
206 11.9791
207 11.9791
208 11.9791
209 11.9791
210 11.9791
211 11.9791
212 11.9791
213 11.9791
214 11.9791
215 11.9791
216 11.9791
217 11.9791
218 11.9791
219 11.9791
220 11.9791
221 11.9791
222 11.9791
223 11.9791
224 11.9791
225 11.9791
226 11.9791
227 11.9791
228 11.9791
229 11.9791
230 11.9791
231 11.9791
232 11.9791
233 11.9791
234 11.9791
235 11.9791
236 11.9791
237 11.9791
238 11.9791
239 11.9791
240 11.9791
241 11.9791
242 11.9791
243 11.9791
244 11.9791
245 12
246 11.8944
247 11.409
248 10.7635
249 10.0587
250 9.33312
251 8.59947
252 8.59005
253 8.6241
254 8.65324
255 8.67169
256 8.70089
257 8.71876
258 8.74532
259 8.75525
260 8.77182
261 8.79661
262 8.876
263 9.24609
264 9.32126
265 9.60347
266 9.64516
267 9.7738
268 10.452
269 10.4688
270 9.8235
271 8.95948
272 8.89571
273 8.90371
274 8.7187
275 8.69418
276 8.69638
277 8.70064
278 8.71135
279 8.77118
280 8.76217
281 8.78872
282 8.90904
283 8.89421
284 8.73733
285 8.71119
286 8.70723
287 8.70188
288 8.69848
289 8.73537
290 9.05025
291 9.08367
292 9.43833
293 9.49792
294 9.98216
295 10.086
296 10.0013
297 9.97503
298 9.98791
299 10.6143
300 11.1634
301 11.6093
302 11.893
303 11.9948
304 11.9791
305 11.9791
306 11.9791
307 11.9791
308 11.9791
309 11.9791
310 11.9791
311 11.9791
312 11.9791
313 11.9791
314 11.9791
315 11.9791
316 11.9791
317 11.9791
318 11.9791
319 11.9791
320 11.9791
321 11.9791
322 11.9791
323 11.9791
324 11.9791
325 11.9791
326 11.9791
327 11.9791
328 11.9791
329 11.9791
330 11.9791
331 11.9791
332 11.9791
333 11.9791
334 11.9791
335 11.9791
336 11.9791
337 11.9791
338 11.9791
339 11.9791
340 11.9791
341 11.9791
342 11.9791
343 11.9791
344 11.9791
345 11.9791
346 11.9791
347 11.9791
348 11.9791
349 11.9791
350 11.9791
351 11.9791
352 11.9791
353 11.9791
354 11.9791
355 11.9791
356 11.9791
357 11.9791
358 11.9791
359 11.9791
360 11.9791
361 11.9791
362 11.9791
363 11.9791
364 11.9791
365 11.9791
366 11.9791
367 11.9791
368 11.9791
369 11.9791
370 11.9791
371 11.9791
372 11.9791
373 11.9791
374 11.9791
375 11.9791
376 11.9791
377 11.9791
378 11.9791
379 11.9791
380 11.9791
381 11.9791
382 11.9791
383 11.9791
384 11.9791
385 11.9791
386 11.9791
387 11.9791
388 11.9791
389 11.9791
390 11.9791
391 11.9791
392 11.9791
393 11.9791
394 11.9791
395 11.9791
396 11.9791
397 11.9791
398 11.9791
399 11.9791
400 11.9791
401 11.9791
402 11.9791
403 11.9791
404 11.9791
405 11.9791
406 11.9791
407 11.9791
408 11.9791
409 11.9791
410 11.9791
411 11.9791
412 11.9791
413 11.9791
414 11.9791
415 11.9791
416 11.9791
417 11.9791
418 11.9791
419 11.9791
420 11.9791
421 11.9791
422 11.9791
423 11.9791
424 11.9791
425 11.9791
426 11.9791
427 11.9791
428 11.9791
429 11.9791
430 11.9791
431 11.9791
432 11.9791
433 11.9791
434 11.9791
435 11.9791
436 11.9791
437 11.9791
438 11.9791
439 11.9791
440 11.9791
441 11.9791
442 11.9791
443 11.9791
444 11.9791
445 11.9791
446 11.9791
447 11.9791
448 11.9791
449 11.9791
450 11.9791
451 11.9791
452 11.9791
453 11.9791
454 11.9791
455 11.9791
456 11.9791
457 11.9791
458 11.9791
459 11.9791
460 11.9791
461 11.9791
462 11.9791
463 11.9791
464 11.9791
465 11.9791
466 11.9791
467 11.9791
468 11.9791
469 11.9791
470 11.9791
471 11.9791
472 11.9791
473 11.9791
474 11.9791
475 11.9791
476 11.9791
477 11.9791
478 11.9791
479 11.9791
480 11.9791
481 11.9791
482 11.9791
483 11.9791
484 11.9791
485 11.9791
486 11.9791
487 11.9791
488 11.9791
489 11.9791
490 11.9791
491 11.9791
492 11.9791
493 11.9791
494 11.9791
495 11.9791
496 11.9791
497 11.9791
498 11.9791
499 11.9791
500 11.9791
501 11.9791
502 11.9791
503 11.9791
504 11.9791
505 11.9791
506 11.9791
507 11.9791
508 11.9791
509 11.9791
510 11.9791
511 11.9791
512 11.9791
513 11.9791
514 11.9791
515 11.9791
516 11.9791
517 11.9791
518 11.9791
519 11.9791
520 11.9791
521 11.9791
522 11.9791
523 11.9791
524 11.9791
525 11.9791
526 11.9791
527 11.9791
528 11.9791
529 11.9791
530 11.9791
531 11.9791
532 11.9791
533 11.9791
534 11.9791
535 11.9791
536 11.9791
537 11.9791
538 11.9791
539 11.9791
540 11.9791
541 11.9791
542 11.9791
543 11.9791
544 11.9791
545 11.9791
546 11.9791
547 11.9791
548 11.9791
549 11.9791
550 11.9791
551 11.9791
552 11.9791
