1 11.9934
2 11.9934
3 11.9934
4 11.9934
5 11.9934
6 11.9934
7 11.9934
8 11.9934
9 11.9934
10 11.9934
11 11.9934
12 11.9934
13 11.9934
14 11.9934
15 11.9934
16 11.9934
17 11.9934
18 11.9934
19 11.9934
20 11.9934
21 11.9934
22 11.9934
23 11.9934
24 11.9934
25 11.9934
26 11.9934
27 11.9934
28 11.9934
29 11.9934
30 11.9934
31 11.9934
32 11.9934
33 11.9934
34 11.9934
35 11.9934
36 11.9934
37 11.9934
38 11.9934
39 11.9934
40 11.9934
41 11.9934
42 11.9934
43 11.9934
44 11.9934
45 11.9934
46 11.9934
47 11.9934
48 11.9934
49 11.9934
50 11.9934
51 11.9934
52 11.9934
53 11.9934
54 11.9934
55 11.9934
56 11.9934
57 11.9934
58 11.9934
59 11.9934
60 11.9934
61 11.9934
62 11.9934
63 11.9934
64 11.9934
65 11.9934
66 11.9934
67 11.9934
68 11.9934
69 11.9934
70 11.9934
71 11.9934
72 11.9934
73 11.9934
74 11.9934
75 11.9934
76 11.9934
77 11.9934
78 11.9934
79 11.9934
80 11.9934
81 11.9934
82 11.9934
83 11.9934
84 11.9934
85 11.9934
86 11.9934
87 11.9934
88 11.9934
89 11.9934
90 11.9934
91 11.9934
92 11.9934
93 11.9934
94 11.9934
95 11.9934
96 11.9934
97 11.9934
98 11.9934
99 11.9934
100 11.9934
101 11.9934
102 11.9934
103 11.9934
104 11.9934
105 11.9934
106 11.9934
107 11.9934
108 11.9934
109 11.9934
110 11.9934
111 11.9934
112 11.9934
113 11.9934
114 11.9934
115 11.9934
116 11.9934
117 11.9934
118 11.9934
119 11.9934
120 11.9934
121 11.9934
122 11.9934
123 11.9934
124 11.9934
125 11.9934
126 11.9934
127 11.9934
128 11.9934
129 11.9934
130 11.9934
131 11.9934
132 11.9934
133 11.9934
134 11.9934
135 11.9934
136 11.9934
137 11.9934
138 11.9934
139 11.9934
140 11.9934
141 11.9934
142 11.9934
143 11.9934
144 11.9934
145 11.9934
146 11.9934
147 11.9934
148 11.9934
149 11.9934
150 11.9934
151 11.9934
152 11.9934
153 11.9934
154 11.9934
155 11.9934
156 11.9934
157 11.9934
158 11.9934
159 11.9934
160 11.9934
161 11.9934
162 11.9934
163 11.9934
164 11.9934
165 11.9934
166 11.9934
167 11.9934
168 11.9934
169 11.9934
170 11.9934
171 11.9934
172 11.9934
173 11.9934
174 11.9934
175 11.9934
176 11.9934
177 11.9934
178 11.9934
179 11.9934
180 11.9934
181 11.9934
182 11.9934
183 11.9934
184 11.9934
185 11.9934
186 11.9934
187 11.9934
188 11.9934
189 11.9934
190 11.9934
191 11.9934
192 11.9934
193 11.9934
194 11.9934
195 11.9934
196 11.9934
197 11.9934
198 11.9934
199 11.9934
200 11.9934
201 11.9934
202 11.9934
203 11.9934
204 11.9934
205 11.9934
206 11.9934
207 11.9934
208 11.9934
209 11.9934
210 11.9934
211 11.9934
212 11.9934
213 11.9934
214 11.9934
215 11.9934
216 11.9934
217 11.9934
218 11.9934
219 11.9934
220 11.9934
221 11.9934
222 11.9934
223 11.9934
224 11.9934
225 11.9934
226 11.9934
227 11.9934
228 11.9934
229 11.9934
230 11.9934
231 11.9934
232 12
233 11.7891
234 11.2754
235 10.6944
236 10.0659
237 9.41066
238 8.75663
239 8.11426
240 7.48805
241 6.87875
242 6.28523
243 5.70534
244 5.13635
245 4.57535
246 4.01967
247 3.4673
248 2.91735
249 2.37026
250 1.82796
251 1.29351
252 1.31268
253 1.35462
254 1.38316
255 1.39871
256 1.40619
257 1.41764
258 1.42276
259 1.43041
260 1.43352
261 1.43468
262 1.43507
263 1.43519
264 1.43536
265 1.43541
266 1.43547
267 1.43549
268 1.43549
269 1.43549
270 1.4355
271 1.43551
272 1.43551
273 1.43551
274 1.43551
275 1.43551
276 1.43551
277 1.43551
278 1.43551
279 1.43551
280 1.4355
281 1.43548
282 1.43539
283 1.43531
284 1.43525
285 1.43503
286 1.4343
287 1.43206
288 1.42592
289 1.41144
290 1.38576
291 1.36367
292 1.33618
293 1.30612
294 1.28415
295 1.24449
296 1.20965
297 1.15944
298 1.13203
299 1.69233
300 2.27904
301 2.89155
302 3.52914
303 4.19098
304 4.87609
305 5.58335
306 6.31144
307 7.05873
308 7.82278
309 8.59938
310 9.37961
311 10.145
312 10.86
313 11.4752
314 11.9115
315 11.9934
316 11.9934
317 11.9934
318 11.9934
319 11.9934
320 11.9934
321 11.9934
322 11.9934
323 11.9934
324 11.9934
325 11.9934
326 11.9934
327 11.9934
328 11.9934
329 11.9934
330 11.9934
331 11.9934
332 11.9934
333 11.9934
334 11.9934
335 11.9934
336 11.9934
337 11.9934
338 11.9934
339 11.9934
340 11.9934
341 11.9934
342 11.9934
343 11.9934
344 11.9934
345 11.9934
346 11.9934
347 11.9934
348 11.9934
349 11.9934
350 11.9934
351 11.9934
352 11.9934
353 11.9934
354 11.9934
355 11.9934
356 11.9934
357 11.9934
358 11.9934
359 11.9934
360 11.9934
361 11.9934
362 11.9934
363 11.9934
364 11.9934
365 11.9934
366 11.9934
367 11.9934
368 11.9934
369 11.9934
370 11.9934
371 11.9934
372 11.9934
373 11.9934
374 11.9934
375 11.9934
376 11.9934
377 11.9934
378 11.9934
379 11.9934
380 11.9934
381 11.9934
382 11.9934
383 11.9934
384 11.9934
385 11.9934
386 11.9934
387 11.9934
388 11.9934
389 11.9934
390 11.9934
391 11.9934
392 11.9934
393 11.9934
394 11.9934
395 11.9934
396 11.9934
397 11.9934
398 11.9934
399 11.9934
400 11.9934
401 11.9934
402 11.9934
403 11.9934
404 11.9934
405 11.9934
406 11.9934
407 11.9934
408 11.9934
409 11.9934
410 11.9934
411 11.9934
412 11.9934
413 11.9934
414 11.9934
415 11.9934
416 11.9934
417 11.9934
418 11.9934
419 11.9934
420 11.9934
421 11.9934
422 11.9934
423 11.9934
424 11.9934
425 11.9934
426 11.9934
427 11.9934
428 11.9934
429 11.9934
430 11.9934
431 11.9934
432 11.9934
433 11.9934
434 11.9934
435 11.9934
436 11.9934
437 11.9934
438 11.9934
439 11.9934
440 11.9934
441 11.9934
442 11.9934
443 11.9934
444 11.9934
445 11.9934
446 11.9934
447 11.9934
448 11.9934
449 11.9934
450 11.9934
451 11.9934
452 11.9934
453 11.9934
454 11.9934
455 11.9934
456 11.9934
457 11.9934
458 11.9934
459 11.9934
460 11.9934
461 11.9934
462 11.9934
463 11.9934
464 11.9934
465 11.9934
466 11.9934
467 11.9934
468 11.9934
469 11.9934
470 11.9934
471 11.9934
472 11.9934
473 11.9934
474 11.9934
475 11.9934
476 11.9934
477 11.9934
478 11.9934
479 11.9934
480 11.9934
481 11.9934
482 11.9934
483 11.9934
484 11.9934
485 11.9934
486 11.9934
487 11.9934
488 11.9934
489 11.9934
490 11.9934
491 11.9934
492 11.9934
493 11.9934
494 11.9934
495 11.9934
496 11.9934
497 11.9934
498 11.9934
499 11.9934
500 11.9934
501 11.9934
502 11.9934
503 11.9934
504 11.9934
505 11.9934
506 11.9934
507 11.9934
508 11.9934
509 11.9934
510 11.9934
511 11.9934
512 11.9934
513 11.9934
514 11.9934
515 11.9934
516 11.9934
517 11.9934
518 11.9934
519 11.9934
520 11.9934
521 11.9934
522 11.9934
523 11.9934
524 11.9934
525 11.9934
526 11.9934
527 11.9934
528 11.9934
529 11.9934
530 11.9934
531 11.9934
532 11.9934
533 11.9934
534 11.9934
535 11.9934
536 11.9934
537 11.9934
538 11.9934
539 11.9934
540 11.9934
541 11.9934
542 11.9934
543 11.9934
544 11.9934
545 11.9934
546 11.9934
547 11.9934
548 11.9934
549 11.9934
550 11.9934
551 11.9934
552 11.9934
