1 11.9836
2 11.9836
3 11.9836
4 11.9836
5 11.9836
6 11.9836
7 11.9836
8 11.9836
9 11.9836
10 11.9836
11 11.9836
12 11.9836
13 11.9836
14 11.9836
15 11.9836
16 11.9836
17 11.9836
18 11.9836
19 11.9836
20 11.9836
21 11.9836
22 11.9836
23 11.9836
24 11.9836
25 11.9836
26 11.9836
27 11.9836
28 11.9836
29 11.9836
30 11.9836
31 11.9836
32 11.9836
33 11.9836
34 11.9836
35 11.9836
36 11.9836
37 11.9836
38 11.9836
39 11.9836
40 11.9836
41 11.9836
42 11.9836
43 11.9836
44 11.9836
45 11.9836
46 11.9836
47 11.9836
48 11.9836
49 11.9836
50 11.9836
51 11.9836
52 11.9836
53 11.9836
54 11.9836
55 11.9836
56 11.9836
57 11.9836
58 11.9836
59 11.9836
60 11.9836
61 11.9836
62 11.9836
63 11.9836
64 11.9836
65 11.9836
66 11.9836
67 11.9836
68 11.9836
69 11.9836
70 11.9836
71 11.9836
72 11.9836
73 11.9836
74 11.9836
75 11.9836
76 11.9836
77 11.9836
78 11.9836
79 11.9836
80 11.9836
81 11.9836
82 11.9836
83 11.9836
84 11.9836
85 11.9836
86 11.9836
87 11.9836
88 11.9836
89 11.9836
90 11.9836
91 11.9836
92 11.9836
93 11.9836
94 11.9836
95 11.9836
96 11.9836
97 11.9836
98 11.9836
99 11.9836
100 11.9836
101 11.9836
102 11.9836
103 11.9836
104 11.9836
105 11.9836
106 11.9836
107 11.9836
108 11.9836
109 11.9836
110 11.9836
111 11.9836
112 11.9836
113 11.9836
114 11.9836
115 11.9836
116 11.9836
117 11.9836
118 11.9836
119 11.9836
120 11.9836
121 11.9836
122 11.9836
123 11.9836
124 11.9836
125 11.9836
126 11.9836
127 11.9836
128 11.9836
129 11.9836
130 11.9836
131 11.9836
132 11.9836
133 11.9836
134 11.9836
135 11.9836
136 11.9836
137 11.9836
138 11.9836
139 11.9836
140 11.9836
141 11.9836
142 11.9836
143 11.9836
144 11.9836
145 11.9836
146 11.9836
147 11.9836
148 11.9836
149 11.9836
150 11.9836
151 11.9836
152 11.9836
153 11.9836
154 11.9836
155 11.9836
156 11.9836
157 11.9836
158 11.9836
159 11.9836
160 11.9836
161 11.9836
162 11.9836
163 11.9836
164 11.9836
165 11.9836
166 11.9836
167 11.9836
168 11.9836
169 11.9836
170 11.9836
171 11.9836
172 11.9836
173 11.9836
174 11.9836
175 11.9836
176 11.9836
177 11.9836
178 11.9836
179 11.9836
180 11.9836
181 11.9836
182 11.9836
183 11.9836
184 11.9836
185 11.9836
186 11.9836
187 11.9836
188 11.9836
189 11.9836
190 11.9836
191 11.9836
192 11.9836
193 11.9836
194 11.9836
195 11.9836
196 11.9836
197 11.9836
198 11.9836
199 11.9836
200 11.9836
201 11.9836
202 11.9836
203 11.9836
204 11.9836
205 11.9836
206 11.9836
207 11.9836
208 11.9836
209 11.9836
210 11.9836
211 11.9836
212 11.9836
213 11.9836
214 11.9836
215 11.9836
216 11.9836
217 11.9836
218 11.9836
219 11.9836
220 11.9836
221 11.9836
222 11.9836
223 11.9836
224 11.9836
225 11.9836
226 11.9836
227 11.9836
228 11.9836
229 11.9836
230 11.9836
231 11.9836
232 11.9836
233 11.9937
234 11.7168
235 11.1684
236 10.5166
237 9.82167
238 9.11353
239 8.41101
240 7.72381
241 7.05598
242 6.40858
243 5.78126
244 5.17266
245 4.58067
246 4.00259
247 3.43536
248 2.87581
249 2.3211
250 1.76917
251 1.21921
252 1.23977
253 1.28473
254 1.31694
255 1.33571
256 1.34549
257 1.36069
258 1.3683
259 1.37989
260 1.38532
261 1.38762
262 1.38851
263 1.38883
264 1.38931
265 1.38946
266 1.38968
267 1.38974
268 1.38976
269 1.38978
270 1.38981
271 1.38984
272 1.38985
273 1.38986
274 1.38986
275 1.38986
276 1.38986
277 1.38986
278 1.38985
279 1.38982
280 1.38979
281 1.38969
282 1.38932
283 1.38903
284 1.38882
285 1.38815
286 1.38623
287 1.38128
288 1.37019
289 1.35078
290 1.33782
291 1.31453
292 1.3187
293 1.29219
294 1.3188
295 1.28592
296 1.24701
297 1.19772
298 1.18216
299 1.81869
300 2.48014
301 3.16547
302 3.8735
303 4.60294
304 5.35237
305 6.12014
306 6.90404
307 7.7003
308 8.50161
309 9.29413
310 10.0545
311 10.7512
312 11.3423
313 11.7624
314 11.9587
315 12
316 11.9836
317 11.9836
318 11.9836
319 11.9836
320 11.9836
321 11.9836
322 11.9836
323 11.9836
324 11.9836
325 11.9836
326 11.9836
327 11.9836
328 11.9836
329 11.9836
330 11.9836
331 11.9836
332 11.9836
333 11.9836
334 11.9836
335 11.9836
336 11.9836
337 11.9836
338 11.9836
339 11.9836
340 11.9836
341 11.9836
342 11.9836
343 11.9836
344 11.9836
345 11.9836
346 11.9836
347 11.9836
348 11.9836
349 11.9836
350 11.9836
351 11.9836
352 11.9836
353 11.9836
354 11.9836
355 11.9836
356 11.9836
357 11.9836
358 11.9836
359 11.9836
360 11.9836
361 11.9836
362 11.9836
363 11.9836
364 11.9836
365 11.9836
366 11.9836
367 11.9836
368 11.9836
369 11.9836
370 11.9836
371 11.9836
372 11.9836
373 11.9836
374 11.9836
375 11.9836
376 11.9836
377 11.9836
378 11.9836
379 11.9836
380 11.9836
381 11.9836
382 11.9836
383 11.9836
384 11.9836
385 11.9836
386 11.9836
387 11.9836
388 11.9836
389 11.9836
390 11.9836
391 11.9836
392 11.9836
393 11.9836
394 11.9836
395 11.9836
396 11.9836
397 11.9836
398 11.9836
399 11.9836
400 11.9836
401 11.9836
402 11.9836
403 11.9836
404 11.9836
405 11.9836
406 11.9836
407 11.9836
408 11.9836
409 11.9836
410 11.9836
411 11.9836
412 11.9836
413 11.9836
414 11.9836
415 11.9836
416 11.9836
417 11.9836
418 11.9836
419 11.9836
420 11.9836
421 11.9836
422 11.9836
423 11.9836
424 11.9836
425 11.9836
426 11.9836
427 11.9836
428 11.9836
429 11.9836
430 11.9836
431 11.9836
432 11.9836
433 11.9836
434 11.9836
435 11.9836
436 11.9836
437 11.9836
438 11.9836
439 11.9836
440 11.9836
441 11.9836
442 11.9836
443 11.9836
444 11.9836
445 11.9836
446 11.9836
447 11.9836
448 11.9836
449 11.9836
450 11.9836
451 11.9836
452 11.9836
453 11.9836
454 11.9836
455 11.9836
456 11.9836
457 11.9836
458 11.9836
459 11.9836
460 11.9836
461 11.9836
462 11.9836
463 11.9836
464 11.9836
465 11.9836
466 11.9836
467 11.9836
468 11.9836
469 11.9836
470 11.9836
471 11.9836
472 11.9836
473 11.9836
474 11.9836
475 11.9836
476 11.9836
477 11.9836
478 11.9836
479 11.9836
480 11.9836
481 11.9836
482 11.9836
483 11.9836
484 11.9836
485 11.9836
486 11.9836
487 11.9836
488 11.9836
489 11.9836
490 11.9836
491 11.9836
492 11.9836
493 11.9836
494 11.9836
495 11.9836
496 11.9836
497 11.9836
498 11.9836
499 11.9836
500 11.9836
501 11.9836
502 11.9836
503 11.9836
504 11.9836
505 11.9836
506 11.9836
507 11.9836
508 11.9836
509 11.9836
510 11.9836
511 11.9836
512 11.9836
513 11.9836
514 11.9836
515 11.9836
516 11.9836
517 11.9836
518 11.9836
519 11.9836
520 11.9836
521 11.9836
522 11.9836
523 11.9836
524 11.9836
525 11.9836
526 11.9836
527 11.9836
528 11.9836
529 11.9836
530 11.9836
531 11.9836
532 11.9836
533 11.9836
534 11.9836
535 11.9836
536 11.9836
537 11.9836
538 11.9836
539 11.9836
540 11.9836
541 11.9836
542 11.9836
543 11.9836
544 11.9836
545 11.9836
546 11.9836
547 11.9836
548 11.9836
549 11.9836
550 11.9836
551 11.9836
552 11.9836
