1 11.9805
2 11.9805
3 11.9805
4 11.9805
5 11.9805
6 11.9805
7 11.9805
8 11.9805
9 11.9805
10 11.9805
11 11.9805
12 11.9805
13 11.9805
14 11.9805
15 11.9805
16 11.9805
17 11.9805
18 11.9805
19 11.9805
20 11.9805
21 11.9805
22 11.9805
23 11.9805
24 11.9805
25 11.9805
26 11.9805
27 11.9805
28 11.9805
29 11.9805
30 11.9805
31 11.9805
32 11.9805
33 11.9805
34 11.9805
35 11.9805
36 11.9805
37 11.9805
38 11.9805
39 11.9805
40 11.9805
41 11.9805
42 11.9805
43 11.9805
44 11.9805
45 11.9805
46 11.9805
47 11.9805
48 11.9805
49 11.9805
50 11.9805
51 11.9805
52 11.9805
53 11.9805
54 11.9805
55 11.9805
56 11.9805
57 11.9805
58 11.9805
59 11.9805
60 11.9805
61 11.9805
62 11.9805
63 11.9805
64 11.9805
65 11.9805
66 11.9805
67 11.9805
68 11.9805
69 11.9805
70 11.9805
71 11.9805
72 11.9805
73 11.9805
74 11.9805
75 11.9805
76 11.9805
77 11.9805
78 11.9805
79 11.9805
80 11.9805
81 11.9805
82 11.9805
83 11.9805
84 11.9805
85 11.9805
86 11.9805
87 11.9805
88 11.9805
89 11.9805
90 11.9805
91 11.9805
92 11.9805
93 11.9805
94 11.9805
95 11.9805
96 11.9805
97 11.9805
98 11.9805
99 11.9805
100 11.9805
101 11.9805
102 11.9805
103 11.9805
104 11.9805
105 11.9805
106 11.9805
107 11.9805
108 11.9805
109 11.9805
110 11.9805
111 11.9805
112 11.9805
113 11.9805
114 11.9805
115 11.9805
116 11.9805
117 11.9805
118 11.9805
119 11.9805
120 11.9805
121 11.9805
122 11.9805
123 11.9805
124 11.9805
125 11.9805
126 11.9805
127 11.9805
128 11.9805
129 11.9805
130 11.9805
131 11.9805
132 11.9805
133 11.9805
134 11.9805
135 11.9805
136 11.9805
137 11.9805
138 11.9805
139 11.9805
140 11.9805
141 11.9805
142 11.9805
143 11.9805
144 11.9805
145 11.9805
146 11.9805
147 11.9805
148 11.9805
149 11.9805
150 11.9805
151 11.9805
152 11.9805
153 11.9805
154 11.9805
155 11.9805
156 11.9805
157 11.9805
158 11.9805
159 11.9805
160 11.9805
161 11.9805
162 11.9805
163 11.9805
164 11.9805
165 11.9805
166 11.9805
167 11.9805
168 11.9805
169 11.9805
170 11.9805
171 11.9805
172 11.9805
173 11.9805
174 11.9805
175 11.9805
176 11.9805
177 11.9805
178 11.9805
179 11.9805
180 11.9805
181 11.9805
182 11.9805
183 11.9805
184 11.9805
185 11.9805
186 11.9805
187 11.9805
188 11.9805
189 11.9805
190 11.9805
191 11.9805
192 11.9805
193 11.9805
194 11.9805
195 11.9805
196 11.9805
197 11.9805
198 11.9805
199 11.9805
200 11.9805
201 11.9805
202 11.9805
203 11.9805
204 11.9805
205 11.9805
206 11.9805
207 11.9805
208 11.9805
209 11.9805
210 11.9805
211 11.9805
212 11.9805
213 11.9805
214 11.9805
215 11.9805
216 11.9805
217 11.9805
218 11.9805
219 11.9805
220 11.9805
221 11.9805
222 11.9805
223 11.9805
224 11.9805
225 11.9805
226 11.9805
227 11.9805
228 11.9805
229 11.9805
230 11.9805
231 11.9805
232 11.9805
233 11.9805
234 12
235 11.8209
236 11.2874
237 10.5981
238 9.86539
239 9.1091
240 8.34705
241 7.58994
242 6.84518
243 6.11769
244 5.41059
245 4.72554
246 4.06304
247 3.42266
248 2.80314
249 2.20248
250 1.61804
251 1.04664
252 1.07597
253 1.13047
254 1.17128
255 1.19673
256 1.21112
257 1.23422
258 1.24712
259 1.26681
260 1.27764
261 1.28305
262 1.28554
263 1.28662
264 1.28842
265 1.28914
266 1.29028
267 1.2907
268 1.29083
269 1.29104
270 1.29133
271 1.29172
272 1.29184
273 1.29187
274 1.29191
275 1.29192
276 1.29192
277 1.29189
278 1.29177
279 1.29139
280 1.29111
281 1.29023
282 1.28779
283 1.28612
284 1.28503
285 1.28233
286 1.27636
287 1.26487
288 1.24767
289 1.2385
290 1.32214
291 1.32018
292 1.45704
293 1.46217
294 1.65073
295 1.65857
296 1.61892
297 1.57876
298 1.58807
299 2.33402
300 3.09906
301 3.88121
302 4.67772
303 5.48382
304 6.29064
305 7.08325
306 7.84108
307 8.54351
308 9.17921
309 9.75154
310 10.2734
311 10.756
312 11.1921
313 11.6033
314 11.9126
315 11.9915
316 11.9805
317 11.9805
318 11.9805
319 11.9805
320 11.9805
321 11.9805
322 11.9805
323 11.9805
324 11.9805
325 11.9805
326 11.9805
327 11.9805
328 11.9805
329 11.9805
330 11.9805
331 11.9805
332 11.9805
333 11.9805
334 11.9805
335 11.9805
336 11.9805
337 11.9805
338 11.9805
339 11.9805
340 11.9805
341 11.9805
342 11.9805
343 11.9805
344 11.9805
345 11.9805
346 11.9805
347 11.9805
348 11.9805
349 11.9805
350 11.9805
351 11.9805
352 11.9805
353 11.9805
354 11.9805
355 11.9805
356 11.9805
357 11.9805
358 11.9805
359 11.9805
360 11.9805
361 11.9805
362 11.9805
363 11.9805
364 11.9805
365 11.9805
366 11.9805
367 11.9805
368 11.9805
369 11.9805
370 11.9805
371 11.9805
372 11.9805
373 11.9805
374 11.9805
375 11.9805
376 11.9805
377 11.9805
378 11.9805
379 11.9805
380 11.9805
381 11.9805
382 11.9805
383 11.9805
384 11.9805
385 11.9805
386 11.9805
387 11.9805
388 11.9805
389 11.9805
390 11.9805
391 11.9805
392 11.9805
393 11.9805
394 11.9805
395 11.9805
396 11.9805
397 11.9805
398 11.9805
399 11.9805
400 11.9805
401 11.9805
402 11.9805
403 11.9805
404 11.9805
405 11.9805
406 11.9805
407 11.9805
408 11.9805
409 11.9805
410 11.9805
411 11.9805
412 11.9805
413 11.9805
414 11.9805
415 11.9805
416 11.9805
417 11.9805
418 11.9805
419 11.9805
420 11.9805
421 11.9805
422 11.9805
423 11.9805
424 11.9805
425 11.9805
426 11.9805
427 11.9805
428 11.9805
429 11.9805
430 11.9805
431 11.9805
432 11.9805
433 11.9805
434 11.9805
435 11.9805
436 11.9805
437 11.9805
438 11.9805
439 11.9805
440 11.9805
441 11.9805
442 11.9805
443 11.9805
444 11.9805
445 11.9805
446 11.9805
447 11.9805
448 11.9805
449 11.9805
450 11.9805
451 11.9805
452 11.9805
453 11.9805
454 11.9805
455 11.9805
456 11.9805
457 11.9805
458 11.9805
459 11.9805
460 11.9805
461 11.9805
462 11.9805
463 11.9805
464 11.9805
465 11.9805
466 11.9805
467 11.9805
468 11.9805
469 11.9805
470 11.9805
471 11.9805
472 11.9805
473 11.9805
474 11.9805
475 11.9805
476 11.9805
477 11.9805
478 11.9805
479 11.9805
480 11.9805
481 11.9805
482 11.9805
483 11.9805
484 11.9805
485 11.9805
486 11.9805
487 11.9805
488 11.9805
489 11.9805
490 11.9805
491 11.9805
492 11.9805
493 11.9805
494 11.9805
495 11.9805
496 11.9805
497 11.9805
498 11.9805
499 11.9805
500 11.9805
501 11.9805
502 11.9805
503 11.9805
504 11.9805
505 11.9805
506 11.9805
507 11.9805
508 11.9805
509 11.9805
510 11.9805
511 11.9805
512 11.9805
513 11.9805
514 11.9805
515 11.9805
516 11.9805
517 11.9805
518 11.9805
519 11.9805
520 11.9805
521 11.9805
522 11.9805
523 11.9805
524 11.9805
525 11.9805
526 11.9805
527 11.9805
528 11.9805
529 11.9805
530 11.9805
531 11.9805
532 11.9805
533 11.9805
534 11.9805
535 11.9805
536 11.9805
537 11.9805
538 11.9805
539 11.9805
540 11.9805
541 11.9805
542 11.9805
543 11.9805
544 11.9805
545 11.9805
546 11.9805
547 11.9805
548 11.9805
549 11.9805
550 11.9805
551 11.9805
552 11.9805
