1 11.9954
2 11.9954
3 11.9954
4 11.9954
5 11.9954
6 11.9954
7 11.9954
8 11.9954
9 11.9954
10 11.9954
11 11.9954
12 11.9954
13 11.9954
14 11.9954
15 11.9954
16 11.9954
17 11.9954
18 11.9954
19 11.9954
20 11.9954
21 11.9954
22 11.9954
23 11.9954
24 11.9954
25 11.9954
26 11.9954
27 11.9954
28 11.9954
29 11.9954
30 11.9954
31 11.9954
32 11.9954
33 11.9954
34 11.9954
35 11.9954
36 11.9954
37 11.9954
38 11.9954
39 11.9954
40 11.9954
41 11.9954
42 11.9954
43 11.9954
44 11.9954
45 11.9954
46 11.9954
47 11.9954
48 11.9954
49 11.9954
50 11.9954
51 11.9954
52 11.9954
53 11.9954
54 11.9954
55 11.9954
56 11.9954
57 11.9954
58 11.9954
59 11.9954
60 11.9954
61 11.9954
62 11.9954
63 11.9954
64 11.9954
65 11.9954
66 11.9954
67 11.9954
68 11.9954
69 11.9954
70 11.9954
71 11.9954
72 11.9954
73 11.9954
74 11.9954
75 11.9954
76 11.9954
77 11.9954
78 11.9954
79 11.9954
80 11.9954
81 11.9954
82 11.9954
83 11.9954
84 11.9954
85 11.9954
86 11.9954
87 11.9954
88 11.9954
89 11.9954
90 11.9954
91 11.9954
92 11.9954
93 11.9954
94 11.9954
95 11.9954
96 11.9954
97 11.9954
98 11.9954
99 11.9954
100 11.9954
101 11.9954
102 11.9954
103 11.9954
104 11.9954
105 11.9954
106 11.9954
107 11.9954
108 11.9954
109 11.9954
110 11.9954
111 11.9954
112 11.9954
113 11.9954
114 11.9954
115 11.9954
116 11.9954
117 11.9954
118 11.9954
119 11.9954
120 11.9954
121 11.9954
122 11.9954
123 11.9954
124 11.9954
125 11.9954
126 11.9954
127 11.9954
128 11.9954
129 11.9954
130 11.9954
131 11.9954
132 11.9954
133 11.9954
134 11.9954
135 11.9954
136 11.9954
137 11.9954
138 11.9954
139 11.9954
140 11.9954
141 11.9954
142 11.9954
143 11.9954
144 11.9954
145 11.9954
146 11.9954
147 11.9954
148 11.9954
149 11.9954
150 11.9954
151 11.9954
152 11.9954
153 11.9954
154 11.9954
155 11.9954
156 11.9954
157 11.9954
158 11.9954
159 11.9954
160 11.9954
161 11.9954
162 11.9954
163 11.9954
164 11.9954
165 11.9954
166 11.9954
167 11.9954
168 11.9954
169 11.9954
170 11.9954
171 11.9954
172 11.9954
173 11.9954
174 11.9954
175 11.9954
176 11.9954
177 11.9954
178 11.9954
179 11.9954
180 11.9954
181 11.9954
182 11.9954
183 11.9954
184 11.9954
185 11.9954
186 11.9954
187 11.9954
188 11.9954
189 11.9954
190 11.9954
191 11.9954
192 11.9954
193 11.9954
194 11.9954
195 11.9954
196 11.9954
197 11.9954
198 11.9954
199 11.9954
200 11.9954
201 11.9954
202 11.9954
203 11.9954
204 11.9954
205 11.9954
206 11.9954
207 11.9954
208 11.9954
209 11.9954
210 11.9954
211 11.9954
212 11.9954
213 11.9954
214 11.9954
215 11.9954
216 11.9954
217 11.9954
218 11.9954
219 11.9954
220 11.9954
221 11.9954
222 11.9954
223 11.9954
224 11.9954
225 11.9954
226 11.9954
227 11.9954
228 11.9954
229 11.9954
230 11.9954
231 11.9954
232 11.9954
233 12
234 11.9144
235 11.526
236 10.947
237 10.3551
238 9.76701
239 9.18594
240 8.62085
241 8.06325
242 7.50119
243 6.91591
244 6.28769
245 5.60564
246 4.87521
247 4.11502
248 3.34559
249 2.58028
250 1.82284
251 1.0699
252 1.06129
253 1.10211
254 1.14506
255 1.18122
256 1.20936
257 1.2207
258 1.24095
259 1.1893
260 1.19007
261 1.20438
262 1.21952
263 1.2314
264 1.24566
265 1.25842
266 1.27035
267 1.28288
268 1.28992
269 1.30147
270 1.30629
271 1.26357
272 1.2655
273 1.27191
274 1.2705
275 1.27482
276 1.27589
277 1.27409
278 1.27584
279 1.30008
280 1.29686
281 1.30296
282 1.34179
283 1.33573
284 1.32729
285 1.31602
286 1.30281
287 1.29038
288 1.28654
289 1.31567
290 1.48121
291 1.46375
292 1.51752
293 1.47154
294 1.48086
295 1.42179
296 1.37025
297 1.3056
298 1.27017
299 1.86982
300 2.49982
301 3.15967
302 3.84849
303 4.5649
304 5.30655
305 6.06947
306 6.84739
307 7.63159
308 8.41125
309 9.17627
310 9.9171
311 10.6306
312 11.2885
313 11.7804
314 11.9778
315 11.9954
316 11.9954
317 11.9954
318 11.9954
319 11.9954
320 11.9954
321 11.9954
322 11.9954
323 11.9954
324 11.9954
325 11.9954
326 11.9954
327 11.9954
328 11.9954
329 11.9954
330 11.9954
331 11.9954
332 11.9954
333 11.9954
334 11.9954
335 11.9954
336 11.9954
337 11.9954
338 11.9954
339 11.9954
340 11.9954
341 11.9954
342 11.9954
343 11.9954
344 11.9954
345 11.9954
346 11.9954
347 11.9954
348 11.9954
349 11.9954
350 11.9954
351 11.9954
352 11.9954
353 11.9954
354 11.9954
355 11.9954
356 11.9954
357 11.9954
358 11.9954
359 11.9954
360 11.9954
361 11.9954
362 11.9954
363 11.9954
364 11.9954
365 11.9954
366 11.9954
367 11.9954
368 11.9954
369 11.9954
370 11.9954
371 11.9954
372 11.9954
373 11.9954
374 11.9954
375 11.9954
376 11.9954
377 11.9954
378 11.9954
379 11.9954
380 11.9954
381 11.9954
382 11.9954
383 11.9954
384 11.9954
385 11.9954
386 11.9954
387 11.9954
388 11.9954
389 11.9954
390 11.9954
391 11.9954
392 11.9954
393 11.9954
394 11.9954
395 11.9954
396 11.9954
397 11.9954
398 11.9954
399 11.9954
400 11.9954
401 11.9954
402 11.9954
403 11.9954
404 11.9954
405 11.9954
406 11.9954
407 11.9954
408 11.9954
409 11.9954
410 11.9954
411 11.9954
412 11.9954
413 11.9954
414 11.9954
415 11.9954
416 11.9954
417 11.9954
418 11.9954
419 11.9954
420 11.9954
421 11.9954
422 11.9954
423 11.9954
424 11.9954
425 11.9954
426 11.9954
427 11.9954
428 11.9954
429 11.9954
430 11.9954
431 11.9954
432 11.9954
433 11.9954
434 11.9954
435 11.9954
436 11.9954
437 11.9954
438 11.9954
439 11.9954
440 11.9954
441 11.9954
442 11.9954
443 11.9954
444 11.9954
445 11.9954
446 11.9954
447 11.9954
448 11.9954
449 11.9954
450 11.9954
451 11.9954
452 11.9954
453 11.9954
454 11.9954
455 11.9954
456 11.9954
457 11.9954
458 11.9954
459 11.9954
460 11.9954
461 11.9954
462 11.9954
463 11.9954
464 11.9954
465 11.9954
466 11.9954
467 11.9954
468 11.9954
469 11.9954
470 11.9954
471 11.9954
472 11.9954
473 11.9954
474 11.9954
475 11.9954
476 11.9954
477 11.9954
478 11.9954
479 11.9954
480 11.9954
481 11.9954
482 11.9954
483 11.9954
484 11.9954
485 11.9954
486 11.9954
487 11.9954
488 11.9954
489 11.9954
490 11.9954
491 11.9954
492 11.9954
493 11.9954
494 11.9954
495 11.9954
496 11.9954
497 11.9954
498 11.9954
499 11.9954
500 11.9954
501 11.9954
502 11.9954
503 11.9954
504 11.9954
505 11.9954
506 11.9954
507 11.9954
508 11.9954
509 11.9954
510 11.9954
511 11.9954
512 11.9954
513 11.9954
514 11.9954
515 11.9954
516 11.9954
517 11.9954
518 11.9954
519 11.9954
520 11.9954
521 11.9954
522 11.9954
523 11.9954
524 11.9954
525 11.9954
526 11.9954
527 11.9954
528 11.9954
529 11.9954
530 11.9954
531 11.9954
532 11.9954
533 11.9954
534 11.9954
535 11.9954
536 11.9954
537 11.9954
538 11.9954
539 11.9954
540 11.9954
541 11.9954
542 11.9954
543 11.9954
544 11.9954
545 11.9954
546 11.9954
547 11.9954
548 11.9954
549 11.9954
550 11.9954
551 11.9954
552 11.9954
