1 11.9887
2 11.9887
3 11.9887
4 11.9887
5 11.9887
6 11.9887
7 11.9887
8 11.9887
9 11.9887
10 11.9887
11 11.9887
12 11.9887
13 11.9887
14 11.9887
15 11.9887
16 11.9887
17 11.9887
18 11.9887
19 11.9887
20 11.9887
21 11.9887
22 11.9887
23 11.9887
24 11.9887
25 11.9887
26 11.9887
27 11.9887
28 11.9887
29 11.9887
30 11.9887
31 11.9887
32 11.9887
33 11.9887
34 11.9887
35 11.9887
36 11.9887
37 11.9887
38 11.9887
39 11.9887
40 11.9887
41 11.9887
42 11.9887
43 11.9887
44 11.9887
45 11.9887
46 11.9887
47 11.9887
48 11.9887
49 11.9887
50 11.9887
51 11.9887
52 11.9887
53 11.9887
54 11.9887
55 11.9887
56 11.9887
57 11.9887
58 11.9887
59 11.9887
60 11.9887
61 11.9887
62 11.9887
63 11.9887
64 11.9887
65 11.9887
66 11.9887
67 11.9887
68 11.9887
69 11.9887
70 11.9887
71 11.9887
72 11.9887
73 11.9887
74 11.9887
75 11.9887
76 11.9887
77 11.9887
78 11.9887
79 11.9887
80 11.9887
81 11.9887
82 11.9887
83 11.9887
84 11.9887
85 11.9887
86 11.9887
87 11.9887
88 11.9887
89 11.9887
90 11.9887
91 11.9887
92 11.9887
93 11.9887
94 11.9887
95 11.9887
96 11.9887
97 11.9887
98 11.9887
99 11.9887
100 11.9887
101 11.9887
102 11.9887
103 11.9887
104 11.9887
105 11.9887
106 11.9887
107 11.9887
108 11.9887
109 11.9887
110 11.9887
111 11.9887
112 11.9887
113 11.9887
114 11.9887
115 11.9887
116 11.9887
117 11.9887
118 11.9887
119 11.9887
120 11.9887
121 11.9887
122 11.9887
123 11.9887
124 11.9887
125 11.9887
126 11.9887
127 11.9887
128 11.9887
129 11.9887
130 11.9887
131 11.9887
132 11.9887
133 11.9887
134 11.9887
135 11.9887
136 11.9887
137 11.9887
138 11.9887
139 11.9887
140 11.9887
141 11.9887
142 11.9887
143 11.9887
144 11.9887
145 11.9887
146 11.9887
147 11.9887
148 11.9887
149 11.9887
150 11.9887
151 11.9887
152 11.9887
153 11.9887
154 11.9887
155 11.9887
156 11.9887
157 11.9887
158 11.9887
159 11.9887
160 11.9887
161 11.9887
162 11.9887
163 11.9887
164 11.9887
165 11.9887
166 11.9887
167 11.9887
168 11.9887
169 11.9887
170 11.9887
171 11.9887
172 11.9887
173 11.9887
174 11.9887
175 11.9887
176 11.9887
177 11.9887
178 11.9887
179 11.9887
180 11.9887
181 11.9887
182 11.9887
183 11.9887
184 11.9887
185 11.9887
186 11.9887
187 11.9887
188 11.9887
189 11.9887
190 11.9887
191 11.9887
192 11.9887
193 11.9887
194 11.9887
195 11.9887
196 11.9887
197 11.9887
198 11.9887
199 11.9887
200 11.9887
201 11.9887
202 11.9887
203 11.9887
204 11.9887
205 11.9887
206 11.9887
207 11.9887
208 11.9887
209 11.9887
210 11.9887
211 11.9887
212 11.9887
213 11.9887
214 11.9887
215 11.9887
216 11.9887
217 11.9887
218 11.9887
219 11.9887
220 11.9887
221 11.9887
222 11.9887
223 11.9887
224 11.9887
225 11.9887
226 11.9887
227 12
228 11.9892
229 11.7744
230 11.3318
231 10.7875
232 10.2205
233 9.65822
234 9.10059
235 8.54707
236 7.99682
237 7.45009
238 6.9078
239 6.37189
240 5.84506
241 5.33042
242 4.83125
243 4.35065
244 3.89138
245 3.45575
246 3.04556
247 2.66216
248 2.30649
249 1.97917
250 1.68047
251 1.41043
252 1.44912
253 1.4793
254 1.49224
255 1.49676
256 1.49815
257 1.49983
258 1.50029
259 1.50082
260 1.50095
261 1.50098
262 1.50099
263 1.50099
264 1.50099
265 1.50099
266 1.50099
267 1.50099
268 1.50099
269 1.50099
270 1.50099
271 1.50099
272 1.50099
273 1.50099
274 1.50099
275 1.50099
276 1.50099
277 1.50099
278 1.50099
279 1.50099
280 1.50099
281 1.50099
282 1.50099
283 1.50099
284 1.50099
285 1.50099
286 1.50098
287 1.50095
288 1.5008
289 1.50016
290 1.49768
291 1.49545
292 1.48772
293 1.48103
294 1.46156
295 1.44512
296 1.43171
297 1.40021
298 1.35799
299 1.61755
300 1.90424
301 2.21809
302 2.55902
303 2.92684
304 3.32131
305 3.74216
306 4.18907
307 4.6617
308 5.15969
309 5.68266
310 6.23019
311 6.8018
312 7.39699
313 8.01509
314 8.65517
315 9.31645
316 9.99925
317 10.6961
318 11.3621
319 11.8416
320 11.9922
321 11.9887
322 11.9887
323 11.9887
324 11.9887
325 11.9887
326 11.9887
327 11.9887
328 11.9887
329 11.9887
330 11.9887
331 11.9887
332 11.9887
333 11.9887
334 11.9887
335 11.9887
336 11.9887
337 11.9887
338 11.9887
339 11.9887
340 11.9887
341 11.9887
342 11.9887
343 11.9887
344 11.9887
345 11.9887
346 11.9887
347 11.9887
348 11.9887
349 11.9887
350 11.9887
351 11.9887
352 11.9887
353 11.9887
354 11.9887
355 11.9887
356 11.9887
357 11.9887
358 11.9887
359 11.9887
360 11.9887
361 11.9887
362 11.9887
363 11.9887
364 11.9887
365 11.9887
366 11.9887
367 11.9887
368 11.9887
369 11.9887
370 11.9887
371 11.9887
372 11.9887
373 11.9887
374 11.9887
375 11.9887
376 11.9887
377 11.9887
378 11.9887
379 11.9887
380 11.9887
381 11.9887
382 11.9887
383 11.9887
384 11.9887
385 11.9887
386 11.9887
387 11.9887
388 11.9887
389 11.9887
390 11.9887
391 11.9887
392 11.9887
393 11.9887
394 11.9887
395 11.9887
396 11.9887
397 11.9887
398 11.9887
399 11.9887
400 11.9887
401 11.9887
402 11.9887
403 11.9887
404 11.9887
405 11.9887
406 11.9887
407 11.9887
408 11.9887
409 11.9887
410 11.9887
411 11.9887
412 11.9887
413 11.9887
414 11.9887
415 11.9887
416 11.9887
417 11.9887
418 11.9887
419 11.9887
420 11.9887
421 11.9887
422 11.9887
423 11.9887
424 11.9887
425 11.9887
426 11.9887
427 11.9887
428 11.9887
429 11.9887
430 11.9887
431 11.9887
432 11.9887
433 11.9887
434 11.9887
435 11.9887
436 11.9887
437 11.9887
438 11.9887
439 11.9887
440 11.9887
441 11.9887
442 11.9887
443 11.9887
444 11.9887
445 11.9887
446 11.9887
447 11.9887
448 11.9887
449 11.9887
450 11.9887
451 11.9887
452 11.9887
453 11.9887
454 11.9887
455 11.9887
456 11.9887
457 11.9887
458 11.9887
459 11.9887
460 11.9887
461 11.9887
462 11.9887
463 11.9887
464 11.9887
465 11.9887
466 11.9887
467 11.9887
468 11.9887
469 11.9887
470 11.9887
471 11.9887
472 11.9887
473 11.9887
474 11.9887
475 11.9887
476 11.9887
477 11.9887
478 11.9887
479 11.9887
480 11.9887
481 11.9887
482 11.9887
483 11.9887
484 11.9887
485 11.9887
486 11.9887
487 11.9887
488 11.9887
489 11.9887
490 11.9887
491 11.9887
492 11.9887
493 11.9887
494 11.9887
495 11.9887
496 11.9887
497 11.9887
498 11.9887
499 11.9887
500 11.9887
501 11.9887
502 11.9887
503 11.9887
504 11.9887
505 11.9887
506 11.9887
507 11.9887
508 11.9887
509 11.9887
510 11.9887
511 11.9887
512 11.9887
513 11.9887
514 11.9887
515 11.9887
516 11.9887
517 11.9887
518 11.9887
519 11.9887
520 11.9887
521 11.9887
522 11.9887
523 11.9887
524 11.9887
525 11.9887
526 11.9887
527 11.9887
528 11.9887
529 11.9887
530 11.9887
531 11.9887
532 11.9887
533 11.9887
534 11.9887
535 11.9887
536 11.9887
537 11.9887
538 11.9887
539 11.9887
540 11.9887
541 11.9887
542 11.9887
543 11.9887
544 11.9887
545 11.9887
546 11.9887
547 11.9887
548 11.9887
549 11.9887
550 11.9887
551 11.9887
552 11.9887
