1 11.982
2 11.982
3 11.982
4 11.982
5 11.982
6 11.982
7 11.982
8 11.982
9 11.982
10 11.982
11 11.982
12 11.982
13 11.982
14 11.982
15 11.982
16 11.982
17 11.982
18 11.982
19 11.982
20 11.982
21 11.982
22 11.982
23 11.982
24 11.982
25 11.982
26 11.982
27 11.982
28 11.982
29 11.982
30 11.982
31 11.982
32 11.982
33 11.982
34 11.982
35 11.982
36 11.982
37 11.982
38 11.982
39 11.982
40 11.982
41 11.982
42 11.982
43 11.982
44 11.982
45 11.982
46 11.982
47 11.982
48 11.982
49 11.982
50 11.982
51 11.982
52 11.982
53 11.982
54 11.982
55 11.982
56 11.982
57 11.982
58 11.982
59 11.982
60 11.982
61 11.982
62 11.982
63 11.982
64 11.982
65 11.982
66 11.982
67 11.982
68 11.982
69 11.982
70 11.982
71 11.982
72 11.982
73 11.982
74 11.982
75 11.982
76 11.982
77 11.982
78 11.982
79 11.982
80 11.982
81 11.982
82 11.982
83 11.982
84 11.982
85 11.982
86 11.982
87 11.982
88 11.982
89 11.982
90 11.982
91 11.982
92 11.982
93 11.982
94 11.982
95 11.982
96 11.982
97 11.982
98 11.982
99 11.982
100 11.982
101 11.982
102 11.982
103 11.982
104 11.982
105 11.982
106 11.982
107 11.982
108 11.982
109 11.982
110 11.982
111 11.982
112 11.982
113 11.982
114 11.982
115 11.982
116 11.982
117 11.982
118 11.982
119 11.982
120 11.982
121 11.982
122 11.982
123 11.982
124 11.982
125 11.982
126 11.982
127 11.982
128 11.982
129 11.982
130 11.982
131 11.982
132 11.982
133 11.982
134 11.982
135 11.982
136 11.982
137 11.982
138 11.982
139 11.982
140 11.982
141 11.982
142 11.982
143 11.982
144 11.982
145 11.982
146 11.982
147 11.982
148 11.982
149 11.982
150 11.982
151 11.982
152 11.982
153 11.982
154 11.982
155 11.982
156 11.982
157 11.982
158 11.982
159 11.982
160 11.982
161 11.982
162 11.982
163 11.982
164 11.982
165 11.982
166 11.982
167 11.982
168 11.982
169 11.982
170 11.982
171 11.982
172 11.982
173 11.982
174 11.982
175 11.982
176 11.982
177 11.982
178 11.982
179 11.982
180 11.982
181 11.982
182 11.982
183 11.982
184 11.982
185 11.982
186 11.982
187 11.982
188 11.982
189 11.982
190 11.982
191 11.982
192 11.982
193 11.982
194 11.982
195 11.982
196 11.982
197 11.982
198 11.982
199 11.982
200 11.982
201 11.982
202 11.982
203 11.982
204 11.982
205 11.982
206 11.982
207 11.982
208 11.982
209 11.982
210 11.982
211 11.982
212 11.982
213 11.982
214 11.982
215 11.982
216 11.982
217 11.982
218 11.982
219 11.982
220 11.982
221 11.982
222 11.982
223 11.982
224 11.982
225 11.982
226 11.982
227 11.982
228 11.982
229 11.982
230 11.982
231 11.982
232 11.982
233 11.982
234 11.982
235 11.982
236 11.8331
237 11.4146
238 10.8486
239 10.1811
240 9.46027
241 8.71887
242 7.9645
243 7.20067
244 6.42921
245 5.65307
246 4.87711
247 4.10737
248 3.34989
249 2.60975
250 1.89062
251 1.19473
252 1.2052
253 1.25815
254 1.30586
255 1.3406
256 1.36334
257 1.39941
258 1.4233
259 1.45769
260 1.48081
261 1.4945
262 1.50199
263 1.50585
264 1.51286
265 1.51635
266 1.52243
267 1.52535
268 1.52664
269 1.52885
270 1.53241
271 1.53779
272 1.54006
273 1.54088
274 1.54211
275 1.54244
276 1.54228
277 1.54148
278 1.53931
279 1.53426
280 1.53098
281 1.52418
282 1.51231
283 1.50413
284 1.49919
285 1.49039
286 1.47658
287 1.45918
288 1.44879
289 1.48899
290 1.8031
291 1.85955
292 2.24087
293 2.31313
294 2.76318
295 2.85598
296 2.82544
297 2.80287
298 2.83838
299 3.62465
300 4.3673
301 5.04718
302 5.65947
303 6.21739
304 6.74492
305 7.2657
306 7.79641
307 8.34554
308 8.91463
309 9.49717
310 10.0862
311 10.6605
312 11.2306
313 11.7585
314 12
315 11.982
316 11.982
317 11.982
318 11.982
319 11.982
320 11.982
321 11.982
322 11.982
323 11.982
324 11.982
325 11.982
326 11.982
327 11.982
328 11.982
329 11.982
330 11.982
331 11.982
332 11.982
333 11.982
334 11.982
335 11.982
336 11.982
337 11.982
338 11.982
339 11.982
340 11.982
341 11.982
342 11.982
343 11.982
344 11.982
345 11.982
346 11.982
347 11.982
348 11.982
349 11.982
350 11.982
351 11.982
352 11.982
353 11.982
354 11.982
355 11.982
356 11.982
357 11.982
358 11.982
359 11.982
360 11.982
361 11.982
362 11.982
363 11.982
364 11.982
365 11.982
366 11.982
367 11.982
368 11.982
369 11.982
370 11.982
371 11.982
372 11.982
373 11.982
374 11.982
375 11.982
376 11.982
377 11.982
378 11.982
379 11.982
380 11.982
381 11.982
382 11.982
383 11.982
384 11.982
385 11.982
386 11.982
387 11.982
388 11.982
389 11.982
390 11.982
391 11.982
392 11.982
393 11.982
394 11.982
395 11.982
396 11.982
397 11.982
398 11.982
399 11.982
400 11.982
401 11.982
402 11.982
403 11.982
404 11.982
405 11.982
406 11.982
407 11.982
408 11.982
409 11.982
410 11.982
411 11.982
412 11.982
413 11.982
414 11.982
415 11.982
416 11.982
417 11.982
418 11.982
419 11.982
420 11.982
421 11.982
422 11.982
423 11.982
424 11.982
425 11.982
426 11.982
427 11.982
428 11.982
429 11.982
430 11.982
431 11.982
432 11.982
433 11.982
434 11.982
435 11.982
436 11.982
437 11.982
438 11.982
439 11.982
440 11.982
441 11.982
442 11.982
443 11.982
444 11.982
445 11.982
446 11.982
447 11.982
448 11.982
449 11.982
450 11.982
451 11.982
452 11.982
453 11.982
454 11.982
455 11.982
456 11.982
457 11.982
458 11.982
459 11.982
460 11.982
461 11.982
462 11.982
463 11.982
464 11.982
465 11.982
466 11.982
467 11.982
468 11.982
469 11.982
470 11.982
471 11.982
472 11.982
473 11.982
474 11.982
475 11.982
476 11.982
477 11.982
478 11.982
479 11.982
480 11.982
481 11.982
482 11.982
483 11.982
484 11.982
485 11.982
486 11.982
487 11.982
488 11.982
489 11.982
490 11.982
491 11.982
492 11.982
493 11.982
494 11.982
495 11.982
496 11.982
497 11.982
498 11.982
499 11.982
500 11.982
501 11.982
502 11.982
503 11.982
504 11.982
505 11.982
506 11.982
507 11.982
508 11.982
509 11.982
510 11.982
511 11.982
512 11.982
513 11.982
514 11.982
515 11.982
516 11.982
517 11.982
518 11.982
519 11.982
520 11.982
521 11.982
522 11.982
523 11.982
524 11.982
525 11.982
526 11.982
527 11.982
528 11.982
529 11.982
530 11.982
531 11.982
532 11.982
533 11.982
534 11.982
535 11.982
536 11.982
537 11.982
538 11.982
539 11.982
540 11.982
541 11.982
542 11.982
543 11.982
544 11.982
545 11.982
546 11.982
547 11.982
548 11.982
549 11.982
550 11.982
551 11.982
552 11.982
