1 11.973
2 11.973
3 11.973
4 11.973
5 11.973
6 11.973
7 11.973
8 11.973
9 11.973
10 11.973
11 11.973
12 11.973
13 11.973
14 11.973
15 11.973
16 11.973
17 11.973
18 11.973
19 11.973
20 11.973
21 11.973
22 11.973
23 11.973
24 11.973
25 11.973
26 11.973
27 11.973
28 11.973
29 11.973
30 11.973
31 11.973
32 11.973
33 11.973
34 11.973
35 11.973
36 11.973
37 11.973
38 11.973
39 11.973
40 11.973
41 11.973
42 11.973
43 11.973
44 11.973
45 11.973
46 11.973
47 11.973
48 11.973
49 11.973
50 11.973
51 11.973
52 11.973
53 11.973
54 11.973
55 11.973
56 11.973
57 11.973
58 11.973
59 11.973
60 11.973
61 11.973
62 11.973
63 11.973
64 11.973
65 11.973
66 11.973
67 11.973
68 11.973
69 11.973
70 11.973
71 11.973
72 11.973
73 11.973
74 11.973
75 11.973
76 11.973
77 11.973
78 11.973
79 11.973
80 11.973
81 11.973
82 11.973
83 11.973
84 11.973
85 11.973
86 11.973
87 11.973
88 11.973
89 11.973
90 11.973
91 11.973
92 11.973
93 11.973
94 11.973
95 11.973
96 11.973
97 11.973
98 11.973
99 11.973
100 11.973
101 11.973
102 11.973
103 11.973
104 11.973
105 11.973
106 11.973
107 11.973
108 11.973
109 11.973
110 11.973
111 11.973
112 11.973
113 11.973
114 11.973
115 11.973
116 11.973
117 11.973
118 11.973
119 11.973
120 11.973
121 11.973
122 11.973
123 11.973
124 11.973
125 11.973
126 11.973
127 11.973
128 11.973
129 11.973
130 11.973
131 11.973
132 11.973
133 11.973
134 11.973
135 11.973
136 11.973
137 11.973
138 11.973
139 11.973
140 11.973
141 11.973
142 11.973
143 11.973
144 11.973
145 11.973
146 11.973
147 11.973
148 11.973
149 11.973
150 11.973
151 11.973
152 11.973
153 11.973
154 11.973
155 11.973
156 11.973
157 11.973
158 11.973
159 11.973
160 11.973
161 11.973
162 11.973
163 11.973
164 11.973
165 11.973
166 11.973
167 11.973
168 11.973
169 11.973
170 11.973
171 11.973
172 11.973
173 11.973
174 11.973
175 11.973
176 11.973
177 11.973
178 11.973
179 11.973
180 11.973
181 11.973
182 11.973
183 11.973
184 11.973
185 11.973
186 11.973
187 11.973
188 11.973
189 11.973
190 11.973
191 11.973
192 11.973
193 11.973
194 11.973
195 11.973
196 11.973
197 11.973
198 11.973
199 11.973
200 11.973
201 11.973
202 11.973
203 11.973
204 11.973
205 11.973
206 11.973
207 11.973
208 11.973
209 11.973
210 11.973
211 11.973
212 11.973
213 11.973
214 11.973
215 11.973
216 11.973
217 11.973
218 11.973
219 11.973
220 11.973
221 11.973
222 11.973
223 11.973
224 11.973
225 11.973
226 11.973
227 11.973
228 11.973
229 11.973
230 11.973
231 11.973
232 11.973
233 11.9352
234 11.6094
235 11.0402
236 10.399
237 9.71508
238 9.02161
239 8.33686
240 7.66803
241 7.01828
242 6.38813
243 5.77663
244 5.18191
245 4.60147
246 4.03235
247 3.47146
248 2.91591
249 2.36353
250 1.81327
251 1.26557
252 1.28496
253 1.32871
254 1.35975
255 1.37755
256 1.38664
257 1.40073
258 1.40757
259 1.41798
260 1.42267
261 1.42459
262 1.4253
263 1.42555
264 1.42591
265 1.42602
266 1.42618
267 1.42622
268 1.42623
269 1.42624
270 1.42626
271 1.42628
272 1.42629
273 1.42629
274 1.42629
275 1.42629
276 1.42629
277 1.42629
278 1.42629
279 1.42627
280 1.42625
281 1.42618
282 1.42593
283 1.42574
284 1.42558
285 1.42509
286 1.42361
287 1.41958
288 1.40998
289 1.39143
290 1.37168
291 1.34776
292 1.33893
293 1.31021
294 1.3188
295 1.28272
296 1.24475
297 1.19482
298 1.1755
299 1.79044
300 2.43088
301 3.09589
302 3.78446
303 4.49541
304 5.22745
305 5.97912
306 6.74866
307 7.53338
308 8.32834
309 9.12397
310 9.90186
311 10.6313
312 11.2675
313 11.7485
314 11.9564
315 12
316 11.973
317 11.973
318 11.973
319 11.973
320 11.973
321 11.973
322 11.973
323 11.973
324 11.973
325 11.973
326 11.973
327 11.973
328 11.973
329 11.973
330 11.973
331 11.973
332 11.973
333 11.973
334 11.973
335 11.973
336 11.973
337 11.973
338 11.973
339 11.973
340 11.973
341 11.973
342 11.973
343 11.973
344 11.973
345 11.973
346 11.973
347 11.973
348 11.973
349 11.973
350 11.973
351 11.973
352 11.973
353 11.973
354 11.973
355 11.973
356 11.973
357 11.973
358 11.973
359 11.973
360 11.973
361 11.973
362 11.973
363 11.973
364 11.973
365 11.973
366 11.973
367 11.973
368 11.973
369 11.973
370 11.973
371 11.973
372 11.973
373 11.973
374 11.973
375 11.973
376 11.973
377 11.973
378 11.973
379 11.973
380 11.973
381 11.973
382 11.973
383 11.973
384 11.973
385 11.973
386 11.973
387 11.973
388 11.973
389 11.973
390 11.973
391 11.973
392 11.973
393 11.973
394 11.973
395 11.973
396 11.973
397 11.973
398 11.973
399 11.973
400 11.973
401 11.973
402 11.973
403 11.973
404 11.973
405 11.973
406 11.973
407 11.973
408 11.973
409 11.973
410 11.973
411 11.973
412 11.973
413 11.973
414 11.973
415 11.973
416 11.973
417 11.973
418 11.973
419 11.973
420 11.973
421 11.973
422 11.973
423 11.973
424 11.973
425 11.973
426 11.973
427 11.973
428 11.973
429 11.973
430 11.973
431 11.973
432 11.973
433 11.973
434 11.973
435 11.973
436 11.973
437 11.973
438 11.973
439 11.973
440 11.973
441 11.973
442 11.973
443 11.973
444 11.973
445 11.973
446 11.973
447 11.973
448 11.973
449 11.973
450 11.973
451 11.973
452 11.973
453 11.973
454 11.973
455 11.973
456 11.973
457 11.973
458 11.973
459 11.973
460 11.973
461 11.973
462 11.973
463 11.973
464 11.973
465 11.973
466 11.973
467 11.973
468 11.973
469 11.973
470 11.973
471 11.973
472 11.973
473 11.973
474 11.973
475 11.973
476 11.973
477 11.973
478 11.973
479 11.973
480 11.973
481 11.973
482 11.973
483 11.973
484 11.973
485 11.973
486 11.973
487 11.973
488 11.973
489 11.973
490 11.973
491 11.973
492 11.973
493 11.973
494 11.973
495 11.973
496 11.973
497 11.973
498 11.973
499 11.973
500 11.973
501 11.973
502 11.973
503 11.973
504 11.973
505 11.973
506 11.973
507 11.973
508 11.973
509 11.973
510 11.973
511 11.973
512 11.973
513 11.973
514 11.973
515 11.973
516 11.973
517 11.973
518 11.973
519 11.973
520 11.973
521 11.973
522 11.973
523 11.973
524 11.973
525 11.973
526 11.973
527 11.973
528 11.973
529 11.973
530 11.973
531 11.973
532 11.973
533 11.973
534 11.973
535 11.973
536 11.973
537 11.973
538 11.973
539 11.973
540 11.973
541 11.973
542 11.973
543 11.973
544 11.973
545 11.973
546 11.973
547 11.973
548 11.973
549 11.973
550 11.973
551 11.973
552 11.973
