1 11.9507
2 11.9507
3 11.9507
4 11.9507
5 11.9507
6 11.9507
7 11.9507
8 11.9507
9 11.9507
10 11.9507
11 11.9507
12 11.9507
13 11.9507
14 11.9507
15 11.9507
16 11.9507
17 11.9507
18 11.9507
19 11.9507
20 11.9507
21 11.9507
22 11.9507
23 11.9507
24 11.9507
25 11.9507
26 11.9507
27 11.9507
28 11.9507
29 11.9507
30 11.9507
31 11.9507
32 11.9507
33 11.9507
34 11.9507
35 11.9507
36 11.9507
37 11.9507
38 11.9507
39 11.9507
40 11.9507
41 11.9507
42 11.9507
43 11.9507
44 11.9507
45 11.9507
46 11.9507
47 11.9507
48 11.9507
49 11.9507
50 11.9507
51 11.9507
52 11.9507
53 11.9507
54 11.9507
55 11.9507
56 11.9507
57 11.9507
58 11.9507
59 11.9507
60 11.9507
61 11.9507
62 11.9507
63 11.9507
64 11.9507
65 11.9507
66 11.9507
67 11.9507
68 11.9507
69 11.9507
70 11.9507
71 11.9507
72 11.9507
73 11.9507
74 11.9507
75 11.9507
76 11.9507
77 11.9507
78 11.9507
79 11.9507
80 11.9507
81 11.9507
82 11.9507
83 11.9507
84 11.9507
85 11.9507
86 11.9507
87 11.9507
88 11.9507
89 11.9507
90 11.9507
91 11.9507
92 11.9507
93 11.9507
94 11.9507
95 11.9507
96 11.9507
97 11.9507
98 11.9507
99 11.9507
100 11.9507
101 11.9507
102 11.9507
103 11.9507
104 11.9507
105 11.9507
106 11.9507
107 11.9507
108 11.9507
109 11.9507
110 11.9507
111 11.9507
112 11.9507
113 11.9507
114 11.9507
115 11.9507
116 11.9507
117 11.9507
118 11.9507
119 11.9507
120 11.9507
121 11.9507
122 11.9507
123 11.9507
124 11.9507
125 11.9507
126 11.9507
127 11.9507
128 11.9507
129 11.9507
130 11.9507
131 11.9507
132 11.9507
133 11.9507
134 11.9507
135 11.9507
136 11.9507
137 11.9507
138 11.9507
139 11.9507
140 11.9507
141 11.9507
142 11.9507
143 11.9507
144 11.9507
145 11.9507
146 11.9507
147 11.9507
148 11.9507
149 11.9507
150 11.9507
151 11.9507
152 11.9507
153 11.9507
154 11.9507
155 11.9507
156 11.9507
157 11.9507
158 11.9507
159 11.9507
160 11.9507
161 11.9507
162 11.9507
163 11.9507
164 11.9507
165 11.9507
166 11.9507
167 11.9507
168 11.9507
169 11.9507
170 11.9507
171 11.9507
172 11.9507
173 11.9507
174 11.9507
175 11.9507
176 11.9507
177 11.9507
178 11.9507
179 11.9507
180 11.9507
181 11.9507
182 11.9507
183 11.9507
184 11.9507
185 11.9507
186 11.9507
187 11.9507
188 11.9507
189 11.9507
190 11.9507
191 11.9507
192 11.9507
193 11.9507
194 11.9507
195 11.9507
196 11.9507
197 11.9507
198 11.9507
199 11.9507
200 11.9507
201 11.9507
202 11.9507
203 11.9507
204 11.9507
205 11.9507
206 11.9507
207 11.9507
208 11.9507
209 11.9507
210 11.9507
211 11.9507
212 11.9507
213 11.9507
214 11.9507
215 11.9507
216 11.9507
217 11.9507
218 11.9507
219 11.9507
220 11.9507
221 11.9507
222 11.9507
223 11.9507
224 11.9507
225 11.9507
226 11.9507
227 11.9507
228 11.9507
229 11.9507
230 11.9507
231 11.9507
232 11.9507
233 11.9507
234 12
235 11.7928
236 11.401
237 10.9956
238 10.5094
239 9.97924
240 9.38372
241 8.72408
242 8.00929
243 7.25876
244 6.4931
245 5.72721
246 4.96681
247 4.21038
248 3.45281
249 2.6891
250 1.91702
251 1.13824
252 1.11797
253 1.15195
254 1.19119
255 1.2252
256 1.25158
257 1.27361
258 1.29851
259 1.29713
260 1.31699
261 1.3367
262 1.35122
263 1.36054
264 1.3763
265 1.38628
266 1.40205
267 1.41187
268 1.4171
269 1.42609
270 1.43849
271 1.44832
272 1.45804
273 1.46337
274 1.47107
275 1.47453
276 1.474
277 1.46986
278 1.463
279 1.45879
280 1.45114
281 1.44495
282 1.45516
283 1.44576
284 1.43719
285 1.4257
286 1.41283
287 1.404
288 1.41506
289 1.49647
290 1.89143
291 1.95383
292 2.25584
293 2.2746
294 2.43591
295 2.40183
296 2.34962
297 2.28168
298 2.23233
299 2.74613
300 3.2721
301 3.82084
302 4.39722
303 5.00284
304 5.63777
305 6.30133
306 6.99217
307 7.70776
308 8.44403
309 9.19144
310 9.9387
311 10.6554
312 11.3095
313 11.8104
314 11.9507
315 11.9507
316 11.9507
317 11.9507
318 11.9507
319 11.9507
320 11.9507
321 11.9507
322 11.9507
323 11.9507
324 11.9507
325 11.9507
326 11.9507
327 11.9507
328 11.9507
329 11.9507
330 11.9507
331 11.9507
332 11.9507
333 11.9507
334 11.9507
335 11.9507
336 11.9507
337 11.9507
338 11.9507
339 11.9507
340 11.9507
341 11.9507
342 11.9507
343 11.9507
344 11.9507
345 11.9507
346 11.9507
347 11.9507
348 11.9507
349 11.9507
350 11.9507
351 11.9507
352 11.9507
353 11.9507
354 11.9507
355 11.9507
356 11.9507
357 11.9507
358 11.9507
359 11.9507
360 11.9507
361 11.9507
362 11.9507
363 11.9507
364 11.9507
365 11.9507
366 11.9507
367 11.9507
368 11.9507
369 11.9507
370 11.9507
371 11.9507
372 11.9507
373 11.9507
374 11.9507
375 11.9507
376 11.9507
377 11.9507
378 11.9507
379 11.9507
380 11.9507
381 11.9507
382 11.9507
383 11.9507
384 11.9507
385 11.9507
386 11.9507
387 11.9507
388 11.9507
389 11.9507
390 11.9507
391 11.9507
392 11.9507
393 11.9507
394 11.9507
395 11.9507
396 11.9507
397 11.9507
398 11.9507
399 11.9507
400 11.9507
401 11.9507
402 11.9507
403 11.9507
404 11.9507
405 11.9507
406 11.9507
407 11.9507
408 11.9507
409 11.9507
410 11.9507
411 11.9507
412 11.9507
413 11.9507
414 11.9507
415 11.9507
416 11.9507
417 11.9507
418 11.9507
419 11.9507
420 11.9507
421 11.9507
422 11.9507
423 11.9507
424 11.9507
425 11.9507
426 11.9507
427 11.9507
428 11.9507
429 11.9507
430 11.9507
431 11.9507
432 11.9507
433 11.9507
434 11.9507
435 11.9507
436 11.9507
437 11.9507
438 11.9507
439 11.9507
440 11.9507
441 11.9507
442 11.9507
443 11.9507
444 11.9507
445 11.9507
446 11.9507
447 11.9507
448 11.9507
449 11.9507
450 11.9507
451 11.9507
452 11.9507
453 11.9507
454 11.9507
455 11.9507
456 11.9507
457 11.9507
458 11.9507
459 11.9507
460 11.9507
461 11.9507
462 11.9507
463 11.9507
464 11.9507
465 11.9507
466 11.9507
467 11.9507
468 11.9507
469 11.9507
470 11.9507
471 11.9507
472 11.9507
473 11.9507
474 11.9507
475 11.9507
476 11.9507
477 11.9507
478 11.9507
479 11.9507
480 11.9507
481 11.9507
482 11.9507
483 11.9507
484 11.9507
485 11.9507
486 11.9507
487 11.9507
488 11.9507
489 11.9507
490 11.9507
491 11.9507
492 11.9507
493 11.9507
494 11.9507
495 11.9507
496 11.9507
497 11.9507
498 11.9507
499 11.9507
500 11.9507
501 11.9507
502 11.9507
503 11.9507
504 11.9507
505 11.9507
506 11.9507
507 11.9507
508 11.9507
509 11.9507
510 11.9507
511 11.9507
512 11.9507
513 11.9507
514 11.9507
515 11.9507
516 11.9507
517 11.9507
518 11.9507
519 11.9507
520 11.9507
521 11.9507
522 11.9507
523 11.9507
524 11.9507
525 11.9507
526 11.9507
527 11.9507
528 11.9507
529 11.9507
530 11.9507
531 11.9507
532 11.9507
533 11.9507
534 11.9507
535 11.9507
536 11.9507
537 11.9507
538 11.9507
539 11.9507
540 11.9507
541 11.9507
542 11.9507
543 11.9507
544 11.9507
545 11.9507
546 11.9507
547 11.9507
548 11.9507
549 11.9507
550 11.9507
551 11.9507
552 11.9507
