1 11.9605
2 11.9605
3 11.9605
4 11.9605
5 11.9605
6 11.9605
7 11.9605
8 11.9605
9 11.9605
10 11.9605
11 11.9605
12 11.9605
13 11.9605
14 11.9605
15 11.9605
16 11.9605
17 11.9605
18 11.9605
19 11.9605
20 11.9605
21 11.9605
22 11.9605
23 11.9605
24 11.9605
25 11.9605
26 11.9605
27 11.9605
28 11.9605
29 11.9605
30 11.9605
31 11.9605
32 11.9605
33 11.9605
34 11.9605
35 11.9605
36 11.9605
37 11.9605
38 11.9605
39 11.9605
40 11.9605
41 11.9605
42 11.9605
43 11.9605
44 11.9605
45 11.9605
46 11.9605
47 11.9605
48 11.9605
49 11.9605
50 11.9605
51 11.9605
52 11.9605
53 11.9605
54 11.9605
55 11.9605
56 11.9605
57 11.9605
58 11.9605
59 11.9605
60 11.9605
61 11.9605
62 11.9605
63 11.9605
64 11.9605
65 11.9605
66 11.9605
67 11.9605
68 11.9605
69 11.9605
70 11.9605
71 11.9605
72 11.9605
73 11.9605
74 11.9605
75 11.9605
76 11.9605
77 11.9605
78 11.9605
79 11.9605
80 11.9605
81 11.9605
82 11.9605
83 11.9605
84 11.9605
85 11.9605
86 11.9605
87 11.9605
88 11.9605
89 11.9605
90 11.9605
91 11.9605
92 11.9605
93 11.9605
94 11.9605
95 11.9605
96 11.9605
97 11.9605
98 11.9605
99 11.9605
100 11.9605
101 11.9605
102 11.9605
103 11.9605
104 11.9605
105 11.9605
106 11.9605
107 11.9605
108 11.9605
109 11.9605
110 11.9605
111 11.9605
112 11.9605
113 11.9605
114 11.9605
115 11.9605
116 11.9605
117 11.9605
118 11.9605
119 11.9605
120 11.9605
121 11.9605
122 11.9605
123 11.9605
124 11.9605
125 11.9605
126 11.9605
127 11.9605
128 11.9605
129 11.9605
130 11.9605
131 11.9605
132 11.9605
133 11.9605
134 11.9605
135 11.9605
136 11.9605
137 11.9605
138 11.9605
139 11.9605
140 11.9605
141 11.9605
142 11.9605
143 11.9605
144 11.9605
145 11.9605
146 11.9605
147 11.9605
148 11.9605
149 11.9605
150 11.9605
151 11.9605
152 11.9605
153 11.9605
154 11.9605
155 11.9605
156 11.9605
157 11.9605
158 11.9605
159 11.9605
160 11.9605
161 11.9605
162 11.9605
163 11.9605
164 11.9605
165 11.9605
166 11.9605
167 11.9605
168 11.9605
169 11.9605
170 11.9605
171 11.9605
172 11.9605
173 11.9605
174 11.9605
175 11.9605
176 11.9605
177 11.9605
178 11.9605
179 11.9605
180 11.9605
181 11.9605
182 11.9605
183 11.9605
184 11.9605
185 11.9605
186 11.9605
187 11.9605
188 11.9605
189 11.9605
190 11.9605
191 11.9605
192 11.9605
193 11.9605
194 11.9605
195 11.9605
196 11.9605
197 11.9605
198 11.9605
199 11.9605
200 11.9605
201 11.9605
202 11.9605
203 11.9605
204 11.9605
205 11.9605
206 11.9605
207 11.9605
208 11.9605
209 11.9605
210 11.9605
211 11.9605
212 11.9605
213 11.9605
214 11.9605
215 11.9605
216 11.9605
217 11.9605
218 11.9605
219 11.9605
220 11.9605
221 11.9605
222 11.9605
223 11.9605
224 11.9605
225 11.9605
226 11.9605
227 11.9605
228 11.9605
229 11.9605
230 11.9605
231 11.9605
232 11.9605
233 11.9605
234 11.9605
235 11.9971
236 11.9005
237 11.4768
238 10.9472
239 10.2971
240 9.58059
241 8.83701
242 8.08391
243 7.32734
244 6.5664
245 5.79902
246 5.02505
247 4.24736
248 3.4712
249 2.7029
250 1.94853
251 1.21299
252 1.21225
253 1.25984
254 1.3062
255 1.34191
256 1.36654
257 1.40288
258 1.42918
259 1.46281
260 1.48866
261 1.50521
262 1.51479
263 1.51997
264 1.52939
265 1.53435
266 1.54295
267 1.54734
268 1.54942
269 1.55303
270 1.55884
271 1.56747
272 1.57159
273 1.57325
274 1.5758
275 1.57657
276 1.57626
277 1.57469
278 1.57087
279 1.56318
280 1.5581
281 1.54896
282 1.53618
283 1.52598
284 1.51962
285 1.50921
286 1.49438
287 1.47805
288 1.47356
289 1.53011
290 1.90091
291 1.97198
292 2.39325
293 2.47462
294 2.93146
295 3.01942
296 2.98773
297 2.96013
298 2.98077
299 3.68092
300 4.31188
301 4.88198
302 5.41383
303 5.93285
304 6.45886
305 7.00384
306 7.5733
307 8.16808
308 8.78532
309 9.41821
310 10.053
311 10.6801
312 11.27
313 11.7977
314 12
315 11.9605
316 11.9605
317 11.9605
318 11.9605
319 11.9605
320 11.9605
321 11.9605
322 11.9605
323 11.9605
324 11.9605
325 11.9605
326 11.9605
327 11.9605
328 11.9605
329 11.9605
330 11.9605
331 11.9605
332 11.9605
333 11.9605
334 11.9605
335 11.9605
336 11.9605
337 11.9605
338 11.9605
339 11.9605
340 11.9605
341 11.9605
342 11.9605
343 11.9605
344 11.9605
345 11.9605
346 11.9605
347 11.9605
348 11.9605
349 11.9605
350 11.9605
351 11.9605
352 11.9605
353 11.9605
354 11.9605
355 11.9605
356 11.9605
357 11.9605
358 11.9605
359 11.9605
360 11.9605
361 11.9605
362 11.9605
363 11.9605
364 11.9605
365 11.9605
366 11.9605
367 11.9605
368 11.9605
369 11.9605
370 11.9605
371 11.9605
372 11.9605
373 11.9605
374 11.9605
375 11.9605
376 11.9605
377 11.9605
378 11.9605
379 11.9605
380 11.9605
381 11.9605
382 11.9605
383 11.9605
384 11.9605
385 11.9605
386 11.9605
387 11.9605
388 11.9605
389 11.9605
390 11.9605
391 11.9605
392 11.9605
393 11.9605
394 11.9605
395 11.9605
396 11.9605
397 11.9605
398 11.9605
399 11.9605
400 11.9605
401 11.9605
402 11.9605
403 11.9605
404 11.9605
405 11.9605
406 11.9605
407 11.9605
408 11.9605
409 11.9605
410 11.9605
411 11.9605
412 11.9605
413 11.9605
414 11.9605
415 11.9605
416 11.9605
417 11.9605
418 11.9605
419 11.9605
420 11.9605
421 11.9605
422 11.9605
423 11.9605
424 11.9605
425 11.9605
426 11.9605
427 11.9605
428 11.9605
429 11.9605
430 11.9605
431 11.9605
432 11.9605
433 11.9605
434 11.9605
435 11.9605
436 11.9605
437 11.9605
438 11.9605
439 11.9605
440 11.9605
441 11.9605
442 11.9605
443 11.9605
444 11.9605
445 11.9605
446 11.9605
447 11.9605
448 11.9605
449 11.9605
450 11.9605
451 11.9605
452 11.9605
453 11.9605
454 11.9605
455 11.9605
456 11.9605
457 11.9605
458 11.9605
459 11.9605
460 11.9605
461 11.9605
462 11.9605
463 11.9605
464 11.9605
465 11.9605
466 11.9605
467 11.9605
468 11.9605
469 11.9605
470 11.9605
471 11.9605
472 11.9605
473 11.9605
474 11.9605
475 11.9605
476 11.9605
477 11.9605
478 11.9605
479 11.9605
480 11.9605
481 11.9605
482 11.9605
483 11.9605
484 11.9605
485 11.9605
486 11.9605
487 11.9605
488 11.9605
489 11.9605
490 11.9605
491 11.9605
492 11.9605
493 11.9605
494 11.9605
495 11.9605
496 11.9605
497 11.9605
498 11.9605
499 11.9605
500 11.9605
501 11.9605
502 11.9605
503 11.9605
504 11.9605
505 11.9605
506 11.9605
507 11.9605
508 11.9605
509 11.9605
510 11.9605
511 11.9605
512 11.9605
513 11.9605
514 11.9605
515 11.9605
516 11.9605
517 11.9605
518 11.9605
519 11.9605
520 11.9605
521 11.9605
522 11.9605
523 11.9605
524 11.9605
525 11.9605
526 11.9605
527 11.9605
528 11.9605
529 11.9605
530 11.9605
531 11.9605
532 11.9605
533 11.9605
534 11.9605
535 11.9605
536 11.9605
537 11.9605
538 11.9605
539 11.9605
540 11.9605
541 11.9605
542 11.9605
543 11.9605
544 11.9605
545 11.9605
546 11.9605
547 11.9605
548 11.9605
549 11.9605
550 11.9605
551 11.9605
552 11.9605
