1 11.7986
2 11.7986
3 11.7986
4 11.7986
5 11.7986
6 11.7986
7 11.7986
8 11.7986
9 11.7986
10 11.7986
11 11.7986
12 11.7986
13 11.7986
14 11.7986
15 11.7986
16 11.7986
17 11.7986
18 11.7986
19 11.7986
20 11.7986
21 11.7986
22 11.7986
23 11.7986
24 11.7986
25 11.7986
26 11.7986
27 11.7986
28 11.7986
29 11.7986
30 11.7986
31 11.7986
32 11.7986
33 11.7986
34 11.7986
35 11.7986
36 11.7986
37 11.7986
38 11.7986
39 11.7986
40 11.7986
41 11.7986
42 11.7986
43 11.7986
44 11.7986
45 11.7986
46 11.7986
47 11.7986
48 11.7986
49 11.7986
50 11.7986
51 11.7986
52 11.7986
53 11.7986
54 11.7986
55 11.7986
56 11.7986
57 11.7986
58 11.7986
59 11.7986
60 11.7986
61 11.7986
62 11.7986
63 11.7986
64 11.7986
65 11.7986
66 11.7986
67 11.7986
68 11.7986
69 11.7986
70 11.7986
71 11.7986
72 11.7986
73 11.7986
74 11.7986
75 11.7986
76 11.7986
77 11.7986
78 11.7986
79 11.7986
80 11.7986
81 11.7986
82 11.7986
83 11.7986
84 11.7986
85 11.7986
86 11.7986
87 11.7986
88 11.7986
89 11.7986
90 11.7986
91 11.7986
92 11.7986
93 11.7986
94 11.7986
95 11.7986
96 11.7986
97 11.7986
98 11.7986
99 11.7986
100 11.7986
101 11.7986
102 11.7986
103 11.7986
104 11.7986
105 11.7986
106 11.7986
107 11.7986
108 11.7986
109 11.7986
110 11.7986
111 11.7986
112 11.7986
113 11.7986
114 11.7986
115 11.7986
116 11.7986
117 11.7986
118 11.7986
119 11.7986
120 11.7986
121 11.7986
122 11.7986
123 11.7986
124 11.7986
125 11.7986
126 11.7986
127 11.7986
128 11.7986
129 11.7986
130 11.7986
131 11.7986
132 11.7986
133 11.7986
134 11.7986
135 11.7986
136 11.7986
137 11.7986
138 11.7986
139 11.7986
140 11.7986
141 11.7986
142 11.7986
143 11.7986
144 11.7986
145 11.7986
146 11.7986
147 11.7986
148 11.7986
149 11.7986
150 11.7986
151 11.7986
152 11.7986
153 11.7986
154 11.7986
155 11.7986
156 11.7986
157 11.7986
158 11.7986
159 11.7986
160 11.7986
161 11.7986
162 11.7986
163 11.7986
164 11.7986
165 11.7986
166 11.7986
167 11.7986
168 11.7986
169 11.7986
170 11.7986
171 11.7986
172 11.7986
173 11.7986
174 11.7986
175 11.7986
176 11.7986
177 11.7986
178 11.7986
179 11.7986
180 11.7986
181 11.7986
182 11.7986
183 11.7986
184 11.7986
185 11.7986
186 11.7986
187 11.7986
188 11.7986
189 11.7986
190 11.7986
191 11.7986
192 11.7986
193 11.7986
194 11.7986
195 11.7986
196 11.7986
197 11.7986
198 11.7986
199 11.7986
200 11.7986
201 11.7986
202 11.7986
203 11.7986
204 11.7986
205 11.7986
206 11.7986
207 11.7986
208 11.7986
209 11.7986
210 11.7986
211 11.7986
212 11.7986
213 11.7986
214 11.7986
215 11.7986
216 11.7986
217 11.7986
218 11.7986
219 11.7986
220 11.7986
221 11.7986
222 11.7986
223 11.7986
224 11.7986
225 11.7986
226 11.7986
227 11.7986
228 11.7986
229 11.7986
230 11.7986
231 11.7986
232 11.7986
233 11.7986
234 11.7986
235 11.7986
236 11.7986
237 11.7986
238 11.7986
239 11.7986
240 11.7986
241 11.7986
242 11.7986
243 11.7986
244 11.7986
245 11.7986
246 11.7986
247 11.7986
248 11.7986
249 11.9233
250 11.3184
251 10.5699
252 10.5443
253 10.5688
254 10.6308
255 10.7832
256 11.4053
257 11.3547
258 11.5184
259 10.98
260 10.8552
261 10.8311
262 10.9
263 11.4252
264 11.3565
265 11.6664
266 11.2108
267 11.1036
268 11.6706
269 12
270 11.7211
271 11.0268
272 11.0438
273 11.1586
274 10.7076
275 10.6139
276 10.5934
277 10.6139
278 10.7076
279 11.1586
280 11.1006
281 11.1714
282 11.8043
283 11.4175
284 10.5238
285 10.4274
286 10.4048
287 10.4093
288 10.4413
289 10.5492
290 11.1825
291 11.2088
292 11.75
293 11.4636
294 11.9043
295 11.5987
296 10.8287
297 10.7722
298 10.7885
299 11.506
300 11.9663
301 11.7986
302 11.7986
303 11.7986
304 11.7986
305 11.7986
306 11.7986
307 11.7986
308 11.7986
309 11.7986
310 11.7986
311 11.7986
312 11.7986
313 11.7986
314 11.7986
315 11.7986
316 11.7986
317 11.7986
318 11.7986
319 11.7986
320 11.7986
321 11.7986
322 11.7986
323 11.7986
324 11.7986
325 11.7986
326 11.7986
327 11.7986
328 11.7986
329 11.7986
330 11.7986
331 11.7986
332 11.7986
333 11.7986
334 11.7986
335 11.7986
336 11.7986
337 11.7986
338 11.7986
339 11.7986
340 11.7986
341 11.7986
342 11.7986
343 11.7986
344 11.7986
345 11.7986
346 11.7986
347 11.7986
348 11.7986
349 11.7986
350 11.7986
351 11.7986
352 11.7986
353 11.7986
354 11.7986
355 11.7986
356 11.7986
357 11.7986
358 11.7986
359 11.7986
360 11.7986
361 11.7986
362 11.7986
363 11.7986
364 11.7986
365 11.7986
366 11.7986
367 11.7986
368 11.7986
369 11.7986
370 11.7986
371 11.7986
372 11.7986
373 11.7986
374 11.7986
375 11.7986
376 11.7986
377 11.7986
378 11.7986
379 11.7986
380 11.7986
381 11.7986
382 11.7986
383 11.7986
384 11.7986
385 11.7986
386 11.7986
387 11.7986
388 11.7986
389 11.7986
390 11.7986
391 11.7986
392 11.7986
393 11.7986
394 11.7986
395 11.7986
396 11.7986
397 11.7986
398 11.7986
399 11.7986
400 11.7986
401 11.7986
402 11.7986
403 11.7986
404 11.7986
405 11.7986
406 11.7986
407 11.7986
408 11.7986
409 11.7986
410 11.7986
411 11.7986
412 11.7986
413 11.7986
414 11.7986
415 11.7986
416 11.7986
417 11.7986
418 11.7986
419 11.7986
420 11.7986
421 11.7986
422 11.7986
423 11.7986
424 11.7986
425 11.7986
426 11.7986
427 11.7986
428 11.7986
429 11.7986
430 11.7986
431 11.7986
432 11.7986
433 11.7986
434 11.7986
435 11.7986
436 11.7986
437 11.7986
438 11.7986
439 11.7986
440 11.7986
441 11.7986
442 11.7986
443 11.7986
444 11.7986
445 11.7986
446 11.7986
447 11.7986
448 11.7986
449 11.7986
450 11.7986
451 11.7986
452 11.7986
453 11.7986
454 11.7986
455 11.7986
456 11.7986
457 11.7986
458 11.7986
459 11.7986
460 11.7986
461 11.7986
462 11.7986
463 11.7986
464 11.7986
465 11.7986
466 11.7986
467 11.7986
468 11.7986
469 11.7986
470 11.7986
471 11.7986
472 11.7986
473 11.7986
474 11.7986
475 11.7986
476 11.7986
477 11.7986
478 11.7986
479 11.7986
480 11.7986
481 11.7986
482 11.7986
483 11.7986
484 11.7986
485 11.7986
486 11.7986
487 11.7986
488 11.7986
489 11.7986
490 11.7986
491 11.7986
492 11.7986
493 11.7986
494 11.7986
495 11.7986
496 11.7986
497 11.7986
498 11.7986
499 11.7986
500 11.7986
501 11.7986
502 11.7986
503 11.7986
504 11.7986
505 11.7986
506 11.7986
507 11.7986
508 11.7986
509 11.7986
510 11.7986
511 11.7986
512 11.7986
513 11.7986
514 11.7986
515 11.7986
516 11.7986
517 11.7986
518 11.7986
519 11.7986
520 11.7986
521 11.7986
522 11.7986
523 11.7986
524 11.7986
525 11.7986
526 11.7986
527 11.7986
528 11.7986
529 11.7986
530 11.7986
531 11.7986
532 11.7986
533 11.7986
534 11.7986
535 11.7986
536 11.7986
537 11.7986
538 11.7986
539 11.7986
540 11.7986
541 11.7986
542 11.7986
543 11.7986
544 11.7986
545 11.7986
546 11.7986
547 11.7986
548 11.7986
549 11.7986
550 11.7986
551 11.7986
552 11.7986
