1 11.9895
2 11.9895
3 11.9895
4 11.9895
5 11.9895
6 11.9895
7 11.9895
8 11.9895
9 11.9895
10 11.9895
11 11.9895
12 11.9895
13 11.9895
14 11.9895
15 11.9895
16 11.9895
17 11.9895
18 11.9895
19 11.9895
20 11.9895
21 11.9895
22 11.9895
23 11.9895
24 11.9895
25 11.9895
26 11.9895
27 11.9895
28 11.9895
29 11.9895
30 11.9895
31 11.9895
32 11.9895
33 11.9895
34 11.9895
35 11.9895
36 11.9895
37 11.9895
38 11.9895
39 11.9895
40 11.9895
41 11.9895
42 11.9895
43 11.9895
44 11.9895
45 11.9895
46 11.9895
47 11.9895
48 11.9895
49 11.9895
50 11.9895
51 11.9895
52 11.9895
53 11.9895
54 11.9895
55 11.9895
56 11.9895
57 11.9895
58 11.9895
59 11.9895
60 11.9895
61 11.9895
62 11.9895
63 11.9895
64 11.9895
65 11.9895
66 11.9895
67 11.9895
68 11.9895
69 11.9895
70 11.9895
71 11.9895
72 11.9895
73 11.9895
74 11.9895
75 11.9895
76 11.9895
77 11.9895
78 11.9895
79 11.9895
80 11.9895
81 11.9895
82 11.9895
83 11.9895
84 11.9895
85 11.9895
86 11.9895
87 11.9895
88 11.9895
89 11.9895
90 11.9895
91 11.9895
92 11.9895
93 11.9895
94 11.9895
95 11.9895
96 11.9895
97 11.9895
98 11.9895
99 11.9895
100 11.9895
101 11.9895
102 11.9895
103 11.9895
104 11.9895
105 11.9895
106 11.9895
107 11.9895
108 11.9895
109 11.9895
110 11.9895
111 11.9895
112 11.9895
113 11.9895
114 11.9895
115 11.9895
116 11.9895
117 11.9895
118 11.9895
119 11.9895
120 11.9895
121 11.9895
122 11.9895
123 11.9895
124 11.9895
125 11.9895
126 11.9895
127 11.9895
128 11.9895
129 11.9895
130 11.9895
131 11.9895
132 11.9895
133 11.9895
134 11.9895
135 11.9895
136 11.9895
137 11.9895
138 11.9895
139 11.9895
140 11.9895
141 11.9895
142 11.9895
143 11.9895
144 11.9895
145 11.9895
146 11.9895
147 11.9895
148 11.9895
149 11.9895
150 11.9895
151 11.9895
152 11.9895
153 11.9895
154 11.9895
155 11.9895
156 11.9895
157 11.9895
158 11.9895
159 11.9895
160 11.9895
161 11.9895
162 11.9895
163 11.9895
164 11.9895
165 11.9895
166 11.9895
167 11.9895
168 11.9895
169 11.9895
170 11.9895
171 11.9895
172 11.9895
173 11.9895
174 11.9895
175 11.9895
176 11.9895
177 11.9895
178 11.9895
179 11.9895
180 11.9895
181 11.9895
182 11.9895
183 11.9895
184 11.9895
185 11.9895
186 11.9895
187 11.9895
188 11.9895
189 11.9895
190 11.9895
191 11.9895
192 11.9895
193 11.9895
194 11.9895
195 11.9895
196 11.9895
197 11.9895
198 11.9895
199 11.9895
200 11.9895
201 11.9895
202 11.9895
203 11.9895
204 11.9895
205 11.9895
206 11.9895
207 11.9895
208 11.9895
209 11.9895
210 11.9895
211 11.9895
212 11.9895
213 11.9895
214 11.9895
215 11.9895
216 11.9895
217 11.9895
218 11.9895
219 11.9895
220 11.9895
221 11.9895
222 11.9895
223 11.9895
224 11.9895
225 11.9895
226 11.9895
227 11.9895
228 11.9895
229 12
230 11.9002
231 11.5255
232 10.9901
233 10.4117
234 9.8307
235 9.2576
236 8.69129
237 8.1312
238 7.57591
239 7.02426
240 6.47587
241 5.93142
242 5.39266
243 4.86225
244 4.34347
245 3.83978
246 3.35456
247 2.8908
248 2.45102
249 2.03719
250 1.65078
251 1.29282
252 1.32876
253 1.36451
254 1.38217
255 1.3892
256 1.39166
257 1.39489
258 1.39589
259 1.39714
260 1.39748
261 1.39757
262 1.39759
263 1.3976
264 1.39761
265 1.39761
266 1.39761
267 1.39761
268 1.39761
269 1.39761
270 1.39761
271 1.39761
272 1.39761
273 1.39761
274 1.39761
275 1.39761
276 1.39761
277 1.39761
278 1.39761
279 1.39761
280 1.39761
281 1.39761
282 1.39761
283 1.3976
284 1.3976
285 1.3976
286 1.39757
287 1.39746
288 1.397
289 1.39526
290 1.38926
291 1.38421
292 1.36932
293 1.35721
294 1.32783
295 1.30364
296 1.28481
297 1.24625
298 1.20396
299 1.54681
300 1.91723
301 2.31498
302 2.73977
303 3.19126
304 3.66911
305 4.17292
306 4.70232
307 5.25685
308 5.83602
309 6.43925
310 7.06585
311 7.71498
312 8.38539
313 9.07513
314 9.78147
315 10.4967
316 11.1938
317 11.7569
318 11.9793
319 11.9895
320 11.9895
321 11.9895
322 11.9895
323 11.9895
324 11.9895
325 11.9895
326 11.9895
327 11.9895
328 11.9895
329 11.9895
330 11.9895
331 11.9895
332 11.9895
333 11.9895
334 11.9895
335 11.9895
336 11.9895
337 11.9895
338 11.9895
339 11.9895
340 11.9895
341 11.9895
342 11.9895
343 11.9895
344 11.9895
345 11.9895
346 11.9895
347 11.9895
348 11.9895
349 11.9895
350 11.9895
351 11.9895
352 11.9895
353 11.9895
354 11.9895
355 11.9895
356 11.9895
357 11.9895
358 11.9895
359 11.9895
360 11.9895
361 11.9895
362 11.9895
363 11.9895
364 11.9895
365 11.9895
366 11.9895
367 11.9895
368 11.9895
369 11.9895
370 11.9895
371 11.9895
372 11.9895
373 11.9895
374 11.9895
375 11.9895
376 11.9895
377 11.9895
378 11.9895
379 11.9895
380 11.9895
381 11.9895
382 11.9895
383 11.9895
384 11.9895
385 11.9895
386 11.9895
387 11.9895
388 11.9895
389 11.9895
390 11.9895
391 11.9895
392 11.9895
393 11.9895
394 11.9895
395 11.9895
396 11.9895
397 11.9895
398 11.9895
399 11.9895
400 11.9895
401 11.9895
402 11.9895
403 11.9895
404 11.9895
405 11.9895
406 11.9895
407 11.9895
408 11.9895
409 11.9895
410 11.9895
411 11.9895
412 11.9895
413 11.9895
414 11.9895
415 11.9895
416 11.9895
417 11.9895
418 11.9895
419 11.9895
420 11.9895
421 11.9895
422 11.9895
423 11.9895
424 11.9895
425 11.9895
426 11.9895
427 11.9895
428 11.9895
429 11.9895
430 11.9895
431 11.9895
432 11.9895
433 11.9895
434 11.9895
435 11.9895
436 11.9895
437 11.9895
438 11.9895
439 11.9895
440 11.9895
441 11.9895
442 11.9895
443 11.9895
444 11.9895
445 11.9895
446 11.9895
447 11.9895
448 11.9895
449 11.9895
450 11.9895
451 11.9895
452 11.9895
453 11.9895
454 11.9895
455 11.9895
456 11.9895
457 11.9895
458 11.9895
459 11.9895
460 11.9895
461 11.9895
462 11.9895
463 11.9895
464 11.9895
465 11.9895
466 11.9895
467 11.9895
468 11.9895
469 11.9895
470 11.9895
471 11.9895
472 11.9895
473 11.9895
474 11.9895
475 11.9895
476 11.9895
477 11.9895
478 11.9895
479 11.9895
480 11.9895
481 11.9895
482 11.9895
483 11.9895
484 11.9895
485 11.9895
486 11.9895
487 11.9895
488 11.9895
489 11.9895
490 11.9895
491 11.9895
492 11.9895
493 11.9895
494 11.9895
495 11.9895
496 11.9895
497 11.9895
498 11.9895
499 11.9895
500 11.9895
501 11.9895
502 11.9895
503 11.9895
504 11.9895
505 11.9895
506 11.9895
507 11.9895
508 11.9895
509 11.9895
510 11.9895
511 11.9895
512 11.9895
513 11.9895
514 11.9895
515 11.9895
516 11.9895
517 11.9895
518 11.9895
519 11.9895
520 11.9895
521 11.9895
522 11.9895
523 11.9895
524 11.9895
525 11.9895
526 11.9895
527 11.9895
528 11.9895
529 11.9895
530 11.9895
531 11.9895
532 11.9895
533 11.9895
534 11.9895
535 11.9895
536 11.9895
537 11.9895
538 11.9895
539 11.9895
540 11.9895
541 11.9895
542 11.9895
543 11.9895
544 11.9895
545 11.9895
546 11.9895
547 11.9895
548 11.9895
549 11.9895
550 11.9895
551 11.9895
552 11.9895
