1 11.9659
2 11.9659
3 11.9659
4 11.9659
5 11.9659
6 11.9659
7 11.9659
8 11.9659
9 11.9659
10 11.9659
11 11.9659
12 11.9659
13 11.9659
14 11.9659
15 11.9659
16 11.9659
17 11.9659
18 11.9659
19 11.9659
20 11.9659
21 11.9659
22 11.9659
23 11.9659
24 11.9659
25 11.9659
26 11.9659
27 11.9659
28 11.9659
29 11.9659
30 11.9659
31 11.9659
32 11.9659
33 11.9659
34 11.9659
35 11.9659
36 11.9659
37 11.9659
38 11.9659
39 11.9659
40 11.9659
41 11.9659
42 11.9659
43 11.9659
44 11.9659
45 11.9659
46 11.9659
47 11.9659
48 11.9659
49 11.9659
50 11.9659
51 11.9659
52 11.9659
53 11.9659
54 11.9659
55 11.9659
56 11.9659
57 11.9659
58 11.9659
59 11.9659
60 11.9659
61 11.9659
62 11.9659
63 11.9659
64 11.9659
65 11.9659
66 11.9659
67 11.9659
68 11.9659
69 11.9659
70 11.9659
71 11.9659
72 11.9659
73 11.9659
74 11.9659
75 11.9659
76 11.9659
77 11.9659
78 11.9659
79 11.9659
80 11.9659
81 11.9659
82 11.9659
83 11.9659
84 11.9659
85 11.9659
86 11.9659
87 11.9659
88 11.9659
89 11.9659
90 11.9659
91 11.9659
92 11.9659
93 11.9659
94 11.9659
95 11.9659
96 11.9659
97 11.9659
98 11.9659
99 11.9659
100 11.9659
101 11.9659
102 11.9659
103 11.9659
104 11.9659
105 11.9659
106 11.9659
107 11.9659
108 11.9659
109 11.9659
110 11.9659
111 11.9659
112 11.9659
113 11.9659
114 11.9659
115 11.9659
116 11.9659
117 11.9659
118 11.9659
119 11.9659
120 11.9659
121 11.9659
122 11.9659
123 11.9659
124 11.9659
125 11.9659
126 11.9659
127 11.9659
128 11.9659
129 11.9659
130 11.9659
131 11.9659
132 11.9659
133 11.9659
134 11.9659
135 11.9659
136 11.9659
137 11.9659
138 11.9659
139 11.9659
140 11.9659
141 11.9659
142 11.9659
143 11.9659
144 11.9659
145 11.9659
146 11.9659
147 11.9659
148 11.9659
149 11.9659
150 11.9659
151 11.9659
152 11.9659
153 11.9659
154 11.9659
155 11.9659
156 11.9659
157 11.9659
158 11.9659
159 11.9659
160 11.9659
161 11.9659
162 11.9659
163 11.9659
164 11.9659
165 11.9659
166 11.9659
167 11.9659
168 11.9659
169 11.9659
170 11.9659
171 11.9659
172 11.9659
173 11.9659
174 11.9659
175 11.9659
176 11.9659
177 11.9659
178 11.9659
179 11.9659
180 11.9659
181 11.9659
182 11.9659
183 11.9659
184 11.9659
185 11.9659
186 11.9659
187 11.9659
188 11.9659
189 11.9659
190 11.9659
191 11.9659
192 11.9659
193 11.9659
194 11.9659
195 11.9659
196 11.9659
197 11.9659
198 11.9659
199 11.9659
200 11.9659
201 11.9659
202 11.9659
203 11.9659
204 11.9659
205 11.9659
206 11.9659
207 11.9659
208 11.9659
209 11.9659
210 11.9659
211 11.9659
212 11.9659
213 11.9659
214 11.9659
215 11.9659
216 11.9659
217 11.9659
218 11.9659
219 11.9659
220 11.9659
221 11.9659
222 11.9659
223 11.9659
224 11.9659
225 11.9659
226 11.9659
227 11.9659
228 11.9659
229 11.9659
230 11.9659
231 11.9659
232 11.9659
233 11.9659
234 11.9659
235 11.9659
236 11.9659
237 11.9659
238 11.9659
239 11.9659
240 11.9659
241 11.9659
242 11.9659
243 11.9659
244 11.9659
245 11.9659
246 11.9659
247 11.9659
248 11.9659
249 11.9659
250 11.9911
251 11.089
252 11.0498
253 11.0499
254 11.0498
255 11.089
256 12
257 11.1955
258 12
259 11.0589
260 11.0107
261 11.0107
262 11.0589
263 12
264 11.1955
265 12
266 11.0308
267 11.0308
268 11.9911
269 11.9659
270 11.9911
271 11.0308
272 11.0308
273 12
274 11.089
275 11.0498
276 11.0499
277 11.0498
278 11.089
279 12
280 11.0308
281 11.0308
282 11.9911
283 11.9911
284 11.1218
285 11.09
286 11.0914
287 11.0914
288 11.09
289 11.1218
290 12
291 11.1955
292 12
293 11.1955
294 11.9911
295 11.9911
296 11.0364
297 10.9748
298 11.0364
299 11.9911
300 11.9659
301 11.9659
302 11.9659
303 11.9659
304 11.9659
305 11.9659
306 11.9659
307 11.9659
308 11.9659
309 11.9659
310 11.9659
311 11.9659
312 11.9659
313 11.9659
314 11.9659
315 11.9659
316 11.9659
317 11.9659
318 11.9659
319 11.9659
320 11.9659
321 11.9659
322 11.9659
323 11.9659
324 11.9659
325 11.9659
326 11.9659
327 11.9659
328 11.9659
329 11.9659
330 11.9659
331 11.9659
332 11.9659
333 11.9659
334 11.9659
335 11.9659
336 11.9659
337 11.9659
338 11.9659
339 11.9659
340 11.9659
341 11.9659
342 11.9659
343 11.9659
344 11.9659
345 11.9659
346 11.9659
347 11.9659
348 11.9659
349 11.9659
350 11.9659
351 11.9659
352 11.9659
353 11.9659
354 11.9659
355 11.9659
356 11.9659
357 11.9659
358 11.9659
359 11.9659
360 11.9659
361 11.9659
362 11.9659
363 11.9659
364 11.9659
365 11.9659
366 11.9659
367 11.9659
368 11.9659
369 11.9659
370 11.9659
371 11.9659
372 11.9659
373 11.9659
374 11.9659
375 11.9659
376 11.9659
377 11.9659
378 11.9659
379 11.9659
380 11.9659
381 11.9659
382 11.9659
383 11.9659
384 11.9659
385 11.9659
386 11.9659
387 11.9659
388 11.9659
389 11.9659
390 11.9659
391 11.9659
392 11.9659
393 11.9659
394 11.9659
395 11.9659
396 11.9659
397 11.9659
398 11.9659
399 11.9659
400 11.9659
401 11.9659
402 11.9659
403 11.9659
404 11.9659
405 11.9659
406 11.9659
407 11.9659
408 11.9659
409 11.9659
410 11.9659
411 11.9659
412 11.9659
413 11.9659
414 11.9659
415 11.9659
416 11.9659
417 11.9659
418 11.9659
419 11.9659
420 11.9659
421 11.9659
422 11.9659
423 11.9659
424 11.9659
425 11.9659
426 11.9659
427 11.9659
428 11.9659
429 11.9659
430 11.9659
431 11.9659
432 11.9659
433 11.9659
434 11.9659
435 11.9659
436 11.9659
437 11.9659
438 11.9659
439 11.9659
440 11.9659
441 11.9659
442 11.9659
443 11.9659
444 11.9659
445 11.9659
446 11.9659
447 11.9659
448 11.9659
449 11.9659
450 11.9659
451 11.9659
452 11.9659
453 11.9659
454 11.9659
455 11.9659
456 11.9659
457 11.9659
458 11.9659
459 11.9659
460 11.9659
461 11.9659
462 11.9659
463 11.9659
464 11.9659
465 11.9659
466 11.9659
467 11.9659
468 11.9659
469 11.9659
470 11.9659
471 11.9659
472 11.9659
473 11.9659
474 11.9659
475 11.9659
476 11.9659
477 11.9659
478 11.9659
479 11.9659
480 11.9659
481 11.9659
482 11.9659
483 11.9659
484 11.9659
485 11.9659
486 11.9659
487 11.9659
488 11.9659
489 11.9659
490 11.9659
491 11.9659
492 11.9659
493 11.9659
494 11.9659
495 11.9659
496 11.9659
497 11.9659
498 11.9659
499 11.9659
500 11.9659
501 11.9659
502 11.9659
503 11.9659
504 11.9659
505 11.9659
506 11.9659
507 11.9659
508 11.9659
509 11.9659
510 11.9659
511 11.9659
512 11.9659
513 11.9659
514 11.9659
515 11.9659
516 11.9659
517 11.9659
518 11.9659
519 11.9659
520 11.9659
521 11.9659
522 11.9659
523 11.9659
524 11.9659
525 11.9659
526 11.9659
527 11.9659
528 11.9659
529 11.9659
530 11.9659
531 11.9659
532 11.9659
533 11.9659
534 11.9659
535 11.9659
536 11.9659
537 11.9659
538 11.9659
539 11.9659
540 11.9659
541 11.9659
542 11.9659
543 11.9659
544 11.9659
545 11.9659
546 11.9659
547 11.9659
548 11.9659
549 11.9659
550 11.9659
551 11.9659
552 11.9659
