1 11.9749
2 11.9749
3 11.9749
4 11.9749
5 11.9749
6 11.9749
7 11.9749
8 11.9749
9 11.9749
10 11.9749
11 11.9749
12 11.9749
13 11.9749
14 11.9749
15 11.9749
16 11.9749
17 11.9749
18 11.9749
19 11.9749
20 11.9749
21 11.9749
22 11.9749
23 11.9749
24 11.9749
25 11.9749
26 11.9749
27 11.9749
28 11.9749
29 11.9749
30 11.9749
31 11.9749
32 11.9749
33 11.9749
34 11.9749
35 11.9749
36 11.9749
37 11.9749
38 11.9749
39 11.9749
40 11.9749
41 11.9749
42 11.9749
43 11.9749
44 11.9749
45 11.9749
46 11.9749
47 11.9749
48 11.9749
49 11.9749
50 11.9749
51 11.9749
52 11.9749
53 11.9749
54 11.9749
55 11.9749
56 11.9749
57 11.9749
58 11.9749
59 11.9749
60 11.9749
61 11.9749
62 11.9749
63 11.9749
64 11.9749
65 11.9749
66 11.9749
67 11.9749
68 11.9749
69 11.9749
70 11.9749
71 11.9749
72 11.9749
73 11.9749
74 11.9749
75 11.9749
76 11.9749
77 11.9749
78 11.9749
79 11.9749
80 11.9749
81 11.9749
82 11.9749
83 11.9749
84 11.9749
85 11.9749
86 11.9749
87 11.9749
88 11.9749
89 11.9749
90 11.9749
91 11.9749
92 11.9749
93 11.9749
94 11.9749
95 11.9749
96 11.9749
97 11.9749
98 11.9749
99 11.9749
100 11.9749
101 11.9749
102 11.9749
103 11.9749
104 11.9749
105 11.9749
106 11.9749
107 11.9749
108 11.9749
109 11.9749
110 11.9749
111 11.9749
112 11.9749
113 11.9749
114 11.9749
115 11.9749
116 11.9749
117 11.9749
118 11.9749
119 11.9749
120 11.9749
121 11.9749
122 11.9749
123 11.9749
124 11.9749
125 11.9749
126 11.9749
127 11.9749
128 11.9749
129 11.9749
130 11.9749
131 11.9749
132 11.9749
133 11.9749
134 11.9749
135 11.9749
136 11.9749
137 11.9749
138 11.9749
139 11.9749
140 11.9749
141 11.9749
142 11.9749
143 11.9749
144 11.9749
145 11.9749
146 11.9749
147 11.9749
148 11.9749
149 11.9749
150 11.9749
151 11.9749
152 11.9749
153 11.9749
154 11.9749
155 11.9749
156 11.9749
157 11.9749
158 11.9749
159 11.9749
160 11.9749
161 11.9749
162 11.9749
163 11.9749
164 11.9749
165 11.9749
166 11.9749
167 11.9749
168 11.9749
169 11.9749
170 11.9749
171 11.9749
172 11.9749
173 11.9749
174 11.9749
175 11.9749
176 11.9749
177 11.9749
178 11.9749
179 11.9749
180 11.9749
181 11.9749
182 11.9749
183 11.9749
184 11.9749
185 11.9749
186 11.9749
187 11.9749
188 11.9749
189 11.9749
190 11.9749
191 11.9749
192 11.9749
193 11.9749
194 11.9749
195 11.9749
196 11.9749
197 11.9749
198 11.9749
199 11.9749
200 11.9749
201 11.9749
202 11.9749
203 11.9749
204 11.9749
205 11.9749
206 11.9749
207 11.9749
208 11.9749
209 11.9749
210 11.9749
211 11.9749
212 11.9749
213 11.9749
214 11.9749
215 11.9749
216 11.9749
217 11.9749
218 11.9749
219 11.9749
220 11.9749
221 11.9749
222 11.9749
223 11.9749
224 11.9749
225 11.9749
226 11.9749
227 11.9749
228 11.9749
229 11.9749
230 11.9749
231 11.9749
232 11.9749
233 11.9749
234 11.9749
235 11.9749
236 11.9749
237 11.9749
238 11.9749
239 11.9749
240 11.9749
241 11.9749
242 11.9749
243 11.9749
244 11.9749
245 11.9749
246 11.9749
247 11.9749
248 11.9749
249 11.9749
250 11.9935
251 11.0771
252 11.0364
253 11.0359
254 11.0364
255 11.0771
256 12
257 11.2057
258 12
259 11.0507
260 11.0016
261 11.0016
262 11.0507
263 12
264 11.2057
265 12
266 11.0336
267 11.0336
268 11.9935
269 11.9749
270 11.9935
271 11.0336
272 11.0336
273 12
274 11.0771
275 11.0364
276 11.0359
277 11.0364
278 11.0771
279 12
280 11.0336
281 11.0336
282 11.9935
283 11.9935
284 11.1073
285 11.0734
286 11.0735
287 11.0735
288 11.0734
289 11.1073
290 12
291 11.2057
292 12
293 11.2057
294 11.9935
295 11.9935
296 11.033
297 10.9711
298 11.033
299 11.9935
300 11.9749
301 11.9749
302 11.9749
303 11.9749
304 11.9749
305 11.9749
306 11.9749
307 11.9749
308 11.9749
309 11.9749
310 11.9749
311 11.9749
312 11.9749
313 11.9749
314 11.9749
315 11.9749
316 11.9749
317 11.9749
318 11.9749
319 11.9749
320 11.9749
321 11.9749
322 11.9749
323 11.9749
324 11.9749
325 11.9749
326 11.9749
327 11.9749
328 11.9749
329 11.9749
330 11.9749
331 11.9749
332 11.9749
333 11.9749
334 11.9749
335 11.9749
336 11.9749
337 11.9749
338 11.9749
339 11.9749
340 11.9749
341 11.9749
342 11.9749
343 11.9749
344 11.9749
345 11.9749
346 11.9749
347 11.9749
348 11.9749
349 11.9749
350 11.9749
351 11.9749
352 11.9749
353 11.9749
354 11.9749
355 11.9749
356 11.9749
357 11.9749
358 11.9749
359 11.9749
360 11.9749
361 11.9749
362 11.9749
363 11.9749
364 11.9749
365 11.9749
366 11.9749
367 11.9749
368 11.9749
369 11.9749
370 11.9749
371 11.9749
372 11.9749
373 11.9749
374 11.9749
375 11.9749
376 11.9749
377 11.9749
378 11.9749
379 11.9749
380 11.9749
381 11.9749
382 11.9749
383 11.9749
384 11.9749
385 11.9749
386 11.9749
387 11.9749
388 11.9749
389 11.9749
390 11.9749
391 11.9749
392 11.9749
393 11.9749
394 11.9749
395 11.9749
396 11.9749
397 11.9749
398 11.9749
399 11.9749
400 11.9749
401 11.9749
402 11.9749
403 11.9749
404 11.9749
405 11.9749
406 11.9749
407 11.9749
408 11.9749
409 11.9749
410 11.9749
411 11.9749
412 11.9749
413 11.9749
414 11.9749
415 11.9749
416 11.9749
417 11.9749
418 11.9749
419 11.9749
420 11.9749
421 11.9749
422 11.9749
423 11.9749
424 11.9749
425 11.9749
426 11.9749
427 11.9749
428 11.9749
429 11.9749
430 11.9749
431 11.9749
432 11.9749
433 11.9749
434 11.9749
435 11.9749
436 11.9749
437 11.9749
438 11.9749
439 11.9749
440 11.9749
441 11.9749
442 11.9749
443 11.9749
444 11.9749
445 11.9749
446 11.9749
447 11.9749
448 11.9749
449 11.9749
450 11.9749
451 11.9749
452 11.9749
453 11.9749
454 11.9749
455 11.9749
456 11.9749
457 11.9749
458 11.9749
459 11.9749
460 11.9749
461 11.9749
462 11.9749
463 11.9749
464 11.9749
465 11.9749
466 11.9749
467 11.9749
468 11.9749
469 11.9749
470 11.9749
471 11.9749
472 11.9749
473 11.9749
474 11.9749
475 11.9749
476 11.9749
477 11.9749
478 11.9749
479 11.9749
480 11.9749
481 11.9749
482 11.9749
483 11.9749
484 11.9749
485 11.9749
486 11.9749
487 11.9749
488 11.9749
489 11.9749
490 11.9749
491 11.9749
492 11.9749
493 11.9749
494 11.9749
495 11.9749
496 11.9749
497 11.9749
498 11.9749
499 11.9749
500 11.9749
501 11.9749
502 11.9749
503 11.9749
504 11.9749
505 11.9749
506 11.9749
507 11.9749
508 11.9749
509 11.9749
510 11.9749
511 11.9749
512 11.9749
513 11.9749
514 11.9749
515 11.9749
516 11.9749
517 11.9749
518 11.9749
519 11.9749
520 11.9749
521 11.9749
522 11.9749
523 11.9749
524 11.9749
525 11.9749
526 11.9749
527 11.9749
528 11.9749
529 11.9749
530 11.9749
531 11.9749
532 11.9749
533 11.9749
534 11.9749
535 11.9749
536 11.9749
537 11.9749
538 11.9749
539 11.9749
540 11.9749
541 11.9749
542 11.9749
543 11.9749
544 11.9749
545 11.9749
546 11.9749
547 11.9749
548 11.9749
549 11.9749
550 11.9749
551 11.9749
552 11.9749
