1 11.9239
2 11.9239
3 11.9239
4 11.9239
5 11.9239
6 11.9239
7 11.9239
8 11.9239
9 11.9239
10 11.9239
11 11.9239
12 11.9239
13 11.9239
14 11.9239
15 11.9239
16 11.9239
17 11.9239
18 11.9239
19 11.9239
20 11.9239
21 11.9239
22 11.9239
23 11.9239
24 11.9239
25 11.9239
26 11.9239
27 11.9239
28 11.9239
29 11.9239
30 11.9239
31 11.9239
32 11.9239
33 11.9239
34 11.9239
35 11.9239
36 11.9239
37 11.9239
38 11.9239
39 11.9239
40 11.9239
41 11.9239
42 11.9239
43 11.9239
44 11.9239
45 11.9239
46 11.9239
47 11.9239
48 11.9239
49 11.9239
50 11.9239
51 11.9239
52 11.9239
53 11.9239
54 11.9239
55 11.9239
56 11.9239
57 11.9239
58 11.9239
59 11.9239
60 11.9239
61 11.9239
62 11.9239
63 11.9239
64 11.9239
65 11.9239
66 11.9239
67 11.9239
68 11.9239
69 11.9239
70 11.9239
71 11.9239
72 11.9239
73 11.9239
74 11.9239
75 11.9239
76 11.9239
77 11.9239
78 11.9239
79 11.9239
80 11.9239
81 11.9239
82 11.9239
83 11.9239
84 11.9239
85 11.9239
86 11.9239
87 11.9239
88 11.9239
89 11.9239
90 11.9239
91 11.9239
92 11.9239
93 11.9239
94 11.9239
95 11.9239
96 11.9239
97 11.9239
98 11.9239
99 11.9239
100 11.9239
101 11.9239
102 11.9239
103 11.9239
104 11.9239
105 11.9239
106 11.9239
107 11.9239
108 11.9239
109 11.9239
110 11.9239
111 11.9239
112 11.9239
113 11.9239
114 11.9239
115 11.9239
116 11.9239
117 11.9239
118 11.9239
119 11.9239
120 11.9239
121 11.9239
122 11.9239
123 11.9239
124 11.9239
125 11.9239
126 11.9239
127 11.9239
128 11.9239
129 11.9239
130 11.9239
131 11.9239
132 11.9239
133 11.9239
134 11.9239
135 11.9239
136 11.9239
137 11.9239
138 11.9239
139 11.9239
140 11.9239
141 11.9239
142 11.9239
143 11.9239
144 11.9239
145 11.9239
146 11.9239
147 11.9239
148 11.9239
149 11.9239
150 11.9239
151 11.9239
152 11.9239
153 11.9239
154 11.9239
155 11.9239
156 11.9239
157 11.9239
158 11.9239
159 11.9239
160 11.9239
161 11.9239
162 11.9239
163 11.9239
164 11.9239
165 11.9239
166 11.9239
167 11.9239
168 11.9239
169 11.9239
170 11.9239
171 11.9239
172 11.9239
173 11.9239
174 11.9239
175 11.9239
176 11.9239
177 11.9239
178 11.9239
179 11.9239
180 11.9239
181 11.9239
182 11.9239
183 11.9239
184 11.9239
185 11.9239
186 11.9239
187 11.9239
188 11.9239
189 11.9239
190 11.9239
191 11.9239
192 11.9239
193 11.9239
194 11.9239
195 11.9239
196 11.9239
197 11.9239
198 11.9239
199 11.9239
200 11.9239
201 11.9239
202 11.9239
203 11.9239
204 11.9239
205 11.9239
206 11.9239
207 11.9239
208 11.9239
209 11.9239
210 11.9239
211 11.9239
212 11.9239
213 11.9239
214 11.9239
215 11.9239
216 11.9239
217 11.9239
218 11.9239
219 11.9239
220 11.9239
221 11.9239
222 11.9239
223 11.9239
224 11.9239
225 11.9239
226 11.9239
227 11.9239
228 11.9239
229 11.9239
230 11.9239
231 11.9239
232 11.9239
233 11.9239
234 11.9239
235 11.9239
236 11.9239
237 11.9239
238 11.9239
239 11.9239
240 11.9239
241 11.9239
242 11.9466
243 12
244 11.6554
245 11.0338
246 10.3189
247 9.58572
248 8.85147
249 8.12477
250 7.41114
251 6.71548
252 6.72377
253 6.77376
254 6.81631
255 6.84112
256 6.84674
257 6.87457
258 6.88424
259 6.91868
260 6.93552
261 6.94649
262 6.99237
263 7.24561
264 7.31129
265 7.56159
266 7.61599
267 7.77168
268 8.41788
269 8.49549
270 8.00205
271 7.11228
272 6.99455
273 6.97256
274 6.70544
275 6.65331
276 6.64901
277 6.65225
278 6.64853
279 6.63529
280 6.63812
281 6.6348
282 6.63509
283 6.63819
284 6.64841
285 6.65534
286 6.65221
287 6.64518
288 6.6524
289 6.72759
290 7.1527
291 7.21728
292 7.5962
293 7.63725
294 7.97977
295 8.01146
296 7.97173
297 7.92809
298 7.93488
299 8.70234
300 9.48295
301 10.2491
302 10.9628
303 11.5556
304 11.9353
305 11.9772
306 11.9474
307 11.9239
308 11.9239
309 11.9239
310 11.9239
311 11.9239
312 11.9239
313 11.9239
314 11.9239
315 11.9239
316 11.9239
317 11.9239
318 11.9239
319 11.9239
320 11.9239
321 11.9239
322 11.9239
323 11.9239
324 11.9239
325 11.9239
326 11.9239
327 11.9239
328 11.9239
329 11.9239
330 11.9239
331 11.9239
332 11.9239
333 11.9239
334 11.9239
335 11.9239
336 11.9239
337 11.9239
338 11.9239
339 11.9239
340 11.9239
341 11.9239
342 11.9239
343 11.9239
344 11.9239
345 11.9239
346 11.9239
347 11.9239
348 11.9239
349 11.9239
350 11.9239
351 11.9239
352 11.9239
353 11.9239
354 11.9239
355 11.9239
356 11.9239
357 11.9239
358 11.9239
359 11.9239
360 11.9239
361 11.9239
362 11.9239
363 11.9239
364 11.9239
365 11.9239
366 11.9239
367 11.9239
368 11.9239
369 11.9239
370 11.9239
371 11.9239
372 11.9239
373 11.9239
374 11.9239
375 11.9239
376 11.9239
377 11.9239
378 11.9239
379 11.9239
380 11.9239
381 11.9239
382 11.9239
383 11.9239
384 11.9239
385 11.9239
386 11.9239
387 11.9239
388 11.9239
389 11.9239
390 11.9239
391 11.9239
392 11.9239
393 11.9239
394 11.9239
395 11.9239
396 11.9239
397 11.9239
398 11.9239
399 11.9239
400 11.9239
401 11.9239
402 11.9239
403 11.9239
404 11.9239
405 11.9239
406 11.9239
407 11.9239
408 11.9239
409 11.9239
410 11.9239
411 11.9239
412 11.9239
413 11.9239
414 11.9239
415 11.9239
416 11.9239
417 11.9239
418 11.9239
419 11.9239
420 11.9239
421 11.9239
422 11.9239
423 11.9239
424 11.9239
425 11.9239
426 11.9239
427 11.9239
428 11.9239
429 11.9239
430 11.9239
431 11.9239
432 11.9239
433 11.9239
434 11.9239
435 11.9239
436 11.9239
437 11.9239
438 11.9239
439 11.9239
440 11.9239
441 11.9239
442 11.9239
443 11.9239
444 11.9239
445 11.9239
446 11.9239
447 11.9239
448 11.9239
449 11.9239
450 11.9239
451 11.9239
452 11.9239
453 11.9239
454 11.9239
455 11.9239
456 11.9239
457 11.9239
458 11.9239
459 11.9239
460 11.9239
461 11.9239
462 11.9239
463 11.9239
464 11.9239
465 11.9239
466 11.9239
467 11.9239
468 11.9239
469 11.9239
470 11.9239
471 11.9239
472 11.9239
473 11.9239
474 11.9239
475 11.9239
476 11.9239
477 11.9239
478 11.9239
479 11.9239
480 11.9239
481 11.9239
482 11.9239
483 11.9239
484 11.9239
485 11.9239
486 11.9239
487 11.9239
488 11.9239
489 11.9239
490 11.9239
491 11.9239
492 11.9239
493 11.9239
494 11.9239
495 11.9239
496 11.9239
497 11.9239
498 11.9239
499 11.9239
500 11.9239
501 11.9239
502 11.9239
503 11.9239
504 11.9239
505 11.9239
506 11.9239
507 11.9239
508 11.9239
509 11.9239
510 11.9239
511 11.9239
512 11.9239
513 11.9239
514 11.9239
515 11.9239
516 11.9239
517 11.9239
518 11.9239
519 11.9239
520 11.9239
521 11.9239
522 11.9239
523 11.9239
524 11.9239
525 11.9239
526 11.9239
527 11.9239
528 11.9239
529 11.9239
530 11.9239
531 11.9239
532 11.9239
533 11.9239
534 11.9239
535 11.9239
536 11.9239
537 11.9239
538 11.9239
539 11.9239
540 11.9239
541 11.9239
542 11.9239
543 11.9239
544 11.9239
545 11.9239
546 11.9239
547 11.9239
548 11.9239
549 11.9239
550 11.9239
551 11.9239
552 11.9239
