1 11.9187
2 11.9187
3 11.9187
4 11.9187
5 11.9187
6 11.9187
7 11.9187
8 11.9187
9 11.9187
10 11.9187
11 11.9187
12 11.9187
13 11.9187
14 11.9187
15 11.9187
16 11.9187
17 11.9187
18 11.9187
19 11.9187
20 11.9187
21 11.9187
22 11.9187
23 11.9187
24 11.9187
25 11.9187
26 11.9187
27 11.9187
28 11.9187
29 11.9187
30 11.9187
31 11.9187
32 11.9187
33 11.9187
34 11.9187
35 11.9187
36 11.9187
37 11.9187
38 11.9187
39 11.9187
40 11.9187
41 11.9187
42 11.9187
43 11.9187
44 11.9187
45 11.9187
46 11.9187
47 11.9187
48 11.9187
49 11.9187
50 11.9187
51 11.9187
52 11.9187
53 11.9187
54 11.9187
55 11.9187
56 11.9187
57 11.9187
58 11.9187
59 11.9187
60 11.9187
61 11.9187
62 11.9187
63 11.9187
64 11.9187
65 11.9187
66 11.9187
67 11.9187
68 11.9187
69 11.9187
70 11.9187
71 11.9187
72 11.9187
73 11.9187
74 11.9187
75 11.9187
76 11.9187
77 11.9187
78 11.9187
79 11.9187
80 11.9187
81 11.9187
82 11.9187
83 11.9187
84 11.9187
85 11.9187
86 11.9187
87 11.9187
88 11.9187
89 11.9187
90 11.9187
91 11.9187
92 11.9187
93 11.9187
94 11.9187
95 11.9187
96 11.9187
97 11.9187
98 11.9187
99 11.9187
100 11.9187
101 11.9187
102 11.9187
103 11.9187
104 11.9187
105 11.9187
106 11.9187
107 11.9187
108 11.9187
109 11.9187
110 11.9187
111 11.9187
112 11.9187
113 11.9187
114 11.9187
115 11.9187
116 11.9187
117 11.9187
118 11.9187
119 11.9187
120 11.9187
121 11.9187
122 11.9187
123 11.9187
124 11.9187
125 11.9187
126 11.9187
127 11.9187
128 11.9187
129 11.9187
130 11.9187
131 11.9187
132 11.9187
133 11.9187
134 11.9187
135 11.9187
136 11.9187
137 11.9187
138 11.9187
139 11.9187
140 11.9187
141 11.9187
142 11.9187
143 11.9187
144 11.9187
145 11.9187
146 11.9187
147 11.9187
148 11.9187
149 11.9187
150 11.9187
151 11.9187
152 11.9187
153 11.9187
154 11.9187
155 11.9187
156 11.9187
157 11.9187
158 11.9187
159 11.9187
160 11.9187
161 11.9187
162 11.9187
163 11.9187
164 11.9187
165 11.9187
166 11.9187
167 11.9187
168 11.9187
169 11.9187
170 11.9187
171 11.9187
172 11.9187
173 11.9187
174 11.9187
175 11.9187
176 11.9187
177 11.9187
178 11.9187
179 11.9187
180 11.9187
181 11.9187
182 11.9187
183 11.9187
184 11.9187
185 11.9187
186 11.9187
187 11.9187
188 11.9187
189 11.9187
190 11.9187
191 11.9187
192 11.9187
193 11.9187
194 11.9187
195 11.9187
196 11.9187
197 11.9187
198 11.9187
199 11.9187
200 11.9187
201 11.9187
202 11.9187
203 11.9187
204 11.9187
205 11.9187
206 11.9187
207 11.9187
208 11.9187
209 11.9187
210 11.9187
211 11.9187
212 11.9187
213 11.9187
214 11.9187
215 11.9187
216 11.9187
217 11.9187
218 11.9187
219 11.9187
220 11.9187
221 11.9187
222 11.9187
223 11.9187
224 11.9187
225 11.9187
226 11.9187
227 11.9187
228 11.9187
229 11.9187
230 11.9187
231 11.9187
232 11.9187
233 11.9187
234 11.9187
235 11.9187
236 11.9187
237 11.9187
238 11.9187
239 11.9187
240 11.9187
241 11.9187
242 11.9187
243 11.9187
244 11.9187
245 11.9187
246 11.9187
247 12
248 11.7266
249 11.1745
250 10.5004
251 9.79928
252 9.79873
253 9.83496
254 9.87554
255 9.94355
256 10.1637
257 10.1752
258 10.2624
259 10.1376
260 10.1137
261 10.1229
262 10.1868
263 10.5526
264 10.5741
265 10.8002
266 10.7468
267 10.7887
268 11.474
269 11.6156
270 10.867
271 10.0492
272 10.0058
273 10.0193
274 9.81119
275 9.79572
276 9.81188
277 9.83976
278 9.90804
279 10.1655
280 10.1852
281 10.281
282 10.6269
283 10.4689
284 9.8509
285 9.73812
286 9.7063
287 9.68778
288 9.67515
289 9.71053
290 10.106
291 10.18
292 10.6871
293 10.7856
294 11.3912
295 11.2931
296 10.7076
297 10.5899
298 10.5413
299 11.0448
300 11.5726
301 11.91
302 11.9187
303 11.9187
304 11.9187
305 11.9187
306 11.9187
307 11.9187
308 11.9187
309 11.9187
310 11.9187
311 11.9187
312 11.9187
313 11.9187
314 11.9187
315 11.9187
316 11.9187
317 11.9187
318 11.9187
319 11.9187
320 11.9187
321 11.9187
322 11.9187
323 11.9187
324 11.9187
325 11.9187
326 11.9187
327 11.9187
328 11.9187
329 11.9187
330 11.9187
331 11.9187
332 11.9187
333 11.9187
334 11.9187
335 11.9187
336 11.9187
337 11.9187
338 11.9187
339 11.9187
340 11.9187
341 11.9187
342 11.9187
343 11.9187
344 11.9187
345 11.9187
346 11.9187
347 11.9187
348 11.9187
349 11.9187
350 11.9187
351 11.9187
352 11.9187
353 11.9187
354 11.9187
355 11.9187
356 11.9187
357 11.9187
358 11.9187
359 11.9187
360 11.9187
361 11.9187
362 11.9187
363 11.9187
364 11.9187
365 11.9187
366 11.9187
367 11.9187
368 11.9187
369 11.9187
370 11.9187
371 11.9187
372 11.9187
373 11.9187
374 11.9187
375 11.9187
376 11.9187
377 11.9187
378 11.9187
379 11.9187
380 11.9187
381 11.9187
382 11.9187
383 11.9187
384 11.9187
385 11.9187
386 11.9187
387 11.9187
388 11.9187
389 11.9187
390 11.9187
391 11.9187
392 11.9187
393 11.9187
394 11.9187
395 11.9187
396 11.9187
397 11.9187
398 11.9187
399 11.9187
400 11.9187
401 11.9187
402 11.9187
403 11.9187
404 11.9187
405 11.9187
406 11.9187
407 11.9187
408 11.9187
409 11.9187
410 11.9187
411 11.9187
412 11.9187
413 11.9187
414 11.9187
415 11.9187
416 11.9187
417 11.9187
418 11.9187
419 11.9187
420 11.9187
421 11.9187
422 11.9187
423 11.9187
424 11.9187
425 11.9187
426 11.9187
427 11.9187
428 11.9187
429 11.9187
430 11.9187
431 11.9187
432 11.9187
433 11.9187
434 11.9187
435 11.9187
436 11.9187
437 11.9187
438 11.9187
439 11.9187
440 11.9187
441 11.9187
442 11.9187
443 11.9187
444 11.9187
445 11.9187
446 11.9187
447 11.9187
448 11.9187
449 11.9187
450 11.9187
451 11.9187
452 11.9187
453 11.9187
454 11.9187
455 11.9187
456 11.9187
457 11.9187
458 11.9187
459 11.9187
460 11.9187
461 11.9187
462 11.9187
463 11.9187
464 11.9187
465 11.9187
466 11.9187
467 11.9187
468 11.9187
469 11.9187
470 11.9187
471 11.9187
472 11.9187
473 11.9187
474 11.9187
475 11.9187
476 11.9187
477 11.9187
478 11.9187
479 11.9187
480 11.9187
481 11.9187
482 11.9187
483 11.9187
484 11.9187
485 11.9187
486 11.9187
487 11.9187
488 11.9187
489 11.9187
490 11.9187
491 11.9187
492 11.9187
493 11.9187
494 11.9187
495 11.9187
496 11.9187
497 11.9187
498 11.9187
499 11.9187
500 11.9187
501 11.9187
502 11.9187
503 11.9187
504 11.9187
505 11.9187
506 11.9187
507 11.9187
508 11.9187
509 11.9187
510 11.9187
511 11.9187
512 11.9187
513 11.9187
514 11.9187
515 11.9187
516 11.9187
517 11.9187
518 11.9187
519 11.9187
520 11.9187
521 11.9187
522 11.9187
523 11.9187
524 11.9187
525 11.9187
526 11.9187
527 11.9187
528 11.9187
529 11.9187
530 11.9187
531 11.9187
532 11.9187
533 11.9187
534 11.9187
535 11.9187
536 11.9187
537 11.9187
538 11.9187
539 11.9187
540 11.9187
541 11.9187
542 11.9187
543 11.9187
544 11.9187
545 11.9187
546 11.9187
547 11.9187
548 11.9187
549 11.9187
550 11.9187
551 11.9187
552 11.9187
