1 11.9931
2 11.9931
3 11.9931
4 11.9931
5 11.9931
6 11.9931
7 11.9931
8 11.9931
9 11.9931
10 11.9931
11 11.9931
12 11.9931
13 11.9931
14 11.9931
15 11.9931
16 11.9931
17 11.9931
18 11.9931
19 11.9931
20 11.9931
21 11.9931
22 11.9931
23 11.9931
24 11.9931
25 11.9931
26 11.9931
27 11.9931
28 11.9931
29 11.9931
30 11.9931
31 11.9931
32 11.9931
33 11.9931
34 11.9931
35 11.9931
36 11.9931
37 11.9931
38 11.9931
39 11.9931
40 11.9931
41 11.9931
42 11.9931
43 11.9931
44 11.9931
45 11.9931
46 11.9931
47 11.9931
48 11.9931
49 11.9931
50 11.9931
51 11.9931
52 11.9931
53 11.9931
54 11.9931
55 11.9931
56 11.9931
57 11.9931
58 11.9931
59 11.9931
60 11.9931
61 11.9931
62 11.9931
63 11.9931
64 11.9931
65 11.9931
66 11.9931
67 11.9931
68 11.9931
69 11.9931
70 11.9931
71 11.9931
72 11.9931
73 11.9931
74 11.9931
75 11.9931
76 11.9931
77 11.9931
78 11.9931
79 11.9931
80 11.9931
81 11.9931
82 11.9931
83 11.9931
84 11.9931
85 11.9931
86 11.9931
87 11.9931
88 11.9931
89 11.9931
90 11.9931
91 11.9931
92 11.9931
93 11.9931
94 11.9931
95 11.9931
96 11.9931
97 11.9931
98 11.9931
99 11.9931
100 11.9931
101 11.9931
102 11.9931
103 11.9931
104 11.9931
105 11.9931
106 11.9931
107 11.9931
108 11.9931
109 11.9931
110 11.9931
111 11.9931
112 11.9931
113 11.9931
114 11.9931
115 11.9931
116 11.9931
117 11.9931
118 11.9931
119 11.9931
120 11.9931
121 11.9931
122 11.9931
123 11.9931
124 11.9931
125 11.9931
126 11.9931
127 11.9931
128 11.9931
129 11.9931
130 11.9931
131 11.9931
132 11.9931
133 11.9931
134 11.9931
135 11.9931
136 11.9931
137 11.9931
138 11.9931
139 11.9931
140 11.9931
141 11.9931
142 11.9931
143 11.9931
144 11.9931
145 11.9931
146 11.9931
147 11.9931
148 11.9931
149 11.9931
150 11.9931
151 11.9931
152 11.9931
153 11.9931
154 11.9931
155 11.9931
156 11.9931
157 11.9931
158 11.9931
159 11.9931
160 11.9931
161 11.9931
162 11.9931
163 11.9931
164 11.9931
165 11.9931
166 11.9931
167 11.9931
168 11.9931
169 11.9931
170 11.9931
171 11.9931
172 11.9931
173 11.9931
174 11.9931
175 11.9931
176 11.9931
177 11.9931
178 11.9931
179 11.9931
180 11.9931
181 11.9931
182 11.9931
183 11.9931
184 11.9931
185 11.9931
186 11.9931
187 11.9931
188 11.9931
189 11.9931
190 11.9931
191 11.9931
192 11.9931
193 11.9931
194 11.9931
195 11.9931
196 11.9931
197 11.9931
198 11.9931
199 11.9931
200 11.9931
201 11.9931
202 11.9931
203 11.9931
204 11.9931
205 11.9931
206 11.9931
207 11.9931
208 11.9931
209 11.9931
210 11.9931
211 11.9931
212 11.9931
213 11.9931
214 11.9931
215 11.9931
216 11.9931
217 11.9931
218 11.9931
219 11.9931
220 11.9931
221 11.9931
222 11.9931
223 11.9931
224 11.9931
225 11.9931
226 11.9931
227 11.9931
228 11.9931
229 11.9931
230 11.9931
231 11.9931
232 11.9931
233 11.9931
234 11.9712
235 11.6993
236 11.1246
237 10.446
238 9.77256
239 9.11357
240 8.47221
241 7.85303
242 7.25629
243 6.68038
244 6.11989
245 5.56373
246 4.9938
247 4.38786
248 3.7285
249 3.01379
250 2.25935
251 1.48837
252 1.47163
253 1.51091
254 1.5554
255 1.59406
256 1.62456
257 1.64465
258 1.66927
259 1.61593
260 1.61261
261 1.62375
262 1.63717
263 1.64762
264 1.65056
265 1.65818
266 1.64266
267 1.64595
268 1.65156
269 1.65041
270 1.59927
271 1.39655
272 1.36854
273 1.37179
274 1.34054
275 1.34165
276 1.34498
277 1.34597
278 1.34947
279 1.36982
280 1.36485
281 1.36083
282 1.36727
283 1.35476
284 1.34776
285 1.33577
286 1.31825
287 1.2943
288 1.26459
289 1.24033
290 1.29144
291 1.25938
292 1.32202
293 1.2938
294 1.39511
295 1.36893
296 1.32097
297 1.26793
298 1.25813
299 1.96013
300 2.6898
301 3.44422
302 4.21841
303 5.00475
304 5.79323
305 6.57318
306 7.33613
307 8.07884
308 8.8046
309 9.52023
310 10.2307
311 10.9181
312 11.5292
313 11.9148
314 12
315 11.9931
316 11.9931
317 11.9931
318 11.9931
319 11.9931
320 11.9931
321 11.9931
322 11.9931
323 11.9931
324 11.9931
325 11.9931
326 11.9931
327 11.9931
328 11.9931
329 11.9931
330 11.9931
331 11.9931
332 11.9931
333 11.9931
334 11.9931
335 11.9931
336 11.9931
337 11.9931
338 11.9931
339 11.9931
340 11.9931
341 11.9931
342 11.9931
343 11.9931
344 11.9931
345 11.9931
346 11.9931
347 11.9931
348 11.9931
349 11.9931
350 11.9931
351 11.9931
352 11.9931
353 11.9931
354 11.9931
355 11.9931
356 11.9931
357 11.9931
358 11.9931
359 11.9931
360 11.9931
361 11.9931
362 11.9931
363 11.9931
364 11.9931
365 11.9931
366 11.9931
367 11.9931
368 11.9931
369 11.9931
370 11.9931
371 11.9931
372 11.9931
373 11.9931
374 11.9931
375 11.9931
376 11.9931
377 11.9931
378 11.9931
379 11.9931
380 11.9931
381 11.9931
382 11.9931
383 11.9931
384 11.9931
385 11.9931
386 11.9931
387 11.9931
388 11.9931
389 11.9931
390 11.9931
391 11.9931
392 11.9931
393 11.9931
394 11.9931
395 11.9931
396 11.9931
397 11.9931
398 11.9931
399 11.9931
400 11.9931
401 11.9931
402 11.9931
403 11.9931
404 11.9931
405 11.9931
406 11.9931
407 11.9931
408 11.9931
409 11.9931
410 11.9931
411 11.9931
412 11.9931
413 11.9931
414 11.9931
415 11.9931
416 11.9931
417 11.9931
418 11.9931
419 11.9931
420 11.9931
421 11.9931
422 11.9931
423 11.9931
424 11.9931
425 11.9931
426 11.9931
427 11.9931
428 11.9931
429 11.9931
430 11.9931
431 11.9931
432 11.9931
433 11.9931
434 11.9931
435 11.9931
436 11.9931
437 11.9931
438 11.9931
439 11.9931
440 11.9931
441 11.9931
442 11.9931
443 11.9931
444 11.9931
445 11.9931
446 11.9931
447 11.9931
448 11.9931
449 11.9931
450 11.9931
451 11.9931
452 11.9931
453 11.9931
454 11.9931
455 11.9931
456 11.9931
457 11.9931
458 11.9931
459 11.9931
460 11.9931
461 11.9931
462 11.9931
463 11.9931
464 11.9931
465 11.9931
466 11.9931
467 11.9931
468 11.9931
469 11.9931
470 11.9931
471 11.9931
472 11.9931
473 11.9931
474 11.9931
475 11.9931
476 11.9931
477 11.9931
478 11.9931
479 11.9931
480 11.9931
481 11.9931
482 11.9931
483 11.9931
484 11.9931
485 11.9931
486 11.9931
487 11.9931
488 11.9931
489 11.9931
490 11.9931
491 11.9931
492 11.9931
493 11.9931
494 11.9931
495 11.9931
496 11.9931
497 11.9931
498 11.9931
499 11.9931
500 11.9931
501 11.9931
502 11.9931
503 11.9931
504 11.9931
505 11.9931
506 11.9931
507 11.9931
508 11.9931
509 11.9931
510 11.9931
511 11.9931
512 11.9931
513 11.9931
514 11.9931
515 11.9931
516 11.9931
517 11.9931
518 11.9931
519 11.9931
520 11.9931
521 11.9931
522 11.9931
523 11.9931
524 11.9931
525 11.9931
526 11.9931
527 11.9931
528 11.9931
529 11.9931
530 11.9931
531 11.9931
532 11.9931
533 11.9931
534 11.9931
535 11.9931
536 11.9931
537 11.9931
538 11.9931
539 11.9931
540 11.9931
541 11.9931
542 11.9931
543 11.9931
544 11.9931
545 11.9931
546 11.9931
547 11.9931
548 11.9931
549 11.9931
550 11.9931
551 11.9931
552 11.9931
