1 11.9869
2 11.9869
3 11.9869
4 11.9869
5 11.9869
6 11.9869
7 11.9869
8 11.9869
9 11.9869
10 11.9869
11 11.9869
12 11.9869
13 11.9869
14 11.9869
15 11.9869
16 11.9869
17 11.9869
18 11.9869
19 11.9869
20 11.9869
21 11.9869
22 11.9869
23 11.9869
24 11.9869
25 11.9869
26 11.9869
27 11.9869
28 11.9869
29 11.9869
30 11.9869
31 11.9869
32 11.9869
33 11.9869
34 11.9869
35 11.9869
36 11.9869
37 11.9869
38 11.9869
39 11.9869
40 11.9869
41 11.9869
42 11.9869
43 11.9869
44 11.9869
45 11.9869
46 11.9869
47 11.9869
48 11.9869
49 11.9869
50 11.9869
51 11.9869
52 11.9869
53 11.9869
54 11.9869
55 11.9869
56 11.9869
57 11.9869
58 11.9869
59 11.9869
60 11.9869
61 11.9869
62 11.9869
63 11.9869
64 11.9869
65 11.9869
66 11.9869
67 11.9869
68 11.9869
69 11.9869
70 11.9869
71 11.9869
72 11.9869
73 11.9869
74 11.9869
75 11.9869
76 11.9869
77 11.9869
78 11.9869
79 11.9869
80 11.9869
81 11.9869
82 11.9869
83 11.9869
84 11.9869
85 11.9869
86 11.9869
87 11.9869
88 11.9869
89 11.9869
90 11.9869
91 11.9869
92 11.9869
93 11.9869
94 11.9869
95 11.9869
96 11.9869
97 11.9869
98 11.9869
99 11.9869
100 11.9869
101 11.9869
102 11.9869
103 11.9869
104 11.9869
105 11.9869
106 11.9869
107 11.9869
108 11.9869
109 11.9869
110 11.9869
111 11.9869
112 11.9869
113 11.9869
114 11.9869
115 11.9869
116 11.9869
117 11.9869
118 11.9869
119 11.9869
120 11.9869
121 11.9869
122 11.9869
123 11.9869
124 11.9869
125 11.9869
126 11.9869
127 11.9869
128 11.9869
129 11.9869
130 11.9869
131 11.9869
132 11.9869
133 11.9869
134 11.9869
135 11.9869
136 11.9869
137 11.9869
138 11.9869
139 11.9869
140 11.9869
141 11.9869
142 11.9869
143 11.9869
144 11.9869
145 11.9869
146 11.9869
147 11.9869
148 11.9869
149 11.9869
150 11.9869
151 11.9869
152 11.9869
153 11.9869
154 11.9869
155 11.9869
156 11.9869
157 11.9869
158 11.9869
159 11.9869
160 11.9869
161 11.9869
162 11.9869
163 11.9869
164 11.9869
165 11.9869
166 11.9869
167 11.9869
168 11.9869
169 11.9869
170 11.9869
171 11.9869
172 11.9869
173 11.9869
174 11.9869
175 11.9869
176 11.9869
177 11.9869
178 11.9869
179 11.9869
180 11.9869
181 11.9869
182 11.9869
183 11.9869
184 11.9869
185 11.9869
186 11.9869
187 11.9869
188 11.9869
189 11.9869
190 11.9869
191 11.9869
192 11.9869
193 11.9869
194 11.9869
195 11.9869
196 11.9869
197 11.9869
198 11.9869
199 11.9869
200 11.9869
201 11.9869
202 11.9869
203 11.9869
204 11.9869
205 11.9869
206 11.9869
207 11.9869
208 11.9869
209 11.9869
210 11.9869
211 11.9869
212 11.9869
213 11.9869
214 11.9869
215 11.9869
216 11.9869
217 11.9869
218 11.9869
219 11.9869
220 11.9869
221 11.9869
222 11.9869
223 11.9869
224 11.9869
225 11.9869
226 11.9869
227 11.9869
228 11.9869
229 11.9869
230 11.9869
231 11.9869
232 11.9869
233 11.9869
234 12
235 11.8329
236 11.3271
237 10.6699
238 9.98362
239 9.30453
240 8.63857
241 7.99093
242 7.36557
243 6.76286
244 6.182
245 5.61895
246 5.06445
247 4.50215
248 3.90984
249 3.26683
250 2.56582
251 1.81864
252 1.79865
253 1.83378
254 1.8751
255 1.91185
256 1.94138
257 1.96233
258 1.98791
259 1.9414
260 1.94049
261 1.95197
262 1.96448
263 1.97295
264 1.97106
265 1.9753
266 1.94524
267 1.94287
268 1.95292
269 1.9414
270 1.84668
271 1.54608
272 1.50152
273 1.5028
274 1.45726
275 1.45748
276 1.46187
277 1.4628
278 1.46279
279 1.47129
280 1.46475
281 1.45482
282 1.44622
283 1.4325
284 1.4271
285 1.41588
286 1.39809
287 1.37233
288 1.33909
289 1.31186
290 1.37551
291 1.35212
292 1.4573
293 1.44354
294 1.60468
295 1.59732
296 1.55104
297 1.50315
298 1.50363
299 2.24164
300 3.00356
301 3.78358
302 4.5731
303 5.36129
304 6.13741
305 6.89403
306 7.62991
307 8.35031
308 9.06328
309 9.77602
310 10.4807
311 11.1379
312 11.675
313 11.9761
314 11.9869
315 11.9869
316 11.9869
317 11.9869
318 11.9869
319 11.9869
320 11.9869
321 11.9869
322 11.9869
323 11.9869
324 11.9869
325 11.9869
326 11.9869
327 11.9869
328 11.9869
329 11.9869
330 11.9869
331 11.9869
332 11.9869
333 11.9869
334 11.9869
335 11.9869
336 11.9869
337 11.9869
338 11.9869
339 11.9869
340 11.9869
341 11.9869
342 11.9869
343 11.9869
344 11.9869
345 11.9869
346 11.9869
347 11.9869
348 11.9869
349 11.9869
350 11.9869
351 11.9869
352 11.9869
353 11.9869
354 11.9869
355 11.9869
356 11.9869
357 11.9869
358 11.9869
359 11.9869
360 11.9869
361 11.9869
362 11.9869
363 11.9869
364 11.9869
365 11.9869
366 11.9869
367 11.9869
368 11.9869
369 11.9869
370 11.9869
371 11.9869
372 11.9869
373 11.9869
374 11.9869
375 11.9869
376 11.9869
377 11.9869
378 11.9869
379 11.9869
380 11.9869
381 11.9869
382 11.9869
383 11.9869
384 11.9869
385 11.9869
386 11.9869
387 11.9869
388 11.9869
389 11.9869
390 11.9869
391 11.9869
392 11.9869
393 11.9869
394 11.9869
395 11.9869
396 11.9869
397 11.9869
398 11.9869
399 11.9869
400 11.9869
401 11.9869
402 11.9869
403 11.9869
404 11.9869
405 11.9869
406 11.9869
407 11.9869
408 11.9869
409 11.9869
410 11.9869
411 11.9869
412 11.9869
413 11.9869
414 11.9869
415 11.9869
416 11.9869
417 11.9869
418 11.9869
419 11.9869
420 11.9869
421 11.9869
422 11.9869
423 11.9869
424 11.9869
425 11.9869
426 11.9869
427 11.9869
428 11.9869
429 11.9869
430 11.9869
431 11.9869
432 11.9869
433 11.9869
434 11.9869
435 11.9869
436 11.9869
437 11.9869
438 11.9869
439 11.9869
440 11.9869
441 11.9869
442 11.9869
443 11.9869
444 11.9869
445 11.9869
446 11.9869
447 11.9869
448 11.9869
449 11.9869
450 11.9869
451 11.9869
452 11.9869
453 11.9869
454 11.9869
455 11.9869
456 11.9869
457 11.9869
458 11.9869
459 11.9869
460 11.9869
461 11.9869
462 11.9869
463 11.9869
464 11.9869
465 11.9869
466 11.9869
467 11.9869
468 11.9869
469 11.9869
470 11.9869
471 11.9869
472 11.9869
473 11.9869
474 11.9869
475 11.9869
476 11.9869
477 11.9869
478 11.9869
479 11.9869
480 11.9869
481 11.9869
482 11.9869
483 11.9869
484 11.9869
485 11.9869
486 11.9869
487 11.9869
488 11.9869
489 11.9869
490 11.9869
491 11.9869
492 11.9869
493 11.9869
494 11.9869
495 11.9869
496 11.9869
497 11.9869
498 11.9869
499 11.9869
500 11.9869
501 11.9869
502 11.9869
503 11.9869
504 11.9869
505 11.9869
506 11.9869
507 11.9869
508 11.9869
509 11.9869
510 11.9869
511 11.9869
512 11.9869
513 11.9869
514 11.9869
515 11.9869
516 11.9869
517 11.9869
518 11.9869
519 11.9869
520 11.9869
521 11.9869
522 11.9869
523 11.9869
524 11.9869
525 11.9869
526 11.9869
527 11.9869
528 11.9869
529 11.9869
530 11.9869
531 11.9869
532 11.9869
533 11.9869
534 11.9869
535 11.9869
536 11.9869
537 11.9869
538 11.9869
539 11.9869
540 11.9869
541 11.9869
542 11.9869
543 11.9869
544 11.9869
545 11.9869
546 11.9869
547 11.9869
548 11.9869
549 11.9869
550 11.9869
551 11.9869
552 11.9869
