1 11.9967
2 11.9967
3 11.9967
4 11.9967
5 11.9967
6 11.9967
7 11.9967
8 11.9967
9 11.9967
10 11.9967
11 11.9967
12 11.9967
13 11.9967
14 11.9967
15 11.9967
16 11.9967
17 11.9967
18 11.9967
19 11.9967
20 11.9967
21 11.9967
22 11.9967
23 11.9967
24 11.9967
25 11.9967
26 11.9967
27 11.9967
28 11.9967
29 11.9967
30 11.9967
31 11.9967
32 11.9967
33 11.9967
34 11.9967
35 11.9967
36 11.9967
37 11.9967
38 11.9967
39 11.9967
40 11.9967
41 11.9967
42 11.9967
43 11.9967
44 11.9967
45 11.9967
46 11.9967
47 11.9967
48 11.9967
49 11.9967
50 11.9967
51 11.9967
52 11.9967
53 11.9967
54 11.9967
55 11.9967
56 11.9967
57 11.9967
58 11.9967
59 11.9967
60 11.9967
61 11.9967
62 11.9967
63 11.9967
64 11.9967
65 11.9967
66 11.9967
67 11.9967
68 11.9967
69 11.9967
70 11.9967
71 11.9967
72 11.9967
73 11.9967
74 11.9967
75 11.9967
76 11.9967
77 11.9967
78 11.9967
79 11.9967
80 11.9967
81 11.9967
82 11.9967
83 11.9967
84 11.9967
85 11.9967
86 11.9967
87 11.9967
88 11.9967
89 11.9967
90 11.9967
91 11.9967
92 11.9967
93 11.9967
94 11.9967
95 11.9967
96 11.9967
97 11.9967
98 11.9967
99 11.9967
100 11.9967
101 11.9967
102 11.9967
103 11.9967
104 11.9967
105 11.9967
106 11.9967
107 11.9967
108 11.9967
109 11.9967
110 11.9967
111 11.9967
112 11.9967
113 11.9967
114 11.9967
115 11.9967
116 11.9967
117 11.9967
118 11.9967
119 11.9967
120 11.9967
121 11.9967
122 11.9967
123 11.9967
124 11.9967
125 11.9967
126 11.9967
127 11.9967
128 11.9967
129 11.9967
130 11.9967
131 11.9967
132 11.9967
133 11.9967
134 11.9967
135 11.9967
136 11.9967
137 11.9967
138 11.9967
139 11.9967
140 11.9967
141 11.9967
142 11.9967
143 11.9967
144 11.9967
145 11.9967
146 11.9967
147 11.9967
148 11.9967
149 11.9967
150 11.9967
151 11.9967
152 11.9967
153 11.9967
154 11.9967
155 11.9967
156 11.9967
157 11.9967
158 11.9967
159 11.9967
160 11.9967
161 11.9967
162 11.9967
163 11.9967
164 11.9967
165 11.9967
166 11.9967
167 11.9967
168 11.9967
169 11.9967
170 11.9967
171 11.9967
172 11.9967
173 11.9967
174 11.9967
175 11.9967
176 11.9967
177 11.9967
178 11.9967
179 11.9967
180 11.9967
181 11.9967
182 11.9967
183 11.9967
184 11.9967
185 11.9967
186 11.9967
187 11.9967
188 11.9967
189 11.9967
190 11.9967
191 11.9967
192 11.9967
193 11.9967
194 11.9967
195 11.9967
196 11.9967
197 11.9967
198 11.9967
199 11.9967
200 11.9967
201 11.9967
202 11.9967
203 11.9967
204 11.9967
205 11.9967
206 11.9967
207 11.9967
208 11.9967
209 11.9967
210 11.9967
211 11.9967
212 11.9967
213 11.9967
214 11.9967
215 11.9967
216 11.9967
217 11.9967
218 11.9967
219 11.9967
220 11.9967
221 11.9967
222 11.9967
223 11.9967
224 11.9967
225 11.9967
226 11.9967
227 12
228 11.9114
229 11.5835
230 11.0515
231 10.4583
232 9.87059
233 9.29716
234 8.73503
235 8.18026
236 7.63099
237 7.08704
238 6.54957
239 6.02083
240 5.50374
241 5.00145
242 4.51704
243 4.0533
244 3.6126
245 3.19682
246 2.80739
247 2.44533
248 2.11132
249 1.8057
250 1.52857
251 1.27979
252 1.31859
253 1.34724
254 1.35911
255 1.36313
256 1.36433
257 1.36575
258 1.36613
259 1.36655
260 1.36666
261 1.36668
262 1.36668
263 1.36669
264 1.36669
265 1.36669
266 1.36669
267 1.36669
268 1.36669
269 1.36669
270 1.36669
271 1.36669
272 1.36669
273 1.36669
274 1.36669
275 1.36669
276 1.36669
277 1.36669
278 1.36669
279 1.36669
280 1.36669
281 1.36669
282 1.36669
283 1.36669
284 1.36669
285 1.36669
286 1.36668
287 1.36665
288 1.36654
289 1.36604
290 1.36406
291 1.36224
292 1.35573
293 1.35002
294 1.33271
295 1.31791
296 1.30567
297 1.27594
298 1.23413
299 1.47359
300 1.7399
301 2.0332
302 2.35348
303 2.70064
304 3.07448
305 3.47474
306 3.90115
307 4.35338
308 4.83112
309 5.33402
310 5.86175
311 6.41398
312 6.99055
313 7.59152
314 8.21762
315 8.87092
316 9.55617
317 10.2795
318 11.0228
319 11.6479
320 11.9519
321 11.9996
322 11.9967
323 11.9967
324 11.9967
325 11.9967
326 11.9967
327 11.9967
328 11.9967
329 11.9967
330 11.9967
331 11.9967
332 11.9967
333 11.9967
334 11.9967
335 11.9967
336 11.9967
337 11.9967
338 11.9967
339 11.9967
340 11.9967
341 11.9967
342 11.9967
343 11.9967
344 11.9967
345 11.9967
346 11.9967
347 11.9967
348 11.9967
349 11.9967
350 11.9967
351 11.9967
352 11.9967
353 11.9967
354 11.9967
355 11.9967
356 11.9967
357 11.9967
358 11.9967
359 11.9967
360 11.9967
361 11.9967
362 11.9967
363 11.9967
364 11.9967
365 11.9967
366 11.9967
367 11.9967
368 11.9967
369 11.9967
370 11.9967
371 11.9967
372 11.9967
373 11.9967
374 11.9967
375 11.9967
376 11.9967
377 11.9967
378 11.9967
379 11.9967
380 11.9967
381 11.9967
382 11.9967
383 11.9967
384 11.9967
385 11.9967
386 11.9967
387 11.9967
388 11.9967
389 11.9967
390 11.9967
391 11.9967
392 11.9967
393 11.9967
394 11.9967
395 11.9967
396 11.9967
397 11.9967
398 11.9967
399 11.9967
400 11.9967
401 11.9967
402 11.9967
403 11.9967
404 11.9967
405 11.9967
406 11.9967
407 11.9967
408 11.9967
409 11.9967
410 11.9967
411 11.9967
412 11.9967
413 11.9967
414 11.9967
415 11.9967
416 11.9967
417 11.9967
418 11.9967
419 11.9967
420 11.9967
421 11.9967
422 11.9967
423 11.9967
424 11.9967
425 11.9967
426 11.9967
427 11.9967
428 11.9967
429 11.9967
430 11.9967
431 11.9967
432 11.9967
433 11.9967
434 11.9967
435 11.9967
436 11.9967
437 11.9967
438 11.9967
439 11.9967
440 11.9967
441 11.9967
442 11.9967
443 11.9967
444 11.9967
445 11.9967
446 11.9967
447 11.9967
448 11.9967
449 11.9967
450 11.9967
451 11.9967
452 11.9967
453 11.9967
454 11.9967
455 11.9967
456 11.9967
457 11.9967
458 11.9967
459 11.9967
460 11.9967
461 11.9967
462 11.9967
463 11.9967
464 11.9967
465 11.9967
466 11.9967
467 11.9967
468 11.9967
469 11.9967
470 11.9967
471 11.9967
472 11.9967
473 11.9967
474 11.9967
475 11.9967
476 11.9967
477 11.9967
478 11.9967
479 11.9967
480 11.9967
481 11.9967
482 11.9967
483 11.9967
484 11.9967
485 11.9967
486 11.9967
487 11.9967
488 11.9967
489 11.9967
490 11.9967
491 11.9967
492 11.9967
493 11.9967
494 11.9967
495 11.9967
496 11.9967
497 11.9967
498 11.9967
499 11.9967
500 11.9967
501 11.9967
502 11.9967
503 11.9967
504 11.9967
505 11.9967
506 11.9967
507 11.9967
508 11.9967
509 11.9967
510 11.9967
511 11.9967
512 11.9967
513 11.9967
514 11.9967
515 11.9967
516 11.9967
517 11.9967
518 11.9967
519 11.9967
520 11.9967
521 11.9967
522 11.9967
523 11.9967
524 11.9967
525 11.9967
526 11.9967
527 11.9967
528 11.9967
529 11.9967
530 11.9967
531 11.9967
532 11.9967
533 11.9967
534 11.9967
535 11.9967
536 11.9967
537 11.9967
538 11.9967
539 11.9967
540 11.9967
541 11.9967
542 11.9967
543 11.9967
544 11.9967
545 11.9967
546 11.9967
547 11.9967
548 11.9967
549 11.9967
550 11.9967
551 11.9967
552 11.9967
