1 11.96
2 11.96
3 11.96
4 11.96
5 11.96
6 11.96
7 11.96
8 11.96
9 11.96
10 11.96
11 11.96
12 11.96
13 11.96
14 11.96
15 11.96
16 11.96
17 11.96
18 11.96
19 11.96
20 11.96
21 11.96
22 11.96
23 11.96
24 11.96
25 11.96
26 11.96
27 11.96
28 11.96
29 11.96
30 11.96
31 11.96
32 11.96
33 11.96
34 11.96
35 11.96
36 11.96
37 11.96
38 11.96
39 11.96
40 11.96
41 11.96
42 11.96
43 11.96
44 11.96
45 11.96
46 11.96
47 11.96
48 11.96
49 11.96
50 11.96
51 11.96
52 11.96
53 11.96
54 11.96
55 11.96
56 11.96
57 11.96
58 11.96
59 11.96
60 11.96
61 11.96
62 11.96
63 11.96
64 11.96
65 11.96
66 11.96
67 11.96
68 11.96
69 11.96
70 11.96
71 11.96
72 11.96
73 11.96
74 11.96
75 11.96
76 11.96
77 11.96
78 11.96
79 11.96
80 11.96
81 11.96
82 11.96
83 11.96
84 11.96
85 11.96
86 11.96
87 11.96
88 11.96
89 11.96
90 11.96
91 11.96
92 11.96
93 11.96
94 11.96
95 11.96
96 11.96
97 11.96
98 11.96
99 11.96
100 11.96
101 11.96
102 11.96
103 11.96
104 11.96
105 11.96
106 11.96
107 11.96
108 11.96
109 11.96
110 11.96
111 11.96
112 11.96
113 11.96
114 11.96
115 11.96
116 11.96
117 11.96
118 11.96
119 11.96
120 11.96
121 11.96
122 11.96
123 11.96
124 11.96
125 11.96
126 11.96
127 11.96
128 11.96
129 11.96
130 11.96
131 11.96
132 11.96
133 11.96
134 11.96
135 11.96
136 11.96
137 11.96
138 11.96
139 11.96
140 11.96
141 11.96
142 11.96
143 11.96
144 11.96
145 11.96
146 11.96
147 11.96
148 11.96
149 11.96
150 11.96
151 11.96
152 11.96
153 11.96
154 11.96
155 11.96
156 11.96
157 11.96
158 11.96
159 11.96
160 11.96
161 11.96
162 11.96
163 11.96
164 11.96
165 11.96
166 11.96
167 11.96
168 11.96
169 11.96
170 11.96
171 11.96
172 11.96
173 11.96
174 11.96
175 11.96
176 11.96
177 11.96
178 11.96
179 11.96
180 11.96
181 11.96
182 11.96
183 11.96
184 11.96
185 11.96
186 11.96
187 11.96
188 11.96
189 11.96
190 11.96
191 11.96
192 11.96
193 11.96
194 11.96
195 11.96
196 11.96
197 11.96
198 11.96
199 11.96
200 11.96
201 11.96
202 11.96
203 11.96
204 11.96
205 11.96
206 11.96
207 11.96
208 11.96
209 11.96
210 11.96
211 11.96
212 11.96
213 11.96
214 11.96
215 11.96
216 11.96
217 11.96
218 11.96
219 11.96
220 11.96
221 11.96
222 11.96
223 11.96
224 11.96
225 11.96
226 11.96
227 11.96
228 11.96
229 11.96
230 11.9996
231 11.8154
232 11.3843
233 10.8517
234 10.2852
235 9.71036
236 9.1358
237 8.56696
238 8.00421
239 7.44657
240 6.8929
241 6.34235
242 5.79499
243 5.25195
244 4.71543
245 4.18849
246 3.67462
247 3.17742
248 2.70022
249 2.24593
250 1.81688
251 1.41488
252 1.44799
253 1.48594
254 1.50606
255 1.51463
256 1.51784
257 1.52222
258 1.52368
259 1.52557
260 1.52613
261 1.52629
262 1.52633
263 1.52634
264 1.52635
265 1.52635
266 1.52636
267 1.52636
268 1.52635
269 1.52635
270 1.52635
271 1.52636
272 1.52636
273 1.52636
274 1.52636
275 1.52636
276 1.52636
277 1.52636
278 1.52636
279 1.52636
280 1.52636
281 1.52636
282 1.52635
283 1.52635
284 1.52635
285 1.52634
286 1.52628
287 1.52607
288 1.52526
289 1.52238
290 1.51327
291 1.50587
292 1.48605
293 1.47025
294 1.43599
295 1.40748
296 1.38556
297 1.34367
298 1.30245
299 1.6881
300 2.10128
301 2.54168
302 3.00894
303 3.50268
304 4.02252
305 4.56803
306 5.13872
307 5.73407
308 6.35339
309 6.9958
310 7.65993
311 8.34365
312 9.04312
313 9.75107
314 10.4558
315 11.1324
316 11.72
317 12
318 11.96
319 11.96
320 11.96
321 11.96
322 11.96
323 11.96
324 11.96
325 11.96
326 11.96
327 11.96
328 11.96
329 11.96
330 11.96
331 11.96
332 11.96
333 11.96
334 11.96
335 11.96
336 11.96
337 11.96
338 11.96
339 11.96
340 11.96
341 11.96
342 11.96
343 11.96
344 11.96
345 11.96
346 11.96
347 11.96
348 11.96
349 11.96
350 11.96
351 11.96
352 11.96
353 11.96
354 11.96
355 11.96
356 11.96
357 11.96
358 11.96
359 11.96
360 11.96
361 11.96
362 11.96
363 11.96
364 11.96
365 11.96
366 11.96
367 11.96
368 11.96
369 11.96
370 11.96
371 11.96
372 11.96
373 11.96
374 11.96
375 11.96
376 11.96
377 11.96
378 11.96
379 11.96
380 11.96
381 11.96
382 11.96
383 11.96
384 11.96
385 11.96
386 11.96
387 11.96
388 11.96
389 11.96
390 11.96
391 11.96
392 11.96
393 11.96
394 11.96
395 11.96
396 11.96
397 11.96
398 11.96
399 11.96
400 11.96
401 11.96
402 11.96
403 11.96
404 11.96
405 11.96
406 11.96
407 11.96
408 11.96
409 11.96
410 11.96
411 11.96
412 11.96
413 11.96
414 11.96
415 11.96
416 11.96
417 11.96
418 11.96
419 11.96
420 11.96
421 11.96
422 11.96
423 11.96
424 11.96
425 11.96
426 11.96
427 11.96
428 11.96
429 11.96
430 11.96
431 11.96
432 11.96
433 11.96
434 11.96
435 11.96
436 11.96
437 11.96
438 11.96
439 11.96
440 11.96
441 11.96
442 11.96
443 11.96
444 11.96
445 11.96
446 11.96
447 11.96
448 11.96
449 11.96
450 11.96
451 11.96
452 11.96
453 11.96
454 11.96
455 11.96
456 11.96
457 11.96
458 11.96
459 11.96
460 11.96
461 11.96
462 11.96
463 11.96
464 11.96
465 11.96
466 11.96
467 11.96
468 11.96
469 11.96
470 11.96
471 11.96
472 11.96
473 11.96
474 11.96
475 11.96
476 11.96
477 11.96
478 11.96
479 11.96
480 11.96
481 11.96
482 11.96
483 11.96
484 11.96
485 11.96
486 11.96
487 11.96
488 11.96
489 11.96
490 11.96
491 11.96
492 11.96
493 11.96
494 11.96
495 11.96
496 11.96
497 11.96
498 11.96
499 11.96
500 11.96
501 11.96
502 11.96
503 11.96
504 11.96
505 11.96
506 11.96
507 11.96
508 11.96
509 11.96
510 11.96
511 11.96
512 11.96
513 11.96
514 11.96
515 11.96
516 11.96
517 11.96
518 11.96
519 11.96
520 11.96
521 11.96
522 11.96
523 11.96
524 11.96
525 11.96
526 11.96
527 11.96
528 11.96
529 11.96
530 11.96
531 11.96
532 11.96
533 11.96
534 11.96
535 11.96
536 11.96
537 11.96
538 11.96
539 11.96
540 11.96
541 11.96
542 11.96
543 11.96
544 11.96
545 11.96
546 11.96
547 11.96
548 11.96
549 11.96
550 11.96
551 11.96
552 11.96
