1 11.9388
2 11.9388
3 11.9388
4 11.9388
5 11.9388
6 11.9388
7 11.9388
8 11.9388
9 11.9388
10 11.9388
11 11.9388
12 11.9388
13 11.9388
14 11.9388
15 11.9388
16 11.9388
17 11.9388
18 11.9388
19 11.9388
20 11.9388
21 11.9388
22 11.9388
23 11.9388
24 11.9388
25 11.9388
26 11.9388
27 11.9388
28 11.9388
29 11.9388
30 11.9388
31 11.9388
32 11.9388
33 11.9388
34 11.9388
35 11.9388
36 11.9388
37 11.9388
38 11.9388
39 11.9388
40 11.9388
41 11.9388
42 11.9388
43 11.9388
44 11.9388
45 11.9388
46 11.9388
47 11.9388
48 11.9388
49 11.9388
50 11.9388
51 11.9388
52 11.9388
53 11.9388
54 11.9388
55 11.9388
56 11.9388
57 11.9388
58 11.9388
59 11.9388
60 11.9388
61 11.9388
62 11.9388
63 11.9388
64 11.9388
65 11.9388
66 11.9388
67 11.9388
68 11.9388
69 11.9388
70 11.9388
71 11.9388
72 11.9388
73 11.9388
74 11.9388
75 11.9388
76 11.9388
77 11.9388
78 11.9388
79 11.9388
80 11.9388
81 11.9388
82 11.9388
83 11.9388
84 11.9388
85 11.9388
86 11.9388
87 11.9388
88 11.9388
89 11.9388
90 11.9388
91 11.9388
92 11.9388
93 11.9388
94 11.9388
95 11.9388
96 11.9388
97 11.9388
98 11.9388
99 11.9388
100 11.9388
101 11.9388
102 11.9388
103 11.9388
104 11.9388
105 11.9388
106 11.9388
107 11.9388
108 11.9388
109 11.9388
110 11.9388
111 11.9388
112 11.9388
113 11.9388
114 11.9388
115 11.9388
116 11.9388
117 11.9388
118 11.9388
119 11.9388
120 11.9388
121 11.9388
122 11.9388
123 11.9388
124 11.9388
125 11.9388
126 11.9388
127 11.9388
128 11.9388
129 11.9388
130 11.9388
131 11.9388
132 11.9388
133 11.9388
134 11.9388
135 11.9388
136 11.9388
137 11.9388
138 11.9388
139 11.9388
140 11.9388
141 11.9388
142 11.9388
143 11.9388
144 11.9388
145 11.9388
146 11.9388
147 11.9388
148 11.9388
149 11.9388
150 11.9388
151 11.9388
152 11.9388
153 11.9388
154 11.9388
155 11.9388
156 11.9388
157 11.9388
158 11.9388
159 11.9388
160 11.9388
161 11.9388
162 11.9388
163 11.9388
164 11.9388
165 11.9388
166 11.9388
167 11.9388
168 11.9388
169 11.9388
170 11.9388
171 11.9388
172 11.9388
173 11.9388
174 11.9388
175 11.9388
176 11.9388
177 11.9388
178 11.9388
179 11.9388
180 11.9388
181 11.9388
182 11.9388
183 11.9388
184 11.9388
185 11.9388
186 11.9388
187 11.9388
188 11.9388
189 11.9388
190 11.9388
191 11.9388
192 11.9388
193 11.9388
194 11.9388
195 11.9388
196 11.9388
197 11.9388
198 11.9388
199 11.9388
200 11.9388
201 11.9388
202 11.9388
203 11.9388
204 11.9388
205 11.9388
206 11.9388
207 11.9388
208 11.9388
209 11.9388
210 11.9388
211 11.9388
212 11.9388
213 11.9388
214 11.9388
215 11.9388
216 11.9388
217 11.9388
218 11.9388
219 11.9388
220 11.9388
221 11.9388
222 11.9388
223 11.9388
224 11.9388
225 11.9388
226 11.9388
227 11.9388
228 11.9388
229 11.9388
230 11.9388
231 11.9388
232 11.9388
233 11.9388
234 11.9388
235 11.9388
236 11.9388
237 11.9388
238 11.9388
239 11.9388
240 11.9388
241 11.9388
242 11.9388
243 12
244 11.7979
245 11.2367
246 10.5372
247 9.805
248 9.06891
249 8.33841
250 7.61825
251 6.91408
252 6.91977
253 6.96818
254 7.00964
255 7.03336
256 7.03822
257 7.06489
258 7.07435
259 7.10752
260 7.12408
261 7.136
262 7.18599
263 7.45624
264 7.52476
265 7.78432
266 7.83832
267 7.99329
268 8.64616
269 8.72054
270 8.21975
271 7.33789
272 7.22554
273 7.20573
274 6.93968
275 6.88653
276 6.8808
277 6.88281
278 6.87861
279 6.86725
280 6.8686
281 6.8665
282 6.87308
283 6.8767
284 6.88252
285 6.88967
286 6.88793
287 6.88255
288 6.89125
289 6.96664
290 7.38553
291 7.44611
292 7.81263
293 7.85049
294 8.19158
295 8.22684
296 8.1904
297 8.15119
298 8.16361
299 8.93953
300 9.71871
301 10.4669
302 11.1387
303 11.6788
304 11.9599
305 11.9685
306 11.9388
307 11.9388
308 11.9388
309 11.9388
310 11.9388
311 11.9388
312 11.9388
313 11.9388
314 11.9388
315 11.9388
316 11.9388
317 11.9388
318 11.9388
319 11.9388
320 11.9388
321 11.9388
322 11.9388
323 11.9388
324 11.9388
325 11.9388
326 11.9388
327 11.9388
328 11.9388
329 11.9388
330 11.9388
331 11.9388
332 11.9388
333 11.9388
334 11.9388
335 11.9388
336 11.9388
337 11.9388
338 11.9388
339 11.9388
340 11.9388
341 11.9388
342 11.9388
343 11.9388
344 11.9388
345 11.9388
346 11.9388
347 11.9388
348 11.9388
349 11.9388
350 11.9388
351 11.9388
352 11.9388
353 11.9388
354 11.9388
355 11.9388
356 11.9388
357 11.9388
358 11.9388
359 11.9388
360 11.9388
361 11.9388
362 11.9388
363 11.9388
364 11.9388
365 11.9388
366 11.9388
367 11.9388
368 11.9388
369 11.9388
370 11.9388
371 11.9388
372 11.9388
373 11.9388
374 11.9388
375 11.9388
376 11.9388
377 11.9388
378 11.9388
379 11.9388
380 11.9388
381 11.9388
382 11.9388
383 11.9388
384 11.9388
385 11.9388
386 11.9388
387 11.9388
388 11.9388
389 11.9388
390 11.9388
391 11.9388
392 11.9388
393 11.9388
394 11.9388
395 11.9388
396 11.9388
397 11.9388
398 11.9388
399 11.9388
400 11.9388
401 11.9388
402 11.9388
403 11.9388
404 11.9388
405 11.9388
406 11.9388
407 11.9388
408 11.9388
409 11.9388
410 11.9388
411 11.9388
412 11.9388
413 11.9388
414 11.9388
415 11.9388
416 11.9388
417 11.9388
418 11.9388
419 11.9388
420 11.9388
421 11.9388
422 11.9388
423 11.9388
424 11.9388
425 11.9388
426 11.9388
427 11.9388
428 11.9388
429 11.9388
430 11.9388
431 11.9388
432 11.9388
433 11.9388
434 11.9388
435 11.9388
436 11.9388
437 11.9388
438 11.9388
439 11.9388
440 11.9388
441 11.9388
442 11.9388
443 11.9388
444 11.9388
445 11.9388
446 11.9388
447 11.9388
448 11.9388
449 11.9388
450 11.9388
451 11.9388
452 11.9388
453 11.9388
454 11.9388
455 11.9388
456 11.9388
457 11.9388
458 11.9388
459 11.9388
460 11.9388
461 11.9388
462 11.9388
463 11.9388
464 11.9388
465 11.9388
466 11.9388
467 11.9388
468 11.9388
469 11.9388
470 11.9388
471 11.9388
472 11.9388
473 11.9388
474 11.9388
475 11.9388
476 11.9388
477 11.9388
478 11.9388
479 11.9388
480 11.9388
481 11.9388
482 11.9388
483 11.9388
484 11.9388
485 11.9388
486 11.9388
487 11.9388
488 11.9388
489 11.9388
490 11.9388
491 11.9388
492 11.9388
493 11.9388
494 11.9388
495 11.9388
496 11.9388
497 11.9388
498 11.9388
499 11.9388
500 11.9388
501 11.9388
502 11.9388
503 11.9388
504 11.9388
505 11.9388
506 11.9388
507 11.9388
508 11.9388
509 11.9388
510 11.9388
511 11.9388
512 11.9388
513 11.9388
514 11.9388
515 11.9388
516 11.9388
517 11.9388
518 11.9388
519 11.9388
520 11.9388
521 11.9388
522 11.9388
523 11.9388
524 11.9388
525 11.9388
526 11.9388
527 11.9388
528 11.9388
529 11.9388
530 11.9388
531 11.9388
532 11.9388
533 11.9388
534 11.9388
535 11.9388
536 11.9388
537 11.9388
538 11.9388
539 11.9388
540 11.9388
541 11.9388
542 11.9388
543 11.9388
544 11.9388
545 11.9388
546 11.9388
547 11.9388
548 11.9388
549 11.9388
550 11.9388
551 11.9388
552 11.9388
