1 11.9848
2 11.9848
3 11.9848
4 11.9848
5 11.9848
6 11.9848
7 11.9848
8 11.9848
9 11.9848
10 11.9848
11 11.9848
12 11.9848
13 11.9848
14 11.9848
15 11.9848
16 11.9848
17 11.9848
18 11.9848
19 11.9848
20 11.9848
21 11.9848
22 11.9848
23 11.9848
24 11.9848
25 11.9848
26 11.9848
27 11.9848
28 11.9848
29 11.9848
30 11.9848
31 11.9848
32 11.9848
33 11.9848
34 11.9848
35 11.9848
36 11.9848
37 11.9848
38 11.9848
39 11.9848
40 11.9848
41 11.9848
42 11.9848
43 11.9848
44 11.9848
45 11.9848
46 11.9848
47 11.9848
48 11.9848
49 11.9848
50 11.9848
51 11.9848
52 11.9848
53 11.9848
54 11.9848
55 11.9848
56 11.9848
57 11.9848
58 11.9848
59 11.9848
60 11.9848
61 11.9848
62 11.9848
63 11.9848
64 11.9848
65 11.9848
66 11.9848
67 11.9848
68 11.9848
69 11.9848
70 11.9848
71 11.9848
72 11.9848
73 11.9848
74 11.9848
75 11.9848
76 11.9848
77 11.9848
78 11.9848
79 11.9848
80 11.9848
81 11.9848
82 11.9848
83 11.9848
84 11.9848
85 11.9848
86 11.9848
87 11.9848
88 11.9848
89 11.9848
90 11.9848
91 11.9848
92 11.9848
93 11.9848
94 11.9848
95 11.9848
96 11.9848
97 11.9848
98 11.9848
99 11.9848
100 11.9848
101 11.9848
102 11.9848
103 11.9848
104 11.9848
105 11.9848
106 11.9848
107 11.9848
108 11.9848
109 11.9848
110 11.9848
111 11.9848
112 11.9848
113 11.9848
114 11.9848
115 11.9848
116 11.9848
117 11.9848
118 11.9848
119 11.9848
120 11.9848
121 11.9848
122 11.9848
123 11.9848
124 11.9848
125 11.9848
126 11.9848
127 11.9848
128 11.9848
129 11.9848
130 11.9848
131 11.9848
132 11.9848
133 11.9848
134 11.9848
135 11.9848
136 11.9848
137 11.9848
138 11.9848
139 11.9848
140 11.9848
141 11.9848
142 11.9848
143 11.9848
144 11.9848
145 11.9848
146 11.9848
147 11.9848
148 11.9848
149 11.9848
150 11.9848
151 11.9848
152 11.9848
153 11.9848
154 11.9848
155 11.9848
156 11.9848
157 11.9848
158 11.9848
159 11.9848
160 11.9848
161 11.9848
162 11.9848
163 11.9848
164 11.9848
165 11.9848
166 11.9848
167 11.9848
168 11.9848
169 11.9848
170 11.9848
171 11.9848
172 11.9848
173 11.9848
174 11.9848
175 11.9848
176 11.9848
177 11.9848
178 11.9848
179 11.9848
180 11.9848
181 11.9848
182 11.9848
183 11.9848
184 11.9848
185 11.9848
186 11.9848
187 11.9848
188 11.9848
189 11.9848
190 11.9848
191 11.9848
192 11.9848
193 11.9848
194 11.9848
195 11.9848
196 11.9848
197 11.9848
198 11.9848
199 11.9848
200 11.9848
201 11.9848
202 11.9848
203 11.9848
204 11.9848
205 11.9848
206 11.9848
207 11.9848
208 11.9848
209 11.9848
210 11.9848
211 11.9848
212 11.9848
213 11.9848
214 11.9848
215 11.9848
216 11.9848
217 11.9848
218 11.9848
219 11.9848
220 11.9848
221 11.9848
222 11.9848
223 11.9848
224 11.9848
225 11.9848
226 11.9848
227 11.9848
228 11.9848
229 11.9848
230 11.9848
231 11.9848
232 11.9848
233 11.9916
234 11.7751
235 11.2459
236 10.5952
237 9.89558
238 9.18041
239 8.46947
240 7.77333
241 7.09623
242 6.43982
243 5.80405
244 5.18783
245 4.58928
246 4.00588
247 3.43467
248 2.87244
249 2.31614
250 1.76329
251 1.2125
252 1.23384
253 1.27951
254 1.31236
255 1.33164
256 1.34178
257 1.35755
258 1.36556
259 1.37776
260 1.38359
261 1.38609
262 1.38709
263 1.38745
264 1.388
265 1.38818
266 1.38844
267 1.38851
268 1.38853
269 1.38855
270 1.38859
271 1.38864
272 1.38865
273 1.38865
274 1.38866
275 1.38866
276 1.38866
277 1.38865
278 1.38864
279 1.3886
280 1.38857
281 1.38844
282 1.38799
283 1.38765
284 1.3874
285 1.38662
286 1.38446
287 1.379
288 1.36717
289 1.34758
290 1.33919
291 1.31657
292 1.32858
293 1.30357
294 1.34054
295 1.30971
296 1.27041
297 1.22156
298 1.208
299 1.8552
300 2.527
301 3.22228
302 3.93978
303 4.67814
304 5.43587
305 6.21118
306 7.00144
307 7.80195
308 8.60363
309 9.39021
310 10.1363
311 10.8084
312 11.3714
313 11.7614
314 11.9529
315 12
316 11.9848
317 11.9848
318 11.9848
319 11.9848
320 11.9848
321 11.9848
322 11.9848
323 11.9848
324 11.9848
325 11.9848
326 11.9848
327 11.9848
328 11.9848
329 11.9848
330 11.9848
331 11.9848
332 11.9848
333 11.9848
334 11.9848
335 11.9848
336 11.9848
337 11.9848
338 11.9848
339 11.9848
340 11.9848
341 11.9848
342 11.9848
343 11.9848
344 11.9848
345 11.9848
346 11.9848
347 11.9848
348 11.9848
349 11.9848
350 11.9848
351 11.9848
352 11.9848
353 11.9848
354 11.9848
355 11.9848
356 11.9848
357 11.9848
358 11.9848
359 11.9848
360 11.9848
361 11.9848
362 11.9848
363 11.9848
364 11.9848
365 11.9848
366 11.9848
367 11.9848
368 11.9848
369 11.9848
370 11.9848
371 11.9848
372 11.9848
373 11.9848
374 11.9848
375 11.9848
376 11.9848
377 11.9848
378 11.9848
379 11.9848
380 11.9848
381 11.9848
382 11.9848
383 11.9848
384 11.9848
385 11.9848
386 11.9848
387 11.9848
388 11.9848
389 11.9848
390 11.9848
391 11.9848
392 11.9848
393 11.9848
394 11.9848
395 11.9848
396 11.9848
397 11.9848
398 11.9848
399 11.9848
400 11.9848
401 11.9848
402 11.9848
403 11.9848
404 11.9848
405 11.9848
406 11.9848
407 11.9848
408 11.9848
409 11.9848
410 11.9848
411 11.9848
412 11.9848
413 11.9848
414 11.9848
415 11.9848
416 11.9848
417 11.9848
418 11.9848
419 11.9848
420 11.9848
421 11.9848
422 11.9848
423 11.9848
424 11.9848
425 11.9848
426 11.9848
427 11.9848
428 11.9848
429 11.9848
430 11.9848
431 11.9848
432 11.9848
433 11.9848
434 11.9848
435 11.9848
436 11.9848
437 11.9848
438 11.9848
439 11.9848
440 11.9848
441 11.9848
442 11.9848
443 11.9848
444 11.9848
445 11.9848
446 11.9848
447 11.9848
448 11.9848
449 11.9848
450 11.9848
451 11.9848
452 11.9848
453 11.9848
454 11.9848
455 11.9848
456 11.9848
457 11.9848
458 11.9848
459 11.9848
460 11.9848
461 11.9848
462 11.9848
463 11.9848
464 11.9848
465 11.9848
466 11.9848
467 11.9848
468 11.9848
469 11.9848
470 11.9848
471 11.9848
472 11.9848
473 11.9848
474 11.9848
475 11.9848
476 11.9848
477 11.9848
478 11.9848
479 11.9848
480 11.9848
481 11.9848
482 11.9848
483 11.9848
484 11.9848
485 11.9848
486 11.9848
487 11.9848
488 11.9848
489 11.9848
490 11.9848
491 11.9848
492 11.9848
493 11.9848
494 11.9848
495 11.9848
496 11.9848
497 11.9848
498 11.9848
499 11.9848
500 11.9848
501 11.9848
502 11.9848
503 11.9848
504 11.9848
505 11.9848
506 11.9848
507 11.9848
508 11.9848
509 11.9848
510 11.9848
511 11.9848
512 11.9848
513 11.9848
514 11.9848
515 11.9848
516 11.9848
517 11.9848
518 11.9848
519 11.9848
520 11.9848
521 11.9848
522 11.9848
523 11.9848
524 11.9848
525 11.9848
526 11.9848
527 11.9848
528 11.9848
529 11.9848
530 11.9848
531 11.9848
532 11.9848
533 11.9848
534 11.9848
535 11.9848
536 11.9848
537 11.9848
538 11.9848
539 11.9848
540 11.9848
541 11.9848
542 11.9848
543 11.9848
544 11.9848
545 11.9848
546 11.9848
547 11.9848
548 11.9848
549 11.9848
550 11.9848
551 11.9848
552 11.9848
