1 11.9854
2 11.9854
3 11.9854
4 11.9854
5 11.9854
6 11.9854
7 11.9854
8 11.9854
9 11.9854
10 11.9854
11 11.9854
12 11.9854
13 11.9854
14 11.9854
15 11.9854
16 11.9854
17 11.9854
18 11.9854
19 11.9854
20 11.9854
21 11.9854
22 11.9854
23 11.9854
24 11.9854
25 11.9854
26 11.9854
27 11.9854
28 11.9854
29 11.9854
30 11.9854
31 11.9854
32 11.9854
33 11.9854
34 11.9854
35 11.9854
36 11.9854
37 11.9854
38 11.9854
39 11.9854
40 11.9854
41 11.9854
42 11.9854
43 11.9854
44 11.9854
45 11.9854
46 11.9854
47 11.9854
48 11.9854
49 11.9854
50 11.9854
51 11.9854
52 11.9854
53 11.9854
54 11.9854
55 11.9854
56 11.9854
57 11.9854
58 11.9854
59 11.9854
60 11.9854
61 11.9854
62 11.9854
63 11.9854
64 11.9854
65 11.9854
66 11.9854
67 11.9854
68 11.9854
69 11.9854
70 11.9854
71 11.9854
72 11.9854
73 11.9854
74 11.9854
75 11.9854
76 11.9854
77 11.9854
78 11.9854
79 11.9854
80 11.9854
81 11.9854
82 11.9854
83 11.9854
84 11.9854
85 11.9854
86 11.9854
87 11.9854
88 11.9854
89 11.9854
90 11.9854
91 11.9854
92 11.9854
93 11.9854
94 11.9854
95 11.9854
96 11.9854
97 11.9854
98 11.9854
99 11.9854
100 11.9854
101 11.9854
102 11.9854
103 11.9854
104 11.9854
105 11.9854
106 11.9854
107 11.9854
108 11.9854
109 11.9854
110 11.9854
111 11.9854
112 11.9854
113 11.9854
114 11.9854
115 11.9854
116 11.9854
117 11.9854
118 11.9854
119 11.9854
120 11.9854
121 11.9854
122 11.9854
123 11.9854
124 11.9854
125 11.9854
126 11.9854
127 11.9854
128 11.9854
129 11.9854
130 11.9854
131 11.9854
132 11.9854
133 11.9854
134 11.9854
135 11.9854
136 11.9854
137 11.9854
138 11.9854
139 11.9854
140 11.9854
141 11.9854
142 11.9854
143 11.9854
144 11.9854
145 11.9854
146 11.9854
147 11.9854
148 11.9854
149 11.9854
150 11.9854
151 11.9854
152 11.9854
153 11.9854
154 11.9854
155 11.9854
156 11.9854
157 11.9854
158 11.9854
159 11.9854
160 11.9854
161 11.9854
162 11.9854
163 11.9854
164 11.9854
165 11.9854
166 11.9854
167 11.9854
168 11.9854
169 11.9854
170 11.9854
171 11.9854
172 11.9854
173 11.9854
174 11.9854
175 11.9854
176 11.9854
177 11.9854
178 11.9854
179 11.9854
180 11.9854
181 11.9854
182 11.9854
183 11.9854
184 11.9854
185 11.9854
186 11.9854
187 11.9854
188 11.9854
189 11.9854
190 11.9854
191 11.9854
192 11.9854
193 11.9854
194 11.9854
195 11.9854
196 11.9854
197 11.9854
198 11.9854
199 11.9854
200 11.9854
201 11.9854
202 11.9854
203 11.9854
204 11.9854
205 11.9854
206 11.9854
207 11.9854
208 11.9854
209 11.9854
210 11.9854
211 11.9854
212 11.9854
213 11.9854
214 11.9854
215 11.9854
216 11.9854
217 11.9854
218 11.9854
219 11.9854
220 11.9854
221 11.9854
222 11.9854
223 11.9854
224 11.9854
225 11.9854
226 11.9854
227 11.9854
228 12
229 11.8864
230 11.5192
231 10.9976
232 10.4287
233 9.86054
234 9.2976
235 8.74005
236 8.18667
237 7.63669
238 7.09033
239 6.54874
240 6.01403
241 5.48898
242 4.97684
243 4.48089
244 4.00424
245 3.5496
246 3.11918
247 2.71472
248 2.33748
249 1.98834
250 1.66781
251 1.37613
252 1.41449
253 1.44616
254 1.46023
255 1.4653
256 1.46691
257 1.4689
258 1.46946
259 1.47011
260 1.47027
261 1.47031
262 1.47032
263 1.47033
264 1.47033
265 1.47033
266 1.47033
267 1.47033
268 1.47033
269 1.47033
270 1.47033
271 1.47033
272 1.47033
273 1.47033
274 1.47033
275 1.47033
276 1.47033
277 1.47033
278 1.47033
279 1.47033
280 1.47033
281 1.47033
282 1.47033
283 1.47033
284 1.47033
285 1.47032
286 1.47031
287 1.47027
288 1.47007
289 1.46926
290 1.46616
291 1.46342
292 1.45424
293 1.44645
294 1.42466
295 1.40644
296 1.39178
297 1.3585
298 1.31602
299 1.59602
300 1.90334
301 2.23794
302 2.59966
303 2.98826
304 3.40347
305 3.84498
306 4.31246
307 4.80554
308 5.32386
309 5.86701
310 6.43455
311 7.02598
312 7.64073
313 8.27828
314 8.93777
315 9.61857
316 10.3203
317 11.0236
318 11.637
319 11.961
320 11.9965
321 11.9854
322 11.9854
323 11.9854
324 11.9854
325 11.9854
326 11.9854
327 11.9854
328 11.9854
329 11.9854
330 11.9854
331 11.9854
332 11.9854
333 11.9854
334 11.9854
335 11.9854
336 11.9854
337 11.9854
338 11.9854
339 11.9854
340 11.9854
341 11.9854
342 11.9854
343 11.9854
344 11.9854
345 11.9854
346 11.9854
347 11.9854
348 11.9854
349 11.9854
350 11.9854
351 11.9854
352 11.9854
353 11.9854
354 11.9854
355 11.9854
356 11.9854
357 11.9854
358 11.9854
359 11.9854
360 11.9854
361 11.9854
362 11.9854
363 11.9854
364 11.9854
365 11.9854
366 11.9854
367 11.9854
368 11.9854
369 11.9854
370 11.9854
371 11.9854
372 11.9854
373 11.9854
374 11.9854
375 11.9854
376 11.9854
377 11.9854
378 11.9854
379 11.9854
380 11.9854
381 11.9854
382 11.9854
383 11.9854
384 11.9854
385 11.9854
386 11.9854
387 11.9854
388 11.9854
389 11.9854
390 11.9854
391 11.9854
392 11.9854
393 11.9854
394 11.9854
395 11.9854
396 11.9854
397 11.9854
398 11.9854
399 11.9854
400 11.9854
401 11.9854
402 11.9854
403 11.9854
404 11.9854
405 11.9854
406 11.9854
407 11.9854
408 11.9854
409 11.9854
410 11.9854
411 11.9854
412 11.9854
413 11.9854
414 11.9854
415 11.9854
416 11.9854
417 11.9854
418 11.9854
419 11.9854
420 11.9854
421 11.9854
422 11.9854
423 11.9854
424 11.9854
425 11.9854
426 11.9854
427 11.9854
428 11.9854
429 11.9854
430 11.9854
431 11.9854
432 11.9854
433 11.9854
434 11.9854
435 11.9854
436 11.9854
437 11.9854
438 11.9854
439 11.9854
440 11.9854
441 11.9854
442 11.9854
443 11.9854
444 11.9854
445 11.9854
446 11.9854
447 11.9854
448 11.9854
449 11.9854
450 11.9854
451 11.9854
452 11.9854
453 11.9854
454 11.9854
455 11.9854
456 11.9854
457 11.9854
458 11.9854
459 11.9854
460 11.9854
461 11.9854
462 11.9854
463 11.9854
464 11.9854
465 11.9854
466 11.9854
467 11.9854
468 11.9854
469 11.9854
470 11.9854
471 11.9854
472 11.9854
473 11.9854
474 11.9854
475 11.9854
476 11.9854
477 11.9854
478 11.9854
479 11.9854
480 11.9854
481 11.9854
482 11.9854
483 11.9854
484 11.9854
485 11.9854
486 11.9854
487 11.9854
488 11.9854
489 11.9854
490 11.9854
491 11.9854
492 11.9854
493 11.9854
494 11.9854
495 11.9854
496 11.9854
497 11.9854
498 11.9854
499 11.9854
500 11.9854
501 11.9854
502 11.9854
503 11.9854
504 11.9854
505 11.9854
506 11.9854
507 11.9854
508 11.9854
509 11.9854
510 11.9854
511 11.9854
512 11.9854
513 11.9854
514 11.9854
515 11.9854
516 11.9854
517 11.9854
518 11.9854
519 11.9854
520 11.9854
521 11.9854
522 11.9854
523 11.9854
524 11.9854
525 11.9854
526 11.9854
527 11.9854
528 11.9854
529 11.9854
530 11.9854
531 11.9854
532 11.9854
533 11.9854
534 11.9854
535 11.9854
536 11.9854
537 11.9854
538 11.9854
539 11.9854
540 11.9854
541 11.9854
542 11.9854
543 11.9854
544 11.9854
545 11.9854
546 11.9854
547 11.9854
548 11.9854
549 11.9854
550 11.9854
551 11.9854
552 11.9854
