1 11.9822
2 11.9822
3 11.9822
4 11.9822
5 11.9822
6 11.9822
7 11.9822
8 11.9822
9 11.9822
10 11.9822
11 11.9822
12 11.9822
13 11.9822
14 11.9822
15 11.9822
16 11.9822
17 11.9822
18 11.9822
19 11.9822
20 11.9822
21 11.9822
22 11.9822
23 11.9822
24 11.9822
25 11.9822
26 11.9822
27 11.9822
28 11.9822
29 11.9822
30 11.9822
31 11.9822
32 11.9822
33 11.9822
34 11.9822
35 11.9822
36 11.9822
37 11.9822
38 11.9822
39 11.9822
40 11.9822
41 11.9822
42 11.9822
43 11.9822
44 11.9822
45 11.9822
46 11.9822
47 11.9822
48 11.9822
49 11.9822
50 11.9822
51 11.9822
52 11.9822
53 11.9822
54 11.9822
55 11.9822
56 11.9822
57 11.9822
58 11.9822
59 11.9822
60 11.9822
61 11.9822
62 11.9822
63 11.9822
64 11.9822
65 11.9822
66 11.9822
67 11.9822
68 11.9822
69 11.9822
70 11.9822
71 11.9822
72 11.9822
73 11.9822
74 11.9822
75 11.9822
76 11.9822
77 11.9822
78 11.9822
79 11.9822
80 11.9822
81 11.9822
82 11.9822
83 11.9822
84 11.9822
85 11.9822
86 11.9822
87 11.9822
88 11.9822
89 11.9822
90 11.9822
91 11.9822
92 11.9822
93 11.9822
94 11.9822
95 11.9822
96 11.9822
97 11.9822
98 11.9822
99 11.9822
100 11.9822
101 11.9822
102 11.9822
103 11.9822
104 11.9822
105 11.9822
106 11.9822
107 11.9822
108 11.9822
109 11.9822
110 11.9822
111 11.9822
112 11.9822
113 11.9822
114 11.9822
115 11.9822
116 11.9822
117 11.9822
118 11.9822
119 11.9822
120 11.9822
121 11.9822
122 11.9822
123 11.9822
124 11.9822
125 11.9822
126 11.9822
127 11.9822
128 11.9822
129 11.9822
130 11.9822
131 11.9822
132 11.9822
133 11.9822
134 11.9822
135 11.9822
136 11.9822
137 11.9822
138 11.9822
139 11.9822
140 11.9822
141 11.9822
142 11.9822
143 11.9822
144 11.9822
145 11.9822
146 11.9822
147 11.9822
148 11.9822
149 11.9822
150 11.9822
151 11.9822
152 11.9822
153 11.9822
154 11.9822
155 11.9822
156 11.9822
157 11.9822
158 11.9822
159 11.9822
160 11.9822
161 11.9822
162 11.9822
163 11.9822
164 11.9822
165 11.9822
166 11.9822
167 11.9822
168 11.9822
169 11.9822
170 11.9822
171 11.9822
172 11.9822
173 11.9822
174 11.9822
175 11.9822
176 11.9822
177 11.9822
178 11.9822
179 11.9822
180 11.9822
181 11.9822
182 11.9822
183 11.9822
184 11.9822
185 11.9822
186 11.9822
187 11.9822
188 11.9822
189 11.9822
190 11.9822
191 11.9822
192 11.9822
193 11.9822
194 11.9822
195 11.9822
196 11.9822
197 11.9822
198 11.9822
199 11.9822
200 11.9822
201 11.9822
202 11.9822
203 11.9822
204 11.9822
205 11.9822
206 11.9822
207 11.9822
208 11.9822
209 11.9822
210 11.9822
211 11.9822
212 11.9822
213 11.9822
214 11.9822
215 11.9822
216 11.9822
217 11.9822
218 11.9822
219 11.9822
220 11.9822
221 11.9822
222 11.9822
223 11.9822
224 11.9822
225 11.9822
226 11.9822
227 11.9822
228 11.9822
229 11.9822
230 11.9822
231 11.9822
232 11.9822
233 11.9822
234 11.9822
235 11.9892
236 11.9823
237 11.7365
238 11.1011
239 10.2922
240 9.49679
241 8.74842
242 8.03435
243 7.34749
244 6.68574
245 6.04858
246 5.43599
247 4.84727
248 4.27973
249 3.72662
250 3.17435
251 2.60146
252 2.62453
253 2.67647
254 2.7211
255 2.7554
256 2.78077
257 2.80678
258 2.8324
259 2.81861
260 2.83095
261 2.84641
262 2.85748
263 2.86934
264 2.87182
265 2.8918
266 2.8539
267 2.8641
268 2.96282
269 2.92763
270 2.66256
271 2.05357
272 1.96427
273 1.95867
274 1.86694
275 1.8652
276 1.87436
277 1.87695
278 1.87012
279 1.85488
280 1.8507
281 1.8362
282 1.81097
283 1.80036
284 1.80144
285 1.79406
286 1.77779
287 1.75235
288 1.72251
289 1.71679
290 1.89035
291 1.90246
292 2.15785
293 2.18991
294 2.53923
295 2.59676
296 2.55794
297 2.52535
298 2.54965
299 3.34374
300 4.13017
301 4.89837
302 5.64347
303 6.3687
304 7.08447
305 7.80524
306 8.5462
307 9.32213
308 10.1406
309 10.9678
310 11.6461
311 11.9614
312 12
313 11.9861
314 11.9822
315 11.9822
316 11.9822
317 11.9822
318 11.9822
319 11.9822
320 11.9822
321 11.9822
322 11.9822
323 11.9822
324 11.9822
325 11.9822
326 11.9822
327 11.9822
328 11.9822
329 11.9822
330 11.9822
331 11.9822
332 11.9822
333 11.9822
334 11.9822
335 11.9822
336 11.9822
337 11.9822
338 11.9822
339 11.9822
340 11.9822
341 11.9822
342 11.9822
343 11.9822
344 11.9822
345 11.9822
346 11.9822
347 11.9822
348 11.9822
349 11.9822
350 11.9822
351 11.9822
352 11.9822
353 11.9822
354 11.9822
355 11.9822
356 11.9822
357 11.9822
358 11.9822
359 11.9822
360 11.9822
361 11.9822
362 11.9822
363 11.9822
364 11.9822
365 11.9822
366 11.9822
367 11.9822
368 11.9822
369 11.9822
370 11.9822
371 11.9822
372 11.9822
373 11.9822
374 11.9822
375 11.9822
376 11.9822
377 11.9822
378 11.9822
379 11.9822
380 11.9822
381 11.9822
382 11.9822
383 11.9822
384 11.9822
385 11.9822
386 11.9822
387 11.9822
388 11.9822
389 11.9822
390 11.9822
391 11.9822
392 11.9822
393 11.9822
394 11.9822
395 11.9822
396 11.9822
397 11.9822
398 11.9822
399 11.9822
400 11.9822
401 11.9822
402 11.9822
403 11.9822
404 11.9822
405 11.9822
406 11.9822
407 11.9822
408 11.9822
409 11.9822
410 11.9822
411 11.9822
412 11.9822
413 11.9822
414 11.9822
415 11.9822
416 11.9822
417 11.9822
418 11.9822
419 11.9822
420 11.9822
421 11.9822
422 11.9822
423 11.9822
424 11.9822
425 11.9822
426 11.9822
427 11.9822
428 11.9822
429 11.9822
430 11.9822
431 11.9822
432 11.9822
433 11.9822
434 11.9822
435 11.9822
436 11.9822
437 11.9822
438 11.9822
439 11.9822
440 11.9822
441 11.9822
442 11.9822
443 11.9822
444 11.9822
445 11.9822
446 11.9822
447 11.9822
448 11.9822
449 11.9822
450 11.9822
451 11.9822
452 11.9822
453 11.9822
454 11.9822
455 11.9822
456 11.9822
457 11.9822
458 11.9822
459 11.9822
460 11.9822
461 11.9822
462 11.9822
463 11.9822
464 11.9822
465 11.9822
466 11.9822
467 11.9822
468 11.9822
469 11.9822
470 11.9822
471 11.9822
472 11.9822
473 11.9822
474 11.9822
475 11.9822
476 11.9822
477 11.9822
478 11.9822
479 11.9822
480 11.9822
481 11.9822
482 11.9822
483 11.9822
484 11.9822
485 11.9822
486 11.9822
487 11.9822
488 11.9822
489 11.9822
490 11.9822
491 11.9822
492 11.9822
493 11.9822
494 11.9822
495 11.9822
496 11.9822
497 11.9822
498 11.9822
499 11.9822
500 11.9822
501 11.9822
502 11.9822
503 11.9822
504 11.9822
505 11.9822
506 11.9822
507 11.9822
508 11.9822
509 11.9822
510 11.9822
511 11.9822
512 11.9822
513 11.9822
514 11.9822
515 11.9822
516 11.9822
517 11.9822
518 11.9822
519 11.9822
520 11.9822
521 11.9822
522 11.9822
523 11.9822
524 11.9822
525 11.9822
526 11.9822
527 11.9822
528 11.9822
529 11.9822
530 11.9822
531 11.9822
532 11.9822
533 11.9822
534 11.9822
535 11.9822
536 11.9822
537 11.9822
538 11.9822
539 11.9822
540 11.9822
541 11.9822
542 11.9822
543 11.9822
544 11.9822
545 11.9822
546 11.9822
547 11.9822
548 11.9822
549 11.9822
550 11.9822
551 11.9822
552 11.9822
