1 11.9955
2 11.9955
3 11.9955
4 11.9955
5 11.9955
6 11.9955
7 11.9955
8 11.9955
9 11.9955
10 11.9955
11 11.9955
12 11.9955
13 11.9955
14 11.9955
15 11.9955
16 11.9955
17 11.9955
18 11.9955
19 11.9955
20 11.9955
21 11.9955
22 11.9955
23 11.9955
24 11.9955
25 11.9955
26 11.9955
27 11.9955
28 11.9955
29 11.9955
30 11.9955
31 11.9955
32 11.9955
33 11.9955
34 11.9955
35 11.9955
36 11.9955
37 11.9955
38 11.9955
39 11.9955
40 11.9955
41 11.9955
42 11.9955
43 11.9955
44 11.9955
45 11.9955
46 11.9955
47 11.9955
48 11.9955
49 11.9955
50 11.9955
51 11.9955
52 11.9955
53 11.9955
54 11.9955
55 11.9955
56 11.9955
57 11.9955
58 11.9955
59 11.9955
60 11.9955
61 11.9955
62 11.9955
63 11.9955
64 11.9955
65 11.9955
66 11.9955
67 11.9955
68 11.9955
69 11.9955
70 11.9955
71 11.9955
72 11.9955
73 11.9955
74 11.9955
75 11.9955
76 11.9955
77 11.9955
78 11.9955
79 11.9955
80 11.9955
81 11.9955
82 11.9955
83 11.9955
84 11.9955
85 11.9955
86 11.9955
87 11.9955
88 11.9955
89 11.9955
90 11.9955
91 11.9955
92 11.9955
93 11.9955
94 11.9955
95 11.9955
96 11.9955
97 11.9955
98 11.9955
99 11.9955
100 11.9955
101 11.9955
102 11.9955
103 11.9955
104 11.9955
105 11.9955
106 11.9955
107 11.9955
108 11.9955
109 11.9955
110 11.9955
111 11.9955
112 11.9955
113 11.9955
114 11.9955
115 11.9955
116 11.9955
117 11.9955
118 11.9955
119 11.9955
120 11.9955
121 11.9955
122 11.9955
123 11.9955
124 11.9955
125 11.9955
126 11.9955
127 11.9955
128 11.9955
129 11.9955
130 11.9955
131 11.9955
132 11.9955
133 11.9955
134 11.9955
135 11.9955
136 11.9955
137 11.9955
138 11.9955
139 11.9955
140 11.9955
141 11.9955
142 11.9955
143 11.9955
144 11.9955
145 11.9955
146 11.9955
147 11.9955
148 11.9955
149 11.9955
150 11.9955
151 11.9955
152 11.9955
153 11.9955
154 11.9955
155 11.9955
156 11.9955
157 11.9955
158 11.9955
159 11.9955
160 11.9955
161 11.9955
162 11.9955
163 11.9955
164 11.9955
165 11.9955
166 11.9955
167 11.9955
168 11.9955
169 11.9955
170 11.9955
171 11.9955
172 11.9955
173 11.9955
174 11.9955
175 11.9955
176 11.9955
177 11.9955
178 11.9955
179 11.9955
180 11.9955
181 11.9955
182 11.9955
183 11.9955
184 11.9955
185 11.9955
186 11.9955
187 11.9955
188 11.9955
189 11.9955
190 11.9955
191 11.9955
192 11.9955
193 11.9955
194 11.9955
195 11.9955
196 11.9955
197 11.9955
198 11.9955
199 11.9955
200 11.9955
201 11.9955
202 11.9955
203 11.9955
204 11.9955
205 11.9955
206 11.9955
207 11.9955
208 11.9955
209 11.9955
210 11.9955
211 11.9955
212 11.9955
213 11.9955
214 11.9955
215 11.9955
216 11.9955
217 11.9955
218 11.9955
219 11.9955
220 11.9955
221 11.9955
222 11.9955
223 11.9955
224 11.9955
225 11.9955
226 12
227 11.9827
228 11.8075
229 11.38
230 10.8128
231 10.219
232 9.63921
233 9.07284
234 8.51582
235 7.96514
236 7.42003
237 6.8813
238 6.35091
239 5.83157
240 5.32635
241 4.83832
242 4.37028
243 3.92467
244 3.50345
245 3.10813
246 2.73979
247 2.39918
248 2.08673
249 1.8026
250 1.54669
251 1.31868
252 1.35739
253 1.38449
254 1.39536
255 1.39892
256 1.39996
257 1.40116
258 1.40147
259 1.40181
260 1.40189
261 1.40191
262 1.40191
263 1.40191
264 1.40192
265 1.40192
266 1.40192
267 1.40192
268 1.40191
269 1.40191
270 1.40191
271 1.40192
272 1.40192
273 1.40192
274 1.40192
275 1.40192
276 1.40192
277 1.40192
278 1.40192
279 1.40192
280 1.40192
281 1.40192
282 1.40191
283 1.40191
284 1.40191
285 1.40191
286 1.40191
287 1.40189
288 1.4018
289 1.40141
290 1.39982
291 1.39833
292 1.39286
293 1.38799
294 1.37265
295 1.35938
296 1.34823
297 1.32024
298 1.27897
299 1.49874
300 1.74499
301 2.01799
302 2.31783
303 2.64447
304 2.99777
305 3.37753
306 3.78349
307 4.21536
308 4.67283
309 5.15558
310 5.66326
311 6.19556
312 6.75223
313 7.33317
314 7.93873
315 8.57017
316 9.23106
317 9.92871
318 10.6612
319 11.3643
320 11.8409
321 11.9913
322 11.9955
323 11.9955
324 11.9955
325 11.9955
326 11.9955
327 11.9955
328 11.9955
329 11.9955
330 11.9955
331 11.9955
332 11.9955
333 11.9955
334 11.9955
335 11.9955
336 11.9955
337 11.9955
338 11.9955
339 11.9955
340 11.9955
341 11.9955
342 11.9955
343 11.9955
344 11.9955
345 11.9955
346 11.9955
347 11.9955
348 11.9955
349 11.9955
350 11.9955
351 11.9955
352 11.9955
353 11.9955
354 11.9955
355 11.9955
356 11.9955
357 11.9955
358 11.9955
359 11.9955
360 11.9955
361 11.9955
362 11.9955
363 11.9955
364 11.9955
365 11.9955
366 11.9955
367 11.9955
368 11.9955
369 11.9955
370 11.9955
371 11.9955
372 11.9955
373 11.9955
374 11.9955
375 11.9955
376 11.9955
377 11.9955
378 11.9955
379 11.9955
380 11.9955
381 11.9955
382 11.9955
383 11.9955
384 11.9955
385 11.9955
386 11.9955
387 11.9955
388 11.9955
389 11.9955
390 11.9955
391 11.9955
392 11.9955
393 11.9955
394 11.9955
395 11.9955
396 11.9955
397 11.9955
398 11.9955
399 11.9955
400 11.9955
401 11.9955
402 11.9955
403 11.9955
404 11.9955
405 11.9955
406 11.9955
407 11.9955
408 11.9955
409 11.9955
410 11.9955
411 11.9955
412 11.9955
413 11.9955
414 11.9955
415 11.9955
416 11.9955
417 11.9955
418 11.9955
419 11.9955
420 11.9955
421 11.9955
422 11.9955
423 11.9955
424 11.9955
425 11.9955
426 11.9955
427 11.9955
428 11.9955
429 11.9955
430 11.9955
431 11.9955
432 11.9955
433 11.9955
434 11.9955
435 11.9955
436 11.9955
437 11.9955
438 11.9955
439 11.9955
440 11.9955
441 11.9955
442 11.9955
443 11.9955
444 11.9955
445 11.9955
446 11.9955
447 11.9955
448 11.9955
449 11.9955
450 11.9955
451 11.9955
452 11.9955
453 11.9955
454 11.9955
455 11.9955
456 11.9955
457 11.9955
458 11.9955
459 11.9955
460 11.9955
461 11.9955
462 11.9955
463 11.9955
464 11.9955
465 11.9955
466 11.9955
467 11.9955
468 11.9955
469 11.9955
470 11.9955
471 11.9955
472 11.9955
473 11.9955
474 11.9955
475 11.9955
476 11.9955
477 11.9955
478 11.9955
479 11.9955
480 11.9955
481 11.9955
482 11.9955
483 11.9955
484 11.9955
485 11.9955
486 11.9955
487 11.9955
488 11.9955
489 11.9955
490 11.9955
491 11.9955
492 11.9955
493 11.9955
494 11.9955
495 11.9955
496 11.9955
497 11.9955
498 11.9955
499 11.9955
500 11.9955
501 11.9955
502 11.9955
503 11.9955
504 11.9955
505 11.9955
506 11.9955
507 11.9955
508 11.9955
509 11.9955
510 11.9955
511 11.9955
512 11.9955
513 11.9955
514 11.9955
515 11.9955
516 11.9955
517 11.9955
518 11.9955
519 11.9955
520 11.9955
521 11.9955
522 11.9955
523 11.9955
524 11.9955
525 11.9955
526 11.9955
527 11.9955
528 11.9955
529 11.9955
530 11.9955
531 11.9955
532 11.9955
533 11.9955
534 11.9955
535 11.9955
536 11.9955
537 11.9955
538 11.9955
539 11.9955
540 11.9955
541 11.9955
542 11.9955
543 11.9955
544 11.9955
545 11.9955
546 11.9955
547 11.9955
548 11.9955
549 11.9955
550 11.9955
551 11.9955
552 11.9955
