1 11.9466
2 11.9466
3 11.9466
4 11.9466
5 11.9466
6 11.9466
7 11.9466
8 11.9466
9 11.9466
10 11.9466
11 11.9466
12 11.9466
13 11.9466
14 11.9466
15 11.9466
16 11.9466
17 11.9466
18 11.9466
19 11.9466
20 11.9466
21 11.9466
22 11.9466
23 11.9466
24 11.9466
25 11.9466
26 11.9466
27 11.9466
28 11.9466
29 11.9466
30 11.9466
31 11.9466
32 11.9466
33 11.9466
34 11.9466
35 11.9466
36 11.9466
37 11.9466
38 11.9466
39 11.9466
40 11.9466
41 11.9466
42 11.9466
43 11.9466
44 11.9466
45 11.9466
46 11.9466
47 11.9466
48 11.9466
49 11.9466
50 11.9466
51 11.9466
52 11.9466
53 11.9466
54 11.9466
55 11.9466
56 11.9466
57 11.9466
58 11.9466
59 11.9466
60 11.9466
61 11.9466
62 11.9466
63 11.9466
64 11.9466
65 11.9466
66 11.9466
67 11.9466
68 11.9466
69 11.9466
70 11.9466
71 11.9466
72 11.9466
73 11.9466
74 11.9466
75 11.9466
76 11.9466
77 11.9466
78 11.9466
79 11.9466
80 11.9466
81 11.9466
82 11.9466
83 11.9466
84 11.9466
85 11.9466
86 11.9466
87 11.9466
88 11.9466
89 11.9466
90 11.9466
91 11.9466
92 11.9466
93 11.9466
94 11.9466
95 11.9466
96 11.9466
97 11.9466
98 11.9466
99 11.9466
100 11.9466
101 11.9466
102 11.9466
103 11.9466
104 11.9466
105 11.9466
106 11.9466
107 11.9466
108 11.9466
109 11.9466
110 11.9466
111 11.9466
112 11.9466
113 11.9466
114 11.9466
115 11.9466
116 11.9466
117 11.9466
118 11.9466
119 11.9466
120 11.9466
121 11.9466
122 11.9466
123 11.9466
124 11.9466
125 11.9466
126 11.9466
127 11.9466
128 11.9466
129 11.9466
130 11.9466
131 11.9466
132 11.9466
133 11.9466
134 11.9466
135 11.9466
136 11.9466
137 11.9466
138 11.9466
139 11.9466
140 11.9466
141 11.9466
142 11.9466
143 11.9466
144 11.9466
145 11.9466
146 11.9466
147 11.9466
148 11.9466
149 11.9466
150 11.9466
151 11.9466
152 11.9466
153 11.9466
154 11.9466
155 11.9466
156 11.9466
157 11.9466
158 11.9466
159 11.9466
160 11.9466
161 11.9466
162 11.9466
163 11.9466
164 11.9466
165 11.9466
166 11.9466
167 11.9466
168 11.9466
169 11.9466
170 11.9466
171 11.9466
172 11.9466
173 11.9466
174 11.9466
175 11.9466
176 11.9466
177 11.9466
178 11.9466
179 11.9466
180 11.9466
181 11.9466
182 11.9466
183 11.9466
184 11.9466
185 11.9466
186 11.9466
187 11.9466
188 11.9466
189 11.9466
190 11.9466
191 11.9466
192 11.9466
193 11.9466
194 11.9466
195 11.9466
196 11.9466
197 11.9466
198 11.9466
199 11.9466
200 11.9466
201 11.9466
202 11.9466
203 11.9466
204 11.9466
205 11.9466
206 11.9466
207 11.9466
208 11.9466
209 11.9466
210 11.9466
211 11.9466
212 11.9466
213 11.9466
214 11.9466
215 11.9466
216 11.9466
217 11.9466
218 11.9466
219 11.9466
220 11.9466
221 11.9466
222 11.9466
223 11.9466
224 11.9466
225 11.9466
226 11.9466
227 11.9466
228 11.9466
229 11.9466
230 11.9466
231 11.9466
232 11.9466
233 11.9466
234 11.9466
235 11.9466
236 11.9466
237 11.9466
238 11.9466
239 11.9466
240 11.9466
241 11.9466
242 12
243 11.9383
244 11.4732
245 10.7854
246 10.0441
247 9.30097
248 8.56649
249 7.84361
250 7.13677
251 6.45
252 6.46091
253 6.51242
254 6.55599
255 6.58189
256 6.58856
257 6.61758
258 6.62777
259 6.66335
260 6.68065
261 6.69093
262 6.73287
263 6.96888
264 7.03168
265 7.27199
266 7.32658
267 7.48242
268 8.12019
269 8.1993
270 7.711
271 6.81299
272 6.69052
273 6.66689
274 6.40107
275 6.35073
276 6.34807
277 6.35252
278 6.34936
279 6.33484
280 6.33898
281 6.33467
282 6.32968
283 6.33213
284 6.34529
285 6.35164
286 6.34707
287 6.33829
288 6.34365
289 6.41767
290 6.84611
291 6.91401
292 7.30551
293 7.35061
294 7.69889
295 7.72916
296 7.68648
297 7.63907
298 7.64069
299 8.39844
300 9.17781
301 9.95974
302 10.7093
303 11.3696
304 11.8427
305 11.9871
306 11.96
307 11.9466
308 11.9466
309 11.9466
310 11.9466
311 11.9466
312 11.9466
313 11.9466
314 11.9466
315 11.9466
316 11.9466
317 11.9466
318 11.9466
319 11.9466
320 11.9466
321 11.9466
322 11.9466
323 11.9466
324 11.9466
325 11.9466
326 11.9466
327 11.9466
328 11.9466
329 11.9466
330 11.9466
331 11.9466
332 11.9466
333 11.9466
334 11.9466
335 11.9466
336 11.9466
337 11.9466
338 11.9466
339 11.9466
340 11.9466
341 11.9466
342 11.9466
343 11.9466
344 11.9466
345 11.9466
346 11.9466
347 11.9466
348 11.9466
349 11.9466
350 11.9466
351 11.9466
352 11.9466
353 11.9466
354 11.9466
355 11.9466
356 11.9466
357 11.9466
358 11.9466
359 11.9466
360 11.9466
361 11.9466
362 11.9466
363 11.9466
364 11.9466
365 11.9466
366 11.9466
367 11.9466
368 11.9466
369 11.9466
370 11.9466
371 11.9466
372 11.9466
373 11.9466
374 11.9466
375 11.9466
376 11.9466
377 11.9466
378 11.9466
379 11.9466
380 11.9466
381 11.9466
382 11.9466
383 11.9466
384 11.9466
385 11.9466
386 11.9466
387 11.9466
388 11.9466
389 11.9466
390 11.9466
391 11.9466
392 11.9466
393 11.9466
394 11.9466
395 11.9466
396 11.9466
397 11.9466
398 11.9466
399 11.9466
400 11.9466
401 11.9466
402 11.9466
403 11.9466
404 11.9466
405 11.9466
406 11.9466
407 11.9466
408 11.9466
409 11.9466
410 11.9466
411 11.9466
412 11.9466
413 11.9466
414 11.9466
415 11.9466
416 11.9466
417 11.9466
418 11.9466
419 11.9466
420 11.9466
421 11.9466
422 11.9466
423 11.9466
424 11.9466
425 11.9466
426 11.9466
427 11.9466
428 11.9466
429 11.9466
430 11.9466
431 11.9466
432 11.9466
433 11.9466
434 11.9466
435 11.9466
436 11.9466
437 11.9466
438 11.9466
439 11.9466
440 11.9466
441 11.9466
442 11.9466
443 11.9466
444 11.9466
445 11.9466
446 11.9466
447 11.9466
448 11.9466
449 11.9466
450 11.9466
451 11.9466
452 11.9466
453 11.9466
454 11.9466
455 11.9466
456 11.9466
457 11.9466
458 11.9466
459 11.9466
460 11.9466
461 11.9466
462 11.9466
463 11.9466
464 11.9466
465 11.9466
466 11.9466
467 11.9466
468 11.9466
469 11.9466
470 11.9466
471 11.9466
472 11.9466
473 11.9466
474 11.9466
475 11.9466
476 11.9466
477 11.9466
478 11.9466
479 11.9466
480 11.9466
481 11.9466
482 11.9466
483 11.9466
484 11.9466
485 11.9466
486 11.9466
487 11.9466
488 11.9466
489 11.9466
490 11.9466
491 11.9466
492 11.9466
493 11.9466
494 11.9466
495 11.9466
496 11.9466
497 11.9466
498 11.9466
499 11.9466
500 11.9466
501 11.9466
502 11.9466
503 11.9466
504 11.9466
505 11.9466
506 11.9466
507 11.9466
508 11.9466
509 11.9466
510 11.9466
511 11.9466
512 11.9466
513 11.9466
514 11.9466
515 11.9466
516 11.9466
517 11.9466
518 11.9466
519 11.9466
520 11.9466
521 11.9466
522 11.9466
523 11.9466
524 11.9466
525 11.9466
526 11.9466
527 11.9466
528 11.9466
529 11.9466
530 11.9466
531 11.9466
532 11.9466
533 11.9466
534 11.9466
535 11.9466
536 11.9466
537 11.9466
538 11.9466
539 11.9466
540 11.9466
541 11.9466
542 11.9466
543 11.9466
544 11.9466
545 11.9466
546 11.9466
547 11.9466
548 11.9466
549 11.9466
550 11.9466
551 11.9466
552 11.9466
