1 11.7619
2 11.7619
3 11.7619
4 11.7619
5 11.7619
6 11.7619
7 11.7619
8 11.7619
9 11.7619
10 11.7619
11 11.7619
12 11.7619
13 11.7619
14 11.7619
15 11.7619
16 11.7619
17 11.7619
18 11.7619
19 11.7619
20 11.7619
21 11.7619
22 11.7619
23 11.7619
24 11.7619
25 11.7619
26 11.7619
27 11.7619
28 11.7619
29 11.7619
30 11.7619
31 11.7619
32 11.7619
33 11.7619
34 11.7619
35 11.7619
36 11.7619
37 11.7619
38 11.7619
39 11.7619
40 11.7619
41 11.7619
42 11.7619
43 11.7619
44 11.7619
45 11.7619
46 11.7619
47 11.7619
48 11.7619
49 11.7619
50 11.7619
51 11.7619
52 11.7619
53 11.7619
54 11.7619
55 11.7619
56 11.7619
57 11.7619
58 11.7619
59 11.7619
60 11.7619
61 11.7619
62 11.7619
63 11.7619
64 11.7619
65 11.7619
66 11.7619
67 11.7619
68 11.7619
69 11.7619
70 11.7619
71 11.7619
72 11.7619
73 11.7619
74 11.7619
75 11.7619
76 11.7619
77 11.7619
78 11.7619
79 11.7619
80 11.7619
81 11.7619
82 11.7619
83 11.7619
84 11.7619
85 11.7619
86 11.7619
87 11.7619
88 11.7619
89 11.7619
90 11.7619
91 11.7619
92 11.7619
93 11.7619
94 11.7619
95 11.7619
96 11.7619
97 11.7619
98 11.7619
99 11.7619
100 11.7619
101 11.7619
102 11.7619
103 11.7619
104 11.7619
105 11.7619
106 11.7619
107 11.7619
108 11.7619
109 11.7619
110 11.7619
111 11.7619
112 11.7619
113 11.7619
114 11.7619
115 11.7619
116 11.7619
117 11.7619
118 11.7619
119 11.7619
120 11.7619
121 11.7619
122 11.7619
123 11.7619
124 11.7619
125 11.7619
126 11.7619
127 11.7619
128 11.7619
129 11.7619
130 11.7619
131 11.7619
132 11.7619
133 11.7619
134 11.7619
135 11.7619
136 11.7619
137 11.7619
138 11.7619
139 11.7619
140 11.7619
141 11.7619
142 11.7619
143 11.7619
144 11.7619
145 11.7619
146 11.7619
147 11.7619
148 11.7619
149 11.7619
150 11.7619
151 11.7619
152 11.7619
153 11.7619
154 11.7619
155 11.7619
156 11.7619
157 11.7619
158 11.7619
159 11.7619
160 11.7619
161 11.7619
162 11.7619
163 11.7619
164 11.7619
165 11.7619
166 11.7619
167 11.7619
168 11.7619
169 11.7619
170 11.7619
171 11.7619
172 11.7619
173 11.7619
174 11.7619
175 11.7619
176 11.7619
177 11.7619
178 11.7619
179 11.7619
180 11.7619
181 11.7619
182 11.7619
183 11.7619
184 11.7619
185 11.7619
186 11.7619
187 11.7619
188 11.7619
189 11.7619
190 11.7619
191 11.7619
192 11.7619
193 11.7619
194 11.7619
195 11.7619
196 11.7619
197 11.7619
198 11.7619
199 11.7619
200 11.7619
201 11.7619
202 11.7619
203 11.7619
204 11.7619
205 11.7619
206 11.7619
207 11.7619
208 11.7619
209 11.7619
210 11.7619
211 11.7619
212 11.7619
213 11.7619
214 11.7619
215 11.7619
216 11.7619
217 11.7619
218 11.7619
219 11.7619
220 11.7619
221 11.7619
222 11.7619
223 11.7619
224 11.7619
225 11.7619
226 11.7619
227 11.7619
228 11.7619
229 11.7619
230 11.7619
231 11.7619
232 11.7619
233 11.7619
234 11.7619
235 11.7619
236 11.7619
237 11.7619
238 11.7619
239 11.7619
240 11.7619
241 11.7619
242 11.7619
243 11.7619
244 11.7619
245 11.7619
246 11.7619
247 11.7619
248 11.7619
249 11.6799
250 11.1079
251 10.3855
252 10.37
253 10.4043
254 10.4671
255 10.6038
256 11.1127
257 11.1022
258 11.2452
259 10.8409
260 10.7351
261 10.7122
262 10.7708
263 11.2352
264 11.1964
265 11.447
266 11.1261
267 11.0535
268 11.598
269 12
270 11.5405
271 10.8015
272 10.7815
273 10.8376
274 10.4778
275 10.414
276 10.4111
277 10.4405
278 10.5376
279 10.9495
280 10.9519
281 11.0701
282 11.6388
283 11.2874
284 10.3837
285 10.2633
286 10.2303
287 10.2224
288 10.235
289 10.3159
290 10.8775
291 10.941
292 11.483
293 11.3603
294 11.8236
295 11.4459
296 10.7187
297 10.6547
298 10.6773
299 11.3492
300 11.868
301 11.7619
302 11.7619
303 11.7619
304 11.7619
305 11.7619
306 11.7619
307 11.7619
308 11.7619
309 11.7619
310 11.7619
311 11.7619
312 11.7619
313 11.7619
314 11.7619
315 11.7619
316 11.7619
317 11.7619
318 11.7619
319 11.7619
320 11.7619
321 11.7619
322 11.7619
323 11.7619
324 11.7619
325 11.7619
326 11.7619
327 11.7619
328 11.7619
329 11.7619
330 11.7619
331 11.7619
332 11.7619
333 11.7619
334 11.7619
335 11.7619
336 11.7619
337 11.7619
338 11.7619
339 11.7619
340 11.7619
341 11.7619
342 11.7619
343 11.7619
344 11.7619
345 11.7619
346 11.7619
347 11.7619
348 11.7619
349 11.7619
350 11.7619
351 11.7619
352 11.7619
353 11.7619
354 11.7619
355 11.7619
356 11.7619
357 11.7619
358 11.7619
359 11.7619
360 11.7619
361 11.7619
362 11.7619
363 11.7619
364 11.7619
365 11.7619
366 11.7619
367 11.7619
368 11.7619
369 11.7619
370 11.7619
371 11.7619
372 11.7619
373 11.7619
374 11.7619
375 11.7619
376 11.7619
377 11.7619
378 11.7619
379 11.7619
380 11.7619
381 11.7619
382 11.7619
383 11.7619
384 11.7619
385 11.7619
386 11.7619
387 11.7619
388 11.7619
389 11.7619
390 11.7619
391 11.7619
392 11.7619
393 11.7619
394 11.7619
395 11.7619
396 11.7619
397 11.7619
398 11.7619
399 11.7619
400 11.7619
401 11.7619
402 11.7619
403 11.7619
404 11.7619
405 11.7619
406 11.7619
407 11.7619
408 11.7619
409 11.7619
410 11.7619
411 11.7619
412 11.7619
413 11.7619
414 11.7619
415 11.7619
416 11.7619
417 11.7619
418 11.7619
419 11.7619
420 11.7619
421 11.7619
422 11.7619
423 11.7619
424 11.7619
425 11.7619
426 11.7619
427 11.7619
428 11.7619
429 11.7619
430 11.7619
431 11.7619
432 11.7619
433 11.7619
434 11.7619
435 11.7619
436 11.7619
437 11.7619
438 11.7619
439 11.7619
440 11.7619
441 11.7619
442 11.7619
443 11.7619
444 11.7619
445 11.7619
446 11.7619
447 11.7619
448 11.7619
449 11.7619
450 11.7619
451 11.7619
452 11.7619
453 11.7619
454 11.7619
455 11.7619
456 11.7619
457 11.7619
458 11.7619
459 11.7619
460 11.7619
461 11.7619
462 11.7619
463 11.7619
464 11.7619
465 11.7619
466 11.7619
467 11.7619
468 11.7619
469 11.7619
470 11.7619
471 11.7619
472 11.7619
473 11.7619
474 11.7619
475 11.7619
476 11.7619
477 11.7619
478 11.7619
479 11.7619
480 11.7619
481 11.7619
482 11.7619
483 11.7619
484 11.7619
485 11.7619
486 11.7619
487 11.7619
488 11.7619
489 11.7619
490 11.7619
491 11.7619
492 11.7619
493 11.7619
494 11.7619
495 11.7619
496 11.7619
497 11.7619
498 11.7619
499 11.7619
500 11.7619
501 11.7619
502 11.7619
503 11.7619
504 11.7619
505 11.7619
506 11.7619
507 11.7619
508 11.7619
509 11.7619
510 11.7619
511 11.7619
512 11.7619
513 11.7619
514 11.7619
515 11.7619
516 11.7619
517 11.7619
518 11.7619
519 11.7619
520 11.7619
521 11.7619
522 11.7619
523 11.7619
524 11.7619
525 11.7619
526 11.7619
527 11.7619
528 11.7619
529 11.7619
530 11.7619
531 11.7619
532 11.7619
533 11.7619
534 11.7619
535 11.7619
536 11.7619
537 11.7619
538 11.7619
539 11.7619
540 11.7619
541 11.7619
542 11.7619
543 11.7619
544 11.7619
545 11.7619
546 11.7619
547 11.7619
548 11.7619
549 11.7619
550 11.7619
551 11.7619
552 11.7619
