1 11.9928
2 11.9928
3 11.9928
4 11.9928
5 11.9928
6 11.9928
7 11.9928
8 11.9928
9 11.9928
10 11.9928
11 11.9928
12 11.9928
13 11.9928
14 11.9928
15 11.9928
16 11.9928
17 11.9928
18 11.9928
19 11.9928
20 11.9928
21 11.9928
22 11.9928
23 11.9928
24 11.9928
25 11.9928
26 11.9928
27 11.9928
28 11.9928
29 11.9928
30 11.9928
31 11.9928
32 11.9928
33 11.9928
34 11.9928
35 11.9928
36 11.9928
37 11.9928
38 11.9928
39 11.9928
40 11.9928
41 11.9928
42 11.9928
43 11.9928
44 11.9928
45 11.9928
46 11.9928
47 11.9928
48 11.9928
49 11.9928
50 11.9928
51 11.9928
52 11.9928
53 11.9928
54 11.9928
55 11.9928
56 11.9928
57 11.9928
58 11.9928
59 11.9928
60 11.9928
61 11.9928
62 11.9928
63 11.9928
64 11.9928
65 11.9928
66 11.9928
67 11.9928
68 11.9928
69 11.9928
70 11.9928
71 11.9928
72 11.9928
73 11.9928
74 11.9928
75 11.9928
76 11.9928
77 11.9928
78 11.9928
79 11.9928
80 11.9928
81 11.9928
82 11.9928
83 11.9928
84 11.9928
85 11.9928
86 11.9928
87 11.9928
88 11.9928
89 11.9928
90 11.9928
91 11.9928
92 11.9928
93 11.9928
94 11.9928
95 11.9928
96 11.9928
97 11.9928
98 11.9928
99 11.9928
100 11.9928
101 11.9928
102 11.9928
103 11.9928
104 11.9928
105 11.9928
106 11.9928
107 11.9928
108 11.9928
109 11.9928
110 11.9928
111 11.9928
112 11.9928
113 11.9928
114 11.9928
115 11.9928
116 11.9928
117 11.9928
118 11.9928
119 11.9928
120 11.9928
121 11.9928
122 11.9928
123 11.9928
124 11.9928
125 11.9928
126 11.9928
127 11.9928
128 11.9928
129 11.9928
130 11.9928
131 11.9928
132 11.9928
133 11.9928
134 11.9928
135 11.9928
136 11.9928
137 11.9928
138 11.9928
139 11.9928
140 11.9928
141 11.9928
142 11.9928
143 11.9928
144 11.9928
145 11.9928
146 11.9928
147 11.9928
148 11.9928
149 11.9928
150 11.9928
151 11.9928
152 11.9928
153 11.9928
154 11.9928
155 11.9928
156 11.9928
157 11.9928
158 11.9928
159 11.9928
160 11.9928
161 11.9928
162 11.9928
163 11.9928
164 11.9928
165 11.9928
166 11.9928
167 11.9928
168 11.9928
169 11.9928
170 11.9928
171 11.9928
172 11.9928
173 11.9928
174 11.9928
175 11.9928
176 11.9928
177 11.9928
178 11.9928
179 11.9928
180 11.9928
181 11.9928
182 11.9928
183 11.9928
184 11.9928
185 11.9928
186 11.9928
187 11.9928
188 11.9928
189 11.9928
190 11.9928
191 11.9928
192 11.9928
193 11.9928
194 11.9928
195 11.9928
196 11.9928
197 11.9928
198 11.9928
199 11.9928
200 11.9928
201 11.9928
202 11.9928
203 11.9928
204 11.9928
205 11.9928
206 11.9928
207 11.9928
208 11.9928
209 11.9928
210 11.9928
211 11.9928
212 11.9928
213 11.9928
214 11.9928
215 11.9928
216 11.9928
217 11.9928
218 11.9928
219 11.9928
220 11.9928
221 11.9928
222 11.9928
223 11.9928
224 11.9928
225 11.9928
226 12
227 11.9662
228 11.7359
229 11.2678
230 10.6899
231 10.0975
232 9.52033
233 8.95603
234 8.40062
235 7.85161
236 7.30867
237 6.77297
238 6.24673
239 5.73278
240 5.23418
241 4.75388
242 4.29453
243 3.85836
244 3.44714
245 3.06219
246 2.70447
247 2.37458
248 2.07285
249 1.79934
250 1.55389
251 1.33607
252 1.37466
253 1.40099
254 1.41137
255 1.41472
256 1.41568
257 1.41679
258 1.41707
259 1.41738
260 1.41745
261 1.41747
262 1.41747
263 1.41747
264 1.41747
265 1.41747
266 1.41747
267 1.41747
268 1.41747
269 1.41747
270 1.41747
271 1.41747
272 1.41747
273 1.41747
274 1.41747
275 1.41747
276 1.41747
277 1.41747
278 1.41747
279 1.41747
280 1.41747
281 1.41747
282 1.41747
283 1.41747
284 1.41747
285 1.41747
286 1.41747
287 1.41745
288 1.41737
289 1.41703
290 1.41559
291 1.41425
292 1.40924
293 1.40473
294 1.39032
295 1.37776
296 1.36712
297 1.33999
298 1.29905
299 1.50913
300 1.7455
301 2.00845
302 2.29815
303 2.61459
304 2.95767
305 3.32722
306 3.72299
307 4.14471
308 4.59207
309 5.06477
310 5.56247
311 6.08487
312 6.63173
313 7.20297
314 7.79889
315 8.42065
316 9.07155
317 9.75875
318 10.4848
319 11.2074
320 11.7584
321 11.977
322 11.998
323 11.9928
324 11.9928
325 11.9928
326 11.9928
327 11.9928
328 11.9928
329 11.9928
330 11.9928
331 11.9928
332 11.9928
333 11.9928
334 11.9928
335 11.9928
336 11.9928
337 11.9928
338 11.9928
339 11.9928
340 11.9928
341 11.9928
342 11.9928
343 11.9928
344 11.9928
345 11.9928
346 11.9928
347 11.9928
348 11.9928
349 11.9928
350 11.9928
351 11.9928
352 11.9928
353 11.9928
354 11.9928
355 11.9928
356 11.9928
357 11.9928
358 11.9928
359 11.9928
360 11.9928
361 11.9928
362 11.9928
363 11.9928
364 11.9928
365 11.9928
366 11.9928
367 11.9928
368 11.9928
369 11.9928
370 11.9928
371 11.9928
372 11.9928
373 11.9928
374 11.9928
375 11.9928
376 11.9928
377 11.9928
378 11.9928
379 11.9928
380 11.9928
381 11.9928
382 11.9928
383 11.9928
384 11.9928
385 11.9928
386 11.9928
387 11.9928
388 11.9928
389 11.9928
390 11.9928
391 11.9928
392 11.9928
393 11.9928
394 11.9928
395 11.9928
396 11.9928
397 11.9928
398 11.9928
399 11.9928
400 11.9928
401 11.9928
402 11.9928
403 11.9928
404 11.9928
405 11.9928
406 11.9928
407 11.9928
408 11.9928
409 11.9928
410 11.9928
411 11.9928
412 11.9928
413 11.9928
414 11.9928
415 11.9928
416 11.9928
417 11.9928
418 11.9928
419 11.9928
420 11.9928
421 11.9928
422 11.9928
423 11.9928
424 11.9928
425 11.9928
426 11.9928
427 11.9928
428 11.9928
429 11.9928
430 11.9928
431 11.9928
432 11.9928
433 11.9928
434 11.9928
435 11.9928
436 11.9928
437 11.9928
438 11.9928
439 11.9928
440 11.9928
441 11.9928
442 11.9928
443 11.9928
444 11.9928
445 11.9928
446 11.9928
447 11.9928
448 11.9928
449 11.9928
450 11.9928
451 11.9928
452 11.9928
453 11.9928
454 11.9928
455 11.9928
456 11.9928
457 11.9928
458 11.9928
459 11.9928
460 11.9928
461 11.9928
462 11.9928
463 11.9928
464 11.9928
465 11.9928
466 11.9928
467 11.9928
468 11.9928
469 11.9928
470 11.9928
471 11.9928
472 11.9928
473 11.9928
474 11.9928
475 11.9928
476 11.9928
477 11.9928
478 11.9928
479 11.9928
480 11.9928
481 11.9928
482 11.9928
483 11.9928
484 11.9928
485 11.9928
486 11.9928
487 11.9928
488 11.9928
489 11.9928
490 11.9928
491 11.9928
492 11.9928
493 11.9928
494 11.9928
495 11.9928
496 11.9928
497 11.9928
498 11.9928
499 11.9928
500 11.9928
501 11.9928
502 11.9928
503 11.9928
504 11.9928
505 11.9928
506 11.9928
507 11.9928
508 11.9928
509 11.9928
510 11.9928
511 11.9928
512 11.9928
513 11.9928
514 11.9928
515 11.9928
516 11.9928
517 11.9928
518 11.9928
519 11.9928
520 11.9928
521 11.9928
522 11.9928
523 11.9928
524 11.9928
525 11.9928
526 11.9928
527 11.9928
528 11.9928
529 11.9928
530 11.9928
531 11.9928
532 11.9928
533 11.9928
534 11.9928
535 11.9928
536 11.9928
537 11.9928
538 11.9928
539 11.9928
540 11.9928
541 11.9928
542 11.9928
543 11.9928
544 11.9928
545 11.9928
546 11.9928
547 11.9928
548 11.9928
549 11.9928
550 11.9928
551 11.9928
552 11.9928
