1 11.9546
2 11.9546
3 11.9546
4 11.9546
5 11.9546
6 11.9546
7 11.9546
8 11.9546
9 11.9546
10 11.9546
11 11.9546
12 11.9546
13 11.9546
14 11.9546
15 11.9546
16 11.9546
17 11.9546
18 11.9546
19 11.9546
20 11.9546
21 11.9546
22 11.9546
23 11.9546
24 11.9546
25 11.9546
26 11.9546
27 11.9546
28 11.9546
29 11.9546
30 11.9546
31 11.9546
32 11.9546
33 11.9546
34 11.9546
35 11.9546
36 11.9546
37 11.9546
38 11.9546
39 11.9546
40 11.9546
41 11.9546
42 11.9546
43 11.9546
44 11.9546
45 11.9546
46 11.9546
47 11.9546
48 11.9546
49 11.9546
50 11.9546
51 11.9546
52 11.9546
53 11.9546
54 11.9546
55 11.9546
56 11.9546
57 11.9546
58 11.9546
59 11.9546
60 11.9546
61 11.9546
62 11.9546
63 11.9546
64 11.9546
65 11.9546
66 11.9546
67 11.9546
68 11.9546
69 11.9546
70 11.9546
71 11.9546
72 11.9546
73 11.9546
74 11.9546
75 11.9546
76 11.9546
77 11.9546
78 11.9546
79 11.9546
80 11.9546
81 11.9546
82 11.9546
83 11.9546
84 11.9546
85 11.9546
86 11.9546
87 11.9546
88 11.9546
89 11.9546
90 11.9546
91 11.9546
92 11.9546
93 11.9546
94 11.9546
95 11.9546
96 11.9546
97 11.9546
98 11.9546
99 11.9546
100 11.9546
101 11.9546
102 11.9546
103 11.9546
104 11.9546
105 11.9546
106 11.9546
107 11.9546
108 11.9546
109 11.9546
110 11.9546
111 11.9546
112 11.9546
113 11.9546
114 11.9546
115 11.9546
116 11.9546
117 11.9546
118 11.9546
119 11.9546
120 11.9546
121 11.9546
122 11.9546
123 11.9546
124 11.9546
125 11.9546
126 11.9546
127 11.9546
128 11.9546
129 11.9546
130 11.9546
131 11.9546
132 11.9546
133 11.9546
134 11.9546
135 11.9546
136 11.9546
137 11.9546
138 11.9546
139 11.9546
140 11.9546
141 11.9546
142 11.9546
143 11.9546
144 11.9546
145 11.9546
146 11.9546
147 11.9546
148 11.9546
149 11.9546
150 11.9546
151 11.9546
152 11.9546
153 11.9546
154 11.9546
155 11.9546
156 11.9546
157 11.9546
158 11.9546
159 11.9546
160 11.9546
161 11.9546
162 11.9546
163 11.9546
164 11.9546
165 11.9546
166 11.9546
167 11.9546
168 11.9546
169 11.9546
170 11.9546
171 11.9546
172 11.9546
173 11.9546
174 11.9546
175 11.9546
176 11.9546
177 11.9546
178 11.9546
179 11.9546
180 11.9546
181 11.9546
182 11.9546
183 11.9546
184 11.9546
185 11.9546
186 11.9546
187 11.9546
188 11.9546
189 11.9546
190 11.9546
191 11.9546
192 11.9546
193 11.9546
194 11.9546
195 11.9546
196 11.9546
197 11.9546
198 11.9546
199 11.9546
200 11.9546
201 11.9546
202 11.9546
203 11.9546
204 11.9546
205 11.9546
206 11.9546
207 11.9546
208 11.9546
209 11.9546
210 11.9546
211 11.9546
212 11.9546
213 11.9546
214 11.9546
215 11.9546
216 11.9546
217 11.9546
218 11.9546
219 11.9546
220 11.9546
221 11.9546
222 11.9546
223 11.9546
224 11.9546
225 11.9546
226 11.9546
227 11.9546
228 11.9546
229 11.9546
230 11.9546
231 11.9546
232 11.9546
233 11.9546
234 11.9546
235 11.9426
236 11.8121
237 11.4503
238 10.9488
239 10.3191
240 9.61117
241 8.86456
242 8.10642
243 7.34752
244 6.58981
245 5.83021
246 5.06503
247 4.29274
248 3.51516
249 2.73702
250 1.96468
251 1.20464
252 1.19545
253 1.23818
254 1.28258
255 1.31828
256 1.3439
257 1.37824
258 1.40544
259 1.43428
260 1.46077
261 1.47917
262 1.49043
263 1.49678
264 1.50825
265 1.51455
266 1.52536
267 1.53116
268 1.53402
269 1.539
270 1.54691
271 1.55798
272 1.56394
273 1.56652
274 1.57058
275 1.57192
276 1.57147
277 1.56909
278 1.56378
279 1.55458
280 1.54812
281 1.53794
282 1.52739
283 1.51628
284 1.50896
285 1.49772
286 1.48283
287 1.46833
288 1.46913
289 1.53732
290 1.94025
291 2.01864
292 2.44569
293 2.52362
294 2.93548
295 2.9971
296 2.96018
297 2.92081
298 2.91712
299 3.52879
300 4.08417
301 4.60831
302 5.12611
303 5.6555
304 6.20673
305 6.78446
306 7.38992
307 8.02207
308 8.67732
309 9.35049
310 10.0242
311 10.6845
312 11.301
313 11.817
314 12
315 11.9546
316 11.9546
317 11.9546
318 11.9546
319 11.9546
320 11.9546
321 11.9546
322 11.9546
323 11.9546
324 11.9546
325 11.9546
326 11.9546
327 11.9546
328 11.9546
329 11.9546
330 11.9546
331 11.9546
332 11.9546
333 11.9546
334 11.9546
335 11.9546
336 11.9546
337 11.9546
338 11.9546
339 11.9546
340 11.9546
341 11.9546
342 11.9546
343 11.9546
344 11.9546
345 11.9546
346 11.9546
347 11.9546
348 11.9546
349 11.9546
350 11.9546
351 11.9546
352 11.9546
353 11.9546
354 11.9546
355 11.9546
356 11.9546
357 11.9546
358 11.9546
359 11.9546
360 11.9546
361 11.9546
362 11.9546
363 11.9546
364 11.9546
365 11.9546
366 11.9546
367 11.9546
368 11.9546
369 11.9546
370 11.9546
371 11.9546
372 11.9546
373 11.9546
374 11.9546
375 11.9546
376 11.9546
377 11.9546
378 11.9546
379 11.9546
380 11.9546
381 11.9546
382 11.9546
383 11.9546
384 11.9546
385 11.9546
386 11.9546
387 11.9546
388 11.9546
389 11.9546
390 11.9546
391 11.9546
392 11.9546
393 11.9546
394 11.9546
395 11.9546
396 11.9546
397 11.9546
398 11.9546
399 11.9546
400 11.9546
401 11.9546
402 11.9546
403 11.9546
404 11.9546
405 11.9546
406 11.9546
407 11.9546
408 11.9546
409 11.9546
410 11.9546
411 11.9546
412 11.9546
413 11.9546
414 11.9546
415 11.9546
416 11.9546
417 11.9546
418 11.9546
419 11.9546
420 11.9546
421 11.9546
422 11.9546
423 11.9546
424 11.9546
425 11.9546
426 11.9546
427 11.9546
428 11.9546
429 11.9546
430 11.9546
431 11.9546
432 11.9546
433 11.9546
434 11.9546
435 11.9546
436 11.9546
437 11.9546
438 11.9546
439 11.9546
440 11.9546
441 11.9546
442 11.9546
443 11.9546
444 11.9546
445 11.9546
446 11.9546
447 11.9546
448 11.9546
449 11.9546
450 11.9546
451 11.9546
452 11.9546
453 11.9546
454 11.9546
455 11.9546
456 11.9546
457 11.9546
458 11.9546
459 11.9546
460 11.9546
461 11.9546
462 11.9546
463 11.9546
464 11.9546
465 11.9546
466 11.9546
467 11.9546
468 11.9546
469 11.9546
470 11.9546
471 11.9546
472 11.9546
473 11.9546
474 11.9546
475 11.9546
476 11.9546
477 11.9546
478 11.9546
479 11.9546
480 11.9546
481 11.9546
482 11.9546
483 11.9546
484 11.9546
485 11.9546
486 11.9546
487 11.9546
488 11.9546
489 11.9546
490 11.9546
491 11.9546
492 11.9546
493 11.9546
494 11.9546
495 11.9546
496 11.9546
497 11.9546
498 11.9546
499 11.9546
500 11.9546
501 11.9546
502 11.9546
503 11.9546
504 11.9546
505 11.9546
506 11.9546
507 11.9546
508 11.9546
509 11.9546
510 11.9546
511 11.9546
512 11.9546
513 11.9546
514 11.9546
515 11.9546
516 11.9546
517 11.9546
518 11.9546
519 11.9546
520 11.9546
521 11.9546
522 11.9546
523 11.9546
524 11.9546
525 11.9546
526 11.9546
527 11.9546
528 11.9546
529 11.9546
530 11.9546
531 11.9546
532 11.9546
533 11.9546
534 11.9546
535 11.9546
536 11.9546
537 11.9546
538 11.9546
539 11.9546
540 11.9546
541 11.9546
542 11.9546
543 11.9546
544 11.9546
545 11.9546
546 11.9546
547 11.9546
548 11.9546
549 11.9546
550 11.9546
551 11.9546
552 11.9546
