1 11.9919
2 11.9919
3 11.9919
4 11.9919
5 11.9919
6 11.9919
7 11.9919
8 11.9919
9 11.9919
10 11.9919
11 11.9919
12 11.9919
13 11.9919
14 11.9919
15 11.9919
16 11.9919
17 11.9919
18 11.9919
19 11.9919
20 11.9919
21 11.9919
22 11.9919
23 11.9919
24 11.9919
25 11.9919
26 11.9919
27 11.9919
28 11.9919
29 11.9919
30 11.9919
31 11.9919
32 11.9919
33 11.9919
34 11.9919
35 11.9919
36 11.9919
37 11.9919
38 11.9919
39 11.9919
40 11.9919
41 11.9919
42 11.9919
43 11.9919
44 11.9919
45 11.9919
46 11.9919
47 11.9919
48 11.9919
49 11.9919
50 11.9919
51 11.9919
52 11.9919
53 11.9919
54 11.9919
55 11.9919
56 11.9919
57 11.9919
58 11.9919
59 11.9919
60 11.9919
61 11.9919
62 11.9919
63 11.9919
64 11.9919
65 11.9919
66 11.9919
67 11.9919
68 11.9919
69 11.9919
70 11.9919
71 11.9919
72 11.9919
73 11.9919
74 11.9919
75 11.9919
76 11.9919
77 11.9919
78 11.9919
79 11.9919
80 11.9919
81 11.9919
82 11.9919
83 11.9919
84 11.9919
85 11.9919
86 11.9919
87 11.9919
88 11.9919
89 11.9919
90 11.9919
91 11.9919
92 11.9919
93 11.9919
94 11.9919
95 11.9919
96 11.9919
97 11.9919
98 11.9919
99 11.9919
100 11.9919
101 11.9919
102 11.9919
103 11.9919
104 11.9919
105 11.9919
106 11.9919
107 11.9919
108 11.9919
109 11.9919
110 11.9919
111 11.9919
112 11.9919
113 11.9919
114 11.9919
115 11.9919
116 11.9919
117 11.9919
118 11.9919
119 11.9919
120 11.9919
121 11.9919
122 11.9919
123 11.9919
124 11.9919
125 11.9919
126 11.9919
127 11.9919
128 11.9919
129 11.9919
130 11.9919
131 11.9919
132 11.9919
133 11.9919
134 11.9919
135 11.9919
136 11.9919
137 11.9919
138 11.9919
139 11.9919
140 11.9919
141 11.9919
142 11.9919
143 11.9919
144 11.9919
145 11.9919
146 11.9919
147 11.9919
148 11.9919
149 11.9919
150 11.9919
151 11.9919
152 11.9919
153 11.9919
154 11.9919
155 11.9919
156 11.9919
157 11.9919
158 11.9919
159 11.9919
160 11.9919
161 11.9919
162 11.9919
163 11.9919
164 11.9919
165 11.9919
166 11.9919
167 11.9919
168 11.9919
169 11.9919
170 11.9919
171 11.9919
172 11.9919
173 11.9919
174 11.9919
175 11.9919
176 11.9919
177 11.9919
178 11.9919
179 11.9919
180 11.9919
181 11.9919
182 11.9919
183 11.9919
184 11.9919
185 11.9919
186 11.9919
187 11.9919
188 11.9919
189 11.9919
190 11.9919
191 11.9919
192 11.9919
193 11.9919
194 11.9919
195 11.9919
196 11.9919
197 11.9919
198 11.9919
199 11.9919
200 11.9919
201 11.9919
202 11.9919
203 11.9919
204 11.9919
205 11.9919
206 11.9919
207 11.9919
208 11.9919
209 11.9919
210 11.9919
211 11.9919
212 11.9919
213 11.9919
214 11.9919
215 11.9919
216 11.9919
217 11.9919
218 11.9919
219 11.9919
220 11.9919
221 11.9919
222 11.9919
223 11.9919
224 11.9919
225 11.9919
226 11.9919
227 11.9919
228 12
229 11.9525
230 11.6678
231 11.1819
232 10.6225
233 10.0542
234 9.48846
235 8.92795
236 8.37199
237 7.81952
238 7.27024
239 6.72458
240 6.18391
241 5.65055
242 5.12747
243 4.61799
244 4.12545
245 3.65292
246 3.20307
247 2.77802
248 2.37943
249 2.00849
250 1.66599
251 1.35237
252 1.39016
253 1.42328
254 1.43851
255 1.44418
256 1.44605
257 1.44838
258 1.44907
259 1.44988
260 1.45009
261 1.45014
262 1.45015
263 1.45015
264 1.45016
265 1.45016
266 1.45016
267 1.45016
268 1.45016
269 1.45016
270 1.45016
271 1.45016
272 1.45016
273 1.45016
274 1.45016
275 1.45016
276 1.45016
277 1.45016
278 1.45016
279 1.45016
280 1.45016
281 1.45016
282 1.45016
283 1.45016
284 1.45016
285 1.45015
286 1.45014
287 1.45008
288 1.44982
289 1.44877
290 1.4449
291 1.44153
292 1.43069
293 1.42162
294 1.39737
295 1.37727
296 1.36129
297 1.32623
298 1.28364
299 1.58436
300 1.91254
301 2.26806
302 2.6507
303 3.06018
304 3.49621
305 3.95844
306 4.44652
307 4.96007
308 5.49869
309 6.06192
310 6.64923
311 7.25999
312 7.89335
313 8.54835
314 9.22304
315 9.91465
316 10.6173
317 11.2982
318 11.8125
319 11.9921
320 11.9919
321 11.9919
322 11.9919
323 11.9919
324 11.9919
325 11.9919
326 11.9919
327 11.9919
328 11.9919
329 11.9919
330 11.9919
331 11.9919
332 11.9919
333 11.9919
334 11.9919
335 11.9919
336 11.9919
337 11.9919
338 11.9919
339 11.9919
340 11.9919
341 11.9919
342 11.9919
343 11.9919
344 11.9919
345 11.9919
346 11.9919
347 11.9919
348 11.9919
349 11.9919
350 11.9919
351 11.9919
352 11.9919
353 11.9919
354 11.9919
355 11.9919
356 11.9919
357 11.9919
358 11.9919
359 11.9919
360 11.9919
361 11.9919
362 11.9919
363 11.9919
364 11.9919
365 11.9919
366 11.9919
367 11.9919
368 11.9919
369 11.9919
370 11.9919
371 11.9919
372 11.9919
373 11.9919
374 11.9919
375 11.9919
376 11.9919
377 11.9919
378 11.9919
379 11.9919
380 11.9919
381 11.9919
382 11.9919
383 11.9919
384 11.9919
385 11.9919
386 11.9919
387 11.9919
388 11.9919
389 11.9919
390 11.9919
391 11.9919
392 11.9919
393 11.9919
394 11.9919
395 11.9919
396 11.9919
397 11.9919
398 11.9919
399 11.9919
400 11.9919
401 11.9919
402 11.9919
403 11.9919
404 11.9919
405 11.9919
406 11.9919
407 11.9919
408 11.9919
409 11.9919
410 11.9919
411 11.9919
412 11.9919
413 11.9919
414 11.9919
415 11.9919
416 11.9919
417 11.9919
418 11.9919
419 11.9919
420 11.9919
421 11.9919
422 11.9919
423 11.9919
424 11.9919
425 11.9919
426 11.9919
427 11.9919
428 11.9919
429 11.9919
430 11.9919
431 11.9919
432 11.9919
433 11.9919
434 11.9919
435 11.9919
436 11.9919
437 11.9919
438 11.9919
439 11.9919
440 11.9919
441 11.9919
442 11.9919
443 11.9919
444 11.9919
445 11.9919
446 11.9919
447 11.9919
448 11.9919
449 11.9919
450 11.9919
451 11.9919
452 11.9919
453 11.9919
454 11.9919
455 11.9919
456 11.9919
457 11.9919
458 11.9919
459 11.9919
460 11.9919
461 11.9919
462 11.9919
463 11.9919
464 11.9919
465 11.9919
466 11.9919
467 11.9919
468 11.9919
469 11.9919
470 11.9919
471 11.9919
472 11.9919
473 11.9919
474 11.9919
475 11.9919
476 11.9919
477 11.9919
478 11.9919
479 11.9919
480 11.9919
481 11.9919
482 11.9919
483 11.9919
484 11.9919
485 11.9919
486 11.9919
487 11.9919
488 11.9919
489 11.9919
490 11.9919
491 11.9919
492 11.9919
493 11.9919
494 11.9919
495 11.9919
496 11.9919
497 11.9919
498 11.9919
499 11.9919
500 11.9919
501 11.9919
502 11.9919
503 11.9919
504 11.9919
505 11.9919
506 11.9919
507 11.9919
508 11.9919
509 11.9919
510 11.9919
511 11.9919
512 11.9919
513 11.9919
514 11.9919
515 11.9919
516 11.9919
517 11.9919
518 11.9919
519 11.9919
520 11.9919
521 11.9919
522 11.9919
523 11.9919
524 11.9919
525 11.9919
526 11.9919
527 11.9919
528 11.9919
529 11.9919
530 11.9919
531 11.9919
532 11.9919
533 11.9919
534 11.9919
535 11.9919
536 11.9919
537 11.9919
538 11.9919
539 11.9919
540 11.9919
541 11.9919
542 11.9919
543 11.9919
544 11.9919
545 11.9919
546 11.9919
547 11.9919
548 11.9919
549 11.9919
550 11.9919
551 11.9919
552 11.9919
