1 11.962
2 11.962
3 11.962
4 11.962
5 11.962
6 11.962
7 11.962
8 11.962
9 11.962
10 11.962
11 11.962
12 11.962
13 11.962
14 11.962
15 11.962
16 11.962
17 11.962
18 11.962
19 11.962
20 11.962
21 11.962
22 11.962
23 11.962
24 11.962
25 11.962
26 11.962
27 11.962
28 11.962
29 11.962
30 11.962
31 11.962
32 11.962
33 11.962
34 11.962
35 11.962
36 11.962
37 11.962
38 11.962
39 11.962
40 11.962
41 11.962
42 11.962
43 11.962
44 11.962
45 11.962
46 11.962
47 11.962
48 11.962
49 11.962
50 11.962
51 11.962
52 11.962
53 11.962
54 11.962
55 11.962
56 11.962
57 11.962
58 11.962
59 11.962
60 11.962
61 11.962
62 11.962
63 11.962
64 11.962
65 11.962
66 11.962
67 11.962
68 11.962
69 11.962
70 11.962
71 11.962
72 11.962
73 11.962
74 11.962
75 11.962
76 11.962
77 11.962
78 11.962
79 11.962
80 11.962
81 11.962
82 11.962
83 11.962
84 11.962
85 11.962
86 11.962
87 11.962
88 11.962
89 11.962
90 11.962
91 11.962
92 11.962
93 11.962
94 11.962
95 11.962
96 11.962
97 11.962
98 11.962
99 11.962
100 11.962
101 11.962
102 11.962
103 11.962
104 11.962
105 11.962
106 11.962
107 11.962
108 11.962
109 11.962
110 11.962
111 11.962
112 11.962
113 11.962
114 11.962
115 11.962
116 11.962
117 11.962
118 11.962
119 11.962
120 11.962
121 11.962
122 11.962
123 11.962
124 11.962
125 11.962
126 11.962
127 11.962
128 11.962
129 11.962
130 11.962
131 11.962
132 11.962
133 11.962
134 11.962
135 11.962
136 11.962
137 11.962
138 11.962
139 11.962
140 11.962
141 11.962
142 11.962
143 11.962
144 11.962
145 11.962
146 11.962
147 11.962
148 11.962
149 11.962
150 11.962
151 11.962
152 11.962
153 11.962
154 11.962
155 11.962
156 11.962
157 11.962
158 11.962
159 11.962
160 11.962
161 11.962
162 11.962
163 11.962
164 11.962
165 11.962
166 11.962
167 11.962
168 11.962
169 11.962
170 11.962
171 11.962
172 11.962
173 11.962
174 11.962
175 11.962
176 11.962
177 11.962
178 11.962
179 11.962
180 11.962
181 11.962
182 11.962
183 11.962
184 11.962
185 11.962
186 11.962
187 11.962
188 11.962
189 11.962
190 11.962
191 11.962
192 11.962
193 11.962
194 11.962
195 11.962
196 11.962
197 11.962
198 11.962
199 11.962
200 11.962
201 11.962
202 11.962
203 11.962
204 11.962
205 11.962
206 11.962
207 11.962
208 11.962
209 11.962
210 11.962
211 11.962
212 11.962
213 11.962
214 11.962
215 11.962
216 11.962
217 11.962
218 11.962
219 11.962
220 11.962
221 11.962
222 11.962
223 11.962
224 11.962
225 11.962
226 11.962
227 11.962
228 11.962
229 11.962
230 11.962
231 11.962
232 11.962
233 11.962
234 11.962
235 11.962
236 11.962
237 11.962
238 11.962
239 11.962
240 12
241 11.9412
242 11.5097
243 10.8055
244 10.0395
245 9.28523
246 8.55145
247 7.83594
248 7.14013
249 6.46636
250 5.81638
251 5.19129
252 5.21796
253 5.27751
254 5.3258
255 5.35702
256 5.37155
257 5.4078
258 5.42514
259 5.4644
260 5.48633
261 5.49715
262 5.52018
263 5.65567
264 5.70125
265 5.87043
266 5.91632
267 6.0524
268 6.57669
269 6.62711
270 6.15828
271 5.24716
272 5.1155
273 5.09299
274 4.87353
275 4.84322
276 4.85086
277 4.86008
278 4.85885
279 4.84246
280 4.84958
281 4.84192
282 4.82054
283 4.81835
284 4.83289
285 4.83361
286 4.82204
287 4.80394
288 4.79527
289 4.8484
290 5.23949
291 5.30785
292 5.73896
293 5.80887
294 6.24141
295 6.30084
296 6.2546
297 6.20385
298 6.19477
299 6.90125
300 7.62123
301 8.3651
302 9.13608
303 9.92622
304 10.7083
305 11.4106
306 11.8816
307 11.9991
308 11.97
309 11.962
310 11.962
311 11.962
312 11.962
313 11.962
314 11.962
315 11.962
316 11.962
317 11.962
318 11.962
319 11.962
320 11.962
321 11.962
322 11.962
323 11.962
324 11.962
325 11.962
326 11.962
327 11.962
328 11.962
329 11.962
330 11.962
331 11.962
332 11.962
333 11.962
334 11.962
335 11.962
336 11.962
337 11.962
338 11.962
339 11.962
340 11.962
341 11.962
342 11.962
343 11.962
344 11.962
345 11.962
346 11.962
347 11.962
348 11.962
349 11.962
350 11.962
351 11.962
352 11.962
353 11.962
354 11.962
355 11.962
356 11.962
357 11.962
358 11.962
359 11.962
360 11.962
361 11.962
362 11.962
363 11.962
364 11.962
365 11.962
366 11.962
367 11.962
368 11.962
369 11.962
370 11.962
371 11.962
372 11.962
373 11.962
374 11.962
375 11.962
376 11.962
377 11.962
378 11.962
379 11.962
380 11.962
381 11.962
382 11.962
383 11.962
384 11.962
385 11.962
386 11.962
387 11.962
388 11.962
389 11.962
390 11.962
391 11.962
392 11.962
393 11.962
394 11.962
395 11.962
396 11.962
397 11.962
398 11.962
399 11.962
400 11.962
401 11.962
402 11.962
403 11.962
404 11.962
405 11.962
406 11.962
407 11.962
408 11.962
409 11.962
410 11.962
411 11.962
412 11.962
413 11.962
414 11.962
415 11.962
416 11.962
417 11.962
418 11.962
419 11.962
420 11.962
421 11.962
422 11.962
423 11.962
424 11.962
425 11.962
426 11.962
427 11.962
428 11.962
429 11.962
430 11.962
431 11.962
432 11.962
433 11.962
434 11.962
435 11.962
436 11.962
437 11.962
438 11.962
439 11.962
440 11.962
441 11.962
442 11.962
443 11.962
444 11.962
445 11.962
446 11.962
447 11.962
448 11.962
449 11.962
450 11.962
451 11.962
452 11.962
453 11.962
454 11.962
455 11.962
456 11.962
457 11.962
458 11.962
459 11.962
460 11.962
461 11.962
462 11.962
463 11.962
464 11.962
465 11.962
466 11.962
467 11.962
468 11.962
469 11.962
470 11.962
471 11.962
472 11.962
473 11.962
474 11.962
475 11.962
476 11.962
477 11.962
478 11.962
479 11.962
480 11.962
481 11.962
482 11.962
483 11.962
484 11.962
485 11.962
486 11.962
487 11.962
488 11.962
489 11.962
490 11.962
491 11.962
492 11.962
493 11.962
494 11.962
495 11.962
496 11.962
497 11.962
498 11.962
499 11.962
500 11.962
501 11.962
502 11.962
503 11.962
504 11.962
505 11.962
506 11.962
507 11.962
508 11.962
509 11.962
510 11.962
511 11.962
512 11.962
513 11.962
514 11.962
515 11.962
516 11.962
517 11.962
518 11.962
519 11.962
520 11.962
521 11.962
522 11.962
523 11.962
524 11.962
525 11.962
526 11.962
527 11.962
528 11.962
529 11.962
530 11.962
531 11.962
532 11.962
533 11.962
534 11.962
535 11.962
536 11.962
537 11.962
538 11.962
539 11.962
540 11.962
541 11.962
542 11.962
543 11.962
544 11.962
545 11.962
546 11.962
547 11.962
548 11.962
549 11.962
550 11.962
551 11.962
552 11.962
