1 11.9603
2 11.9603
3 11.9603
4 11.9603
5 11.9603
6 11.9603
7 11.9603
8 11.9603
9 11.9603
10 11.9603
11 11.9603
12 11.9603
13 11.9603
14 11.9603
15 11.9603
16 11.9603
17 11.9603
18 11.9603
19 11.9603
20 11.9603
21 11.9603
22 11.9603
23 11.9603
24 11.9603
25 11.9603
26 11.9603
27 11.9603
28 11.9603
29 11.9603
30 11.9603
31 11.9603
32 11.9603
33 11.9603
34 11.9603
35 11.9603
36 11.9603
37 11.9603
38 11.9603
39 11.9603
40 11.9603
41 11.9603
42 11.9603
43 11.9603
44 11.9603
45 11.9603
46 11.9603
47 11.9603
48 11.9603
49 11.9603
50 11.9603
51 11.9603
52 11.9603
53 11.9603
54 11.9603
55 11.9603
56 11.9603
57 11.9603
58 11.9603
59 11.9603
60 11.9603
61 11.9603
62 11.9603
63 11.9603
64 11.9603
65 11.9603
66 11.9603
67 11.9603
68 11.9603
69 11.9603
70 11.9603
71 11.9603
72 11.9603
73 11.9603
74 11.9603
75 11.9603
76 11.9603
77 11.9603
78 11.9603
79 11.9603
80 11.9603
81 11.9603
82 11.9603
83 11.9603
84 11.9603
85 11.9603
86 11.9603
87 11.9603
88 11.9603
89 11.9603
90 11.9603
91 11.9603
92 11.9603
93 11.9603
94 11.9603
95 11.9603
96 11.9603
97 11.9603
98 11.9603
99 11.9603
100 11.9603
101 11.9603
102 11.9603
103 11.9603
104 11.9603
105 11.9603
106 11.9603
107 11.9603
108 11.9603
109 11.9603
110 11.9603
111 11.9603
112 11.9603
113 11.9603
114 11.9603
115 11.9603
116 11.9603
117 11.9603
118 11.9603
119 11.9603
120 11.9603
121 11.9603
122 11.9603
123 11.9603
124 11.9603
125 11.9603
126 11.9603
127 11.9603
128 11.9603
129 11.9603
130 11.9603
131 11.9603
132 11.9603
133 11.9603
134 11.9603
135 11.9603
136 11.9603
137 11.9603
138 11.9603
139 11.9603
140 11.9603
141 11.9603
142 11.9603
143 11.9603
144 11.9603
145 11.9603
146 11.9603
147 11.9603
148 11.9603
149 11.9603
150 11.9603
151 11.9603
152 11.9603
153 11.9603
154 11.9603
155 11.9603
156 11.9603
157 11.9603
158 11.9603
159 11.9603
160 11.9603
161 11.9603
162 11.9603
163 11.9603
164 11.9603
165 11.9603
166 11.9603
167 11.9603
168 11.9603
169 11.9603
170 11.9603
171 11.9603
172 11.9603
173 11.9603
174 11.9603
175 11.9603
176 11.9603
177 11.9603
178 11.9603
179 11.9603
180 11.9603
181 11.9603
182 11.9603
183 11.9603
184 11.9603
185 11.9603
186 11.9603
187 11.9603
188 11.9603
189 11.9603
190 11.9603
191 11.9603
192 11.9603
193 11.9603
194 11.9603
195 11.9603
196 11.9603
197 11.9603
198 11.9603
199 11.9603
200 11.9603
201 11.9603
202 11.9603
203 11.9603
204 11.9603
205 11.9603
206 11.9603
207 11.9603
208 11.9603
209 11.9603
210 11.9603
211 11.9603
212 11.9603
213 11.9603
214 11.9603
215 11.9603
216 11.9603
217 11.9603
218 11.9603
219 11.9603
220 11.9603
221 11.9603
222 11.9603
223 11.9603
224 11.9603
225 11.9603
226 11.9603
227 11.9603
228 11.9603
229 11.9903
230 12
231 11.7213
232 11.2494
233 10.7028
234 10.1361
235 9.56573
236 8.99732
237 8.43399
238 7.87581
239 7.32167
240 6.7707
241 6.22286
242 5.67909
243 5.14141
244 4.61267
245 4.09627
246 3.59574
247 3.11444
248 2.65532
249 2.22082
250 1.81282
251 1.43271
252 1.46736
253 1.50427
254 1.52316
255 1.53094
256 1.53376
257 1.53753
258 1.53874
259 1.54028
260 1.54072
261 1.54084
262 1.54087
263 1.54088
264 1.54088
265 1.54089
266 1.54089
267 1.54089
268 1.54089
269 1.54089
270 1.54089
271 1.54089
272 1.54089
273 1.54089
274 1.54089
275 1.54089
276 1.54089
277 1.54089
278 1.54089
279 1.54089
280 1.54089
281 1.54089
282 1.54089
283 1.54088
284 1.54088
285 1.54087
286 1.54084
287 1.54068
288 1.54007
289 1.53783
290 1.53041
291 1.52428
292 1.50701
293 1.49313
294 1.46123
295 1.4349
296 1.41454
297 1.37429
298 1.33243
299 1.69661
300 2.08836
301 2.5074
302 2.9534
303 3.42599
304 3.92482
305 4.44947
306 4.99953
307 5.5745
308 6.17381
309 6.7967
310 7.44215
311 8.10857
312 8.79329
313 9.4915
314 10.1936
315 10.8832
316 11.5254
317 11.9524
318 11.9882
319 11.9603
320 11.9603
321 11.9603
322 11.9603
323 11.9603
324 11.9603
325 11.9603
326 11.9603
327 11.9603
328 11.9603
329 11.9603
330 11.9603
331 11.9603
332 11.9603
333 11.9603
334 11.9603
335 11.9603
336 11.9603
337 11.9603
338 11.9603
339 11.9603
340 11.9603
341 11.9603
342 11.9603
343 11.9603
344 11.9603
345 11.9603
346 11.9603
347 11.9603
348 11.9603
349 11.9603
350 11.9603
351 11.9603
352 11.9603
353 11.9603
354 11.9603
355 11.9603
356 11.9603
357 11.9603
358 11.9603
359 11.9603
360 11.9603
361 11.9603
362 11.9603
363 11.9603
364 11.9603
365 11.9603
366 11.9603
367 11.9603
368 11.9603
369 11.9603
370 11.9603
371 11.9603
372 11.9603
373 11.9603
374 11.9603
375 11.9603
376 11.9603
377 11.9603
378 11.9603
379 11.9603
380 11.9603
381 11.9603
382 11.9603
383 11.9603
384 11.9603
385 11.9603
386 11.9603
387 11.9603
388 11.9603
389 11.9603
390 11.9603
391 11.9603
392 11.9603
393 11.9603
394 11.9603
395 11.9603
396 11.9603
397 11.9603
398 11.9603
399 11.9603
400 11.9603
401 11.9603
402 11.9603
403 11.9603
404 11.9603
405 11.9603
406 11.9603
407 11.9603
408 11.9603
409 11.9603
410 11.9603
411 11.9603
412 11.9603
413 11.9603
414 11.9603
415 11.9603
416 11.9603
417 11.9603
418 11.9603
419 11.9603
420 11.9603
421 11.9603
422 11.9603
423 11.9603
424 11.9603
425 11.9603
426 11.9603
427 11.9603
428 11.9603
429 11.9603
430 11.9603
431 11.9603
432 11.9603
433 11.9603
434 11.9603
435 11.9603
436 11.9603
437 11.9603
438 11.9603
439 11.9603
440 11.9603
441 11.9603
442 11.9603
443 11.9603
444 11.9603
445 11.9603
446 11.9603
447 11.9603
448 11.9603
449 11.9603
450 11.9603
451 11.9603
452 11.9603
453 11.9603
454 11.9603
455 11.9603
456 11.9603
457 11.9603
458 11.9603
459 11.9603
460 11.9603
461 11.9603
462 11.9603
463 11.9603
464 11.9603
465 11.9603
466 11.9603
467 11.9603
468 11.9603
469 11.9603
470 11.9603
471 11.9603
472 11.9603
473 11.9603
474 11.9603
475 11.9603
476 11.9603
477 11.9603
478 11.9603
479 11.9603
480 11.9603
481 11.9603
482 11.9603
483 11.9603
484 11.9603
485 11.9603
486 11.9603
487 11.9603
488 11.9603
489 11.9603
490 11.9603
491 11.9603
492 11.9603
493 11.9603
494 11.9603
495 11.9603
496 11.9603
497 11.9603
498 11.9603
499 11.9603
500 11.9603
501 11.9603
502 11.9603
503 11.9603
504 11.9603
505 11.9603
506 11.9603
507 11.9603
508 11.9603
509 11.9603
510 11.9603
511 11.9603
512 11.9603
513 11.9603
514 11.9603
515 11.9603
516 11.9603
517 11.9603
518 11.9603
519 11.9603
520 11.9603
521 11.9603
522 11.9603
523 11.9603
524 11.9603
525 11.9603
526 11.9603
527 11.9603
528 11.9603
529 11.9603
530 11.9603
531 11.9603
532 11.9603
533 11.9603
534 11.9603
535 11.9603
536 11.9603
537 11.9603
538 11.9603
539 11.9603
540 11.9603
541 11.9603
542 11.9603
543 11.9603
544 11.9603
545 11.9603
546 11.9603
547 11.9603
548 11.9603
549 11.9603
550 11.9603
551 11.9603
552 11.9603
