1 11.8631
2 11.8631
3 11.8631
4 11.8631
5 11.8631
6 11.8631
7 11.8631
8 11.8631
9 11.8631
10 11.8631
11 11.8631
12 11.8631
13 11.8631
14 11.8631
15 11.8631
16 11.8631
17 11.8631
18 11.8631
19 11.8631
20 11.8631
21 11.8631
22 11.8631
23 11.8631
24 11.8631
25 11.8631
26 11.8631
27 11.8631
28 11.8631
29 11.8631
30 11.8631
31 11.8631
32 11.8631
33 11.8631
34 11.8631
35 11.8631
36 11.8631
37 11.8631
38 11.8631
39 11.8631
40 11.8631
41 11.8631
42 11.8631
43 11.8631
44 11.8631
45 11.8631
46 11.8631
47 11.8631
48 11.8631
49 11.8631
50 11.8631
51 11.8631
52 11.8631
53 11.8631
54 11.8631
55 11.8631
56 11.8631
57 11.8631
58 11.8631
59 11.8631
60 11.8631
61 11.8631
62 11.8631
63 11.8631
64 11.8631
65 11.8631
66 11.8631
67 11.8631
68 11.8631
69 11.8631
70 11.8631
71 11.8631
72 11.8631
73 11.8631
74 11.8631
75 11.8631
76 11.8631
77 11.8631
78 11.8631
79 11.8631
80 11.8631
81 11.8631
82 11.8631
83 11.8631
84 11.8631
85 11.8631
86 11.8631
87 11.8631
88 11.8631
89 11.8631
90 11.8631
91 11.8631
92 11.8631
93 11.8631
94 11.8631
95 11.8631
96 11.8631
97 11.8631
98 11.8631
99 11.8631
100 11.8631
101 11.8631
102 11.8631
103 11.8631
104 11.8631
105 11.8631
106 11.8631
107 11.8631
108 11.8631
109 11.8631
110 11.8631
111 11.8631
112 11.8631
113 11.8631
114 11.8631
115 11.8631
116 11.8631
117 11.8631
118 11.8631
119 11.8631
120 11.8631
121 11.8631
122 11.8631
123 11.8631
124 11.8631
125 11.8631
126 11.8631
127 11.8631
128 11.8631
129 11.8631
130 11.8631
131 11.8631
132 11.8631
133 11.8631
134 11.8631
135 11.8631
136 11.8631
137 11.8631
138 11.8631
139 11.8631
140 11.8631
141 11.8631
142 11.8631
143 11.8631
144 11.8631
145 11.8631
146 11.8631
147 11.8631
148 11.8631
149 11.8631
150 11.8631
151 11.8631
152 11.8631
153 11.8631
154 11.8631
155 11.8631
156 11.8631
157 11.8631
158 11.8631
159 11.8631
160 11.8631
161 11.8631
162 11.8631
163 11.8631
164 11.8631
165 11.8631
166 11.8631
167 11.8631
168 11.8631
169 11.8631
170 11.8631
171 11.8631
172 11.8631
173 11.8631
174 11.8631
175 11.8631
176 11.8631
177 11.8631
178 11.8631
179 11.8631
180 11.8631
181 11.8631
182 11.8631
183 11.8631
184 11.8631
185 11.8631
186 11.8631
187 11.8631
188 11.8631
189 11.8631
190 11.8631
191 11.8631
192 11.8631
193 11.8631
194 11.8631
195 11.8631
196 11.8631
197 11.8631
198 11.8631
199 11.8631
200 11.8631
201 11.8631
202 11.8631
203 11.8631
204 11.8631
205 11.8631
206 11.8631
207 11.8631
208 11.8631
209 11.8631
210 11.8631
211 11.8631
212 11.8631
213 11.8631
214 11.8631
215 11.8631
216 11.8631
217 11.8631
218 11.8631
219 11.8631
220 11.8631
221 11.8631
222 11.8631
223 11.8631
224 11.8631
225 11.8631
226 11.8631
227 11.8631
228 11.8631
229 11.8631
230 11.8631
231 11.8631
232 11.8631
233 11.8631
234 11.8631
235 11.8631
236 11.8631
237 11.8631
238 11.8631
239 11.8631
240 11.8631
241 11.8631
242 11.8631
243 11.9011
244 12
245 11.7142
246 11.1238
247 10.4255
248 9.69763
249 8.96264
250 8.23003
251 7.50556
252 7.50401
253 7.54732
254 7.58485
255 7.60521
256 7.61019
257 7.6335
258 7.64443
259 7.67303
260 7.68947
261 7.70538
262 7.76768
263 8.08438
264 8.15997
265 8.44033
266 8.49186
267 8.64099
268 9.30467
269 9.36101
270 8.8258
271 7.96333
272 7.86979
273 7.85936
274 7.61089
275 7.56042
276 7.55274
277 7.55202
278 7.54783
279 7.54748
280 7.54379
281 7.54722
282 7.57965
283 7.58318
284 7.56364
285 7.56814
286 7.56954
287 7.56784
288 7.57779
289 7.64697
290 8.03246
291 8.07902
292 8.41623
293 8.45124
294 8.81405
295 8.87105
296 8.84337
297 8.81931
298 8.84753
299 9.6259
300 10.3646
301 11.0246
302 11.5723
303 11.909
304 11.9534
305 11.9011
306 11.8631
307 11.8631
308 11.8631
309 11.8631
310 11.8631
311 11.8631
312 11.8631
313 11.8631
314 11.8631
315 11.8631
316 11.8631
317 11.8631
318 11.8631
319 11.8631
320 11.8631
321 11.8631
322 11.8631
323 11.8631
324 11.8631
325 11.8631
326 11.8631
327 11.8631
328 11.8631
329 11.8631
330 11.8631
331 11.8631
332 11.8631
333 11.8631
334 11.8631
335 11.8631
336 11.8631
337 11.8631
338 11.8631
339 11.8631
340 11.8631
341 11.8631
342 11.8631
343 11.8631
344 11.8631
345 11.8631
346 11.8631
347 11.8631
348 11.8631
349 11.8631
350 11.8631
351 11.8631
352 11.8631
353 11.8631
354 11.8631
355 11.8631
356 11.8631
357 11.8631
358 11.8631
359 11.8631
360 11.8631
361 11.8631
362 11.8631
363 11.8631
364 11.8631
365 11.8631
366 11.8631
367 11.8631
368 11.8631
369 11.8631
370 11.8631
371 11.8631
372 11.8631
373 11.8631
374 11.8631
375 11.8631
376 11.8631
377 11.8631
378 11.8631
379 11.8631
380 11.8631
381 11.8631
382 11.8631
383 11.8631
384 11.8631
385 11.8631
386 11.8631
387 11.8631
388 11.8631
389 11.8631
390 11.8631
391 11.8631
392 11.8631
393 11.8631
394 11.8631
395 11.8631
396 11.8631
397 11.8631
398 11.8631
399 11.8631
400 11.8631
401 11.8631
402 11.8631
403 11.8631
404 11.8631
405 11.8631
406 11.8631
407 11.8631
408 11.8631
409 11.8631
410 11.8631
411 11.8631
412 11.8631
413 11.8631
414 11.8631
415 11.8631
416 11.8631
417 11.8631
418 11.8631
419 11.8631
420 11.8631
421 11.8631
422 11.8631
423 11.8631
424 11.8631
425 11.8631
426 11.8631
427 11.8631
428 11.8631
429 11.8631
430 11.8631
431 11.8631
432 11.8631
433 11.8631
434 11.8631
435 11.8631
436 11.8631
437 11.8631
438 11.8631
439 11.8631
440 11.8631
441 11.8631
442 11.8631
443 11.8631
444 11.8631
445 11.8631
446 11.8631
447 11.8631
448 11.8631
449 11.8631
450 11.8631
451 11.8631
452 11.8631
453 11.8631
454 11.8631
455 11.8631
456 11.8631
457 11.8631
458 11.8631
459 11.8631
460 11.8631
461 11.8631
462 11.8631
463 11.8631
464 11.8631
465 11.8631
466 11.8631
467 11.8631
468 11.8631
469 11.8631
470 11.8631
471 11.8631
472 11.8631
473 11.8631
474 11.8631
475 11.8631
476 11.8631
477 11.8631
478 11.8631
479 11.8631
480 11.8631
481 11.8631
482 11.8631
483 11.8631
484 11.8631
485 11.8631
486 11.8631
487 11.8631
488 11.8631
489 11.8631
490 11.8631
491 11.8631
492 11.8631
493 11.8631
494 11.8631
495 11.8631
496 11.8631
497 11.8631
498 11.8631
499 11.8631
500 11.8631
501 11.8631
502 11.8631
503 11.8631
504 11.8631
505 11.8631
506 11.8631
507 11.8631
508 11.8631
509 11.8631
510 11.8631
511 11.8631
512 11.8631
513 11.8631
514 11.8631
515 11.8631
516 11.8631
517 11.8631
518 11.8631
519 11.8631
520 11.8631
521 11.8631
522 11.8631
523 11.8631
524 11.8631
525 11.8631
526 11.8631
527 11.8631
528 11.8631
529 11.8631
530 11.8631
531 11.8631
532 11.8631
533 11.8631
534 11.8631
535 11.8631
536 11.8631
537 11.8631
538 11.8631
539 11.8631
540 11.8631
541 11.8631
542 11.8631
543 11.8631
544 11.8631
545 11.8631
546 11.8631
547 11.8631
548 11.8631
549 11.8631
550 11.8631
551 11.8631
552 11.8631
