1 11.9394
2 11.9394
3 11.9394
4 11.9394
5 11.9394
6 11.9394
7 11.9394
8 11.9394
9 11.9394
10 11.9394
11 11.9394
12 11.9394
13 11.9394
14 11.9394
15 11.9394
16 11.9394
17 11.9394
18 11.9394
19 11.9394
20 11.9394
21 11.9394
22 11.9394
23 11.9394
24 11.9394
25 11.9394
26 11.9394
27 11.9394
28 11.9394
29 11.9394
30 11.9394
31 11.9394
32 11.9394
33 11.9394
34 11.9394
35 11.9394
36 11.9394
37 11.9394
38 11.9394
39 11.9394
40 11.9394
41 11.9394
42 11.9394
43 11.9394
44 11.9394
45 11.9394
46 11.9394
47 11.9394
48 11.9394
49 11.9394
50 11.9394
51 11.9394
52 11.9394
53 11.9394
54 11.9394
55 11.9394
56 11.9394
57 11.9394
58 11.9394
59 11.9394
60 11.9394
61 11.9394
62 11.9394
63 11.9394
64 11.9394
65 11.9394
66 11.9394
67 11.9394
68 11.9394
69 11.9394
70 11.9394
71 11.9394
72 11.9394
73 11.9394
74 11.9394
75 11.9394
76 11.9394
77 11.9394
78 11.9394
79 11.9394
80 11.9394
81 11.9394
82 11.9394
83 11.9394
84 11.9394
85 11.9394
86 11.9394
87 11.9394
88 11.9394
89 11.9394
90 11.9394
91 11.9394
92 11.9394
93 11.9394
94 11.9394
95 11.9394
96 11.9394
97 11.9394
98 11.9394
99 11.9394
100 11.9394
101 11.9394
102 11.9394
103 11.9394
104 11.9394
105 11.9394
106 11.9394
107 11.9394
108 11.9394
109 11.9394
110 11.9394
111 11.9394
112 11.9394
113 11.9394
114 11.9394
115 11.9394
116 11.9394
117 11.9394
118 11.9394
119 11.9394
120 11.9394
121 11.9394
122 11.9394
123 11.9394
124 11.9394
125 11.9394
126 11.9394
127 11.9394
128 11.9394
129 11.9394
130 11.9394
131 11.9394
132 11.9394
133 11.9394
134 11.9394
135 11.9394
136 11.9394
137 11.9394
138 11.9394
139 11.9394
140 11.9394
141 11.9394
142 11.9394
143 11.9394
144 11.9394
145 11.9394
146 11.9394
147 11.9394
148 11.9394
149 11.9394
150 11.9394
151 11.9394
152 11.9394
153 11.9394
154 11.9394
155 11.9394
156 11.9394
157 11.9394
158 11.9394
159 11.9394
160 11.9394
161 11.9394
162 11.9394
163 11.9394
164 11.9394
165 11.9394
166 11.9394
167 11.9394
168 11.9394
169 11.9394
170 11.9394
171 11.9394
172 11.9394
173 11.9394
174 11.9394
175 11.9394
176 11.9394
177 11.9394
178 11.9394
179 11.9394
180 11.9394
181 11.9394
182 11.9394
183 11.9394
184 11.9394
185 11.9394
186 11.9394
187 11.9394
188 11.9394
189 11.9394
190 11.9394
191 11.9394
192 11.9394
193 11.9394
194 11.9394
195 11.9394
196 11.9394
197 11.9394
198 11.9394
199 11.9394
200 11.9394
201 11.9394
202 11.9394
203 11.9394
204 11.9394
205 11.9394
206 11.9394
207 11.9394
208 11.9394
209 11.9394
210 11.9394
211 11.9394
212 11.9394
213 11.9394
214 11.9394
215 11.9394
216 11.9394
217 11.9394
218 11.9394
219 11.9394
220 11.9394
221 11.9394
222 11.9394
223 11.9394
224 11.9394
225 11.9394
226 11.9394
227 11.9394
228 11.9394
229 11.9394
230 11.9394
231 11.9394
232 11.9394
233 11.9394
234 11.9394
235 11.9394
236 11.9394
237 11.9394
238 11.9394
239 11.9394
240 11.9514
241 12
242 11.8344
243 11.2889
244 10.5611
245 9.80674
246 9.06352
247 8.33471
248 7.62267
249 6.93004
250 6.25963
251 5.61327
252 5.63474
253 5.69174
254 5.7386
255 5.76821
256 5.78003
257 5.81396
258 5.82841
259 5.86734
260 5.88755
261 5.89736
262 5.92556
263 6.09284
264 6.14398
265 6.33816
266 6.38919
267 6.53601
268 7.11058
269 7.17694
270 6.70089
271 5.7847
272 5.65267
273 5.62818
274 5.38806
275 5.35024
276 5.35482
277 5.36315
278 5.36179
279 5.34555
280 5.35262
281 5.34581
282 5.32766
283 5.32697
284 5.3429
285 5.34555
286 5.33585
287 5.32043
288 5.31651
289 5.37831
290 5.79112
291 5.86287
292 6.29044
293 6.35379
294 6.75462
295 6.79889
296 6.75119
297 6.6979
298 6.68764
299 7.40377
300 8.1429
301 8.90862
302 9.69339
303 10.4744
304 11.2006
305 11.7514
306 11.9822
307 11.9573
308 11.9394
309 11.9394
310 11.9394
311 11.9394
312 11.9394
313 11.9394
314 11.9394
315 11.9394
316 11.9394
317 11.9394
318 11.9394
319 11.9394
320 11.9394
321 11.9394
322 11.9394
323 11.9394
324 11.9394
325 11.9394
326 11.9394
327 11.9394
328 11.9394
329 11.9394
330 11.9394
331 11.9394
332 11.9394
333 11.9394
334 11.9394
335 11.9394
336 11.9394
337 11.9394
338 11.9394
339 11.9394
340 11.9394
341 11.9394
342 11.9394
343 11.9394
344 11.9394
345 11.9394
346 11.9394
347 11.9394
348 11.9394
349 11.9394
350 11.9394
351 11.9394
352 11.9394
353 11.9394
354 11.9394
355 11.9394
356 11.9394
357 11.9394
358 11.9394
359 11.9394
360 11.9394
361 11.9394
362 11.9394
363 11.9394
364 11.9394
365 11.9394
366 11.9394
367 11.9394
368 11.9394
369 11.9394
370 11.9394
371 11.9394
372 11.9394
373 11.9394
374 11.9394
375 11.9394
376 11.9394
377 11.9394
378 11.9394
379 11.9394
380 11.9394
381 11.9394
382 11.9394
383 11.9394
384 11.9394
385 11.9394
386 11.9394
387 11.9394
388 11.9394
389 11.9394
390 11.9394
391 11.9394
392 11.9394
393 11.9394
394 11.9394
395 11.9394
396 11.9394
397 11.9394
398 11.9394
399 11.9394
400 11.9394
401 11.9394
402 11.9394
403 11.9394
404 11.9394
405 11.9394
406 11.9394
407 11.9394
408 11.9394
409 11.9394
410 11.9394
411 11.9394
412 11.9394
413 11.9394
414 11.9394
415 11.9394
416 11.9394
417 11.9394
418 11.9394
419 11.9394
420 11.9394
421 11.9394
422 11.9394
423 11.9394
424 11.9394
425 11.9394
426 11.9394
427 11.9394
428 11.9394
429 11.9394
430 11.9394
431 11.9394
432 11.9394
433 11.9394
434 11.9394
435 11.9394
436 11.9394
437 11.9394
438 11.9394
439 11.9394
440 11.9394
441 11.9394
442 11.9394
443 11.9394
444 11.9394
445 11.9394
446 11.9394
447 11.9394
448 11.9394
449 11.9394
450 11.9394
451 11.9394
452 11.9394
453 11.9394
454 11.9394
455 11.9394
456 11.9394
457 11.9394
458 11.9394
459 11.9394
460 11.9394
461 11.9394
462 11.9394
463 11.9394
464 11.9394
465 11.9394
466 11.9394
467 11.9394
468 11.9394
469 11.9394
470 11.9394
471 11.9394
472 11.9394
473 11.9394
474 11.9394
475 11.9394
476 11.9394
477 11.9394
478 11.9394
479 11.9394
480 11.9394
481 11.9394
482 11.9394
483 11.9394
484 11.9394
485 11.9394
486 11.9394
487 11.9394
488 11.9394
489 11.9394
490 11.9394
491 11.9394
492 11.9394
493 11.9394
494 11.9394
495 11.9394
496 11.9394
497 11.9394
498 11.9394
499 11.9394
500 11.9394
501 11.9394
502 11.9394
503 11.9394
504 11.9394
505 11.9394
506 11.9394
507 11.9394
508 11.9394
509 11.9394
510 11.9394
511 11.9394
512 11.9394
513 11.9394
514 11.9394
515 11.9394
516 11.9394
517 11.9394
518 11.9394
519 11.9394
520 11.9394
521 11.9394
522 11.9394
523 11.9394
524 11.9394
525 11.9394
526 11.9394
527 11.9394
528 11.9394
529 11.9394
530 11.9394
531 11.9394
532 11.9394
533 11.9394
534 11.9394
535 11.9394
536 11.9394
537 11.9394
538 11.9394
539 11.9394
540 11.9394
541 11.9394
542 11.9394
543 11.9394
544 11.9394
545 11.9394
546 11.9394
547 11.9394
548 11.9394
549 11.9394
550 11.9394
551 11.9394
552 11.9394
