1 11.9355
2 11.9355
3 11.9355
4 11.9355
5 11.9355
6 11.9355
7 11.9355
8 11.9355
9 11.9355
10 11.9355
11 11.9355
12 11.9355
13 11.9355
14 11.9355
15 11.9355
16 11.9355
17 11.9355
18 11.9355
19 11.9355
20 11.9355
21 11.9355
22 11.9355
23 11.9355
24 11.9355
25 11.9355
26 11.9355
27 11.9355
28 11.9355
29 11.9355
30 11.9355
31 11.9355
32 11.9355
33 11.9355
34 11.9355
35 11.9355
36 11.9355
37 11.9355
38 11.9355
39 11.9355
40 11.9355
41 11.9355
42 11.9355
43 11.9355
44 11.9355
45 11.9355
46 11.9355
47 11.9355
48 11.9355
49 11.9355
50 11.9355
51 11.9355
52 11.9355
53 11.9355
54 11.9355
55 11.9355
56 11.9355
57 11.9355
58 11.9355
59 11.9355
60 11.9355
61 11.9355
62 11.9355
63 11.9355
64 11.9355
65 11.9355
66 11.9355
67 11.9355
68 11.9355
69 11.9355
70 11.9355
71 11.9355
72 11.9355
73 11.9355
74 11.9355
75 11.9355
76 11.9355
77 11.9355
78 11.9355
79 11.9355
80 11.9355
81 11.9355
82 11.9355
83 11.9355
84 11.9355
85 11.9355
86 11.9355
87 11.9355
88 11.9355
89 11.9355
90 11.9355
91 11.9355
92 11.9355
93 11.9355
94 11.9355
95 11.9355
96 11.9355
97 11.9355
98 11.9355
99 11.9355
100 11.9355
101 11.9355
102 11.9355
103 11.9355
104 11.9355
105 11.9355
106 11.9355
107 11.9355
108 11.9355
109 11.9355
110 11.9355
111 11.9355
112 11.9355
113 11.9355
114 11.9355
115 11.9355
116 11.9355
117 11.9355
118 11.9355
119 11.9355
120 11.9355
121 11.9355
122 11.9355
123 11.9355
124 11.9355
125 11.9355
126 11.9355
127 11.9355
128 11.9355
129 11.9355
130 11.9355
131 11.9355
132 11.9355
133 11.9355
134 11.9355
135 11.9355
136 11.9355
137 11.9355
138 11.9355
139 11.9355
140 11.9355
141 11.9355
142 11.9355
143 11.9355
144 11.9355
145 11.9355
146 11.9355
147 11.9355
148 11.9355
149 11.9355
150 11.9355
151 11.9355
152 11.9355
153 11.9355
154 11.9355
155 11.9355
156 11.9355
157 11.9355
158 11.9355
159 11.9355
160 11.9355
161 11.9355
162 11.9355
163 11.9355
164 11.9355
165 11.9355
166 11.9355
167 11.9355
168 11.9355
169 11.9355
170 11.9355
171 11.9355
172 11.9355
173 11.9355
174 11.9355
175 11.9355
176 11.9355
177 11.9355
178 11.9355
179 11.9355
180 11.9355
181 11.9355
182 11.9355
183 11.9355
184 11.9355
185 11.9355
186 11.9355
187 11.9355
188 11.9355
189 11.9355
190 11.9355
191 11.9355
192 11.9355
193 11.9355
194 11.9355
195 11.9355
196 11.9355
197 11.9355
198 11.9355
199 11.9355
200 11.9355
201 11.9355
202 11.9355
203 11.9355
204 11.9355
205 11.9355
206 11.9355
207 11.9355
208 11.9355
209 11.9355
210 11.9355
211 11.9355
212 11.9355
213 11.9355
214 11.9355
215 11.9355
216 11.9355
217 11.9355
218 11.9355
219 11.9355
220 11.9355
221 11.9355
222 11.9355
223 11.9355
224 11.9355
225 11.9355
226 11.9355
227 11.9355
228 11.9355
229 11.9355
230 11.9355
231 11.9355
232 11.9355
233 11.9355
234 11.9355
235 11.9355
236 11.9355
237 11.9355
238 11.9425
239 11.9874
240 11.9203
241 11.4846
242 10.7582
243 9.97396
244 9.21141
245 8.47522
246 7.76226
247 7.07161
248 6.40417
249 5.76095
250 5.14267
251 4.54924
252 4.58338
253 4.64648
254 4.69677
255 4.73021
256 4.74855
257 4.78732
258 4.809
259 4.8455
260 4.86931
261 4.8825
262 4.90003
263 4.99323
264 5.03044
265 5.16117
266 5.19373
267 5.30565
268 5.73417
269 5.75496
270 5.30744
271 4.42608
272 4.29954
273 4.28125
274 4.09584
275 4.07606
276 4.08678
277 4.09589
278 4.09378
279 4.07698
280 4.08274
281 4.07376
282 4.04984
283 4.04562
284 4.05703
285 4.05529
286 4.04178
287 4.0207
288 4.00559
289 4.04468
290 4.39249
291 4.45114
292 4.86709
293 4.93974
294 5.40457
295 5.48606
296 5.44457
297 5.40199
298 5.4026
299 6.11631
300 6.82402
301 7.54111
302 8.28042
303 9.04972
304 9.84909
305 10.6596
306 11.3985
307 11.8747
308 12
309 11.961
310 11.9422
311 11.9355
312 11.9355
313 11.9355
314 11.9355
315 11.9355
316 11.9355
317 11.9355
318 11.9355
319 11.9355
320 11.9355
321 11.9355
322 11.9355
323 11.9355
324 11.9355
325 11.9355
326 11.9355
327 11.9355
328 11.9355
329 11.9355
330 11.9355
331 11.9355
332 11.9355
333 11.9355
334 11.9355
335 11.9355
336 11.9355
337 11.9355
338 11.9355
339 11.9355
340 11.9355
341 11.9355
342 11.9355
343 11.9355
344 11.9355
345 11.9355
346 11.9355
347 11.9355
348 11.9355
349 11.9355
350 11.9355
351 11.9355
352 11.9355
353 11.9355
354 11.9355
355 11.9355
356 11.9355
357 11.9355
358 11.9355
359 11.9355
360 11.9355
361 11.9355
362 11.9355
363 11.9355
364 11.9355
365 11.9355
366 11.9355
367 11.9355
368 11.9355
369 11.9355
370 11.9355
371 11.9355
372 11.9355
373 11.9355
374 11.9355
375 11.9355
376 11.9355
377 11.9355
378 11.9355
379 11.9355
380 11.9355
381 11.9355
382 11.9355
383 11.9355
384 11.9355
385 11.9355
386 11.9355
387 11.9355
388 11.9355
389 11.9355
390 11.9355
391 11.9355
392 11.9355
393 11.9355
394 11.9355
395 11.9355
396 11.9355
397 11.9355
398 11.9355
399 11.9355
400 11.9355
401 11.9355
402 11.9355
403 11.9355
404 11.9355
405 11.9355
406 11.9355
407 11.9355
408 11.9355
409 11.9355
410 11.9355
411 11.9355
412 11.9355
413 11.9355
414 11.9355
415 11.9355
416 11.9355
417 11.9355
418 11.9355
419 11.9355
420 11.9355
421 11.9355
422 11.9355
423 11.9355
424 11.9355
425 11.9355
426 11.9355
427 11.9355
428 11.9355
429 11.9355
430 11.9355
431 11.9355
432 11.9355
433 11.9355
434 11.9355
435 11.9355
436 11.9355
437 11.9355
438 11.9355
439 11.9355
440 11.9355
441 11.9355
442 11.9355
443 11.9355
444 11.9355
445 11.9355
446 11.9355
447 11.9355
448 11.9355
449 11.9355
450 11.9355
451 11.9355
452 11.9355
453 11.9355
454 11.9355
455 11.9355
456 11.9355
457 11.9355
458 11.9355
459 11.9355
460 11.9355
461 11.9355
462 11.9355
463 11.9355
464 11.9355
465 11.9355
466 11.9355
467 11.9355
468 11.9355
469 11.9355
470 11.9355
471 11.9355
472 11.9355
473 11.9355
474 11.9355
475 11.9355
476 11.9355
477 11.9355
478 11.9355
479 11.9355
480 11.9355
481 11.9355
482 11.9355
483 11.9355
484 11.9355
485 11.9355
486 11.9355
487 11.9355
488 11.9355
489 11.9355
490 11.9355
491 11.9355
492 11.9355
493 11.9355
494 11.9355
495 11.9355
496 11.9355
497 11.9355
498 11.9355
499 11.9355
500 11.9355
501 11.9355
502 11.9355
503 11.9355
504 11.9355
505 11.9355
506 11.9355
507 11.9355
508 11.9355
509 11.9355
510 11.9355
511 11.9355
512 11.9355
513 11.9355
514 11.9355
515 11.9355
516 11.9355
517 11.9355
518 11.9355
519 11.9355
520 11.9355
521 11.9355
522 11.9355
523 11.9355
524 11.9355
525 11.9355
526 11.9355
527 11.9355
528 11.9355
529 11.9355
530 11.9355
531 11.9355
532 11.9355
533 11.9355
534 11.9355
535 11.9355
536 11.9355
537 11.9355
538 11.9355
539 11.9355
540 11.9355
541 11.9355
542 11.9355
543 11.9355
544 11.9355
545 11.9355
546 11.9355
547 11.9355
548 11.9355
549 11.9355
550 11.9355
551 11.9355
552 11.9355
