1 11.9715
2 11.9715
3 11.9715
4 11.9715
5 11.9715
6 11.9715
7 11.9715
8 11.9715
9 11.9715
10 11.9715
11 11.9715
12 11.9715
13 11.9715
14 11.9715
15 11.9715
16 11.9715
17 11.9715
18 11.9715
19 11.9715
20 11.9715
21 11.9715
22 11.9715
23 11.9715
24 11.9715
25 11.9715
26 11.9715
27 11.9715
28 11.9715
29 11.9715
30 11.9715
31 11.9715
32 11.9715
33 11.9715
34 11.9715
35 11.9715
36 11.9715
37 11.9715
38 11.9715
39 11.9715
40 11.9715
41 11.9715
42 11.9715
43 11.9715
44 11.9715
45 11.9715
46 11.9715
47 11.9715
48 11.9715
49 11.9715
50 11.9715
51 11.9715
52 11.9715
53 11.9715
54 11.9715
55 11.9715
56 11.9715
57 11.9715
58 11.9715
59 11.9715
60 11.9715
61 11.9715
62 11.9715
63 11.9715
64 11.9715
65 11.9715
66 11.9715
67 11.9715
68 11.9715
69 11.9715
70 11.9715
71 11.9715
72 11.9715
73 11.9715
74 11.9715
75 11.9715
76 11.9715
77 11.9715
78 11.9715
79 11.9715
80 11.9715
81 11.9715
82 11.9715
83 11.9715
84 11.9715
85 11.9715
86 11.9715
87 11.9715
88 11.9715
89 11.9715
90 11.9715
91 11.9715
92 11.9715
93 11.9715
94 11.9715
95 11.9715
96 11.9715
97 11.9715
98 11.9715
99 11.9715
100 11.9715
101 11.9715
102 11.9715
103 11.9715
104 11.9715
105 11.9715
106 11.9715
107 11.9715
108 11.9715
109 11.9715
110 11.9715
111 11.9715
112 11.9715
113 11.9715
114 11.9715
115 11.9715
116 11.9715
117 11.9715
118 11.9715
119 11.9715
120 11.9715
121 11.9715
122 11.9715
123 11.9715
124 11.9715
125 11.9715
126 11.9715
127 11.9715
128 11.9715
129 11.9715
130 11.9715
131 11.9715
132 11.9715
133 11.9715
134 11.9715
135 11.9715
136 11.9715
137 11.9715
138 11.9715
139 11.9715
140 11.9715
141 11.9715
142 11.9715
143 11.9715
144 11.9715
145 11.9715
146 11.9715
147 11.9715
148 11.9715
149 11.9715
150 11.9715
151 11.9715
152 11.9715
153 11.9715
154 11.9715
155 11.9715
156 11.9715
157 11.9715
158 11.9715
159 11.9715
160 11.9715
161 11.9715
162 11.9715
163 11.9715
164 11.9715
165 11.9715
166 11.9715
167 11.9715
168 11.9715
169 11.9715
170 11.9715
171 11.9715
172 11.9715
173 11.9715
174 11.9715
175 11.9715
176 11.9715
177 11.9715
178 11.9715
179 11.9715
180 11.9715
181 11.9715
182 11.9715
183 11.9715
184 11.9715
185 11.9715
186 11.9715
187 11.9715
188 11.9715
189 11.9715
190 11.9715
191 11.9715
192 11.9715
193 11.9715
194 11.9715
195 11.9715
196 11.9715
197 11.9715
198 11.9715
199 11.9715
200 11.9715
201 11.9715
202 11.9715
203 11.9715
204 11.9715
205 11.9715
206 11.9715
207 11.9715
208 11.9715
209 11.9715
210 11.9715
211 11.9715
212 11.9715
213 11.9715
214 11.9715
215 11.9715
216 11.9715
217 11.9715
218 11.9715
219 11.9715
220 11.9715
221 11.9715
222 11.9715
223 11.9715
224 11.9715
225 11.9715
226 11.9715
227 11.9715
228 11.9715
229 11.9715
230 11.9715
231 11.9715
232 11.9715
233 11.9715
234 11.9715
235 12
236 11.6812
237 11.1291
238 10.4747
239 9.76843
240 9.02509
241 8.26215
242 7.49108
243 6.721
244 5.95912
245 5.21123
246 4.48172
247 3.7735
248 3.08817
249 2.42615
250 1.7869
251 1.16906
252 1.1953
253 1.25272
254 1.29858
255 1.32894
256 1.34713
257 1.377
258 1.39469
259 1.42178
260 1.43775
261 1.44632
262 1.45061
263 1.45264
264 1.4562
265 1.4578
266 1.46048
267 1.46161
268 1.46204
269 1.46273
270 1.46378
271 1.4653
272 1.46581
273 1.46597
274 1.46619
275 1.46624
276 1.46621
277 1.46605
278 1.46554
279 1.46406
280 1.46305
281 1.46041
282 1.45432
283 1.45034
284 1.44788
285 1.44269
286 1.43292
287 1.41738
288 1.40058
289 1.41095
290 1.59752
291 1.62125
292 1.87675
293 1.91407
294 2.23995
295 2.29122
296 2.25524
297 2.22442
298 2.25039
299 3.04833
300 3.85594
301 4.66472
302 5.46001
303 6.22117
304 6.92716
305 7.56687
306 8.1459
307 8.68303
308 9.19988
309 9.71018
310 10.2162
311 10.7171
312 11.2127
313 11.6882
314 11.9738
315 11.9715
316 11.9715
317 11.9715
318 11.9715
319 11.9715
320 11.9715
321 11.9715
322 11.9715
323 11.9715
324 11.9715
325 11.9715
326 11.9715
327 11.9715
328 11.9715
329 11.9715
330 11.9715
331 11.9715
332 11.9715
333 11.9715
334 11.9715
335 11.9715
336 11.9715
337 11.9715
338 11.9715
339 11.9715
340 11.9715
341 11.9715
342 11.9715
343 11.9715
344 11.9715
345 11.9715
346 11.9715
347 11.9715
348 11.9715
349 11.9715
350 11.9715
351 11.9715
352 11.9715
353 11.9715
354 11.9715
355 11.9715
356 11.9715
357 11.9715
358 11.9715
359 11.9715
360 11.9715
361 11.9715
362 11.9715
363 11.9715
364 11.9715
365 11.9715
366 11.9715
367 11.9715
368 11.9715
369 11.9715
370 11.9715
371 11.9715
372 11.9715
373 11.9715
374 11.9715
375 11.9715
376 11.9715
377 11.9715
378 11.9715
379 11.9715
380 11.9715
381 11.9715
382 11.9715
383 11.9715
384 11.9715
385 11.9715
386 11.9715
387 11.9715
388 11.9715
389 11.9715
390 11.9715
391 11.9715
392 11.9715
393 11.9715
394 11.9715
395 11.9715
396 11.9715
397 11.9715
398 11.9715
399 11.9715
400 11.9715
401 11.9715
402 11.9715
403 11.9715
404 11.9715
405 11.9715
406 11.9715
407 11.9715
408 11.9715
409 11.9715
410 11.9715
411 11.9715
412 11.9715
413 11.9715
414 11.9715
415 11.9715
416 11.9715
417 11.9715
418 11.9715
419 11.9715
420 11.9715
421 11.9715
422 11.9715
423 11.9715
424 11.9715
425 11.9715
426 11.9715
427 11.9715
428 11.9715
429 11.9715
430 11.9715
431 11.9715
432 11.9715
433 11.9715
434 11.9715
435 11.9715
436 11.9715
437 11.9715
438 11.9715
439 11.9715
440 11.9715
441 11.9715
442 11.9715
443 11.9715
444 11.9715
445 11.9715
446 11.9715
447 11.9715
448 11.9715
449 11.9715
450 11.9715
451 11.9715
452 11.9715
453 11.9715
454 11.9715
455 11.9715
456 11.9715
457 11.9715
458 11.9715
459 11.9715
460 11.9715
461 11.9715
462 11.9715
463 11.9715
464 11.9715
465 11.9715
466 11.9715
467 11.9715
468 11.9715
469 11.9715
470 11.9715
471 11.9715
472 11.9715
473 11.9715
474 11.9715
475 11.9715
476 11.9715
477 11.9715
478 11.9715
479 11.9715
480 11.9715
481 11.9715
482 11.9715
483 11.9715
484 11.9715
485 11.9715
486 11.9715
487 11.9715
488 11.9715
489 11.9715
490 11.9715
491 11.9715
492 11.9715
493 11.9715
494 11.9715
495 11.9715
496 11.9715
497 11.9715
498 11.9715
499 11.9715
500 11.9715
501 11.9715
502 11.9715
503 11.9715
504 11.9715
505 11.9715
506 11.9715
507 11.9715
508 11.9715
509 11.9715
510 11.9715
511 11.9715
512 11.9715
513 11.9715
514 11.9715
515 11.9715
516 11.9715
517 11.9715
518 11.9715
519 11.9715
520 11.9715
521 11.9715
522 11.9715
523 11.9715
524 11.9715
525 11.9715
526 11.9715
527 11.9715
528 11.9715
529 11.9715
530 11.9715
531 11.9715
532 11.9715
533 11.9715
534 11.9715
535 11.9715
536 11.9715
537 11.9715
538 11.9715
539 11.9715
540 11.9715
541 11.9715
542 11.9715
543 11.9715
544 11.9715
545 11.9715
546 11.9715
547 11.9715
548 11.9715
549 11.9715
550 11.9715
551 11.9715
552 11.9715
