1 11.9932
2 11.9932
3 11.9932
4 11.9932
5 11.9932
6 11.9932
7 11.9932
8 11.9932
9 11.9932
10 11.9932
11 11.9932
12 11.9932
13 11.9932
14 11.9932
15 11.9932
16 11.9932
17 11.9932
18 11.9932
19 11.9932
20 11.9932
21 11.9932
22 11.9932
23 11.9932
24 11.9932
25 11.9932
26 11.9932
27 11.9932
28 11.9932
29 11.9932
30 11.9932
31 11.9932
32 11.9932
33 11.9932
34 11.9932
35 11.9932
36 11.9932
37 11.9932
38 11.9932
39 11.9932
40 11.9932
41 11.9932
42 11.9932
43 11.9932
44 11.9932
45 11.9932
46 11.9932
47 11.9932
48 11.9932
49 11.9932
50 11.9932
51 11.9932
52 11.9932
53 11.9932
54 11.9932
55 11.9932
56 11.9932
57 11.9932
58 11.9932
59 11.9932
60 11.9932
61 11.9932
62 11.9932
63 11.9932
64 11.9932
65 11.9932
66 11.9932
67 11.9932
68 11.9932
69 11.9932
70 11.9932
71 11.9932
72 11.9932
73 11.9932
74 11.9932
75 11.9932
76 11.9932
77 11.9932
78 11.9932
79 11.9932
80 11.9932
81 11.9932
82 11.9932
83 11.9932
84 11.9932
85 11.9932
86 11.9932
87 11.9932
88 11.9932
89 11.9932
90 11.9932
91 11.9932
92 11.9932
93 11.9932
94 11.9932
95 11.9932
96 11.9932
97 11.9932
98 11.9932
99 11.9932
100 11.9932
101 11.9932
102 11.9932
103 11.9932
104 11.9932
105 11.9932
106 11.9932
107 11.9932
108 11.9932
109 11.9932
110 11.9932
111 11.9932
112 11.9932
113 11.9932
114 11.9932
115 11.9932
116 11.9932
117 11.9932
118 11.9932
119 11.9932
120 11.9932
121 11.9932
122 11.9932
123 11.9932
124 11.9932
125 11.9932
126 11.9932
127 11.9932
128 11.9932
129 11.9932
130 11.9932
131 11.9932
132 11.9932
133 11.9932
134 11.9932
135 11.9932
136 11.9932
137 11.9932
138 11.9932
139 11.9932
140 11.9932
141 11.9932
142 11.9932
143 11.9932
144 11.9932
145 11.9932
146 11.9932
147 11.9932
148 11.9932
149 11.9932
150 11.9932
151 11.9932
152 11.9932
153 11.9932
154 11.9932
155 11.9932
156 11.9932
157 11.9932
158 11.9932
159 11.9932
160 11.9932
161 11.9932
162 11.9932
163 11.9932
164 11.9932
165 11.9932
166 11.9932
167 11.9932
168 11.9932
169 11.9932
170 11.9932
171 11.9932
172 11.9932
173 11.9932
174 11.9932
175 11.9932
176 11.9932
177 11.9932
178 11.9932
179 11.9932
180 11.9932
181 11.9932
182 11.9932
183 11.9932
184 11.9932
185 11.9932
186 11.9932
187 11.9932
188 11.9932
189 11.9932
190 11.9932
191 11.9932
192 11.9932
193 11.9932
194 11.9932
195 11.9932
196 11.9932
197 11.9932
198 11.9932
199 11.9932
200 11.9932
201 11.9932
202 11.9932
203 11.9932
204 11.9932
205 11.9932
206 11.9932
207 11.9932
208 11.9932
209 11.9932
210 11.9932
211 11.9932
212 11.9932
213 11.9932
214 11.9932
215 11.9932
216 11.9932
217 11.9932
218 11.9932
219 11.9932
220 11.9932
221 11.9932
222 11.9932
223 11.9932
224 11.9932
225 11.9932
226 11.9932
227 11.9932
228 11.9932
229 11.9932
230 11.9932
231 11.9932
232 11.9932
233 11.9932
234 11.9932
235 11.9932
236 11.9932
237 11.9932
238 11.9932
239 11.9932
240 11.9932
241 11.9932
242 11.9932
243 11.9932
244 11.9932
245 11.9932
246 11.9932
247 11.9932
248 11.9932
249 11.9932
250 11.9968
251 11.1186
252 11.0664
253 11.0658
254 11.1008
255 11.2106
256 11.9971
257 11.6233
258 11.9886
259 11.2487
260 11.1586
261 11.1586
262 11.2487
263 11.9886
264 11.5657
265 11.9652
266 11.258
267 11.21
268 11.968
269 11.9932
270 11.968
271 11.2983
272 11.4287
273 12
274 11.2678
275 11.1462
276 11.1227
277 11.1462
278 11.2678
279 12
280 11.4287
281 11.2983
282 11.968
283 11.9968
284 11.0883
285 11.0277
286 11.0221
287 11.0352
288 11.0729
289 11.1748
290 11.9971
291 11.5321
292 11.9657
293 11.3181
294 11.9755
295 11.9699
296 11.1266
297 11.0808
298 11.1266
299 11.9699
300 11.9932
301 11.9932
302 11.9932
303 11.9932
304 11.9932
305 11.9932
306 11.9932
307 11.9932
308 11.9932
309 11.9932
310 11.9932
311 11.9932
312 11.9932
313 11.9932
314 11.9932
315 11.9932
316 11.9932
317 11.9932
318 11.9932
319 11.9932
320 11.9932
321 11.9932
322 11.9932
323 11.9932
324 11.9932
325 11.9932
326 11.9932
327 11.9932
328 11.9932
329 11.9932
330 11.9932
331 11.9932
332 11.9932
333 11.9932
334 11.9932
335 11.9932
336 11.9932
337 11.9932
338 11.9932
339 11.9932
340 11.9932
341 11.9932
342 11.9932
343 11.9932
344 11.9932
345 11.9932
346 11.9932
347 11.9932
348 11.9932
349 11.9932
350 11.9932
351 11.9932
352 11.9932
353 11.9932
354 11.9932
355 11.9932
356 11.9932
357 11.9932
358 11.9932
359 11.9932
360 11.9932
361 11.9932
362 11.9932
363 11.9932
364 11.9932
365 11.9932
366 11.9932
367 11.9932
368 11.9932
369 11.9932
370 11.9932
371 11.9932
372 11.9932
373 11.9932
374 11.9932
375 11.9932
376 11.9932
377 11.9932
378 11.9932
379 11.9932
380 11.9932
381 11.9932
382 11.9932
383 11.9932
384 11.9932
385 11.9932
386 11.9932
387 11.9932
388 11.9932
389 11.9932
390 11.9932
391 11.9932
392 11.9932
393 11.9932
394 11.9932
395 11.9932
396 11.9932
397 11.9932
398 11.9932
399 11.9932
400 11.9932
401 11.9932
402 11.9932
403 11.9932
404 11.9932
405 11.9932
406 11.9932
407 11.9932
408 11.9932
409 11.9932
410 11.9932
411 11.9932
412 11.9932
413 11.9932
414 11.9932
415 11.9932
416 11.9932
417 11.9932
418 11.9932
419 11.9932
420 11.9932
421 11.9932
422 11.9932
423 11.9932
424 11.9932
425 11.9932
426 11.9932
427 11.9932
428 11.9932
429 11.9932
430 11.9932
431 11.9932
432 11.9932
433 11.9932
434 11.9932
435 11.9932
436 11.9932
437 11.9932
438 11.9932
439 11.9932
440 11.9932
441 11.9932
442 11.9932
443 11.9932
444 11.9932
445 11.9932
446 11.9932
447 11.9932
448 11.9932
449 11.9932
450 11.9932
451 11.9932
452 11.9932
453 11.9932
454 11.9932
455 11.9932
456 11.9932
457 11.9932
458 11.9932
459 11.9932
460 11.9932
461 11.9932
462 11.9932
463 11.9932
464 11.9932
465 11.9932
466 11.9932
467 11.9932
468 11.9932
469 11.9932
470 11.9932
471 11.9932
472 11.9932
473 11.9932
474 11.9932
475 11.9932
476 11.9932
477 11.9932
478 11.9932
479 11.9932
480 11.9932
481 11.9932
482 11.9932
483 11.9932
484 11.9932
485 11.9932
486 11.9932
487 11.9932
488 11.9932
489 11.9932
490 11.9932
491 11.9932
492 11.9932
493 11.9932
494 11.9932
495 11.9932
496 11.9932
497 11.9932
498 11.9932
499 11.9932
500 11.9932
501 11.9932
502 11.9932
503 11.9932
504 11.9932
505 11.9932
506 11.9932
507 11.9932
508 11.9932
509 11.9932
510 11.9932
511 11.9932
512 11.9932
513 11.9932
514 11.9932
515 11.9932
516 11.9932
517 11.9932
518 11.9932
519 11.9932
520 11.9932
521 11.9932
522 11.9932
523 11.9932
524 11.9932
525 11.9932
526 11.9932
527 11.9932
528 11.9932
529 11.9932
530 11.9932
531 11.9932
532 11.9932
533 11.9932
534 11.9932
535 11.9932
536 11.9932
537 11.9932
538 11.9932
539 11.9932
540 11.9932
541 11.9932
542 11.9932
543 11.9932
544 11.9932
545 11.9932
546 11.9932
547 11.9932
548 11.9932
549 11.9932
550 11.9932
551 11.9932
552 11.9932
