1 11.8183
2 11.8183
3 11.8183
4 11.8183
5 11.8183
6 11.8183
7 11.8183
8 11.8183
9 11.8183
10 11.8183
11 11.8183
12 11.8183
13 11.8183
14 11.8183
15 11.8183
16 11.8183
17 11.8183
18 11.8183
19 11.8183
20 11.8183
21 11.8183
22 11.8183
23 11.8183
24 11.8183
25 11.8183
26 11.8183
27 11.8183
28 11.8183
29 11.8183
30 11.8183
31 11.8183
32 11.8183
33 11.8183
34 11.8183
35 11.8183
36 11.8183
37 11.8183
38 11.8183
39 11.8183
40 11.8183
41 11.8183
42 11.8183
43 11.8183
44 11.8183
45 11.8183
46 11.8183
47 11.8183
48 11.8183
49 11.8183
50 11.8183
51 11.8183
52 11.8183
53 11.8183
54 11.8183
55 11.8183
56 11.8183
57 11.8183
58 11.8183
59 11.8183
60 11.8183
61 11.8183
62 11.8183
63 11.8183
64 11.8183
65 11.8183
66 11.8183
67 11.8183
68 11.8183
69 11.8183
70 11.8183
71 11.8183
72 11.8183
73 11.8183
74 11.8183
75 11.8183
76 11.8183
77 11.8183
78 11.8183
79 11.8183
80 11.8183
81 11.8183
82 11.8183
83 11.8183
84 11.8183
85 11.8183
86 11.8183
87 11.8183
88 11.8183
89 11.8183
90 11.8183
91 11.8183
92 11.8183
93 11.8183
94 11.8183
95 11.8183
96 11.8183
97 11.8183
98 11.8183
99 11.8183
100 11.8183
101 11.8183
102 11.8183
103 11.8183
104 11.8183
105 11.8183
106 11.8183
107 11.8183
108 11.8183
109 11.8183
110 11.8183
111 11.8183
112 11.8183
113 11.8183
114 11.8183
115 11.8183
116 11.8183
117 11.8183
118 11.8183
119 11.8183
120 11.8183
121 11.8183
122 11.8183
123 11.8183
124 11.8183
125 11.8183
126 11.8183
127 11.8183
128 11.8183
129 11.8183
130 11.8183
131 11.8183
132 11.8183
133 11.8183
134 11.8183
135 11.8183
136 11.8183
137 11.8183
138 11.8183
139 11.8183
140 11.8183
141 11.8183
142 11.8183
143 11.8183
144 11.8183
145 11.8183
146 11.8183
147 11.8183
148 11.8183
149 11.8183
150 11.8183
151 11.8183
152 11.8183
153 11.8183
154 11.8183
155 11.8183
156 11.8183
157 11.8183
158 11.8183
159 11.8183
160 11.8183
161 11.8183
162 11.8183
163 11.8183
164 11.8183
165 11.8183
166 11.8183
167 11.8183
168 11.8183
169 11.8183
170 11.8183
171 11.8183
172 11.8183
173 11.8183
174 11.8183
175 11.8183
176 11.8183
177 11.8183
178 11.8183
179 11.8183
180 11.8183
181 11.8183
182 11.8183
183 11.8183
184 11.8183
185 11.8183
186 11.8183
187 11.8183
188 11.8183
189 11.8183
190 11.8183
191 11.8183
192 11.8183
193 11.8183
194 11.8183
195 11.8183
196 11.8183
197 11.8183
198 11.8183
199 11.8183
200 11.8183
201 11.8183
202 11.8183
203 11.8183
204 11.8183
205 11.8183
206 11.8183
207 11.8183
208 11.8183
209 11.8183
210 11.8183
211 11.8183
212 11.8183
213 11.8183
214 11.8183
215 11.8183
216 11.8183
217 11.8183
218 11.8183
219 11.8183
220 11.8183
221 11.8183
222 11.8183
223 11.8183
224 11.8183
225 11.8183
226 11.8183
227 11.8183
228 11.8183
229 11.8183
230 11.8183
231 11.8183
232 11.8183
233 11.8183
234 11.8183
235 11.8183
236 11.8183
237 11.8183
238 11.8183
239 11.8183
240 11.8183
241 11.8183
242 11.8183
243 11.8183
244 11.8183
245 11.8183
246 11.8183
247 11.8183
248 11.8183
249 12
250 11.4327
251 10.6644
252 10.6325
253 10.6593
254 10.7228
255 10.8781
256 11.5508
257 11.4746
258 11.6571
259 11.0577
260 10.9295
261 10.906
262 10.9773
263 11.5387
264 11.4316
265 11.7425
266 11.2087
267 11.1021
268 11.6349
269 11.8183
270 11.7778
271 11.1072
272 11.1475
273 11.3151
274 10.829
275 10.725
276 10.7015
277 10.725
278 10.829
279 11.3151
280 11.207
281 11.2527
282 11.9327
283 11.5468
284 10.6366
285 10.5416
286 10.5199
287 10.5247
288 10.5614
289 10.6735
290 11.3342
291 11.3104
292 11.8404
293 11.4442
294 11.8813
295 11.631
296 10.8504
297 10.7968
298 10.8291
299 11.5555
300 11.9483
301 11.8183
302 11.8183
303 11.8183
304 11.8183
305 11.8183
306 11.8183
307 11.8183
308 11.8183
309 11.8183
310 11.8183
311 11.8183
312 11.8183
313 11.8183
314 11.8183
315 11.8183
316 11.8183
317 11.8183
318 11.8183
319 11.8183
320 11.8183
321 11.8183
322 11.8183
323 11.8183
324 11.8183
325 11.8183
326 11.8183
327 11.8183
328 11.8183
329 11.8183
330 11.8183
331 11.8183
332 11.8183
333 11.8183
334 11.8183
335 11.8183
336 11.8183
337 11.8183
338 11.8183
339 11.8183
340 11.8183
341 11.8183
342 11.8183
343 11.8183
344 11.8183
345 11.8183
346 11.8183
347 11.8183
348 11.8183
349 11.8183
350 11.8183
351 11.8183
352 11.8183
353 11.8183
354 11.8183
355 11.8183
356 11.8183
357 11.8183
358 11.8183
359 11.8183
360 11.8183
361 11.8183
362 11.8183
363 11.8183
364 11.8183
365 11.8183
366 11.8183
367 11.8183
368 11.8183
369 11.8183
370 11.8183
371 11.8183
372 11.8183
373 11.8183
374 11.8183
375 11.8183
376 11.8183
377 11.8183
378 11.8183
379 11.8183
380 11.8183
381 11.8183
382 11.8183
383 11.8183
384 11.8183
385 11.8183
386 11.8183
387 11.8183
388 11.8183
389 11.8183
390 11.8183
391 11.8183
392 11.8183
393 11.8183
394 11.8183
395 11.8183
396 11.8183
397 11.8183
398 11.8183
399 11.8183
400 11.8183
401 11.8183
402 11.8183
403 11.8183
404 11.8183
405 11.8183
406 11.8183
407 11.8183
408 11.8183
409 11.8183
410 11.8183
411 11.8183
412 11.8183
413 11.8183
414 11.8183
415 11.8183
416 11.8183
417 11.8183
418 11.8183
419 11.8183
420 11.8183
421 11.8183
422 11.8183
423 11.8183
424 11.8183
425 11.8183
426 11.8183
427 11.8183
428 11.8183
429 11.8183
430 11.8183
431 11.8183
432 11.8183
433 11.8183
434 11.8183
435 11.8183
436 11.8183
437 11.8183
438 11.8183
439 11.8183
440 11.8183
441 11.8183
442 11.8183
443 11.8183
444 11.8183
445 11.8183
446 11.8183
447 11.8183
448 11.8183
449 11.8183
450 11.8183
451 11.8183
452 11.8183
453 11.8183
454 11.8183
455 11.8183
456 11.8183
457 11.8183
458 11.8183
459 11.8183
460 11.8183
461 11.8183
462 11.8183
463 11.8183
464 11.8183
465 11.8183
466 11.8183
467 11.8183
468 11.8183
469 11.8183
470 11.8183
471 11.8183
472 11.8183
473 11.8183
474 11.8183
475 11.8183
476 11.8183
477 11.8183
478 11.8183
479 11.8183
480 11.8183
481 11.8183
482 11.8183
483 11.8183
484 11.8183
485 11.8183
486 11.8183
487 11.8183
488 11.8183
489 11.8183
490 11.8183
491 11.8183
492 11.8183
493 11.8183
494 11.8183
495 11.8183
496 11.8183
497 11.8183
498 11.8183
499 11.8183
500 11.8183
501 11.8183
502 11.8183
503 11.8183
504 11.8183
505 11.8183
506 11.8183
507 11.8183
508 11.8183
509 11.8183
510 11.8183
511 11.8183
512 11.8183
513 11.8183
514 11.8183
515 11.8183
516 11.8183
517 11.8183
518 11.8183
519 11.8183
520 11.8183
521 11.8183
522 11.8183
523 11.8183
524 11.8183
525 11.8183
526 11.8183
527 11.8183
528 11.8183
529 11.8183
530 11.8183
531 11.8183
532 11.8183
533 11.8183
534 11.8183
535 11.8183
536 11.8183
537 11.8183
538 11.8183
539 11.8183
540 11.8183
541 11.8183
542 11.8183
543 11.8183
544 11.8183
545 11.8183
546 11.8183
547 11.8183
548 11.8183
549 11.8183
550 11.8183
551 11.8183
552 11.8183
