1 11.9264
2 11.9264
3 11.9264
4 11.9264
5 11.9264
6 11.9264
7 11.9264
8 11.9264
9 11.9264
10 11.9264
11 11.9264
12 11.9264
13 11.9264
14 11.9264
15 11.9264
16 11.9264
17 11.9264
18 11.9264
19 11.9264
20 11.9264
21 11.9264
22 11.9264
23 11.9264
24 11.9264
25 11.9264
26 11.9264
27 11.9264
28 11.9264
29 11.9264
30 11.9264
31 11.9264
32 11.9264
33 11.9264
34 11.9264
35 11.9264
36 11.9264
37 11.9264
38 11.9264
39 11.9264
40 11.9264
41 11.9264
42 11.9264
43 11.9264
44 11.9264
45 11.9264
46 11.9264
47 11.9264
48 11.9264
49 11.9264
50 11.9264
51 11.9264
52 11.9264
53 11.9264
54 11.9264
55 11.9264
56 11.9264
57 11.9264
58 11.9264
59 11.9264
60 11.9264
61 11.9264
62 11.9264
63 11.9264
64 11.9264
65 11.9264
66 11.9264
67 11.9264
68 11.9264
69 11.9264
70 11.9264
71 11.9264
72 11.9264
73 11.9264
74 11.9264
75 11.9264
76 11.9264
77 11.9264
78 11.9264
79 11.9264
80 11.9264
81 11.9264
82 11.9264
83 11.9264
84 11.9264
85 11.9264
86 11.9264
87 11.9264
88 11.9264
89 11.9264
90 11.9264
91 11.9264
92 11.9264
93 11.9264
94 11.9264
95 11.9264
96 11.9264
97 11.9264
98 11.9264
99 11.9264
100 11.9264
101 11.9264
102 11.9264
103 11.9264
104 11.9264
105 11.9264
106 11.9264
107 11.9264
108 11.9264
109 11.9264
110 11.9264
111 11.9264
112 11.9264
113 11.9264
114 11.9264
115 11.9264
116 11.9264
117 11.9264
118 11.9264
119 11.9264
120 11.9264
121 11.9264
122 11.9264
123 11.9264
124 11.9264
125 11.9264
126 11.9264
127 11.9264
128 11.9264
129 11.9264
130 11.9264
131 11.9264
132 11.9264
133 11.9264
134 11.9264
135 11.9264
136 11.9264
137 11.9264
138 11.9264
139 11.9264
140 11.9264
141 11.9264
142 11.9264
143 11.9264
144 11.9264
145 11.9264
146 11.9264
147 11.9264
148 11.9264
149 11.9264
150 11.9264
151 11.9264
152 11.9264
153 11.9264
154 11.9264
155 11.9264
156 11.9264
157 11.9264
158 11.9264
159 11.9264
160 11.9264
161 11.9264
162 11.9264
163 11.9264
164 11.9264
165 11.9264
166 11.9264
167 11.9264
168 11.9264
169 11.9264
170 11.9264
171 11.9264
172 11.9264
173 11.9264
174 11.9264
175 11.9264
176 11.9264
177 11.9264
178 11.9264
179 11.9264
180 11.9264
181 11.9264
182 11.9264
183 11.9264
184 11.9264
185 11.9264
186 11.9264
187 11.9264
188 11.9264
189 11.9264
190 11.9264
191 11.9264
192 11.9264
193 11.9264
194 11.9264
195 11.9264
196 11.9264
197 11.9264
198 11.9264
199 11.9264
200 11.9264
201 11.9264
202 11.9264
203 11.9264
204 11.9264
205 11.9264
206 11.9264
207 11.9264
208 11.9264
209 11.9264
210 11.9264
211 11.9264
212 11.9264
213 11.9264
214 11.9264
215 11.9264
216 11.9264
217 11.9264
218 11.9264
219 11.9264
220 11.9264
221 11.9264
222 11.9264
223 11.9264
224 11.9264
225 11.9264
226 11.9264
227 11.9264
228 11.9264
229 11.9264
230 11.9264
231 11.9264
232 11.9264
233 11.9264
234 11.9264
235 11.9264
236 11.9264
237 11.9264
238 11.9264
239 11.9264
240 11.9264
241 11.9264
242 11.9264
243 11.9264
244 11.9264
245 11.9264
246 12
247 11.6829
248 11.1028
249 10.4371
250 9.72774
251 9.00069
252 8.99194
253 9.0243
254 9.05191
255 9.07356
256 9.12335
257 9.13935
258 9.17451
259 9.17159
260 9.18607
261 9.21206
262 9.29229
263 9.66456
264 9.73432
265 10.0079
266 10.0409
267 10.1579
268 10.8383
269 10.8501
270 10.1699
271 9.30777
272 9.25081
273 9.26272
274 9.09052
275 9.07455
276 9.08222
277 9.09113
278 9.11149
279 9.2035
280 9.19702
281 9.23537
282 9.39491
283 9.36454
284 9.13169
285 9.08798
286 9.07841
287 9.06894
288 9.05936
289 9.08741
290 9.39708
291 9.43354
292 9.81307
293 9.88383
294 10.407
295 10.508
296 10.3589
297 10.3157
298 10.3095
299 10.8756
300 11.3653
301 11.7302
302 11.9992
303 11.9948
304 11.9264
305 11.9264
306 11.9264
307 11.9264
308 11.9264
309 11.9264
310 11.9264
311 11.9264
312 11.9264
313 11.9264
314 11.9264
315 11.9264
316 11.9264
317 11.9264
318 11.9264
319 11.9264
320 11.9264
321 11.9264
322 11.9264
323 11.9264
324 11.9264
325 11.9264
326 11.9264
327 11.9264
328 11.9264
329 11.9264
330 11.9264
331 11.9264
332 11.9264
333 11.9264
334 11.9264
335 11.9264
336 11.9264
337 11.9264
338 11.9264
339 11.9264
340 11.9264
341 11.9264
342 11.9264
343 11.9264
344 11.9264
345 11.9264
346 11.9264
347 11.9264
348 11.9264
349 11.9264
350 11.9264
351 11.9264
352 11.9264
353 11.9264
354 11.9264
355 11.9264
356 11.9264
357 11.9264
358 11.9264
359 11.9264
360 11.9264
361 11.9264
362 11.9264
363 11.9264
364 11.9264
365 11.9264
366 11.9264
367 11.9264
368 11.9264
369 11.9264
370 11.9264
371 11.9264
372 11.9264
373 11.9264
374 11.9264
375 11.9264
376 11.9264
377 11.9264
378 11.9264
379 11.9264
380 11.9264
381 11.9264
382 11.9264
383 11.9264
384 11.9264
385 11.9264
386 11.9264
387 11.9264
388 11.9264
389 11.9264
390 11.9264
391 11.9264
392 11.9264
393 11.9264
394 11.9264
395 11.9264
396 11.9264
397 11.9264
398 11.9264
399 11.9264
400 11.9264
401 11.9264
402 11.9264
403 11.9264
404 11.9264
405 11.9264
406 11.9264
407 11.9264
408 11.9264
409 11.9264
410 11.9264
411 11.9264
412 11.9264
413 11.9264
414 11.9264
415 11.9264
416 11.9264
417 11.9264
418 11.9264
419 11.9264
420 11.9264
421 11.9264
422 11.9264
423 11.9264
424 11.9264
425 11.9264
426 11.9264
427 11.9264
428 11.9264
429 11.9264
430 11.9264
431 11.9264
432 11.9264
433 11.9264
434 11.9264
435 11.9264
436 11.9264
437 11.9264
438 11.9264
439 11.9264
440 11.9264
441 11.9264
442 11.9264
443 11.9264
444 11.9264
445 11.9264
446 11.9264
447 11.9264
448 11.9264
449 11.9264
450 11.9264
451 11.9264
452 11.9264
453 11.9264
454 11.9264
455 11.9264
456 11.9264
457 11.9264
458 11.9264
459 11.9264
460 11.9264
461 11.9264
462 11.9264
463 11.9264
464 11.9264
465 11.9264
466 11.9264
467 11.9264
468 11.9264
469 11.9264
470 11.9264
471 11.9264
472 11.9264
473 11.9264
474 11.9264
475 11.9264
476 11.9264
477 11.9264
478 11.9264
479 11.9264
480 11.9264
481 11.9264
482 11.9264
483 11.9264
484 11.9264
485 11.9264
486 11.9264
487 11.9264
488 11.9264
489 11.9264
490 11.9264
491 11.9264
492 11.9264
493 11.9264
494 11.9264
495 11.9264
496 11.9264
497 11.9264
498 11.9264
499 11.9264
500 11.9264
501 11.9264
502 11.9264
503 11.9264
504 11.9264
505 11.9264
506 11.9264
507 11.9264
508 11.9264
509 11.9264
510 11.9264
511 11.9264
512 11.9264
513 11.9264
514 11.9264
515 11.9264
516 11.9264
517 11.9264
518 11.9264
519 11.9264
520 11.9264
521 11.9264
522 11.9264
523 11.9264
524 11.9264
525 11.9264
526 11.9264
527 11.9264
528 11.9264
529 11.9264
530 11.9264
531 11.9264
532 11.9264
533 11.9264
534 11.9264
535 11.9264
536 11.9264
537 11.9264
538 11.9264
539 11.9264
540 11.9264
541 11.9264
542 11.9264
543 11.9264
544 11.9264
545 11.9264
546 11.9264
547 11.9264
548 11.9264
549 11.9264
550 11.9264
551 11.9264
552 11.9264
