1 11.8237
2 11.8237
3 11.8237
4 11.8237
5 11.8237
6 11.8237
7 11.8237
8 11.8237
9 11.8237
10 11.8237
11 11.8237
12 11.8237
13 11.8237
14 11.8237
15 11.8237
16 11.8237
17 11.8237
18 11.8237
19 11.8237
20 11.8237
21 11.8237
22 11.8237
23 11.8237
24 11.8237
25 11.8237
26 11.8237
27 11.8237
28 11.8237
29 11.8237
30 11.8237
31 11.8237
32 11.8237
33 11.8237
34 11.8237
35 11.8237
36 11.8237
37 11.8237
38 11.8237
39 11.8237
40 11.8237
41 11.8237
42 11.8237
43 11.8237
44 11.8237
45 11.8237
46 11.8237
47 11.8237
48 11.8237
49 11.8237
50 11.8237
51 11.8237
52 11.8237
53 11.8237
54 11.8237
55 11.8237
56 11.8237
57 11.8237
58 11.8237
59 11.8237
60 11.8237
61 11.8237
62 11.8237
63 11.8237
64 11.8237
65 11.8237
66 11.8237
67 11.8237
68 11.8237
69 11.8237
70 11.8237
71 11.8237
72 11.8237
73 11.8237
74 11.8237
75 11.8237
76 11.8237
77 11.8237
78 11.8237
79 11.8237
80 11.8237
81 11.8237
82 11.8237
83 11.8237
84 11.8237
85 11.8237
86 11.8237
87 11.8237
88 11.8237
89 11.8237
90 11.8237
91 11.8237
92 11.8237
93 11.8237
94 11.8237
95 11.8237
96 11.8237
97 11.8237
98 11.8237
99 11.8237
100 11.8237
101 11.8237
102 11.8237
103 11.8237
104 11.8237
105 11.8237
106 11.8237
107 11.8237
108 11.8237
109 11.8237
110 11.8237
111 11.8237
112 11.8237
113 11.8237
114 11.8237
115 11.8237
116 11.8237
117 11.8237
118 11.8237
119 11.8237
120 11.8237
121 11.8237
122 11.8237
123 11.8237
124 11.8237
125 11.8237
126 11.8237
127 11.8237
128 11.8237
129 11.8237
130 11.8237
131 11.8237
132 11.8237
133 11.8237
134 11.8237
135 11.8237
136 11.8237
137 11.8237
138 11.8237
139 11.8237
140 11.8237
141 11.8237
142 11.8237
143 11.8237
144 11.8237
145 11.8237
146 11.8237
147 11.8237
148 11.8237
149 11.8237
150 11.8237
151 11.8237
152 11.8237
153 11.8237
154 11.8237
155 11.8237
156 11.8237
157 11.8237
158 11.8237
159 11.8237
160 11.8237
161 11.8237
162 11.8237
163 11.8237
164 11.8237
165 11.8237
166 11.8237
167 11.8237
168 11.8237
169 11.8237
170 11.8237
171 11.8237
172 11.8237
173 11.8237
174 11.8237
175 11.8237
176 11.8237
177 11.8237
178 11.8237
179 11.8237
180 11.8237
181 11.8237
182 11.8237
183 11.8237
184 11.8237
185 11.8237
186 11.8237
187 11.8237
188 11.8237
189 11.8237
190 11.8237
191 11.8237
192 11.8237
193 11.8237
194 11.8237
195 11.8237
196 11.8237
197 11.8237
198 11.8237
199 11.8237
200 11.8237
201 11.8237
202 11.8237
203 11.8237
204 11.8237
205 11.8237
206 11.8237
207 11.8237
208 11.8237
209 11.8237
210 11.8237
211 11.8237
212 11.8237
213 11.8237
214 11.8237
215 11.8237
216 11.8237
217 11.8237
218 11.8237
219 11.8237
220 11.8237
221 11.8237
222 11.8237
223 11.8237
224 11.8237
225 11.8237
226 11.8237
227 11.8237
228 11.8237
229 11.8237
230 11.8237
231 11.8237
232 11.8237
233 11.8237
234 11.8237
235 11.8237
236 11.8237
237 11.8237
238 11.8237
239 11.8237
240 11.8237
241 11.8237
242 11.8237
243 11.8237
244 11.8237
245 11.8237
246 11.8237
247 11.8237
248 12
249 11.6447
250 11.0339
251 10.3162
252 10.3057
253 10.3413
254 10.3971
255 10.5122
256 10.9219
257 10.9248
258 11.052
259 10.7525
260 10.6763
261 10.6644
262 10.7229
263 11.1391
264 11.1164
265 11.3432
266 11.1216
267 11.0722
268 11.6591
269 11.9852
270 11.4182
271 10.6571
272 10.623
273 10.6481
274 10.3577
275 10.318
276 10.3251
277 10.3581
278 10.4507
279 10.8214
280 10.8426
281 10.9624
282 11.45
283 11.163
284 10.3213
285 10.1926
286 10.156
287 10.142
288 10.1441
289 10.2045
290 10.6936
291 10.7736
292 11.3145
293 11.3074
294 11.814
295 11.4481
296 10.7579
297 10.6947
298 10.7056
299 11.3134
300 11.809
301 11.8237
302 11.8237
303 11.8237
304 11.8237
305 11.8237
306 11.8237
307 11.8237
308 11.8237
309 11.8237
310 11.8237
311 11.8237
312 11.8237
313 11.8237
314 11.8237
315 11.8237
316 11.8237
317 11.8237
318 11.8237
319 11.8237
320 11.8237
321 11.8237
322 11.8237
323 11.8237
324 11.8237
325 11.8237
326 11.8237
327 11.8237
328 11.8237
329 11.8237
330 11.8237
331 11.8237
332 11.8237
333 11.8237
334 11.8237
335 11.8237
336 11.8237
337 11.8237
338 11.8237
339 11.8237
340 11.8237
341 11.8237
342 11.8237
343 11.8237
344 11.8237
345 11.8237
346 11.8237
347 11.8237
348 11.8237
349 11.8237
350 11.8237
351 11.8237
352 11.8237
353 11.8237
354 11.8237
355 11.8237
356 11.8237
357 11.8237
358 11.8237
359 11.8237
360 11.8237
361 11.8237
362 11.8237
363 11.8237
364 11.8237
365 11.8237
366 11.8237
367 11.8237
368 11.8237
369 11.8237
370 11.8237
371 11.8237
372 11.8237
373 11.8237
374 11.8237
375 11.8237
376 11.8237
377 11.8237
378 11.8237
379 11.8237
380 11.8237
381 11.8237
382 11.8237
383 11.8237
384 11.8237
385 11.8237
386 11.8237
387 11.8237
388 11.8237
389 11.8237
390 11.8237
391 11.8237
392 11.8237
393 11.8237
394 11.8237
395 11.8237
396 11.8237
397 11.8237
398 11.8237
399 11.8237
400 11.8237
401 11.8237
402 11.8237
403 11.8237
404 11.8237
405 11.8237
406 11.8237
407 11.8237
408 11.8237
409 11.8237
410 11.8237
411 11.8237
412 11.8237
413 11.8237
414 11.8237
415 11.8237
416 11.8237
417 11.8237
418 11.8237
419 11.8237
420 11.8237
421 11.8237
422 11.8237
423 11.8237
424 11.8237
425 11.8237
426 11.8237
427 11.8237
428 11.8237
429 11.8237
430 11.8237
431 11.8237
432 11.8237
433 11.8237
434 11.8237
435 11.8237
436 11.8237
437 11.8237
438 11.8237
439 11.8237
440 11.8237
441 11.8237
442 11.8237
443 11.8237
444 11.8237
445 11.8237
446 11.8237
447 11.8237
448 11.8237
449 11.8237
450 11.8237
451 11.8237
452 11.8237
453 11.8237
454 11.8237
455 11.8237
456 11.8237
457 11.8237
458 11.8237
459 11.8237
460 11.8237
461 11.8237
462 11.8237
463 11.8237
464 11.8237
465 11.8237
466 11.8237
467 11.8237
468 11.8237
469 11.8237
470 11.8237
471 11.8237
472 11.8237
473 11.8237
474 11.8237
475 11.8237
476 11.8237
477 11.8237
478 11.8237
479 11.8237
480 11.8237
481 11.8237
482 11.8237
483 11.8237
484 11.8237
485 11.8237
486 11.8237
487 11.8237
488 11.8237
489 11.8237
490 11.8237
491 11.8237
492 11.8237
493 11.8237
494 11.8237
495 11.8237
496 11.8237
497 11.8237
498 11.8237
499 11.8237
500 11.8237
501 11.8237
502 11.8237
503 11.8237
504 11.8237
505 11.8237
506 11.8237
507 11.8237
508 11.8237
509 11.8237
510 11.8237
511 11.8237
512 11.8237
513 11.8237
514 11.8237
515 11.8237
516 11.8237
517 11.8237
518 11.8237
519 11.8237
520 11.8237
521 11.8237
522 11.8237
523 11.8237
524 11.8237
525 11.8237
526 11.8237
527 11.8237
528 11.8237
529 11.8237
530 11.8237
531 11.8237
532 11.8237
533 11.8237
534 11.8237
535 11.8237
536 11.8237
537 11.8237
538 11.8237
539 11.8237
540 11.8237
541 11.8237
542 11.8237
543 11.8237
544 11.8237
545 11.8237
546 11.8237
547 11.8237
548 11.8237
549 11.8237
550 11.8237
551 11.8237
552 11.8237
