1 11.9861
2 11.9861
3 11.9861
4 11.9861
5 11.9861
6 11.9861
7 11.9861
8 11.9861
9 11.9861
10 11.9861
11 11.9861
12 11.9861
13 11.9861
14 11.9861
15 11.9861
16 11.9861
17 11.9861
18 11.9861
19 11.9861
20 11.9861
21 11.9861
22 11.9861
23 11.9861
24 11.9861
25 11.9861
26 11.9861
27 11.9861
28 11.9861
29 11.9861
30 11.9861
31 11.9861
32 11.9861
33 11.9861
34 11.9861
35 11.9861
36 11.9861
37 11.9861
38 11.9861
39 11.9861
40 11.9861
41 11.9861
42 11.9861
43 11.9861
44 11.9861
45 11.9861
46 11.9861
47 11.9861
48 11.9861
49 11.9861
50 11.9861
51 11.9861
52 11.9861
53 11.9861
54 11.9861
55 11.9861
56 11.9861
57 11.9861
58 11.9861
59 11.9861
60 11.9861
61 11.9861
62 11.9861
63 11.9861
64 11.9861
65 11.9861
66 11.9861
67 11.9861
68 11.9861
69 11.9861
70 11.9861
71 11.9861
72 11.9861
73 11.9861
74 11.9861
75 11.9861
76 11.9861
77 11.9861
78 11.9861
79 11.9861
80 11.9861
81 11.9861
82 11.9861
83 11.9861
84 11.9861
85 11.9861
86 11.9861
87 11.9861
88 11.9861
89 11.9861
90 11.9861
91 11.9861
92 11.9861
93 11.9861
94 11.9861
95 11.9861
96 11.9861
97 11.9861
98 11.9861
99 11.9861
100 11.9861
101 11.9861
102 11.9861
103 11.9861
104 11.9861
105 11.9861
106 11.9861
107 11.9861
108 11.9861
109 11.9861
110 11.9861
111 11.9861
112 11.9861
113 11.9861
114 11.9861
115 11.9861
116 11.9861
117 11.9861
118 11.9861
119 11.9861
120 11.9861
121 11.9861
122 11.9861
123 11.9861
124 11.9861
125 11.9861
126 11.9861
127 11.9861
128 11.9861
129 11.9861
130 11.9861
131 11.9861
132 11.9861
133 11.9861
134 11.9861
135 11.9861
136 11.9861
137 11.9861
138 11.9861
139 11.9861
140 11.9861
141 11.9861
142 11.9861
143 11.9861
144 11.9861
145 11.9861
146 11.9861
147 11.9861
148 11.9861
149 11.9861
150 11.9861
151 11.9861
152 11.9861
153 11.9861
154 11.9861
155 11.9861
156 11.9861
157 11.9861
158 11.9861
159 11.9861
160 11.9861
161 11.9861
162 11.9861
163 11.9861
164 11.9861
165 11.9861
166 11.9861
167 11.9861
168 11.9861
169 11.9861
170 11.9861
171 11.9861
172 11.9861
173 11.9861
174 11.9861
175 11.9861
176 11.9861
177 11.9861
178 11.9861
179 11.9861
180 11.9861
181 11.9861
182 11.9861
183 11.9861
184 11.9861
185 11.9861
186 11.9861
187 11.9861
188 11.9861
189 11.9861
190 11.9861
191 11.9861
192 11.9861
193 11.9861
194 11.9861
195 11.9861
196 11.9861
197 11.9861
198 11.9861
199 11.9861
200 11.9861
201 11.9861
202 11.9861
203 11.9861
204 11.9861
205 11.9861
206 11.9861
207 11.9861
208 11.9861
209 11.9861
210 11.9861
211 11.9861
212 11.9861
213 11.9861
214 11.9861
215 11.9861
216 11.9861
217 11.9861
218 11.9861
219 11.9861
220 11.9861
221 11.9861
222 11.9861
223 11.9861
224 11.9861
225 11.9861
226 11.9861
227 11.9861
228 12
229 11.9285
230 11.6037
231 11.0901
232 10.5235
233 9.95499
234 9.39106
235 8.83246
236 8.27811
237 7.72704
238 7.17923
239 6.6355
240 6.09761
241 5.56817
242 5.0503
243 4.54735
244 4.06256
245 3.59881
246 3.15856
247 2.74374
248 2.35578
249 1.99573
250 1.66423
251 1.36161
252 1.39971
253 1.43212
254 1.44676
255 1.45213
256 1.45386
257 1.45601
258 1.45663
259 1.45736
260 1.45755
261 1.45759
262 1.4576
263 1.4576
264 1.45761
265 1.45761
266 1.45761
267 1.45761
268 1.45761
269 1.45761
270 1.45761
271 1.45761
272 1.45761
273 1.45761
274 1.45761
275 1.45761
276 1.45761
277 1.45761
278 1.45761
279 1.45761
280 1.45761
281 1.45761
282 1.45761
283 1.45761
284 1.45761
285 1.4576
286 1.45759
287 1.45754
288 1.45731
289 1.45639
290 1.45293
291 1.44988
292 1.43991
293 1.4315
294 1.40849
295 1.38934
296 1.37403
297 1.33986
298 1.29731
299 1.58763
300 1.90536
301 2.2504
302 2.62256
303 3.02159
304 3.4472
305 3.89907
306 4.37684
307 4.88015
308 5.4086
309 5.96176
310 6.53914
311 7.14014
312 7.76397
313 8.40978
314 9.07594
315 9.76056
316 10.4608
317 11.1565
318 11.7236
319 11.972
320 11.9861
321 11.9861
322 11.9861
323 11.9861
324 11.9861
325 11.9861
326 11.9861
327 11.9861
328 11.9861
329 11.9861
330 11.9861
331 11.9861
332 11.9861
333 11.9861
334 11.9861
335 11.9861
336 11.9861
337 11.9861
338 11.9861
339 11.9861
340 11.9861
341 11.9861
342 11.9861
343 11.9861
344 11.9861
345 11.9861
346 11.9861
347 11.9861
348 11.9861
349 11.9861
350 11.9861
351 11.9861
352 11.9861
353 11.9861
354 11.9861
355 11.9861
356 11.9861
357 11.9861
358 11.9861
359 11.9861
360 11.9861
361 11.9861
362 11.9861
363 11.9861
364 11.9861
365 11.9861
366 11.9861
367 11.9861
368 11.9861
369 11.9861
370 11.9861
371 11.9861
372 11.9861
373 11.9861
374 11.9861
375 11.9861
376 11.9861
377 11.9861
378 11.9861
379 11.9861
380 11.9861
381 11.9861
382 11.9861
383 11.9861
384 11.9861
385 11.9861
386 11.9861
387 11.9861
388 11.9861
389 11.9861
390 11.9861
391 11.9861
392 11.9861
393 11.9861
394 11.9861
395 11.9861
396 11.9861
397 11.9861
398 11.9861
399 11.9861
400 11.9861
401 11.9861
402 11.9861
403 11.9861
404 11.9861
405 11.9861
406 11.9861
407 11.9861
408 11.9861
409 11.9861
410 11.9861
411 11.9861
412 11.9861
413 11.9861
414 11.9861
415 11.9861
416 11.9861
417 11.9861
418 11.9861
419 11.9861
420 11.9861
421 11.9861
422 11.9861
423 11.9861
424 11.9861
425 11.9861
426 11.9861
427 11.9861
428 11.9861
429 11.9861
430 11.9861
431 11.9861
432 11.9861
433 11.9861
434 11.9861
435 11.9861
436 11.9861
437 11.9861
438 11.9861
439 11.9861
440 11.9861
441 11.9861
442 11.9861
443 11.9861
444 11.9861
445 11.9861
446 11.9861
447 11.9861
448 11.9861
449 11.9861
450 11.9861
451 11.9861
452 11.9861
453 11.9861
454 11.9861
455 11.9861
456 11.9861
457 11.9861
458 11.9861
459 11.9861
460 11.9861
461 11.9861
462 11.9861
463 11.9861
464 11.9861
465 11.9861
466 11.9861
467 11.9861
468 11.9861
469 11.9861
470 11.9861
471 11.9861
472 11.9861
473 11.9861
474 11.9861
475 11.9861
476 11.9861
477 11.9861
478 11.9861
479 11.9861
480 11.9861
481 11.9861
482 11.9861
483 11.9861
484 11.9861
485 11.9861
486 11.9861
487 11.9861
488 11.9861
489 11.9861
490 11.9861
491 11.9861
492 11.9861
493 11.9861
494 11.9861
495 11.9861
496 11.9861
497 11.9861
498 11.9861
499 11.9861
500 11.9861
501 11.9861
502 11.9861
503 11.9861
504 11.9861
505 11.9861
506 11.9861
507 11.9861
508 11.9861
509 11.9861
510 11.9861
511 11.9861
512 11.9861
513 11.9861
514 11.9861
515 11.9861
516 11.9861
517 11.9861
518 11.9861
519 11.9861
520 11.9861
521 11.9861
522 11.9861
523 11.9861
524 11.9861
525 11.9861
526 11.9861
527 11.9861
528 11.9861
529 11.9861
530 11.9861
531 11.9861
532 11.9861
533 11.9861
534 11.9861
535 11.9861
536 11.9861
537 11.9861
538 11.9861
539 11.9861
540 11.9861
541 11.9861
542 11.9861
543 11.9861
544 11.9861
545 11.9861
546 11.9861
547 11.9861
548 11.9861
549 11.9861
550 11.9861
551 11.9861
552 11.9861
