1 11.959
2 11.959
3 11.959
4 11.959
5 11.959
6 11.959
7 11.959
8 11.959
9 11.959
10 11.959
11 11.959
12 11.959
13 11.959
14 11.959
15 11.959
16 11.959
17 11.959
18 11.959
19 11.959
20 11.959
21 11.959
22 11.959
23 11.959
24 11.959
25 11.959
26 11.959
27 11.959
28 11.959
29 11.959
30 11.959
31 11.959
32 11.959
33 11.959
34 11.959
35 11.959
36 11.959
37 11.959
38 11.959
39 11.959
40 11.959
41 11.959
42 11.959
43 11.959
44 11.959
45 11.959
46 11.959
47 11.959
48 11.959
49 11.959
50 11.959
51 11.959
52 11.959
53 11.959
54 11.959
55 11.959
56 11.959
57 11.959
58 11.959
59 11.959
60 11.959
61 11.959
62 11.959
63 11.959
64 11.959
65 11.959
66 11.959
67 11.959
68 11.959
69 11.959
70 11.959
71 11.959
72 11.959
73 11.959
74 11.959
75 11.959
76 11.959
77 11.959
78 11.959
79 11.959
80 11.959
81 11.959
82 11.959
83 11.959
84 11.959
85 11.959
86 11.959
87 11.959
88 11.959
89 11.959
90 11.959
91 11.959
92 11.959
93 11.959
94 11.959
95 11.959
96 11.959
97 11.959
98 11.959
99 11.959
100 11.959
101 11.959
102 11.959
103 11.959
104 11.959
105 11.959
106 11.959
107 11.959
108 11.959
109 11.959
110 11.959
111 11.959
112 11.959
113 11.959
114 11.959
115 11.959
116 11.959
117 11.959
118 11.959
119 11.959
120 11.959
121 11.959
122 11.959
123 11.959
124 11.959
125 11.959
126 11.959
127 11.959
128 11.959
129 11.959
130 11.959
131 11.959
132 11.959
133 11.959
134 11.959
135 11.959
136 11.959
137 11.959
138 11.959
139 11.959
140 11.959
141 11.959
142 11.959
143 11.959
144 11.959
145 11.959
146 11.959
147 11.959
148 11.959
149 11.959
150 11.959
151 11.959
152 11.959
153 11.959
154 11.959
155 11.959
156 11.959
157 11.959
158 11.959
159 11.959
160 11.959
161 11.959
162 11.959
163 11.959
164 11.959
165 11.959
166 11.959
167 11.959
168 11.959
169 11.959
170 11.959
171 11.959
172 11.959
173 11.959
174 11.959
175 11.959
176 11.959
177 11.959
178 11.959
179 11.959
180 11.959
181 11.959
182 11.959
183 11.959
184 11.959
185 11.959
186 11.959
187 11.959
188 11.959
189 11.959
190 11.959
191 11.959
192 11.959
193 11.959
194 11.959
195 11.959
196 11.959
197 11.959
198 11.959
199 11.959
200 11.959
201 11.959
202 11.959
203 11.959
204 11.959
205 11.959
206 11.959
207 11.959
208 11.959
209 11.959
210 11.959
211 11.959
212 11.959
213 11.959
214 11.959
215 11.959
216 11.959
217 11.959
218 11.959
219 11.959
220 11.959
221 11.959
222 11.959
223 11.959
224 11.959
225 11.959
226 11.959
227 11.959
228 11.959
229 11.959
230 11.959
231 11.959
232 11.959
233 11.959
234 11.959
235 12
236 11.7682
237 11.2906
238 10.6675
239 9.97099
240 9.23823
241 8.48248
242 7.71421
243 6.94023
244 6.16688
245 5.40051
246 4.64697
247 3.91101
248 3.19597
249 2.50383
250 1.83529
251 1.19009
252 1.2118
253 1.26859
254 1.31577
255 1.34804
256 1.36797
257 1.40065
258 1.42068
259 1.45111
260 1.46972
261 1.48003
262 1.48536
263 1.48797
264 1.49261
265 1.49478
266 1.4985
267 1.50014
268 1.50081
269 1.50191
270 1.50362
271 1.50616
272 1.5071
273 1.5074
274 1.50783
275 1.50793
276 1.50787
277 1.50757
278 1.50666
279 1.5042
280 1.50256
281 1.49863
282 1.49034
283 1.48492
284 1.48164
285 1.47513
286 1.46368
287 1.44695
288 1.43172
289 1.45256
290 1.68726
291 1.72321
292 2.0295
293 2.08097
294 2.46238
295 2.53266
296 2.49891
297 2.47217
298 2.50433
299 3.31403
300 4.12158
301 4.91046
302 5.65891
303 6.34729
304 6.96876
305 7.53402
306 8.06518
307 8.58483
308 9.10827
309 9.64047
310 10.1761
311 10.711
312 11.2388
313 11.7211
314 11.9757
315 11.959
316 11.959
317 11.959
318 11.959
319 11.959
320 11.959
321 11.959
322 11.959
323 11.959
324 11.959
325 11.959
326 11.959
327 11.959
328 11.959
329 11.959
330 11.959
331 11.959
332 11.959
333 11.959
334 11.959
335 11.959
336 11.959
337 11.959
338 11.959
339 11.959
340 11.959
341 11.959
342 11.959
343 11.959
344 11.959
345 11.959
346 11.959
347 11.959
348 11.959
349 11.959
350 11.959
351 11.959
352 11.959
353 11.959
354 11.959
355 11.959
356 11.959
357 11.959
358 11.959
359 11.959
360 11.959
361 11.959
362 11.959
363 11.959
364 11.959
365 11.959
366 11.959
367 11.959
368 11.959
369 11.959
370 11.959
371 11.959
372 11.959
373 11.959
374 11.959
375 11.959
376 11.959
377 11.959
378 11.959
379 11.959
380 11.959
381 11.959
382 11.959
383 11.959
384 11.959
385 11.959
386 11.959
387 11.959
388 11.959
389 11.959
390 11.959
391 11.959
392 11.959
393 11.959
394 11.959
395 11.959
396 11.959
397 11.959
398 11.959
399 11.959
400 11.959
401 11.959
402 11.959
403 11.959
404 11.959
405 11.959
406 11.959
407 11.959
408 11.959
409 11.959
410 11.959
411 11.959
412 11.959
413 11.959
414 11.959
415 11.959
416 11.959
417 11.959
418 11.959
419 11.959
420 11.959
421 11.959
422 11.959
423 11.959
424 11.959
425 11.959
426 11.959
427 11.959
428 11.959
429 11.959
430 11.959
431 11.959
432 11.959
433 11.959
434 11.959
435 11.959
436 11.959
437 11.959
438 11.959
439 11.959
440 11.959
441 11.959
442 11.959
443 11.959
444 11.959
445 11.959
446 11.959
447 11.959
448 11.959
449 11.959
450 11.959
451 11.959
452 11.959
453 11.959
454 11.959
455 11.959
456 11.959
457 11.959
458 11.959
459 11.959
460 11.959
461 11.959
462 11.959
463 11.959
464 11.959
465 11.959
466 11.959
467 11.959
468 11.959
469 11.959
470 11.959
471 11.959
472 11.959
473 11.959
474 11.959
475 11.959
476 11.959
477 11.959
478 11.959
479 11.959
480 11.959
481 11.959
482 11.959
483 11.959
484 11.959
485 11.959
486 11.959
487 11.959
488 11.959
489 11.959
490 11.959
491 11.959
492 11.959
493 11.959
494 11.959
495 11.959
496 11.959
497 11.959
498 11.959
499 11.959
500 11.959
501 11.959
502 11.959
503 11.959
504 11.959
505 11.959
506 11.959
507 11.959
508 11.959
509 11.959
510 11.959
511 11.959
512 11.959
513 11.959
514 11.959
515 11.959
516 11.959
517 11.959
518 11.959
519 11.959
520 11.959
521 11.959
522 11.959
523 11.959
524 11.959
525 11.959
526 11.959
527 11.959
528 11.959
529 11.959
530 11.959
531 11.959
532 11.959
533 11.959
534 11.959
535 11.959
536 11.959
537 11.959
538 11.959
539 11.959
540 11.959
541 11.959
542 11.959
543 11.959
544 11.959
545 11.959
546 11.959
547 11.959
548 11.959
549 11.959
550 11.959
551 11.959
552 11.959
