1 11.9633
2 11.9633
3 11.9633
4 11.9633
5 11.9633
6 11.9633
7 11.9633
8 11.9633
9 11.9633
10 11.9633
11 11.9633
12 11.9633
13 11.9633
14 11.9633
15 11.9633
16 11.9633
17 11.9633
18 11.9633
19 11.9633
20 11.9633
21 11.9633
22 11.9633
23 11.9633
24 11.9633
25 11.9633
26 11.9633
27 11.9633
28 11.9633
29 11.9633
30 11.9633
31 11.9633
32 11.9633
33 11.9633
34 11.9633
35 11.9633
36 11.9633
37 11.9633
38 11.9633
39 11.9633
40 11.9633
41 11.9633
42 11.9633
43 11.9633
44 11.9633
45 11.9633
46 11.9633
47 11.9633
48 11.9633
49 11.9633
50 11.9633
51 11.9633
52 11.9633
53 11.9633
54 11.9633
55 11.9633
56 11.9633
57 11.9633
58 11.9633
59 11.9633
60 11.9633
61 11.9633
62 11.9633
63 11.9633
64 11.9633
65 11.9633
66 11.9633
67 11.9633
68 11.9633
69 11.9633
70 11.9633
71 11.9633
72 11.9633
73 11.9633
74 11.9633
75 11.9633
76 11.9633
77 11.9633
78 11.9633
79 11.9633
80 11.9633
81 11.9633
82 11.9633
83 11.9633
84 11.9633
85 11.9633
86 11.9633
87 11.9633
88 11.9633
89 11.9633
90 11.9633
91 11.9633
92 11.9633
93 11.9633
94 11.9633
95 11.9633
96 11.9633
97 11.9633
98 11.9633
99 11.9633
100 11.9633
101 11.9633
102 11.9633
103 11.9633
104 11.9633
105 11.9633
106 11.9633
107 11.9633
108 11.9633
109 11.9633
110 11.9633
111 11.9633
112 11.9633
113 11.9633
114 11.9633
115 11.9633
116 11.9633
117 11.9633
118 11.9633
119 11.9633
120 11.9633
121 11.9633
122 11.9633
123 11.9633
124 11.9633
125 11.9633
126 11.9633
127 11.9633
128 11.9633
129 11.9633
130 11.9633
131 11.9633
132 11.9633
133 11.9633
134 11.9633
135 11.9633
136 11.9633
137 11.9633
138 11.9633
139 11.9633
140 11.9633
141 11.9633
142 11.9633
143 11.9633
144 11.9633
145 11.9633
146 11.9633
147 11.9633
148 11.9633
149 11.9633
150 11.9633
151 11.9633
152 11.9633
153 11.9633
154 11.9633
155 11.9633
156 11.9633
157 11.9633
158 11.9633
159 11.9633
160 11.9633
161 11.9633
162 11.9633
163 11.9633
164 11.9633
165 11.9633
166 11.9633
167 11.9633
168 11.9633
169 11.9633
170 11.9633
171 11.9633
172 11.9633
173 11.9633
174 11.9633
175 11.9633
176 11.9633
177 11.9633
178 11.9633
179 11.9633
180 11.9633
181 11.9633
182 11.9633
183 11.9633
184 11.9633
185 11.9633
186 11.9633
187 11.9633
188 11.9633
189 11.9633
190 11.9633
191 11.9633
192 11.9633
193 11.9633
194 11.9633
195 11.9633
196 11.9633
197 11.9633
198 11.9633
199 11.9633
200 11.9633
201 11.9633
202 11.9633
203 11.9633
204 11.9633
205 11.9633
206 11.9633
207 11.9633
208 11.9633
209 11.9633
210 11.9633
211 11.9633
212 11.9633
213 11.9633
214 11.9633
215 11.9633
216 11.9633
217 11.9633
218 11.9633
219 11.9633
220 11.9633
221 11.9633
222 11.9633
223 11.9633
224 11.9633
225 11.9633
226 11.9633
227 11.9633
228 11.9633
229 11.9633
230 11.9633
231 11.9633
232 11.9633
233 11.9633
234 11.9633
235 11.992
236 11.8104
237 11.3681
238 10.7755
239 10.0982
240 9.37587
241 8.63054
242 7.87076
243 7.1014
244 6.32641
245 5.55079
246 4.78053
247 4.02167
248 3.27939
249 2.55751
250 1.85841
251 1.18317
252 1.19862
253 1.25352
254 1.3013
255 1.33518
256 1.35683
257 1.39184
258 1.41424
259 1.44746
260 1.46881
261 1.4811
262 1.48766
263 1.49097
264 1.49694
265 1.49984
266 1.50487
267 1.50721
268 1.50821
269 1.5099
270 1.51259
271 1.51666
272 1.51827
273 1.51884
274 1.51965
275 1.51986
276 1.51975
277 1.5192
278 1.51764
279 1.51377
280 1.51124
281 1.50567
282 1.4951
283 1.48805
284 1.48381
285 1.47591
286 1.46294
287 1.44557
288 1.43291
289 1.46513
290 1.74801
291 1.79634
292 2.14981
293 2.21446
294 2.64236
295 2.72848
296 2.69692
297 2.67344
298 2.70943
299 3.51452
300 4.29526
301 5.02921
302 5.699
303 6.30257
304 6.85522
305 7.38114
306 7.90268
307 8.43457
308 8.98264
309 9.54447
310 10.1173
311 10.6869
312 11.2459
313 11.7604
314 12
315 11.9633
316 11.9633
317 11.9633
318 11.9633
319 11.9633
320 11.9633
321 11.9633
322 11.9633
323 11.9633
324 11.9633
325 11.9633
326 11.9633
327 11.9633
328 11.9633
329 11.9633
330 11.9633
331 11.9633
332 11.9633
333 11.9633
334 11.9633
335 11.9633
336 11.9633
337 11.9633
338 11.9633
339 11.9633
340 11.9633
341 11.9633
342 11.9633
343 11.9633
344 11.9633
345 11.9633
346 11.9633
347 11.9633
348 11.9633
349 11.9633
350 11.9633
351 11.9633
352 11.9633
353 11.9633
354 11.9633
355 11.9633
356 11.9633
357 11.9633
358 11.9633
359 11.9633
360 11.9633
361 11.9633
362 11.9633
363 11.9633
364 11.9633
365 11.9633
366 11.9633
367 11.9633
368 11.9633
369 11.9633
370 11.9633
371 11.9633
372 11.9633
373 11.9633
374 11.9633
375 11.9633
376 11.9633
377 11.9633
378 11.9633
379 11.9633
380 11.9633
381 11.9633
382 11.9633
383 11.9633
384 11.9633
385 11.9633
386 11.9633
387 11.9633
388 11.9633
389 11.9633
390 11.9633
391 11.9633
392 11.9633
393 11.9633
394 11.9633
395 11.9633
396 11.9633
397 11.9633
398 11.9633
399 11.9633
400 11.9633
401 11.9633
402 11.9633
403 11.9633
404 11.9633
405 11.9633
406 11.9633
407 11.9633
408 11.9633
409 11.9633
410 11.9633
411 11.9633
412 11.9633
413 11.9633
414 11.9633
415 11.9633
416 11.9633
417 11.9633
418 11.9633
419 11.9633
420 11.9633
421 11.9633
422 11.9633
423 11.9633
424 11.9633
425 11.9633
426 11.9633
427 11.9633
428 11.9633
429 11.9633
430 11.9633
431 11.9633
432 11.9633
433 11.9633
434 11.9633
435 11.9633
436 11.9633
437 11.9633
438 11.9633
439 11.9633
440 11.9633
441 11.9633
442 11.9633
443 11.9633
444 11.9633
445 11.9633
446 11.9633
447 11.9633
448 11.9633
449 11.9633
450 11.9633
451 11.9633
452 11.9633
453 11.9633
454 11.9633
455 11.9633
456 11.9633
457 11.9633
458 11.9633
459 11.9633
460 11.9633
461 11.9633
462 11.9633
463 11.9633
464 11.9633
465 11.9633
466 11.9633
467 11.9633
468 11.9633
469 11.9633
470 11.9633
471 11.9633
472 11.9633
473 11.9633
474 11.9633
475 11.9633
476 11.9633
477 11.9633
478 11.9633
479 11.9633
480 11.9633
481 11.9633
482 11.9633
483 11.9633
484 11.9633
485 11.9633
486 11.9633
487 11.9633
488 11.9633
489 11.9633
490 11.9633
491 11.9633
492 11.9633
493 11.9633
494 11.9633
495 11.9633
496 11.9633
497 11.9633
498 11.9633
499 11.9633
500 11.9633
501 11.9633
502 11.9633
503 11.9633
504 11.9633
505 11.9633
506 11.9633
507 11.9633
508 11.9633
509 11.9633
510 11.9633
511 11.9633
512 11.9633
513 11.9633
514 11.9633
515 11.9633
516 11.9633
517 11.9633
518 11.9633
519 11.9633
520 11.9633
521 11.9633
522 11.9633
523 11.9633
524 11.9633
525 11.9633
526 11.9633
527 11.9633
528 11.9633
529 11.9633
530 11.9633
531 11.9633
532 11.9633
533 11.9633
534 11.9633
535 11.9633
536 11.9633
537 11.9633
538 11.9633
539 11.9633
540 11.9633
541 11.9633
542 11.9633
543 11.9633
544 11.9633
545 11.9633
546 11.9633
547 11.9633
548 11.9633
549 11.9633
550 11.9633
551 11.9633
552 11.9633
