1 11.9813
2 11.9813
3 11.9813
4 11.9813
5 11.9813
6 11.9813
7 11.9813
8 11.9813
9 11.9813
10 11.9813
11 11.9813
12 11.9813
13 11.9813
14 11.9813
15 11.9813
16 11.9813
17 11.9813
18 11.9813
19 11.9813
20 11.9813
21 11.9813
22 11.9813
23 11.9813
24 11.9813
25 11.9813
26 11.9813
27 11.9813
28 11.9813
29 11.9813
30 11.9813
31 11.9813
32 11.9813
33 11.9813
34 11.9813
35 11.9813
36 11.9813
37 11.9813
38 11.9813
39 11.9813
40 11.9813
41 11.9813
42 11.9813
43 11.9813
44 11.9813
45 11.9813
46 11.9813
47 11.9813
48 11.9813
49 11.9813
50 11.9813
51 11.9813
52 11.9813
53 11.9813
54 11.9813
55 11.9813
56 11.9813
57 11.9813
58 11.9813
59 11.9813
60 11.9813
61 11.9813
62 11.9813
63 11.9813
64 11.9813
65 11.9813
66 11.9813
67 11.9813
68 11.9813
69 11.9813
70 11.9813
71 11.9813
72 11.9813
73 11.9813
74 11.9813
75 11.9813
76 11.9813
77 11.9813
78 11.9813
79 11.9813
80 11.9813
81 11.9813
82 11.9813
83 11.9813
84 11.9813
85 11.9813
86 11.9813
87 11.9813
88 11.9813
89 11.9813
90 11.9813
91 11.9813
92 11.9813
93 11.9813
94 11.9813
95 11.9813
96 11.9813
97 11.9813
98 11.9813
99 11.9813
100 11.9813
101 11.9813
102 11.9813
103 11.9813
104 11.9813
105 11.9813
106 11.9813
107 11.9813
108 11.9813
109 11.9813
110 11.9813
111 11.9813
112 11.9813
113 11.9813
114 11.9813
115 11.9813
116 11.9813
117 11.9813
118 11.9813
119 11.9813
120 11.9813
121 11.9813
122 11.9813
123 11.9813
124 11.9813
125 11.9813
126 11.9813
127 11.9813
128 11.9813
129 11.9813
130 11.9813
131 11.9813
132 11.9813
133 11.9813
134 11.9813
135 11.9813
136 11.9813
137 11.9813
138 11.9813
139 11.9813
140 11.9813
141 11.9813
142 11.9813
143 11.9813
144 11.9813
145 11.9813
146 11.9813
147 11.9813
148 11.9813
149 11.9813
150 11.9813
151 11.9813
152 11.9813
153 11.9813
154 11.9813
155 11.9813
156 11.9813
157 11.9813
158 11.9813
159 11.9813
160 11.9813
161 11.9813
162 11.9813
163 11.9813
164 11.9813
165 11.9813
166 11.9813
167 11.9813
168 11.9813
169 11.9813
170 11.9813
171 11.9813
172 11.9813
173 11.9813
174 11.9813
175 11.9813
176 11.9813
177 11.9813
178 11.9813
179 11.9813
180 11.9813
181 11.9813
182 11.9813
183 11.9813
184 11.9813
185 11.9813
186 11.9813
187 11.9813
188 11.9813
189 11.9813
190 11.9813
191 11.9813
192 11.9813
193 11.9813
194 11.9813
195 11.9813
196 11.9813
197 11.9813
198 11.9813
199 11.9813
200 11.9813
201 11.9813
202 11.9813
203 11.9813
204 11.9813
205 11.9813
206 11.9813
207 11.9813
208 11.9813
209 11.9813
210 11.9813
211 11.9813
212 11.9813
213 11.9813
214 11.9813
215 11.9813
216 11.9813
217 11.9813
218 11.9813
219 11.9813
220 11.9813
221 11.9813
222 11.9813
223 11.9813
224 11.9813
225 11.9813
226 11.9813
227 11.9813
228 11.9813
229 11.9813
230 11.9813
231 11.9813
232 11.9813
233 12
234 11.84
235 11.3276
236 10.6712
237 9.96754
238 9.24591
239 8.5269
240 7.82186
241 7.13552
242 6.46994
243 5.82544
244 5.2012
245 4.59559
246 4.00632
247 3.43056
248 2.86514
249 2.30685
250 1.75288
251 1.20134
252 1.22354
253 1.27
254 1.30353
255 1.32333
256 1.33383
257 1.35021
258 1.35862
259 1.37145
260 1.37769
261 1.38042
262 1.38152
263 1.38193
264 1.38255
265 1.38276
266 1.38307
267 1.38316
268 1.38318
269 1.38321
270 1.38326
271 1.38332
272 1.38333
273 1.38333
274 1.38334
275 1.38334
276 1.38334
277 1.38334
278 1.38332
279 1.38327
280 1.38323
281 1.38307
282 1.38253
283 1.38212
284 1.38183
285 1.38093
286 1.37849
287 1.37251
288 1.35995
289 1.34038
290 1.33739
291 1.3157
292 1.33644
293 1.31322
294 1.36148
295 1.333
296 1.29337
297 1.24504
298 1.23354
299 1.89133
300 2.57336
301 3.27841
302 4.00517
303 4.75222
304 5.51797
305 6.30038
306 7.09623
307 7.89957
308 8.69917
309 9.47613
310 10.2036
311 10.85
312 11.3854
313 11.7476
314 11.9403
315 11.9959
316 11.9813
317 11.9813
318 11.9813
319 11.9813
320 11.9813
321 11.9813
322 11.9813
323 11.9813
324 11.9813
325 11.9813
326 11.9813
327 11.9813
328 11.9813
329 11.9813
330 11.9813
331 11.9813
332 11.9813
333 11.9813
334 11.9813
335 11.9813
336 11.9813
337 11.9813
338 11.9813
339 11.9813
340 11.9813
341 11.9813
342 11.9813
343 11.9813
344 11.9813
345 11.9813
346 11.9813
347 11.9813
348 11.9813
349 11.9813
350 11.9813
351 11.9813
352 11.9813
353 11.9813
354 11.9813
355 11.9813
356 11.9813
357 11.9813
358 11.9813
359 11.9813
360 11.9813
361 11.9813
362 11.9813
363 11.9813
364 11.9813
365 11.9813
366 11.9813
367 11.9813
368 11.9813
369 11.9813
370 11.9813
371 11.9813
372 11.9813
373 11.9813
374 11.9813
375 11.9813
376 11.9813
377 11.9813
378 11.9813
379 11.9813
380 11.9813
381 11.9813
382 11.9813
383 11.9813
384 11.9813
385 11.9813
386 11.9813
387 11.9813
388 11.9813
389 11.9813
390 11.9813
391 11.9813
392 11.9813
393 11.9813
394 11.9813
395 11.9813
396 11.9813
397 11.9813
398 11.9813
399 11.9813
400 11.9813
401 11.9813
402 11.9813
403 11.9813
404 11.9813
405 11.9813
406 11.9813
407 11.9813
408 11.9813
409 11.9813
410 11.9813
411 11.9813
412 11.9813
413 11.9813
414 11.9813
415 11.9813
416 11.9813
417 11.9813
418 11.9813
419 11.9813
420 11.9813
421 11.9813
422 11.9813
423 11.9813
424 11.9813
425 11.9813
426 11.9813
427 11.9813
428 11.9813
429 11.9813
430 11.9813
431 11.9813
432 11.9813
433 11.9813
434 11.9813
435 11.9813
436 11.9813
437 11.9813
438 11.9813
439 11.9813
440 11.9813
441 11.9813
442 11.9813
443 11.9813
444 11.9813
445 11.9813
446 11.9813
447 11.9813
448 11.9813
449 11.9813
450 11.9813
451 11.9813
452 11.9813
453 11.9813
454 11.9813
455 11.9813
456 11.9813
457 11.9813
458 11.9813
459 11.9813
460 11.9813
461 11.9813
462 11.9813
463 11.9813
464 11.9813
465 11.9813
466 11.9813
467 11.9813
468 11.9813
469 11.9813
470 11.9813
471 11.9813
472 11.9813
473 11.9813
474 11.9813
475 11.9813
476 11.9813
477 11.9813
478 11.9813
479 11.9813
480 11.9813
481 11.9813
482 11.9813
483 11.9813
484 11.9813
485 11.9813
486 11.9813
487 11.9813
488 11.9813
489 11.9813
490 11.9813
491 11.9813
492 11.9813
493 11.9813
494 11.9813
495 11.9813
496 11.9813
497 11.9813
498 11.9813
499 11.9813
500 11.9813
501 11.9813
502 11.9813
503 11.9813
504 11.9813
505 11.9813
506 11.9813
507 11.9813
508 11.9813
509 11.9813
510 11.9813
511 11.9813
512 11.9813
513 11.9813
514 11.9813
515 11.9813
516 11.9813
517 11.9813
518 11.9813
519 11.9813
520 11.9813
521 11.9813
522 11.9813
523 11.9813
524 11.9813
525 11.9813
526 11.9813
527 11.9813
528 11.9813
529 11.9813
530 11.9813
531 11.9813
532 11.9813
533 11.9813
534 11.9813
535 11.9813
536 11.9813
537 11.9813
538 11.9813
539 11.9813
540 11.9813
541 11.9813
542 11.9813
543 11.9813
544 11.9813
545 11.9813
546 11.9813
547 11.9813
548 11.9813
549 11.9813
550 11.9813
551 11.9813
552 11.9813
