1 11.9434
2 11.9434
3 11.9434
4 11.9434
5 11.9434
6 11.9434
7 11.9434
8 11.9434
9 11.9434
10 11.9434
11 11.9434
12 11.9434
13 11.9434
14 11.9434
15 11.9434
16 11.9434
17 11.9434
18 11.9434
19 11.9434
20 11.9434
21 11.9434
22 11.9434
23 11.9434
24 11.9434
25 11.9434
26 11.9434
27 11.9434
28 11.9434
29 11.9434
30 11.9434
31 11.9434
32 11.9434
33 11.9434
34 11.9434
35 11.9434
36 11.9434
37 11.9434
38 11.9434
39 11.9434
40 11.9434
41 11.9434
42 11.9434
43 11.9434
44 11.9434
45 11.9434
46 11.9434
47 11.9434
48 11.9434
49 11.9434
50 11.9434
51 11.9434
52 11.9434
53 11.9434
54 11.9434
55 11.9434
56 11.9434
57 11.9434
58 11.9434
59 11.9434
60 11.9434
61 11.9434
62 11.9434
63 11.9434
64 11.9434
65 11.9434
66 11.9434
67 11.9434
68 11.9434
69 11.9434
70 11.9434
71 11.9434
72 11.9434
73 11.9434
74 11.9434
75 11.9434
76 11.9434
77 11.9434
78 11.9434
79 11.9434
80 11.9434
81 11.9434
82 11.9434
83 11.9434
84 11.9434
85 11.9434
86 11.9434
87 11.9434
88 11.9434
89 11.9434
90 11.9434
91 11.9434
92 11.9434
93 11.9434
94 11.9434
95 11.9434
96 11.9434
97 11.9434
98 11.9434
99 11.9434
100 11.9434
101 11.9434
102 11.9434
103 11.9434
104 11.9434
105 11.9434
106 11.9434
107 11.9434
108 11.9434
109 11.9434
110 11.9434
111 11.9434
112 11.9434
113 11.9434
114 11.9434
115 11.9434
116 11.9434
117 11.9434
118 11.9434
119 11.9434
120 11.9434
121 11.9434
122 11.9434
123 11.9434
124 11.9434
125 11.9434
126 11.9434
127 11.9434
128 11.9434
129 11.9434
130 11.9434
131 11.9434
132 11.9434
133 11.9434
134 11.9434
135 11.9434
136 11.9434
137 11.9434
138 11.9434
139 11.9434
140 11.9434
141 11.9434
142 11.9434
143 11.9434
144 11.9434
145 11.9434
146 11.9434
147 11.9434
148 11.9434
149 11.9434
150 11.9434
151 11.9434
152 11.9434
153 11.9434
154 11.9434
155 11.9434
156 11.9434
157 11.9434
158 11.9434
159 11.9434
160 11.9434
161 11.9434
162 11.9434
163 11.9434
164 11.9434
165 11.9434
166 11.9434
167 11.9434
168 11.9434
169 11.9434
170 11.9434
171 11.9434
172 11.9434
173 11.9434
174 11.9434
175 11.9434
176 11.9434
177 11.9434
178 11.9434
179 11.9434
180 11.9434
181 11.9434
182 11.9434
183 11.9434
184 11.9434
185 11.9434
186 11.9434
187 11.9434
188 11.9434
189 11.9434
190 11.9434
191 11.9434
192 11.9434
193 11.9434
194 11.9434
195 11.9434
196 11.9434
197 11.9434
198 11.9434
199 11.9434
200 11.9434
201 11.9434
202 11.9434
203 11.9434
204 11.9434
205 11.9434
206 11.9434
207 11.9434
208 11.9434
209 11.9434
210 11.9434
211 11.9434
212 11.9434
213 11.9434
214 11.9434
215 11.9434
216 11.9434
217 11.9434
218 11.9434
219 11.9434
220 11.9434
221 11.9434
222 11.9434
223 11.9434
224 11.9434
225 11.9434
226 11.9434
227 11.9434
228 11.9434
229 11.9434
230 11.9434
231 11.9434
232 11.9434
233 11.9434
234 11.9434
235 11.9434
236 11.9434
237 11.9434
238 11.9434
239 11.9525
240 12
241 11.8416
242 11.2933
243 10.5464
244 9.77805
245 9.02915
246 8.30075
247 7.59245
248 6.90547
249 6.2416
250 5.60209
251 4.98766
252 5.01689
253 5.07767
254 5.12666
255 5.15865
256 5.1745
257 5.21176
258 5.23059
259 5.26946
260 5.29216
261 5.30369
262 5.3246
263 5.44521
264 5.48805
265 5.6445
266 5.68674
267 5.81581
268 6.31057
269 6.35152
270 5.88812
271 4.9839
272 4.85344
273 4.83224
274 4.62397
275 4.59734
276 4.60623
277 4.61559
278 4.6142
279 4.59771
280 4.60456
281 4.59647
282 4.57402
283 4.57112
284 4.58469
285 4.58453
286 4.5722
287 4.55298
288 4.54205
289 4.59057
290 4.96838
291 5.03401
292 5.46269
293 5.53453
294 5.98071
295 6.04813
296 6.00329
297 5.95487
298 5.94814
299 6.65415
300 7.36757
301 8.10145
302 8.863
303 9.65138
304 10.4509
305 11.2061
306 11.7728
307 11.9979
308 11.9737
309 11.9524
310 11.9434
311 11.9434
312 11.9434
313 11.9434
314 11.9434
315 11.9434
316 11.9434
317 11.9434
318 11.9434
319 11.9434
320 11.9434
321 11.9434
322 11.9434
323 11.9434
324 11.9434
325 11.9434
326 11.9434
327 11.9434
328 11.9434
329 11.9434
330 11.9434
331 11.9434
332 11.9434
333 11.9434
334 11.9434
335 11.9434
336 11.9434
337 11.9434
338 11.9434
339 11.9434
340 11.9434
341 11.9434
342 11.9434
343 11.9434
344 11.9434
345 11.9434
346 11.9434
347 11.9434
348 11.9434
349 11.9434
350 11.9434
351 11.9434
352 11.9434
353 11.9434
354 11.9434
355 11.9434
356 11.9434
357 11.9434
358 11.9434
359 11.9434
360 11.9434
361 11.9434
362 11.9434
363 11.9434
364 11.9434
365 11.9434
366 11.9434
367 11.9434
368 11.9434
369 11.9434
370 11.9434
371 11.9434
372 11.9434
373 11.9434
374 11.9434
375 11.9434
376 11.9434
377 11.9434
378 11.9434
379 11.9434
380 11.9434
381 11.9434
382 11.9434
383 11.9434
384 11.9434
385 11.9434
386 11.9434
387 11.9434
388 11.9434
389 11.9434
390 11.9434
391 11.9434
392 11.9434
393 11.9434
394 11.9434
395 11.9434
396 11.9434
397 11.9434
398 11.9434
399 11.9434
400 11.9434
401 11.9434
402 11.9434
403 11.9434
404 11.9434
405 11.9434
406 11.9434
407 11.9434
408 11.9434
409 11.9434
410 11.9434
411 11.9434
412 11.9434
413 11.9434
414 11.9434
415 11.9434
416 11.9434
417 11.9434
418 11.9434
419 11.9434
420 11.9434
421 11.9434
422 11.9434
423 11.9434
424 11.9434
425 11.9434
426 11.9434
427 11.9434
428 11.9434
429 11.9434
430 11.9434
431 11.9434
432 11.9434
433 11.9434
434 11.9434
435 11.9434
436 11.9434
437 11.9434
438 11.9434
439 11.9434
440 11.9434
441 11.9434
442 11.9434
443 11.9434
444 11.9434
445 11.9434
446 11.9434
447 11.9434
448 11.9434
449 11.9434
450 11.9434
451 11.9434
452 11.9434
453 11.9434
454 11.9434
455 11.9434
456 11.9434
457 11.9434
458 11.9434
459 11.9434
460 11.9434
461 11.9434
462 11.9434
463 11.9434
464 11.9434
465 11.9434
466 11.9434
467 11.9434
468 11.9434
469 11.9434
470 11.9434
471 11.9434
472 11.9434
473 11.9434
474 11.9434
475 11.9434
476 11.9434
477 11.9434
478 11.9434
479 11.9434
480 11.9434
481 11.9434
482 11.9434
483 11.9434
484 11.9434
485 11.9434
486 11.9434
487 11.9434
488 11.9434
489 11.9434
490 11.9434
491 11.9434
492 11.9434
493 11.9434
494 11.9434
495 11.9434
496 11.9434
497 11.9434
498 11.9434
499 11.9434
500 11.9434
501 11.9434
502 11.9434
503 11.9434
504 11.9434
505 11.9434
506 11.9434
507 11.9434
508 11.9434
509 11.9434
510 11.9434
511 11.9434
512 11.9434
513 11.9434
514 11.9434
515 11.9434
516 11.9434
517 11.9434
518 11.9434
519 11.9434
520 11.9434
521 11.9434
522 11.9434
523 11.9434
524 11.9434
525 11.9434
526 11.9434
527 11.9434
528 11.9434
529 11.9434
530 11.9434
531 11.9434
532 11.9434
533 11.9434
534 11.9434
535 11.9434
536 11.9434
537 11.9434
538 11.9434
539 11.9434
540 11.9434
541 11.9434
542 11.9434
543 11.9434
544 11.9434
545 11.9434
546 11.9434
547 11.9434
548 11.9434
549 11.9434
550 11.9434
551 11.9434
552 11.9434
