1 11.972
2 11.972
3 11.972
4 11.972
5 11.972
6 11.972
7 11.972
8 11.972
9 11.972
10 11.972
11 11.972
12 11.972
13 11.972
14 11.972
15 11.972
16 11.972
17 11.972
18 11.972
19 11.972
20 11.972
21 11.972
22 11.972
23 11.972
24 11.972
25 11.972
26 11.972
27 11.972
28 11.972
29 11.972
30 11.972
31 11.972
32 11.972
33 11.972
34 11.972
35 11.972
36 11.972
37 11.972
38 11.972
39 11.972
40 11.972
41 11.972
42 11.972
43 11.972
44 11.972
45 11.972
46 11.972
47 11.972
48 11.972
49 11.972
50 11.972
51 11.972
52 11.972
53 11.972
54 11.972
55 11.972
56 11.972
57 11.972
58 11.972
59 11.972
60 11.972
61 11.972
62 11.972
63 11.972
64 11.972
65 11.972
66 11.972
67 11.972
68 11.972
69 11.972
70 11.972
71 11.972
72 11.972
73 11.972
74 11.972
75 11.972
76 11.972
77 11.972
78 11.972
79 11.972
80 11.972
81 11.972
82 11.972
83 11.972
84 11.972
85 11.972
86 11.972
87 11.972
88 11.972
89 11.972
90 11.972
91 11.972
92 11.972
93 11.972
94 11.972
95 11.972
96 11.972
97 11.972
98 11.972
99 11.972
100 11.972
101 11.972
102 11.972
103 11.972
104 11.972
105 11.972
106 11.972
107 11.972
108 11.972
109 11.972
110 11.972
111 11.972
112 11.972
113 11.972
114 11.972
115 11.972
116 11.972
117 11.972
118 11.972
119 11.972
120 11.972
121 11.972
122 11.972
123 11.972
124 11.972
125 11.972
126 11.972
127 11.972
128 11.972
129 11.972
130 11.972
131 11.972
132 11.972
133 11.972
134 11.972
135 11.972
136 11.972
137 11.972
138 11.972
139 11.972
140 11.972
141 11.972
142 11.972
143 11.972
144 11.972
145 11.972
146 11.972
147 11.972
148 11.972
149 11.972
150 11.972
151 11.972
152 11.972
153 11.972
154 11.972
155 11.972
156 11.972
157 11.972
158 11.972
159 11.972
160 11.972
161 11.972
162 11.972
163 11.972
164 11.972
165 11.972
166 11.972
167 11.972
168 11.972
169 11.972
170 11.972
171 11.972
172 11.972
173 11.972
174 11.972
175 11.972
176 11.972
177 11.972
178 11.972
179 11.972
180 11.972
181 11.972
182 11.972
183 11.972
184 11.972
185 11.972
186 11.972
187 11.972
188 11.972
189 11.972
190 11.972
191 11.972
192 11.972
193 11.972
194 11.972
195 11.972
196 11.972
197 11.972
198 11.972
199 11.972
200 11.972
201 11.972
202 11.972
203 11.972
204 11.972
205 11.972
206 11.972
207 11.972
208 11.972
209 11.972
210 11.972
211 11.972
212 11.972
213 11.972
214 11.972
215 11.972
216 11.972
217 11.972
218 11.972
219 11.972
220 11.972
221 11.972
222 11.972
223 11.972
224 11.972
225 11.972
226 11.972
227 11.972
228 11.972
229 11.972
230 11.972
231 11.972
232 11.972
233 11.972
234 11.972
235 12
236 11.7579
237 11.265
238 10.6313
239 9.93128
240 9.19542
241 8.4368
242 7.66675
243 6.893
244 6.12239
245 5.36127
246 4.61509
247 3.888
248 3.18274
249 2.5007
250 1.84216
251 1.20645
252 1.22987
253 1.28701
254 1.33383
255 1.36549
256 1.38483
257 1.41662
258 1.43585
259 1.4652
260 1.48291
261 1.49261
262 1.49758
263 1.49998
264 1.50423
265 1.5062
266 1.50954
267 1.51099
268 1.51157
269 1.51252
270 1.51398
271 1.51613
272 1.5169
273 1.51715
274 1.51749
275 1.51757
276 1.51752
277 1.51728
278 1.51652
279 1.51444
280 1.51303
281 1.50957
282 1.50204
283 1.49713
284 1.49414
285 1.48808
286 1.47718
287 1.46079
288 1.44494
289 1.46217
290 1.68074
291 1.71258
292 2.0022
293 2.04903
294 2.41263
295 2.47676
296 2.44225
297 2.41418
298 2.44443
299 3.25148
300 4.06132
301 4.86033
302 5.62851
303 6.34411
304 6.99377
305 7.5808
306 8.12344
307 8.64477
308 9.16281
309 9.68521
310 10.208
311 10.7301
312 11.2458
313 11.7211
314 11.9809
315 11.972
316 11.972
317 11.972
318 11.972
319 11.972
320 11.972
321 11.972
322 11.972
323 11.972
324 11.972
325 11.972
326 11.972
327 11.972
328 11.972
329 11.972
330 11.972
331 11.972
332 11.972
333 11.972
334 11.972
335 11.972
336 11.972
337 11.972
338 11.972
339 11.972
340 11.972
341 11.972
342 11.972
343 11.972
344 11.972
345 11.972
346 11.972
347 11.972
348 11.972
349 11.972
350 11.972
351 11.972
352 11.972
353 11.972
354 11.972
355 11.972
356 11.972
357 11.972
358 11.972
359 11.972
360 11.972
361 11.972
362 11.972
363 11.972
364 11.972
365 11.972
366 11.972
367 11.972
368 11.972
369 11.972
370 11.972
371 11.972
372 11.972
373 11.972
374 11.972
375 11.972
376 11.972
377 11.972
378 11.972
379 11.972
380 11.972
381 11.972
382 11.972
383 11.972
384 11.972
385 11.972
386 11.972
387 11.972
388 11.972
389 11.972
390 11.972
391 11.972
392 11.972
393 11.972
394 11.972
395 11.972
396 11.972
397 11.972
398 11.972
399 11.972
400 11.972
401 11.972
402 11.972
403 11.972
404 11.972
405 11.972
406 11.972
407 11.972
408 11.972
409 11.972
410 11.972
411 11.972
412 11.972
413 11.972
414 11.972
415 11.972
416 11.972
417 11.972
418 11.972
419 11.972
420 11.972
421 11.972
422 11.972
423 11.972
424 11.972
425 11.972
426 11.972
427 11.972
428 11.972
429 11.972
430 11.972
431 11.972
432 11.972
433 11.972
434 11.972
435 11.972
436 11.972
437 11.972
438 11.972
439 11.972
440 11.972
441 11.972
442 11.972
443 11.972
444 11.972
445 11.972
446 11.972
447 11.972
448 11.972
449 11.972
450 11.972
451 11.972
452 11.972
453 11.972
454 11.972
455 11.972
456 11.972
457 11.972
458 11.972
459 11.972
460 11.972
461 11.972
462 11.972
463 11.972
464 11.972
465 11.972
466 11.972
467 11.972
468 11.972
469 11.972
470 11.972
471 11.972
472 11.972
473 11.972
474 11.972
475 11.972
476 11.972
477 11.972
478 11.972
479 11.972
480 11.972
481 11.972
482 11.972
483 11.972
484 11.972
485 11.972
486 11.972
487 11.972
488 11.972
489 11.972
490 11.972
491 11.972
492 11.972
493 11.972
494 11.972
495 11.972
496 11.972
497 11.972
498 11.972
499 11.972
500 11.972
501 11.972
502 11.972
503 11.972
504 11.972
505 11.972
506 11.972
507 11.972
508 11.972
509 11.972
510 11.972
511 11.972
512 11.972
513 11.972
514 11.972
515 11.972
516 11.972
517 11.972
518 11.972
519 11.972
520 11.972
521 11.972
522 11.972
523 11.972
524 11.972
525 11.972
526 11.972
527 11.972
528 11.972
529 11.972
530 11.972
531 11.972
532 11.972
533 11.972
534 11.972
535 11.972
536 11.972
537 11.972
538 11.972
539 11.972
540 11.972
541 11.972
542 11.972
543 11.972
544 11.972
545 11.972
546 11.972
547 11.972
548 11.972
549 11.972
550 11.972
551 11.972
552 11.972
