1 11.9976
2 11.9976
3 11.9976
4 11.9976
5 11.9976
6 11.9976
7 11.9976
8 11.9976
9 11.9976
10 11.9976
11 11.9976
12 11.9976
13 11.9976
14 11.9976
15 11.9976
16 11.9976
17 11.9976
18 11.9976
19 11.9976
20 11.9976
21 11.9976
22 11.9976
23 11.9976
24 11.9976
25 11.9976
26 11.9976
27 11.9976
28 11.9976
29 11.9976
30 11.9976
31 11.9976
32 11.9976
33 11.9976
34 11.9976
35 11.9976
36 11.9976
37 11.9976
38 11.9976
39 11.9976
40 11.9976
41 11.9976
42 11.9976
43 11.9976
44 11.9976
45 11.9976
46 11.9976
47 11.9976
48 11.9976
49 11.9976
50 11.9976
51 11.9976
52 11.9976
53 11.9976
54 11.9976
55 11.9976
56 11.9976
57 11.9976
58 11.9976
59 11.9976
60 11.9976
61 11.9976
62 11.9976
63 11.9976
64 11.9976
65 11.9976
66 11.9976
67 11.9976
68 11.9976
69 11.9976
70 11.9976
71 11.9976
72 11.9976
73 11.9976
74 11.9976
75 11.9976
76 11.9976
77 11.9976
78 11.9976
79 11.9976
80 11.9976
81 11.9976
82 11.9976
83 11.9976
84 11.9976
85 11.9976
86 11.9976
87 11.9976
88 11.9976
89 11.9976
90 11.9976
91 11.9976
92 11.9976
93 11.9976
94 11.9976
95 11.9976
96 11.9976
97 11.9976
98 11.9976
99 11.9976
100 11.9976
101 11.9976
102 11.9976
103 11.9976
104 11.9976
105 11.9976
106 11.9976
107 11.9976
108 11.9976
109 11.9976
110 11.9976
111 11.9976
112 11.9976
113 11.9976
114 11.9976
115 11.9976
116 11.9976
117 11.9976
118 11.9976
119 11.9976
120 11.9976
121 11.9976
122 11.9976
123 11.9976
124 11.9976
125 11.9976
126 11.9976
127 11.9976
128 11.9976
129 11.9976
130 11.9976
131 11.9976
132 11.9976
133 11.9976
134 11.9976
135 11.9976
136 11.9976
137 11.9976
138 11.9976
139 11.9976
140 11.9976
141 11.9976
142 11.9976
143 11.9976
144 11.9976
145 11.9976
146 11.9976
147 11.9976
148 11.9976
149 11.9976
150 11.9976
151 11.9976
152 11.9976
153 11.9976
154 11.9976
155 11.9976
156 11.9976
157 11.9976
158 11.9976
159 11.9976
160 11.9976
161 11.9976
162 11.9976
163 11.9976
164 11.9976
165 11.9976
166 11.9976
167 11.9976
168 11.9976
169 11.9976
170 11.9976
171 11.9976
172 11.9976
173 11.9976
174 11.9976
175 11.9976
176 11.9976
177 11.9976
178 11.9976
179 11.9976
180 11.9976
181 11.9976
182 11.9976
183 11.9976
184 11.9976
185 11.9976
186 11.9976
187 11.9976
188 11.9976
189 11.9976
190 11.9976
191 11.9976
192 11.9976
193 11.9976
194 11.9976
195 11.9976
196 11.9976
197 11.9976
198 11.9976
199 11.9976
200 11.9976
201 11.9976
202 11.9976
203 11.9976
204 11.9976
205 11.9976
206 11.9976
207 11.9976
208 11.9976
209 11.9976
210 11.9976
211 11.9976
212 11.9976
213 11.9976
214 11.9976
215 11.9976
216 11.9976
217 11.9976
218 11.9976
219 11.9976
220 11.9976
221 11.9976
222 11.9976
223 11.9976
224 11.9976
225 11.9976
226 11.9976
227 11.9976
228 11.9976
229 11.9976
230 11.9976
231 11.9976
232 11.9976
233 11.9449
234 11.5426
235 10.9645
236 10.336
237 9.66603
238 8.98876
239 8.3211
240 7.67
241 7.03737
242 6.42308
243 5.82566
244 5.24282
245 4.67174
246 4.10941
247 3.55293
248 3.00002
249 2.44945
250 1.90134
251 1.35735
252 1.37616
253 1.41901
254 1.44899
255 1.46587
256 1.4743
257 1.48731
258 1.49344
259 1.50271
260 1.50673
261 1.5083
262 1.50887
263 1.50906
264 1.50933
265 1.50941
266 1.50952
267 1.50954
268 1.50955
269 1.50955
270 1.50957
271 1.50958
272 1.50959
273 1.50959
274 1.50959
275 1.50959
276 1.50959
277 1.50959
278 1.50959
279 1.50958
280 1.50957
281 1.50952
282 1.50935
283 1.50922
284 1.50911
285 1.50875
286 1.50762
287 1.5044
288 1.49626
289 1.47909
290 1.45532
291 1.43163
292 1.41314
293 1.38323
294 1.37724
295 1.33904
296 1.30221
297 1.25195
298 1.22916
299 1.82233
300 2.44143
301 3.08567
302 3.75418
303 4.44592
304 5.15972
305 5.89426
306 6.64801
307 7.41891
308 8.20348
309 8.99473
310 9.77828
311 10.5269
312 11.1997
313 11.7346
314 12
315 11.9976
316 11.9976
317 11.9976
318 11.9976
319 11.9976
320 11.9976
321 11.9976
322 11.9976
323 11.9976
324 11.9976
325 11.9976
326 11.9976
327 11.9976
328 11.9976
329 11.9976
330 11.9976
331 11.9976
332 11.9976
333 11.9976
334 11.9976
335 11.9976
336 11.9976
337 11.9976
338 11.9976
339 11.9976
340 11.9976
341 11.9976
342 11.9976
343 11.9976
344 11.9976
345 11.9976
346 11.9976
347 11.9976
348 11.9976
349 11.9976
350 11.9976
351 11.9976
352 11.9976
353 11.9976
354 11.9976
355 11.9976
356 11.9976
357 11.9976
358 11.9976
359 11.9976
360 11.9976
361 11.9976
362 11.9976
363 11.9976
364 11.9976
365 11.9976
366 11.9976
367 11.9976
368 11.9976
369 11.9976
370 11.9976
371 11.9976
372 11.9976
373 11.9976
374 11.9976
375 11.9976
376 11.9976
377 11.9976
378 11.9976
379 11.9976
380 11.9976
381 11.9976
382 11.9976
383 11.9976
384 11.9976
385 11.9976
386 11.9976
387 11.9976
388 11.9976
389 11.9976
390 11.9976
391 11.9976
392 11.9976
393 11.9976
394 11.9976
395 11.9976
396 11.9976
397 11.9976
398 11.9976
399 11.9976
400 11.9976
401 11.9976
402 11.9976
403 11.9976
404 11.9976
405 11.9976
406 11.9976
407 11.9976
408 11.9976
409 11.9976
410 11.9976
411 11.9976
412 11.9976
413 11.9976
414 11.9976
415 11.9976
416 11.9976
417 11.9976
418 11.9976
419 11.9976
420 11.9976
421 11.9976
422 11.9976
423 11.9976
424 11.9976
425 11.9976
426 11.9976
427 11.9976
428 11.9976
429 11.9976
430 11.9976
431 11.9976
432 11.9976
433 11.9976
434 11.9976
435 11.9976
436 11.9976
437 11.9976
438 11.9976
439 11.9976
440 11.9976
441 11.9976
442 11.9976
443 11.9976
444 11.9976
445 11.9976
446 11.9976
447 11.9976
448 11.9976
449 11.9976
450 11.9976
451 11.9976
452 11.9976
453 11.9976
454 11.9976
455 11.9976
456 11.9976
457 11.9976
458 11.9976
459 11.9976
460 11.9976
461 11.9976
462 11.9976
463 11.9976
464 11.9976
465 11.9976
466 11.9976
467 11.9976
468 11.9976
469 11.9976
470 11.9976
471 11.9976
472 11.9976
473 11.9976
474 11.9976
475 11.9976
476 11.9976
477 11.9976
478 11.9976
479 11.9976
480 11.9976
481 11.9976
482 11.9976
483 11.9976
484 11.9976
485 11.9976
486 11.9976
487 11.9976
488 11.9976
489 11.9976
490 11.9976
491 11.9976
492 11.9976
493 11.9976
494 11.9976
495 11.9976
496 11.9976
497 11.9976
498 11.9976
499 11.9976
500 11.9976
501 11.9976
502 11.9976
503 11.9976
504 11.9976
505 11.9976
506 11.9976
507 11.9976
508 11.9976
509 11.9976
510 11.9976
511 11.9976
512 11.9976
513 11.9976
514 11.9976
515 11.9976
516 11.9976
517 11.9976
518 11.9976
519 11.9976
520 11.9976
521 11.9976
522 11.9976
523 11.9976
524 11.9976
525 11.9976
526 11.9976
527 11.9976
528 11.9976
529 11.9976
530 11.9976
531 11.9976
532 11.9976
533 11.9976
534 11.9976
535 11.9976
536 11.9976
537 11.9976
538 11.9976
539 11.9976
540 11.9976
541 11.9976
542 11.9976
543 11.9976
544 11.9976
545 11.9976
546 11.9976
547 11.9976
548 11.9976
549 11.9976
550 11.9976
551 11.9976
552 11.9976
