1 11.9956
2 11.9956
3 11.9956
4 11.9956
5 11.9956
6 11.9956
7 11.9956
8 11.9956
9 11.9956
10 11.9956
11 11.9956
12 11.9956
13 11.9956
14 11.9956
15 11.9956
16 11.9956
17 11.9956
18 11.9956
19 11.9956
20 11.9956
21 11.9956
22 11.9956
23 11.9956
24 11.9956
25 11.9956
26 11.9956
27 11.9956
28 11.9956
29 11.9956
30 11.9956
31 11.9956
32 11.9956
33 11.9956
34 11.9956
35 11.9956
36 11.9956
37 11.9956
38 11.9956
39 11.9956
40 11.9956
41 11.9956
42 11.9956
43 11.9956
44 11.9956
45 11.9956
46 11.9956
47 11.9956
48 11.9956
49 11.9956
50 11.9956
51 11.9956
52 11.9956
53 11.9956
54 11.9956
55 11.9956
56 11.9956
57 11.9956
58 11.9956
59 11.9956
60 11.9956
61 11.9956
62 11.9956
63 11.9956
64 11.9956
65 11.9956
66 11.9956
67 11.9956
68 11.9956
69 11.9956
70 11.9956
71 11.9956
72 11.9956
73 11.9956
74 11.9956
75 11.9956
76 11.9956
77 11.9956
78 11.9956
79 11.9956
80 11.9956
81 11.9956
82 11.9956
83 11.9956
84 11.9956
85 11.9956
86 11.9956
87 11.9956
88 11.9956
89 11.9956
90 11.9956
91 11.9956
92 11.9956
93 11.9956
94 11.9956
95 11.9956
96 11.9956
97 11.9956
98 11.9956
99 11.9956
100 11.9956
101 11.9956
102 11.9956
103 11.9956
104 11.9956
105 11.9956
106 11.9956
107 11.9956
108 11.9956
109 11.9956
110 11.9956
111 11.9956
112 11.9956
113 11.9956
114 11.9956
115 11.9956
116 11.9956
117 11.9956
118 11.9956
119 11.9956
120 11.9956
121 11.9956
122 11.9956
123 11.9956
124 11.9956
125 11.9956
126 11.9956
127 11.9956
128 11.9956
129 11.9956
130 11.9956
131 11.9956
132 11.9956
133 11.9956
134 11.9956
135 11.9956
136 11.9956
137 11.9956
138 11.9956
139 11.9956
140 11.9956
141 11.9956
142 11.9956
143 11.9956
144 11.9956
145 11.9956
146 11.9956
147 11.9956
148 11.9956
149 11.9956
150 11.9956
151 11.9956
152 11.9956
153 11.9956
154 11.9956
155 11.9956
156 11.9956
157 11.9956
158 11.9956
159 11.9956
160 11.9956
161 11.9956
162 11.9956
163 11.9956
164 11.9956
165 11.9956
166 11.9956
167 11.9956
168 11.9956
169 11.9956
170 11.9956
171 11.9956
172 11.9956
173 11.9956
174 11.9956
175 11.9956
176 11.9956
177 11.9956
178 11.9956
179 11.9956
180 11.9956
181 11.9956
182 11.9956
183 11.9956
184 11.9956
185 11.9956
186 11.9956
187 11.9956
188 11.9956
189 11.9956
190 11.9956
191 11.9956
192 11.9956
193 11.9956
194 11.9956
195 11.9956
196 11.9956
197 11.9956
198 11.9956
199 11.9956
200 11.9956
201 11.9956
202 11.9956
203 11.9956
204 11.9956
205 11.9956
206 11.9956
207 11.9956
208 11.9956
209 11.9956
210 11.9956
211 11.9956
212 11.9956
213 11.9956
214 11.9956
215 11.9956
216 11.9956
217 11.9956
218 11.9956
219 11.9956
220 11.9956
221 11.9956
222 11.9956
223 11.9956
224 11.9956
225 11.9956
226 11.9956
227 11.9956
228 11.9956
229 11.9956
230 11.9956
231 11.9956
232 11.9956
233 12
234 11.9487
235 11.6005
236 10.9873
237 10.3017
238 9.63983
239 9.00195
240 8.38697
241 7.79619
242 7.2247
243 6.66576
244 6.10639
245 5.52719
246 4.90667
247 4.23141
248 3.50471
249 2.74488
250 1.97403
251 1.20744
252 1.19705
253 1.23977
254 1.28566
255 1.32455
256 1.35477
257 1.37165
258 1.39432
259 1.33678
260 1.33288
261 1.34453
262 1.35872
263 1.37035
264 1.37837
265 1.38902
266 1.38673
267 1.39515
268 1.40084
269 1.40708
270 1.38596
271 1.2604
272 1.24641
273 1.25123
274 1.23296
275 1.23536
276 1.23782
277 1.23831
278 1.24333
279 1.27125
280 1.26791
281 1.27002
282 1.29315
283 1.2832
284 1.27526
285 1.26319
286 1.24688
287 1.22647
288 1.20429
289 1.19293
290 1.2597
291 1.22502
292 1.26178
293 1.2222
294 1.27504
295 1.23356
296 1.18429
297 1.12666
298 1.107
299 1.77109
300 2.46451
301 3.18583
302 3.93255
303 4.70042
304 5.48272
305 6.27029
306 7.05271
307 7.82058
308 8.56943
309 9.29986
310 10.0184
311 10.7231
312 11.3813
313 11.8472
314 11.9936
315 11.9956
316 11.9956
317 11.9956
318 11.9956
319 11.9956
320 11.9956
321 11.9956
322 11.9956
323 11.9956
324 11.9956
325 11.9956
326 11.9956
327 11.9956
328 11.9956
329 11.9956
330 11.9956
331 11.9956
332 11.9956
333 11.9956
334 11.9956
335 11.9956
336 11.9956
337 11.9956
338 11.9956
339 11.9956
340 11.9956
341 11.9956
342 11.9956
343 11.9956
344 11.9956
345 11.9956
346 11.9956
347 11.9956
348 11.9956
349 11.9956
350 11.9956
351 11.9956
352 11.9956
353 11.9956
354 11.9956
355 11.9956
356 11.9956
357 11.9956
358 11.9956
359 11.9956
360 11.9956
361 11.9956
362 11.9956
363 11.9956
364 11.9956
365 11.9956
366 11.9956
367 11.9956
368 11.9956
369 11.9956
370 11.9956
371 11.9956
372 11.9956
373 11.9956
374 11.9956
375 11.9956
376 11.9956
377 11.9956
378 11.9956
379 11.9956
380 11.9956
381 11.9956
382 11.9956
383 11.9956
384 11.9956
385 11.9956
386 11.9956
387 11.9956
388 11.9956
389 11.9956
390 11.9956
391 11.9956
392 11.9956
393 11.9956
394 11.9956
395 11.9956
396 11.9956
397 11.9956
398 11.9956
399 11.9956
400 11.9956
401 11.9956
402 11.9956
403 11.9956
404 11.9956
405 11.9956
406 11.9956
407 11.9956
408 11.9956
409 11.9956
410 11.9956
411 11.9956
412 11.9956
413 11.9956
414 11.9956
415 11.9956
416 11.9956
417 11.9956
418 11.9956
419 11.9956
420 11.9956
421 11.9956
422 11.9956
423 11.9956
424 11.9956
425 11.9956
426 11.9956
427 11.9956
428 11.9956
429 11.9956
430 11.9956
431 11.9956
432 11.9956
433 11.9956
434 11.9956
435 11.9956
436 11.9956
437 11.9956
438 11.9956
439 11.9956
440 11.9956
441 11.9956
442 11.9956
443 11.9956
444 11.9956
445 11.9956
446 11.9956
447 11.9956
448 11.9956
449 11.9956
450 11.9956
451 11.9956
452 11.9956
453 11.9956
454 11.9956
455 11.9956
456 11.9956
457 11.9956
458 11.9956
459 11.9956
460 11.9956
461 11.9956
462 11.9956
463 11.9956
464 11.9956
465 11.9956
466 11.9956
467 11.9956
468 11.9956
469 11.9956
470 11.9956
471 11.9956
472 11.9956
473 11.9956
474 11.9956
475 11.9956
476 11.9956
477 11.9956
478 11.9956
479 11.9956
480 11.9956
481 11.9956
482 11.9956
483 11.9956
484 11.9956
485 11.9956
486 11.9956
487 11.9956
488 11.9956
489 11.9956
490 11.9956
491 11.9956
492 11.9956
493 11.9956
494 11.9956
495 11.9956
496 11.9956
497 11.9956
498 11.9956
499 11.9956
500 11.9956
501 11.9956
502 11.9956
503 11.9956
504 11.9956
505 11.9956
506 11.9956
507 11.9956
508 11.9956
509 11.9956
510 11.9956
511 11.9956
512 11.9956
513 11.9956
514 11.9956
515 11.9956
516 11.9956
517 11.9956
518 11.9956
519 11.9956
520 11.9956
521 11.9956
522 11.9956
523 11.9956
524 11.9956
525 11.9956
526 11.9956
527 11.9956
528 11.9956
529 11.9956
530 11.9956
531 11.9956
532 11.9956
533 11.9956
534 11.9956
535 11.9956
536 11.9956
537 11.9956
538 11.9956
539 11.9956
540 11.9956
541 11.9956
542 11.9956
543 11.9956
544 11.9956
545 11.9956
546 11.9956
547 11.9956
548 11.9956
549 11.9956
550 11.9956
551 11.9956
552 11.9956
