1 11.9532
2 11.9532
3 11.9532
4 11.9532
5 11.9532
6 11.9532
7 11.9532
8 11.9532
9 11.9532
10 11.9532
11 11.9532
12 11.9532
13 11.9532
14 11.9532
15 11.9532
16 11.9532
17 11.9532
18 11.9532
19 11.9532
20 11.9532
21 11.9532
22 11.9532
23 11.9532
24 11.9532
25 11.9532
26 11.9532
27 11.9532
28 11.9532
29 11.9532
30 11.9532
31 11.9532
32 11.9532
33 11.9532
34 11.9532
35 11.9532
36 11.9532
37 11.9532
38 11.9532
39 11.9532
40 11.9532
41 11.9532
42 11.9532
43 11.9532
44 11.9532
45 11.9532
46 11.9532
47 11.9532
48 11.9532
49 11.9532
50 11.9532
51 11.9532
52 11.9532
53 11.9532
54 11.9532
55 11.9532
56 11.9532
57 11.9532
58 11.9532
59 11.9532
60 11.9532
61 11.9532
62 11.9532
63 11.9532
64 11.9532
65 11.9532
66 11.9532
67 11.9532
68 11.9532
69 11.9532
70 11.9532
71 11.9532
72 11.9532
73 11.9532
74 11.9532
75 11.9532
76 11.9532
77 11.9532
78 11.9532
79 11.9532
80 11.9532
81 11.9532
82 11.9532
83 11.9532
84 11.9532
85 11.9532
86 11.9532
87 11.9532
88 11.9532
89 11.9532
90 11.9532
91 11.9532
92 11.9532
93 11.9532
94 11.9532
95 11.9532
96 11.9532
97 11.9532
98 11.9532
99 11.9532
100 11.9532
101 11.9532
102 11.9532
103 11.9532
104 11.9532
105 11.9532
106 11.9532
107 11.9532
108 11.9532
109 11.9532
110 11.9532
111 11.9532
112 11.9532
113 11.9532
114 11.9532
115 11.9532
116 11.9532
117 11.9532
118 11.9532
119 11.9532
120 11.9532
121 11.9532
122 11.9532
123 11.9532
124 11.9532
125 11.9532
126 11.9532
127 11.9532
128 11.9532
129 11.9532
130 11.9532
131 11.9532
132 11.9532
133 11.9532
134 11.9532
135 11.9532
136 11.9532
137 11.9532
138 11.9532
139 11.9532
140 11.9532
141 11.9532
142 11.9532
143 11.9532
144 11.9532
145 11.9532
146 11.9532
147 11.9532
148 11.9532
149 11.9532
150 11.9532
151 11.9532
152 11.9532
153 11.9532
154 11.9532
155 11.9532
156 11.9532
157 11.9532
158 11.9532
159 11.9532
160 11.9532
161 11.9532
162 11.9532
163 11.9532
164 11.9532
165 11.9532
166 11.9532
167 11.9532
168 11.9532
169 11.9532
170 11.9532
171 11.9532
172 11.9532
173 11.9532
174 11.9532
175 11.9532
176 11.9532
177 11.9532
178 11.9532
179 11.9532
180 11.9532
181 11.9532
182 11.9532
183 11.9532
184 11.9532
185 11.9532
186 11.9532
187 11.9532
188 11.9532
189 11.9532
190 11.9532
191 11.9532
192 11.9532
193 11.9532
194 11.9532
195 11.9532
196 11.9532
197 11.9532
198 11.9532
199 11.9532
200 11.9532
201 11.9532
202 11.9532
203 11.9532
204 11.9532
205 11.9532
206 11.9532
207 11.9532
208 11.9532
209 11.9532
210 11.9532
211 11.9532
212 11.9532
213 11.9532
214 11.9532
215 11.9532
216 11.9532
217 11.9532
218 11.9532
219 11.9532
220 11.9532
221 11.9532
222 11.9532
223 11.9532
224 11.9532
225 11.9532
226 11.9532
227 11.9532
228 11.9532
229 11.9532
230 11.9532
231 11.9532
232 11.9532
233 11.9532
234 11.9532
235 11.9532
236 11.9532
237 11.9532
238 11.9532
239 11.9532
240 11.9532
241 11.9532
242 11.9532
243 11.9532
244 11.9532
245 11.9532
246 11.9532
247 12
248 11.7129
249 11.1513
250 10.4763
251 9.76606
252 9.76388
253 9.79927
254 9.83755
255 9.8984
256 10.0909
257 10.1025
258 10.1828
259 10.0801
260 10.063
261 10.0759
262 10.1422
263 10.5066
264 10.5362
265 10.7668
266 10.7368
267 10.7972
268 11.4959
269 11.5868
270 10.8637
271 10.0183
272 9.97132
273 9.984
274 9.78384
275 9.77081
276 9.78809
277 9.81586
278 9.8808
279 10.1205
280 10.1365
281 10.226
282 10.5479
283 10.4116
284 9.8363
285 9.72741
286 9.69659
287 9.67762
288 9.66391
289 9.69763
290 10.0842
291 10.155
292 10.6579
293 10.7494
294 11.3425
295 11.2801
296 10.7479
297 10.6308
298 10.5797
299 11.0787
300 11.5506
301 11.9089
302 11.9532
303 11.9532
304 11.9532
305 11.9532
306 11.9532
307 11.9532
308 11.9532
309 11.9532
310 11.9532
311 11.9532
312 11.9532
313 11.9532
314 11.9532
315 11.9532
316 11.9532
317 11.9532
318 11.9532
319 11.9532
320 11.9532
321 11.9532
322 11.9532
323 11.9532
324 11.9532
325 11.9532
326 11.9532
327 11.9532
328 11.9532
329 11.9532
330 11.9532
331 11.9532
332 11.9532
333 11.9532
334 11.9532
335 11.9532
336 11.9532
337 11.9532
338 11.9532
339 11.9532
340 11.9532
341 11.9532
342 11.9532
343 11.9532
344 11.9532
345 11.9532
346 11.9532
347 11.9532
348 11.9532
349 11.9532
350 11.9532
351 11.9532
352 11.9532
353 11.9532
354 11.9532
355 11.9532
356 11.9532
357 11.9532
358 11.9532
359 11.9532
360 11.9532
361 11.9532
362 11.9532
363 11.9532
364 11.9532
365 11.9532
366 11.9532
367 11.9532
368 11.9532
369 11.9532
370 11.9532
371 11.9532
372 11.9532
373 11.9532
374 11.9532
375 11.9532
376 11.9532
377 11.9532
378 11.9532
379 11.9532
380 11.9532
381 11.9532
382 11.9532
383 11.9532
384 11.9532
385 11.9532
386 11.9532
387 11.9532
388 11.9532
389 11.9532
390 11.9532
391 11.9532
392 11.9532
393 11.9532
394 11.9532
395 11.9532
396 11.9532
397 11.9532
398 11.9532
399 11.9532
400 11.9532
401 11.9532
402 11.9532
403 11.9532
404 11.9532
405 11.9532
406 11.9532
407 11.9532
408 11.9532
409 11.9532
410 11.9532
411 11.9532
412 11.9532
413 11.9532
414 11.9532
415 11.9532
416 11.9532
417 11.9532
418 11.9532
419 11.9532
420 11.9532
421 11.9532
422 11.9532
423 11.9532
424 11.9532
425 11.9532
426 11.9532
427 11.9532
428 11.9532
429 11.9532
430 11.9532
431 11.9532
432 11.9532
433 11.9532
434 11.9532
435 11.9532
436 11.9532
437 11.9532
438 11.9532
439 11.9532
440 11.9532
441 11.9532
442 11.9532
443 11.9532
444 11.9532
445 11.9532
446 11.9532
447 11.9532
448 11.9532
449 11.9532
450 11.9532
451 11.9532
452 11.9532
453 11.9532
454 11.9532
455 11.9532
456 11.9532
457 11.9532
458 11.9532
459 11.9532
460 11.9532
461 11.9532
462 11.9532
463 11.9532
464 11.9532
465 11.9532
466 11.9532
467 11.9532
468 11.9532
469 11.9532
470 11.9532
471 11.9532
472 11.9532
473 11.9532
474 11.9532
475 11.9532
476 11.9532
477 11.9532
478 11.9532
479 11.9532
480 11.9532
481 11.9532
482 11.9532
483 11.9532
484 11.9532
485 11.9532
486 11.9532
487 11.9532
488 11.9532
489 11.9532
490 11.9532
491 11.9532
492 11.9532
493 11.9532
494 11.9532
495 11.9532
496 11.9532
497 11.9532
498 11.9532
499 11.9532
500 11.9532
501 11.9532
502 11.9532
503 11.9532
504 11.9532
505 11.9532
506 11.9532
507 11.9532
508 11.9532
509 11.9532
510 11.9532
511 11.9532
512 11.9532
513 11.9532
514 11.9532
515 11.9532
516 11.9532
517 11.9532
518 11.9532
519 11.9532
520 11.9532
521 11.9532
522 11.9532
523 11.9532
524 11.9532
525 11.9532
526 11.9532
527 11.9532
528 11.9532
529 11.9532
530 11.9532
531 11.9532
532 11.9532
533 11.9532
534 11.9532
535 11.9532
536 11.9532
537 11.9532
538 11.9532
539 11.9532
540 11.9532
541 11.9532
542 11.9532
543 11.9532
544 11.9532
545 11.9532
546 11.9532
547 11.9532
548 11.9532
549 11.9532
550 11.9532
551 11.9532
552 11.9532
