1 11.9938
2 11.9938
3 11.9938
4 11.9938
5 11.9938
6 11.9938
7 11.9938
8 11.9938
9 11.9938
10 11.9938
11 11.9938
12 11.9938
13 11.9938
14 11.9938
15 11.9938
16 11.9938
17 11.9938
18 11.9938
19 11.9938
20 11.9938
21 11.9938
22 11.9938
23 11.9938
24 11.9938
25 11.9938
26 11.9938
27 11.9938
28 11.9938
29 11.9938
30 11.9938
31 11.9938
32 11.9938
33 11.9938
34 11.9938
35 11.9938
36 11.9938
37 11.9938
38 11.9938
39 11.9938
40 11.9938
41 11.9938
42 11.9938
43 11.9938
44 11.9938
45 11.9938
46 11.9938
47 11.9938
48 11.9938
49 11.9938
50 11.9938
51 11.9938
52 11.9938
53 11.9938
54 11.9938
55 11.9938
56 11.9938
57 11.9938
58 11.9938
59 11.9938
60 11.9938
61 11.9938
62 11.9938
63 11.9938
64 11.9938
65 11.9938
66 11.9938
67 11.9938
68 11.9938
69 11.9938
70 11.9938
71 11.9938
72 11.9938
73 11.9938
74 11.9938
75 11.9938
76 11.9938
77 11.9938
78 11.9938
79 11.9938
80 11.9938
81 11.9938
82 11.9938
83 11.9938
84 11.9938
85 11.9938
86 11.9938
87 11.9938
88 11.9938
89 11.9938
90 11.9938
91 11.9938
92 11.9938
93 11.9938
94 11.9938
95 11.9938
96 11.9938
97 11.9938
98 11.9938
99 11.9938
100 11.9938
101 11.9938
102 11.9938
103 11.9938
104 11.9938
105 11.9938
106 11.9938
107 11.9938
108 11.9938
109 11.9938
110 11.9938
111 11.9938
112 11.9938
113 11.9938
114 11.9938
115 11.9938
116 11.9938
117 11.9938
118 11.9938
119 11.9938
120 11.9938
121 11.9938
122 11.9938
123 11.9938
124 11.9938
125 11.9938
126 11.9938
127 11.9938
128 11.9938
129 11.9938
130 11.9938
131 11.9938
132 11.9938
133 11.9938
134 11.9938
135 11.9938
136 11.9938
137 11.9938
138 11.9938
139 11.9938
140 11.9938
141 11.9938
142 11.9938
143 11.9938
144 11.9938
145 11.9938
146 11.9938
147 11.9938
148 11.9938
149 11.9938
150 11.9938
151 11.9938
152 11.9938
153 11.9938
154 11.9938
155 11.9938
156 11.9938
157 11.9938
158 11.9938
159 11.9938
160 11.9938
161 11.9938
162 11.9938
163 11.9938
164 11.9938
165 11.9938
166 11.9938
167 11.9938
168 11.9938
169 11.9938
170 11.9938
171 11.9938
172 11.9938
173 11.9938
174 11.9938
175 11.9938
176 11.9938
177 11.9938
178 11.9938
179 11.9938
180 11.9938
181 11.9938
182 11.9938
183 11.9938
184 11.9938
185 11.9938
186 11.9938
187 11.9938
188 11.9938
189 11.9938
190 11.9938
191 11.9938
192 11.9938
193 11.9938
194 11.9938
195 11.9938
196 11.9938
197 11.9938
198 11.9938
199 11.9938
200 11.9938
201 11.9938
202 11.9938
203 11.9938
204 11.9938
205 11.9938
206 11.9938
207 11.9938
208 11.9938
209 11.9938
210 11.9938
211 11.9938
212 11.9938
213 11.9938
214 11.9938
215 11.9938
216 11.9938
217 11.9938
218 11.9938
219 11.9938
220 11.9938
221 11.9938
222 11.9938
223 11.9938
224 11.9938
225 11.9938
226 11.9938
227 11.9938
228 11.9938
229 11.9938
230 11.9938
231 11.9938
232 11.9938
233 12
234 11.9265
235 11.5496
236 10.9616
237 10.3431
238 9.72926
239 9.12715
240 8.54505
241 7.97844
242 7.42025
243 6.85624
244 6.2663
245 5.63068
246 4.94038
247 4.20344
248 3.43985
249 2.66992
250 1.90577
251 1.14987
252 1.14232
253 1.18499
254 1.2297
255 1.26719
256 1.29625
257 1.30924
258 1.33006
259 1.27363
260 1.27164
261 1.28465
262 1.29948
263 1.31146
264 1.32367
265 1.33603
266 1.34356
267 1.35514
268 1.3618
269 1.37215
270 1.36953
271 1.29989
272 1.2966
273 1.30254
274 1.29529
275 1.29899
276 1.30061
277 1.29987
278 1.30367
279 1.33182
280 1.32904
281 1.33487
282 1.37042
283 1.3632
284 1.35486
285 1.34324
286 1.3288
287 1.31318
288 1.30172
289 1.3128
290 1.42864
291 1.40053
292 1.43646
293 1.39049
294 1.4102
295 1.35685
296 1.30627
297 1.24436
298 1.21515
299 1.8406
300 2.49619
301 3.1811
302 3.89407
303 4.63297
304 5.3941
305 6.1716
306 6.95711
307 7.74042
308 8.51105
309 9.26159
310 9.98681
311 10.6855
312 11.3305
313 11.8022
314 11.9844
315 11.9938
316 11.9938
317 11.9938
318 11.9938
319 11.9938
320 11.9938
321 11.9938
322 11.9938
323 11.9938
324 11.9938
325 11.9938
326 11.9938
327 11.9938
328 11.9938
329 11.9938
330 11.9938
331 11.9938
332 11.9938
333 11.9938
334 11.9938
335 11.9938
336 11.9938
337 11.9938
338 11.9938
339 11.9938
340 11.9938
341 11.9938
342 11.9938
343 11.9938
344 11.9938
345 11.9938
346 11.9938
347 11.9938
348 11.9938
349 11.9938
350 11.9938
351 11.9938
352 11.9938
353 11.9938
354 11.9938
355 11.9938
356 11.9938
357 11.9938
358 11.9938
359 11.9938
360 11.9938
361 11.9938
362 11.9938
363 11.9938
364 11.9938
365 11.9938
366 11.9938
367 11.9938
368 11.9938
369 11.9938
370 11.9938
371 11.9938
372 11.9938
373 11.9938
374 11.9938
375 11.9938
376 11.9938
377 11.9938
378 11.9938
379 11.9938
380 11.9938
381 11.9938
382 11.9938
383 11.9938
384 11.9938
385 11.9938
386 11.9938
387 11.9938
388 11.9938
389 11.9938
390 11.9938
391 11.9938
392 11.9938
393 11.9938
394 11.9938
395 11.9938
396 11.9938
397 11.9938
398 11.9938
399 11.9938
400 11.9938
401 11.9938
402 11.9938
403 11.9938
404 11.9938
405 11.9938
406 11.9938
407 11.9938
408 11.9938
409 11.9938
410 11.9938
411 11.9938
412 11.9938
413 11.9938
414 11.9938
415 11.9938
416 11.9938
417 11.9938
418 11.9938
419 11.9938
420 11.9938
421 11.9938
422 11.9938
423 11.9938
424 11.9938
425 11.9938
426 11.9938
427 11.9938
428 11.9938
429 11.9938
430 11.9938
431 11.9938
432 11.9938
433 11.9938
434 11.9938
435 11.9938
436 11.9938
437 11.9938
438 11.9938
439 11.9938
440 11.9938
441 11.9938
442 11.9938
443 11.9938
444 11.9938
445 11.9938
446 11.9938
447 11.9938
448 11.9938
449 11.9938
450 11.9938
451 11.9938
452 11.9938
453 11.9938
454 11.9938
455 11.9938
456 11.9938
457 11.9938
458 11.9938
459 11.9938
460 11.9938
461 11.9938
462 11.9938
463 11.9938
464 11.9938
465 11.9938
466 11.9938
467 11.9938
468 11.9938
469 11.9938
470 11.9938
471 11.9938
472 11.9938
473 11.9938
474 11.9938
475 11.9938
476 11.9938
477 11.9938
478 11.9938
479 11.9938
480 11.9938
481 11.9938
482 11.9938
483 11.9938
484 11.9938
485 11.9938
486 11.9938
487 11.9938
488 11.9938
489 11.9938
490 11.9938
491 11.9938
492 11.9938
493 11.9938
494 11.9938
495 11.9938
496 11.9938
497 11.9938
498 11.9938
499 11.9938
500 11.9938
501 11.9938
502 11.9938
503 11.9938
504 11.9938
505 11.9938
506 11.9938
507 11.9938
508 11.9938
509 11.9938
510 11.9938
511 11.9938
512 11.9938
513 11.9938
514 11.9938
515 11.9938
516 11.9938
517 11.9938
518 11.9938
519 11.9938
520 11.9938
521 11.9938
522 11.9938
523 11.9938
524 11.9938
525 11.9938
526 11.9938
527 11.9938
528 11.9938
529 11.9938
530 11.9938
531 11.9938
532 11.9938
533 11.9938
534 11.9938
535 11.9938
536 11.9938
537 11.9938
538 11.9938
539 11.9938
540 11.9938
541 11.9938
542 11.9938
543 11.9938
544 11.9938
545 11.9938
546 11.9938
547 11.9938
548 11.9938
549 11.9938
550 11.9938
551 11.9938
552 11.9938
