1 11.9482
2 11.9482
3 11.9482
4 11.9482
5 11.9482
6 11.9482
7 11.9482
8 11.9482
9 11.9482
10 11.9482
11 11.9482
12 11.9482
13 11.9482
14 11.9482
15 11.9482
16 11.9482
17 11.9482
18 11.9482
19 11.9482
20 11.9482
21 11.9482
22 11.9482
23 11.9482
24 11.9482
25 11.9482
26 11.9482
27 11.9482
28 11.9482
29 11.9482
30 11.9482
31 11.9482
32 11.9482
33 11.9482
34 11.9482
35 11.9482
36 11.9482
37 11.9482
38 11.9482
39 11.9482
40 11.9482
41 11.9482
42 11.9482
43 11.9482
44 11.9482
45 11.9482
46 11.9482
47 11.9482
48 11.9482
49 11.9482
50 11.9482
51 11.9482
52 11.9482
53 11.9482
54 11.9482
55 11.9482
56 11.9482
57 11.9482
58 11.9482
59 11.9482
60 11.9482
61 11.9482
62 11.9482
63 11.9482
64 11.9482
65 11.9482
66 11.9482
67 11.9482
68 11.9482
69 11.9482
70 11.9482
71 11.9482
72 11.9482
73 11.9482
74 11.9482
75 11.9482
76 11.9482
77 11.9482
78 11.9482
79 11.9482
80 11.9482
81 11.9482
82 11.9482
83 11.9482
84 11.9482
85 11.9482
86 11.9482
87 11.9482
88 11.9482
89 11.9482
90 11.9482
91 11.9482
92 11.9482
93 11.9482
94 11.9482
95 11.9482
96 11.9482
97 11.9482
98 11.9482
99 11.9482
100 11.9482
101 11.9482
102 11.9482
103 11.9482
104 11.9482
105 11.9482
106 11.9482
107 11.9482
108 11.9482
109 11.9482
110 11.9482
111 11.9482
112 11.9482
113 11.9482
114 11.9482
115 11.9482
116 11.9482
117 11.9482
118 11.9482
119 11.9482
120 11.9482
121 11.9482
122 11.9482
123 11.9482
124 11.9482
125 11.9482
126 11.9482
127 11.9482
128 11.9482
129 11.9482
130 11.9482
131 11.9482
132 11.9482
133 11.9482
134 11.9482
135 11.9482
136 11.9482
137 11.9482
138 11.9482
139 11.9482
140 11.9482
141 11.9482
142 11.9482
143 11.9482
144 11.9482
145 11.9482
146 11.9482
147 11.9482
148 11.9482
149 11.9482
150 11.9482
151 11.9482
152 11.9482
153 11.9482
154 11.9482
155 11.9482
156 11.9482
157 11.9482
158 11.9482
159 11.9482
160 11.9482
161 11.9482
162 11.9482
163 11.9482
164 11.9482
165 11.9482
166 11.9482
167 11.9482
168 11.9482
169 11.9482
170 11.9482
171 11.9482
172 11.9482
173 11.9482
174 11.9482
175 11.9482
176 11.9482
177 11.9482
178 11.9482
179 11.9482
180 11.9482
181 11.9482
182 11.9482
183 11.9482
184 11.9482
185 11.9482
186 11.9482
187 11.9482
188 11.9482
189 11.9482
190 11.9482
191 11.9482
192 11.9482
193 11.9482
194 11.9482
195 11.9482
196 11.9482
197 11.9482
198 11.9482
199 11.9482
200 11.9482
201 11.9482
202 11.9482
203 11.9482
204 11.9482
205 11.9482
206 11.9482
207 11.9482
208 11.9482
209 11.9482
210 11.9482
211 11.9482
212 11.9482
213 11.9482
214 11.9482
215 11.9482
216 11.9482
217 11.9482
218 11.9482
219 11.9482
220 11.9482
221 11.9482
222 11.9482
223 11.9482
224 11.9482
225 11.9482
226 11.9482
227 11.9482
228 11.9482
229 11.9482
230 11.9482
231 11.9482
232 11.9482
233 11.9482
234 11.9482
235 11.9482
236 11.9482
237 11.9535
238 11.9896
239 11.9782
240 11.6641
241 10.9871
242 10.1917
243 9.41345
244 8.66755
245 7.9491
246 7.25445
247 6.58336
248 5.93644
249 5.31432
250 4.71703
251 4.14317
252 4.1815
253 4.24635
254 4.29761
255 4.33229
256 4.35284
257 4.39202
258 4.41607
259 4.44754
260 4.47151
261 4.48632
262 4.50145
263 4.57061
264 4.6017
265 4.70666
266 4.72637
267 4.81766
268 5.17361
269 5.17488
270 4.75093
271 3.90419
272 3.78309
273 3.76778
274 3.60467
275 3.59075
276 3.60244
277 3.61069
278 3.60745
279 3.5902
280 3.59433
281 3.58432
282 3.55954
283 3.55407
284 3.56324
285 3.56016
286 3.54581
287 3.52333
288 3.50451
289 3.53416
290 3.84885
291 3.89914
292 4.29329
293 4.3628
294 4.83145
295 4.92155
296 4.88314
297 4.8465
298 4.85622
299 5.58731
300 6.30083
301 7.01055
302 7.73168
303 8.47705
304 9.25544
305 10.0674
306 10.8845
307 11.5821
308 11.9492
309 12
310 11.9591
311 11.9482
312 11.9482
313 11.9482
314 11.9482
315 11.9482
316 11.9482
317 11.9482
318 11.9482
319 11.9482
320 11.9482
321 11.9482
322 11.9482
323 11.9482
324 11.9482
325 11.9482
326 11.9482
327 11.9482
328 11.9482
329 11.9482
330 11.9482
331 11.9482
332 11.9482
333 11.9482
334 11.9482
335 11.9482
336 11.9482
337 11.9482
338 11.9482
339 11.9482
340 11.9482
341 11.9482
342 11.9482
343 11.9482
344 11.9482
345 11.9482
346 11.9482
347 11.9482
348 11.9482
349 11.9482
350 11.9482
351 11.9482
352 11.9482
353 11.9482
354 11.9482
355 11.9482
356 11.9482
357 11.9482
358 11.9482
359 11.9482
360 11.9482
361 11.9482
362 11.9482
363 11.9482
364 11.9482
365 11.9482
366 11.9482
367 11.9482
368 11.9482
369 11.9482
370 11.9482
371 11.9482
372 11.9482
373 11.9482
374 11.9482
375 11.9482
376 11.9482
377 11.9482
378 11.9482
379 11.9482
380 11.9482
381 11.9482
382 11.9482
383 11.9482
384 11.9482
385 11.9482
386 11.9482
387 11.9482
388 11.9482
389 11.9482
390 11.9482
391 11.9482
392 11.9482
393 11.9482
394 11.9482
395 11.9482
396 11.9482
397 11.9482
398 11.9482
399 11.9482
400 11.9482
401 11.9482
402 11.9482
403 11.9482
404 11.9482
405 11.9482
406 11.9482
407 11.9482
408 11.9482
409 11.9482
410 11.9482
411 11.9482
412 11.9482
413 11.9482
414 11.9482
415 11.9482
416 11.9482
417 11.9482
418 11.9482
419 11.9482
420 11.9482
421 11.9482
422 11.9482
423 11.9482
424 11.9482
425 11.9482
426 11.9482
427 11.9482
428 11.9482
429 11.9482
430 11.9482
431 11.9482
432 11.9482
433 11.9482
434 11.9482
435 11.9482
436 11.9482
437 11.9482
438 11.9482
439 11.9482
440 11.9482
441 11.9482
442 11.9482
443 11.9482
444 11.9482
445 11.9482
446 11.9482
447 11.9482
448 11.9482
449 11.9482
450 11.9482
451 11.9482
452 11.9482
453 11.9482
454 11.9482
455 11.9482
456 11.9482
457 11.9482
458 11.9482
459 11.9482
460 11.9482
461 11.9482
462 11.9482
463 11.9482
464 11.9482
465 11.9482
466 11.9482
467 11.9482
468 11.9482
469 11.9482
470 11.9482
471 11.9482
472 11.9482
473 11.9482
474 11.9482
475 11.9482
476 11.9482
477 11.9482
478 11.9482
479 11.9482
480 11.9482
481 11.9482
482 11.9482
483 11.9482
484 11.9482
485 11.9482
486 11.9482
487 11.9482
488 11.9482
489 11.9482
490 11.9482
491 11.9482
492 11.9482
493 11.9482
494 11.9482
495 11.9482
496 11.9482
497 11.9482
498 11.9482
499 11.9482
500 11.9482
501 11.9482
502 11.9482
503 11.9482
504 11.9482
505 11.9482
506 11.9482
507 11.9482
508 11.9482
509 11.9482
510 11.9482
511 11.9482
512 11.9482
513 11.9482
514 11.9482
515 11.9482
516 11.9482
517 11.9482
518 11.9482
519 11.9482
520 11.9482
521 11.9482
522 11.9482
523 11.9482
524 11.9482
525 11.9482
526 11.9482
527 11.9482
528 11.9482
529 11.9482
530 11.9482
531 11.9482
532 11.9482
533 11.9482
534 11.9482
535 11.9482
536 11.9482
537 11.9482
538 11.9482
539 11.9482
540 11.9482
541 11.9482
542 11.9482
543 11.9482
544 11.9482
545 11.9482
546 11.9482
547 11.9482
548 11.9482
549 11.9482
550 11.9482
551 11.9482
552 11.9482
