1 11.9595
2 11.9595
3 11.9595
4 11.9595
5 11.9595
6 11.9595
7 11.9595
8 11.9595
9 11.9595
10 11.9595
11 11.9595
12 11.9595
13 11.9595
14 11.9595
15 11.9595
16 11.9595
17 11.9595
18 11.9595
19 11.9595
20 11.9595
21 11.9595
22 11.9595
23 11.9595
24 11.9595
25 11.9595
26 11.9595
27 11.9595
28 11.9595
29 11.9595
30 11.9595
31 11.9595
32 11.9595
33 11.9595
34 11.9595
35 11.9595
36 11.9595
37 11.9595
38 11.9595
39 11.9595
40 11.9595
41 11.9595
42 11.9595
43 11.9595
44 11.9595
45 11.9595
46 11.9595
47 11.9595
48 11.9595
49 11.9595
50 11.9595
51 11.9595
52 11.9595
53 11.9595
54 11.9595
55 11.9595
56 11.9595
57 11.9595
58 11.9595
59 11.9595
60 11.9595
61 11.9595
62 11.9595
63 11.9595
64 11.9595
65 11.9595
66 11.9595
67 11.9595
68 11.9595
69 11.9595
70 11.9595
71 11.9595
72 11.9595
73 11.9595
74 11.9595
75 11.9595
76 11.9595
77 11.9595
78 11.9595
79 11.9595
80 11.9595
81 11.9595
82 11.9595
83 11.9595
84 11.9595
85 11.9595
86 11.9595
87 11.9595
88 11.9595
89 11.9595
90 11.9595
91 11.9595
92 11.9595
93 11.9595
94 11.9595
95 11.9595
96 11.9595
97 11.9595
98 11.9595
99 11.9595
100 11.9595
101 11.9595
102 11.9595
103 11.9595
104 11.9595
105 11.9595
106 11.9595
107 11.9595
108 11.9595
109 11.9595
110 11.9595
111 11.9595
112 11.9595
113 11.9595
114 11.9595
115 11.9595
116 11.9595
117 11.9595
118 11.9595
119 11.9595
120 11.9595
121 11.9595
122 11.9595
123 11.9595
124 11.9595
125 11.9595
126 11.9595
127 11.9595
128 11.9595
129 11.9595
130 11.9595
131 11.9595
132 11.9595
133 11.9595
134 11.9595
135 11.9595
136 11.9595
137 11.9595
138 11.9595
139 11.9595
140 11.9595
141 11.9595
142 11.9595
143 11.9595
144 11.9595
145 11.9595
146 11.9595
147 11.9595
148 11.9595
149 11.9595
150 11.9595
151 11.9595
152 11.9595
153 11.9595
154 11.9595
155 11.9595
156 11.9595
157 11.9595
158 11.9595
159 11.9595
160 11.9595
161 11.9595
162 11.9595
163 11.9595
164 11.9595
165 11.9595
166 11.9595
167 11.9595
168 11.9595
169 11.9595
170 11.9595
171 11.9595
172 11.9595
173 11.9595
174 11.9595
175 11.9595
176 11.9595
177 11.9595
178 11.9595
179 11.9595
180 11.9595
181 11.9595
182 11.9595
183 11.9595
184 11.9595
185 11.9595
186 11.9595
187 11.9595
188 11.9595
189 11.9595
190 11.9595
191 11.9595
192 11.9595
193 11.9595
194 11.9595
195 11.9595
196 11.9595
197 11.9595
198 11.9595
199 11.9595
200 11.9595
201 11.9595
202 11.9595
203 11.9595
204 11.9595
205 11.9595
206 11.9595
207 11.9595
208 11.9595
209 11.9595
210 11.9595
211 11.9595
212 11.9595
213 11.9595
214 11.9595
215 11.9595
216 11.9595
217 11.9595
218 11.9595
219 11.9595
220 11.9595
221 11.9595
222 11.9595
223 11.9595
224 11.9595
225 11.9595
226 11.9595
227 11.9595
228 11.9595
229 11.9595
230 11.9595
231 11.982
232 11.7408
233 11.2674
234 10.7058
235 10.1108
236 9.50865
237 8.91166
238 8.32402
239 7.74688
240 7.17891
241 6.61812
242 6.06243
243 5.51028
244 4.96101
245 4.41521
246 3.8747
247 3.34232
248 2.82163
249 2.3164
250 1.8303
251 1.36653
252 1.39394
253 1.43409
254 1.45773
255 1.46886
256 1.47346
257 1.4801
258 1.48257
259 1.48598
260 1.48711
261 1.48746
262 1.48756
263 1.48758
264 1.48761
265 1.48762
266 1.48763
267 1.48763
268 1.48763
269 1.48763
270 1.48763
271 1.48763
272 1.48764
273 1.48764
274 1.48764
275 1.48764
276 1.48764
277 1.48764
278 1.48764
279 1.48763
280 1.48763
281 1.48763
282 1.48762
283 1.48761
284 1.4876
285 1.48757
286 1.48742
287 1.48688
288 1.48502
289 1.47919
290 1.46339
291 1.451
292 1.42338
293 1.40124
294 1.36256
295 1.32784
296 1.30097
297 1.25477
298 1.21677
299 1.66746
300 2.14543
301 2.65029
302 3.18163
303 3.73898
304 4.32185
305 4.92967
306 5.56176
307 6.2173
308 6.89524
309 7.59405
310 8.31121
311 9.04184
312 9.77831
313 10.5033
314 11.1863
315 11.7506
316 12
317 11.9595
318 11.9595
319 11.9595
320 11.9595
321 11.9595
322 11.9595
323 11.9595
324 11.9595
325 11.9595
326 11.9595
327 11.9595
328 11.9595
329 11.9595
330 11.9595
331 11.9595
332 11.9595
333 11.9595
334 11.9595
335 11.9595
336 11.9595
337 11.9595
338 11.9595
339 11.9595
340 11.9595
341 11.9595
342 11.9595
343 11.9595
344 11.9595
345 11.9595
346 11.9595
347 11.9595
348 11.9595
349 11.9595
350 11.9595
351 11.9595
352 11.9595
353 11.9595
354 11.9595
355 11.9595
356 11.9595
357 11.9595
358 11.9595
359 11.9595
360 11.9595
361 11.9595
362 11.9595
363 11.9595
364 11.9595
365 11.9595
366 11.9595
367 11.9595
368 11.9595
369 11.9595
370 11.9595
371 11.9595
372 11.9595
373 11.9595
374 11.9595
375 11.9595
376 11.9595
377 11.9595
378 11.9595
379 11.9595
380 11.9595
381 11.9595
382 11.9595
383 11.9595
384 11.9595
385 11.9595
386 11.9595
387 11.9595
388 11.9595
389 11.9595
390 11.9595
391 11.9595
392 11.9595
393 11.9595
394 11.9595
395 11.9595
396 11.9595
397 11.9595
398 11.9595
399 11.9595
400 11.9595
401 11.9595
402 11.9595
403 11.9595
404 11.9595
405 11.9595
406 11.9595
407 11.9595
408 11.9595
409 11.9595
410 11.9595
411 11.9595
412 11.9595
413 11.9595
414 11.9595
415 11.9595
416 11.9595
417 11.9595
418 11.9595
419 11.9595
420 11.9595
421 11.9595
422 11.9595
423 11.9595
424 11.9595
425 11.9595
426 11.9595
427 11.9595
428 11.9595
429 11.9595
430 11.9595
431 11.9595
432 11.9595
433 11.9595
434 11.9595
435 11.9595
436 11.9595
437 11.9595
438 11.9595
439 11.9595
440 11.9595
441 11.9595
442 11.9595
443 11.9595
444 11.9595
445 11.9595
446 11.9595
447 11.9595
448 11.9595
449 11.9595
450 11.9595
451 11.9595
452 11.9595
453 11.9595
454 11.9595
455 11.9595
456 11.9595
457 11.9595
458 11.9595
459 11.9595
460 11.9595
461 11.9595
462 11.9595
463 11.9595
464 11.9595
465 11.9595
466 11.9595
467 11.9595
468 11.9595
469 11.9595
470 11.9595
471 11.9595
472 11.9595
473 11.9595
474 11.9595
475 11.9595
476 11.9595
477 11.9595
478 11.9595
479 11.9595
480 11.9595
481 11.9595
482 11.9595
483 11.9595
484 11.9595
485 11.9595
486 11.9595
487 11.9595
488 11.9595
489 11.9595
490 11.9595
491 11.9595
492 11.9595
493 11.9595
494 11.9595
495 11.9595
496 11.9595
497 11.9595
498 11.9595
499 11.9595
500 11.9595
501 11.9595
502 11.9595
503 11.9595
504 11.9595
505 11.9595
506 11.9595
507 11.9595
508 11.9595
509 11.9595
510 11.9595
511 11.9595
512 11.9595
513 11.9595
514 11.9595
515 11.9595
516 11.9595
517 11.9595
518 11.9595
519 11.9595
520 11.9595
521 11.9595
522 11.9595
523 11.9595
524 11.9595
525 11.9595
526 11.9595
527 11.9595
528 11.9595
529 11.9595
530 11.9595
531 11.9595
532 11.9595
533 11.9595
534 11.9595
535 11.9595
536 11.9595
537 11.9595
538 11.9595
539 11.9595
540 11.9595
541 11.9595
542 11.9595
543 11.9595
544 11.9595
545 11.9595
546 11.9595
547 11.9595
548 11.9595
549 11.9595
550 11.9595
551 11.9595
552 11.9595
