1 11.9572
2 11.9572
3 11.9572
4 11.9572
5 11.9572
6 11.9572
7 11.9572
8 11.9572
9 11.9572
10 11.9572
11 11.9572
12 11.9572
13 11.9572
14 11.9572
15 11.9572
16 11.9572
17 11.9572
18 11.9572
19 11.9572
20 11.9572
21 11.9572
22 11.9572
23 11.9572
24 11.9572
25 11.9572
26 11.9572
27 11.9572
28 11.9572
29 11.9572
30 11.9572
31 11.9572
32 11.9572
33 11.9572
34 11.9572
35 11.9572
36 11.9572
37 11.9572
38 11.9572
39 11.9572
40 11.9572
41 11.9572
42 11.9572
43 11.9572
44 11.9572
45 11.9572
46 11.9572
47 11.9572
48 11.9572
49 11.9572
50 11.9572
51 11.9572
52 11.9572
53 11.9572
54 11.9572
55 11.9572
56 11.9572
57 11.9572
58 11.9572
59 11.9572
60 11.9572
61 11.9572
62 11.9572
63 11.9572
64 11.9572
65 11.9572
66 11.9572
67 11.9572
68 11.9572
69 11.9572
70 11.9572
71 11.9572
72 11.9572
73 11.9572
74 11.9572
75 11.9572
76 11.9572
77 11.9572
78 11.9572
79 11.9572
80 11.9572
81 11.9572
82 11.9572
83 11.9572
84 11.9572
85 11.9572
86 11.9572
87 11.9572
88 11.9572
89 11.9572
90 11.9572
91 11.9572
92 11.9572
93 11.9572
94 11.9572
95 11.9572
96 11.9572
97 11.9572
98 11.9572
99 11.9572
100 11.9572
101 11.9572
102 11.9572
103 11.9572
104 11.9572
105 11.9572
106 11.9572
107 11.9572
108 11.9572
109 11.9572
110 11.9572
111 11.9572
112 11.9572
113 11.9572
114 11.9572
115 11.9572
116 11.9572
117 11.9572
118 11.9572
119 11.9572
120 11.9572
121 11.9572
122 11.9572
123 11.9572
124 11.9572
125 11.9572
126 11.9572
127 11.9572
128 11.9572
129 11.9572
130 11.9572
131 11.9572
132 11.9572
133 11.9572
134 11.9572
135 11.9572
136 11.9572
137 11.9572
138 11.9572
139 11.9572
140 11.9572
141 11.9572
142 11.9572
143 11.9572
144 11.9572
145 11.9572
146 11.9572
147 11.9572
148 11.9572
149 11.9572
150 11.9572
151 11.9572
152 11.9572
153 11.9572
154 11.9572
155 11.9572
156 11.9572
157 11.9572
158 11.9572
159 11.9572
160 11.9572
161 11.9572
162 11.9572
163 11.9572
164 11.9572
165 11.9572
166 11.9572
167 11.9572
168 11.9572
169 11.9572
170 11.9572
171 11.9572
172 11.9572
173 11.9572
174 11.9572
175 11.9572
176 11.9572
177 11.9572
178 11.9572
179 11.9572
180 11.9572
181 11.9572
182 11.9572
183 11.9572
184 11.9572
185 11.9572
186 11.9572
187 11.9572
188 11.9572
189 11.9572
190 11.9572
191 11.9572
192 11.9572
193 11.9572
194 11.9572
195 11.9572
196 11.9572
197 11.9572
198 11.9572
199 11.9572
200 11.9572
201 11.9572
202 11.9572
203 11.9572
204 11.9572
205 11.9572
206 11.9572
207 11.9572
208 11.9572
209 11.9572
210 11.9572
211 11.9572
212 11.9572
213 11.9572
214 11.9572
215 11.9572
216 11.9572
217 11.9572
218 11.9572
219 11.9572
220 11.9572
221 11.9572
222 11.9572
223 11.9572
224 11.9572
225 11.9572
226 11.9572
227 11.9572
228 11.9572
229 11.9572
230 11.9572
231 11.9572
232 11.9572
233 11.9572
234 11.9572
235 11.9572
236 11.9572
237 11.9572
238 11.9572
239 11.9572
240 11.9572
241 11.9572
242 11.9572
243 11.9572
244 11.9572
245 11.9572
246 11.9572
247 11.9572
248 11.9572
249 11.9572
250 11.9887
251 11.0999
252 11.0624
253 11.0632
254 11.0624
255 11.0999
256 12
257 11.1855
258 12
259 11.0665
260 11.0193
261 11.0193
262 11.0665
263 12
264 11.1855
265 12
266 11.0281
267 11.0281
268 11.9887
269 11.9572
270 11.9887
271 11.0281
272 11.0281
273 12
274 11.0999
275 11.0624
276 11.0632
277 11.0624
278 11.0999
279 12
280 11.0281
281 11.0281
282 11.9887
283 11.9887
284 11.1348
285 11.1054
286 11.1083
287 11.1083
288 11.1054
289 11.1348
290 12
291 11.1855
292 12
293 11.1855
294 11.9887
295 11.9887
296 11.0394
297 10.9784
298 11.0394
299 11.9887
300 11.9572
301 11.9572
302 11.9572
303 11.9572
304 11.9572
305 11.9572
306 11.9572
307 11.9572
308 11.9572
309 11.9572
310 11.9572
311 11.9572
312 11.9572
313 11.9572
314 11.9572
315 11.9572
316 11.9572
317 11.9572
318 11.9572
319 11.9572
320 11.9572
321 11.9572
322 11.9572
323 11.9572
324 11.9572
325 11.9572
326 11.9572
327 11.9572
328 11.9572
329 11.9572
330 11.9572
331 11.9572
332 11.9572
333 11.9572
334 11.9572
335 11.9572
336 11.9572
337 11.9572
338 11.9572
339 11.9572
340 11.9572
341 11.9572
342 11.9572
343 11.9572
344 11.9572
345 11.9572
346 11.9572
347 11.9572
348 11.9572
349 11.9572
350 11.9572
351 11.9572
352 11.9572
353 11.9572
354 11.9572
355 11.9572
356 11.9572
357 11.9572
358 11.9572
359 11.9572
360 11.9572
361 11.9572
362 11.9572
363 11.9572
364 11.9572
365 11.9572
366 11.9572
367 11.9572
368 11.9572
369 11.9572
370 11.9572
371 11.9572
372 11.9572
373 11.9572
374 11.9572
375 11.9572
376 11.9572
377 11.9572
378 11.9572
379 11.9572
380 11.9572
381 11.9572
382 11.9572
383 11.9572
384 11.9572
385 11.9572
386 11.9572
387 11.9572
388 11.9572
389 11.9572
390 11.9572
391 11.9572
392 11.9572
393 11.9572
394 11.9572
395 11.9572
396 11.9572
397 11.9572
398 11.9572
399 11.9572
400 11.9572
401 11.9572
402 11.9572
403 11.9572
404 11.9572
405 11.9572
406 11.9572
407 11.9572
408 11.9572
409 11.9572
410 11.9572
411 11.9572
412 11.9572
413 11.9572
414 11.9572
415 11.9572
416 11.9572
417 11.9572
418 11.9572
419 11.9572
420 11.9572
421 11.9572
422 11.9572
423 11.9572
424 11.9572
425 11.9572
426 11.9572
427 11.9572
428 11.9572
429 11.9572
430 11.9572
431 11.9572
432 11.9572
433 11.9572
434 11.9572
435 11.9572
436 11.9572
437 11.9572
438 11.9572
439 11.9572
440 11.9572
441 11.9572
442 11.9572
443 11.9572
444 11.9572
445 11.9572
446 11.9572
447 11.9572
448 11.9572
449 11.9572
450 11.9572
451 11.9572
452 11.9572
453 11.9572
454 11.9572
455 11.9572
456 11.9572
457 11.9572
458 11.9572
459 11.9572
460 11.9572
461 11.9572
462 11.9572
463 11.9572
464 11.9572
465 11.9572
466 11.9572
467 11.9572
468 11.9572
469 11.9572
470 11.9572
471 11.9572
472 11.9572
473 11.9572
474 11.9572
475 11.9572
476 11.9572
477 11.9572
478 11.9572
479 11.9572
480 11.9572
481 11.9572
482 11.9572
483 11.9572
484 11.9572
485 11.9572
486 11.9572
487 11.9572
488 11.9572
489 11.9572
490 11.9572
491 11.9572
492 11.9572
493 11.9572
494 11.9572
495 11.9572
496 11.9572
497 11.9572
498 11.9572
499 11.9572
500 11.9572
501 11.9572
502 11.9572
503 11.9572
504 11.9572
505 11.9572
506 11.9572
507 11.9572
508 11.9572
509 11.9572
510 11.9572
511 11.9572
512 11.9572
513 11.9572
514 11.9572
515 11.9572
516 11.9572
517 11.9572
518 11.9572
519 11.9572
520 11.9572
521 11.9572
522 11.9572
523 11.9572
524 11.9572
525 11.9572
526 11.9572
527 11.9572
528 11.9572
529 11.9572
530 11.9572
531 11.9572
532 11.9572
533 11.9572
534 11.9572
535 11.9572
536 11.9572
537 11.9572
538 11.9572
539 11.9572
540 11.9572
541 11.9572
542 11.9572
543 11.9572
544 11.9572
545 11.9572
546 11.9572
547 11.9572
548 11.9572
549 11.9572
550 11.9572
551 11.9572
552 11.9572
