1 11.9823
2 11.9823
3 11.9823
4 11.9823
5 11.9823
6 11.9823
7 11.9823
8 11.9823
9 11.9823
10 11.9823
11 11.9823
12 11.9823
13 11.9823
14 11.9823
15 11.9823
16 11.9823
17 11.9823
18 11.9823
19 11.9823
20 11.9823
21 11.9823
22 11.9823
23 11.9823
24 11.9823
25 11.9823
26 11.9823
27 11.9823
28 11.9823
29 11.9823
30 11.9823
31 11.9823
32 11.9823
33 11.9823
34 11.9823
35 11.9823
36 11.9823
37 11.9823
38 11.9823
39 11.9823
40 11.9823
41 11.9823
42 11.9823
43 11.9823
44 11.9823
45 11.9823
46 11.9823
47 11.9823
48 11.9823
49 11.9823
50 11.9823
51 11.9823
52 11.9823
53 11.9823
54 11.9823
55 11.9823
56 11.9823
57 11.9823
58 11.9823
59 11.9823
60 11.9823
61 11.9823
62 11.9823
63 11.9823
64 11.9823
65 11.9823
66 11.9823
67 11.9823
68 11.9823
69 11.9823
70 11.9823
71 11.9823
72 11.9823
73 11.9823
74 11.9823
75 11.9823
76 11.9823
77 11.9823
78 11.9823
79 11.9823
80 11.9823
81 11.9823
82 11.9823
83 11.9823
84 11.9823
85 11.9823
86 11.9823
87 11.9823
88 11.9823
89 11.9823
90 11.9823
91 11.9823
92 11.9823
93 11.9823
94 11.9823
95 11.9823
96 11.9823
97 11.9823
98 11.9823
99 11.9823
100 11.9823
101 11.9823
102 11.9823
103 11.9823
104 11.9823
105 11.9823
106 11.9823
107 11.9823
108 11.9823
109 11.9823
110 11.9823
111 11.9823
112 11.9823
113 11.9823
114 11.9823
115 11.9823
116 11.9823
117 11.9823
118 11.9823
119 11.9823
120 11.9823
121 11.9823
122 11.9823
123 11.9823
124 11.9823
125 11.9823
126 11.9823
127 11.9823
128 11.9823
129 11.9823
130 11.9823
131 11.9823
132 11.9823
133 11.9823
134 11.9823
135 11.9823
136 11.9823
137 11.9823
138 11.9823
139 11.9823
140 11.9823
141 11.9823
142 11.9823
143 11.9823
144 11.9823
145 11.9823
146 11.9823
147 11.9823
148 11.9823
149 11.9823
150 11.9823
151 11.9823
152 11.9823
153 11.9823
154 11.9823
155 11.9823
156 11.9823
157 11.9823
158 11.9823
159 11.9823
160 11.9823
161 11.9823
162 11.9823
163 11.9823
164 11.9823
165 11.9823
166 11.9823
167 11.9823
168 11.9823
169 11.9823
170 11.9823
171 11.9823
172 11.9823
173 11.9823
174 11.9823
175 11.9823
176 11.9823
177 11.9823
178 11.9823
179 11.9823
180 11.9823
181 11.9823
182 11.9823
183 11.9823
184 11.9823
185 11.9823
186 11.9823
187 11.9823
188 11.9823
189 11.9823
190 11.9823
191 11.9823
192 11.9823
193 11.9823
194 11.9823
195 11.9823
196 11.9823
197 11.9823
198 11.9823
199 11.9823
200 11.9823
201 11.9823
202 11.9823
203 11.9823
204 11.9823
205 11.9823
206 11.9823
207 11.9823
208 11.9823
209 11.9823
210 11.9823
211 11.9823
212 11.9823
213 11.9823
214 11.9823
215 11.9823
216 11.9823
217 11.9823
218 11.9823
219 11.9823
220 11.9823
221 11.9823
222 11.9823
223 11.9823
224 11.9823
225 11.9823
226 11.9823
227 11.9823
228 11.9823
229 11.9823
230 11.9823
231 12
232 11.8837
233 11.4437
234 10.8984
235 10.3086
236 9.69594
237 9.08214
238 8.47774
239 7.88522
240 7.30465
241 6.73441
242 6.17218
243 5.61558
244 5.06274
245 4.5127
246 3.96575
247 3.42347
248 2.88859
249 2.36466
250 1.85553
251 1.36501
252 1.38935
253 1.43014
254 1.45537
255 1.46783
256 1.47323
257 1.48121
258 1.48435
259 1.48881
260 1.49038
261 1.49089
262 1.49104
263 1.49109
264 1.49114
265 1.49115
266 1.49117
267 1.49117
268 1.49117
269 1.49117
270 1.49117
271 1.49117
272 1.49118
273 1.49118
274 1.49118
275 1.49118
276 1.49118
277 1.49118
278 1.49118
279 1.49118
280 1.49117
281 1.49117
282 1.49115
283 1.49113
284 1.49112
285 1.49105
286 1.49081
287 1.48996
288 1.48721
289 1.47921
290 1.4595
291 1.4441
292 1.41357
293 1.3883
294 1.35029
295 1.31301
296 1.28364
297 1.23573
298 1.20017
299 1.68364
300 2.1942
301 2.73144
302 3.29486
303 3.88394
304 4.4981
305 5.13664
306 5.7987
307 6.48326
308 7.18894
309 7.91375
310 8.65423
311 9.40353
312 10.147
313 10.8612
314 11.496
315 11.9273
316 11.9823
317 11.9823
318 11.9823
319 11.9823
320 11.9823
321 11.9823
322 11.9823
323 11.9823
324 11.9823
325 11.9823
326 11.9823
327 11.9823
328 11.9823
329 11.9823
330 11.9823
331 11.9823
332 11.9823
333 11.9823
334 11.9823
335 11.9823
336 11.9823
337 11.9823
338 11.9823
339 11.9823
340 11.9823
341 11.9823
342 11.9823
343 11.9823
344 11.9823
345 11.9823
346 11.9823
347 11.9823
348 11.9823
349 11.9823
350 11.9823
351 11.9823
352 11.9823
353 11.9823
354 11.9823
355 11.9823
356 11.9823
357 11.9823
358 11.9823
359 11.9823
360 11.9823
361 11.9823
362 11.9823
363 11.9823
364 11.9823
365 11.9823
366 11.9823
367 11.9823
368 11.9823
369 11.9823
370 11.9823
371 11.9823
372 11.9823
373 11.9823
374 11.9823
375 11.9823
376 11.9823
377 11.9823
378 11.9823
379 11.9823
380 11.9823
381 11.9823
382 11.9823
383 11.9823
384 11.9823
385 11.9823
386 11.9823
387 11.9823
388 11.9823
389 11.9823
390 11.9823
391 11.9823
392 11.9823
393 11.9823
394 11.9823
395 11.9823
396 11.9823
397 11.9823
398 11.9823
399 11.9823
400 11.9823
401 11.9823
402 11.9823
403 11.9823
404 11.9823
405 11.9823
406 11.9823
407 11.9823
408 11.9823
409 11.9823
410 11.9823
411 11.9823
412 11.9823
413 11.9823
414 11.9823
415 11.9823
416 11.9823
417 11.9823
418 11.9823
419 11.9823
420 11.9823
421 11.9823
422 11.9823
423 11.9823
424 11.9823
425 11.9823
426 11.9823
427 11.9823
428 11.9823
429 11.9823
430 11.9823
431 11.9823
432 11.9823
433 11.9823
434 11.9823
435 11.9823
436 11.9823
437 11.9823
438 11.9823
439 11.9823
440 11.9823
441 11.9823
442 11.9823
443 11.9823
444 11.9823
445 11.9823
446 11.9823
447 11.9823
448 11.9823
449 11.9823
450 11.9823
451 11.9823
452 11.9823
453 11.9823
454 11.9823
455 11.9823
456 11.9823
457 11.9823
458 11.9823
459 11.9823
460 11.9823
461 11.9823
462 11.9823
463 11.9823
464 11.9823
465 11.9823
466 11.9823
467 11.9823
468 11.9823
469 11.9823
470 11.9823
471 11.9823
472 11.9823
473 11.9823
474 11.9823
475 11.9823
476 11.9823
477 11.9823
478 11.9823
479 11.9823
480 11.9823
481 11.9823
482 11.9823
483 11.9823
484 11.9823
485 11.9823
486 11.9823
487 11.9823
488 11.9823
489 11.9823
490 11.9823
491 11.9823
492 11.9823
493 11.9823
494 11.9823
495 11.9823
496 11.9823
497 11.9823
498 11.9823
499 11.9823
500 11.9823
501 11.9823
502 11.9823
503 11.9823
504 11.9823
505 11.9823
506 11.9823
507 11.9823
508 11.9823
509 11.9823
510 11.9823
511 11.9823
512 11.9823
513 11.9823
514 11.9823
515 11.9823
516 11.9823
517 11.9823
518 11.9823
519 11.9823
520 11.9823
521 11.9823
522 11.9823
523 11.9823
524 11.9823
525 11.9823
526 11.9823
527 11.9823
528 11.9823
529 11.9823
530 11.9823
531 11.9823
532 11.9823
533 11.9823
534 11.9823
535 11.9823
536 11.9823
537 11.9823
538 11.9823
539 11.9823
540 11.9823
541 11.9823
542 11.9823
543 11.9823
544 11.9823
545 11.9823
546 11.9823
547 11.9823
548 11.9823
549 11.9823
550 11.9823
551 11.9823
552 11.9823
