1 11.9914
2 11.9914
3 11.9914
4 11.9914
5 11.9914
6 11.9914
7 11.9914
8 11.9914
9 11.9914
10 11.9914
11 11.9914
12 11.9914
13 11.9914
14 11.9914
15 11.9914
16 11.9914
17 11.9914
18 11.9914
19 11.9914
20 11.9914
21 11.9914
22 11.9914
23 11.9914
24 11.9914
25 11.9914
26 11.9914
27 11.9914
28 11.9914
29 11.9914
30 11.9914
31 11.9914
32 11.9914
33 11.9914
34 11.9914
35 11.9914
36 11.9914
37 11.9914
38 11.9914
39 11.9914
40 11.9914
41 11.9914
42 11.9914
43 11.9914
44 11.9914
45 11.9914
46 11.9914
47 11.9914
48 11.9914
49 11.9914
50 11.9914
51 11.9914
52 11.9914
53 11.9914
54 11.9914
55 11.9914
56 11.9914
57 11.9914
58 11.9914
59 11.9914
60 11.9914
61 11.9914
62 11.9914
63 11.9914
64 11.9914
65 11.9914
66 11.9914
67 11.9914
68 11.9914
69 11.9914
70 11.9914
71 11.9914
72 11.9914
73 11.9914
74 11.9914
75 11.9914
76 11.9914
77 11.9914
78 11.9914
79 11.9914
80 11.9914
81 11.9914
82 11.9914
83 11.9914
84 11.9914
85 11.9914
86 11.9914
87 11.9914
88 11.9914
89 11.9914
90 11.9914
91 11.9914
92 11.9914
93 11.9914
94 11.9914
95 11.9914
96 11.9914
97 11.9914
98 11.9914
99 11.9914
100 11.9914
101 11.9914
102 11.9914
103 11.9914
104 11.9914
105 11.9914
106 11.9914
107 11.9914
108 11.9914
109 11.9914
110 11.9914
111 11.9914
112 11.9914
113 11.9914
114 11.9914
115 11.9914
116 11.9914
117 11.9914
118 11.9914
119 11.9914
120 11.9914
121 11.9914
122 11.9914
123 11.9914
124 11.9914
125 11.9914
126 11.9914
127 11.9914
128 11.9914
129 11.9914
130 11.9914
131 11.9914
132 11.9914
133 11.9914
134 11.9914
135 11.9914
136 11.9914
137 11.9914
138 11.9914
139 11.9914
140 11.9914
141 11.9914
142 11.9914
143 11.9914
144 11.9914
145 11.9914
146 11.9914
147 11.9914
148 11.9914
149 11.9914
150 11.9914
151 11.9914
152 11.9914
153 11.9914
154 11.9914
155 11.9914
156 11.9914
157 11.9914
158 11.9914
159 11.9914
160 11.9914
161 11.9914
162 11.9914
163 11.9914
164 11.9914
165 11.9914
166 11.9914
167 11.9914
168 11.9914
169 11.9914
170 11.9914
171 11.9914
172 11.9914
173 11.9914
174 11.9914
175 11.9914
176 11.9914
177 11.9914
178 11.9914
179 11.9914
180 11.9914
181 11.9914
182 11.9914
183 11.9914
184 11.9914
185 11.9914
186 11.9914
187 11.9914
188 11.9914
189 11.9914
190 11.9914
191 11.9914
192 11.9914
193 11.9914
194 11.9914
195 11.9914
196 11.9914
197 11.9914
198 11.9914
199 11.9914
200 11.9914
201 11.9914
202 11.9914
203 11.9914
204 11.9914
205 11.9914
206 11.9914
207 11.9914
208 11.9914
209 11.9914
210 11.9914
211 11.9914
212 11.9914
213 11.9914
214 11.9914
215 11.9914
216 11.9914
217 11.9914
218 11.9914
219 11.9914
220 11.9914
221 11.9914
222 11.9914
223 11.9914
224 11.9914
225 11.9914
226 11.9914
227 11.9914
228 11.9914
229 11.997
230 11.9223
231 11.5949
232 11.076
233 10.4951
234 9.91193
235 9.33566
236 8.76626
237 8.20371
238 7.64661
239 7.09358
240 6.54379
241 5.99748
242 5.456
243 4.92169
244 4.39765
245 3.88734
246 3.39423
247 2.92152
248 2.47193
249 2.04768
250 1.65043
251 1.28138
252 1.3167
253 1.35305
254 1.37132
255 1.37872
256 1.38135
257 1.38484
258 1.38595
259 1.38733
260 1.38772
261 1.38783
262 1.38785
263 1.38786
264 1.38787
265 1.38787
266 1.38787
267 1.38787
268 1.38787
269 1.38787
270 1.38787
271 1.38787
272 1.38787
273 1.38787
274 1.38787
275 1.38787
276 1.38787
277 1.38787
278 1.38787
279 1.38787
280 1.38787
281 1.38787
282 1.38787
283 1.38786
284 1.38786
285 1.38786
286 1.38783
287 1.38769
288 1.38716
289 1.38519
290 1.37851
291 1.37295
292 1.35689
293 1.34392
294 1.31326
295 1.28801
296 1.26842
297 1.229
298 1.18691
299 1.54041
300 1.92147
301 2.32985
302 2.76523
303 3.22727
304 3.7156
305 4.22984
306 4.76957
307 5.33434
308 5.92362
309 6.53679
310 7.17306
311 7.83141
312 8.51055
313 9.20795
314 9.91978
315 10.6394
316 11.3311
317 11.8388
318 12
319 11.9914
320 11.9914
321 11.9914
322 11.9914
323 11.9914
324 11.9914
325 11.9914
326 11.9914
327 11.9914
328 11.9914
329 11.9914
330 11.9914
331 11.9914
332 11.9914
333 11.9914
334 11.9914
335 11.9914
336 11.9914
337 11.9914
338 11.9914
339 11.9914
340 11.9914
341 11.9914
342 11.9914
343 11.9914
344 11.9914
345 11.9914
346 11.9914
347 11.9914
348 11.9914
349 11.9914
350 11.9914
351 11.9914
352 11.9914
353 11.9914
354 11.9914
355 11.9914
356 11.9914
357 11.9914
358 11.9914
359 11.9914
360 11.9914
361 11.9914
362 11.9914
363 11.9914
364 11.9914
365 11.9914
366 11.9914
367 11.9914
368 11.9914
369 11.9914
370 11.9914
371 11.9914
372 11.9914
373 11.9914
374 11.9914
375 11.9914
376 11.9914
377 11.9914
378 11.9914
379 11.9914
380 11.9914
381 11.9914
382 11.9914
383 11.9914
384 11.9914
385 11.9914
386 11.9914
387 11.9914
388 11.9914
389 11.9914
390 11.9914
391 11.9914
392 11.9914
393 11.9914
394 11.9914
395 11.9914
396 11.9914
397 11.9914
398 11.9914
399 11.9914
400 11.9914
401 11.9914
402 11.9914
403 11.9914
404 11.9914
405 11.9914
406 11.9914
407 11.9914
408 11.9914
409 11.9914
410 11.9914
411 11.9914
412 11.9914
413 11.9914
414 11.9914
415 11.9914
416 11.9914
417 11.9914
418 11.9914
419 11.9914
420 11.9914
421 11.9914
422 11.9914
423 11.9914
424 11.9914
425 11.9914
426 11.9914
427 11.9914
428 11.9914
429 11.9914
430 11.9914
431 11.9914
432 11.9914
433 11.9914
434 11.9914
435 11.9914
436 11.9914
437 11.9914
438 11.9914
439 11.9914
440 11.9914
441 11.9914
442 11.9914
443 11.9914
444 11.9914
445 11.9914
446 11.9914
447 11.9914
448 11.9914
449 11.9914
450 11.9914
451 11.9914
452 11.9914
453 11.9914
454 11.9914
455 11.9914
456 11.9914
457 11.9914
458 11.9914
459 11.9914
460 11.9914
461 11.9914
462 11.9914
463 11.9914
464 11.9914
465 11.9914
466 11.9914
467 11.9914
468 11.9914
469 11.9914
470 11.9914
471 11.9914
472 11.9914
473 11.9914
474 11.9914
475 11.9914
476 11.9914
477 11.9914
478 11.9914
479 11.9914
480 11.9914
481 11.9914
482 11.9914
483 11.9914
484 11.9914
485 11.9914
486 11.9914
487 11.9914
488 11.9914
489 11.9914
490 11.9914
491 11.9914
492 11.9914
493 11.9914
494 11.9914
495 11.9914
496 11.9914
497 11.9914
498 11.9914
499 11.9914
500 11.9914
501 11.9914
502 11.9914
503 11.9914
504 11.9914
505 11.9914
506 11.9914
507 11.9914
508 11.9914
509 11.9914
510 11.9914
511 11.9914
512 11.9914
513 11.9914
514 11.9914
515 11.9914
516 11.9914
517 11.9914
518 11.9914
519 11.9914
520 11.9914
521 11.9914
522 11.9914
523 11.9914
524 11.9914
525 11.9914
526 11.9914
527 11.9914
528 11.9914
529 11.9914
530 11.9914
531 11.9914
532 11.9914
533 11.9914
534 11.9914
535 11.9914
536 11.9914
537 11.9914
538 11.9914
539 11.9914
540 11.9914
541 11.9914
542 11.9914
543 11.9914
544 11.9914
545 11.9914
546 11.9914
547 11.9914
548 11.9914
549 11.9914
550 11.9914
551 11.9914
552 11.9914
