1 11.8647
2 11.8647
3 11.8647
4 11.8647
5 11.8647
6 11.8647
7 11.8647
8 11.8647
9 11.8647
10 11.8647
11 11.8647
12 11.8647
13 11.8647
14 11.8647
15 11.8647
16 11.8647
17 11.8647
18 11.8647
19 11.8647
20 11.8647
21 11.8647
22 11.8647
23 11.8647
24 11.8647
25 11.8647
26 11.8647
27 11.8647
28 11.8647
29 11.8647
30 11.8647
31 11.8647
32 11.8647
33 11.8647
34 11.8647
35 11.8647
36 11.8647
37 11.8647
38 11.8647
39 11.8647
40 11.8647
41 11.8647
42 11.8647
43 11.8647
44 11.8647
45 11.8647
46 11.8647
47 11.8647
48 11.8647
49 11.8647
50 11.8647
51 11.8647
52 11.8647
53 11.8647
54 11.8647
55 11.8647
56 11.8647
57 11.8647
58 11.8647
59 11.8647
60 11.8647
61 11.8647
62 11.8647
63 11.8647
64 11.8647
65 11.8647
66 11.8647
67 11.8647
68 11.8647
69 11.8647
70 11.8647
71 11.8647
72 11.8647
73 11.8647
74 11.8647
75 11.8647
76 11.8647
77 11.8647
78 11.8647
79 11.8647
80 11.8647
81 11.8647
82 11.8647
83 11.8647
84 11.8647
85 11.8647
86 11.8647
87 11.8647
88 11.8647
89 11.8647
90 11.8647
91 11.8647
92 11.8647
93 11.8647
94 11.8647
95 11.8647
96 11.8647
97 11.8647
98 11.8647
99 11.8647
100 11.8647
101 11.8647
102 11.8647
103 11.8647
104 11.8647
105 11.8647
106 11.8647
107 11.8647
108 11.8647
109 11.8647
110 11.8647
111 11.8647
112 11.8647
113 11.8647
114 11.8647
115 11.8647
116 11.8647
117 11.8647
118 11.8647
119 11.8647
120 11.8647
121 11.8647
122 11.8647
123 11.8647
124 11.8647
125 11.8647
126 11.8647
127 11.8647
128 11.8647
129 11.8647
130 11.8647
131 11.8647
132 11.8647
133 11.8647
134 11.8647
135 11.8647
136 11.8647
137 11.8647
138 11.8647
139 11.8647
140 11.8647
141 11.8647
142 11.8647
143 11.8647
144 11.8647
145 11.8647
146 11.8647
147 11.8647
148 11.8647
149 11.8647
150 11.8647
151 11.8647
152 11.8647
153 11.8647
154 11.8647
155 11.8647
156 11.8647
157 11.8647
158 11.8647
159 11.8647
160 11.8647
161 11.8647
162 11.8647
163 11.8647
164 11.8647
165 11.8647
166 11.8647
167 11.8647
168 11.8647
169 11.8647
170 11.8647
171 11.8647
172 11.8647
173 11.8647
174 11.8647
175 11.8647
176 11.8647
177 11.8647
178 11.8647
179 11.8647
180 11.8647
181 11.8647
182 11.8647
183 11.8647
184 11.8647
185 11.8647
186 11.8647
187 11.8647
188 11.8647
189 11.8647
190 11.8647
191 11.8647
192 11.8647
193 11.8647
194 11.8647
195 11.8647
196 11.8647
197 11.8647
198 11.8647
199 11.8647
200 11.8647
201 11.8647
202 11.8647
203 11.8647
204 11.8647
205 11.8647
206 11.8647
207 11.8647
208 11.8647
209 11.8647
210 11.8647
211 11.8647
212 11.8647
213 11.8647
214 11.8647
215 11.8647
216 11.8647
217 11.8647
218 11.8647
219 11.8647
220 11.8647
221 11.8647
222 11.8647
223 11.8647
224 11.8647
225 11.8647
226 11.8647
227 11.8647
228 11.8647
229 11.8647
230 11.8647
231 11.8647
232 11.8647
233 11.8647
234 11.8647
235 11.8647
236 11.8647
237 11.8647
238 11.8647
239 11.8647
240 11.8647
241 11.8647
242 11.8647
243 11.8647
244 11.8647
245 11.8647
246 11.8647
247 11.8647
248 11.8647
249 12
250 11.4215
251 10.6698
252 10.6424
253 10.671
254 10.7339
255 10.8851
256 11.5296
257 11.4671
258 11.6398
259 11.0735
260 10.9498
261 10.9259
262 10.9924
263 11.5293
264 11.4412
265 11.7439
266 11.244
267 11.1393
268 11.6579
269 11.8647
270 11.7815
271 11.1135
272 11.1458
273 11.2908
274 10.8259
275 10.7269
276 10.7049
277 10.7269
278 10.8259
279 11.2908
280 11.205
281 11.2577
282 11.9096
283 11.5233
284 10.631
285 10.5394
286 10.5195
287 10.5241
288 10.5585
289 10.6658
290 11.307
291 11.3017
292 11.8334
293 11.4807
294 11.902
295 11.6417
296 10.8774
297 10.8251
298 10.8555
299 11.5672
300 11.9796
301 11.8647
302 11.8647
303 11.8647
304 11.8647
305 11.8647
306 11.8647
307 11.8647
308 11.8647
309 11.8647
310 11.8647
311 11.8647
312 11.8647
313 11.8647
314 11.8647
315 11.8647
316 11.8647
317 11.8647
318 11.8647
319 11.8647
320 11.8647
321 11.8647
322 11.8647
323 11.8647
324 11.8647
325 11.8647
326 11.8647
327 11.8647
328 11.8647
329 11.8647
330 11.8647
331 11.8647
332 11.8647
333 11.8647
334 11.8647
335 11.8647
336 11.8647
337 11.8647
338 11.8647
339 11.8647
340 11.8647
341 11.8647
342 11.8647
343 11.8647
344 11.8647
345 11.8647
346 11.8647
347 11.8647
348 11.8647
349 11.8647
350 11.8647
351 11.8647
352 11.8647
353 11.8647
354 11.8647
355 11.8647
356 11.8647
357 11.8647
358 11.8647
359 11.8647
360 11.8647
361 11.8647
362 11.8647
363 11.8647
364 11.8647
365 11.8647
366 11.8647
367 11.8647
368 11.8647
369 11.8647
370 11.8647
371 11.8647
372 11.8647
373 11.8647
374 11.8647
375 11.8647
376 11.8647
377 11.8647
378 11.8647
379 11.8647
380 11.8647
381 11.8647
382 11.8647
383 11.8647
384 11.8647
385 11.8647
386 11.8647
387 11.8647
388 11.8647
389 11.8647
390 11.8647
391 11.8647
392 11.8647
393 11.8647
394 11.8647
395 11.8647
396 11.8647
397 11.8647
398 11.8647
399 11.8647
400 11.8647
401 11.8647
402 11.8647
403 11.8647
404 11.8647
405 11.8647
406 11.8647
407 11.8647
408 11.8647
409 11.8647
410 11.8647
411 11.8647
412 11.8647
413 11.8647
414 11.8647
415 11.8647
416 11.8647
417 11.8647
418 11.8647
419 11.8647
420 11.8647
421 11.8647
422 11.8647
423 11.8647
424 11.8647
425 11.8647
426 11.8647
427 11.8647
428 11.8647
429 11.8647
430 11.8647
431 11.8647
432 11.8647
433 11.8647
434 11.8647
435 11.8647
436 11.8647
437 11.8647
438 11.8647
439 11.8647
440 11.8647
441 11.8647
442 11.8647
443 11.8647
444 11.8647
445 11.8647
446 11.8647
447 11.8647
448 11.8647
449 11.8647
450 11.8647
451 11.8647
452 11.8647
453 11.8647
454 11.8647
455 11.8647
456 11.8647
457 11.8647
458 11.8647
459 11.8647
460 11.8647
461 11.8647
462 11.8647
463 11.8647
464 11.8647
465 11.8647
466 11.8647
467 11.8647
468 11.8647
469 11.8647
470 11.8647
471 11.8647
472 11.8647
473 11.8647
474 11.8647
475 11.8647
476 11.8647
477 11.8647
478 11.8647
479 11.8647
480 11.8647
481 11.8647
482 11.8647
483 11.8647
484 11.8647
485 11.8647
486 11.8647
487 11.8647
488 11.8647
489 11.8647
490 11.8647
491 11.8647
492 11.8647
493 11.8647
494 11.8647
495 11.8647
496 11.8647
497 11.8647
498 11.8647
499 11.8647
500 11.8647
501 11.8647
502 11.8647
503 11.8647
504 11.8647
505 11.8647
506 11.8647
507 11.8647
508 11.8647
509 11.8647
510 11.8647
511 11.8647
512 11.8647
513 11.8647
514 11.8647
515 11.8647
516 11.8647
517 11.8647
518 11.8647
519 11.8647
520 11.8647
521 11.8647
522 11.8647
523 11.8647
524 11.8647
525 11.8647
526 11.8647
527 11.8647
528 11.8647
529 11.8647
530 11.8647
531 11.8647
532 11.8647
533 11.8647
534 11.8647
535 11.8647
536 11.8647
537 11.8647
538 11.8647
539 11.8647
540 11.8647
541 11.8647
542 11.8647
543 11.8647
544 11.8647
545 11.8647
546 11.8647
547 11.8647
548 11.8647
549 11.8647
550 11.8647
551 11.8647
552 11.8647
