1 11.8368
2 11.8368
3 11.8368
4 11.8368
5 11.8368
6 11.8368
7 11.8368
8 11.8368
9 11.8368
10 11.8368
11 11.8368
12 11.8368
13 11.8368
14 11.8368
15 11.8368
16 11.8368
17 11.8368
18 11.8368
19 11.8368
20 11.8368
21 11.8368
22 11.8368
23 11.8368
24 11.8368
25 11.8368
26 11.8368
27 11.8368
28 11.8368
29 11.8368
30 11.8368
31 11.8368
32 11.8368
33 11.8368
34 11.8368
35 11.8368
36 11.8368
37 11.8368
38 11.8368
39 11.8368
40 11.8368
41 11.8368
42 11.8368
43 11.8368
44 11.8368
45 11.8368
46 11.8368
47 11.8368
48 11.8368
49 11.8368
50 11.8368
51 11.8368
52 11.8368
53 11.8368
54 11.8368
55 11.8368
56 11.8368
57 11.8368
58 11.8368
59 11.8368
60 11.8368
61 11.8368
62 11.8368
63 11.8368
64 11.8368
65 11.8368
66 11.8368
67 11.8368
68 11.8368
69 11.8368
70 11.8368
71 11.8368
72 11.8368
73 11.8368
74 11.8368
75 11.8368
76 11.8368
77 11.8368
78 11.8368
79 11.8368
80 11.8368
81 11.8368
82 11.8368
83 11.8368
84 11.8368
85 11.8368
86 11.8368
87 11.8368
88 11.8368
89 11.8368
90 11.8368
91 11.8368
92 11.8368
93 11.8368
94 11.8368
95 11.8368
96 11.8368
97 11.8368
98 11.8368
99 11.8368
100 11.8368
101 11.8368
102 11.8368
103 11.8368
104 11.8368
105 11.8368
106 11.8368
107 11.8368
108 11.8368
109 11.8368
110 11.8368
111 11.8368
112 11.8368
113 11.8368
114 11.8368
115 11.8368
116 11.8368
117 11.8368
118 11.8368
119 11.8368
120 11.8368
121 11.8368
122 11.8368
123 11.8368
124 11.8368
125 11.8368
126 11.8368
127 11.8368
128 11.8368
129 11.8368
130 11.8368
131 11.8368
132 11.8368
133 11.8368
134 11.8368
135 11.8368
136 11.8368
137 11.8368
138 11.8368
139 11.8368
140 11.8368
141 11.8368
142 11.8368
143 11.8368
144 11.8368
145 11.8368
146 11.8368
147 11.8368
148 11.8368
149 11.8368
150 11.8368
151 11.8368
152 11.8368
153 11.8368
154 11.8368
155 11.8368
156 11.8368
157 11.8368
158 11.8368
159 11.8368
160 11.8368
161 11.8368
162 11.8368
163 11.8368
164 11.8368
165 11.8368
166 11.8368
167 11.8368
168 11.8368
169 11.8368
170 11.8368
171 11.8368
172 11.8368
173 11.8368
174 11.8368
175 11.8368
176 11.8368
177 11.8368
178 11.8368
179 11.8368
180 11.8368
181 11.8368
182 11.8368
183 11.8368
184 11.8368
185 11.8368
186 11.8368
187 11.8368
188 11.8368
189 11.8368
190 11.8368
191 11.8368
192 11.8368
193 11.8368
194 11.8368
195 11.8368
196 11.8368
197 11.8368
198 11.8368
199 11.8368
200 11.8368
201 11.8368
202 11.8368
203 11.8368
204 11.8368
205 11.8368
206 11.8368
207 11.8368
208 11.8368
209 11.8368
210 11.8368
211 11.8368
212 11.8368
213 11.8368
214 11.8368
215 11.8368
216 11.8368
217 11.8368
218 11.8368
219 11.8368
220 11.8368
221 11.8368
222 11.8368
223 11.8368
224 11.8368
225 11.8368
226 11.8368
227 11.8368
228 11.8368
229 11.8368
230 11.8368
231 11.8368
232 11.8368
233 11.8368
234 11.8368
235 11.8368
236 11.8368
237 11.8368
238 11.8368
239 11.8368
240 11.8368
241 11.8368
242 11.8368
243 11.8368
244 11.8368
245 11.8368
246 11.8368
247 11.8368
248 11.8368
249 11.8448
250 11.2302
251 10.5163
252 10.5005
253 10.5287
254 10.5883
255 10.7295
256 11.2896
257 11.2585
258 11.407
259 10.9393
260 10.8272
261 10.8034
262 10.8622
263 11.3392
264 11.3001
265 11.5954
266 11.21
267 11.1109
268 11.6553
269 12
270 11.6463
271 10.9557
272 10.9604
273 11.0412
274 10.6327
275 10.5501
276 10.5327
277 10.5501
278 10.6327
279 11.0412
280 11.0158
281 11.0952
282 11.6798
283 11.2999
284 10.446
285 10.3582
286 10.3401
287 10.3444
288 10.3709
289 10.4676
290 11.0591
291 11.1089
292 11.6496
293 11.4462
294 11.8704
295 11.5575
296 10.8246
297 10.7716
298 10.7832
299 11.4692
300 11.9498
301 11.8368
302 11.8368
303 11.8368
304 11.8368
305 11.8368
306 11.8368
307 11.8368
308 11.8368
309 11.8368
310 11.8368
311 11.8368
312 11.8368
313 11.8368
314 11.8368
315 11.8368
316 11.8368
317 11.8368
318 11.8368
319 11.8368
320 11.8368
321 11.8368
322 11.8368
323 11.8368
324 11.8368
325 11.8368
326 11.8368
327 11.8368
328 11.8368
329 11.8368
330 11.8368
331 11.8368
332 11.8368
333 11.8368
334 11.8368
335 11.8368
336 11.8368
337 11.8368
338 11.8368
339 11.8368
340 11.8368
341 11.8368
342 11.8368
343 11.8368
344 11.8368
345 11.8368
346 11.8368
347 11.8368
348 11.8368
349 11.8368
350 11.8368
351 11.8368
352 11.8368
353 11.8368
354 11.8368
355 11.8368
356 11.8368
357 11.8368
358 11.8368
359 11.8368
360 11.8368
361 11.8368
362 11.8368
363 11.8368
364 11.8368
365 11.8368
366 11.8368
367 11.8368
368 11.8368
369 11.8368
370 11.8368
371 11.8368
372 11.8368
373 11.8368
374 11.8368
375 11.8368
376 11.8368
377 11.8368
378 11.8368
379 11.8368
380 11.8368
381 11.8368
382 11.8368
383 11.8368
384 11.8368
385 11.8368
386 11.8368
387 11.8368
388 11.8368
389 11.8368
390 11.8368
391 11.8368
392 11.8368
393 11.8368
394 11.8368
395 11.8368
396 11.8368
397 11.8368
398 11.8368
399 11.8368
400 11.8368
401 11.8368
402 11.8368
403 11.8368
404 11.8368
405 11.8368
406 11.8368
407 11.8368
408 11.8368
409 11.8368
410 11.8368
411 11.8368
412 11.8368
413 11.8368
414 11.8368
415 11.8368
416 11.8368
417 11.8368
418 11.8368
419 11.8368
420 11.8368
421 11.8368
422 11.8368
423 11.8368
424 11.8368
425 11.8368
426 11.8368
427 11.8368
428 11.8368
429 11.8368
430 11.8368
431 11.8368
432 11.8368
433 11.8368
434 11.8368
435 11.8368
436 11.8368
437 11.8368
438 11.8368
439 11.8368
440 11.8368
441 11.8368
442 11.8368
443 11.8368
444 11.8368
445 11.8368
446 11.8368
447 11.8368
448 11.8368
449 11.8368
450 11.8368
451 11.8368
452 11.8368
453 11.8368
454 11.8368
455 11.8368
456 11.8368
457 11.8368
458 11.8368
459 11.8368
460 11.8368
461 11.8368
462 11.8368
463 11.8368
464 11.8368
465 11.8368
466 11.8368
467 11.8368
468 11.8368
469 11.8368
470 11.8368
471 11.8368
472 11.8368
473 11.8368
474 11.8368
475 11.8368
476 11.8368
477 11.8368
478 11.8368
479 11.8368
480 11.8368
481 11.8368
482 11.8368
483 11.8368
484 11.8368
485 11.8368
486 11.8368
487 11.8368
488 11.8368
489 11.8368
490 11.8368
491 11.8368
492 11.8368
493 11.8368
494 11.8368
495 11.8368
496 11.8368
497 11.8368
498 11.8368
499 11.8368
500 11.8368
501 11.8368
502 11.8368
503 11.8368
504 11.8368
505 11.8368
506 11.8368
507 11.8368
508 11.8368
509 11.8368
510 11.8368
511 11.8368
512 11.8368
513 11.8368
514 11.8368
515 11.8368
516 11.8368
517 11.8368
518 11.8368
519 11.8368
520 11.8368
521 11.8368
522 11.8368
523 11.8368
524 11.8368
525 11.8368
526 11.8368
527 11.8368
528 11.8368
529 11.8368
530 11.8368
531 11.8368
532 11.8368
533 11.8368
534 11.8368
535 11.8368
536 11.8368
537 11.8368
538 11.8368
539 11.8368
540 11.8368
541 11.8368
542 11.8368
543 11.8368
544 11.8368
545 11.8368
546 11.8368
547 11.8368
548 11.8368
549 11.8368
550 11.8368
551 11.8368
552 11.8368
