1 11.9713
2 11.9713
3 11.9713
4 11.9713
5 11.9713
6 11.9713
7 11.9713
8 11.9713
9 11.9713
10 11.9713
11 11.9713
12 11.9713
13 11.9713
14 11.9713
15 11.9713
16 11.9713
17 11.9713
18 11.9713
19 11.9713
20 11.9713
21 11.9713
22 11.9713
23 11.9713
24 11.9713
25 11.9713
26 11.9713
27 11.9713
28 11.9713
29 11.9713
30 11.9713
31 11.9713
32 11.9713
33 11.9713
34 11.9713
35 11.9713
36 11.9713
37 11.9713
38 11.9713
39 11.9713
40 11.9713
41 11.9713
42 11.9713
43 11.9713
44 11.9713
45 11.9713
46 11.9713
47 11.9713
48 11.9713
49 11.9713
50 11.9713
51 11.9713
52 11.9713
53 11.9713
54 11.9713
55 11.9713
56 11.9713
57 11.9713
58 11.9713
59 11.9713
60 11.9713
61 11.9713
62 11.9713
63 11.9713
64 11.9713
65 11.9713
66 11.9713
67 11.9713
68 11.9713
69 11.9713
70 11.9713
71 11.9713
72 11.9713
73 11.9713
74 11.9713
75 11.9713
76 11.9713
77 11.9713
78 11.9713
79 11.9713
80 11.9713
81 11.9713
82 11.9713
83 11.9713
84 11.9713
85 11.9713
86 11.9713
87 11.9713
88 11.9713
89 11.9713
90 11.9713
91 11.9713
92 11.9713
93 11.9713
94 11.9713
95 11.9713
96 11.9713
97 11.9713
98 11.9713
99 11.9713
100 11.9713
101 11.9713
102 11.9713
103 11.9713
104 11.9713
105 11.9713
106 11.9713
107 11.9713
108 11.9713
109 11.9713
110 11.9713
111 11.9713
112 11.9713
113 11.9713
114 11.9713
115 11.9713
116 11.9713
117 11.9713
118 11.9713
119 11.9713
120 11.9713
121 11.9713
122 11.9713
123 11.9713
124 11.9713
125 11.9713
126 11.9713
127 11.9713
128 11.9713
129 11.9713
130 11.9713
131 11.9713
132 11.9713
133 11.9713
134 11.9713
135 11.9713
136 11.9713
137 11.9713
138 11.9713
139 11.9713
140 11.9713
141 11.9713
142 11.9713
143 11.9713
144 11.9713
145 11.9713
146 11.9713
147 11.9713
148 11.9713
149 11.9713
150 11.9713
151 11.9713
152 11.9713
153 11.9713
154 11.9713
155 11.9713
156 11.9713
157 11.9713
158 11.9713
159 11.9713
160 11.9713
161 11.9713
162 11.9713
163 11.9713
164 11.9713
165 11.9713
166 11.9713
167 11.9713
168 11.9713
169 11.9713
170 11.9713
171 11.9713
172 11.9713
173 11.9713
174 11.9713
175 11.9713
176 11.9713
177 11.9713
178 11.9713
179 11.9713
180 11.9713
181 11.9713
182 11.9713
183 11.9713
184 11.9713
185 11.9713
186 11.9713
187 11.9713
188 11.9713
189 11.9713
190 11.9713
191 11.9713
192 11.9713
193 11.9713
194 11.9713
195 11.9713
196 11.9713
197 11.9713
198 11.9713
199 11.9713
200 11.9713
201 11.9713
202 11.9713
203 11.9713
204 11.9713
205 11.9713
206 11.9713
207 11.9713
208 11.9713
209 11.9713
210 11.9713
211 11.9713
212 11.9713
213 11.9713
214 11.9713
215 11.9713
216 11.9713
217 11.9713
218 11.9713
219 11.9713
220 11.9713
221 11.9713
222 11.9713
223 11.9713
224 11.9713
225 11.9713
226 11.9713
227 11.9844
228 12
229 11.8424
230 11.4321
231 10.8901
232 10.3163
233 9.74806
234 9.18634
235 8.63015
236 8.07805
237 7.52945
238 6.9849
239 6.44591
240 5.91487
241 5.39477
242 4.88886
243 4.40038
244 3.93225
245 3.48699
246 3.0666
247 2.67263
248 2.30616
249 1.96793
250 1.65834
251 1.37752
252 1.41608
253 1.44701
254 1.46051
255 1.4653
256 1.4668
257 1.46862
258 1.46913
259 1.46971
260 1.46986
261 1.4699
262 1.4699
263 1.4699
264 1.46991
265 1.46991
266 1.46991
267 1.46991
268 1.46991
269 1.46991
270 1.46991
271 1.46991
272 1.46991
273 1.46991
274 1.46991
275 1.46991
276 1.46991
277 1.46991
278 1.46991
279 1.46991
280 1.46991
281 1.46991
282 1.46991
283 1.46991
284 1.46991
285 1.4699
286 1.4699
287 1.46986
288 1.46968
289 1.46897
290 1.4662
291 1.46372
292 1.45529
293 1.44808
294 1.42746
295 1.41015
296 1.39612
297 1.36373
298 1.32136
299 1.5911
300 1.88808
301 2.21228
302 2.56359
303 2.94179
304 3.34662
305 3.77779
306 4.23498
307 4.71783
308 5.22599
309 5.75906
310 6.31662
311 6.8982
312 7.50327
313 8.13136
314 8.78174
315 9.45415
316 10.1495
317 10.8563
318 11.5075
319 11.9127
320 11.9887
321 11.9713
322 11.9713
323 11.9713
324 11.9713
325 11.9713
326 11.9713
327 11.9713
328 11.9713
329 11.9713
330 11.9713
331 11.9713
332 11.9713
333 11.9713
334 11.9713
335 11.9713
336 11.9713
337 11.9713
338 11.9713
339 11.9713
340 11.9713
341 11.9713
342 11.9713
343 11.9713
344 11.9713
345 11.9713
346 11.9713
347 11.9713
348 11.9713
349 11.9713
350 11.9713
351 11.9713
352 11.9713
353 11.9713
354 11.9713
355 11.9713
356 11.9713
357 11.9713
358 11.9713
359 11.9713
360 11.9713
361 11.9713
362 11.9713
363 11.9713
364 11.9713
365 11.9713
366 11.9713
367 11.9713
368 11.9713
369 11.9713
370 11.9713
371 11.9713
372 11.9713
373 11.9713
374 11.9713
375 11.9713
376 11.9713
377 11.9713
378 11.9713
379 11.9713
380 11.9713
381 11.9713
382 11.9713
383 11.9713
384 11.9713
385 11.9713
386 11.9713
387 11.9713
388 11.9713
389 11.9713
390 11.9713
391 11.9713
392 11.9713
393 11.9713
394 11.9713
395 11.9713
396 11.9713
397 11.9713
398 11.9713
399 11.9713
400 11.9713
401 11.9713
402 11.9713
403 11.9713
404 11.9713
405 11.9713
406 11.9713
407 11.9713
408 11.9713
409 11.9713
410 11.9713
411 11.9713
412 11.9713
413 11.9713
414 11.9713
415 11.9713
416 11.9713
417 11.9713
418 11.9713
419 11.9713
420 11.9713
421 11.9713
422 11.9713
423 11.9713
424 11.9713
425 11.9713
426 11.9713
427 11.9713
428 11.9713
429 11.9713
430 11.9713
431 11.9713
432 11.9713
433 11.9713
434 11.9713
435 11.9713
436 11.9713
437 11.9713
438 11.9713
439 11.9713
440 11.9713
441 11.9713
442 11.9713
443 11.9713
444 11.9713
445 11.9713
446 11.9713
447 11.9713
448 11.9713
449 11.9713
450 11.9713
451 11.9713
452 11.9713
453 11.9713
454 11.9713
455 11.9713
456 11.9713
457 11.9713
458 11.9713
459 11.9713
460 11.9713
461 11.9713
462 11.9713
463 11.9713
464 11.9713
465 11.9713
466 11.9713
467 11.9713
468 11.9713
469 11.9713
470 11.9713
471 11.9713
472 11.9713
473 11.9713
474 11.9713
475 11.9713
476 11.9713
477 11.9713
478 11.9713
479 11.9713
480 11.9713
481 11.9713
482 11.9713
483 11.9713
484 11.9713
485 11.9713
486 11.9713
487 11.9713
488 11.9713
489 11.9713
490 11.9713
491 11.9713
492 11.9713
493 11.9713
494 11.9713
495 11.9713
496 11.9713
497 11.9713
498 11.9713
499 11.9713
500 11.9713
501 11.9713
502 11.9713
503 11.9713
504 11.9713
505 11.9713
506 11.9713
507 11.9713
508 11.9713
509 11.9713
510 11.9713
511 11.9713
512 11.9713
513 11.9713
514 11.9713
515 11.9713
516 11.9713
517 11.9713
518 11.9713
519 11.9713
520 11.9713
521 11.9713
522 11.9713
523 11.9713
524 11.9713
525 11.9713
526 11.9713
527 11.9713
528 11.9713
529 11.9713
530 11.9713
531 11.9713
532 11.9713
533 11.9713
534 11.9713
535 11.9713
536 11.9713
537 11.9713
538 11.9713
539 11.9713
540 11.9713
541 11.9713
542 11.9713
543 11.9713
544 11.9713
545 11.9713
546 11.9713
547 11.9713
548 11.9713
549 11.9713
550 11.9713
551 11.9713
552 11.9713
