1 11.9983
2 11.9983
3 11.9983
4 11.9983
5 11.9983
6 11.9983
7 11.9983
8 11.9983
9 11.9983
10 11.9983
11 11.9983
12 11.9983
13 11.9983
14 11.9983
15 11.9983
16 11.9983
17 11.9983
18 11.9983
19 11.9983
20 11.9983
21 11.9983
22 11.9983
23 11.9983
24 11.9983
25 11.9983
26 11.9983
27 11.9983
28 11.9983
29 11.9983
30 11.9983
31 11.9983
32 11.9983
33 11.9983
34 11.9983
35 11.9983
36 11.9983
37 11.9983
38 11.9983
39 11.9983
40 11.9983
41 11.9983
42 11.9983
43 11.9983
44 11.9983
45 11.9983
46 11.9983
47 11.9983
48 11.9983
49 11.9983
50 11.9983
51 11.9983
52 11.9983
53 11.9983
54 11.9983
55 11.9983
56 11.9983
57 11.9983
58 11.9983
59 11.9983
60 11.9983
61 11.9983
62 11.9983
63 11.9983
64 11.9983
65 11.9983
66 11.9983
67 11.9983
68 11.9983
69 11.9983
70 11.9983
71 11.9983
72 11.9983
73 11.9983
74 11.9983
75 11.9983
76 11.9983
77 11.9983
78 11.9983
79 11.9983
80 11.9983
81 11.9983
82 11.9983
83 11.9983
84 11.9983
85 11.9983
86 11.9983
87 11.9983
88 11.9983
89 11.9983
90 11.9983
91 11.9983
92 11.9983
93 11.9983
94 11.9983
95 11.9983
96 11.9983
97 11.9983
98 11.9983
99 11.9983
100 11.9983
101 11.9983
102 11.9983
103 11.9983
104 11.9983
105 11.9983
106 11.9983
107 11.9983
108 11.9983
109 11.9983
110 11.9983
111 11.9983
112 11.9983
113 11.9983
114 11.9983
115 11.9983
116 11.9983
117 11.9983
118 11.9983
119 11.9983
120 11.9983
121 11.9983
122 11.9983
123 11.9983
124 11.9983
125 11.9983
126 11.9983
127 11.9983
128 11.9983
129 11.9983
130 11.9983
131 11.9983
132 11.9983
133 11.9983
134 11.9983
135 11.9983
136 11.9983
137 11.9983
138 11.9983
139 11.9983
140 11.9983
141 11.9983
142 11.9983
143 11.9983
144 11.9983
145 11.9983
146 11.9983
147 11.9983
148 11.9983
149 11.9983
150 11.9983
151 11.9983
152 11.9983
153 11.9983
154 11.9983
155 11.9983
156 11.9983
157 11.9983
158 11.9983
159 11.9983
160 11.9983
161 11.9983
162 11.9983
163 11.9983
164 11.9983
165 11.9983
166 11.9983
167 11.9983
168 11.9983
169 11.9983
170 11.9983
171 11.9983
172 11.9983
173 11.9983
174 11.9983
175 11.9983
176 11.9983
177 11.9983
178 11.9983
179 11.9983
180 11.9983
181 11.9983
182 11.9983
183 11.9983
184 11.9983
185 11.9983
186 11.9983
187 11.9983
188 11.9983
189 11.9983
190 11.9983
191 11.9983
192 11.9983
193 11.9983
194 11.9983
195 11.9983
196 11.9983
197 11.9983
198 11.9983
199 11.9983
200 11.9983
201 11.9983
202 11.9983
203 11.9983
204 11.9983
205 11.9983
206 11.9983
207 11.9983
208 11.9983
209 11.9983
210 11.9983
211 11.9983
212 11.9983
213 11.9983
214 11.9983
215 11.9983
216 11.9983
217 11.9983
218 11.9983
219 11.9983
220 11.9983
221 11.9983
222 11.9983
223 11.9983
224 11.9983
225 11.9983
226 11.9983
227 11.9983
228 11.9983
229 11.9983
230 11.9983
231 11.9983
232 11.9983
233 11.9983
234 11.9983
235 11.9983
236 11.9983
237 11.9983
238 11.9983
239 11.9983
240 11.9983
241 11.9983
242 11.9983
243 11.9983
244 11.9983
245 11.9983
246 11.9983
247 12
248 11.6975
249 11.1129
250 10.4366
251 9.72756
252 9.72511
253 9.75981
254 9.79553
255 9.8485
256 10.0148
257 10.0277
258 10.1016
259 10.0203
260 10.0104
261 10.0261
262 10.0947
263 10.4584
264 10.4966
265 10.7352
266 10.7205
267 10.7957
268 11.5035
269 11.5662
270 10.8359
271 9.98096
272 9.92977
273 9.9406
274 9.75075
275 9.74027
276 9.7573
277 9.78217
278 9.8406
279 10.0582
280 10.069
281 10.15
282 10.4476
283 10.3318
284 9.80744
285 9.70637
286 9.67795
287 9.65984
288 9.64531
289 9.67513
290 10.0444
291 10.1098
292 10.5933
293 10.6868
294 11.2786
295 11.2516
296 10.7741
297 10.664
298 10.6135
299 11.1084
300 11.5371
301 11.9138
302 11.9983
303 11.9983
304 11.9983
305 11.9983
306 11.9983
307 11.9983
308 11.9983
309 11.9983
310 11.9983
311 11.9983
312 11.9983
313 11.9983
314 11.9983
315 11.9983
316 11.9983
317 11.9983
318 11.9983
319 11.9983
320 11.9983
321 11.9983
322 11.9983
323 11.9983
324 11.9983
325 11.9983
326 11.9983
327 11.9983
328 11.9983
329 11.9983
330 11.9983
331 11.9983
332 11.9983
333 11.9983
334 11.9983
335 11.9983
336 11.9983
337 11.9983
338 11.9983
339 11.9983
340 11.9983
341 11.9983
342 11.9983
343 11.9983
344 11.9983
345 11.9983
346 11.9983
347 11.9983
348 11.9983
349 11.9983
350 11.9983
351 11.9983
352 11.9983
353 11.9983
354 11.9983
355 11.9983
356 11.9983
357 11.9983
358 11.9983
359 11.9983
360 11.9983
361 11.9983
362 11.9983
363 11.9983
364 11.9983
365 11.9983
366 11.9983
367 11.9983
368 11.9983
369 11.9983
370 11.9983
371 11.9983
372 11.9983
373 11.9983
374 11.9983
375 11.9983
376 11.9983
377 11.9983
378 11.9983
379 11.9983
380 11.9983
381 11.9983
382 11.9983
383 11.9983
384 11.9983
385 11.9983
386 11.9983
387 11.9983
388 11.9983
389 11.9983
390 11.9983
391 11.9983
392 11.9983
393 11.9983
394 11.9983
395 11.9983
396 11.9983
397 11.9983
398 11.9983
399 11.9983
400 11.9983
401 11.9983
402 11.9983
403 11.9983
404 11.9983
405 11.9983
406 11.9983
407 11.9983
408 11.9983
409 11.9983
410 11.9983
411 11.9983
412 11.9983
413 11.9983
414 11.9983
415 11.9983
416 11.9983
417 11.9983
418 11.9983
419 11.9983
420 11.9983
421 11.9983
422 11.9983
423 11.9983
424 11.9983
425 11.9983
426 11.9983
427 11.9983
428 11.9983
429 11.9983
430 11.9983
431 11.9983
432 11.9983
433 11.9983
434 11.9983
435 11.9983
436 11.9983
437 11.9983
438 11.9983
439 11.9983
440 11.9983
441 11.9983
442 11.9983
443 11.9983
444 11.9983
445 11.9983
446 11.9983
447 11.9983
448 11.9983
449 11.9983
450 11.9983
451 11.9983
452 11.9983
453 11.9983
454 11.9983
455 11.9983
456 11.9983
457 11.9983
458 11.9983
459 11.9983
460 11.9983
461 11.9983
462 11.9983
463 11.9983
464 11.9983
465 11.9983
466 11.9983
467 11.9983
468 11.9983
469 11.9983
470 11.9983
471 11.9983
472 11.9983
473 11.9983
474 11.9983
475 11.9983
476 11.9983
477 11.9983
478 11.9983
479 11.9983
480 11.9983
481 11.9983
482 11.9983
483 11.9983
484 11.9983
485 11.9983
486 11.9983
487 11.9983
488 11.9983
489 11.9983
490 11.9983
491 11.9983
492 11.9983
493 11.9983
494 11.9983
495 11.9983
496 11.9983
497 11.9983
498 11.9983
499 11.9983
500 11.9983
501 11.9983
502 11.9983
503 11.9983
504 11.9983
505 11.9983
506 11.9983
507 11.9983
508 11.9983
509 11.9983
510 11.9983
511 11.9983
512 11.9983
513 11.9983
514 11.9983
515 11.9983
516 11.9983
517 11.9983
518 11.9983
519 11.9983
520 11.9983
521 11.9983
522 11.9983
523 11.9983
524 11.9983
525 11.9983
526 11.9983
527 11.9983
528 11.9983
529 11.9983
530 11.9983
531 11.9983
532 11.9983
533 11.9983
534 11.9983
535 11.9983
536 11.9983
537 11.9983
538 11.9983
539 11.9983
540 11.9983
541 11.9983
542 11.9983
543 11.9983
544 11.9983
545 11.9983
546 11.9983
547 11.9983
548 11.9983
549 11.9983
550 11.9983
551 11.9983
552 11.9983
