1 11.9753
2 11.9753
3 11.9753
4 11.9753
5 11.9753
6 11.9753
7 11.9753
8 11.9753
9 11.9753
10 11.9753
11 11.9753
12 11.9753
13 11.9753
14 11.9753
15 11.9753
16 11.9753
17 11.9753
18 11.9753
19 11.9753
20 11.9753
21 11.9753
22 11.9753
23 11.9753
24 11.9753
25 11.9753
26 11.9753
27 11.9753
28 11.9753
29 11.9753
30 11.9753
31 11.9753
32 11.9753
33 11.9753
34 11.9753
35 11.9753
36 11.9753
37 11.9753
38 11.9753
39 11.9753
40 11.9753
41 11.9753
42 11.9753
43 11.9753
44 11.9753
45 11.9753
46 11.9753
47 11.9753
48 11.9753
49 11.9753
50 11.9753
51 11.9753
52 11.9753
53 11.9753
54 11.9753
55 11.9753
56 11.9753
57 11.9753
58 11.9753
59 11.9753
60 11.9753
61 11.9753
62 11.9753
63 11.9753
64 11.9753
65 11.9753
66 11.9753
67 11.9753
68 11.9753
69 11.9753
70 11.9753
71 11.9753
72 11.9753
73 11.9753
74 11.9753
75 11.9753
76 11.9753
77 11.9753
78 11.9753
79 11.9753
80 11.9753
81 11.9753
82 11.9753
83 11.9753
84 11.9753
85 11.9753
86 11.9753
87 11.9753
88 11.9753
89 11.9753
90 11.9753
91 11.9753
92 11.9753
93 11.9753
94 11.9753
95 11.9753
96 11.9753
97 11.9753
98 11.9753
99 11.9753
100 11.9753
101 11.9753
102 11.9753
103 11.9753
104 11.9753
105 11.9753
106 11.9753
107 11.9753
108 11.9753
109 11.9753
110 11.9753
111 11.9753
112 11.9753
113 11.9753
114 11.9753
115 11.9753
116 11.9753
117 11.9753
118 11.9753
119 11.9753
120 11.9753
121 11.9753
122 11.9753
123 11.9753
124 11.9753
125 11.9753
126 11.9753
127 11.9753
128 11.9753
129 11.9753
130 11.9753
131 11.9753
132 11.9753
133 11.9753
134 11.9753
135 11.9753
136 11.9753
137 11.9753
138 11.9753
139 11.9753
140 11.9753
141 11.9753
142 11.9753
143 11.9753
144 11.9753
145 11.9753
146 11.9753
147 11.9753
148 11.9753
149 11.9753
150 11.9753
151 11.9753
152 11.9753
153 11.9753
154 11.9753
155 11.9753
156 11.9753
157 11.9753
158 11.9753
159 11.9753
160 11.9753
161 11.9753
162 11.9753
163 11.9753
164 11.9753
165 11.9753
166 11.9753
167 11.9753
168 11.9753
169 11.9753
170 11.9753
171 11.9753
172 11.9753
173 11.9753
174 11.9753
175 11.9753
176 11.9753
177 11.9753
178 11.9753
179 11.9753
180 11.9753
181 11.9753
182 11.9753
183 11.9753
184 11.9753
185 11.9753
186 11.9753
187 11.9753
188 11.9753
189 11.9753
190 11.9753
191 11.9753
192 11.9753
193 11.9753
194 11.9753
195 11.9753
196 11.9753
197 11.9753
198 11.9753
199 11.9753
200 11.9753
201 11.9753
202 11.9753
203 11.9753
204 11.9753
205 11.9753
206 11.9753
207 11.9753
208 11.9753
209 11.9753
210 11.9753
211 11.9753
212 11.9753
213 11.9753
214 11.9753
215 11.9753
216 11.9753
217 11.9753
218 11.9753
219 11.9753
220 11.9753
221 11.9753
222 11.9753
223 11.9753
224 11.9753
225 11.9753
226 11.9753
227 11.9753
228 11.9753
229 11.9753
230 11.9753
231 11.9753
232 11.9753
233 11.9753
234 12
235 11.8589
236 11.3486
237 10.6719
238 9.94437
239 9.18943
240 8.42562
241 7.66408
242 6.91262
243 6.17683
244 5.46045
245 4.7657
246 4.09355
247 3.44391
248 2.81585
249 2.20767
250 1.61695
251 1.04069
252 1.07021
253 1.12544
254 1.16708
255 1.19323
256 1.20813
257 1.23214
258 1.24565
259 1.2663
260 1.27777
261 1.28355
262 1.28626
263 1.28745
264 1.28944
265 1.29025
266 1.29155
267 1.29204
268 1.2922
269 1.29245
270 1.2928
271 1.29329
272 1.29343
273 1.29347
274 1.29352
275 1.29353
276 1.29353
277 1.29349
278 1.29335
279 1.29288
280 1.29253
281 1.29149
282 1.28868
283 1.28676
284 1.28552
285 1.28253
286 1.27605
287 1.26393
288 1.24653
289 1.23964
290 1.33662
291 1.33794
292 1.49098
293 1.5004
294 1.70799
295 1.72146
296 1.68216
297 1.64324
298 1.65498
299 2.40954
300 3.1824
301 3.97133
302 4.77293
303 5.58101
304 6.38435
305 7.16531
306 7.90229
307 8.57765
308 9.18688
309 9.73999
310 10.2529
311 10.7364
312 11.1867
313 11.6064
314 11.9162
315 11.9882
316 11.9753
317 11.9753
318 11.9753
319 11.9753
320 11.9753
321 11.9753
322 11.9753
323 11.9753
324 11.9753
325 11.9753
326 11.9753
327 11.9753
328 11.9753
329 11.9753
330 11.9753
331 11.9753
332 11.9753
333 11.9753
334 11.9753
335 11.9753
336 11.9753
337 11.9753
338 11.9753
339 11.9753
340 11.9753
341 11.9753
342 11.9753
343 11.9753
344 11.9753
345 11.9753
346 11.9753
347 11.9753
348 11.9753
349 11.9753
350 11.9753
351 11.9753
352 11.9753
353 11.9753
354 11.9753
355 11.9753
356 11.9753
357 11.9753
358 11.9753
359 11.9753
360 11.9753
361 11.9753
362 11.9753
363 11.9753
364 11.9753
365 11.9753
366 11.9753
367 11.9753
368 11.9753
369 11.9753
370 11.9753
371 11.9753
372 11.9753
373 11.9753
374 11.9753
375 11.9753
376 11.9753
377 11.9753
378 11.9753
379 11.9753
380 11.9753
381 11.9753
382 11.9753
383 11.9753
384 11.9753
385 11.9753
386 11.9753
387 11.9753
388 11.9753
389 11.9753
390 11.9753
391 11.9753
392 11.9753
393 11.9753
394 11.9753
395 11.9753
396 11.9753
397 11.9753
398 11.9753
399 11.9753
400 11.9753
401 11.9753
402 11.9753
403 11.9753
404 11.9753
405 11.9753
406 11.9753
407 11.9753
408 11.9753
409 11.9753
410 11.9753
411 11.9753
412 11.9753
413 11.9753
414 11.9753
415 11.9753
416 11.9753
417 11.9753
418 11.9753
419 11.9753
420 11.9753
421 11.9753
422 11.9753
423 11.9753
424 11.9753
425 11.9753
426 11.9753
427 11.9753
428 11.9753
429 11.9753
430 11.9753
431 11.9753
432 11.9753
433 11.9753
434 11.9753
435 11.9753
436 11.9753
437 11.9753
438 11.9753
439 11.9753
440 11.9753
441 11.9753
442 11.9753
443 11.9753
444 11.9753
445 11.9753
446 11.9753
447 11.9753
448 11.9753
449 11.9753
450 11.9753
451 11.9753
452 11.9753
453 11.9753
454 11.9753
455 11.9753
456 11.9753
457 11.9753
458 11.9753
459 11.9753
460 11.9753
461 11.9753
462 11.9753
463 11.9753
464 11.9753
465 11.9753
466 11.9753
467 11.9753
468 11.9753
469 11.9753
470 11.9753
471 11.9753
472 11.9753
473 11.9753
474 11.9753
475 11.9753
476 11.9753
477 11.9753
478 11.9753
479 11.9753
480 11.9753
481 11.9753
482 11.9753
483 11.9753
484 11.9753
485 11.9753
486 11.9753
487 11.9753
488 11.9753
489 11.9753
490 11.9753
491 11.9753
492 11.9753
493 11.9753
494 11.9753
495 11.9753
496 11.9753
497 11.9753
498 11.9753
499 11.9753
500 11.9753
501 11.9753
502 11.9753
503 11.9753
504 11.9753
505 11.9753
506 11.9753
507 11.9753
508 11.9753
509 11.9753
510 11.9753
511 11.9753
512 11.9753
513 11.9753
514 11.9753
515 11.9753
516 11.9753
517 11.9753
518 11.9753
519 11.9753
520 11.9753
521 11.9753
522 11.9753
523 11.9753
524 11.9753
525 11.9753
526 11.9753
527 11.9753
528 11.9753
529 11.9753
530 11.9753
531 11.9753
532 11.9753
533 11.9753
534 11.9753
535 11.9753
536 11.9753
537 11.9753
538 11.9753
539 11.9753
540 11.9753
541 11.9753
542 11.9753
543 11.9753
544 11.9753
545 11.9753
546 11.9753
547 11.9753
548 11.9753
549 11.9753
550 11.9753
551 11.9753
552 11.9753
