1 11.9927
2 11.9927
3 11.9927
4 11.9927
5 11.9927
6 11.9927
7 11.9927
8 11.9927
9 11.9927
10 11.9927
11 11.9927
12 11.9927
13 11.9927
14 11.9927
15 11.9927
16 11.9927
17 11.9927
18 11.9927
19 11.9927
20 11.9927
21 11.9927
22 11.9927
23 11.9927
24 11.9927
25 11.9927
26 11.9927
27 11.9927
28 11.9927
29 11.9927
30 11.9927
31 11.9927
32 11.9927
33 11.9927
34 11.9927
35 11.9927
36 11.9927
37 11.9927
38 11.9927
39 11.9927
40 11.9927
41 11.9927
42 11.9927
43 11.9927
44 11.9927
45 11.9927
46 11.9927
47 11.9927
48 11.9927
49 11.9927
50 11.9927
51 11.9927
52 11.9927
53 11.9927
54 11.9927
55 11.9927
56 11.9927
57 11.9927
58 11.9927
59 11.9927
60 11.9927
61 11.9927
62 11.9927
63 11.9927
64 11.9927
65 11.9927
66 11.9927
67 11.9927
68 11.9927
69 11.9927
70 11.9927
71 11.9927
72 11.9927
73 11.9927
74 11.9927
75 11.9927
76 11.9927
77 11.9927
78 11.9927
79 11.9927
80 11.9927
81 11.9927
82 11.9927
83 11.9927
84 11.9927
85 11.9927
86 11.9927
87 11.9927
88 11.9927
89 11.9927
90 11.9927
91 11.9927
92 11.9927
93 11.9927
94 11.9927
95 11.9927
96 11.9927
97 11.9927
98 11.9927
99 11.9927
100 11.9927
101 11.9927
102 11.9927
103 11.9927
104 11.9927
105 11.9927
106 11.9927
107 11.9927
108 11.9927
109 11.9927
110 11.9927
111 11.9927
112 11.9927
113 11.9927
114 11.9927
115 11.9927
116 11.9927
117 11.9927
118 11.9927
119 11.9927
120 11.9927
121 11.9927
122 11.9927
123 11.9927
124 11.9927
125 11.9927
126 11.9927
127 11.9927
128 11.9927
129 11.9927
130 11.9927
131 11.9927
132 11.9927
133 11.9927
134 11.9927
135 11.9927
136 11.9927
137 11.9927
138 11.9927
139 11.9927
140 11.9927
141 11.9927
142 11.9927
143 11.9927
144 11.9927
145 11.9927
146 11.9927
147 11.9927
148 11.9927
149 11.9927
150 11.9927
151 11.9927
152 11.9927
153 11.9927
154 11.9927
155 11.9927
156 11.9927
157 11.9927
158 11.9927
159 11.9927
160 11.9927
161 11.9927
162 11.9927
163 11.9927
164 11.9927
165 11.9927
166 11.9927
167 11.9927
168 11.9927
169 11.9927
170 11.9927
171 11.9927
172 11.9927
173 11.9927
174 11.9927
175 11.9927
176 11.9927
177 11.9927
178 11.9927
179 11.9927
180 11.9927
181 11.9927
182 11.9927
183 11.9927
184 11.9927
185 11.9927
186 11.9927
187 11.9927
188 11.9927
189 11.9927
190 11.9927
191 11.9927
192 11.9927
193 11.9927
194 11.9927
195 11.9927
196 11.9927
197 11.9927
198 11.9927
199 11.9927
200 11.9927
201 11.9927
202 11.9927
203 11.9927
204 11.9927
205 11.9927
206 11.9927
207 11.9927
208 11.9927
209 11.9927
210 11.9927
211 11.9927
212 11.9927
213 11.9927
214 11.9927
215 11.9927
216 11.9927
217 11.9927
218 11.9927
219 11.9927
220 11.9927
221 11.9927
222 11.9927
223 11.9927
224 11.9927
225 11.9927
226 11.9927
227 11.9927
228 11.9927
229 11.9927
230 11.9927
231 11.9927
232 11.9927
233 12
234 11.9593
235 11.6251
236 11.0213
237 10.3449
238 9.68203
239 9.03775
240 8.41447
241 7.81488
242 7.23593
243 6.6731
244 6.11637
245 5.54881
246 4.94867
247 4.29753
248 3.59094
249 2.84195
250 2.07292
251 1.30313
252 1.29078
253 1.33268
254 1.3784
255 1.41742
256 1.44786
257 1.46602
258 1.48939
259 1.4328
260 1.42885
261 1.44023
262 1.45418
263 1.46551
264 1.4719
265 1.48167
266 1.47529
267 1.48219
268 1.48763
269 1.49177
270 1.46206
271 1.31321
272 1.2949
273 1.29924
274 1.27682
275 1.27876
276 1.2815
277 1.28225
278 1.28706
279 1.31318
280 1.30936
281 1.30958
282 1.3273
283 1.3164
284 1.3087
285 1.29659
286 1.27978
287 1.258
288 1.23288
289 1.21605
290 1.27401
291 1.23934
292 1.2824
293 1.24616
294 1.31369
295 1.27694
296 1.22808
297 1.17194
298 1.15552
299 1.83237
300 2.53812
301 3.27099
302 4.02782
303 4.80333
304 5.58965
305 6.37675
306 7.15424
307 7.91427
308 8.65463
309 9.37813
310 10.0926
311 10.7899
312 11.429
313 11.8666
314 11.9983
315 11.9927
316 11.9927
317 11.9927
318 11.9927
319 11.9927
320 11.9927
321 11.9927
322 11.9927
323 11.9927
324 11.9927
325 11.9927
326 11.9927
327 11.9927
328 11.9927
329 11.9927
330 11.9927
331 11.9927
332 11.9927
333 11.9927
334 11.9927
335 11.9927
336 11.9927
337 11.9927
338 11.9927
339 11.9927
340 11.9927
341 11.9927
342 11.9927
343 11.9927
344 11.9927
345 11.9927
346 11.9927
347 11.9927
348 11.9927
349 11.9927
350 11.9927
351 11.9927
352 11.9927
353 11.9927
354 11.9927
355 11.9927
356 11.9927
357 11.9927
358 11.9927
359 11.9927
360 11.9927
361 11.9927
362 11.9927
363 11.9927
364 11.9927
365 11.9927
366 11.9927
367 11.9927
368 11.9927
369 11.9927
370 11.9927
371 11.9927
372 11.9927
373 11.9927
374 11.9927
375 11.9927
376 11.9927
377 11.9927
378 11.9927
379 11.9927
380 11.9927
381 11.9927
382 11.9927
383 11.9927
384 11.9927
385 11.9927
386 11.9927
387 11.9927
388 11.9927
389 11.9927
390 11.9927
391 11.9927
392 11.9927
393 11.9927
394 11.9927
395 11.9927
396 11.9927
397 11.9927
398 11.9927
399 11.9927
400 11.9927
401 11.9927
402 11.9927
403 11.9927
404 11.9927
405 11.9927
406 11.9927
407 11.9927
408 11.9927
409 11.9927
410 11.9927
411 11.9927
412 11.9927
413 11.9927
414 11.9927
415 11.9927
416 11.9927
417 11.9927
418 11.9927
419 11.9927
420 11.9927
421 11.9927
422 11.9927
423 11.9927
424 11.9927
425 11.9927
426 11.9927
427 11.9927
428 11.9927
429 11.9927
430 11.9927
431 11.9927
432 11.9927
433 11.9927
434 11.9927
435 11.9927
436 11.9927
437 11.9927
438 11.9927
439 11.9927
440 11.9927
441 11.9927
442 11.9927
443 11.9927
444 11.9927
445 11.9927
446 11.9927
447 11.9927
448 11.9927
449 11.9927
450 11.9927
451 11.9927
452 11.9927
453 11.9927
454 11.9927
455 11.9927
456 11.9927
457 11.9927
458 11.9927
459 11.9927
460 11.9927
461 11.9927
462 11.9927
463 11.9927
464 11.9927
465 11.9927
466 11.9927
467 11.9927
468 11.9927
469 11.9927
470 11.9927
471 11.9927
472 11.9927
473 11.9927
474 11.9927
475 11.9927
476 11.9927
477 11.9927
478 11.9927
479 11.9927
480 11.9927
481 11.9927
482 11.9927
483 11.9927
484 11.9927
485 11.9927
486 11.9927
487 11.9927
488 11.9927
489 11.9927
490 11.9927
491 11.9927
492 11.9927
493 11.9927
494 11.9927
495 11.9927
496 11.9927
497 11.9927
498 11.9927
499 11.9927
500 11.9927
501 11.9927
502 11.9927
503 11.9927
504 11.9927
505 11.9927
506 11.9927
507 11.9927
508 11.9927
509 11.9927
510 11.9927
511 11.9927
512 11.9927
513 11.9927
514 11.9927
515 11.9927
516 11.9927
517 11.9927
518 11.9927
519 11.9927
520 11.9927
521 11.9927
522 11.9927
523 11.9927
524 11.9927
525 11.9927
526 11.9927
527 11.9927
528 11.9927
529 11.9927
530 11.9927
531 11.9927
532 11.9927
533 11.9927
534 11.9927
535 11.9927
536 11.9927
537 11.9927
538 11.9927
539 11.9927
540 11.9927
541 11.9927
542 11.9927
543 11.9927
544 11.9927
545 11.9927
546 11.9927
547 11.9927
548 11.9927
549 11.9927
550 11.9927
551 11.9927
552 11.9927
