1 11.9398
2 11.9398
3 11.9398
4 11.9398
5 11.9398
6 11.9398
7 11.9398
8 11.9398
9 11.9398
10 11.9398
11 11.9398
12 11.9398
13 11.9398
14 11.9398
15 11.9398
16 11.9398
17 11.9398
18 11.9398
19 11.9398
20 11.9398
21 11.9398
22 11.9398
23 11.9398
24 11.9398
25 11.9398
26 11.9398
27 11.9398
28 11.9398
29 11.9398
30 11.9398
31 11.9398
32 11.9398
33 11.9398
34 11.9398
35 11.9398
36 11.9398
37 11.9398
38 11.9398
39 11.9398
40 11.9398
41 11.9398
42 11.9398
43 11.9398
44 11.9398
45 11.9398
46 11.9398
47 11.9398
48 11.9398
49 11.9398
50 11.9398
51 11.9398
52 11.9398
53 11.9398
54 11.9398
55 11.9398
56 11.9398
57 11.9398
58 11.9398
59 11.9398
60 11.9398
61 11.9398
62 11.9398
63 11.9398
64 11.9398
65 11.9398
66 11.9398
67 11.9398
68 11.9398
69 11.9398
70 11.9398
71 11.9398
72 11.9398
73 11.9398
74 11.9398
75 11.9398
76 11.9398
77 11.9398
78 11.9398
79 11.9398
80 11.9398
81 11.9398
82 11.9398
83 11.9398
84 11.9398
85 11.9398
86 11.9398
87 11.9398
88 11.9398
89 11.9398
90 11.9398
91 11.9398
92 11.9398
93 11.9398
94 11.9398
95 11.9398
96 11.9398
97 11.9398
98 11.9398
99 11.9398
100 11.9398
101 11.9398
102 11.9398
103 11.9398
104 11.9398
105 11.9398
106 11.9398
107 11.9398
108 11.9398
109 11.9398
110 11.9398
111 11.9398
112 11.9398
113 11.9398
114 11.9398
115 11.9398
116 11.9398
117 11.9398
118 11.9398
119 11.9398
120 11.9398
121 11.9398
122 11.9398
123 11.9398
124 11.9398
125 11.9398
126 11.9398
127 11.9398
128 11.9398
129 11.9398
130 11.9398
131 11.9398
132 11.9398
133 11.9398
134 11.9398
135 11.9398
136 11.9398
137 11.9398
138 11.9398
139 11.9398
140 11.9398
141 11.9398
142 11.9398
143 11.9398
144 11.9398
145 11.9398
146 11.9398
147 11.9398
148 11.9398
149 11.9398
150 11.9398
151 11.9398
152 11.9398
153 11.9398
154 11.9398
155 11.9398
156 11.9398
157 11.9398
158 11.9398
159 11.9398
160 11.9398
161 11.9398
162 11.9398
163 11.9398
164 11.9398
165 11.9398
166 11.9398
167 11.9398
168 11.9398
169 11.9398
170 11.9398
171 11.9398
172 11.9398
173 11.9398
174 11.9398
175 11.9398
176 11.9398
177 11.9398
178 11.9398
179 11.9398
180 11.9398
181 11.9398
182 11.9398
183 11.9398
184 11.9398
185 11.9398
186 11.9398
187 11.9398
188 11.9398
189 11.9398
190 11.9398
191 11.9398
192 11.9398
193 11.9398
194 11.9398
195 11.9398
196 11.9398
197 11.9398
198 11.9398
199 11.9398
200 11.9398
201 11.9398
202 11.9398
203 11.9398
204 11.9398
205 11.9398
206 11.9398
207 11.9398
208 11.9398
209 11.9398
210 11.9398
211 11.9398
212 11.9398
213 11.9398
214 11.9398
215 11.9398
216 11.9398
217 11.9398
218 11.9398
219 11.9398
220 11.9398
221 11.9398
222 11.9398
223 11.9398
224 11.9398
225 11.9398
226 11.9398
227 11.9398
228 11.9398
229 11.9398
230 11.9398
231 11.9398
232 11.9398
233 11.9398
234 11.9398
235 11.9398
236 11.9398
237 11.9398
238 11.9398
239 11.9398
240 11.9398
241 11.9398
242 11.9398
243 11.9398
244 12
245 11.9458
246 11.4695
247 10.8271
248 10.1216
249 9.39314
250 8.65927
251 7.92789
252 7.92262
253 7.9625
254 7.99703
255 8.01547
256 8.0238
257 8.04514
258 8.0593
259 8.08355
260 8.10009
261 8.11893
262 8.18818
263 8.52871
264 8.60659
265 8.89283
266 8.94164
267 9.08396
268 9.74915
269 9.79011
270 9.22365
271 8.36933
272 8.28883
273 8.28595
274 8.05865
275 8.01493
276 8.00862
277 8.0077
278 8.00574
279 8.01887
280 8.01222
281 8.02141
282 8.07763
283 8.07863
284 8.02841
285 8.02712
286 8.02894
287 8.02792
288 8.03552
289 8.09535
290 8.45233
291 8.49058
292 8.82064
293 8.86014
294 9.25584
295 9.33182
296 9.30244
297 9.2855
298 9.31704
299 10.062
300 10.7357
301 11.3244
302 11.7699
303 11.9513
304 11.9689
305 11.9398
306 11.9398
307 11.9398
308 11.9398
309 11.9398
310 11.9398
311 11.9398
312 11.9398
313 11.9398
314 11.9398
315 11.9398
316 11.9398
317 11.9398
318 11.9398
319 11.9398
320 11.9398
321 11.9398
322 11.9398
323 11.9398
324 11.9398
325 11.9398
326 11.9398
327 11.9398
328 11.9398
329 11.9398
330 11.9398
331 11.9398
332 11.9398
333 11.9398
334 11.9398
335 11.9398
336 11.9398
337 11.9398
338 11.9398
339 11.9398
340 11.9398
341 11.9398
342 11.9398
343 11.9398
344 11.9398
345 11.9398
346 11.9398
347 11.9398
348 11.9398
349 11.9398
350 11.9398
351 11.9398
352 11.9398
353 11.9398
354 11.9398
355 11.9398
356 11.9398
357 11.9398
358 11.9398
359 11.9398
360 11.9398
361 11.9398
362 11.9398
363 11.9398
364 11.9398
365 11.9398
366 11.9398
367 11.9398
368 11.9398
369 11.9398
370 11.9398
371 11.9398
372 11.9398
373 11.9398
374 11.9398
375 11.9398
376 11.9398
377 11.9398
378 11.9398
379 11.9398
380 11.9398
381 11.9398
382 11.9398
383 11.9398
384 11.9398
385 11.9398
386 11.9398
387 11.9398
388 11.9398
389 11.9398
390 11.9398
391 11.9398
392 11.9398
393 11.9398
394 11.9398
395 11.9398
396 11.9398
397 11.9398
398 11.9398
399 11.9398
400 11.9398
401 11.9398
402 11.9398
403 11.9398
404 11.9398
405 11.9398
406 11.9398
407 11.9398
408 11.9398
409 11.9398
410 11.9398
411 11.9398
412 11.9398
413 11.9398
414 11.9398
415 11.9398
416 11.9398
417 11.9398
418 11.9398
419 11.9398
420 11.9398
421 11.9398
422 11.9398
423 11.9398
424 11.9398
425 11.9398
426 11.9398
427 11.9398
428 11.9398
429 11.9398
430 11.9398
431 11.9398
432 11.9398
433 11.9398
434 11.9398
435 11.9398
436 11.9398
437 11.9398
438 11.9398
439 11.9398
440 11.9398
441 11.9398
442 11.9398
443 11.9398
444 11.9398
445 11.9398
446 11.9398
447 11.9398
448 11.9398
449 11.9398
450 11.9398
451 11.9398
452 11.9398
453 11.9398
454 11.9398
455 11.9398
456 11.9398
457 11.9398
458 11.9398
459 11.9398
460 11.9398
461 11.9398
462 11.9398
463 11.9398
464 11.9398
465 11.9398
466 11.9398
467 11.9398
468 11.9398
469 11.9398
470 11.9398
471 11.9398
472 11.9398
473 11.9398
474 11.9398
475 11.9398
476 11.9398
477 11.9398
478 11.9398
479 11.9398
480 11.9398
481 11.9398
482 11.9398
483 11.9398
484 11.9398
485 11.9398
486 11.9398
487 11.9398
488 11.9398
489 11.9398
490 11.9398
491 11.9398
492 11.9398
493 11.9398
494 11.9398
495 11.9398
496 11.9398
497 11.9398
498 11.9398
499 11.9398
500 11.9398
501 11.9398
502 11.9398
503 11.9398
504 11.9398
505 11.9398
506 11.9398
507 11.9398
508 11.9398
509 11.9398
510 11.9398
511 11.9398
512 11.9398
513 11.9398
514 11.9398
515 11.9398
516 11.9398
517 11.9398
518 11.9398
519 11.9398
520 11.9398
521 11.9398
522 11.9398
523 11.9398
524 11.9398
525 11.9398
526 11.9398
527 11.9398
528 11.9398
529 11.9398
530 11.9398
531 11.9398
532 11.9398
533 11.9398
534 11.9398
535 11.9398
536 11.9398
537 11.9398
538 11.9398
539 11.9398
540 11.9398
541 11.9398
542 11.9398
543 11.9398
544 11.9398
545 11.9398
546 11.9398
547 11.9398
548 11.9398
549 11.9398
550 11.9398
551 11.9398
552 11.9398
