1 11.9436
2 11.9436
3 11.9436
4 11.9436
5 11.9436
6 11.9436
7 11.9436
8 11.9436
9 11.9436
10 11.9436
11 11.9436
12 11.9436
13 11.9436
14 11.9436
15 11.9436
16 11.9436
17 11.9436
18 11.9436
19 11.9436
20 11.9436
21 11.9436
22 11.9436
23 11.9436
24 11.9436
25 11.9436
26 11.9436
27 11.9436
28 11.9436
29 11.9436
30 11.9436
31 11.9436
32 11.9436
33 11.9436
34 11.9436
35 11.9436
36 11.9436
37 11.9436
38 11.9436
39 11.9436
40 11.9436
41 11.9436
42 11.9436
43 11.9436
44 11.9436
45 11.9436
46 11.9436
47 11.9436
48 11.9436
49 11.9436
50 11.9436
51 11.9436
52 11.9436
53 11.9436
54 11.9436
55 11.9436
56 11.9436
57 11.9436
58 11.9436
59 11.9436
60 11.9436
61 11.9436
62 11.9436
63 11.9436
64 11.9436
65 11.9436
66 11.9436
67 11.9436
68 11.9436
69 11.9436
70 11.9436
71 11.9436
72 11.9436
73 11.9436
74 11.9436
75 11.9436
76 11.9436
77 11.9436
78 11.9436
79 11.9436
80 11.9436
81 11.9436
82 11.9436
83 11.9436
84 11.9436
85 11.9436
86 11.9436
87 11.9436
88 11.9436
89 11.9436
90 11.9436
91 11.9436
92 11.9436
93 11.9436
94 11.9436
95 11.9436
96 11.9436
97 11.9436
98 11.9436
99 11.9436
100 11.9436
101 11.9436
102 11.9436
103 11.9436
104 11.9436
105 11.9436
106 11.9436
107 11.9436
108 11.9436
109 11.9436
110 11.9436
111 11.9436
112 11.9436
113 11.9436
114 11.9436
115 11.9436
116 11.9436
117 11.9436
118 11.9436
119 11.9436
120 11.9436
121 11.9436
122 11.9436
123 11.9436
124 11.9436
125 11.9436
126 11.9436
127 11.9436
128 11.9436
129 11.9436
130 11.9436
131 11.9436
132 11.9436
133 11.9436
134 11.9436
135 11.9436
136 11.9436
137 11.9436
138 11.9436
139 11.9436
140 11.9436
141 11.9436
142 11.9436
143 11.9436
144 11.9436
145 11.9436
146 11.9436
147 11.9436
148 11.9436
149 11.9436
150 11.9436
151 11.9436
152 11.9436
153 11.9436
154 11.9436
155 11.9436
156 11.9436
157 11.9436
158 11.9436
159 11.9436
160 11.9436
161 11.9436
162 11.9436
163 11.9436
164 11.9436
165 11.9436
166 11.9436
167 11.9436
168 11.9436
169 11.9436
170 11.9436
171 11.9436
172 11.9436
173 11.9436
174 11.9436
175 11.9436
176 11.9436
177 11.9436
178 11.9436
179 11.9436
180 11.9436
181 11.9436
182 11.9436
183 11.9436
184 11.9436
185 11.9436
186 11.9436
187 11.9436
188 11.9436
189 11.9436
190 11.9436
191 11.9436
192 11.9436
193 11.9436
194 11.9436
195 11.9436
196 11.9436
197 11.9436
198 11.9436
199 11.9436
200 11.9436
201 11.9436
202 11.9436
203 11.9436
204 11.9436
205 11.9436
206 11.9436
207 11.9436
208 11.9436
209 11.9436
210 11.9436
211 11.9436
212 11.9436
213 11.9436
214 11.9436
215 11.9436
216 11.9436
217 11.9436
218 11.9436
219 11.9436
220 11.9436
221 11.9436
222 11.9436
223 11.9436
224 11.9436
225 11.9436
226 11.9436
227 11.9436
228 11.9436
229 11.9436
230 11.9436
231 11.9436
232 11.9436
233 11.9436
234 11.9436
235 11.9465
236 11.97
237 11.9994
238 11.8845
239 11.3901
240 10.6055
241 9.7835
242 9.00619
243 8.27061
244 7.56554
245 6.88634
246 6.23181
247 5.60205
248 4.99705
249 4.4158
250 3.8548
251 3.30557
252 3.34548
253 3.40914
254 3.45967
255 3.49534
256 3.51909
257 3.5541
258 3.58037
259 3.59259
260 3.61288
261 3.62943
262 3.64168
263 3.67391
264 3.69059
265 3.74677
266 3.73488
267 3.78086
268 3.99233
269 3.96521
270 3.61069
271 2.86536
272 2.75831
273 2.74835
274 2.62493
275 2.61923
276 2.63062
277 2.63605
278 2.6303
279 2.61256
280 2.61252
281 2.6001
282 2.57444
283 2.56647
284 2.5714
285 2.56608
286 2.55066
287 2.52635
288 2.50134
289 2.51267
290 2.75683
291 2.78841
292 3.11989
293 3.174
294 3.60438
295 3.68949
296 3.65337
297 3.62336
298 3.64716
299 4.42152
300 5.17192
301 5.89954
302 6.61371
303 7.32867
304 8.05989
305 8.82186
306 9.62751
307 10.4751
308 11.2862
309 11.834
310 12
311 11.9824
312 11.9505
313 11.9436
314 11.9436
315 11.9436
316 11.9436
317 11.9436
318 11.9436
319 11.9436
320 11.9436
321 11.9436
322 11.9436
323 11.9436
324 11.9436
325 11.9436
326 11.9436
327 11.9436
328 11.9436
329 11.9436
330 11.9436
331 11.9436
332 11.9436
333 11.9436
334 11.9436
335 11.9436
336 11.9436
337 11.9436
338 11.9436
339 11.9436
340 11.9436
341 11.9436
342 11.9436
343 11.9436
344 11.9436
345 11.9436
346 11.9436
347 11.9436
348 11.9436
349 11.9436
350 11.9436
351 11.9436
352 11.9436
353 11.9436
354 11.9436
355 11.9436
356 11.9436
357 11.9436
358 11.9436
359 11.9436
360 11.9436
361 11.9436
362 11.9436
363 11.9436
364 11.9436
365 11.9436
366 11.9436
367 11.9436
368 11.9436
369 11.9436
370 11.9436
371 11.9436
372 11.9436
373 11.9436
374 11.9436
375 11.9436
376 11.9436
377 11.9436
378 11.9436
379 11.9436
380 11.9436
381 11.9436
382 11.9436
383 11.9436
384 11.9436
385 11.9436
386 11.9436
387 11.9436
388 11.9436
389 11.9436
390 11.9436
391 11.9436
392 11.9436
393 11.9436
394 11.9436
395 11.9436
396 11.9436
397 11.9436
398 11.9436
399 11.9436
400 11.9436
401 11.9436
402 11.9436
403 11.9436
404 11.9436
405 11.9436
406 11.9436
407 11.9436
408 11.9436
409 11.9436
410 11.9436
411 11.9436
412 11.9436
413 11.9436
414 11.9436
415 11.9436
416 11.9436
417 11.9436
418 11.9436
419 11.9436
420 11.9436
421 11.9436
422 11.9436
423 11.9436
424 11.9436
425 11.9436
426 11.9436
427 11.9436
428 11.9436
429 11.9436
430 11.9436
431 11.9436
432 11.9436
433 11.9436
434 11.9436
435 11.9436
436 11.9436
437 11.9436
438 11.9436
439 11.9436
440 11.9436
441 11.9436
442 11.9436
443 11.9436
444 11.9436
445 11.9436
446 11.9436
447 11.9436
448 11.9436
449 11.9436
450 11.9436
451 11.9436
452 11.9436
453 11.9436
454 11.9436
455 11.9436
456 11.9436
457 11.9436
458 11.9436
459 11.9436
460 11.9436
461 11.9436
462 11.9436
463 11.9436
464 11.9436
465 11.9436
466 11.9436
467 11.9436
468 11.9436
469 11.9436
470 11.9436
471 11.9436
472 11.9436
473 11.9436
474 11.9436
475 11.9436
476 11.9436
477 11.9436
478 11.9436
479 11.9436
480 11.9436
481 11.9436
482 11.9436
483 11.9436
484 11.9436
485 11.9436
486 11.9436
487 11.9436
488 11.9436
489 11.9436
490 11.9436
491 11.9436
492 11.9436
493 11.9436
494 11.9436
495 11.9436
496 11.9436
497 11.9436
498 11.9436
499 11.9436
500 11.9436
501 11.9436
502 11.9436
503 11.9436
504 11.9436
505 11.9436
506 11.9436
507 11.9436
508 11.9436
509 11.9436
510 11.9436
511 11.9436
512 11.9436
513 11.9436
514 11.9436
515 11.9436
516 11.9436
517 11.9436
518 11.9436
519 11.9436
520 11.9436
521 11.9436
522 11.9436
523 11.9436
524 11.9436
525 11.9436
526 11.9436
527 11.9436
528 11.9436
529 11.9436
530 11.9436
531 11.9436
532 11.9436
533 11.9436
534 11.9436
535 11.9436
536 11.9436
537 11.9436
538 11.9436
539 11.9436
540 11.9436
541 11.9436
542 11.9436
543 11.9436
544 11.9436
545 11.9436
546 11.9436
547 11.9436
548 11.9436
549 11.9436
550 11.9436
551 11.9436
552 11.9436
