1 11.9711
2 11.9711
3 11.9711
4 11.9711
5 11.9711
6 11.9711
7 11.9711
8 11.9711
9 11.9711
10 11.9711
11 11.9711
12 11.9711
13 11.9711
14 11.9711
15 11.9711
16 11.9711
17 11.9711
18 11.9711
19 11.9711
20 11.9711
21 11.9711
22 11.9711
23 11.9711
24 11.9711
25 11.9711
26 11.9711
27 11.9711
28 11.9711
29 11.9711
30 11.9711
31 11.9711
32 11.9711
33 11.9711
34 11.9711
35 11.9711
36 11.9711
37 11.9711
38 11.9711
39 11.9711
40 11.9711
41 11.9711
42 11.9711
43 11.9711
44 11.9711
45 11.9711
46 11.9711
47 11.9711
48 11.9711
49 11.9711
50 11.9711
51 11.9711
52 11.9711
53 11.9711
54 11.9711
55 11.9711
56 11.9711
57 11.9711
58 11.9711
59 11.9711
60 11.9711
61 11.9711
62 11.9711
63 11.9711
64 11.9711
65 11.9711
66 11.9711
67 11.9711
68 11.9711
69 11.9711
70 11.9711
71 11.9711
72 11.9711
73 11.9711
74 11.9711
75 11.9711
76 11.9711
77 11.9711
78 11.9711
79 11.9711
80 11.9711
81 11.9711
82 11.9711
83 11.9711
84 11.9711
85 11.9711
86 11.9711
87 11.9711
88 11.9711
89 11.9711
90 11.9711
91 11.9711
92 11.9711
93 11.9711
94 11.9711
95 11.9711
96 11.9711
97 11.9711
98 11.9711
99 11.9711
100 11.9711
101 11.9711
102 11.9711
103 11.9711
104 11.9711
105 11.9711
106 11.9711
107 11.9711
108 11.9711
109 11.9711
110 11.9711
111 11.9711
112 11.9711
113 11.9711
114 11.9711
115 11.9711
116 11.9711
117 11.9711
118 11.9711
119 11.9711
120 11.9711
121 11.9711
122 11.9711
123 11.9711
124 11.9711
125 11.9711
126 11.9711
127 11.9711
128 11.9711
129 11.9711
130 11.9711
131 11.9711
132 11.9711
133 11.9711
134 11.9711
135 11.9711
136 11.9711
137 11.9711
138 11.9711
139 11.9711
140 11.9711
141 11.9711
142 11.9711
143 11.9711
144 11.9711
145 11.9711
146 11.9711
147 11.9711
148 11.9711
149 11.9711
150 11.9711
151 11.9711
152 11.9711
153 11.9711
154 11.9711
155 11.9711
156 11.9711
157 11.9711
158 11.9711
159 11.9711
160 11.9711
161 11.9711
162 11.9711
163 11.9711
164 11.9711
165 11.9711
166 11.9711
167 11.9711
168 11.9711
169 11.9711
170 11.9711
171 11.9711
172 11.9711
173 11.9711
174 11.9711
175 11.9711
176 11.9711
177 11.9711
178 11.9711
179 11.9711
180 11.9711
181 11.9711
182 11.9711
183 11.9711
184 11.9711
185 11.9711
186 11.9711
187 11.9711
188 11.9711
189 11.9711
190 11.9711
191 11.9711
192 11.9711
193 11.9711
194 11.9711
195 11.9711
196 11.9711
197 11.9711
198 11.9711
199 11.9711
200 11.9711
201 11.9711
202 11.9711
203 11.9711
204 11.9711
205 11.9711
206 11.9711
207 11.9711
208 11.9711
209 11.9711
210 11.9711
211 11.9711
212 11.9711
213 11.9711
214 11.9711
215 11.9711
216 11.9711
217 11.9711
218 11.9711
219 11.9711
220 11.9711
221 11.9711
222 11.9711
223 11.9711
224 11.9711
225 11.9711
226 11.9711
227 11.9711
228 11.9711
229 11.9711
230 11.9959
231 11.9476
232 11.599
233 11.0926
234 10.5207
235 9.93242
236 9.34347
237 8.76119
238 8.18733
239 7.6215
240 7.06209
241 6.50731
242 5.95589
243 5.4075
244 4.863
245 4.3244
246 3.79467
247 3.27734
248 2.77609
249 2.29443
250 1.83541
251 1.40153
252 1.43195
253 1.47117
254 1.49309
255 1.50292
256 1.50678
257 1.51221
258 1.51412
259 1.51668
260 1.51749
261 1.51772
262 1.51778
263 1.5178
264 1.51782
265 1.51782
266 1.51783
267 1.51783
268 1.51783
269 1.51783
270 1.51783
271 1.51783
272 1.51783
273 1.51783
274 1.51783
275 1.51783
276 1.51783
277 1.51783
278 1.51783
279 1.51783
280 1.51783
281 1.51783
282 1.51782
283 1.51782
284 1.51781
285 1.51779
286 1.51771
287 1.51737
288 1.51613
289 1.51199
290 1.49981
291 1.49013
292 1.46631
293 1.44741
294 1.41026
295 1.37854
296 1.35417
297 1.31
298 1.27013
299 1.6882
300 2.13369
301 2.60627
302 3.10552
303 3.63106
304 4.18244
305 4.75919
306 5.36074
307 5.98646
308 6.63552
309 7.30683
310 7.99871
311 8.7082
312 9.42999
313 10.153
314 10.8577
315 11.5019
316 11.9492
317 12
318 11.9711
319 11.9711
320 11.9711
321 11.9711
322 11.9711
323 11.9711
324 11.9711
325 11.9711
326 11.9711
327 11.9711
328 11.9711
329 11.9711
330 11.9711
331 11.9711
332 11.9711
333 11.9711
334 11.9711
335 11.9711
336 11.9711
337 11.9711
338 11.9711
339 11.9711
340 11.9711
341 11.9711
342 11.9711
343 11.9711
344 11.9711
345 11.9711
346 11.9711
347 11.9711
348 11.9711
349 11.9711
350 11.9711
351 11.9711
352 11.9711
353 11.9711
354 11.9711
355 11.9711
356 11.9711
357 11.9711
358 11.9711
359 11.9711
360 11.9711
361 11.9711
362 11.9711
363 11.9711
364 11.9711
365 11.9711
366 11.9711
367 11.9711
368 11.9711
369 11.9711
370 11.9711
371 11.9711
372 11.9711
373 11.9711
374 11.9711
375 11.9711
376 11.9711
377 11.9711
378 11.9711
379 11.9711
380 11.9711
381 11.9711
382 11.9711
383 11.9711
384 11.9711
385 11.9711
386 11.9711
387 11.9711
388 11.9711
389 11.9711
390 11.9711
391 11.9711
392 11.9711
393 11.9711
394 11.9711
395 11.9711
396 11.9711
397 11.9711
398 11.9711
399 11.9711
400 11.9711
401 11.9711
402 11.9711
403 11.9711
404 11.9711
405 11.9711
406 11.9711
407 11.9711
408 11.9711
409 11.9711
410 11.9711
411 11.9711
412 11.9711
413 11.9711
414 11.9711
415 11.9711
416 11.9711
417 11.9711
418 11.9711
419 11.9711
420 11.9711
421 11.9711
422 11.9711
423 11.9711
424 11.9711
425 11.9711
426 11.9711
427 11.9711
428 11.9711
429 11.9711
430 11.9711
431 11.9711
432 11.9711
433 11.9711
434 11.9711
435 11.9711
436 11.9711
437 11.9711
438 11.9711
439 11.9711
440 11.9711
441 11.9711
442 11.9711
443 11.9711
444 11.9711
445 11.9711
446 11.9711
447 11.9711
448 11.9711
449 11.9711
450 11.9711
451 11.9711
452 11.9711
453 11.9711
454 11.9711
455 11.9711
456 11.9711
457 11.9711
458 11.9711
459 11.9711
460 11.9711
461 11.9711
462 11.9711
463 11.9711
464 11.9711
465 11.9711
466 11.9711
467 11.9711
468 11.9711
469 11.9711
470 11.9711
471 11.9711
472 11.9711
473 11.9711
474 11.9711
475 11.9711
476 11.9711
477 11.9711
478 11.9711
479 11.9711
480 11.9711
481 11.9711
482 11.9711
483 11.9711
484 11.9711
485 11.9711
486 11.9711
487 11.9711
488 11.9711
489 11.9711
490 11.9711
491 11.9711
492 11.9711
493 11.9711
494 11.9711
495 11.9711
496 11.9711
497 11.9711
498 11.9711
499 11.9711
500 11.9711
501 11.9711
502 11.9711
503 11.9711
504 11.9711
505 11.9711
506 11.9711
507 11.9711
508 11.9711
509 11.9711
510 11.9711
511 11.9711
512 11.9711
513 11.9711
514 11.9711
515 11.9711
516 11.9711
517 11.9711
518 11.9711
519 11.9711
520 11.9711
521 11.9711
522 11.9711
523 11.9711
524 11.9711
525 11.9711
526 11.9711
527 11.9711
528 11.9711
529 11.9711
530 11.9711
531 11.9711
532 11.9711
533 11.9711
534 11.9711
535 11.9711
536 11.9711
537 11.9711
538 11.9711
539 11.9711
540 11.9711
541 11.9711
542 11.9711
543 11.9711
544 11.9711
545 11.9711
546 11.9711
547 11.9711
548 11.9711
549 11.9711
550 11.9711
551 11.9711
552 11.9711
