1 11.9529
2 11.9529
3 11.9529
4 11.9529
5 11.9529
6 11.9529
7 11.9529
8 11.9529
9 11.9529
10 11.9529
11 11.9529
12 11.9529
13 11.9529
14 11.9529
15 11.9529
16 11.9529
17 11.9529
18 11.9529
19 11.9529
20 11.9529
21 11.9529
22 11.9529
23 11.9529
24 11.9529
25 11.9529
26 11.9529
27 11.9529
28 11.9529
29 11.9529
30 11.9529
31 11.9529
32 11.9529
33 11.9529
34 11.9529
35 11.9529
36 11.9529
37 11.9529
38 11.9529
39 11.9529
40 11.9529
41 11.9529
42 11.9529
43 11.9529
44 11.9529
45 11.9529
46 11.9529
47 11.9529
48 11.9529
49 11.9529
50 11.9529
51 11.9529
52 11.9529
53 11.9529
54 11.9529
55 11.9529
56 11.9529
57 11.9529
58 11.9529
59 11.9529
60 11.9529
61 11.9529
62 11.9529
63 11.9529
64 11.9529
65 11.9529
66 11.9529
67 11.9529
68 11.9529
69 11.9529
70 11.9529
71 11.9529
72 11.9529
73 11.9529
74 11.9529
75 11.9529
76 11.9529
77 11.9529
78 11.9529
79 11.9529
80 11.9529
81 11.9529
82 11.9529
83 11.9529
84 11.9529
85 11.9529
86 11.9529
87 11.9529
88 11.9529
89 11.9529
90 11.9529
91 11.9529
92 11.9529
93 11.9529
94 11.9529
95 11.9529
96 11.9529
97 11.9529
98 11.9529
99 11.9529
100 11.9529
101 11.9529
102 11.9529
103 11.9529
104 11.9529
105 11.9529
106 11.9529
107 11.9529
108 11.9529
109 11.9529
110 11.9529
111 11.9529
112 11.9529
113 11.9529
114 11.9529
115 11.9529
116 11.9529
117 11.9529
118 11.9529
119 11.9529
120 11.9529
121 11.9529
122 11.9529
123 11.9529
124 11.9529
125 11.9529
126 11.9529
127 11.9529
128 11.9529
129 11.9529
130 11.9529
131 11.9529
132 11.9529
133 11.9529
134 11.9529
135 11.9529
136 11.9529
137 11.9529
138 11.9529
139 11.9529
140 11.9529
141 11.9529
142 11.9529
143 11.9529
144 11.9529
145 11.9529
146 11.9529
147 11.9529
148 11.9529
149 11.9529
150 11.9529
151 11.9529
152 11.9529
153 11.9529
154 11.9529
155 11.9529
156 11.9529
157 11.9529
158 11.9529
159 11.9529
160 11.9529
161 11.9529
162 11.9529
163 11.9529
164 11.9529
165 11.9529
166 11.9529
167 11.9529
168 11.9529
169 11.9529
170 11.9529
171 11.9529
172 11.9529
173 11.9529
174 11.9529
175 11.9529
176 11.9529
177 11.9529
178 11.9529
179 11.9529
180 11.9529
181 11.9529
182 11.9529
183 11.9529
184 11.9529
185 11.9529
186 11.9529
187 11.9529
188 11.9529
189 11.9529
190 11.9529
191 11.9529
192 11.9529
193 11.9529
194 11.9529
195 11.9529
196 11.9529
197 11.9529
198 11.9529
199 11.9529
200 11.9529
201 11.9529
202 11.9529
203 11.9529
204 11.9529
205 11.9529
206 11.9529
207 11.9529
208 11.9529
209 11.9529
210 11.9529
211 11.9529
212 11.9529
213 11.9529
214 11.9529
215 11.9529
216 11.9529
217 11.9529
218 11.9529
219 11.9529
220 11.9529
221 11.9529
222 11.9529
223 11.9529
224 11.9529
225 11.9529
226 11.9529
227 11.9529
228 11.9529
229 11.9529
230 11.9529
231 11.9529
232 11.9529
233 11.9529
234 11.9529
235 11.9562
236 11.9859
237 11.991
238 11.7619
239 11.1353
240 10.3143
241 9.50411
242 8.74278
243 8.0195
244 7.32511
245 6.65626
246 6.01218
247 5.39292
248 4.79811
249 4.2259
250 3.67096
251 3.12183
252 3.15957
253 3.22131
254 3.27079
255 3.30628
256 3.33055
257 3.36349
258 3.38976
259 3.39563
260 3.41419
261 3.43071
262 3.44253
263 3.46806
264 3.48089
265 3.52638
266 3.50671
267 3.54216
268 3.72132
269 3.69023
270 3.35681
271 2.64275
272 2.53979
273 2.531
274 2.41624
275 2.41188
276 2.42283
277 2.42749
278 2.42125
279 2.40372
280 2.40259
281 2.38956
282 2.36382
283 2.35521
284 2.35914
285 2.3533
286 2.33767
287 2.31303
288 2.2867
289 2.29362
290 2.5199
291 2.54663
292 2.85986
293 2.90884
294 3.32183
295 3.40153
296 3.36509
297 3.3352
298 3.36049
299 4.14316
300 4.90439
301 5.6416
302 6.36075
303 7.07435
304 7.79781
305 8.54655
306 9.33524
307 10.1725
308 11.0188
309 11.6908
310 11.9789
311 12
312 11.9659
313 11.9559
314 11.9529
315 11.9529
316 11.9529
317 11.9529
318 11.9529
319 11.9529
320 11.9529
321 11.9529
322 11.9529
323 11.9529
324 11.9529
325 11.9529
326 11.9529
327 11.9529
328 11.9529
329 11.9529
330 11.9529
331 11.9529
332 11.9529
333 11.9529
334 11.9529
335 11.9529
336 11.9529
337 11.9529
338 11.9529
339 11.9529
340 11.9529
341 11.9529
342 11.9529
343 11.9529
344 11.9529
345 11.9529
346 11.9529
347 11.9529
348 11.9529
349 11.9529
350 11.9529
351 11.9529
352 11.9529
353 11.9529
354 11.9529
355 11.9529
356 11.9529
357 11.9529
358 11.9529
359 11.9529
360 11.9529
361 11.9529
362 11.9529
363 11.9529
364 11.9529
365 11.9529
366 11.9529
367 11.9529
368 11.9529
369 11.9529
370 11.9529
371 11.9529
372 11.9529
373 11.9529
374 11.9529
375 11.9529
376 11.9529
377 11.9529
378 11.9529
379 11.9529
380 11.9529
381 11.9529
382 11.9529
383 11.9529
384 11.9529
385 11.9529
386 11.9529
387 11.9529
388 11.9529
389 11.9529
390 11.9529
391 11.9529
392 11.9529
393 11.9529
394 11.9529
395 11.9529
396 11.9529
397 11.9529
398 11.9529
399 11.9529
400 11.9529
401 11.9529
402 11.9529
403 11.9529
404 11.9529
405 11.9529
406 11.9529
407 11.9529
408 11.9529
409 11.9529
410 11.9529
411 11.9529
412 11.9529
413 11.9529
414 11.9529
415 11.9529
416 11.9529
417 11.9529
418 11.9529
419 11.9529
420 11.9529
421 11.9529
422 11.9529
423 11.9529
424 11.9529
425 11.9529
426 11.9529
427 11.9529
428 11.9529
429 11.9529
430 11.9529
431 11.9529
432 11.9529
433 11.9529
434 11.9529
435 11.9529
436 11.9529
437 11.9529
438 11.9529
439 11.9529
440 11.9529
441 11.9529
442 11.9529
443 11.9529
444 11.9529
445 11.9529
446 11.9529
447 11.9529
448 11.9529
449 11.9529
450 11.9529
451 11.9529
452 11.9529
453 11.9529
454 11.9529
455 11.9529
456 11.9529
457 11.9529
458 11.9529
459 11.9529
460 11.9529
461 11.9529
462 11.9529
463 11.9529
464 11.9529
465 11.9529
466 11.9529
467 11.9529
468 11.9529
469 11.9529
470 11.9529
471 11.9529
472 11.9529
473 11.9529
474 11.9529
475 11.9529
476 11.9529
477 11.9529
478 11.9529
479 11.9529
480 11.9529
481 11.9529
482 11.9529
483 11.9529
484 11.9529
485 11.9529
486 11.9529
487 11.9529
488 11.9529
489 11.9529
490 11.9529
491 11.9529
492 11.9529
493 11.9529
494 11.9529
495 11.9529
496 11.9529
497 11.9529
498 11.9529
499 11.9529
500 11.9529
501 11.9529
502 11.9529
503 11.9529
504 11.9529
505 11.9529
506 11.9529
507 11.9529
508 11.9529
509 11.9529
510 11.9529
511 11.9529
512 11.9529
513 11.9529
514 11.9529
515 11.9529
516 11.9529
517 11.9529
518 11.9529
519 11.9529
520 11.9529
521 11.9529
522 11.9529
523 11.9529
524 11.9529
525 11.9529
526 11.9529
527 11.9529
528 11.9529
529 11.9529
530 11.9529
531 11.9529
532 11.9529
533 11.9529
534 11.9529
535 11.9529
536 11.9529
537 11.9529
538 11.9529
539 11.9529
540 11.9529
541 11.9529
542 11.9529
543 11.9529
544 11.9529
545 11.9529
546 11.9529
547 11.9529
548 11.9529
549 11.9529
550 11.9529
551 11.9529
552 11.9529
