1 11.9706
2 11.9706
3 11.9706
4 11.9706
5 11.9706
6 11.9706
7 11.9706
8 11.9706
9 11.9706
10 11.9706
11 11.9706
12 11.9706
13 11.9706
14 11.9706
15 11.9706
16 11.9706
17 11.9706
18 11.9706
19 11.9706
20 11.9706
21 11.9706
22 11.9706
23 11.9706
24 11.9706
25 11.9706
26 11.9706
27 11.9706
28 11.9706
29 11.9706
30 11.9706
31 11.9706
32 11.9706
33 11.9706
34 11.9706
35 11.9706
36 11.9706
37 11.9706
38 11.9706
39 11.9706
40 11.9706
41 11.9706
42 11.9706
43 11.9706
44 11.9706
45 11.9706
46 11.9706
47 11.9706
48 11.9706
49 11.9706
50 11.9706
51 11.9706
52 11.9706
53 11.9706
54 11.9706
55 11.9706
56 11.9706
57 11.9706
58 11.9706
59 11.9706
60 11.9706
61 11.9706
62 11.9706
63 11.9706
64 11.9706
65 11.9706
66 11.9706
67 11.9706
68 11.9706
69 11.9706
70 11.9706
71 11.9706
72 11.9706
73 11.9706
74 11.9706
75 11.9706
76 11.9706
77 11.9706
78 11.9706
79 11.9706
80 11.9706
81 11.9706
82 11.9706
83 11.9706
84 11.9706
85 11.9706
86 11.9706
87 11.9706
88 11.9706
89 11.9706
90 11.9706
91 11.9706
92 11.9706
93 11.9706
94 11.9706
95 11.9706
96 11.9706
97 11.9706
98 11.9706
99 11.9706
100 11.9706
101 11.9706
102 11.9706
103 11.9706
104 11.9706
105 11.9706
106 11.9706
107 11.9706
108 11.9706
109 11.9706
110 11.9706
111 11.9706
112 11.9706
113 11.9706
114 11.9706
115 11.9706
116 11.9706
117 11.9706
118 11.9706
119 11.9706
120 11.9706
121 11.9706
122 11.9706
123 11.9706
124 11.9706
125 11.9706
126 11.9706
127 11.9706
128 11.9706
129 11.9706
130 11.9706
131 11.9706
132 11.9706
133 11.9706
134 11.9706
135 11.9706
136 11.9706
137 11.9706
138 11.9706
139 11.9706
140 11.9706
141 11.9706
142 11.9706
143 11.9706
144 11.9706
145 11.9706
146 11.9706
147 11.9706
148 11.9706
149 11.9706
150 11.9706
151 11.9706
152 11.9706
153 11.9706
154 11.9706
155 11.9706
156 11.9706
157 11.9706
158 11.9706
159 11.9706
160 11.9706
161 11.9706
162 11.9706
163 11.9706
164 11.9706
165 11.9706
166 11.9706
167 11.9706
168 11.9706
169 11.9706
170 11.9706
171 11.9706
172 11.9706
173 11.9706
174 11.9706
175 11.9706
176 11.9706
177 11.9706
178 11.9706
179 11.9706
180 11.9706
181 11.9706
182 11.9706
183 11.9706
184 11.9706
185 11.9706
186 11.9706
187 11.9706
188 11.9706
189 11.9706
190 11.9706
191 11.9706
192 11.9706
193 11.9706
194 11.9706
195 11.9706
196 11.9706
197 11.9706
198 11.9706
199 11.9706
200 11.9706
201 11.9706
202 11.9706
203 11.9706
204 11.9706
205 11.9706
206 11.9706
207 11.9706
208 11.9706
209 11.9706
210 11.9706
211 11.9706
212 11.9706
213 11.9706
214 11.9706
215 11.9706
216 11.9706
217 11.9706
218 11.9706
219 11.9706
220 11.9706
221 11.9706
222 11.9706
223 11.9706
224 11.9706
225 11.9706
226 11.9706
227 11.9706
228 11.9706
229 11.9706
230 11.9706
231 11.9706
232 11.9706
233 11.9449
234 11.575
235 10.9826
236 10.3354
237 9.65375
238 8.96673
239 8.29013
240 7.63006
241 6.98895
242 6.3669
243 5.76267
244 5.17415
245 4.59867
246 4.0332
247 3.47473
248 2.92064
249 2.36917
250 1.81988
251 1.27381
252 1.29283
253 1.3361
254 1.36659
255 1.38393
256 1.39269
257 1.40623
258 1.41271
259 1.42255
260 1.42689
261 1.42863
262 1.42927
263 1.42948
264 1.4298
265 1.42989
266 1.43002
267 1.43006
268 1.43006
269 1.43007
270 1.43009
271 1.43011
272 1.43011
273 1.43011
274 1.43012
275 1.43012
276 1.43012
277 1.43011
278 1.43011
279 1.4301
280 1.43008
281 1.43003
282 1.42982
283 1.42966
284 1.42953
285 1.42911
286 1.42781
287 1.4242
288 1.41534
289 1.39742
290 1.37535
291 1.35144
292 1.33739
293 1.30795
294 1.30883
295 1.27157
296 1.23415
297 1.18402
298 1.16292
299 1.767
300 2.39679
301 3.05147
302 3.73007
303 4.4315
304 5.15451
305 5.89772
306 6.65951
307 7.43758
308 8.22792
309 9.02254
310 9.80577
311 10.5498
312 11.2112
313 11.7282
314 11.9751
315 12
316 11.9706
317 11.9706
318 11.9706
319 11.9706
320 11.9706
321 11.9706
322 11.9706
323 11.9706
324 11.9706
325 11.9706
326 11.9706
327 11.9706
328 11.9706
329 11.9706
330 11.9706
331 11.9706
332 11.9706
333 11.9706
334 11.9706
335 11.9706
336 11.9706
337 11.9706
338 11.9706
339 11.9706
340 11.9706
341 11.9706
342 11.9706
343 11.9706
344 11.9706
345 11.9706
346 11.9706
347 11.9706
348 11.9706
349 11.9706
350 11.9706
351 11.9706
352 11.9706
353 11.9706
354 11.9706
355 11.9706
356 11.9706
357 11.9706
358 11.9706
359 11.9706
360 11.9706
361 11.9706
362 11.9706
363 11.9706
364 11.9706
365 11.9706
366 11.9706
367 11.9706
368 11.9706
369 11.9706
370 11.9706
371 11.9706
372 11.9706
373 11.9706
374 11.9706
375 11.9706
376 11.9706
377 11.9706
378 11.9706
379 11.9706
380 11.9706
381 11.9706
382 11.9706
383 11.9706
384 11.9706
385 11.9706
386 11.9706
387 11.9706
388 11.9706
389 11.9706
390 11.9706
391 11.9706
392 11.9706
393 11.9706
394 11.9706
395 11.9706
396 11.9706
397 11.9706
398 11.9706
399 11.9706
400 11.9706
401 11.9706
402 11.9706
403 11.9706
404 11.9706
405 11.9706
406 11.9706
407 11.9706
408 11.9706
409 11.9706
410 11.9706
411 11.9706
412 11.9706
413 11.9706
414 11.9706
415 11.9706
416 11.9706
417 11.9706
418 11.9706
419 11.9706
420 11.9706
421 11.9706
422 11.9706
423 11.9706
424 11.9706
425 11.9706
426 11.9706
427 11.9706
428 11.9706
429 11.9706
430 11.9706
431 11.9706
432 11.9706
433 11.9706
434 11.9706
435 11.9706
436 11.9706
437 11.9706
438 11.9706
439 11.9706
440 11.9706
441 11.9706
442 11.9706
443 11.9706
444 11.9706
445 11.9706
446 11.9706
447 11.9706
448 11.9706
449 11.9706
450 11.9706
451 11.9706
452 11.9706
453 11.9706
454 11.9706
455 11.9706
456 11.9706
457 11.9706
458 11.9706
459 11.9706
460 11.9706
461 11.9706
462 11.9706
463 11.9706
464 11.9706
465 11.9706
466 11.9706
467 11.9706
468 11.9706
469 11.9706
470 11.9706
471 11.9706
472 11.9706
473 11.9706
474 11.9706
475 11.9706
476 11.9706
477 11.9706
478 11.9706
479 11.9706
480 11.9706
481 11.9706
482 11.9706
483 11.9706
484 11.9706
485 11.9706
486 11.9706
487 11.9706
488 11.9706
489 11.9706
490 11.9706
491 11.9706
492 11.9706
493 11.9706
494 11.9706
495 11.9706
496 11.9706
497 11.9706
498 11.9706
499 11.9706
500 11.9706
501 11.9706
502 11.9706
503 11.9706
504 11.9706
505 11.9706
506 11.9706
507 11.9706
508 11.9706
509 11.9706
510 11.9706
511 11.9706
512 11.9706
513 11.9706
514 11.9706
515 11.9706
516 11.9706
517 11.9706
518 11.9706
519 11.9706
520 11.9706
521 11.9706
522 11.9706
523 11.9706
524 11.9706
525 11.9706
526 11.9706
527 11.9706
528 11.9706
529 11.9706
530 11.9706
531 11.9706
532 11.9706
533 11.9706
534 11.9706
535 11.9706
536 11.9706
537 11.9706
538 11.9706
539 11.9706
540 11.9706
541 11.9706
542 11.9706
543 11.9706
544 11.9706
545 11.9706
546 11.9706
547 11.9706
548 11.9706
549 11.9706
550 11.9706
551 11.9706
552 11.9706
