1 11.9495
2 11.9495
3 11.9495
4 11.9495
5 11.9495
6 11.9495
7 11.9495
8 11.9495
9 11.9495
10 11.9495
11 11.9495
12 11.9495
13 11.9495
14 11.9495
15 11.9495
16 11.9495
17 11.9495
18 11.9495
19 11.9495
20 11.9495
21 11.9495
22 11.9495
23 11.9495
24 11.9495
25 11.9495
26 11.9495
27 11.9495
28 11.9495
29 11.9495
30 11.9495
31 11.9495
32 11.9495
33 11.9495
34 11.9495
35 11.9495
36 11.9495
37 11.9495
38 11.9495
39 11.9495
40 11.9495
41 11.9495
42 11.9495
43 11.9495
44 11.9495
45 11.9495
46 11.9495
47 11.9495
48 11.9495
49 11.9495
50 11.9495
51 11.9495
52 11.9495
53 11.9495
54 11.9495
55 11.9495
56 11.9495
57 11.9495
58 11.9495
59 11.9495
60 11.9495
61 11.9495
62 11.9495
63 11.9495
64 11.9495
65 11.9495
66 11.9495
67 11.9495
68 11.9495
69 11.9495
70 11.9495
71 11.9495
72 11.9495
73 11.9495
74 11.9495
75 11.9495
76 11.9495
77 11.9495
78 11.9495
79 11.9495
80 11.9495
81 11.9495
82 11.9495
83 11.9495
84 11.9495
85 11.9495
86 11.9495
87 11.9495
88 11.9495
89 11.9495
90 11.9495
91 11.9495
92 11.9495
93 11.9495
94 11.9495
95 11.9495
96 11.9495
97 11.9495
98 11.9495
99 11.9495
100 11.9495
101 11.9495
102 11.9495
103 11.9495
104 11.9495
105 11.9495
106 11.9495
107 11.9495
108 11.9495
109 11.9495
110 11.9495
111 11.9495
112 11.9495
113 11.9495
114 11.9495
115 11.9495
116 11.9495
117 11.9495
118 11.9495
119 11.9495
120 11.9495
121 11.9495
122 11.9495
123 11.9495
124 11.9495
125 11.9495
126 11.9495
127 11.9495
128 11.9495
129 11.9495
130 11.9495
131 11.9495
132 11.9495
133 11.9495
134 11.9495
135 11.9495
136 11.9495
137 11.9495
138 11.9495
139 11.9495
140 11.9495
141 11.9495
142 11.9495
143 11.9495
144 11.9495
145 11.9495
146 11.9495
147 11.9495
148 11.9495
149 11.9495
150 11.9495
151 11.9495
152 11.9495
153 11.9495
154 11.9495
155 11.9495
156 11.9495
157 11.9495
158 11.9495
159 11.9495
160 11.9495
161 11.9495
162 11.9495
163 11.9495
164 11.9495
165 11.9495
166 11.9495
167 11.9495
168 11.9495
169 11.9495
170 11.9495
171 11.9495
172 11.9495
173 11.9495
174 11.9495
175 11.9495
176 11.9495
177 11.9495
178 11.9495
179 11.9495
180 11.9495
181 11.9495
182 11.9495
183 11.9495
184 11.9495
185 11.9495
186 11.9495
187 11.9495
188 11.9495
189 11.9495
190 11.9495
191 11.9495
192 11.9495
193 11.9495
194 11.9495
195 11.9495
196 11.9495
197 11.9495
198 11.9495
199 11.9495
200 11.9495
201 11.9495
202 11.9495
203 11.9495
204 11.9495
205 11.9495
206 11.9495
207 11.9495
208 11.9495
209 11.9495
210 11.9495
211 11.9495
212 11.9495
213 11.9495
214 11.9495
215 11.9495
216 11.9495
217 11.9495
218 11.9495
219 11.9495
220 11.9495
221 11.9495
222 11.9495
223 11.9495
224 11.9495
225 11.9495
226 11.9495
227 11.9495
228 11.9495
229 11.9495
230 11.9495
231 11.9495
232 11.9495
233 11.9495
234 11.9495
235 11.9495
236 11.9495
237 11.9495
238 11.9495
239 11.9495
240 11.9495
241 12
242 11.944
243 11.5013
244 10.8054
245 10.0512
246 9.30192
247 8.56744
248 7.84802
249 7.14659
250 6.46629
251 5.80944
252 5.82828
253 5.88397
254 5.93009
255 5.95885
256 5.9693
257 6.00201
258 6.01515
259 6.05349
260 6.07285
261 6.08245
262 6.11368
263 6.29771
264 6.3517
265 6.55804
266 6.6107
267 6.76127
268 7.35628
269 7.42851
270 6.94984
271 6.03515
272 5.90413
273 5.87913
274 5.63013
275 5.58868
276 5.59151
277 5.5991
278 5.59746
279 5.58136
280 5.58805
281 5.58172
282 5.56588
283 5.56598
284 5.58215
285 5.5858
286 5.57723
287 5.56334
288 5.56185
289 5.62754
290 6.04817
291 6.12039
292 6.54212
293 6.60118
294 6.986
295 7.02417
296 6.97664
297 6.92337
298 6.9144
299 7.63914
300 8.38971
301 9.16528
302 9.95245
303 10.7198
304 11.4018
305 11.8712
306 11.9959
307 11.9598
308 11.9495
309 11.9495
310 11.9495
311 11.9495
312 11.9495
313 11.9495
314 11.9495
315 11.9495
316 11.9495
317 11.9495
318 11.9495
319 11.9495
320 11.9495
321 11.9495
322 11.9495
323 11.9495
324 11.9495
325 11.9495
326 11.9495
327 11.9495
328 11.9495
329 11.9495
330 11.9495
331 11.9495
332 11.9495
333 11.9495
334 11.9495
335 11.9495
336 11.9495
337 11.9495
338 11.9495
339 11.9495
340 11.9495
341 11.9495
342 11.9495
343 11.9495
344 11.9495
345 11.9495
346 11.9495
347 11.9495
348 11.9495
349 11.9495
350 11.9495
351 11.9495
352 11.9495
353 11.9495
354 11.9495
355 11.9495
356 11.9495
357 11.9495
358 11.9495
359 11.9495
360 11.9495
361 11.9495
362 11.9495
363 11.9495
364 11.9495
365 11.9495
366 11.9495
367 11.9495
368 11.9495
369 11.9495
370 11.9495
371 11.9495
372 11.9495
373 11.9495
374 11.9495
375 11.9495
376 11.9495
377 11.9495
378 11.9495
379 11.9495
380 11.9495
381 11.9495
382 11.9495
383 11.9495
384 11.9495
385 11.9495
386 11.9495
387 11.9495
388 11.9495
389 11.9495
390 11.9495
391 11.9495
392 11.9495
393 11.9495
394 11.9495
395 11.9495
396 11.9495
397 11.9495
398 11.9495
399 11.9495
400 11.9495
401 11.9495
402 11.9495
403 11.9495
404 11.9495
405 11.9495
406 11.9495
407 11.9495
408 11.9495
409 11.9495
410 11.9495
411 11.9495
412 11.9495
413 11.9495
414 11.9495
415 11.9495
416 11.9495
417 11.9495
418 11.9495
419 11.9495
420 11.9495
421 11.9495
422 11.9495
423 11.9495
424 11.9495
425 11.9495
426 11.9495
427 11.9495
428 11.9495
429 11.9495
430 11.9495
431 11.9495
432 11.9495
433 11.9495
434 11.9495
435 11.9495
436 11.9495
437 11.9495
438 11.9495
439 11.9495
440 11.9495
441 11.9495
442 11.9495
443 11.9495
444 11.9495
445 11.9495
446 11.9495
447 11.9495
448 11.9495
449 11.9495
450 11.9495
451 11.9495
452 11.9495
453 11.9495
454 11.9495
455 11.9495
456 11.9495
457 11.9495
458 11.9495
459 11.9495
460 11.9495
461 11.9495
462 11.9495
463 11.9495
464 11.9495
465 11.9495
466 11.9495
467 11.9495
468 11.9495
469 11.9495
470 11.9495
471 11.9495
472 11.9495
473 11.9495
474 11.9495
475 11.9495
476 11.9495
477 11.9495
478 11.9495
479 11.9495
480 11.9495
481 11.9495
482 11.9495
483 11.9495
484 11.9495
485 11.9495
486 11.9495
487 11.9495
488 11.9495
489 11.9495
490 11.9495
491 11.9495
492 11.9495
493 11.9495
494 11.9495
495 11.9495
496 11.9495
497 11.9495
498 11.9495
499 11.9495
500 11.9495
501 11.9495
502 11.9495
503 11.9495
504 11.9495
505 11.9495
506 11.9495
507 11.9495
508 11.9495
509 11.9495
510 11.9495
511 11.9495
512 11.9495
513 11.9495
514 11.9495
515 11.9495
516 11.9495
517 11.9495
518 11.9495
519 11.9495
520 11.9495
521 11.9495
522 11.9495
523 11.9495
524 11.9495
525 11.9495
526 11.9495
527 11.9495
528 11.9495
529 11.9495
530 11.9495
531 11.9495
532 11.9495
533 11.9495
534 11.9495
535 11.9495
536 11.9495
537 11.9495
538 11.9495
539 11.9495
540 11.9495
541 11.9495
542 11.9495
543 11.9495
544 11.9495
545 11.9495
546 11.9495
547 11.9495
548 11.9495
549 11.9495
550 11.9495
551 11.9495
552 11.9495
