1 4.30828e-08
2 4.30828e-08
3 4.30828e-08
4 4.30828e-08
5 4.30828e-08
6 4.30828e-08
7 4.30828e-08
8 4.30828e-08
9 4.30828e-08
10 4.30828e-08
11 4.30828e-08
12 4.30828e-08
13 4.30828e-08
14 4.30828e-08
15 4.30828e-08
16 4.30828e-08
17 4.30828e-08
18 4.30828e-08
19 4.30828e-08
20 4.30828e-08
21 4.30828e-08
22 4.30828e-08
23 4.30828e-08
24 4.30828e-08
25 4.30828e-08
26 4.30828e-08
27 4.30828e-08
28 4.30828e-08
29 4.30828e-08
30 4.30828e-08
31 4.30828e-08
32 4.30828e-08
33 4.30828e-08
34 4.30828e-08
35 4.30828e-08
36 4.30828e-08
37 4.30828e-08
38 4.30828e-08
39 4.30828e-08
40 4.30828e-08
41 4.30828e-08
42 4.30828e-08
43 4.30828e-08
44 4.30828e-08
45 4.30828e-08
46 4.30828e-08
47 4.30828e-08
48 4.30828e-08
49 4.30828e-08
50 4.30828e-08
51 4.30828e-08
52 4.30828e-08
53 4.30828e-08
54 4.30828e-08
55 4.30828e-08
56 4.30828e-08
57 4.30828e-08
58 4.30828e-08
59 4.30828e-08
60 4.30828e-08
61 4.30828e-08
62 4.30828e-08
63 4.30828e-08
64 4.30828e-08
65 4.30828e-08
66 4.30828e-08
67 4.30828e-08
68 4.30828e-08
69 4.30828e-08
70 4.30828e-08
71 4.30828e-08
72 4.30828e-08
73 4.30828e-08
74 4.30828e-08
75 4.30828e-08
76 4.30828e-08
77 4.30828e-08
78 4.30828e-08
79 4.30828e-08
80 4.30828e-08
81 4.30828e-08
82 4.30828e-08
83 4.30828e-08
84 4.30828e-08
85 4.30828e-08
86 4.30828e-08
87 4.30828e-08
88 4.30828e-08
89 4.30828e-08
90 4.30828e-08
91 4.30828e-08
92 4.30828e-08
93 4.30828e-08
94 4.30828e-08
95 4.30828e-08
96 4.30828e-08
97 4.30828e-08
98 4.30828e-08
99 4.30828e-08
100 4.30828e-08
101 4.30828e-08
102 4.30828e-08
103 4.30828e-08
104 4.30828e-08
105 4.30828e-08
106 4.30828e-08
107 4.30828e-08
108 4.30828e-08
109 4.30828e-08
110 4.30828e-08
111 4.30828e-08
112 4.30828e-08
113 4.30828e-08
114 4.30828e-08
115 4.30828e-08
116 4.30828e-08
117 4.30828e-08
118 4.30828e-08
119 4.30828e-08
120 4.30828e-08
121 4.30828e-08
122 4.30828e-08
123 4.30828e-08
124 4.30828e-08
125 4.30828e-08
126 4.30828e-08
127 4.30828e-08
128 4.30828e-08
129 4.30828e-08
130 4.30828e-08
131 4.30828e-08
132 4.30828e-08
133 4.30828e-08
134 4.30828e-08
135 4.30828e-08
136 4.30828e-08
137 4.30828e-08
138 4.30828e-08
139 4.30828e-08
140 4.30828e-08
141 4.30828e-08
142 4.30828e-08
143 4.30828e-08
144 4.30828e-08
145 4.30828e-08
146 4.30828e-08
147 4.30828e-08
148 4.30828e-08
149 4.30828e-08
150 4.30828e-08
151 4.30828e-08
152 4.30828e-08
153 4.30828e-08
154 4.30828e-08
155 4.30828e-08
156 4.30828e-08
157 4.30828e-08
158 4.30828e-08
159 4.30828e-08
160 4.30828e-08
161 4.30828e-08
162 4.30828e-08
163 4.30828e-08
164 4.30828e-08
165 4.30828e-08
166 4.30828e-08
167 4.30828e-08
168 4.30828e-08
169 4.30828e-08
170 4.30828e-08
171 4.30828e-08
172 4.30828e-08
173 4.30828e-08
174 4.30828e-08
175 4.30828e-08
176 4.30828e-08
177 4.30828e-08
178 4.30828e-08
179 4.30828e-08
180 4.30828e-08
181 4.30828e-08
182 4.30828e-08
183 4.30828e-08
184 4.30828e-08
185 4.30828e-08
186 4.30828e-08
187 4.30828e-08
188 4.30828e-08
189 4.30828e-08
190 4.30828e-08
191 4.30828e-08
192 4.30828e-08
193 4.30828e-08
194 4.30828e-08
195 4.30828e-08
196 4.30828e-08
197 4.30828e-08
198 4.30828e-08
199 4.30828e-08
200 4.30828e-08
201 4.30828e-08
202 4.30828e-08
203 4.30828e-08
204 4.30828e-08
205 4.30828e-08
206 4.30828e-08
207 4.30828e-08
208 4.30828e-08
209 4.30828e-08
210 4.30828e-08
211 4.30828e-08
212 4.30828e-08
213 4.30828e-08
214 4.30828e-08
215 4.30828e-08
216 4.30828e-08
217 4.30828e-08
218 4.30828e-08
219 4.30828e-08
220 4.30828e-08
221 4.30828e-08
222 4.30828e-08
223 4.30828e-08
224 4.30828e-08
225 4.30828e-08
226 4.30828e-08
227 4.30828e-08
228 4.30828e-08
229 4.30828e-08
230 4.30828e-08
231 4.30828e-08
232 4.30828e-08
233 4.30828e-08
234 4.30828e-08
235 4.30828e-08
236 4.30828e-08
237 4.30828e-08
238 4.30828e-08
239 4.30828e-08
240 4.30828e-08
241 4.30828e-08
242 4.30828e-08
243 4.30828e-08
244 4.30828e-08
245 6.7574e-08
246 2.16879e-07
247 7.49314e-07
248 2.56021e-06
249 8.6144e-06
250 2.85834e-05
251 9.34687e-05
252 0.000131192
253 0.000152316
254 0.000162827
255 0.000165132
256 0.000157968
257 0.000163339
258 0.000158313
259 0.000167918
260 0.000166802
261 0.00015547
262 0.00013068
263 8.52645e-05
264 7.30083e-05
265 5.02648e-05
266 4.68968e-05
267 3.76172e-05
268 2.04348e-05
269 1.97213e-05
270 3.4065e-05
271 8.70758e-05
272 0.000118918
273 0.000137309
274 0.000204548
275 0.000245371
276 0.000268649
277 0.000278405
278 0.000274415
279 0.00025138
280 0.000259477
281 0.000249317
282 0.000216322
283 0.000219998
284 0.000261462
285 0.000276896
286 0.000276152
287 0.000262671
288 0.000235351
289 0.000188844
290 0.000112293
291 9.02088e-05
292 5.24078e-05
293 4.1742e-05
294 2.28667e-05
295 1.78851e-05
296 1.77874e-05
297 1.55437e-05
298 1.1118e-05
299 3.50123e-06
300 1.13004e-06
301 3.71146e-07
302 1.23664e-07
303 5.7423e-08
304 4.30828e-08
305 4.30828e-08
306 4.30828e-08
307 4.30828e-08
308 4.30828e-08
309 4.30828e-08
310 4.30828e-08
311 4.30828e-08
312 4.30828e-08
313 4.30828e-08
314 4.30828e-08
315 4.30828e-08
316 4.30828e-08
317 4.30828e-08
318 4.30828e-08
319 4.30828e-08
320 4.30828e-08
321 4.30828e-08
322 4.30828e-08
323 4.30828e-08
324 4.30828e-08
325 4.30828e-08
326 4.30828e-08
327 4.30828e-08
328 4.30828e-08
329 4.30828e-08
330 4.30828e-08
331 4.30828e-08
332 4.30828e-08
333 4.30828e-08
334 4.30828e-08
335 4.30828e-08
336 4.30828e-08
337 4.30828e-08
338 4.30828e-08
339 4.30828e-08
340 4.30828e-08
341 4.30828e-08
342 4.30828e-08
343 4.30828e-08
344 4.30828e-08
345 4.30828e-08
346 4.30828e-08
347 4.30828e-08
348 4.30828e-08
349 4.30828e-08
350 4.30828e-08
351 4.30828e-08
352 4.30828e-08
353 4.30828e-08
354 4.30828e-08
355 4.30828e-08
356 4.30828e-08
357 4.30828e-08
358 4.30828e-08
359 4.30828e-08
360 4.30828e-08
361 4.30828e-08
362 4.30828e-08
363 4.30828e-08
364 4.30828e-08
365 4.30828e-08
366 4.30828e-08
367 4.30828e-08
368 4.30828e-08
369 4.30828e-08
370 4.30828e-08
371 4.30828e-08
372 4.30828e-08
373 4.30828e-08
374 4.30828e-08
375 4.30828e-08
376 4.30828e-08
377 4.30828e-08
378 4.30828e-08
379 4.30828e-08
380 4.30828e-08
381 4.30828e-08
382 4.30828e-08
383 4.30828e-08
384 4.30828e-08
385 4.30828e-08
386 4.30828e-08
387 4.30828e-08
388 4.30828e-08
389 4.30828e-08
390 4.30828e-08
391 4.30828e-08
392 4.30828e-08
393 4.30828e-08
394 4.30828e-08
395 4.30828e-08
396 4.30828e-08
397 4.30828e-08
398 4.30828e-08
399 4.30828e-08
400 4.30828e-08
401 4.30828e-08
402 4.30828e-08
403 4.30828e-08
404 4.30828e-08
405 4.30828e-08
406 4.30828e-08
407 4.30828e-08
408 4.30828e-08
409 4.30828e-08
410 4.30828e-08
411 4.30828e-08
412 4.30828e-08
413 4.30828e-08
414 4.30828e-08
415 4.30828e-08
416 4.30828e-08
417 4.30828e-08
418 4.30828e-08
419 4.30828e-08
420 4.30828e-08
421 4.30828e-08
422 4.30828e-08
423 4.30828e-08
424 4.30828e-08
425 4.30828e-08
426 4.30828e-08
427 4.30828e-08
428 4.30828e-08
429 4.30828e-08
430 4.30828e-08
431 4.30828e-08
432 4.30828e-08
433 4.30828e-08
434 4.30828e-08
435 4.30828e-08
436 4.30828e-08
437 4.30828e-08
438 4.30828e-08
439 4.30828e-08
440 4.30828e-08
441 4.30828e-08
442 4.30828e-08
443 4.30828e-08
444 4.30828e-08
445 4.30828e-08
446 4.30828e-08
447 4.30828e-08
448 4.30828e-08
449 4.30828e-08
450 4.30828e-08
451 4.30828e-08
452 4.30828e-08
453 4.30828e-08
454 4.30828e-08
455 4.30828e-08
456 4.30828e-08
457 4.30828e-08
458 4.30828e-08
459 4.30828e-08
460 4.30828e-08
461 4.30828e-08
462 4.30828e-08
463 4.30828e-08
464 4.30828e-08
465 4.30828e-08
466 4.30828e-08
467 4.30828e-08
468 4.30828e-08
469 4.30828e-08
470 4.30828e-08
471 4.30828e-08
472 4.30828e-08
473 4.30828e-08
474 4.30828e-08
475 4.30828e-08
476 4.30828e-08
477 4.30828e-08
478 4.30828e-08
479 4.30828e-08
480 4.30828e-08
481 4.30828e-08
482 4.30828e-08
483 4.30828e-08
484 4.30828e-08
485 4.30828e-08
486 4.30828e-08
487 4.30828e-08
488 4.30828e-08
489 4.30828e-08
490 4.30828e-08
491 4.30828e-08
492 4.30828e-08
493 4.30828e-08
494 4.30828e-08
495 4.30828e-08
496 4.30828e-08
497 4.30828e-08
498 4.30828e-08
499 4.30828e-08
500 4.30828e-08
501 4.30828e-08
502 4.30828e-08
503 4.30828e-08
504 4.30828e-08
505 4.30828e-08
506 4.30828e-08
507 4.30828e-08
508 4.30828e-08
509 4.30828e-08
510 4.30828e-08
511 4.30828e-08
512 4.30828e-08
513 4.30828e-08
514 4.30828e-08
515 4.30828e-08
516 4.30828e-08
517 4.30828e-08
518 4.30828e-08
519 4.30828e-08
520 4.30828e-08
521 4.30828e-08
522 4.30828e-08
523 4.30828e-08
524 4.30828e-08
525 4.30828e-08
526 4.30828e-08
527 4.30828e-08
528 4.30828e-08
529 4.30828e-08
530 4.30828e-08
531 4.30828e-08
532 4.30828e-08
533 4.30828e-08
534 4.30828e-08
535 4.30828e-08
536 4.30828e-08
537 4.30828e-08
538 4.30828e-08
539 4.30828e-08
540 4.30828e-08
541 4.30828e-08
542 4.30828e-08
543 4.30828e-08
544 4.30828e-08
545 4.30828e-08
546 4.30828e-08
547 4.30828e-08
548 4.30828e-08
549 4.30828e-08
550 4.30828e-08
551 4.30828e-08
552 4.30828e-08
