1 3.624e-09
2 3.624e-09
3 3.624e-09
4 3.624e-09
5 3.624e-09
6 3.624e-09
7 3.624e-09
8 3.624e-09
9 3.624e-09
10 3.624e-09
11 3.624e-09
12 3.624e-09
13 3.624e-09
14 3.624e-09
15 3.624e-09
16 3.624e-09
17 3.624e-09
18 3.624e-09
19 3.624e-09
20 3.624e-09
21 3.624e-09
22 3.624e-09
23 3.624e-09
24 3.624e-09
25 3.624e-09
26 3.624e-09
27 3.624e-09
28 3.624e-09
29 3.624e-09
30 3.624e-09
31 3.624e-09
32 3.624e-09
33 3.624e-09
34 3.624e-09
35 3.624e-09
36 3.624e-09
37 3.624e-09
38 3.624e-09
39 3.624e-09
40 3.624e-09
41 3.624e-09
42 3.624e-09
43 3.624e-09
44 3.624e-09
45 3.624e-09
46 3.624e-09
47 3.624e-09
48 3.624e-09
49 3.624e-09
50 3.624e-09
51 3.624e-09
52 3.624e-09
53 3.624e-09
54 3.624e-09
55 3.624e-09
56 3.624e-09
57 3.624e-09
58 3.624e-09
59 3.624e-09
60 3.624e-09
61 3.624e-09
62 3.624e-09
63 3.624e-09
64 3.624e-09
65 3.624e-09
66 3.624e-09
67 3.624e-09
68 3.624e-09
69 3.624e-09
70 3.624e-09
71 3.624e-09
72 3.624e-09
73 3.624e-09
74 3.624e-09
75 3.624e-09
76 3.624e-09
77 3.624e-09
78 3.624e-09
79 3.624e-09
80 3.624e-09
81 3.624e-09
82 3.624e-09
83 3.624e-09
84 3.624e-09
85 3.624e-09
86 3.624e-09
87 3.624e-09
88 3.624e-09
89 3.624e-09
90 3.624e-09
91 3.624e-09
92 3.624e-09
93 3.624e-09
94 3.624e-09
95 3.624e-09
96 3.624e-09
97 3.624e-09
98 3.624e-09
99 3.624e-09
100 3.624e-09
101 3.624e-09
102 3.624e-09
103 3.624e-09
104 3.624e-09
105 3.624e-09
106 3.624e-09
107 3.624e-09
108 3.624e-09
109 3.624e-09
110 3.624e-09
111 3.624e-09
112 3.624e-09
113 3.624e-09
114 3.624e-09
115 3.624e-09
116 3.624e-09
117 3.624e-09
118 3.624e-09
119 3.624e-09
120 3.624e-09
121 3.624e-09
122 3.624e-09
123 3.624e-09
124 3.624e-09
125 3.624e-09
126 3.624e-09
127 3.624e-09
128 3.624e-09
129 3.624e-09
130 3.624e-09
131 3.624e-09
132 3.624e-09
133 3.624e-09
134 3.624e-09
135 3.624e-09
136 3.624e-09
137 3.624e-09
138 3.624e-09
139 3.624e-09
140 3.624e-09
141 3.624e-09
142 3.624e-09
143 3.624e-09
144 3.624e-09
145 3.624e-09
146 3.624e-09
147 3.624e-09
148 3.624e-09
149 3.624e-09
150 3.624e-09
151 3.624e-09
152 3.624e-09
153 3.624e-09
154 3.624e-09
155 3.624e-09
156 3.624e-09
157 3.624e-09
158 3.624e-09
159 3.624e-09
160 3.624e-09
161 3.624e-09
162 3.624e-09
163 3.624e-09
164 3.624e-09
165 3.624e-09
166 3.624e-09
167 3.624e-09
168 3.624e-09
169 3.624e-09
170 3.624e-09
171 3.624e-09
172 3.624e-09
173 3.624e-09
174 3.624e-09
175 3.624e-09
176 3.624e-09
177 3.624e-09
178 3.624e-09
179 3.624e-09
180 3.624e-09
181 3.624e-09
182 3.624e-09
183 3.624e-09
184 3.624e-09
185 3.624e-09
186 3.624e-09
187 3.624e-09
188 3.624e-09
189 3.624e-09
190 3.624e-09
191 3.624e-09
192 3.624e-09
193 3.624e-09
194 3.624e-09
195 3.624e-09
196 3.624e-09
197 3.624e-09
198 3.624e-09
199 3.624e-09
200 3.624e-09
201 3.624e-09
202 3.624e-09
203 3.624e-09
204 3.624e-09
205 3.624e-09
206 3.624e-09
207 3.624e-09
208 3.624e-09
209 3.624e-09
210 3.624e-09
211 3.624e-09
212 3.624e-09
213 3.624e-09
214 3.624e-09
215 3.624e-09
216 3.624e-09
217 3.624e-09
218 3.624e-09
219 3.624e-09
220 3.624e-09
221 3.624e-09
222 3.624e-09
223 3.624e-09
224 3.624e-09
225 3.624e-09
226 3.624e-09
227 3.624e-09
228 3.624e-09
229 3.624e-09
230 3.624e-09
231 3.624e-09
232 3.624e-09
233 3.624e-09
234 3.624e-09
235 6.36046e-09
236 2.04431e-08
237 7.0518e-08
238 2.41201e-07
239 8.17331e-07
240 2.74046e-06
241 9.112e-06
242 3.00083e-05
243 9.76314e-05
244 0.000312887
245 0.000984967
246 0.00303849
247 0.00916835
248 0.0270252
249 0.0777652
250 0.218412
251 0.598951
252 0.782882
253 0.869863
254 0.910167
255 0.928488
256 0.936667
257 0.956281
258 0.964723
259 0.984201
260 0.992238
261 0.995471
262 0.996735
263 0.997213
264 0.998173
265 0.99851
266 0.999137
267 0.99934
268 0.999402
269 0.999504
270 0.999663
271 0.999899
272 0.99996
273 0.999974
274 0.999994
275 0.999998
276 0.999995
277 0.99998
278 0.99992
279 0.999687
280 0.99953
281 0.998978
282 0.997132
283 0.996055
284 0.995457
285 0.993722
286 0.988913
287 0.976177
288 0.94389
289 0.865449
290 0.682582
291 0.60768
292 0.446169
293 0.384783
294 0.261525
295 0.217733
296 0.202642
297 0.174983
298 0.12556
299 0.0391845
300 0.0120925
301 0.00371397
302 0.00114463
303 0.000357578
304 0.000114475
305 3.79099e-05
306 1.30453e-05
307 4.65227e-06
308 1.70332e-06
309 6.31746e-07
310 2.33877e-07
311 8.48847e-08
312 3.01274e-08
313 1.11891e-08
314 5.15902e-09
315 3.624e-09
316 3.624e-09
317 3.624e-09
318 3.624e-09
319 3.624e-09
320 3.624e-09
321 3.624e-09
322 3.624e-09
323 3.624e-09
324 3.624e-09
325 3.624e-09
326 3.624e-09
327 3.624e-09
328 3.624e-09
329 3.624e-09
330 3.624e-09
331 3.624e-09
332 3.624e-09
333 3.624e-09
334 3.624e-09
335 3.624e-09
336 3.624e-09
337 3.624e-09
338 3.624e-09
339 3.624e-09
340 3.624e-09
341 3.624e-09
342 3.624e-09
343 3.624e-09
344 3.624e-09
345 3.624e-09
346 3.624e-09
347 3.624e-09
348 3.624e-09
349 3.624e-09
350 3.624e-09
351 3.624e-09
352 3.624e-09
353 3.624e-09
354 3.624e-09
355 3.624e-09
356 3.624e-09
357 3.624e-09
358 3.624e-09
359 3.624e-09
360 3.624e-09
361 3.624e-09
362 3.624e-09
363 3.624e-09
364 3.624e-09
365 3.624e-09
366 3.624e-09
367 3.624e-09
368 3.624e-09
369 3.624e-09
370 3.624e-09
371 3.624e-09
372 3.624e-09
373 3.624e-09
374 3.624e-09
375 3.624e-09
376 3.624e-09
377 3.624e-09
378 3.624e-09
379 3.624e-09
380 3.624e-09
381 3.624e-09
382 3.624e-09
383 3.624e-09
384 3.624e-09
385 3.624e-09
386 3.624e-09
387 3.624e-09
388 3.624e-09
389 3.624e-09
390 3.624e-09
391 3.624e-09
392 3.624e-09
393 3.624e-09
394 3.624e-09
395 3.624e-09
396 3.624e-09
397 3.624e-09
398 3.624e-09
399 3.624e-09
400 3.624e-09
401 3.624e-09
402 3.624e-09
403 3.624e-09
404 3.624e-09
405 3.624e-09
406 3.624e-09
407 3.624e-09
408 3.624e-09
409 3.624e-09
410 3.624e-09
411 3.624e-09
412 3.624e-09
413 3.624e-09
414 3.624e-09
415 3.624e-09
416 3.624e-09
417 3.624e-09
418 3.624e-09
419 3.624e-09
420 3.624e-09
421 3.624e-09
422 3.624e-09
423 3.624e-09
424 3.624e-09
425 3.624e-09
426 3.624e-09
427 3.624e-09
428 3.624e-09
429 3.624e-09
430 3.624e-09
431 3.624e-09
432 3.624e-09
433 3.624e-09
434 3.624e-09
435 3.624e-09
436 3.624e-09
437 3.624e-09
438 3.624e-09
439 3.624e-09
440 3.624e-09
441 3.624e-09
442 3.624e-09
443 3.624e-09
444 3.624e-09
445 3.624e-09
446 3.624e-09
447 3.624e-09
448 3.624e-09
449 3.624e-09
450 3.624e-09
451 3.624e-09
452 3.624e-09
453 3.624e-09
454 3.624e-09
455 3.624e-09
456 3.624e-09
457 3.624e-09
458 3.624e-09
459 3.624e-09
460 3.624e-09
461 3.624e-09
462 3.624e-09
463 3.624e-09
464 3.624e-09
465 3.624e-09
466 3.624e-09
467 3.624e-09
468 3.624e-09
469 3.624e-09
470 3.624e-09
471 3.624e-09
472 3.624e-09
473 3.624e-09
474 3.624e-09
475 3.624e-09
476 3.624e-09
477 3.624e-09
478 3.624e-09
479 3.624e-09
480 3.624e-09
481 3.624e-09
482 3.624e-09
483 3.624e-09
484 3.624e-09
485 3.624e-09
486 3.624e-09
487 3.624e-09
488 3.624e-09
489 3.624e-09
490 3.624e-09
491 3.624e-09
492 3.624e-09
493 3.624e-09
494 3.624e-09
495 3.624e-09
496 3.624e-09
497 3.624e-09
498 3.624e-09
499 3.624e-09
500 3.624e-09
501 3.624e-09
502 3.624e-09
503 3.624e-09
504 3.624e-09
505 3.624e-09
506 3.624e-09
507 3.624e-09
508 3.624e-09
509 3.624e-09
510 3.624e-09
511 3.624e-09
512 3.624e-09
513 3.624e-09
514 3.624e-09
515 3.624e-09
516 3.624e-09
517 3.624e-09
518 3.624e-09
519 3.624e-09
520 3.624e-09
521 3.624e-09
522 3.624e-09
523 3.624e-09
524 3.624e-09
525 3.624e-09
526 3.624e-09
527 3.624e-09
528 3.624e-09
529 3.624e-09
530 3.624e-09
531 3.624e-09
532 3.624e-09
533 3.624e-09
534 3.624e-09
535 3.624e-09
536 3.624e-09
537 3.624e-09
538 3.624e-09
539 3.624e-09
540 3.624e-09
541 3.624e-09
542 3.624e-09
543 3.624e-09
544 3.624e-09
545 3.624e-09
546 3.624e-09
547 3.624e-09
548 3.624e-09
549 3.624e-09
550 3.624e-09
551 3.624e-09
552 3.624e-09
