1 1.8219e-08
2 1.8219e-08
3 1.8219e-08
4 1.8219e-08
5 1.8219e-08
6 1.8219e-08
7 1.8219e-08
8 1.8219e-08
9 1.8219e-08
10 1.8219e-08
11 1.8219e-08
12 1.8219e-08
13 1.8219e-08
14 1.8219e-08
15 1.8219e-08
16 1.8219e-08
17 1.8219e-08
18 1.8219e-08
19 1.8219e-08
20 1.8219e-08
21 1.8219e-08
22 1.8219e-08
23 1.8219e-08
24 1.8219e-08
25 1.8219e-08
26 1.8219e-08
27 1.8219e-08
28 1.8219e-08
29 1.8219e-08
30 1.8219e-08
31 1.8219e-08
32 1.8219e-08
33 1.8219e-08
34 1.8219e-08
35 1.8219e-08
36 1.8219e-08
37 1.8219e-08
38 1.8219e-08
39 1.8219e-08
40 1.8219e-08
41 1.8219e-08
42 1.8219e-08
43 1.8219e-08
44 1.8219e-08
45 1.8219e-08
46 1.8219e-08
47 1.8219e-08
48 1.8219e-08
49 1.8219e-08
50 1.8219e-08
51 1.8219e-08
52 1.8219e-08
53 1.8219e-08
54 1.8219e-08
55 1.8219e-08
56 1.8219e-08
57 1.8219e-08
58 1.8219e-08
59 1.8219e-08
60 1.8219e-08
61 1.8219e-08
62 1.8219e-08
63 1.8219e-08
64 1.8219e-08
65 1.8219e-08
66 1.8219e-08
67 1.8219e-08
68 1.8219e-08
69 1.8219e-08
70 1.8219e-08
71 1.8219e-08
72 1.8219e-08
73 1.8219e-08
74 1.8219e-08
75 1.8219e-08
76 1.8219e-08
77 1.8219e-08
78 1.8219e-08
79 1.8219e-08
80 1.8219e-08
81 1.8219e-08
82 1.8219e-08
83 1.8219e-08
84 1.8219e-08
85 1.8219e-08
86 1.8219e-08
87 1.8219e-08
88 1.8219e-08
89 1.8219e-08
90 1.8219e-08
91 1.8219e-08
92 1.8219e-08
93 1.8219e-08
94 1.8219e-08
95 1.8219e-08
96 1.8219e-08
97 1.8219e-08
98 1.8219e-08
99 1.8219e-08
100 1.8219e-08
101 1.8219e-08
102 1.8219e-08
103 1.8219e-08
104 1.8219e-08
105 1.8219e-08
106 1.8219e-08
107 1.8219e-08
108 1.8219e-08
109 1.8219e-08
110 1.8219e-08
111 1.8219e-08
112 1.8219e-08
113 1.8219e-08
114 1.8219e-08
115 1.8219e-08
116 1.8219e-08
117 1.8219e-08
118 1.8219e-08
119 1.8219e-08
120 1.8219e-08
121 1.8219e-08
122 1.8219e-08
123 1.8219e-08
124 1.8219e-08
125 1.8219e-08
126 1.8219e-08
127 1.8219e-08
128 1.8219e-08
129 1.8219e-08
130 1.8219e-08
131 1.8219e-08
132 1.8219e-08
133 1.8219e-08
134 1.8219e-08
135 1.8219e-08
136 1.8219e-08
137 1.8219e-08
138 1.8219e-08
139 1.8219e-08
140 1.8219e-08
141 1.8219e-08
142 1.8219e-08
143 1.8219e-08
144 1.8219e-08
145 1.8219e-08
146 1.8219e-08
147 1.8219e-08
148 1.8219e-08
149 1.8219e-08
150 1.8219e-08
151 1.8219e-08
152 1.8219e-08
153 1.8219e-08
154 1.8219e-08
155 1.8219e-08
156 1.8219e-08
157 1.8219e-08
158 1.8219e-08
159 1.8219e-08
160 1.8219e-08
161 1.8219e-08
162 1.8219e-08
163 1.8219e-08
164 1.8219e-08
165 1.8219e-08
166 1.8219e-08
167 1.8219e-08
168 1.8219e-08
169 1.8219e-08
170 1.8219e-08
171 1.8219e-08
172 1.8219e-08
173 1.8219e-08
174 1.8219e-08
175 1.8219e-08
176 1.8219e-08
177 1.8219e-08
178 1.8219e-08
179 1.8219e-08
180 1.8219e-08
181 1.8219e-08
182 1.8219e-08
183 1.8219e-08
184 1.8219e-08
185 1.8219e-08
186 1.8219e-08
187 1.8219e-08
188 1.8219e-08
189 1.8219e-08
190 1.8219e-08
191 1.8219e-08
192 1.8219e-08
193 1.8219e-08
194 1.8219e-08
195 1.8219e-08
196 1.8219e-08
197 1.8219e-08
198 1.8219e-08
199 1.8219e-08
200 1.8219e-08
201 1.8219e-08
202 1.8219e-08
203 1.8219e-08
204 1.8219e-08
205 1.8219e-08
206 1.8219e-08
207 1.8219e-08
208 1.8219e-08
209 1.8219e-08
210 1.8219e-08
211 1.8219e-08
212 1.8219e-08
213 1.8219e-08
214 1.8219e-08
215 1.8219e-08
216 1.8219e-08
217 1.8219e-08
218 1.8219e-08
219 1.8219e-08
220 1.8219e-08
221 1.8219e-08
222 1.8219e-08
223 1.8219e-08
224 1.8219e-08
225 1.8219e-08
226 1.8219e-08
227 1.8219e-08
228 1.8219e-08
229 1.8219e-08
230 1.8219e-08
231 1.8219e-08
232 1.8219e-08
233 1.8219e-08
234 1.8219e-08
235 1.8219e-08
236 1.8219e-08
237 1.8219e-08
238 1.8219e-08
239 1.8219e-08
240 1.8219e-08
241 1.8219e-08
242 1.8219e-08
243 1.8219e-08
244 1.8219e-08
245 1.8219e-08
246 1.8219e-08
247 2.89529e-08
248 1.06456e-07
249 4.39171e-07
250 1.64101e-06
251 5.86664e-06
252 8.42629e-06
253 9.79927e-06
254 1.02072e-05
255 9.60673e-06
256 7.68131e-06
257 7.98744e-06
258 7.27167e-06
259 8.72579e-06
260 9.03886e-06
261 8.4069e-06
262 6.79064e-06
263 3.93311e-06
264 3.36287e-06
265 2.1305e-06
266 2.09387e-06
267 1.61236e-06
268 6.25385e-07
269 5.44528e-07
270 1.28073e-06
271 4.24625e-06
272 6.0753e-06
273 7.00872e-06
274 1.11034e-05
275 1.3426e-05
276 1.44282e-05
277 1.42608e-05
278 1.27725e-05
279 9.50886e-06
280 9.59313e-06
281 8.52767e-06
282 6.11613e-06
283 6.86759e-06
284 1.18312e-05
285 1.44788e-05
286 1.55173e-05
287 1.53036e-05
288 1.38778e-05
289 1.09508e-05
290 5.89355e-06
291 4.59531e-06
292 2.30263e-06
293 1.84477e-06
294 8.91066e-07
295 8.20555e-07
296 1.31068e-06
297 1.37264e-06
298 1.07483e-06
299 3.37436e-07
300 1.02995e-07
301 3.33772e-08
302 1.8219e-08
303 1.8219e-08
304 1.8219e-08
305 1.8219e-08
306 1.8219e-08
307 1.8219e-08
308 1.8219e-08
309 1.8219e-08
310 1.8219e-08
311 1.8219e-08
312 1.8219e-08
313 1.8219e-08
314 1.8219e-08
315 1.8219e-08
316 1.8219e-08
317 1.8219e-08
318 1.8219e-08
319 1.8219e-08
320 1.8219e-08
321 1.8219e-08
322 1.8219e-08
323 1.8219e-08
324 1.8219e-08
325 1.8219e-08
326 1.8219e-08
327 1.8219e-08
328 1.8219e-08
329 1.8219e-08
330 1.8219e-08
331 1.8219e-08
332 1.8219e-08
333 1.8219e-08
334 1.8219e-08
335 1.8219e-08
336 1.8219e-08
337 1.8219e-08
338 1.8219e-08
339 1.8219e-08
340 1.8219e-08
341 1.8219e-08
342 1.8219e-08
343 1.8219e-08
344 1.8219e-08
345 1.8219e-08
346 1.8219e-08
347 1.8219e-08
348 1.8219e-08
349 1.8219e-08
350 1.8219e-08
351 1.8219e-08
352 1.8219e-08
353 1.8219e-08
354 1.8219e-08
355 1.8219e-08
356 1.8219e-08
357 1.8219e-08
358 1.8219e-08
359 1.8219e-08
360 1.8219e-08
361 1.8219e-08
362 1.8219e-08
363 1.8219e-08
364 1.8219e-08
365 1.8219e-08
366 1.8219e-08
367 1.8219e-08
368 1.8219e-08
369 1.8219e-08
370 1.8219e-08
371 1.8219e-08
372 1.8219e-08
373 1.8219e-08
374 1.8219e-08
375 1.8219e-08
376 1.8219e-08
377 1.8219e-08
378 1.8219e-08
379 1.8219e-08
380 1.8219e-08
381 1.8219e-08
382 1.8219e-08
383 1.8219e-08
384 1.8219e-08
385 1.8219e-08
386 1.8219e-08
387 1.8219e-08
388 1.8219e-08
389 1.8219e-08
390 1.8219e-08
391 1.8219e-08
392 1.8219e-08
393 1.8219e-08
394 1.8219e-08
395 1.8219e-08
396 1.8219e-08
397 1.8219e-08
398 1.8219e-08
399 1.8219e-08
400 1.8219e-08
401 1.8219e-08
402 1.8219e-08
403 1.8219e-08
404 1.8219e-08
405 1.8219e-08
406 1.8219e-08
407 1.8219e-08
408 1.8219e-08
409 1.8219e-08
410 1.8219e-08
411 1.8219e-08
412 1.8219e-08
413 1.8219e-08
414 1.8219e-08
415 1.8219e-08
416 1.8219e-08
417 1.8219e-08
418 1.8219e-08
419 1.8219e-08
420 1.8219e-08
421 1.8219e-08
422 1.8219e-08
423 1.8219e-08
424 1.8219e-08
425 1.8219e-08
426 1.8219e-08
427 1.8219e-08
428 1.8219e-08
429 1.8219e-08
430 1.8219e-08
431 1.8219e-08
432 1.8219e-08
433 1.8219e-08
434 1.8219e-08
435 1.8219e-08
436 1.8219e-08
437 1.8219e-08
438 1.8219e-08
439 1.8219e-08
440 1.8219e-08
441 1.8219e-08
442 1.8219e-08
443 1.8219e-08
444 1.8219e-08
445 1.8219e-08
446 1.8219e-08
447 1.8219e-08
448 1.8219e-08
449 1.8219e-08
450 1.8219e-08
451 1.8219e-08
452 1.8219e-08
453 1.8219e-08
454 1.8219e-08
455 1.8219e-08
456 1.8219e-08
457 1.8219e-08
458 1.8219e-08
459 1.8219e-08
460 1.8219e-08
461 1.8219e-08
462 1.8219e-08
463 1.8219e-08
464 1.8219e-08
465 1.8219e-08
466 1.8219e-08
467 1.8219e-08
468 1.8219e-08
469 1.8219e-08
470 1.8219e-08
471 1.8219e-08
472 1.8219e-08
473 1.8219e-08
474 1.8219e-08
475 1.8219e-08
476 1.8219e-08
477 1.8219e-08
478 1.8219e-08
479 1.8219e-08
480 1.8219e-08
481 1.8219e-08
482 1.8219e-08
483 1.8219e-08
484 1.8219e-08
485 1.8219e-08
486 1.8219e-08
487 1.8219e-08
488 1.8219e-08
489 1.8219e-08
490 1.8219e-08
491 1.8219e-08
492 1.8219e-08
493 1.8219e-08
494 1.8219e-08
495 1.8219e-08
496 1.8219e-08
497 1.8219e-08
498 1.8219e-08
499 1.8219e-08
500 1.8219e-08
501 1.8219e-08
502 1.8219e-08
503 1.8219e-08
504 1.8219e-08
505 1.8219e-08
506 1.8219e-08
507 1.8219e-08
508 1.8219e-08
509 1.8219e-08
510 1.8219e-08
511 1.8219e-08
512 1.8219e-08
513 1.8219e-08
514 1.8219e-08
515 1.8219e-08
516 1.8219e-08
517 1.8219e-08
518 1.8219e-08
519 1.8219e-08
520 1.8219e-08
521 1.8219e-08
522 1.8219e-08
523 1.8219e-08
524 1.8219e-08
525 1.8219e-08
526 1.8219e-08
527 1.8219e-08
528 1.8219e-08
529 1.8219e-08
530 1.8219e-08
531 1.8219e-08
532 1.8219e-08
533 1.8219e-08
534 1.8219e-08
535 1.8219e-08
536 1.8219e-08
537 1.8219e-08
538 1.8219e-08
539 1.8219e-08
540 1.8219e-08
541 1.8219e-08
542 1.8219e-08
543 1.8219e-08
544 1.8219e-08
545 1.8219e-08
546 1.8219e-08
547 1.8219e-08
548 1.8219e-08
549 1.8219e-08
550 1.8219e-08
551 1.8219e-08
552 1.8219e-08
