1 1.79021e-09
2 1.79021e-09
3 1.79021e-09
4 1.79021e-09
5 1.79021e-09
6 1.79021e-09
7 1.79021e-09
8 1.79021e-09
9 1.79021e-09
10 1.79021e-09
11 1.79021e-09
12 1.79021e-09
13 1.79021e-09
14 1.79021e-09
15 1.79021e-09
16 1.79021e-09
17 1.79021e-09
18 1.79021e-09
19 1.79021e-09
20 1.79021e-09
21 1.79021e-09
22 1.79021e-09
23 1.79021e-09
24 1.79021e-09
25 1.79021e-09
26 1.79021e-09
27 1.79021e-09
28 1.79021e-09
29 1.79021e-09
30 1.79021e-09
31 1.79021e-09
32 1.79021e-09
33 1.79021e-09
34 1.79021e-09
35 1.79021e-09
36 1.79021e-09
37 1.79021e-09
38 1.79021e-09
39 1.79021e-09
40 1.79021e-09
41 1.79021e-09
42 1.79021e-09
43 1.79021e-09
44 1.79021e-09
45 1.79021e-09
46 1.79021e-09
47 1.79021e-09
48 1.79021e-09
49 1.79021e-09
50 1.79021e-09
51 1.79021e-09
52 1.79021e-09
53 1.79021e-09
54 1.79021e-09
55 1.79021e-09
56 1.79021e-09
57 1.79021e-09
58 1.79021e-09
59 1.79021e-09
60 1.79021e-09
61 1.79021e-09
62 1.79021e-09
63 1.79021e-09
64 1.79021e-09
65 1.79021e-09
66 1.79021e-09
67 1.79021e-09
68 1.79021e-09
69 1.79021e-09
70 1.79021e-09
71 1.79021e-09
72 1.79021e-09
73 1.79021e-09
74 1.79021e-09
75 1.79021e-09
76 1.79021e-09
77 1.79021e-09
78 1.79021e-09
79 1.79021e-09
80 1.79021e-09
81 1.79021e-09
82 1.79021e-09
83 1.79021e-09
84 1.79021e-09
85 1.79021e-09
86 1.79021e-09
87 1.79021e-09
88 1.79021e-09
89 1.79021e-09
90 1.79021e-09
91 1.79021e-09
92 1.79021e-09
93 1.79021e-09
94 1.79021e-09
95 1.79021e-09
96 1.79021e-09
97 1.79021e-09
98 1.79021e-09
99 1.79021e-09
100 1.79021e-09
101 1.79021e-09
102 1.79021e-09
103 1.79021e-09
104 1.79021e-09
105 1.79021e-09
106 1.79021e-09
107 1.79021e-09
108 1.79021e-09
109 1.79021e-09
110 1.79021e-09
111 1.79021e-09
112 1.79021e-09
113 1.79021e-09
114 1.79021e-09
115 1.79021e-09
116 1.79021e-09
117 1.79021e-09
118 1.79021e-09
119 1.79021e-09
120 1.79021e-09
121 1.79021e-09
122 1.79021e-09
123 1.79021e-09
124 1.79021e-09
125 1.79021e-09
126 1.79021e-09
127 1.79021e-09
128 1.79021e-09
129 1.79021e-09
130 1.79021e-09
131 1.79021e-09
132 1.79021e-09
133 1.79021e-09
134 1.79021e-09
135 1.79021e-09
136 1.79021e-09
137 1.79021e-09
138 1.79021e-09
139 1.79021e-09
140 1.79021e-09
141 1.79021e-09
142 1.79021e-09
143 1.79021e-09
144 1.79021e-09
145 1.79021e-09
146 1.79021e-09
147 1.79021e-09
148 1.79021e-09
149 1.79021e-09
150 1.79021e-09
151 1.79021e-09
152 1.79021e-09
153 1.79021e-09
154 1.79021e-09
155 1.79021e-09
156 1.79021e-09
157 1.79021e-09
158 1.79021e-09
159 1.79021e-09
160 1.79021e-09
161 1.79021e-09
162 1.79021e-09
163 1.79021e-09
164 1.79021e-09
165 1.79021e-09
166 1.79021e-09
167 1.79021e-09
168 1.79021e-09
169 1.79021e-09
170 1.79021e-09
171 1.79021e-09
172 1.79021e-09
173 1.79021e-09
174 1.79021e-09
175 1.79021e-09
176 1.79021e-09
177 1.79021e-09
178 1.79021e-09
179 1.79021e-09
180 1.79021e-09
181 1.79021e-09
182 1.79021e-09
183 1.79021e-09
184 1.79021e-09
185 1.79021e-09
186 1.79021e-09
187 1.79021e-09
188 1.79021e-09
189 1.79021e-09
190 1.79021e-09
191 1.79021e-09
192 1.79021e-09
193 1.79021e-09
194 1.79021e-09
195 1.79021e-09
196 1.79021e-09
197 1.79021e-09
198 1.79021e-09
199 1.79021e-09
200 1.79021e-09
201 1.79021e-09
202 1.79021e-09
203 1.79021e-09
204 1.79021e-09
205 1.79021e-09
206 1.79021e-09
207 1.79021e-09
208 1.79021e-09
209 1.79021e-09
210 1.79021e-09
211 1.79021e-09
212 1.79021e-09
213 1.79021e-09
214 1.79021e-09
215 1.79021e-09
216 1.79021e-09
217 1.79021e-09
218 1.79021e-09
219 1.79021e-09
220 1.79021e-09
221 1.79021e-09
222 1.79021e-09
223 1.79021e-09
224 1.79021e-09
225 1.79021e-09
226 1.79021e-09
227 1.79021e-09
228 1.79021e-09
229 1.79021e-09
230 1.79021e-09
231 1.79021e-09
232 1.79021e-09
233 1.79021e-09
234 1.79021e-09
235 1.79021e-09
236 5.55629e-09
237 2.41116e-08
238 9.15276e-08
239 3.18202e-07
240 1.07647e-06
241 3.6217e-06
242 1.21668e-05
243 4.08519e-05
244 0.000136989
245 0.000457916
246 0.0015217
247 0.00501061
248 0.0162905
249 0.0521161
250 0.163564
251 0.502349
252 0.68604
253 0.783115
254 0.833104
255 0.858196
256 0.870484
257 0.902644
258 0.917701
259 0.955501
260 0.97253
261 0.980065
262 0.98334
263 0.984735
264 0.987922
265 0.98922
266 0.992034
267 0.993114
268 0.993513
269 0.994295
270 0.995763
271 0.998398
272 0.999223
273 0.999463
274 0.999844
275 0.99993
276 0.999887
277 0.999651
278 0.998846
279 0.9963
280 0.994901
281 0.990897
282 0.979971
283 0.974767
284 0.972398
285 0.966751
286 0.953851
287 0.925551
288 0.865843
289 0.744439
290 0.506053
291 0.423214
292 0.270415
293 0.220267
294 0.132374
295 0.104776
296 0.0962477
297 0.0819846
298 0.0582191
299 0.0184109
300 0.00601789
301 0.00204766
302 0.000725316
303 0.000265441
304 9.91238e-05
305 3.7266e-05
306 1.39403e-05
307 5.14153e-06
308 1.8568e-06
309 6.52107e-07
310 2.21194e-07
311 7.13728e-08
312 2.19437e-08
313 6.61377e-09
314 2.1869e-09
315 1.79021e-09
316 1.79021e-09
317 1.79021e-09
318 1.79021e-09
319 1.79021e-09
320 1.79021e-09
321 1.79021e-09
322 1.79021e-09
323 1.79021e-09
324 1.79021e-09
325 1.79021e-09
326 1.79021e-09
327 1.79021e-09
328 1.79021e-09
329 1.79021e-09
330 1.79021e-09
331 1.79021e-09
332 1.79021e-09
333 1.79021e-09
334 1.79021e-09
335 1.79021e-09
336 1.79021e-09
337 1.79021e-09
338 1.79021e-09
339 1.79021e-09
340 1.79021e-09
341 1.79021e-09
342 1.79021e-09
343 1.79021e-09
344 1.79021e-09
345 1.79021e-09
346 1.79021e-09
347 1.79021e-09
348 1.79021e-09
349 1.79021e-09
350 1.79021e-09
351 1.79021e-09
352 1.79021e-09
353 1.79021e-09
354 1.79021e-09
355 1.79021e-09
356 1.79021e-09
357 1.79021e-09
358 1.79021e-09
359 1.79021e-09
360 1.79021e-09
361 1.79021e-09
362 1.79021e-09
363 1.79021e-09
364 1.79021e-09
365 1.79021e-09
366 1.79021e-09
367 1.79021e-09
368 1.79021e-09
369 1.79021e-09
370 1.79021e-09
371 1.79021e-09
372 1.79021e-09
373 1.79021e-09
374 1.79021e-09
375 1.79021e-09
376 1.79021e-09
377 1.79021e-09
378 1.79021e-09
379 1.79021e-09
380 1.79021e-09
381 1.79021e-09
382 1.79021e-09
383 1.79021e-09
384 1.79021e-09
385 1.79021e-09
386 1.79021e-09
387 1.79021e-09
388 1.79021e-09
389 1.79021e-09
390 1.79021e-09
391 1.79021e-09
392 1.79021e-09
393 1.79021e-09
394 1.79021e-09
395 1.79021e-09
396 1.79021e-09
397 1.79021e-09
398 1.79021e-09
399 1.79021e-09
400 1.79021e-09
401 1.79021e-09
402 1.79021e-09
403 1.79021e-09
404 1.79021e-09
405 1.79021e-09
406 1.79021e-09
407 1.79021e-09
408 1.79021e-09
409 1.79021e-09
410 1.79021e-09
411 1.79021e-09
412 1.79021e-09
413 1.79021e-09
414 1.79021e-09
415 1.79021e-09
416 1.79021e-09
417 1.79021e-09
418 1.79021e-09
419 1.79021e-09
420 1.79021e-09
421 1.79021e-09
422 1.79021e-09
423 1.79021e-09
424 1.79021e-09
425 1.79021e-09
426 1.79021e-09
427 1.79021e-09
428 1.79021e-09
429 1.79021e-09
430 1.79021e-09
431 1.79021e-09
432 1.79021e-09
433 1.79021e-09
434 1.79021e-09
435 1.79021e-09
436 1.79021e-09
437 1.79021e-09
438 1.79021e-09
439 1.79021e-09
440 1.79021e-09
441 1.79021e-09
442 1.79021e-09
443 1.79021e-09
444 1.79021e-09
445 1.79021e-09
446 1.79021e-09
447 1.79021e-09
448 1.79021e-09
449 1.79021e-09
450 1.79021e-09
451 1.79021e-09
452 1.79021e-09
453 1.79021e-09
454 1.79021e-09
455 1.79021e-09
456 1.79021e-09
457 1.79021e-09
458 1.79021e-09
459 1.79021e-09
460 1.79021e-09
461 1.79021e-09
462 1.79021e-09
463 1.79021e-09
464 1.79021e-09
465 1.79021e-09
466 1.79021e-09
467 1.79021e-09
468 1.79021e-09
469 1.79021e-09
470 1.79021e-09
471 1.79021e-09
472 1.79021e-09
473 1.79021e-09
474 1.79021e-09
475 1.79021e-09
476 1.79021e-09
477 1.79021e-09
478 1.79021e-09
479 1.79021e-09
480 1.79021e-09
481 1.79021e-09
482 1.79021e-09
483 1.79021e-09
484 1.79021e-09
485 1.79021e-09
486 1.79021e-09
487 1.79021e-09
488 1.79021e-09
489 1.79021e-09
490 1.79021e-09
491 1.79021e-09
492 1.79021e-09
493 1.79021e-09
494 1.79021e-09
495 1.79021e-09
496 1.79021e-09
497 1.79021e-09
498 1.79021e-09
499 1.79021e-09
500 1.79021e-09
501 1.79021e-09
502 1.79021e-09
503 1.79021e-09
504 1.79021e-09
505 1.79021e-09
506 1.79021e-09
507 1.79021e-09
508 1.79021e-09
509 1.79021e-09
510 1.79021e-09
511 1.79021e-09
512 1.79021e-09
513 1.79021e-09
514 1.79021e-09
515 1.79021e-09
516 1.79021e-09
517 1.79021e-09
518 1.79021e-09
519 1.79021e-09
520 1.79021e-09
521 1.79021e-09
522 1.79021e-09
523 1.79021e-09
524 1.79021e-09
525 1.79021e-09
526 1.79021e-09
527 1.79021e-09
528 1.79021e-09
529 1.79021e-09
530 1.79021e-09
531 1.79021e-09
532 1.79021e-09
533 1.79021e-09
534 1.79021e-09
535 1.79021e-09
536 1.79021e-09
537 1.79021e-09
538 1.79021e-09
539 1.79021e-09
540 1.79021e-09
541 1.79021e-09
542 1.79021e-09
543 1.79021e-09
544 1.79021e-09
545 1.79021e-09
546 1.79021e-09
547 1.79021e-09
548 1.79021e-09
549 1.79021e-09
550 1.79021e-09
551 1.79021e-09
552 1.79021e-09
