1 5.21629e-08
2 5.21629e-08
3 5.21629e-08
4 5.21629e-08
5 5.21629e-08
6 5.21629e-08
7 5.21629e-08
8 5.21629e-08
9 5.21629e-08
10 5.21629e-08
11 5.21629e-08
12 5.21629e-08
13 5.21629e-08
14 5.21629e-08
15 5.21629e-08
16 5.21629e-08
17 5.21629e-08
18 5.21629e-08
19 5.21629e-08
20 5.21629e-08
21 5.21629e-08
22 5.21629e-08
23 5.21629e-08
24 5.21629e-08
25 5.21629e-08
26 5.21629e-08
27 5.21629e-08
28 5.21629e-08
29 5.21629e-08
30 5.21629e-08
31 5.21629e-08
32 5.21629e-08
33 5.21629e-08
34 5.21629e-08
35 5.21629e-08
36 5.21629e-08
37 5.21629e-08
38 5.21629e-08
39 5.21629e-08
40 5.21629e-08
41 5.21629e-08
42 5.21629e-08
43 5.21629e-08
44 5.21629e-08
45 5.21629e-08
46 5.21629e-08
47 5.21629e-08
48 5.21629e-08
49 5.21629e-08
50 5.21629e-08
51 5.21629e-08
52 5.21629e-08
53 5.21629e-08
54 5.21629e-08
55 5.21629e-08
56 5.21629e-08
57 5.21629e-08
58 5.21629e-08
59 5.21629e-08
60 5.21629e-08
61 5.21629e-08
62 5.21629e-08
63 5.21629e-08
64 5.21629e-08
65 5.21629e-08
66 5.21629e-08
67 5.21629e-08
68 5.21629e-08
69 5.21629e-08
70 5.21629e-08
71 5.21629e-08
72 5.21629e-08
73 5.21629e-08
74 5.21629e-08
75 5.21629e-08
76 5.21629e-08
77 5.21629e-08
78 5.21629e-08
79 5.21629e-08
80 5.21629e-08
81 5.21629e-08
82 5.21629e-08
83 5.21629e-08
84 5.21629e-08
85 5.21629e-08
86 5.21629e-08
87 5.21629e-08
88 5.21629e-08
89 5.21629e-08
90 5.21629e-08
91 5.21629e-08
92 5.21629e-08
93 5.21629e-08
94 5.21629e-08
95 5.21629e-08
96 5.21629e-08
97 5.21629e-08
98 5.21629e-08
99 5.21629e-08
100 5.21629e-08
101 5.21629e-08
102 5.21629e-08
103 5.21629e-08
104 5.21629e-08
105 5.21629e-08
106 5.21629e-08
107 5.21629e-08
108 5.21629e-08
109 5.21629e-08
110 5.21629e-08
111 5.21629e-08
112 5.21629e-08
113 5.21629e-08
114 5.21629e-08
115 5.21629e-08
116 5.21629e-08
117 5.21629e-08
118 5.21629e-08
119 5.21629e-08
120 5.21629e-08
121 5.21629e-08
122 5.21629e-08
123 5.21629e-08
124 5.21629e-08
125 5.21629e-08
126 5.21629e-08
127 5.21629e-08
128 5.21629e-08
129 5.21629e-08
130 5.21629e-08
131 5.21629e-08
132 5.21629e-08
133 5.21629e-08
134 5.21629e-08
135 5.21629e-08
136 5.21629e-08
137 5.21629e-08
138 5.21629e-08
139 5.21629e-08
140 5.21629e-08
141 5.21629e-08
142 5.21629e-08
143 5.21629e-08
144 5.21629e-08
145 5.21629e-08
146 5.21629e-08
147 5.21629e-08
148 5.21629e-08
149 5.21629e-08
150 5.21629e-08
151 5.21629e-08
152 5.21629e-08
153 5.21629e-08
154 5.21629e-08
155 5.21629e-08
156 5.21629e-08
157 5.21629e-08
158 5.21629e-08
159 5.21629e-08
160 5.21629e-08
161 5.21629e-08
162 5.21629e-08
163 5.21629e-08
164 5.21629e-08
165 5.21629e-08
166 5.21629e-08
167 5.21629e-08
168 5.21629e-08
169 5.21629e-08
170 5.21629e-08
171 5.21629e-08
172 5.21629e-08
173 5.21629e-08
174 5.21629e-08
175 5.21629e-08
176 5.21629e-08
177 5.21629e-08
178 5.21629e-08
179 5.21629e-08
180 5.21629e-08
181 5.21629e-08
182 5.21629e-08
183 5.21629e-08
184 5.21629e-08
185 5.21629e-08
186 5.21629e-08
187 5.21629e-08
188 5.21629e-08
189 5.21629e-08
190 5.21629e-08
191 5.21629e-08
192 5.21629e-08
193 5.21629e-08
194 5.21629e-08
195 5.21629e-08
196 5.21629e-08
197 5.21629e-08
198 5.21629e-08
199 5.21629e-08
200 5.21629e-08
201 5.21629e-08
202 5.21629e-08
203 5.21629e-08
204 5.21629e-08
205 5.21629e-08
206 5.21629e-08
207 5.21629e-08
208 5.21629e-08
209 5.21629e-08
210 5.21629e-08
211 5.21629e-08
212 5.21629e-08
213 5.21629e-08
214 5.21629e-08
215 5.21629e-08
216 5.21629e-08
217 5.21629e-08
218 5.21629e-08
219 5.21629e-08
220 5.21629e-08
221 5.21629e-08
222 5.21629e-08
223 5.21629e-08
224 5.21629e-08
225 5.21629e-08
226 5.21629e-08
227 5.21629e-08
228 5.21629e-08
229 5.21629e-08
230 5.21629e-08
231 5.21629e-08
232 5.21629e-08
233 5.21629e-08
234 5.21629e-08
235 5.21629e-08
236 5.21629e-08
237 5.21629e-08
238 5.21629e-08
239 5.21629e-08
240 5.21629e-08
241 5.21629e-08
242 5.21629e-08
243 5.21629e-08
244 6.90958e-08
245 1.88918e-07
246 6.25717e-07
247 2.10439e-06
248 7.02864e-06
249 2.31866e-05
250 7.54044e-05
251 0.000241184
252 0.000335264
253 0.000386926
254 0.000413055
255 0.0004216
256 0.000412181
257 0.00042534
258 0.000417132
259 0.000436736
260 0.000433856
261 0.000408139
262 0.000349704
263 0.000237865
264 0.000206295
265 0.00014601
266 0.000136908
267 0.000111253
268 6.31829e-05
269 6.09532e-05
270 0.000100226
271 0.000245524
272 0.000333445
273 0.000385269
274 0.000573583
275 0.000688633
276 0.000755441
277 0.000787053
278 0.000786277
279 0.000743705
280 0.000767134
281 0.000746777
282 0.000671591
283 0.000676094
284 0.000758714
285 0.000784726
286 0.00077452
287 0.000733078
288 0.000654691
289 0.000523601
290 0.000310742
291 0.000249338
292 0.000146856
293 0.000117271
294 6.61324e-05
295 5.16232e-05
296 4.9134e-05
297 4.20974e-05
298 2.96546e-05
299 9.04732e-06
300 2.83466e-06
301 9.15723e-07
302 3.06653e-07
303 1.11119e-07
304 6.30769e-08
305 5.21629e-08
306 5.21629e-08
307 5.21629e-08
308 5.21629e-08
309 5.21629e-08
310 5.21629e-08
311 5.21629e-08
312 5.21629e-08
313 5.21629e-08
314 5.21629e-08
315 5.21629e-08
316 5.21629e-08
317 5.21629e-08
318 5.21629e-08
319 5.21629e-08
320 5.21629e-08
321 5.21629e-08
322 5.21629e-08
323 5.21629e-08
324 5.21629e-08
325 5.21629e-08
326 5.21629e-08
327 5.21629e-08
328 5.21629e-08
329 5.21629e-08
330 5.21629e-08
331 5.21629e-08
332 5.21629e-08
333 5.21629e-08
334 5.21629e-08
335 5.21629e-08
336 5.21629e-08
337 5.21629e-08
338 5.21629e-08
339 5.21629e-08
340 5.21629e-08
341 5.21629e-08
342 5.21629e-08
343 5.21629e-08
344 5.21629e-08
345 5.21629e-08
346 5.21629e-08
347 5.21629e-08
348 5.21629e-08
349 5.21629e-08
350 5.21629e-08
351 5.21629e-08
352 5.21629e-08
353 5.21629e-08
354 5.21629e-08
355 5.21629e-08
356 5.21629e-08
357 5.21629e-08
358 5.21629e-08
359 5.21629e-08
360 5.21629e-08
361 5.21629e-08
362 5.21629e-08
363 5.21629e-08
364 5.21629e-08
365 5.21629e-08
366 5.21629e-08
367 5.21629e-08
368 5.21629e-08
369 5.21629e-08
370 5.21629e-08
371 5.21629e-08
372 5.21629e-08
373 5.21629e-08
374 5.21629e-08
375 5.21629e-08
376 5.21629e-08
377 5.21629e-08
378 5.21629e-08
379 5.21629e-08
380 5.21629e-08
381 5.21629e-08
382 5.21629e-08
383 5.21629e-08
384 5.21629e-08
385 5.21629e-08
386 5.21629e-08
387 5.21629e-08
388 5.21629e-08
389 5.21629e-08
390 5.21629e-08
391 5.21629e-08
392 5.21629e-08
393 5.21629e-08
394 5.21629e-08
395 5.21629e-08
396 5.21629e-08
397 5.21629e-08
398 5.21629e-08
399 5.21629e-08
400 5.21629e-08
401 5.21629e-08
402 5.21629e-08
403 5.21629e-08
404 5.21629e-08
405 5.21629e-08
406 5.21629e-08
407 5.21629e-08
408 5.21629e-08
409 5.21629e-08
410 5.21629e-08
411 5.21629e-08
412 5.21629e-08
413 5.21629e-08
414 5.21629e-08
415 5.21629e-08
416 5.21629e-08
417 5.21629e-08
418 5.21629e-08
419 5.21629e-08
420 5.21629e-08
421 5.21629e-08
422 5.21629e-08
423 5.21629e-08
424 5.21629e-08
425 5.21629e-08
426 5.21629e-08
427 5.21629e-08
428 5.21629e-08
429 5.21629e-08
430 5.21629e-08
431 5.21629e-08
432 5.21629e-08
433 5.21629e-08
434 5.21629e-08
435 5.21629e-08
436 5.21629e-08
437 5.21629e-08
438 5.21629e-08
439 5.21629e-08
440 5.21629e-08
441 5.21629e-08
442 5.21629e-08
443 5.21629e-08
444 5.21629e-08
445 5.21629e-08
446 5.21629e-08
447 5.21629e-08
448 5.21629e-08
449 5.21629e-08
450 5.21629e-08
451 5.21629e-08
452 5.21629e-08
453 5.21629e-08
454 5.21629e-08
455 5.21629e-08
456 5.21629e-08
457 5.21629e-08
458 5.21629e-08
459 5.21629e-08
460 5.21629e-08
461 5.21629e-08
462 5.21629e-08
463 5.21629e-08
464 5.21629e-08
465 5.21629e-08
466 5.21629e-08
467 5.21629e-08
468 5.21629e-08
469 5.21629e-08
470 5.21629e-08
471 5.21629e-08
472 5.21629e-08
473 5.21629e-08
474 5.21629e-08
475 5.21629e-08
476 5.21629e-08
477 5.21629e-08
478 5.21629e-08
479 5.21629e-08
480 5.21629e-08
481 5.21629e-08
482 5.21629e-08
483 5.21629e-08
484 5.21629e-08
485 5.21629e-08
486 5.21629e-08
487 5.21629e-08
488 5.21629e-08
489 5.21629e-08
490 5.21629e-08
491 5.21629e-08
492 5.21629e-08
493 5.21629e-08
494 5.21629e-08
495 5.21629e-08
496 5.21629e-08
497 5.21629e-08
498 5.21629e-08
499 5.21629e-08
500 5.21629e-08
501 5.21629e-08
502 5.21629e-08
503 5.21629e-08
504 5.21629e-08
505 5.21629e-08
506 5.21629e-08
507 5.21629e-08
508 5.21629e-08
509 5.21629e-08
510 5.21629e-08
511 5.21629e-08
512 5.21629e-08
513 5.21629e-08
514 5.21629e-08
515 5.21629e-08
516 5.21629e-08
517 5.21629e-08
518 5.21629e-08
519 5.21629e-08
520 5.21629e-08
521 5.21629e-08
522 5.21629e-08
523 5.21629e-08
524 5.21629e-08
525 5.21629e-08
526 5.21629e-08
527 5.21629e-08
528 5.21629e-08
529 5.21629e-08
530 5.21629e-08
531 5.21629e-08
532 5.21629e-08
533 5.21629e-08
534 5.21629e-08
535 5.21629e-08
536 5.21629e-08
537 5.21629e-08
538 5.21629e-08
539 5.21629e-08
540 5.21629e-08
541 5.21629e-08
542 5.21629e-08
543 5.21629e-08
544 5.21629e-08
545 5.21629e-08
546 5.21629e-08
547 5.21629e-08
548 5.21629e-08
549 5.21629e-08
550 5.21629e-08
551 5.21629e-08
552 5.21629e-08
