1 2.50098e-08
2 2.50098e-08
3 2.50098e-08
4 2.50098e-08
5 2.50098e-08
6 2.50098e-08
7 2.50098e-08
8 2.50098e-08
9 2.50098e-08
10 2.50098e-08
11 2.50098e-08
12 2.50098e-08
13 2.50098e-08
14 2.50098e-08
15 2.50098e-08
16 2.50098e-08
17 2.50098e-08
18 2.50098e-08
19 2.50098e-08
20 2.50098e-08
21 2.50098e-08
22 2.50098e-08
23 2.50098e-08
24 2.50098e-08
25 2.50098e-08
26 2.50098e-08
27 2.50098e-08
28 2.50098e-08
29 2.50098e-08
30 2.50098e-08
31 2.50098e-08
32 2.50098e-08
33 2.50098e-08
34 2.50098e-08
35 2.50098e-08
36 2.50098e-08
37 2.50098e-08
38 2.50098e-08
39 2.50098e-08
40 2.50098e-08
41 2.50098e-08
42 2.50098e-08
43 2.50098e-08
44 2.50098e-08
45 2.50098e-08
46 2.50098e-08
47 2.50098e-08
48 2.50098e-08
49 2.50098e-08
50 2.50098e-08
51 2.50098e-08
52 2.50098e-08
53 2.50098e-08
54 2.50098e-08
55 2.50098e-08
56 2.50098e-08
57 2.50098e-08
58 2.50098e-08
59 2.50098e-08
60 2.50098e-08
61 2.50098e-08
62 2.50098e-08
63 2.50098e-08
64 2.50098e-08
65 2.50098e-08
66 2.50098e-08
67 2.50098e-08
68 2.50098e-08
69 2.50098e-08
70 2.50098e-08
71 2.50098e-08
72 2.50098e-08
73 2.50098e-08
74 2.50098e-08
75 2.50098e-08
76 2.50098e-08
77 2.50098e-08
78 2.50098e-08
79 2.50098e-08
80 2.50098e-08
81 2.50098e-08
82 2.50098e-08
83 2.50098e-08
84 2.50098e-08
85 2.50098e-08
86 2.50098e-08
87 2.50098e-08
88 2.50098e-08
89 2.50098e-08
90 2.50098e-08
91 2.50098e-08
92 2.50098e-08
93 2.50098e-08
94 2.50098e-08
95 2.50098e-08
96 2.50098e-08
97 2.50098e-08
98 2.50098e-08
99 2.50098e-08
100 2.50098e-08
101 2.50098e-08
102 2.50098e-08
103 2.50098e-08
104 2.50098e-08
105 2.50098e-08
106 2.50098e-08
107 2.50098e-08
108 2.50098e-08
109 2.50098e-08
110 2.50098e-08
111 2.50098e-08
112 2.50098e-08
113 2.50098e-08
114 2.50098e-08
115 2.50098e-08
116 2.50098e-08
117 2.50098e-08
118 2.50098e-08
119 2.50098e-08
120 2.50098e-08
121 2.50098e-08
122 2.50098e-08
123 2.50098e-08
124 2.50098e-08
125 2.50098e-08
126 2.50098e-08
127 2.50098e-08
128 2.50098e-08
129 2.50098e-08
130 2.50098e-08
131 2.50098e-08
132 2.50098e-08
133 2.50098e-08
134 2.50098e-08
135 2.50098e-08
136 2.50098e-08
137 2.50098e-08
138 2.50098e-08
139 2.50098e-08
140 2.50098e-08
141 2.50098e-08
142 2.50098e-08
143 2.50098e-08
144 2.50098e-08
145 2.50098e-08
146 2.50098e-08
147 2.50098e-08
148 2.50098e-08
149 2.50098e-08
150 2.50098e-08
151 2.50098e-08
152 2.50098e-08
153 2.50098e-08
154 2.50098e-08
155 2.50098e-08
156 2.50098e-08
157 2.50098e-08
158 2.50098e-08
159 2.50098e-08
160 2.50098e-08
161 2.50098e-08
162 2.50098e-08
163 2.50098e-08
164 2.50098e-08
165 2.50098e-08
166 2.50098e-08
167 2.50098e-08
168 2.50098e-08
169 2.50098e-08
170 2.50098e-08
171 2.50098e-08
172 2.50098e-08
173 2.50098e-08
174 2.50098e-08
175 2.50098e-08
176 2.50098e-08
177 2.50098e-08
178 2.50098e-08
179 2.50098e-08
180 2.50098e-08
181 2.50098e-08
182 2.50098e-08
183 2.50098e-08
184 2.50098e-08
185 2.50098e-08
186 2.50098e-08
187 2.50098e-08
188 2.50098e-08
189 2.50098e-08
190 2.50098e-08
191 2.50098e-08
192 2.50098e-08
193 2.50098e-08
194 2.50098e-08
195 2.50098e-08
196 2.50098e-08
197 2.50098e-08
198 2.50098e-08
199 2.50098e-08
200 2.50098e-08
201 2.50098e-08
202 2.50098e-08
203 2.50098e-08
204 2.50098e-08
205 2.50098e-08
206 2.50098e-08
207 2.50098e-08
208 2.50098e-08
209 2.50098e-08
210 2.50098e-08
211 2.50098e-08
212 2.50098e-08
213 2.50098e-08
214 2.50098e-08
215 2.50098e-08
216 2.50098e-08
217 2.50098e-08
218 2.50098e-08
219 2.50098e-08
220 2.50098e-08
221 2.50098e-08
222 2.50098e-08
223 2.50098e-08
224 2.50098e-08
225 2.50098e-08
226 2.50098e-08
227 2.50098e-08
228 2.50098e-08
229 2.50098e-08
230 2.50098e-08
231 2.50098e-08
232 2.50098e-08
233 2.50098e-08
234 2.50098e-08
235 2.50098e-08
236 2.50098e-08
237 2.50098e-08
238 2.50098e-08
239 2.50098e-08
240 2.50098e-08
241 2.50098e-08
242 2.50098e-08
243 2.50098e-08
244 2.50098e-08
245 2.50098e-08
246 5.06419e-08
247 1.94855e-07
248 7.3132e-07
249 2.60077e-06
250 8.91922e-06
251 2.99827e-05
252 4.24987e-05
253 4.95548e-05
254 5.27951e-05
255 5.26315e-05
256 4.81051e-05
257 4.98478e-05
258 4.73641e-05
259 5.17156e-05
260 5.17086e-05
261 4.78513e-05
262 3.94338e-05
263 2.45556e-05
264 2.08457e-05
265 1.39232e-05
266 1.30021e-05
267 1.02458e-05
268 5.11404e-06
269 4.88369e-06
270 9.20721e-06
271 2.55105e-05
272 3.5311e-05
273 4.07805e-05
274 6.12121e-05
275 7.32777e-05
276 7.96795e-05
277 8.14303e-05
278 7.80298e-05
279 6.72397e-05
280 6.91211e-05
281 6.48709e-05
282 5.30469e-05
283 5.52571e-05
284 7.32113e-05
285 8.10887e-05
286 8.26649e-05
287 7.95709e-05
288 7.17895e-05
289 5.77253e-05
290 3.38411e-05
291 2.70246e-05
292 1.50723e-05
293 1.19336e-05
294 6.2145e-06
295 4.97435e-06
296 5.56258e-06
297 5.13122e-06
298 3.80852e-06
299 1.24382e-06
300 4.04306e-07
301 1.26165e-07
302 4.98973e-08
303 2.8825e-08
304 2.50098e-08
305 2.50098e-08
306 2.50098e-08
307 2.50098e-08
308 2.50098e-08
309 2.50098e-08
310 2.50098e-08
311 2.50098e-08
312 2.50098e-08
313 2.50098e-08
314 2.50098e-08
315 2.50098e-08
316 2.50098e-08
317 2.50098e-08
318 2.50098e-08
319 2.50098e-08
320 2.50098e-08
321 2.50098e-08
322 2.50098e-08
323 2.50098e-08
324 2.50098e-08
325 2.50098e-08
326 2.50098e-08
327 2.50098e-08
328 2.50098e-08
329 2.50098e-08
330 2.50098e-08
331 2.50098e-08
332 2.50098e-08
333 2.50098e-08
334 2.50098e-08
335 2.50098e-08
336 2.50098e-08
337 2.50098e-08
338 2.50098e-08
339 2.50098e-08
340 2.50098e-08
341 2.50098e-08
342 2.50098e-08
343 2.50098e-08
344 2.50098e-08
345 2.50098e-08
346 2.50098e-08
347 2.50098e-08
348 2.50098e-08
349 2.50098e-08
350 2.50098e-08
351 2.50098e-08
352 2.50098e-08
353 2.50098e-08
354 2.50098e-08
355 2.50098e-08
356 2.50098e-08
357 2.50098e-08
358 2.50098e-08
359 2.50098e-08
360 2.50098e-08
361 2.50098e-08
362 2.50098e-08
363 2.50098e-08
364 2.50098e-08
365 2.50098e-08
366 2.50098e-08
367 2.50098e-08
368 2.50098e-08
369 2.50098e-08
370 2.50098e-08
371 2.50098e-08
372 2.50098e-08
373 2.50098e-08
374 2.50098e-08
375 2.50098e-08
376 2.50098e-08
377 2.50098e-08
378 2.50098e-08
379 2.50098e-08
380 2.50098e-08
381 2.50098e-08
382 2.50098e-08
383 2.50098e-08
384 2.50098e-08
385 2.50098e-08
386 2.50098e-08
387 2.50098e-08
388 2.50098e-08
389 2.50098e-08
390 2.50098e-08
391 2.50098e-08
392 2.50098e-08
393 2.50098e-08
394 2.50098e-08
395 2.50098e-08
396 2.50098e-08
397 2.50098e-08
398 2.50098e-08
399 2.50098e-08
400 2.50098e-08
401 2.50098e-08
402 2.50098e-08
403 2.50098e-08
404 2.50098e-08
405 2.50098e-08
406 2.50098e-08
407 2.50098e-08
408 2.50098e-08
409 2.50098e-08
410 2.50098e-08
411 2.50098e-08
412 2.50098e-08
413 2.50098e-08
414 2.50098e-08
415 2.50098e-08
416 2.50098e-08
417 2.50098e-08
418 2.50098e-08
419 2.50098e-08
420 2.50098e-08
421 2.50098e-08
422 2.50098e-08
423 2.50098e-08
424 2.50098e-08
425 2.50098e-08
426 2.50098e-08
427 2.50098e-08
428 2.50098e-08
429 2.50098e-08
430 2.50098e-08
431 2.50098e-08
432 2.50098e-08
433 2.50098e-08
434 2.50098e-08
435 2.50098e-08
436 2.50098e-08
437 2.50098e-08
438 2.50098e-08
439 2.50098e-08
440 2.50098e-08
441 2.50098e-08
442 2.50098e-08
443 2.50098e-08
444 2.50098e-08
445 2.50098e-08
446 2.50098e-08
447 2.50098e-08
448 2.50098e-08
449 2.50098e-08
450 2.50098e-08
451 2.50098e-08
452 2.50098e-08
453 2.50098e-08
454 2.50098e-08
455 2.50098e-08
456 2.50098e-08
457 2.50098e-08
458 2.50098e-08
459 2.50098e-08
460 2.50098e-08
461 2.50098e-08
462 2.50098e-08
463 2.50098e-08
464 2.50098e-08
465 2.50098e-08
466 2.50098e-08
467 2.50098e-08
468 2.50098e-08
469 2.50098e-08
470 2.50098e-08
471 2.50098e-08
472 2.50098e-08
473 2.50098e-08
474 2.50098e-08
475 2.50098e-08
476 2.50098e-08
477 2.50098e-08
478 2.50098e-08
479 2.50098e-08
480 2.50098e-08
481 2.50098e-08
482 2.50098e-08
483 2.50098e-08
484 2.50098e-08
485 2.50098e-08
486 2.50098e-08
487 2.50098e-08
488 2.50098e-08
489 2.50098e-08
490 2.50098e-08
491 2.50098e-08
492 2.50098e-08
493 2.50098e-08
494 2.50098e-08
495 2.50098e-08
496 2.50098e-08
497 2.50098e-08
498 2.50098e-08
499 2.50098e-08
500 2.50098e-08
501 2.50098e-08
502 2.50098e-08
503 2.50098e-08
504 2.50098e-08
505 2.50098e-08
506 2.50098e-08
507 2.50098e-08
508 2.50098e-08
509 2.50098e-08
510 2.50098e-08
511 2.50098e-08
512 2.50098e-08
513 2.50098e-08
514 2.50098e-08
515 2.50098e-08
516 2.50098e-08
517 2.50098e-08
518 2.50098e-08
519 2.50098e-08
520 2.50098e-08
521 2.50098e-08
522 2.50098e-08
523 2.50098e-08
524 2.50098e-08
525 2.50098e-08
526 2.50098e-08
527 2.50098e-08
528 2.50098e-08
529 2.50098e-08
530 2.50098e-08
531 2.50098e-08
532 2.50098e-08
533 2.50098e-08
534 2.50098e-08
535 2.50098e-08
536 2.50098e-08
537 2.50098e-08
538 2.50098e-08
539 2.50098e-08
540 2.50098e-08
541 2.50098e-08
542 2.50098e-08
543 2.50098e-08
544 2.50098e-08
545 2.50098e-08
546 2.50098e-08
547 2.50098e-08
548 2.50098e-08
549 2.50098e-08
550 2.50098e-08
551 2.50098e-08
552 2.50098e-08
