1 6.83312e-09
2 6.83312e-09
3 6.83312e-09
4 6.83312e-09
5 6.83312e-09
6 6.83312e-09
7 6.83312e-09
8 6.83312e-09
9 6.83312e-09
10 6.83312e-09
11 6.83312e-09
12 6.83312e-09
13 6.83312e-09
14 6.83312e-09
15 6.83312e-09
16 6.83312e-09
17 6.83312e-09
18 6.83312e-09
19 6.83312e-09
20 6.83312e-09
21 6.83312e-09
22 6.83312e-09
23 6.83312e-09
24 6.83312e-09
25 6.83312e-09
26 6.83312e-09
27 6.83312e-09
28 6.83312e-09
29 6.83312e-09
30 6.83312e-09
31 6.83312e-09
32 6.83312e-09
33 6.83312e-09
34 6.83312e-09
35 6.83312e-09
36 6.83312e-09
37 6.83312e-09
38 6.83312e-09
39 6.83312e-09
40 6.83312e-09
41 6.83312e-09
42 6.83312e-09
43 6.83312e-09
44 6.83312e-09
45 6.83312e-09
46 6.83312e-09
47 6.83312e-09
48 6.83312e-09
49 6.83312e-09
50 6.83312e-09
51 6.83312e-09
52 6.83312e-09
53 6.83312e-09
54 6.83312e-09
55 6.83312e-09
56 6.83312e-09
57 6.83312e-09
58 6.83312e-09
59 6.83312e-09
60 6.83312e-09
61 6.83312e-09
62 6.83312e-09
63 6.83312e-09
64 6.83312e-09
65 6.83312e-09
66 6.83312e-09
67 6.83312e-09
68 6.83312e-09
69 6.83312e-09
70 6.83312e-09
71 6.83312e-09
72 6.83312e-09
73 6.83312e-09
74 6.83312e-09
75 6.83312e-09
76 6.83312e-09
77 6.83312e-09
78 6.83312e-09
79 6.83312e-09
80 6.83312e-09
81 6.83312e-09
82 6.83312e-09
83 6.83312e-09
84 6.83312e-09
85 6.83312e-09
86 6.83312e-09
87 6.83312e-09
88 6.83312e-09
89 6.83312e-09
90 6.83312e-09
91 6.83312e-09
92 6.83312e-09
93 6.83312e-09
94 6.83312e-09
95 6.83312e-09
96 6.83312e-09
97 6.83312e-09
98 6.83312e-09
99 6.83312e-09
100 6.83312e-09
101 6.83312e-09
102 6.83312e-09
103 6.83312e-09
104 6.83312e-09
105 6.83312e-09
106 6.83312e-09
107 6.83312e-09
108 6.83312e-09
109 6.83312e-09
110 6.83312e-09
111 6.83312e-09
112 6.83312e-09
113 6.83312e-09
114 6.83312e-09
115 6.83312e-09
116 6.83312e-09
117 6.83312e-09
118 6.83312e-09
119 6.83312e-09
120 6.83312e-09
121 6.83312e-09
122 6.83312e-09
123 6.83312e-09
124 6.83312e-09
125 6.83312e-09
126 6.83312e-09
127 6.83312e-09
128 6.83312e-09
129 6.83312e-09
130 6.83312e-09
131 6.83312e-09
132 6.83312e-09
133 6.83312e-09
134 6.83312e-09
135 6.83312e-09
136 6.83312e-09
137 6.83312e-09
138 6.83312e-09
139 6.83312e-09
140 6.83312e-09
141 6.83312e-09
142 6.83312e-09
143 6.83312e-09
144 6.83312e-09
145 6.83312e-09
146 6.83312e-09
147 6.83312e-09
148 6.83312e-09
149 6.83312e-09
150 6.83312e-09
151 6.83312e-09
152 6.83312e-09
153 6.83312e-09
154 6.83312e-09
155 6.83312e-09
156 6.83312e-09
157 6.83312e-09
158 6.83312e-09
159 6.83312e-09
160 6.83312e-09
161 6.83312e-09
162 6.83312e-09
163 6.83312e-09
164 6.83312e-09
165 6.83312e-09
166 6.83312e-09
167 6.83312e-09
168 6.83312e-09
169 6.83312e-09
170 6.83312e-09
171 6.83312e-09
172 6.83312e-09
173 6.83312e-09
174 6.83312e-09
175 6.83312e-09
176 6.83312e-09
177 6.83312e-09
178 6.83312e-09
179 6.83312e-09
180 6.83312e-09
181 6.83312e-09
182 6.83312e-09
183 6.83312e-09
184 6.83312e-09
185 6.83312e-09
186 6.83312e-09
187 6.83312e-09
188 6.83312e-09
189 6.83312e-09
190 6.83312e-09
191 6.83312e-09
192 6.83312e-09
193 6.83312e-09
194 6.83312e-09
195 6.83312e-09
196 6.83312e-09
197 6.83312e-09
198 6.83312e-09
199 6.83312e-09
200 6.83312e-09
201 6.83312e-09
202 6.83312e-09
203 6.83312e-09
204 6.83312e-09
205 6.83312e-09
206 6.83312e-09
207 6.83312e-09
208 6.83312e-09
209 6.83312e-09
210 6.83312e-09
211 6.83312e-09
212 6.83312e-09
213 6.83312e-09
214 6.83312e-09
215 6.83312e-09
216 6.83312e-09
217 6.83312e-09
218 6.83312e-09
219 6.83312e-09
220 6.83312e-09
221 6.83312e-09
222 6.83312e-09
223 6.83312e-09
224 6.83312e-09
225 6.83312e-09
226 6.83312e-09
227 6.83312e-09
228 6.83312e-09
229 7.365e-09
230 1.1735e-08
231 2.75254e-08
232 7.70055e-08
233 2.17893e-07
234 6.04472e-07
235 1.63746e-06
236 4.33627e-06
237 1.1249e-05
238 2.86239e-05
239 7.15036e-05
240 0.000175444
241 0.000422879
242 0.00100097
243 0.00232494
244 0.00529243
245 0.0117886
246 0.0256477
247 0.054396
248 0.112247
249 0.224941
250 0.437029
251 0.82197
252 0.944971
253 0.982767
254 0.993924
255 0.997085
256 0.997945
257 0.99917
258 0.999477
259 0.99988
260 0.999973
261 0.999993
262 0.999998
263 0.999999
264 1
265 1
266 1
267 1
268 1
269 1
270 1
271 1
272 1
273 1
274 1
275 1
276 1
277 1
278 1
279 1
280 1
281 1
282 1
283 0.999999
284 0.999999
285 0.999998
286 0.999993
287 0.999965
288 0.999833
289 0.999217
290 0.996442
291 0.994246
292 0.985113
293 0.978452
294 0.952974
295 0.935903
296 0.924944
297 0.88807
298 0.769143
299 0.401307
300 0.201714
301 0.0977215
302 0.0456544
303 0.0205826
304 0.00896121
305 0.00377089
306 0.00153507
307 0.000605147
308 0.000231269
309 8.57864e-05
310 3.09258e-05
311 1.08493e-05
312 3.70868e-06
313 1.23655e-06
314 4.02262e-07
315 1.27997e-07
316 4.09712e-08
317 1.42765e-08
318 7.42453e-09
319 6.83312e-09
320 6.83312e-09
321 6.83312e-09
322 6.83312e-09
323 6.83312e-09
324 6.83312e-09
325 6.83312e-09
326 6.83312e-09
327 6.83312e-09
328 6.83312e-09
329 6.83312e-09
330 6.83312e-09
331 6.83312e-09
332 6.83312e-09
333 6.83312e-09
334 6.83312e-09
335 6.83312e-09
336 6.83312e-09
337 6.83312e-09
338 6.83312e-09
339 6.83312e-09
340 6.83312e-09
341 6.83312e-09
342 6.83312e-09
343 6.83312e-09
344 6.83312e-09
345 6.83312e-09
346 6.83312e-09
347 6.83312e-09
348 6.83312e-09
349 6.83312e-09
350 6.83312e-09
351 6.83312e-09
352 6.83312e-09
353 6.83312e-09
354 6.83312e-09
355 6.83312e-09
356 6.83312e-09
357 6.83312e-09
358 6.83312e-09
359 6.83312e-09
360 6.83312e-09
361 6.83312e-09
362 6.83312e-09
363 6.83312e-09
364 6.83312e-09
365 6.83312e-09
366 6.83312e-09
367 6.83312e-09
368 6.83312e-09
369 6.83312e-09
370 6.83312e-09
371 6.83312e-09
372 6.83312e-09
373 6.83312e-09
374 6.83312e-09
375 6.83312e-09
376 6.83312e-09
377 6.83312e-09
378 6.83312e-09
379 6.83312e-09
380 6.83312e-09
381 6.83312e-09
382 6.83312e-09
383 6.83312e-09
384 6.83312e-09
385 6.83312e-09
386 6.83312e-09
387 6.83312e-09
388 6.83312e-09
389 6.83312e-09
390 6.83312e-09
391 6.83312e-09
392 6.83312e-09
393 6.83312e-09
394 6.83312e-09
395 6.83312e-09
396 6.83312e-09
397 6.83312e-09
398 6.83312e-09
399 6.83312e-09
400 6.83312e-09
401 6.83312e-09
402 6.83312e-09
403 6.83312e-09
404 6.83312e-09
405 6.83312e-09
406 6.83312e-09
407 6.83312e-09
408 6.83312e-09
409 6.83312e-09
410 6.83312e-09
411 6.83312e-09
412 6.83312e-09
413 6.83312e-09
414 6.83312e-09
415 6.83312e-09
416 6.83312e-09
417 6.83312e-09
418 6.83312e-09
419 6.83312e-09
420 6.83312e-09
421 6.83312e-09
422 6.83312e-09
423 6.83312e-09
424 6.83312e-09
425 6.83312e-09
426 6.83312e-09
427 6.83312e-09
428 6.83312e-09
429 6.83312e-09
430 6.83312e-09
431 6.83312e-09
432 6.83312e-09
433 6.83312e-09
434 6.83312e-09
435 6.83312e-09
436 6.83312e-09
437 6.83312e-09
438 6.83312e-09
439 6.83312e-09
440 6.83312e-09
441 6.83312e-09
442 6.83312e-09
443 6.83312e-09
444 6.83312e-09
445 6.83312e-09
446 6.83312e-09
447 6.83312e-09
448 6.83312e-09
449 6.83312e-09
450 6.83312e-09
451 6.83312e-09
452 6.83312e-09
453 6.83312e-09
454 6.83312e-09
455 6.83312e-09
456 6.83312e-09
457 6.83312e-09
458 6.83312e-09
459 6.83312e-09
460 6.83312e-09
461 6.83312e-09
462 6.83312e-09
463 6.83312e-09
464 6.83312e-09
465 6.83312e-09
466 6.83312e-09
467 6.83312e-09
468 6.83312e-09
469 6.83312e-09
470 6.83312e-09
471 6.83312e-09
472 6.83312e-09
473 6.83312e-09
474 6.83312e-09
475 6.83312e-09
476 6.83312e-09
477 6.83312e-09
478 6.83312e-09
479 6.83312e-09
480 6.83312e-09
481 6.83312e-09
482 6.83312e-09
483 6.83312e-09
484 6.83312e-09
485 6.83312e-09
486 6.83312e-09
487 6.83312e-09
488 6.83312e-09
489 6.83312e-09
490 6.83312e-09
491 6.83312e-09
492 6.83312e-09
493 6.83312e-09
494 6.83312e-09
495 6.83312e-09
496 6.83312e-09
497 6.83312e-09
498 6.83312e-09
499 6.83312e-09
500 6.83312e-09
501 6.83312e-09
502 6.83312e-09
503 6.83312e-09
504 6.83312e-09
505 6.83312e-09
506 6.83312e-09
507 6.83312e-09
508 6.83312e-09
509 6.83312e-09
510 6.83312e-09
511 6.83312e-09
512 6.83312e-09
513 6.83312e-09
514 6.83312e-09
515 6.83312e-09
516 6.83312e-09
517 6.83312e-09
518 6.83312e-09
519 6.83312e-09
520 6.83312e-09
521 6.83312e-09
522 6.83312e-09
523 6.83312e-09
524 6.83312e-09
525 6.83312e-09
526 6.83312e-09
527 6.83312e-09
528 6.83312e-09
529 6.83312e-09
530 6.83312e-09
531 6.83312e-09
532 6.83312e-09
533 6.83312e-09
534 6.83312e-09
535 6.83312e-09
536 6.83312e-09
537 6.83312e-09
538 6.83312e-09
539 6.83312e-09
540 6.83312e-09
541 6.83312e-09
542 6.83312e-09
543 6.83312e-09
544 6.83312e-09
545 6.83312e-09
546 6.83312e-09
547 6.83312e-09
548 6.83312e-09
549 6.83312e-09
550 6.83312e-09
551 6.83312e-09
552 6.83312e-09
