1 2.44451e-07
2 2.44451e-07
3 2.44451e-07
4 2.44451e-07
5 2.44451e-07
6 2.44451e-07
7 2.44451e-07
8 2.44451e-07
9 2.44451e-07
10 2.44451e-07
11 2.44451e-07
12 2.44451e-07
13 2.44451e-07
14 2.44451e-07
15 2.44451e-07
16 2.44451e-07
17 2.44451e-07
18 2.44451e-07
19 2.44451e-07
20 2.44451e-07
21 2.44451e-07
22 2.44451e-07
23 2.44451e-07
24 2.44451e-07
25 2.44451e-07
26 2.44451e-07
27 2.44451e-07
28 2.44451e-07
29 2.44451e-07
30 2.44451e-07
31 2.44451e-07
32 2.44451e-07
33 2.44451e-07
34 2.44451e-07
35 2.44451e-07
36 2.44451e-07
37 2.44451e-07
38 2.44451e-07
39 2.44451e-07
40 2.44451e-07
41 2.44451e-07
42 2.44451e-07
43 2.44451e-07
44 2.44451e-07
45 2.44451e-07
46 2.44451e-07
47 2.44451e-07
48 2.44451e-07
49 2.44451e-07
50 2.44451e-07
51 2.44451e-07
52 2.44451e-07
53 2.44451e-07
54 2.44451e-07
55 2.44451e-07
56 2.44451e-07
57 2.44451e-07
58 2.44451e-07
59 2.44451e-07
60 2.44451e-07
61 2.44451e-07
62 2.44451e-07
63 2.44451e-07
64 2.44451e-07
65 2.44451e-07
66 2.44451e-07
67 2.44451e-07
68 2.44451e-07
69 2.44451e-07
70 2.44451e-07
71 2.44451e-07
72 2.44451e-07
73 2.44451e-07
74 2.44451e-07
75 2.44451e-07
76 2.44451e-07
77 2.44451e-07
78 2.44451e-07
79 2.44451e-07
80 2.44451e-07
81 2.44451e-07
82 2.44451e-07
83 2.44451e-07
84 2.44451e-07
85 2.44451e-07
86 2.44451e-07
87 2.44451e-07
88 2.44451e-07
89 2.44451e-07
90 2.44451e-07
91 2.44451e-07
92 2.44451e-07
93 2.44451e-07
94 2.44451e-07
95 2.44451e-07
96 2.44451e-07
97 2.44451e-07
98 2.44451e-07
99 2.44451e-07
100 2.44451e-07
101 2.44451e-07
102 2.44451e-07
103 2.44451e-07
104 2.44451e-07
105 2.44451e-07
106 2.44451e-07
107 2.44451e-07
108 2.44451e-07
109 2.44451e-07
110 2.44451e-07
111 2.44451e-07
112 2.44451e-07
113 2.44451e-07
114 2.44451e-07
115 2.44451e-07
116 2.44451e-07
117 2.44451e-07
118 2.44451e-07
119 2.44451e-07
120 2.44451e-07
121 2.44451e-07
122 2.44451e-07
123 2.44451e-07
124 2.44451e-07
125 2.44451e-07
126 2.44451e-07
127 2.44451e-07
128 2.44451e-07
129 2.44451e-07
130 2.44451e-07
131 2.44451e-07
132 2.44451e-07
133 2.44451e-07
134 2.44451e-07
135 2.44451e-07
136 2.44451e-07
137 2.44451e-07
138 2.44451e-07
139 2.44451e-07
140 2.44451e-07
141 2.44451e-07
142 2.44451e-07
143 2.44451e-07
144 2.44451e-07
145 2.44451e-07
146 2.44451e-07
147 2.44451e-07
148 2.44451e-07
149 2.44451e-07
150 2.44451e-07
151 2.44451e-07
152 2.44451e-07
153 2.44451e-07
154 2.44451e-07
155 2.44451e-07
156 2.44451e-07
157 2.44451e-07
158 2.44451e-07
159 2.44451e-07
160 2.44451e-07
161 2.44451e-07
162 2.44451e-07
163 2.44451e-07
164 2.44451e-07
165 2.44451e-07
166 2.44451e-07
167 2.44451e-07
168 2.44451e-07
169 2.44451e-07
170 2.44451e-07
171 2.44451e-07
172 2.44451e-07
173 2.44451e-07
174 2.44451e-07
175 2.44451e-07
176 2.44451e-07
177 2.44451e-07
178 2.44451e-07
179 2.44451e-07
180 2.44451e-07
181 2.44451e-07
182 2.44451e-07
183 2.44451e-07
184 2.44451e-07
185 2.44451e-07
186 2.44451e-07
187 2.44451e-07
188 2.44451e-07
189 2.44451e-07
190 2.44451e-07
191 2.44451e-07
192 2.44451e-07
193 2.44451e-07
194 2.44451e-07
195 2.44451e-07
196 2.44451e-07
197 2.44451e-07
198 2.44451e-07
199 2.44451e-07
200 2.44451e-07
201 2.44451e-07
202 2.44451e-07
203 2.44451e-07
204 2.44451e-07
205 2.44451e-07
206 2.44451e-07
207 2.44451e-07
208 2.44451e-07
209 2.44451e-07
210 2.44451e-07
211 2.44451e-07
212 2.44451e-07
213 2.44451e-07
214 2.44451e-07
215 2.44451e-07
216 2.44451e-07
217 2.44451e-07
218 2.44451e-07
219 2.44451e-07
220 2.44451e-07
221 2.44451e-07
222 2.44451e-07
223 2.44451e-07
224 2.44451e-07
225 2.44451e-07
226 2.44451e-07
227 2.44451e-07
228 2.44451e-07
229 2.44451e-07
230 2.44451e-07
231 2.44451e-07
232 2.44451e-07
233 2.44451e-07
234 2.44451e-07
235 2.44451e-07
236 2.44451e-07
237 2.45802e-07
238 2.62256e-07
239 3.34311e-07
240 5.87468e-07
241 1.42705e-06
242 4.16348e-06
243 1.29296e-05
244 4.0486e-05
245 0.000125375
246 0.00038107
247 0.00113297
248 0.0032899
249 0.00932898
250 0.0258692
251 0.0703938
252 0.0921059
253 0.102725
254 0.108011
255 0.110713
256 0.112061
257 0.116564
258 0.11895
259 0.127699
260 0.132546
261 0.134074
262 0.131068
263 0.119063
264 0.117273
265 0.105754
266 0.108788
267 0.101993
268 0.0805399
269 0.0828283
270 0.116027
271 0.230499
272 0.294273
273 0.327379
274 0.431635
275 0.484454
276 0.509219
277 0.518501
278 0.518299
279 0.510343
280 0.514059
281 0.510886
282 0.499855
283 0.498516
284 0.504404
285 0.503712
286 0.496755
287 0.480069
288 0.445348
289 0.376671
290 0.245728
291 0.201642
292 0.122918
293 0.0979961
294 0.0558959
295 0.0431686
296 0.0393787
297 0.0332264
298 0.0232507
299 0.00699146
300 0.00211126
301 0.000638013
302 0.000192405
303 5.7919e-05
304 1.752e-05
305 5.43051e-06
306 1.80958e-06
307 7.15084e-07
308 3.79344e-07
309 2.77455e-07
310 2.48832e-07
311 2.44451e-07
312 2.44451e-07
313 2.44451e-07
314 2.44451e-07
315 2.44451e-07
316 2.44451e-07
317 2.44451e-07
318 2.44451e-07
319 2.44451e-07
320 2.44451e-07
321 2.44451e-07
322 2.44451e-07
323 2.44451e-07
324 2.44451e-07
325 2.44451e-07
326 2.44451e-07
327 2.44451e-07
328 2.44451e-07
329 2.44451e-07
330 2.44451e-07
331 2.44451e-07
332 2.44451e-07
333 2.44451e-07
334 2.44451e-07
335 2.44451e-07
336 2.44451e-07
337 2.44451e-07
338 2.44451e-07
339 2.44451e-07
340 2.44451e-07
341 2.44451e-07
342 2.44451e-07
343 2.44451e-07
344 2.44451e-07
345 2.44451e-07
346 2.44451e-07
347 2.44451e-07
348 2.44451e-07
349 2.44451e-07
350 2.44451e-07
351 2.44451e-07
352 2.44451e-07
353 2.44451e-07
354 2.44451e-07
355 2.44451e-07
356 2.44451e-07
357 2.44451e-07
358 2.44451e-07
359 2.44451e-07
360 2.44451e-07
361 2.44451e-07
362 2.44451e-07
363 2.44451e-07
364 2.44451e-07
365 2.44451e-07
366 2.44451e-07
367 2.44451e-07
368 2.44451e-07
369 2.44451e-07
370 2.44451e-07
371 2.44451e-07
372 2.44451e-07
373 2.44451e-07
374 2.44451e-07
375 2.44451e-07
376 2.44451e-07
377 2.44451e-07
378 2.44451e-07
379 2.44451e-07
380 2.44451e-07
381 2.44451e-07
382 2.44451e-07
383 2.44451e-07
384 2.44451e-07
385 2.44451e-07
386 2.44451e-07
387 2.44451e-07
388 2.44451e-07
389 2.44451e-07
390 2.44451e-07
391 2.44451e-07
392 2.44451e-07
393 2.44451e-07
394 2.44451e-07
395 2.44451e-07
396 2.44451e-07
397 2.44451e-07
398 2.44451e-07
399 2.44451e-07
400 2.44451e-07
401 2.44451e-07
402 2.44451e-07
403 2.44451e-07
404 2.44451e-07
405 2.44451e-07
406 2.44451e-07
407 2.44451e-07
408 2.44451e-07
409 2.44451e-07
410 2.44451e-07
411 2.44451e-07
412 2.44451e-07
413 2.44451e-07
414 2.44451e-07
415 2.44451e-07
416 2.44451e-07
417 2.44451e-07
418 2.44451e-07
419 2.44451e-07
420 2.44451e-07
421 2.44451e-07
422 2.44451e-07
423 2.44451e-07
424 2.44451e-07
425 2.44451e-07
426 2.44451e-07
427 2.44451e-07
428 2.44451e-07
429 2.44451e-07
430 2.44451e-07
431 2.44451e-07
432 2.44451e-07
433 2.44451e-07
434 2.44451e-07
435 2.44451e-07
436 2.44451e-07
437 2.44451e-07
438 2.44451e-07
439 2.44451e-07
440 2.44451e-07
441 2.44451e-07
442 2.44451e-07
443 2.44451e-07
444 2.44451e-07
445 2.44451e-07
446 2.44451e-07
447 2.44451e-07
448 2.44451e-07
449 2.44451e-07
450 2.44451e-07
451 2.44451e-07
452 2.44451e-07
453 2.44451e-07
454 2.44451e-07
455 2.44451e-07
456 2.44451e-07
457 2.44451e-07
458 2.44451e-07
459 2.44451e-07
460 2.44451e-07
461 2.44451e-07
462 2.44451e-07
463 2.44451e-07
464 2.44451e-07
465 2.44451e-07
466 2.44451e-07
467 2.44451e-07
468 2.44451e-07
469 2.44451e-07
470 2.44451e-07
471 2.44451e-07
472 2.44451e-07
473 2.44451e-07
474 2.44451e-07
475 2.44451e-07
476 2.44451e-07
477 2.44451e-07
478 2.44451e-07
479 2.44451e-07
480 2.44451e-07
481 2.44451e-07
482 2.44451e-07
483 2.44451e-07
484 2.44451e-07
485 2.44451e-07
486 2.44451e-07
487 2.44451e-07
488 2.44451e-07
489 2.44451e-07
490 2.44451e-07
491 2.44451e-07
492 2.44451e-07
493 2.44451e-07
494 2.44451e-07
495 2.44451e-07
496 2.44451e-07
497 2.44451e-07
498 2.44451e-07
499 2.44451e-07
500 2.44451e-07
501 2.44451e-07
502 2.44451e-07
503 2.44451e-07
504 2.44451e-07
505 2.44451e-07
506 2.44451e-07
507 2.44451e-07
508 2.44451e-07
509 2.44451e-07
510 2.44451e-07
511 2.44451e-07
512 2.44451e-07
513 2.44451e-07
514 2.44451e-07
515 2.44451e-07
516 2.44451e-07
517 2.44451e-07
518 2.44451e-07
519 2.44451e-07
520 2.44451e-07
521 2.44451e-07
522 2.44451e-07
523 2.44451e-07
524 2.44451e-07
525 2.44451e-07
526 2.44451e-07
527 2.44451e-07
528 2.44451e-07
529 2.44451e-07
530 2.44451e-07
531 2.44451e-07
532 2.44451e-07
533 2.44451e-07
534 2.44451e-07
535 2.44451e-07
536 2.44451e-07
537 2.44451e-07
538 2.44451e-07
539 2.44451e-07
540 2.44451e-07
541 2.44451e-07
542 2.44451e-07
543 2.44451e-07
544 2.44451e-07
545 2.44451e-07
546 2.44451e-07
547 2.44451e-07
548 2.44451e-07
549 2.44451e-07
550 2.44451e-07
551 2.44451e-07
552 2.44451e-07
