1 1.31655e-07
2 1.31655e-07
3 1.31655e-07
4 1.31655e-07
5 1.31655e-07
6 1.31655e-07
7 1.31655e-07
8 1.31655e-07
9 1.31655e-07
10 1.31655e-07
11 1.31655e-07
12 1.31655e-07
13 1.31655e-07
14 1.31655e-07
15 1.31655e-07
16 1.31655e-07
17 1.31655e-07
18 1.31655e-07
19 1.31655e-07
20 1.31655e-07
21 1.31655e-07
22 1.31655e-07
23 1.31655e-07
24 1.31655e-07
25 1.31655e-07
26 1.31655e-07
27 1.31655e-07
28 1.31655e-07
29 1.31655e-07
30 1.31655e-07
31 1.31655e-07
32 1.31655e-07
33 1.31655e-07
34 1.31655e-07
35 1.31655e-07
36 1.31655e-07
37 1.31655e-07
38 1.31655e-07
39 1.31655e-07
40 1.31655e-07
41 1.31655e-07
42 1.31655e-07
43 1.31655e-07
44 1.31655e-07
45 1.31655e-07
46 1.31655e-07
47 1.31655e-07
48 1.31655e-07
49 1.31655e-07
50 1.31655e-07
51 1.31655e-07
52 1.31655e-07
53 1.31655e-07
54 1.31655e-07
55 1.31655e-07
56 1.31655e-07
57 1.31655e-07
58 1.31655e-07
59 1.31655e-07
60 1.31655e-07
61 1.31655e-07
62 1.31655e-07
63 1.31655e-07
64 1.31655e-07
65 1.31655e-07
66 1.31655e-07
67 1.31655e-07
68 1.31655e-07
69 1.31655e-07
70 1.31655e-07
71 1.31655e-07
72 1.31655e-07
73 1.31655e-07
74 1.31655e-07
75 1.31655e-07
76 1.31655e-07
77 1.31655e-07
78 1.31655e-07
79 1.31655e-07
80 1.31655e-07
81 1.31655e-07
82 1.31655e-07
83 1.31655e-07
84 1.31655e-07
85 1.31655e-07
86 1.31655e-07
87 1.31655e-07
88 1.31655e-07
89 1.31655e-07
90 1.31655e-07
91 1.31655e-07
92 1.31655e-07
93 1.31655e-07
94 1.31655e-07
95 1.31655e-07
96 1.31655e-07
97 1.31655e-07
98 1.31655e-07
99 1.31655e-07
100 1.31655e-07
101 1.31655e-07
102 1.31655e-07
103 1.31655e-07
104 1.31655e-07
105 1.31655e-07
106 1.31655e-07
107 1.31655e-07
108 1.31655e-07
109 1.31655e-07
110 1.31655e-07
111 1.31655e-07
112 1.31655e-07
113 1.31655e-07
114 1.31655e-07
115 1.31655e-07
116 1.31655e-07
117 1.31655e-07
118 1.31655e-07
119 1.31655e-07
120 1.31655e-07
121 1.31655e-07
122 1.31655e-07
123 1.31655e-07
124 1.31655e-07
125 1.31655e-07
126 1.31655e-07
127 1.31655e-07
128 1.31655e-07
129 1.31655e-07
130 1.31655e-07
131 1.31655e-07
132 1.31655e-07
133 1.31655e-07
134 1.31655e-07
135 1.31655e-07
136 1.31655e-07
137 1.31655e-07
138 1.31655e-07
139 1.31655e-07
140 1.31655e-07
141 1.31655e-07
142 1.31655e-07
143 1.31655e-07
144 1.31655e-07
145 1.31655e-07
146 1.31655e-07
147 1.31655e-07
148 1.31655e-07
149 1.31655e-07
150 1.31655e-07
151 1.31655e-07
152 1.31655e-07
153 1.31655e-07
154 1.31655e-07
155 1.31655e-07
156 1.31655e-07
157 1.31655e-07
158 1.31655e-07
159 1.31655e-07
160 1.31655e-07
161 1.31655e-07
162 1.31655e-07
163 1.31655e-07
164 1.31655e-07
165 1.31655e-07
166 1.31655e-07
167 1.31655e-07
168 1.31655e-07
169 1.31655e-07
170 1.31655e-07
171 1.31655e-07
172 1.31655e-07
173 1.31655e-07
174 1.31655e-07
175 1.31655e-07
176 1.31655e-07
177 1.31655e-07
178 1.31655e-07
179 1.31655e-07
180 1.31655e-07
181 1.31655e-07
182 1.31655e-07
183 1.31655e-07
184 1.31655e-07
185 1.31655e-07
186 1.31655e-07
187 1.31655e-07
188 1.31655e-07
189 1.31655e-07
190 1.31655e-07
191 1.31655e-07
192 1.31655e-07
193 1.31655e-07
194 1.31655e-07
195 1.31655e-07
196 1.31655e-07
197 1.31655e-07
198 1.31655e-07
199 1.31655e-07
200 1.31655e-07
201 1.31655e-07
202 1.31655e-07
203 1.31655e-07
204 1.31655e-07
205 1.31655e-07
206 1.31655e-07
207 1.31655e-07
208 1.31655e-07
209 1.31655e-07
210 1.31655e-07
211 1.31655e-07
212 1.31655e-07
213 1.31655e-07
214 1.31655e-07
215 1.31655e-07
216 1.31655e-07
217 1.31655e-07
218 1.31655e-07
219 1.31655e-07
220 1.31655e-07
221 1.31655e-07
222 1.31655e-07
223 1.31655e-07
224 1.31655e-07
225 1.31655e-07
226 1.31655e-07
227 1.31655e-07
228 1.31655e-07
229 1.31655e-07
230 1.31655e-07
231 1.31655e-07
232 1.31655e-07
233 1.31655e-07
234 1.31655e-07
235 1.31655e-07
236 1.33016e-07
237 1.42929e-07
238 1.79759e-07
239 3.03949e-07
240 7.12527e-07
241 2.03575e-06
242 6.25034e-06
243 1.94185e-05
244 5.97115e-05
245 0.000180237
246 0.000532202
247 0.00153527
248 0.00432777
249 0.011944
250 0.0324079
251 0.0870717
252 0.113964
253 0.127507
254 0.134593
255 0.138466
256 0.140624
257 0.147819
258 0.152005
259 0.166551
260 0.175096
261 0.179186
262 0.178335
263 0.168535
264 0.169787
265 0.159684
266 0.168013
267 0.162798
268 0.137788
269 0.143863
270 0.195039
271 0.363598
272 0.45373
273 0.498182
274 0.633998
275 0.69978
276 0.728744
277 0.737767
278 0.734347
279 0.720259
280 0.722819
281 0.717121
282 0.702039
283 0.699627
284 0.705097
285 0.703613
286 0.695152
287 0.675093
288 0.6323
289 0.544514
290 0.370139
291 0.308871
292 0.194867
293 0.157327
294 0.0916864
295 0.07126
296 0.0650435
297 0.0548476
298 0.0382813
299 0.0114189
300 0.00342661
301 0.00103323
302 0.000312135
303 9.42081e-05
304 2.84037e-05
305 8.60802e-06
306 2.67675e-06
307 9.00516e-07
308 3.65227e-07
309 2.01741e-07
310 1.51262e-07
311 1.35829e-07
312 1.32178e-07
313 1.31655e-07
314 1.31655e-07
315 1.31655e-07
316 1.31655e-07
317 1.31655e-07
318 1.31655e-07
319 1.31655e-07
320 1.31655e-07
321 1.31655e-07
322 1.31655e-07
323 1.31655e-07
324 1.31655e-07
325 1.31655e-07
326 1.31655e-07
327 1.31655e-07
328 1.31655e-07
329 1.31655e-07
330 1.31655e-07
331 1.31655e-07
332 1.31655e-07
333 1.31655e-07
334 1.31655e-07
335 1.31655e-07
336 1.31655e-07
337 1.31655e-07
338 1.31655e-07
339 1.31655e-07
340 1.31655e-07
341 1.31655e-07
342 1.31655e-07
343 1.31655e-07
344 1.31655e-07
345 1.31655e-07
346 1.31655e-07
347 1.31655e-07
348 1.31655e-07
349 1.31655e-07
350 1.31655e-07
351 1.31655e-07
352 1.31655e-07
353 1.31655e-07
354 1.31655e-07
355 1.31655e-07
356 1.31655e-07
357 1.31655e-07
358 1.31655e-07
359 1.31655e-07
360 1.31655e-07
361 1.31655e-07
362 1.31655e-07
363 1.31655e-07
364 1.31655e-07
365 1.31655e-07
366 1.31655e-07
367 1.31655e-07
368 1.31655e-07
369 1.31655e-07
370 1.31655e-07
371 1.31655e-07
372 1.31655e-07
373 1.31655e-07
374 1.31655e-07
375 1.31655e-07
376 1.31655e-07
377 1.31655e-07
378 1.31655e-07
379 1.31655e-07
380 1.31655e-07
381 1.31655e-07
382 1.31655e-07
383 1.31655e-07
384 1.31655e-07
385 1.31655e-07
386 1.31655e-07
387 1.31655e-07
388 1.31655e-07
389 1.31655e-07
390 1.31655e-07
391 1.31655e-07
392 1.31655e-07
393 1.31655e-07
394 1.31655e-07
395 1.31655e-07
396 1.31655e-07
397 1.31655e-07
398 1.31655e-07
399 1.31655e-07
400 1.31655e-07
401 1.31655e-07
402 1.31655e-07
403 1.31655e-07
404 1.31655e-07
405 1.31655e-07
406 1.31655e-07
407 1.31655e-07
408 1.31655e-07
409 1.31655e-07
410 1.31655e-07
411 1.31655e-07
412 1.31655e-07
413 1.31655e-07
414 1.31655e-07
415 1.31655e-07
416 1.31655e-07
417 1.31655e-07
418 1.31655e-07
419 1.31655e-07
420 1.31655e-07
421 1.31655e-07
422 1.31655e-07
423 1.31655e-07
424 1.31655e-07
425 1.31655e-07
426 1.31655e-07
427 1.31655e-07
428 1.31655e-07
429 1.31655e-07
430 1.31655e-07
431 1.31655e-07
432 1.31655e-07
433 1.31655e-07
434 1.31655e-07
435 1.31655e-07
436 1.31655e-07
437 1.31655e-07
438 1.31655e-07
439 1.31655e-07
440 1.31655e-07
441 1.31655e-07
442 1.31655e-07
443 1.31655e-07
444 1.31655e-07
445 1.31655e-07
446 1.31655e-07
447 1.31655e-07
448 1.31655e-07
449 1.31655e-07
450 1.31655e-07
451 1.31655e-07
452 1.31655e-07
453 1.31655e-07
454 1.31655e-07
455 1.31655e-07
456 1.31655e-07
457 1.31655e-07
458 1.31655e-07
459 1.31655e-07
460 1.31655e-07
461 1.31655e-07
462 1.31655e-07
463 1.31655e-07
464 1.31655e-07
465 1.31655e-07
466 1.31655e-07
467 1.31655e-07
468 1.31655e-07
469 1.31655e-07
470 1.31655e-07
471 1.31655e-07
472 1.31655e-07
473 1.31655e-07
474 1.31655e-07
475 1.31655e-07
476 1.31655e-07
477 1.31655e-07
478 1.31655e-07
479 1.31655e-07
480 1.31655e-07
481 1.31655e-07
482 1.31655e-07
483 1.31655e-07
484 1.31655e-07
485 1.31655e-07
486 1.31655e-07
487 1.31655e-07
488 1.31655e-07
489 1.31655e-07
490 1.31655e-07
491 1.31655e-07
492 1.31655e-07
493 1.31655e-07
494 1.31655e-07
495 1.31655e-07
496 1.31655e-07
497 1.31655e-07
498 1.31655e-07
499 1.31655e-07
500 1.31655e-07
501 1.31655e-07
502 1.31655e-07
503 1.31655e-07
504 1.31655e-07
505 1.31655e-07
506 1.31655e-07
507 1.31655e-07
508 1.31655e-07
509 1.31655e-07
510 1.31655e-07
511 1.31655e-07
512 1.31655e-07
513 1.31655e-07
514 1.31655e-07
515 1.31655e-07
516 1.31655e-07
517 1.31655e-07
518 1.31655e-07
519 1.31655e-07
520 1.31655e-07
521 1.31655e-07
522 1.31655e-07
523 1.31655e-07
524 1.31655e-07
525 1.31655e-07
526 1.31655e-07
527 1.31655e-07
528 1.31655e-07
529 1.31655e-07
530 1.31655e-07
531 1.31655e-07
532 1.31655e-07
533 1.31655e-07
534 1.31655e-07
535 1.31655e-07
536 1.31655e-07
537 1.31655e-07
538 1.31655e-07
539 1.31655e-07
540 1.31655e-07
541 1.31655e-07
542 1.31655e-07
543 1.31655e-07
544 1.31655e-07
545 1.31655e-07
546 1.31655e-07
547 1.31655e-07
548 1.31655e-07
549 1.31655e-07
550 1.31655e-07
551 1.31655e-07
552 1.31655e-07
