1 2.27565e-08
2 2.27565e-08
3 2.27565e-08
4 2.27565e-08
5 2.27565e-08
6 2.27565e-08
7 2.27565e-08
8 2.27565e-08
9 2.27565e-08
10 2.27565e-08
11 2.27565e-08
12 2.27565e-08
13 2.27565e-08
14 2.27565e-08
15 2.27565e-08
16 2.27565e-08
17 2.27565e-08
18 2.27565e-08
19 2.27565e-08
20 2.27565e-08
21 2.27565e-08
22 2.27565e-08
23 2.27565e-08
24 2.27565e-08
25 2.27565e-08
26 2.27565e-08
27 2.27565e-08
28 2.27565e-08
29 2.27565e-08
30 2.27565e-08
31 2.27565e-08
32 2.27565e-08
33 2.27565e-08
34 2.27565e-08
35 2.27565e-08
36 2.27565e-08
37 2.27565e-08
38 2.27565e-08
39 2.27565e-08
40 2.27565e-08
41 2.27565e-08
42 2.27565e-08
43 2.27565e-08
44 2.27565e-08
45 2.27565e-08
46 2.27565e-08
47 2.27565e-08
48 2.27565e-08
49 2.27565e-08
50 2.27565e-08
51 2.27565e-08
52 2.27565e-08
53 2.27565e-08
54 2.27565e-08
55 2.27565e-08
56 2.27565e-08
57 2.27565e-08
58 2.27565e-08
59 2.27565e-08
60 2.27565e-08
61 2.27565e-08
62 2.27565e-08
63 2.27565e-08
64 2.27565e-08
65 2.27565e-08
66 2.27565e-08
67 2.27565e-08
68 2.27565e-08
69 2.27565e-08
70 2.27565e-08
71 2.27565e-08
72 2.27565e-08
73 2.27565e-08
74 2.27565e-08
75 2.27565e-08
76 2.27565e-08
77 2.27565e-08
78 2.27565e-08
79 2.27565e-08
80 2.27565e-08
81 2.27565e-08
82 2.27565e-08
83 2.27565e-08
84 2.27565e-08
85 2.27565e-08
86 2.27565e-08
87 2.27565e-08
88 2.27565e-08
89 2.27565e-08
90 2.27565e-08
91 2.27565e-08
92 2.27565e-08
93 2.27565e-08
94 2.27565e-08
95 2.27565e-08
96 2.27565e-08
97 2.27565e-08
98 2.27565e-08
99 2.27565e-08
100 2.27565e-08
101 2.27565e-08
102 2.27565e-08
103 2.27565e-08
104 2.27565e-08
105 2.27565e-08
106 2.27565e-08
107 2.27565e-08
108 2.27565e-08
109 2.27565e-08
110 2.27565e-08
111 2.27565e-08
112 2.27565e-08
113 2.27565e-08
114 2.27565e-08
115 2.27565e-08
116 2.27565e-08
117 2.27565e-08
118 2.27565e-08
119 2.27565e-08
120 2.27565e-08
121 2.27565e-08
122 2.27565e-08
123 2.27565e-08
124 2.27565e-08
125 2.27565e-08
126 2.27565e-08
127 2.27565e-08
128 2.27565e-08
129 2.27565e-08
130 2.27565e-08
131 2.27565e-08
132 2.27565e-08
133 2.27565e-08
134 2.27565e-08
135 2.27565e-08
136 2.27565e-08
137 2.27565e-08
138 2.27565e-08
139 2.27565e-08
140 2.27565e-08
141 2.27565e-08
142 2.27565e-08
143 2.27565e-08
144 2.27565e-08
145 2.27565e-08
146 2.27565e-08
147 2.27565e-08
148 2.27565e-08
149 2.27565e-08
150 2.27565e-08
151 2.27565e-08
152 2.27565e-08
153 2.27565e-08
154 2.27565e-08
155 2.27565e-08
156 2.27565e-08
157 2.27565e-08
158 2.27565e-08
159 2.27565e-08
160 2.27565e-08
161 2.27565e-08
162 2.27565e-08
163 2.27565e-08
164 2.27565e-08
165 2.27565e-08
166 2.27565e-08
167 2.27565e-08
168 2.27565e-08
169 2.27565e-08
170 2.27565e-08
171 2.27565e-08
172 2.27565e-08
173 2.27565e-08
174 2.27565e-08
175 2.27565e-08
176 2.27565e-08
177 2.27565e-08
178 2.27565e-08
179 2.27565e-08
180 2.27565e-08
181 2.27565e-08
182 2.27565e-08
183 2.27565e-08
184 2.27565e-08
185 2.27565e-08
186 2.27565e-08
187 2.27565e-08
188 2.27565e-08
189 2.27565e-08
190 2.27565e-08
191 2.27565e-08
192 2.27565e-08
193 2.27565e-08
194 2.27565e-08
195 2.27565e-08
196 2.27565e-08
197 2.27565e-08
198 2.27565e-08
199 2.27565e-08
200 2.27565e-08
201 2.27565e-08
202 2.27565e-08
203 2.27565e-08
204 2.27565e-08
205 2.27565e-08
206 2.27565e-08
207 2.27565e-08
208 2.27565e-08
209 2.27565e-08
210 2.27565e-08
211 2.27565e-08
212 2.27565e-08
213 2.27565e-08
214 2.27565e-08
215 2.27565e-08
216 2.27565e-08
217 2.27565e-08
218 2.27565e-08
219 2.27565e-08
220 2.27565e-08
221 2.27565e-08
222 2.27565e-08
223 2.27565e-08
224 2.27565e-08
225 2.27565e-08
226 2.37475e-08
227 2.92773e-08
228 4.73013e-08
229 9.70625e-08
230 2.27613e-07
231 5.61484e-07
232 1.39986e-06
233 3.46408e-06
234 8.45527e-06
235 2.03064e-05
236 4.79245e-05
237 0.000111026
238 0.000252171
239 0.000560695
240 0.00121846
241 0.00258346
242 0.00533503
243 0.0107126
244 0.0208837
245 0.039471
246 0.0722431
247 0.127922
248 0.218984
249 0.362229
250 0.578834
251 0.893584
252 0.973937
253 0.993656
254 0.99831
255 0.999368
256 0.9996
257 0.99987
258 0.999925
259 0.999985
260 0.999997
261 0.999999
262 1
263 1
264 1
265 1
266 1
267 1
268 1
269 1
270 1
271 1
272 1
273 1
274 1
275 1
276 1
277 1
278 1
279 1
280 1
281 1
282 1
283 1
284 1
285 1
286 0.999999
287 0.999997
288 0.999984
289 0.999917
290 0.999563
291 0.999233
292 0.997579
293 0.996108
294 0.989174
295 0.983396
296 0.978753
297 0.959109
298 0.879195
299 0.566899
300 0.352667
301 0.211594
302 0.122418
303 0.0682938
304 0.0367424
305 0.0190683
306 0.00954925
307 0.00461673
308 0.00215596
309 0.00097309
310 0.00042479
311 0.000179489
312 7.34728e-05
313 2.91663e-05
314 1.12426e-05
315 4.21636e-06
316 1.54448e-06
317 5.58099e-07
318 2.04207e-07
319 8.08241e-08
320 3.91976e-08
321 2.62887e-08
322 2.31713e-08
323 2.27565e-08
324 2.27565e-08
325 2.27565e-08
326 2.27565e-08
327 2.27565e-08
328 2.27565e-08
329 2.27565e-08
330 2.27565e-08
331 2.27565e-08
332 2.27565e-08
333 2.27565e-08
334 2.27565e-08
335 2.27565e-08
336 2.27565e-08
337 2.27565e-08
338 2.27565e-08
339 2.27565e-08
340 2.27565e-08
341 2.27565e-08
342 2.27565e-08
343 2.27565e-08
344 2.27565e-08
345 2.27565e-08
346 2.27565e-08
347 2.27565e-08
348 2.27565e-08
349 2.27565e-08
350 2.27565e-08
351 2.27565e-08
352 2.27565e-08
353 2.27565e-08
354 2.27565e-08
355 2.27565e-08
356 2.27565e-08
357 2.27565e-08
358 2.27565e-08
359 2.27565e-08
360 2.27565e-08
361 2.27565e-08
362 2.27565e-08
363 2.27565e-08
364 2.27565e-08
365 2.27565e-08
366 2.27565e-08
367 2.27565e-08
368 2.27565e-08
369 2.27565e-08
370 2.27565e-08
371 2.27565e-08
372 2.27565e-08
373 2.27565e-08
374 2.27565e-08
375 2.27565e-08
376 2.27565e-08
377 2.27565e-08
378 2.27565e-08
379 2.27565e-08
380 2.27565e-08
381 2.27565e-08
382 2.27565e-08
383 2.27565e-08
384 2.27565e-08
385 2.27565e-08
386 2.27565e-08
387 2.27565e-08
388 2.27565e-08
389 2.27565e-08
390 2.27565e-08
391 2.27565e-08
392 2.27565e-08
393 2.27565e-08
394 2.27565e-08
395 2.27565e-08
396 2.27565e-08
397 2.27565e-08
398 2.27565e-08
399 2.27565e-08
400 2.27565e-08
401 2.27565e-08
402 2.27565e-08
403 2.27565e-08
404 2.27565e-08
405 2.27565e-08
406 2.27565e-08
407 2.27565e-08
408 2.27565e-08
409 2.27565e-08
410 2.27565e-08
411 2.27565e-08
412 2.27565e-08
413 2.27565e-08
414 2.27565e-08
415 2.27565e-08
416 2.27565e-08
417 2.27565e-08
418 2.27565e-08
419 2.27565e-08
420 2.27565e-08
421 2.27565e-08
422 2.27565e-08
423 2.27565e-08
424 2.27565e-08
425 2.27565e-08
426 2.27565e-08
427 2.27565e-08
428 2.27565e-08
429 2.27565e-08
430 2.27565e-08
431 2.27565e-08
432 2.27565e-08
433 2.27565e-08
434 2.27565e-08
435 2.27565e-08
436 2.27565e-08
437 2.27565e-08
438 2.27565e-08
439 2.27565e-08
440 2.27565e-08
441 2.27565e-08
442 2.27565e-08
443 2.27565e-08
444 2.27565e-08
445 2.27565e-08
446 2.27565e-08
447 2.27565e-08
448 2.27565e-08
449 2.27565e-08
450 2.27565e-08
451 2.27565e-08
452 2.27565e-08
453 2.27565e-08
454 2.27565e-08
455 2.27565e-08
456 2.27565e-08
457 2.27565e-08
458 2.27565e-08
459 2.27565e-08
460 2.27565e-08
461 2.27565e-08
462 2.27565e-08
463 2.27565e-08
464 2.27565e-08
465 2.27565e-08
466 2.27565e-08
467 2.27565e-08
468 2.27565e-08
469 2.27565e-08
470 2.27565e-08
471 2.27565e-08
472 2.27565e-08
473 2.27565e-08
474 2.27565e-08
475 2.27565e-08
476 2.27565e-08
477 2.27565e-08
478 2.27565e-08
479 2.27565e-08
480 2.27565e-08
481 2.27565e-08
482 2.27565e-08
483 2.27565e-08
484 2.27565e-08
485 2.27565e-08
486 2.27565e-08
487 2.27565e-08
488 2.27565e-08
489 2.27565e-08
490 2.27565e-08
491 2.27565e-08
492 2.27565e-08
493 2.27565e-08
494 2.27565e-08
495 2.27565e-08
496 2.27565e-08
497 2.27565e-08
498 2.27565e-08
499 2.27565e-08
500 2.27565e-08
501 2.27565e-08
502 2.27565e-08
503 2.27565e-08
504 2.27565e-08
505 2.27565e-08
506 2.27565e-08
507 2.27565e-08
508 2.27565e-08
509 2.27565e-08
510 2.27565e-08
511 2.27565e-08
512 2.27565e-08
513 2.27565e-08
514 2.27565e-08
515 2.27565e-08
516 2.27565e-08
517 2.27565e-08
518 2.27565e-08
519 2.27565e-08
520 2.27565e-08
521 2.27565e-08
522 2.27565e-08
523 2.27565e-08
524 2.27565e-08
525 2.27565e-08
526 2.27565e-08
527 2.27565e-08
528 2.27565e-08
529 2.27565e-08
530 2.27565e-08
531 2.27565e-08
532 2.27565e-08
533 2.27565e-08
534 2.27565e-08
535 2.27565e-08
536 2.27565e-08
537 2.27565e-08
538 2.27565e-08
539 2.27565e-08
540 2.27565e-08
541 2.27565e-08
542 2.27565e-08
543 2.27565e-08
544 2.27565e-08
545 2.27565e-08
546 2.27565e-08
547 2.27565e-08
548 2.27565e-08
549 2.27565e-08
550 2.27565e-08
551 2.27565e-08
552 2.27565e-08
