1 2.40905e-09
2 2.40905e-09
3 2.40905e-09
4 2.40905e-09
5 2.40905e-09
6 2.40905e-09
7 2.40905e-09
8 2.40905e-09
9 2.40905e-09
10 2.40905e-09
11 2.40905e-09
12 2.40905e-09
13 2.40905e-09
14 2.40905e-09
15 2.40905e-09
16 2.40905e-09
17 2.40905e-09
18 2.40905e-09
19 2.40905e-09
20 2.40905e-09
21 2.40905e-09
22 2.40905e-09
23 2.40905e-09
24 2.40905e-09
25 2.40905e-09
26 2.40905e-09
27 2.40905e-09
28 2.40905e-09
29 2.40905e-09
30 2.40905e-09
31 2.40905e-09
32 2.40905e-09
33 2.40905e-09
34 2.40905e-09
35 2.40905e-09
36 2.40905e-09
37 2.40905e-09
38 2.40905e-09
39 2.40905e-09
40 2.40905e-09
41 2.40905e-09
42 2.40905e-09
43 2.40905e-09
44 2.40905e-09
45 2.40905e-09
46 2.40905e-09
47 2.40905e-09
48 2.40905e-09
49 2.40905e-09
50 2.40905e-09
51 2.40905e-09
52 2.40905e-09
53 2.40905e-09
54 2.40905e-09
55 2.40905e-09
56 2.40905e-09
57 2.40905e-09
58 2.40905e-09
59 2.40905e-09
60 2.40905e-09
61 2.40905e-09
62 2.40905e-09
63 2.40905e-09
64 2.40905e-09
65 2.40905e-09
66 2.40905e-09
67 2.40905e-09
68 2.40905e-09
69 2.40905e-09
70 2.40905e-09
71 2.40905e-09
72 2.40905e-09
73 2.40905e-09
74 2.40905e-09
75 2.40905e-09
76 2.40905e-09
77 2.40905e-09
78 2.40905e-09
79 2.40905e-09
80 2.40905e-09
81 2.40905e-09
82 2.40905e-09
83 2.40905e-09
84 2.40905e-09
85 2.40905e-09
86 2.40905e-09
87 2.40905e-09
88 2.40905e-09
89 2.40905e-09
90 2.40905e-09
91 2.40905e-09
92 2.40905e-09
93 2.40905e-09
94 2.40905e-09
95 2.40905e-09
96 2.40905e-09
97 2.40905e-09
98 2.40905e-09
99 2.40905e-09
100 2.40905e-09
101 2.40905e-09
102 2.40905e-09
103 2.40905e-09
104 2.40905e-09
105 2.40905e-09
106 2.40905e-09
107 2.40905e-09
108 2.40905e-09
109 2.40905e-09
110 2.40905e-09
111 2.40905e-09
112 2.40905e-09
113 2.40905e-09
114 2.40905e-09
115 2.40905e-09
116 2.40905e-09
117 2.40905e-09
118 2.40905e-09
119 2.40905e-09
120 2.40905e-09
121 2.40905e-09
122 2.40905e-09
123 2.40905e-09
124 2.40905e-09
125 2.40905e-09
126 2.40905e-09
127 2.40905e-09
128 2.40905e-09
129 2.40905e-09
130 2.40905e-09
131 2.40905e-09
132 2.40905e-09
133 2.40905e-09
134 2.40905e-09
135 2.40905e-09
136 2.40905e-09
137 2.40905e-09
138 2.40905e-09
139 2.40905e-09
140 2.40905e-09
141 2.40905e-09
142 2.40905e-09
143 2.40905e-09
144 2.40905e-09
145 2.40905e-09
146 2.40905e-09
147 2.40905e-09
148 2.40905e-09
149 2.40905e-09
150 2.40905e-09
151 2.40905e-09
152 2.40905e-09
153 2.40905e-09
154 2.40905e-09
155 2.40905e-09
156 2.40905e-09
157 2.40905e-09
158 2.40905e-09
159 2.40905e-09
160 2.40905e-09
161 2.40905e-09
162 2.40905e-09
163 2.40905e-09
164 2.40905e-09
165 2.40905e-09
166 2.40905e-09
167 2.40905e-09
168 2.40905e-09
169 2.40905e-09
170 2.40905e-09
171 2.40905e-09
172 2.40905e-09
173 2.40905e-09
174 2.40905e-09
175 2.40905e-09
176 2.40905e-09
177 2.40905e-09
178 2.40905e-09
179 2.40905e-09
180 2.40905e-09
181 2.40905e-09
182 2.40905e-09
183 2.40905e-09
184 2.40905e-09
185 2.40905e-09
186 2.40905e-09
187 2.40905e-09
188 2.40905e-09
189 2.40905e-09
190 2.40905e-09
191 2.40905e-09
192 2.40905e-09
193 2.40905e-09
194 2.40905e-09
195 2.40905e-09
196 2.40905e-09
197 2.40905e-09
198 2.40905e-09
199 2.40905e-09
200 2.40905e-09
201 2.40905e-09
202 2.40905e-09
203 2.40905e-09
204 2.40905e-09
205 2.40905e-09
206 2.40905e-09
207 2.40905e-09
208 2.40905e-09
209 2.40905e-09
210 2.40905e-09
211 2.40905e-09
212 2.40905e-09
213 2.40905e-09
214 2.40905e-09
215 2.40905e-09
216 2.40905e-09
217 2.40905e-09
218 2.40905e-09
219 2.40905e-09
220 2.40905e-09
221 2.40905e-09
222 2.40905e-09
223 2.40905e-09
224 2.40905e-09
225 2.40905e-09
226 2.40905e-09
227 2.40905e-09
228 2.40905e-09
229 2.40905e-09
230 2.40905e-09
231 2.40905e-09
232 2.40905e-09
233 2.48359e-09
234 3.15579e-09
235 6.29359e-09
236 1.66852e-08
237 4.82856e-08
238 1.4201e-07
239 4.11988e-07
240 1.17202e-06
241 3.27171e-06
242 8.98592e-06
243 2.44264e-05
244 6.63029e-05
245 0.000181847
246 0.000510627
247 0.00148452
248 0.00449185
249 0.0141092
250 0.0456205
251 0.150302
252 0.214292
253 0.253509
254 0.277579
255 0.292374
256 0.301479
257 0.33213
258 0.350933
259 0.41357
260 0.451246
261 0.473511
262 0.486342
263 0.493363
264 0.515053
265 0.526044
266 0.55872
267 0.573943
268 0.577529
269 0.596416
270 0.649762
271 0.785887
272 0.845751
273 0.869067
274 0.931924
275 0.95585
276 0.959864
277 0.94954
278 0.922347
279 0.868735
280 0.852118
281 0.820908
282 0.766603
283 0.750098
284 0.745451
285 0.737193
286 0.723433
287 0.700533
288 0.66162
289 0.593036
290 0.46621
291 0.421095
292 0.329473
293 0.294519
294 0.220896
295 0.192705
296 0.182089
297 0.160734
298 0.118948
299 0.0395694
300 0.0128102
301 0.00404582
302 0.00125092
303 0.000380335
304 0.00011431
305 3.4146e-05
306 1.0187e-05
307 3.04555e-06
308 9.13819e-07
309 2.75116e-07
310 8.32282e-08
311 2.54742e-08
312 8.31016e-09
313 3.60512e-09
314 2.59978e-09
315 2.40905e-09
316 2.40905e-09
317 2.40905e-09
318 2.40905e-09
319 2.40905e-09
320 2.40905e-09
321 2.40905e-09
322 2.40905e-09
323 2.40905e-09
324 2.40905e-09
325 2.40905e-09
326 2.40905e-09
327 2.40905e-09
328 2.40905e-09
329 2.40905e-09
330 2.40905e-09
331 2.40905e-09
332 2.40905e-09
333 2.40905e-09
334 2.40905e-09
335 2.40905e-09
336 2.40905e-09
337 2.40905e-09
338 2.40905e-09
339 2.40905e-09
340 2.40905e-09
341 2.40905e-09
342 2.40905e-09
343 2.40905e-09
344 2.40905e-09
345 2.40905e-09
346 2.40905e-09
347 2.40905e-09
348 2.40905e-09
349 2.40905e-09
350 2.40905e-09
351 2.40905e-09
352 2.40905e-09
353 2.40905e-09
354 2.40905e-09
355 2.40905e-09
356 2.40905e-09
357 2.40905e-09
358 2.40905e-09
359 2.40905e-09
360 2.40905e-09
361 2.40905e-09
362 2.40905e-09
363 2.40905e-09
364 2.40905e-09
365 2.40905e-09
366 2.40905e-09
367 2.40905e-09
368 2.40905e-09
369 2.40905e-09
370 2.40905e-09
371 2.40905e-09
372 2.40905e-09
373 2.40905e-09
374 2.40905e-09
375 2.40905e-09
376 2.40905e-09
377 2.40905e-09
378 2.40905e-09
379 2.40905e-09
380 2.40905e-09
381 2.40905e-09
382 2.40905e-09
383 2.40905e-09
384 2.40905e-09
385 2.40905e-09
386 2.40905e-09
387 2.40905e-09
388 2.40905e-09
389 2.40905e-09
390 2.40905e-09
391 2.40905e-09
392 2.40905e-09
393 2.40905e-09
394 2.40905e-09
395 2.40905e-09
396 2.40905e-09
397 2.40905e-09
398 2.40905e-09
399 2.40905e-09
400 2.40905e-09
401 2.40905e-09
402 2.40905e-09
403 2.40905e-09
404 2.40905e-09
405 2.40905e-09
406 2.40905e-09
407 2.40905e-09
408 2.40905e-09
409 2.40905e-09
410 2.40905e-09
411 2.40905e-09
412 2.40905e-09
413 2.40905e-09
414 2.40905e-09
415 2.40905e-09
416 2.40905e-09
417 2.40905e-09
418 2.40905e-09
419 2.40905e-09
420 2.40905e-09
421 2.40905e-09
422 2.40905e-09
423 2.40905e-09
424 2.40905e-09
425 2.40905e-09
426 2.40905e-09
427 2.40905e-09
428 2.40905e-09
429 2.40905e-09
430 2.40905e-09
431 2.40905e-09
432 2.40905e-09
433 2.40905e-09
434 2.40905e-09
435 2.40905e-09
436 2.40905e-09
437 2.40905e-09
438 2.40905e-09
439 2.40905e-09
440 2.40905e-09
441 2.40905e-09
442 2.40905e-09
443 2.40905e-09
444 2.40905e-09
445 2.40905e-09
446 2.40905e-09
447 2.40905e-09
448 2.40905e-09
449 2.40905e-09
450 2.40905e-09
451 2.40905e-09
452 2.40905e-09
453 2.40905e-09
454 2.40905e-09
455 2.40905e-09
456 2.40905e-09
457 2.40905e-09
458 2.40905e-09
459 2.40905e-09
460 2.40905e-09
461 2.40905e-09
462 2.40905e-09
463 2.40905e-09
464 2.40905e-09
465 2.40905e-09
466 2.40905e-09
467 2.40905e-09
468 2.40905e-09
469 2.40905e-09
470 2.40905e-09
471 2.40905e-09
472 2.40905e-09
473 2.40905e-09
474 2.40905e-09
475 2.40905e-09
476 2.40905e-09
477 2.40905e-09
478 2.40905e-09
479 2.40905e-09
480 2.40905e-09
481 2.40905e-09
482 2.40905e-09
483 2.40905e-09
484 2.40905e-09
485 2.40905e-09
486 2.40905e-09
487 2.40905e-09
488 2.40905e-09
489 2.40905e-09
490 2.40905e-09
491 2.40905e-09
492 2.40905e-09
493 2.40905e-09
494 2.40905e-09
495 2.40905e-09
496 2.40905e-09
497 2.40905e-09
498 2.40905e-09
499 2.40905e-09
500 2.40905e-09
501 2.40905e-09
502 2.40905e-09
503 2.40905e-09
504 2.40905e-09
505 2.40905e-09
506 2.40905e-09
507 2.40905e-09
508 2.40905e-09
509 2.40905e-09
510 2.40905e-09
511 2.40905e-09
512 2.40905e-09
513 2.40905e-09
514 2.40905e-09
515 2.40905e-09
516 2.40905e-09
517 2.40905e-09
518 2.40905e-09
519 2.40905e-09
520 2.40905e-09
521 2.40905e-09
522 2.40905e-09
523 2.40905e-09
524 2.40905e-09
525 2.40905e-09
526 2.40905e-09
527 2.40905e-09
528 2.40905e-09
529 2.40905e-09
530 2.40905e-09
531 2.40905e-09
532 2.40905e-09
533 2.40905e-09
534 2.40905e-09
535 2.40905e-09
536 2.40905e-09
537 2.40905e-09
538 2.40905e-09
539 2.40905e-09
540 2.40905e-09
541 2.40905e-09
542 2.40905e-09
543 2.40905e-09
544 2.40905e-09
545 2.40905e-09
546 2.40905e-09
547 2.40905e-09
548 2.40905e-09
549 2.40905e-09
550 2.40905e-09
551 2.40905e-09
552 2.40905e-09
