1 1.63123e-09
2 1.63123e-09
3 1.63123e-09
4 1.63123e-09
5 1.63123e-09
6 1.63123e-09
7 1.63123e-09
8 1.63123e-09
9 1.63123e-09
10 1.63123e-09
11 1.63123e-09
12 1.63123e-09
13 1.63123e-09
14 1.63123e-09
15 1.63123e-09
16 1.63123e-09
17 1.63123e-09
18 1.63123e-09
19 1.63123e-09
20 1.63123e-09
21 1.63123e-09
22 1.63123e-09
23 1.63123e-09
24 1.63123e-09
25 1.63123e-09
26 1.63123e-09
27 1.63123e-09
28 1.63123e-09
29 1.63123e-09
30 1.63123e-09
31 1.63123e-09
32 1.63123e-09
33 1.63123e-09
34 1.63123e-09
35 1.63123e-09
36 1.63123e-09
37 1.63123e-09
38 1.63123e-09
39 1.63123e-09
40 1.63123e-09
41 1.63123e-09
42 1.63123e-09
43 1.63123e-09
44 1.63123e-09
45 1.63123e-09
46 1.63123e-09
47 1.63123e-09
48 1.63123e-09
49 1.63123e-09
50 1.63123e-09
51 1.63123e-09
52 1.63123e-09
53 1.63123e-09
54 1.63123e-09
55 1.63123e-09
56 1.63123e-09
57 1.63123e-09
58 1.63123e-09
59 1.63123e-09
60 1.63123e-09
61 1.63123e-09
62 1.63123e-09
63 1.63123e-09
64 1.63123e-09
65 1.63123e-09
66 1.63123e-09
67 1.63123e-09
68 1.63123e-09
69 1.63123e-09
70 1.63123e-09
71 1.63123e-09
72 1.63123e-09
73 1.63123e-09
74 1.63123e-09
75 1.63123e-09
76 1.63123e-09
77 1.63123e-09
78 1.63123e-09
79 1.63123e-09
80 1.63123e-09
81 1.63123e-09
82 1.63123e-09
83 1.63123e-09
84 1.63123e-09
85 1.63123e-09
86 1.63123e-09
87 1.63123e-09
88 1.63123e-09
89 1.63123e-09
90 1.63123e-09
91 1.63123e-09
92 1.63123e-09
93 1.63123e-09
94 1.63123e-09
95 1.63123e-09
96 1.63123e-09
97 1.63123e-09
98 1.63123e-09
99 1.63123e-09
100 1.63123e-09
101 1.63123e-09
102 1.63123e-09
103 1.63123e-09
104 1.63123e-09
105 1.63123e-09
106 1.63123e-09
107 1.63123e-09
108 1.63123e-09
109 1.63123e-09
110 1.63123e-09
111 1.63123e-09
112 1.63123e-09
113 1.63123e-09
114 1.63123e-09
115 1.63123e-09
116 1.63123e-09
117 1.63123e-09
118 1.63123e-09
119 1.63123e-09
120 1.63123e-09
121 1.63123e-09
122 1.63123e-09
123 1.63123e-09
124 1.63123e-09
125 1.63123e-09
126 1.63123e-09
127 1.63123e-09
128 1.63123e-09
129 1.63123e-09
130 1.63123e-09
131 1.63123e-09
132 1.63123e-09
133 1.63123e-09
134 1.63123e-09
135 1.63123e-09
136 1.63123e-09
137 1.63123e-09
138 1.63123e-09
139 1.63123e-09
140 1.63123e-09
141 1.63123e-09
142 1.63123e-09
143 1.63123e-09
144 1.63123e-09
145 1.63123e-09
146 1.63123e-09
147 1.63123e-09
148 1.63123e-09
149 1.63123e-09
150 1.63123e-09
151 1.63123e-09
152 1.63123e-09
153 1.63123e-09
154 1.63123e-09
155 1.63123e-09
156 1.63123e-09
157 1.63123e-09
158 1.63123e-09
159 1.63123e-09
160 1.63123e-09
161 1.63123e-09
162 1.63123e-09
163 1.63123e-09
164 1.63123e-09
165 1.63123e-09
166 1.63123e-09
167 1.63123e-09
168 1.63123e-09
169 1.63123e-09
170 1.63123e-09
171 1.63123e-09
172 1.63123e-09
173 1.63123e-09
174 1.63123e-09
175 1.63123e-09
176 1.63123e-09
177 1.63123e-09
178 1.63123e-09
179 1.63123e-09
180 1.63123e-09
181 1.63123e-09
182 1.63123e-09
183 1.63123e-09
184 1.63123e-09
185 1.63123e-09
186 1.63123e-09
187 1.63123e-09
188 1.63123e-09
189 1.63123e-09
190 1.63123e-09
191 1.63123e-09
192 1.63123e-09
193 1.63123e-09
194 1.63123e-09
195 1.63123e-09
196 1.63123e-09
197 1.63123e-09
198 1.63123e-09
199 1.63123e-09
200 1.63123e-09
201 1.63123e-09
202 1.63123e-09
203 1.63123e-09
204 1.63123e-09
205 1.63123e-09
206 1.63123e-09
207 1.63123e-09
208 1.63123e-09
209 1.63123e-09
210 1.63123e-09
211 1.63123e-09
212 1.63123e-09
213 1.63123e-09
214 1.63123e-09
215 1.63123e-09
216 1.63123e-09
217 1.63123e-09
218 1.63123e-09
219 1.63123e-09
220 1.63123e-09
221 1.63123e-09
222 1.63123e-09
223 1.63123e-09
224 1.63123e-09
225 1.63123e-09
226 1.63123e-09
227 1.63123e-09
228 1.63123e-09
229 1.63123e-09
230 1.63123e-09
231 1.63123e-09
232 1.63123e-09
233 1.63123e-09
234 1.63123e-09
235 1.93641e-09
236 5.46056e-09
237 2.15861e-08
238 7.99561e-08
239 2.71743e-07
240 9.06864e-07
241 3.02707e-06
242 1.01302e-05
243 3.39713e-05
244 0.000114035
245 0.000382672
246 0.00128133
247 0.00426986
248 0.0141148
249 0.0461188
250 0.148411
251 0.468837
252 0.64822
253 0.746203
254 0.798362
255 0.825409
256 0.839074
257 0.8759
258 0.893617
259 0.939212
260 0.960232
261 0.96974
262 0.973964
263 0.975807
264 0.980127
265 0.981938
266 0.986
267 0.987618
268 0.988241
269 0.989519
270 0.992035
271 0.996788
272 0.998355
273 0.998835
274 0.99964
275 0.999833
276 0.99975
277 0.999283
278 0.997771
279 0.993252
280 0.990907
281 0.984561
282 0.968176
283 0.960785
284 0.957595
285 0.950375
286 0.934689
287 0.901908
288 0.835887
289 0.707449
290 0.465517
291 0.384623
292 0.240556
293 0.194721
294 0.116485
295 0.0924249
296 0.0850918
297 0.072884
298 0.0523932
299 0.0173043
300 0.00595841
301 0.00213428
302 0.000787782
303 0.00029566
304 0.000111327
305 4.15949e-05
306 1.52969e-05
307 5.50687e-06
308 1.93299e-06
309 6.58831e-07
310 2.16487e-07
311 6.80885e-08
312 2.01779e-08
313 5.85227e-09
314 1.97362e-09
315 1.63123e-09
316 1.63123e-09
317 1.63123e-09
318 1.63123e-09
319 1.63123e-09
320 1.63123e-09
321 1.63123e-09
322 1.63123e-09
323 1.63123e-09
324 1.63123e-09
325 1.63123e-09
326 1.63123e-09
327 1.63123e-09
328 1.63123e-09
329 1.63123e-09
330 1.63123e-09
331 1.63123e-09
332 1.63123e-09
333 1.63123e-09
334 1.63123e-09
335 1.63123e-09
336 1.63123e-09
337 1.63123e-09
338 1.63123e-09
339 1.63123e-09
340 1.63123e-09
341 1.63123e-09
342 1.63123e-09
343 1.63123e-09
344 1.63123e-09
345 1.63123e-09
346 1.63123e-09
347 1.63123e-09
348 1.63123e-09
349 1.63123e-09
350 1.63123e-09
351 1.63123e-09
352 1.63123e-09
353 1.63123e-09
354 1.63123e-09
355 1.63123e-09
356 1.63123e-09
357 1.63123e-09
358 1.63123e-09
359 1.63123e-09
360 1.63123e-09
361 1.63123e-09
362 1.63123e-09
363 1.63123e-09
364 1.63123e-09
365 1.63123e-09
366 1.63123e-09
367 1.63123e-09
368 1.63123e-09
369 1.63123e-09
370 1.63123e-09
371 1.63123e-09
372 1.63123e-09
373 1.63123e-09
374 1.63123e-09
375 1.63123e-09
376 1.63123e-09
377 1.63123e-09
378 1.63123e-09
379 1.63123e-09
380 1.63123e-09
381 1.63123e-09
382 1.63123e-09
383 1.63123e-09
384 1.63123e-09
385 1.63123e-09
386 1.63123e-09
387 1.63123e-09
388 1.63123e-09
389 1.63123e-09
390 1.63123e-09
391 1.63123e-09
392 1.63123e-09
393 1.63123e-09
394 1.63123e-09
395 1.63123e-09
396 1.63123e-09
397 1.63123e-09
398 1.63123e-09
399 1.63123e-09
400 1.63123e-09
401 1.63123e-09
402 1.63123e-09
403 1.63123e-09
404 1.63123e-09
405 1.63123e-09
406 1.63123e-09
407 1.63123e-09
408 1.63123e-09
409 1.63123e-09
410 1.63123e-09
411 1.63123e-09
412 1.63123e-09
413 1.63123e-09
414 1.63123e-09
415 1.63123e-09
416 1.63123e-09
417 1.63123e-09
418 1.63123e-09
419 1.63123e-09
420 1.63123e-09
421 1.63123e-09
422 1.63123e-09
423 1.63123e-09
424 1.63123e-09
425 1.63123e-09
426 1.63123e-09
427 1.63123e-09
428 1.63123e-09
429 1.63123e-09
430 1.63123e-09
431 1.63123e-09
432 1.63123e-09
433 1.63123e-09
434 1.63123e-09
435 1.63123e-09
436 1.63123e-09
437 1.63123e-09
438 1.63123e-09
439 1.63123e-09
440 1.63123e-09
441 1.63123e-09
442 1.63123e-09
443 1.63123e-09
444 1.63123e-09
445 1.63123e-09
446 1.63123e-09
447 1.63123e-09
448 1.63123e-09
449 1.63123e-09
450 1.63123e-09
451 1.63123e-09
452 1.63123e-09
453 1.63123e-09
454 1.63123e-09
455 1.63123e-09
456 1.63123e-09
457 1.63123e-09
458 1.63123e-09
459 1.63123e-09
460 1.63123e-09
461 1.63123e-09
462 1.63123e-09
463 1.63123e-09
464 1.63123e-09
465 1.63123e-09
466 1.63123e-09
467 1.63123e-09
468 1.63123e-09
469 1.63123e-09
470 1.63123e-09
471 1.63123e-09
472 1.63123e-09
473 1.63123e-09
474 1.63123e-09
475 1.63123e-09
476 1.63123e-09
477 1.63123e-09
478 1.63123e-09
479 1.63123e-09
480 1.63123e-09
481 1.63123e-09
482 1.63123e-09
483 1.63123e-09
484 1.63123e-09
485 1.63123e-09
486 1.63123e-09
487 1.63123e-09
488 1.63123e-09
489 1.63123e-09
490 1.63123e-09
491 1.63123e-09
492 1.63123e-09
493 1.63123e-09
494 1.63123e-09
495 1.63123e-09
496 1.63123e-09
497 1.63123e-09
498 1.63123e-09
499 1.63123e-09
500 1.63123e-09
501 1.63123e-09
502 1.63123e-09
503 1.63123e-09
504 1.63123e-09
505 1.63123e-09
506 1.63123e-09
507 1.63123e-09
508 1.63123e-09
509 1.63123e-09
510 1.63123e-09
511 1.63123e-09
512 1.63123e-09
513 1.63123e-09
514 1.63123e-09
515 1.63123e-09
516 1.63123e-09
517 1.63123e-09
518 1.63123e-09
519 1.63123e-09
520 1.63123e-09
521 1.63123e-09
522 1.63123e-09
523 1.63123e-09
524 1.63123e-09
525 1.63123e-09
526 1.63123e-09
527 1.63123e-09
528 1.63123e-09
529 1.63123e-09
530 1.63123e-09
531 1.63123e-09
532 1.63123e-09
533 1.63123e-09
534 1.63123e-09
535 1.63123e-09
536 1.63123e-09
537 1.63123e-09
538 1.63123e-09
539 1.63123e-09
540 1.63123e-09
541 1.63123e-09
542 1.63123e-09
543 1.63123e-09
544 1.63123e-09
545 1.63123e-09
546 1.63123e-09
547 1.63123e-09
548 1.63123e-09
549 1.63123e-09
550 1.63123e-09
551 1.63123e-09
552 1.63123e-09
