1 2.26559e-09
2 2.26559e-09
3 2.26559e-09
4 2.26559e-09
5 2.26559e-09
6 2.26559e-09
7 2.26559e-09
8 2.26559e-09
9 2.26559e-09
10 2.26559e-09
11 2.26559e-09
12 2.26559e-09
13 2.26559e-09
14 2.26559e-09
15 2.26559e-09
16 2.26559e-09
17 2.26559e-09
18 2.26559e-09
19 2.26559e-09
20 2.26559e-09
21 2.26559e-09
22 2.26559e-09
23 2.26559e-09
24 2.26559e-09
25 2.26559e-09
26 2.26559e-09
27 2.26559e-09
28 2.26559e-09
29 2.26559e-09
30 2.26559e-09
31 2.26559e-09
32 2.26559e-09
33 2.26559e-09
34 2.26559e-09
35 2.26559e-09
36 2.26559e-09
37 2.26559e-09
38 2.26559e-09
39 2.26559e-09
40 2.26559e-09
41 2.26559e-09
42 2.26559e-09
43 2.26559e-09
44 2.26559e-09
45 2.26559e-09
46 2.26559e-09
47 2.26559e-09
48 2.26559e-09
49 2.26559e-09
50 2.26559e-09
51 2.26559e-09
52 2.26559e-09
53 2.26559e-09
54 2.26559e-09
55 2.26559e-09
56 2.26559e-09
57 2.26559e-09
58 2.26559e-09
59 2.26559e-09
60 2.26559e-09
61 2.26559e-09
62 2.26559e-09
63 2.26559e-09
64 2.26559e-09
65 2.26559e-09
66 2.26559e-09
67 2.26559e-09
68 2.26559e-09
69 2.26559e-09
70 2.26559e-09
71 2.26559e-09
72 2.26559e-09
73 2.26559e-09
74 2.26559e-09
75 2.26559e-09
76 2.26559e-09
77 2.26559e-09
78 2.26559e-09
79 2.26559e-09
80 2.26559e-09
81 2.26559e-09
82 2.26559e-09
83 2.26559e-09
84 2.26559e-09
85 2.26559e-09
86 2.26559e-09
87 2.26559e-09
88 2.26559e-09
89 2.26559e-09
90 2.26559e-09
91 2.26559e-09
92 2.26559e-09
93 2.26559e-09
94 2.26559e-09
95 2.26559e-09
96 2.26559e-09
97 2.26559e-09
98 2.26559e-09
99 2.26559e-09
100 2.26559e-09
101 2.26559e-09
102 2.26559e-09
103 2.26559e-09
104 2.26559e-09
105 2.26559e-09
106 2.26559e-09
107 2.26559e-09
108 2.26559e-09
109 2.26559e-09
110 2.26559e-09
111 2.26559e-09
112 2.26559e-09
113 2.26559e-09
114 2.26559e-09
115 2.26559e-09
116 2.26559e-09
117 2.26559e-09
118 2.26559e-09
119 2.26559e-09
120 2.26559e-09
121 2.26559e-09
122 2.26559e-09
123 2.26559e-09
124 2.26559e-09
125 2.26559e-09
126 2.26559e-09
127 2.26559e-09
128 2.26559e-09
129 2.26559e-09
130 2.26559e-09
131 2.26559e-09
132 2.26559e-09
133 2.26559e-09
134 2.26559e-09
135 2.26559e-09
136 2.26559e-09
137 2.26559e-09
138 2.26559e-09
139 2.26559e-09
140 2.26559e-09
141 2.26559e-09
142 2.26559e-09
143 2.26559e-09
144 2.26559e-09
145 2.26559e-09
146 2.26559e-09
147 2.26559e-09
148 2.26559e-09
149 2.26559e-09
150 2.26559e-09
151 2.26559e-09
152 2.26559e-09
153 2.26559e-09
154 2.26559e-09
155 2.26559e-09
156 2.26559e-09
157 2.26559e-09
158 2.26559e-09
159 2.26559e-09
160 2.26559e-09
161 2.26559e-09
162 2.26559e-09
163 2.26559e-09
164 2.26559e-09
165 2.26559e-09
166 2.26559e-09
167 2.26559e-09
168 2.26559e-09
169 2.26559e-09
170 2.26559e-09
171 2.26559e-09
172 2.26559e-09
173 2.26559e-09
174 2.26559e-09
175 2.26559e-09
176 2.26559e-09
177 2.26559e-09
178 2.26559e-09
179 2.26559e-09
180 2.26559e-09
181 2.26559e-09
182 2.26559e-09
183 2.26559e-09
184 2.26559e-09
185 2.26559e-09
186 2.26559e-09
187 2.26559e-09
188 2.26559e-09
189 2.26559e-09
190 2.26559e-09
191 2.26559e-09
192 2.26559e-09
193 2.26559e-09
194 2.26559e-09
195 2.26559e-09
196 2.26559e-09
197 2.26559e-09
198 2.26559e-09
199 2.26559e-09
200 2.26559e-09
201 2.26559e-09
202 2.26559e-09
203 2.26559e-09
204 2.26559e-09
205 2.26559e-09
206 2.26559e-09
207 2.26559e-09
208 2.26559e-09
209 2.26559e-09
210 2.26559e-09
211 2.26559e-09
212 2.26559e-09
213 2.26559e-09
214 2.26559e-09
215 2.26559e-09
216 2.26559e-09
217 2.26559e-09
218 2.26559e-09
219 2.26559e-09
220 2.26559e-09
221 2.26559e-09
222 2.26559e-09
223 2.26559e-09
224 2.26559e-09
225 2.26559e-09
226 2.26559e-09
227 2.26559e-09
228 2.26559e-09
229 2.26559e-09
230 2.26559e-09
231 2.26559e-09
232 2.26559e-09
233 2.26559e-09
234 2.39711e-09
235 4.15038e-09
236 1.17743e-08
237 3.67401e-08
238 1.15381e-07
239 3.58372e-07
240 1.09011e-06
241 3.24194e-06
242 9.42555e-06
243 2.68025e-05
244 7.46618e-05
245 0.000204454
246 0.000553722
247 0.00149692
248 0.0040897
249 0.0114506
250 0.0332474
251 0.100653
252 0.14016
253 0.163884
254 0.178317
255 0.187146
256 0.192555
257 0.210715
258 0.221868
259 0.259459
260 0.282601
261 0.296728
262 0.304972
263 0.308576
264 0.324587
265 0.331203
266 0.359955
267 0.371604
268 0.366658
269 0.385532
270 0.452455
271 0.637946
272 0.724214
273 0.759947
274 0.861261
275 0.903538
276 0.916341
277 0.911385
278 0.89088
279 0.850846
280 0.841524
281 0.821729
282 0.787542
283 0.778141
284 0.77687
285 0.772156
286 0.762984
287 0.74575
288 0.712094
289 0.643496
290 0.499674
291 0.443996
292 0.3268
293 0.282478
294 0.193035
295 0.160972
296 0.149826
297 0.129278
298 0.0925124
299 0.0285208
300 0.00864441
301 0.00259037
302 0.000771954
303 0.000229975
304 6.87309e-05
305 2.06305e-05
306 6.21277e-06
307 1.87241e-06
308 5.63248e-07
309 1.6876e-07
310 5.01673e-08
311 1.46735e-08
312 4.72528e-09
313 2.58479e-09
314 2.26559e-09
315 2.26559e-09
316 2.26559e-09
317 2.26559e-09
318 2.26559e-09
319 2.26559e-09
320 2.26559e-09
321 2.26559e-09
322 2.26559e-09
323 2.26559e-09
324 2.26559e-09
325 2.26559e-09
326 2.26559e-09
327 2.26559e-09
328 2.26559e-09
329 2.26559e-09
330 2.26559e-09
331 2.26559e-09
332 2.26559e-09
333 2.26559e-09
334 2.26559e-09
335 2.26559e-09
336 2.26559e-09
337 2.26559e-09
338 2.26559e-09
339 2.26559e-09
340 2.26559e-09
341 2.26559e-09
342 2.26559e-09
343 2.26559e-09
344 2.26559e-09
345 2.26559e-09
346 2.26559e-09
347 2.26559e-09
348 2.26559e-09
349 2.26559e-09
350 2.26559e-09
351 2.26559e-09
352 2.26559e-09
353 2.26559e-09
354 2.26559e-09
355 2.26559e-09
356 2.26559e-09
357 2.26559e-09
358 2.26559e-09
359 2.26559e-09
360 2.26559e-09
361 2.26559e-09
362 2.26559e-09
363 2.26559e-09
364 2.26559e-09
365 2.26559e-09
366 2.26559e-09
367 2.26559e-09
368 2.26559e-09
369 2.26559e-09
370 2.26559e-09
371 2.26559e-09
372 2.26559e-09
373 2.26559e-09
374 2.26559e-09
375 2.26559e-09
376 2.26559e-09
377 2.26559e-09
378 2.26559e-09
379 2.26559e-09
380 2.26559e-09
381 2.26559e-09
382 2.26559e-09
383 2.26559e-09
384 2.26559e-09
385 2.26559e-09
386 2.26559e-09
387 2.26559e-09
388 2.26559e-09
389 2.26559e-09
390 2.26559e-09
391 2.26559e-09
392 2.26559e-09
393 2.26559e-09
394 2.26559e-09
395 2.26559e-09
396 2.26559e-09
397 2.26559e-09
398 2.26559e-09
399 2.26559e-09
400 2.26559e-09
401 2.26559e-09
402 2.26559e-09
403 2.26559e-09
404 2.26559e-09
405 2.26559e-09
406 2.26559e-09
407 2.26559e-09
408 2.26559e-09
409 2.26559e-09
410 2.26559e-09
411 2.26559e-09
412 2.26559e-09
413 2.26559e-09
414 2.26559e-09
415 2.26559e-09
416 2.26559e-09
417 2.26559e-09
418 2.26559e-09
419 2.26559e-09
420 2.26559e-09
421 2.26559e-09
422 2.26559e-09
423 2.26559e-09
424 2.26559e-09
425 2.26559e-09
426 2.26559e-09
427 2.26559e-09
428 2.26559e-09
429 2.26559e-09
430 2.26559e-09
431 2.26559e-09
432 2.26559e-09
433 2.26559e-09
434 2.26559e-09
435 2.26559e-09
436 2.26559e-09
437 2.26559e-09
438 2.26559e-09
439 2.26559e-09
440 2.26559e-09
441 2.26559e-09
442 2.26559e-09
443 2.26559e-09
444 2.26559e-09
445 2.26559e-09
446 2.26559e-09
447 2.26559e-09
448 2.26559e-09
449 2.26559e-09
450 2.26559e-09
451 2.26559e-09
452 2.26559e-09
453 2.26559e-09
454 2.26559e-09
455 2.26559e-09
456 2.26559e-09
457 2.26559e-09
458 2.26559e-09
459 2.26559e-09
460 2.26559e-09
461 2.26559e-09
462 2.26559e-09
463 2.26559e-09
464 2.26559e-09
465 2.26559e-09
466 2.26559e-09
467 2.26559e-09
468 2.26559e-09
469 2.26559e-09
470 2.26559e-09
471 2.26559e-09
472 2.26559e-09
473 2.26559e-09
474 2.26559e-09
475 2.26559e-09
476 2.26559e-09
477 2.26559e-09
478 2.26559e-09
479 2.26559e-09
480 2.26559e-09
481 2.26559e-09
482 2.26559e-09
483 2.26559e-09
484 2.26559e-09
485 2.26559e-09
486 2.26559e-09
487 2.26559e-09
488 2.26559e-09
489 2.26559e-09
490 2.26559e-09
491 2.26559e-09
492 2.26559e-09
493 2.26559e-09
494 2.26559e-09
495 2.26559e-09
496 2.26559e-09
497 2.26559e-09
498 2.26559e-09
499 2.26559e-09
500 2.26559e-09
501 2.26559e-09
502 2.26559e-09
503 2.26559e-09
504 2.26559e-09
505 2.26559e-09
506 2.26559e-09
507 2.26559e-09
508 2.26559e-09
509 2.26559e-09
510 2.26559e-09
511 2.26559e-09
512 2.26559e-09
513 2.26559e-09
514 2.26559e-09
515 2.26559e-09
516 2.26559e-09
517 2.26559e-09
518 2.26559e-09
519 2.26559e-09
520 2.26559e-09
521 2.26559e-09
522 2.26559e-09
523 2.26559e-09
524 2.26559e-09
525 2.26559e-09
526 2.26559e-09
527 2.26559e-09
528 2.26559e-09
529 2.26559e-09
530 2.26559e-09
531 2.26559e-09
532 2.26559e-09
533 2.26559e-09
534 2.26559e-09
535 2.26559e-09
536 2.26559e-09
537 2.26559e-09
538 2.26559e-09
539 2.26559e-09
540 2.26559e-09
541 2.26559e-09
542 2.26559e-09
543 2.26559e-09
544 2.26559e-09
545 2.26559e-09
546 2.26559e-09
547 2.26559e-09
548 2.26559e-09
549 2.26559e-09
550 2.26559e-09
551 2.26559e-09
552 2.26559e-09
