1 3.75295e-09
2 3.75295e-09
3 3.75295e-09
4 3.75295e-09
5 3.75295e-09
6 3.75295e-09
7 3.75295e-09
8 3.75295e-09
9 3.75295e-09
10 3.75295e-09
11 3.75295e-09
12 3.75295e-09
13 3.75295e-09
14 3.75295e-09
15 3.75295e-09
16 3.75295e-09
17 3.75295e-09
18 3.75295e-09
19 3.75295e-09
20 3.75295e-09
21 3.75295e-09
22 3.75295e-09
23 3.75295e-09
24 3.75295e-09
25 3.75295e-09
26 3.75295e-09
27 3.75295e-09
28 3.75295e-09
29 3.75295e-09
30 3.75295e-09
31 3.75295e-09
32 3.75295e-09
33 3.75295e-09
34 3.75295e-09
35 3.75295e-09
36 3.75295e-09
37 3.75295e-09
38 3.75295e-09
39 3.75295e-09
40 3.75295e-09
41 3.75295e-09
42 3.75295e-09
43 3.75295e-09
44 3.75295e-09
45 3.75295e-09
46 3.75295e-09
47 3.75295e-09
48 3.75295e-09
49 3.75295e-09
50 3.75295e-09
51 3.75295e-09
52 3.75295e-09
53 3.75295e-09
54 3.75295e-09
55 3.75295e-09
56 3.75295e-09
57 3.75295e-09
58 3.75295e-09
59 3.75295e-09
60 3.75295e-09
61 3.75295e-09
62 3.75295e-09
63 3.75295e-09
64 3.75295e-09
65 3.75295e-09
66 3.75295e-09
67 3.75295e-09
68 3.75295e-09
69 3.75295e-09
70 3.75295e-09
71 3.75295e-09
72 3.75295e-09
73 3.75295e-09
74 3.75295e-09
75 3.75295e-09
76 3.75295e-09
77 3.75295e-09
78 3.75295e-09
79 3.75295e-09
80 3.75295e-09
81 3.75295e-09
82 3.75295e-09
83 3.75295e-09
84 3.75295e-09
85 3.75295e-09
86 3.75295e-09
87 3.75295e-09
88 3.75295e-09
89 3.75295e-09
90 3.75295e-09
91 3.75295e-09
92 3.75295e-09
93 3.75295e-09
94 3.75295e-09
95 3.75295e-09
96 3.75295e-09
97 3.75295e-09
98 3.75295e-09
99 3.75295e-09
100 3.75295e-09
101 3.75295e-09
102 3.75295e-09
103 3.75295e-09
104 3.75295e-09
105 3.75295e-09
106 3.75295e-09
107 3.75295e-09
108 3.75295e-09
109 3.75295e-09
110 3.75295e-09
111 3.75295e-09
112 3.75295e-09
113 3.75295e-09
114 3.75295e-09
115 3.75295e-09
116 3.75295e-09
117 3.75295e-09
118 3.75295e-09
119 3.75295e-09
120 3.75295e-09
121 3.75295e-09
122 3.75295e-09
123 3.75295e-09
124 3.75295e-09
125 3.75295e-09
126 3.75295e-09
127 3.75295e-09
128 3.75295e-09
129 3.75295e-09
130 3.75295e-09
131 3.75295e-09
132 3.75295e-09
133 3.75295e-09
134 3.75295e-09
135 3.75295e-09
136 3.75295e-09
137 3.75295e-09
138 3.75295e-09
139 3.75295e-09
140 3.75295e-09
141 3.75295e-09
142 3.75295e-09
143 3.75295e-09
144 3.75295e-09
145 3.75295e-09
146 3.75295e-09
147 3.75295e-09
148 3.75295e-09
149 3.75295e-09
150 3.75295e-09
151 3.75295e-09
152 3.75295e-09
153 3.75295e-09
154 3.75295e-09
155 3.75295e-09
156 3.75295e-09
157 3.75295e-09
158 3.75295e-09
159 3.75295e-09
160 3.75295e-09
161 3.75295e-09
162 3.75295e-09
163 3.75295e-09
164 3.75295e-09
165 3.75295e-09
166 3.75295e-09
167 3.75295e-09
168 3.75295e-09
169 3.75295e-09
170 3.75295e-09
171 3.75295e-09
172 3.75295e-09
173 3.75295e-09
174 3.75295e-09
175 3.75295e-09
176 3.75295e-09
177 3.75295e-09
178 3.75295e-09
179 3.75295e-09
180 3.75295e-09
181 3.75295e-09
182 3.75295e-09
183 3.75295e-09
184 3.75295e-09
185 3.75295e-09
186 3.75295e-09
187 3.75295e-09
188 3.75295e-09
189 3.75295e-09
190 3.75295e-09
191 3.75295e-09
192 3.75295e-09
193 3.75295e-09
194 3.75295e-09
195 3.75295e-09
196 3.75295e-09
197 3.75295e-09
198 3.75295e-09
199 3.75295e-09
200 3.75295e-09
201 3.75295e-09
202 3.75295e-09
203 3.75295e-09
204 3.75295e-09
205 3.75295e-09
206 3.75295e-09
207 3.75295e-09
208 3.75295e-09
209 3.75295e-09
210 3.75295e-09
211 3.75295e-09
212 3.75295e-09
213 3.75295e-09
214 3.75295e-09
215 3.75295e-09
216 3.75295e-09
217 3.75295e-09
218 3.75295e-09
219 3.75295e-09
220 3.75295e-09
221 3.75295e-09
222 3.75295e-09
223 3.75295e-09
224 3.75295e-09
225 3.75295e-09
226 3.75295e-09
227 3.75295e-09
228 3.75295e-09
229 3.75295e-09
230 3.75295e-09
231 3.75295e-09
232 3.75295e-09
233 3.75295e-09
234 4.32798e-09
235 1.01743e-08
236 3.33789e-08
237 1.12401e-07
238 3.78906e-07
239 1.26411e-06
240 4.17435e-06
241 1.36208e-05
242 4.3809e-05
243 0.000138523
244 0.000429577
245 0.00130403
246 0.00386944
247 0.011214
248 0.0317308
249 0.0876778
250 0.236728
251 0.62514
252 0.806393
253 0.889346
254 0.926617
255 0.943065
256 0.950192
257 0.96676
258 0.973653
259 0.988969
260 0.995027
261 0.997353
262 0.998216
263 0.998525
264 0.999109
265 0.999301
266 0.999636
267 0.999738
268 0.999766
269 0.99981
270 0.999875
271 0.999965
272 0.999987
273 0.999992
274 0.999998
275 0.999999
276 0.999998
277 0.999994
278 0.999972
279 0.999884
280 0.99982
281 0.999578
282 0.998709
283 0.998163
284 0.997838
285 0.996822
286 0.993798
287 0.985201
288 0.961835
289 0.901056
290 0.749561
291 0.683326
292 0.531164
293 0.469679
294 0.338739
295 0.289533
296 0.271653
297 0.237222
298 0.17284
299 0.0556523
300 0.0175847
301 0.00547538
302 0.00168896
303 0.00051967
304 0.000160886
305 5.06364e-05
306 1.63728e-05
307 5.48194e-06
308 1.90479e-06
309 6.83263e-07
310 2.50021e-07
311 9.18774e-08
312 3.3357e-08
313 1.27503e-08
314 6.00539e-09
315 4.03582e-09
316 3.75295e-09
317 3.75295e-09
318 3.75295e-09
319 3.75295e-09
320 3.75295e-09
321 3.75295e-09
322 3.75295e-09
323 3.75295e-09
324 3.75295e-09
325 3.75295e-09
326 3.75295e-09
327 3.75295e-09
328 3.75295e-09
329 3.75295e-09
330 3.75295e-09
331 3.75295e-09
332 3.75295e-09
333 3.75295e-09
334 3.75295e-09
335 3.75295e-09
336 3.75295e-09
337 3.75295e-09
338 3.75295e-09
339 3.75295e-09
340 3.75295e-09
341 3.75295e-09
342 3.75295e-09
343 3.75295e-09
344 3.75295e-09
345 3.75295e-09
346 3.75295e-09
347 3.75295e-09
348 3.75295e-09
349 3.75295e-09
350 3.75295e-09
351 3.75295e-09
352 3.75295e-09
353 3.75295e-09
354 3.75295e-09
355 3.75295e-09
356 3.75295e-09
357 3.75295e-09
358 3.75295e-09
359 3.75295e-09
360 3.75295e-09
361 3.75295e-09
362 3.75295e-09
363 3.75295e-09
364 3.75295e-09
365 3.75295e-09
366 3.75295e-09
367 3.75295e-09
368 3.75295e-09
369 3.75295e-09
370 3.75295e-09
371 3.75295e-09
372 3.75295e-09
373 3.75295e-09
374 3.75295e-09
375 3.75295e-09
376 3.75295e-09
377 3.75295e-09
378 3.75295e-09
379 3.75295e-09
380 3.75295e-09
381 3.75295e-09
382 3.75295e-09
383 3.75295e-09
384 3.75295e-09
385 3.75295e-09
386 3.75295e-09
387 3.75295e-09
388 3.75295e-09
389 3.75295e-09
390 3.75295e-09
391 3.75295e-09
392 3.75295e-09
393 3.75295e-09
394 3.75295e-09
395 3.75295e-09
396 3.75295e-09
397 3.75295e-09
398 3.75295e-09
399 3.75295e-09
400 3.75295e-09
401 3.75295e-09
402 3.75295e-09
403 3.75295e-09
404 3.75295e-09
405 3.75295e-09
406 3.75295e-09
407 3.75295e-09
408 3.75295e-09
409 3.75295e-09
410 3.75295e-09
411 3.75295e-09
412 3.75295e-09
413 3.75295e-09
414 3.75295e-09
415 3.75295e-09
416 3.75295e-09
417 3.75295e-09
418 3.75295e-09
419 3.75295e-09
420 3.75295e-09
421 3.75295e-09
422 3.75295e-09
423 3.75295e-09
424 3.75295e-09
425 3.75295e-09
426 3.75295e-09
427 3.75295e-09
428 3.75295e-09
429 3.75295e-09
430 3.75295e-09
431 3.75295e-09
432 3.75295e-09
433 3.75295e-09
434 3.75295e-09
435 3.75295e-09
436 3.75295e-09
437 3.75295e-09
438 3.75295e-09
439 3.75295e-09
440 3.75295e-09
441 3.75295e-09
442 3.75295e-09
443 3.75295e-09
444 3.75295e-09
445 3.75295e-09
446 3.75295e-09
447 3.75295e-09
448 3.75295e-09
449 3.75295e-09
450 3.75295e-09
451 3.75295e-09
452 3.75295e-09
453 3.75295e-09
454 3.75295e-09
455 3.75295e-09
456 3.75295e-09
457 3.75295e-09
458 3.75295e-09
459 3.75295e-09
460 3.75295e-09
461 3.75295e-09
462 3.75295e-09
463 3.75295e-09
464 3.75295e-09
465 3.75295e-09
466 3.75295e-09
467 3.75295e-09
468 3.75295e-09
469 3.75295e-09
470 3.75295e-09
471 3.75295e-09
472 3.75295e-09
473 3.75295e-09
474 3.75295e-09
475 3.75295e-09
476 3.75295e-09
477 3.75295e-09
478 3.75295e-09
479 3.75295e-09
480 3.75295e-09
481 3.75295e-09
482 3.75295e-09
483 3.75295e-09
484 3.75295e-09
485 3.75295e-09
486 3.75295e-09
487 3.75295e-09
488 3.75295e-09
489 3.75295e-09
490 3.75295e-09
491 3.75295e-09
492 3.75295e-09
493 3.75295e-09
494 3.75295e-09
495 3.75295e-09
496 3.75295e-09
497 3.75295e-09
498 3.75295e-09
499 3.75295e-09
500 3.75295e-09
501 3.75295e-09
502 3.75295e-09
503 3.75295e-09
504 3.75295e-09
505 3.75295e-09
506 3.75295e-09
507 3.75295e-09
508 3.75295e-09
509 3.75295e-09
510 3.75295e-09
511 3.75295e-09
512 3.75295e-09
513 3.75295e-09
514 3.75295e-09
515 3.75295e-09
516 3.75295e-09
517 3.75295e-09
518 3.75295e-09
519 3.75295e-09
520 3.75295e-09
521 3.75295e-09
522 3.75295e-09
523 3.75295e-09
524 3.75295e-09
525 3.75295e-09
526 3.75295e-09
527 3.75295e-09
528 3.75295e-09
529 3.75295e-09
530 3.75295e-09
531 3.75295e-09
532 3.75295e-09
533 3.75295e-09
534 3.75295e-09
535 3.75295e-09
536 3.75295e-09
537 3.75295e-09
538 3.75295e-09
539 3.75295e-09
540 3.75295e-09
541 3.75295e-09
542 3.75295e-09
543 3.75295e-09
544 3.75295e-09
545 3.75295e-09
546 3.75295e-09
547 3.75295e-09
548 3.75295e-09
549 3.75295e-09
550 3.75295e-09
551 3.75295e-09
552 3.75295e-09
