1 8.14749e-09
2 8.14749e-09
3 8.14749e-09
4 8.14749e-09
5 8.14749e-09
6 8.14749e-09
7 8.14749e-09
8 8.14749e-09
9 8.14749e-09
10 8.14749e-09
11 8.14749e-09
12 8.14749e-09
13 8.14749e-09
14 8.14749e-09
15 8.14749e-09
16 8.14749e-09
17 8.14749e-09
18 8.14749e-09
19 8.14749e-09
20 8.14749e-09
21 8.14749e-09
22 8.14749e-09
23 8.14749e-09
24 8.14749e-09
25 8.14749e-09
26 8.14749e-09
27 8.14749e-09
28 8.14749e-09
29 8.14749e-09
30 8.14749e-09
31 8.14749e-09
32 8.14749e-09
33 8.14749e-09
34 8.14749e-09
35 8.14749e-09
36 8.14749e-09
37 8.14749e-09
38 8.14749e-09
39 8.14749e-09
40 8.14749e-09
41 8.14749e-09
42 8.14749e-09
43 8.14749e-09
44 8.14749e-09
45 8.14749e-09
46 8.14749e-09
47 8.14749e-09
48 8.14749e-09
49 8.14749e-09
50 8.14749e-09
51 8.14749e-09
52 8.14749e-09
53 8.14749e-09
54 8.14749e-09
55 8.14749e-09
56 8.14749e-09
57 8.14749e-09
58 8.14749e-09
59 8.14749e-09
60 8.14749e-09
61 8.14749e-09
62 8.14749e-09
63 8.14749e-09
64 8.14749e-09
65 8.14749e-09
66 8.14749e-09
67 8.14749e-09
68 8.14749e-09
69 8.14749e-09
70 8.14749e-09
71 8.14749e-09
72 8.14749e-09
73 8.14749e-09
74 8.14749e-09
75 8.14749e-09
76 8.14749e-09
77 8.14749e-09
78 8.14749e-09
79 8.14749e-09
80 8.14749e-09
81 8.14749e-09
82 8.14749e-09
83 8.14749e-09
84 8.14749e-09
85 8.14749e-09
86 8.14749e-09
87 8.14749e-09
88 8.14749e-09
89 8.14749e-09
90 8.14749e-09
91 8.14749e-09
92 8.14749e-09
93 8.14749e-09
94 8.14749e-09
95 8.14749e-09
96 8.14749e-09
97 8.14749e-09
98 8.14749e-09
99 8.14749e-09
100 8.14749e-09
101 8.14749e-09
102 8.14749e-09
103 8.14749e-09
104 8.14749e-09
105 8.14749e-09
106 8.14749e-09
107 8.14749e-09
108 8.14749e-09
109 8.14749e-09
110 8.14749e-09
111 8.14749e-09
112 8.14749e-09
113 8.14749e-09
114 8.14749e-09
115 8.14749e-09
116 8.14749e-09
117 8.14749e-09
118 8.14749e-09
119 8.14749e-09
120 8.14749e-09
121 8.14749e-09
122 8.14749e-09
123 8.14749e-09
124 8.14749e-09
125 8.14749e-09
126 8.14749e-09
127 8.14749e-09
128 8.14749e-09
129 8.14749e-09
130 8.14749e-09
131 8.14749e-09
132 8.14749e-09
133 8.14749e-09
134 8.14749e-09
135 8.14749e-09
136 8.14749e-09
137 8.14749e-09
138 8.14749e-09
139 8.14749e-09
140 8.14749e-09
141 8.14749e-09
142 8.14749e-09
143 8.14749e-09
144 8.14749e-09
145 8.14749e-09
146 8.14749e-09
147 8.14749e-09
148 8.14749e-09
149 8.14749e-09
150 8.14749e-09
151 8.14749e-09
152 8.14749e-09
153 8.14749e-09
154 8.14749e-09
155 8.14749e-09
156 8.14749e-09
157 8.14749e-09
158 8.14749e-09
159 8.14749e-09
160 8.14749e-09
161 8.14749e-09
162 8.14749e-09
163 8.14749e-09
164 8.14749e-09
165 8.14749e-09
166 8.14749e-09
167 8.14749e-09
168 8.14749e-09
169 8.14749e-09
170 8.14749e-09
171 8.14749e-09
172 8.14749e-09
173 8.14749e-09
174 8.14749e-09
175 8.14749e-09
176 8.14749e-09
177 8.14749e-09
178 8.14749e-09
179 8.14749e-09
180 8.14749e-09
181 8.14749e-09
182 8.14749e-09
183 8.14749e-09
184 8.14749e-09
185 8.14749e-09
186 8.14749e-09
187 8.14749e-09
188 8.14749e-09
189 8.14749e-09
190 8.14749e-09
191 8.14749e-09
192 8.14749e-09
193 8.14749e-09
194 8.14749e-09
195 8.14749e-09
196 8.14749e-09
197 8.14749e-09
198 8.14749e-09
199 8.14749e-09
200 8.14749e-09
201 8.14749e-09
202 8.14749e-09
203 8.14749e-09
204 8.14749e-09
205 8.14749e-09
206 8.14749e-09
207 8.14749e-09
208 8.14749e-09
209 8.14749e-09
210 8.14749e-09
211 8.14749e-09
212 8.14749e-09
213 8.14749e-09
214 8.14749e-09
215 8.14749e-09
216 8.14749e-09
217 8.14749e-09
218 8.14749e-09
219 8.14749e-09
220 8.14749e-09
221 8.14749e-09
222 8.14749e-09
223 8.14749e-09
224 8.14749e-09
225 8.14749e-09
226 8.14749e-09
227 8.14749e-09
228 8.14749e-09
229 8.14749e-09
230 8.14749e-09
231 8.14749e-09
232 8.14749e-09
233 8.14749e-09
234 8.14749e-09
235 8.14749e-09
236 8.14749e-09
237 8.14749e-09
238 8.14749e-09
239 8.14749e-09
240 8.14749e-09
241 8.14749e-09
242 8.14749e-09
243 8.14749e-09
244 8.14749e-09
245 8.14749e-09
246 8.14749e-09
247 8.14749e-09
248 1.76424e-08
249 9.24752e-08
250 4.22094e-07
251 1.6915e-06
252 2.47071e-06
253 2.84732e-06
254 2.8545e-06
255 2.46658e-06
256 1.61105e-06
257 1.69472e-06
258 1.4672e-06
259 2.08607e-06
260 2.31443e-06
261 2.20259e-06
262 1.75213e-06
263 9.12919e-07
264 8.10809e-07
265 4.8292e-07
266 5.48306e-07
267 4.25471e-07
268 1.07913e-07
269 6.06516e-08
270 2.38832e-07
271 9.97709e-07
272 1.45395e-06
273 1.62985e-06
274 2.88354e-06
275 3.6054e-06
276 3.86992e-06
277 3.70599e-06
278 3.08177e-06
279 1.91709e-06
280 1.91443e-06
281 1.5986e-06
282 9.4635e-07
283 1.1968e-06
284 2.8543e-06
285 3.86085e-06
286 4.33464e-06
287 4.34328e-06
288 3.89306e-06
289 2.92811e-06
290 1.34525e-06
291 1.02794e-06
292 4.33735e-07
293 3.78262e-07
294 1.49722e-07
295 1.83021e-07
296 4.88729e-07
297 5.76188e-07
298 4.65572e-07
299 1.29154e-07
300 3.18445e-08
301 8.14749e-09
302 8.14749e-09
303 8.14749e-09
304 8.14749e-09
305 8.14749e-09
306 8.14749e-09
307 8.14749e-09
308 8.14749e-09
309 8.14749e-09
310 8.14749e-09
311 8.14749e-09
312 8.14749e-09
313 8.14749e-09
314 8.14749e-09
315 8.14749e-09
316 8.14749e-09
317 8.14749e-09
318 8.14749e-09
319 8.14749e-09
320 8.14749e-09
321 8.14749e-09
322 8.14749e-09
323 8.14749e-09
324 8.14749e-09
325 8.14749e-09
326 8.14749e-09
327 8.14749e-09
328 8.14749e-09
329 8.14749e-09
330 8.14749e-09
331 8.14749e-09
332 8.14749e-09
333 8.14749e-09
334 8.14749e-09
335 8.14749e-09
336 8.14749e-09
337 8.14749e-09
338 8.14749e-09
339 8.14749e-09
340 8.14749e-09
341 8.14749e-09
342 8.14749e-09
343 8.14749e-09
344 8.14749e-09
345 8.14749e-09
346 8.14749e-09
347 8.14749e-09
348 8.14749e-09
349 8.14749e-09
350 8.14749e-09
351 8.14749e-09
352 8.14749e-09
353 8.14749e-09
354 8.14749e-09
355 8.14749e-09
356 8.14749e-09
357 8.14749e-09
358 8.14749e-09
359 8.14749e-09
360 8.14749e-09
361 8.14749e-09
362 8.14749e-09
363 8.14749e-09
364 8.14749e-09
365 8.14749e-09
366 8.14749e-09
367 8.14749e-09
368 8.14749e-09
369 8.14749e-09
370 8.14749e-09
371 8.14749e-09
372 8.14749e-09
373 8.14749e-09
374 8.14749e-09
375 8.14749e-09
376 8.14749e-09
377 8.14749e-09
378 8.14749e-09
379 8.14749e-09
380 8.14749e-09
381 8.14749e-09
382 8.14749e-09
383 8.14749e-09
384 8.14749e-09
385 8.14749e-09
386 8.14749e-09
387 8.14749e-09
388 8.14749e-09
389 8.14749e-09
390 8.14749e-09
391 8.14749e-09
392 8.14749e-09
393 8.14749e-09
394 8.14749e-09
395 8.14749e-09
396 8.14749e-09
397 8.14749e-09
398 8.14749e-09
399 8.14749e-09
400 8.14749e-09
401 8.14749e-09
402 8.14749e-09
403 8.14749e-09
404 8.14749e-09
405 8.14749e-09
406 8.14749e-09
407 8.14749e-09
408 8.14749e-09
409 8.14749e-09
410 8.14749e-09
411 8.14749e-09
412 8.14749e-09
413 8.14749e-09
414 8.14749e-09
415 8.14749e-09
416 8.14749e-09
417 8.14749e-09
418 8.14749e-09
419 8.14749e-09
420 8.14749e-09
421 8.14749e-09
422 8.14749e-09
423 8.14749e-09
424 8.14749e-09
425 8.14749e-09
426 8.14749e-09
427 8.14749e-09
428 8.14749e-09
429 8.14749e-09
430 8.14749e-09
431 8.14749e-09
432 8.14749e-09
433 8.14749e-09
434 8.14749e-09
435 8.14749e-09
436 8.14749e-09
437 8.14749e-09
438 8.14749e-09
439 8.14749e-09
440 8.14749e-09
441 8.14749e-09
442 8.14749e-09
443 8.14749e-09
444 8.14749e-09
445 8.14749e-09
446 8.14749e-09
447 8.14749e-09
448 8.14749e-09
449 8.14749e-09
450 8.14749e-09
451 8.14749e-09
452 8.14749e-09
453 8.14749e-09
454 8.14749e-09
455 8.14749e-09
456 8.14749e-09
457 8.14749e-09
458 8.14749e-09
459 8.14749e-09
460 8.14749e-09
461 8.14749e-09
462 8.14749e-09
463 8.14749e-09
464 8.14749e-09
465 8.14749e-09
466 8.14749e-09
467 8.14749e-09
468 8.14749e-09
469 8.14749e-09
470 8.14749e-09
471 8.14749e-09
472 8.14749e-09
473 8.14749e-09
474 8.14749e-09
475 8.14749e-09
476 8.14749e-09
477 8.14749e-09
478 8.14749e-09
479 8.14749e-09
480 8.14749e-09
481 8.14749e-09
482 8.14749e-09
483 8.14749e-09
484 8.14749e-09
485 8.14749e-09
486 8.14749e-09
487 8.14749e-09
488 8.14749e-09
489 8.14749e-09
490 8.14749e-09
491 8.14749e-09
492 8.14749e-09
493 8.14749e-09
494 8.14749e-09
495 8.14749e-09
496 8.14749e-09
497 8.14749e-09
498 8.14749e-09
499 8.14749e-09
500 8.14749e-09
501 8.14749e-09
502 8.14749e-09
503 8.14749e-09
504 8.14749e-09
505 8.14749e-09
506 8.14749e-09
507 8.14749e-09
508 8.14749e-09
509 8.14749e-09
510 8.14749e-09
511 8.14749e-09
512 8.14749e-09
513 8.14749e-09
514 8.14749e-09
515 8.14749e-09
516 8.14749e-09
517 8.14749e-09
518 8.14749e-09
519 8.14749e-09
520 8.14749e-09
521 8.14749e-09
522 8.14749e-09
523 8.14749e-09
524 8.14749e-09
525 8.14749e-09
526 8.14749e-09
527 8.14749e-09
528 8.14749e-09
529 8.14749e-09
530 8.14749e-09
531 8.14749e-09
532 8.14749e-09
533 8.14749e-09
534 8.14749e-09
535 8.14749e-09
536 8.14749e-09
537 8.14749e-09
538 8.14749e-09
539 8.14749e-09
540 8.14749e-09
541 8.14749e-09
542 8.14749e-09
543 8.14749e-09
544 8.14749e-09
545 8.14749e-09
546 8.14749e-09
547 8.14749e-09
548 8.14749e-09
549 8.14749e-09
550 8.14749e-09
551 8.14749e-09
552 8.14749e-09
