1 2.55463e-09
2 2.55463e-09
3 2.55463e-09
4 2.55463e-09
5 2.55463e-09
6 2.55463e-09
7 2.55463e-09
8 2.55463e-09
9 2.55463e-09
10 2.55463e-09
11 2.55463e-09
12 2.55463e-09
13 2.55463e-09
14 2.55463e-09
15 2.55463e-09
16 2.55463e-09
17 2.55463e-09
18 2.55463e-09
19 2.55463e-09
20 2.55463e-09
21 2.55463e-09
22 2.55463e-09
23 2.55463e-09
24 2.55463e-09
25 2.55463e-09
26 2.55463e-09
27 2.55463e-09
28 2.55463e-09
29 2.55463e-09
30 2.55463e-09
31 2.55463e-09
32 2.55463e-09
33 2.55463e-09
34 2.55463e-09
35 2.55463e-09
36 2.55463e-09
37 2.55463e-09
38 2.55463e-09
39 2.55463e-09
40 2.55463e-09
41 2.55463e-09
42 2.55463e-09
43 2.55463e-09
44 2.55463e-09
45 2.55463e-09
46 2.55463e-09
47 2.55463e-09
48 2.55463e-09
49 2.55463e-09
50 2.55463e-09
51 2.55463e-09
52 2.55463e-09
53 2.55463e-09
54 2.55463e-09
55 2.55463e-09
56 2.55463e-09
57 2.55463e-09
58 2.55463e-09
59 2.55463e-09
60 2.55463e-09
61 2.55463e-09
62 2.55463e-09
63 2.55463e-09
64 2.55463e-09
65 2.55463e-09
66 2.55463e-09
67 2.55463e-09
68 2.55463e-09
69 2.55463e-09
70 2.55463e-09
71 2.55463e-09
72 2.55463e-09
73 2.55463e-09
74 2.55463e-09
75 2.55463e-09
76 2.55463e-09
77 2.55463e-09
78 2.55463e-09
79 2.55463e-09
80 2.55463e-09
81 2.55463e-09
82 2.55463e-09
83 2.55463e-09
84 2.55463e-09
85 2.55463e-09
86 2.55463e-09
87 2.55463e-09
88 2.55463e-09
89 2.55463e-09
90 2.55463e-09
91 2.55463e-09
92 2.55463e-09
93 2.55463e-09
94 2.55463e-09
95 2.55463e-09
96 2.55463e-09
97 2.55463e-09
98 2.55463e-09
99 2.55463e-09
100 2.55463e-09
101 2.55463e-09
102 2.55463e-09
103 2.55463e-09
104 2.55463e-09
105 2.55463e-09
106 2.55463e-09
107 2.55463e-09
108 2.55463e-09
109 2.55463e-09
110 2.55463e-09
111 2.55463e-09
112 2.55463e-09
113 2.55463e-09
114 2.55463e-09
115 2.55463e-09
116 2.55463e-09
117 2.55463e-09
118 2.55463e-09
119 2.55463e-09
120 2.55463e-09
121 2.55463e-09
122 2.55463e-09
123 2.55463e-09
124 2.55463e-09
125 2.55463e-09
126 2.55463e-09
127 2.55463e-09
128 2.55463e-09
129 2.55463e-09
130 2.55463e-09
131 2.55463e-09
132 2.55463e-09
133 2.55463e-09
134 2.55463e-09
135 2.55463e-09
136 2.55463e-09
137 2.55463e-09
138 2.55463e-09
139 2.55463e-09
140 2.55463e-09
141 2.55463e-09
142 2.55463e-09
143 2.55463e-09
144 2.55463e-09
145 2.55463e-09
146 2.55463e-09
147 2.55463e-09
148 2.55463e-09
149 2.55463e-09
150 2.55463e-09
151 2.55463e-09
152 2.55463e-09
153 2.55463e-09
154 2.55463e-09
155 2.55463e-09
156 2.55463e-09
157 2.55463e-09
158 2.55463e-09
159 2.55463e-09
160 2.55463e-09
161 2.55463e-09
162 2.55463e-09
163 2.55463e-09
164 2.55463e-09
165 2.55463e-09
166 2.55463e-09
167 2.55463e-09
168 2.55463e-09
169 2.55463e-09
170 2.55463e-09
171 2.55463e-09
172 2.55463e-09
173 2.55463e-09
174 2.55463e-09
175 2.55463e-09
176 2.55463e-09
177 2.55463e-09
178 2.55463e-09
179 2.55463e-09
180 2.55463e-09
181 2.55463e-09
182 2.55463e-09
183 2.55463e-09
184 2.55463e-09
185 2.55463e-09
186 2.55463e-09
187 2.55463e-09
188 2.55463e-09
189 2.55463e-09
190 2.55463e-09
191 2.55463e-09
192 2.55463e-09
193 2.55463e-09
194 2.55463e-09
195 2.55463e-09
196 2.55463e-09
197 2.55463e-09
198 2.55463e-09
199 2.55463e-09
200 2.55463e-09
201 2.55463e-09
202 2.55463e-09
203 2.55463e-09
204 2.55463e-09
205 2.55463e-09
206 2.55463e-09
207 2.55463e-09
208 2.55463e-09
209 2.55463e-09
210 2.55463e-09
211 2.55463e-09
212 2.55463e-09
213 2.55463e-09
214 2.55463e-09
215 2.55463e-09
216 2.55463e-09
217 2.55463e-09
218 2.55463e-09
219 2.55463e-09
220 2.55463e-09
221 2.55463e-09
222 2.55463e-09
223 2.55463e-09
224 2.55463e-09
225 2.55463e-09
226 2.55463e-09
227 2.55463e-09
228 2.55463e-09
229 2.55463e-09
230 2.55463e-09
231 2.55463e-09
232 2.55463e-09
233 2.55463e-09
234 5.81261e-09
235 2.03111e-08
236 6.99606e-08
237 2.35667e-07
238 7.76425e-07
239 2.51516e-06
240 8.00826e-06
241 2.50253e-05
242 7.66224e-05
243 0.000229536
244 0.000672084
245 0.00192241
246 0.00537143
247 0.0146662
248 0.0391603
249 0.102356
250 0.262181
251 0.658843
252 0.835595
253 0.912947
254 0.946172
255 0.96016
256 0.96592
257 0.978577
258 0.983522
259 0.993775
260 0.997532
261 0.998861
262 0.999312
263 0.99946
264 0.999712
265 0.999788
266 0.999906
267 0.999939
268 0.999946
269 0.999958
270 0.999973
271 0.999993
272 0.999997
273 0.999998
274 1
275 1
276 1
277 0.999999
278 0.999995
279 0.999976
280 0.999961
281 0.999897
282 0.999645
283 0.999469
284 0.999352
285 0.998945
286 0.997598
287 0.993338
288 0.980473
289 0.943339
290 0.840792
291 0.791211
292 0.665517
293 0.609603
294 0.478867
295 0.425091
296 0.403776
297 0.359178
298 0.26897
299 0.0922511
300 0.0308276
301 0.0100627
302 0.00321805
303 0.00101194
304 0.000314318
305 9.69998e-05
306 2.99646e-05
307 9.35101e-06
308 2.97739e-06
309 9.75345e-07
310 3.29605e-07
311 1.14156e-07
312 3.95479e-08
313 1.33047e-08
314 5.01467e-09
315 2.91488e-09
316 2.55463e-09
317 2.55463e-09
318 2.55463e-09
319 2.55463e-09
320 2.55463e-09
321 2.55463e-09
322 2.55463e-09
323 2.55463e-09
324 2.55463e-09
325 2.55463e-09
326 2.55463e-09
327 2.55463e-09
328 2.55463e-09
329 2.55463e-09
330 2.55463e-09
331 2.55463e-09
332 2.55463e-09
333 2.55463e-09
334 2.55463e-09
335 2.55463e-09
336 2.55463e-09
337 2.55463e-09
338 2.55463e-09
339 2.55463e-09
340 2.55463e-09
341 2.55463e-09
342 2.55463e-09
343 2.55463e-09
344 2.55463e-09
345 2.55463e-09
346 2.55463e-09
347 2.55463e-09
348 2.55463e-09
349 2.55463e-09
350 2.55463e-09
351 2.55463e-09
352 2.55463e-09
353 2.55463e-09
354 2.55463e-09
355 2.55463e-09
356 2.55463e-09
357 2.55463e-09
358 2.55463e-09
359 2.55463e-09
360 2.55463e-09
361 2.55463e-09
362 2.55463e-09
363 2.55463e-09
364 2.55463e-09
365 2.55463e-09
366 2.55463e-09
367 2.55463e-09
368 2.55463e-09
369 2.55463e-09
370 2.55463e-09
371 2.55463e-09
372 2.55463e-09
373 2.55463e-09
374 2.55463e-09
375 2.55463e-09
376 2.55463e-09
377 2.55463e-09
378 2.55463e-09
379 2.55463e-09
380 2.55463e-09
381 2.55463e-09
382 2.55463e-09
383 2.55463e-09
384 2.55463e-09
385 2.55463e-09
386 2.55463e-09
387 2.55463e-09
388 2.55463e-09
389 2.55463e-09
390 2.55463e-09
391 2.55463e-09
392 2.55463e-09
393 2.55463e-09
394 2.55463e-09
395 2.55463e-09
396 2.55463e-09
397 2.55463e-09
398 2.55463e-09
399 2.55463e-09
400 2.55463e-09
401 2.55463e-09
402 2.55463e-09
403 2.55463e-09
404 2.55463e-09
405 2.55463e-09
406 2.55463e-09
407 2.55463e-09
408 2.55463e-09
409 2.55463e-09
410 2.55463e-09
411 2.55463e-09
412 2.55463e-09
413 2.55463e-09
414 2.55463e-09
415 2.55463e-09
416 2.55463e-09
417 2.55463e-09
418 2.55463e-09
419 2.55463e-09
420 2.55463e-09
421 2.55463e-09
422 2.55463e-09
423 2.55463e-09
424 2.55463e-09
425 2.55463e-09
426 2.55463e-09
427 2.55463e-09
428 2.55463e-09
429 2.55463e-09
430 2.55463e-09
431 2.55463e-09
432 2.55463e-09
433 2.55463e-09
434 2.55463e-09
435 2.55463e-09
436 2.55463e-09
437 2.55463e-09
438 2.55463e-09
439 2.55463e-09
440 2.55463e-09
441 2.55463e-09
442 2.55463e-09
443 2.55463e-09
444 2.55463e-09
445 2.55463e-09
446 2.55463e-09
447 2.55463e-09
448 2.55463e-09
449 2.55463e-09
450 2.55463e-09
451 2.55463e-09
452 2.55463e-09
453 2.55463e-09
454 2.55463e-09
455 2.55463e-09
456 2.55463e-09
457 2.55463e-09
458 2.55463e-09
459 2.55463e-09
460 2.55463e-09
461 2.55463e-09
462 2.55463e-09
463 2.55463e-09
464 2.55463e-09
465 2.55463e-09
466 2.55463e-09
467 2.55463e-09
468 2.55463e-09
469 2.55463e-09
470 2.55463e-09
471 2.55463e-09
472 2.55463e-09
473 2.55463e-09
474 2.55463e-09
475 2.55463e-09
476 2.55463e-09
477 2.55463e-09
478 2.55463e-09
479 2.55463e-09
480 2.55463e-09
481 2.55463e-09
482 2.55463e-09
483 2.55463e-09
484 2.55463e-09
485 2.55463e-09
486 2.55463e-09
487 2.55463e-09
488 2.55463e-09
489 2.55463e-09
490 2.55463e-09
491 2.55463e-09
492 2.55463e-09
493 2.55463e-09
494 2.55463e-09
495 2.55463e-09
496 2.55463e-09
497 2.55463e-09
498 2.55463e-09
499 2.55463e-09
500 2.55463e-09
501 2.55463e-09
502 2.55463e-09
503 2.55463e-09
504 2.55463e-09
505 2.55463e-09
506 2.55463e-09
507 2.55463e-09
508 2.55463e-09
509 2.55463e-09
510 2.55463e-09
511 2.55463e-09
512 2.55463e-09
513 2.55463e-09
514 2.55463e-09
515 2.55463e-09
516 2.55463e-09
517 2.55463e-09
518 2.55463e-09
519 2.55463e-09
520 2.55463e-09
521 2.55463e-09
522 2.55463e-09
523 2.55463e-09
524 2.55463e-09
525 2.55463e-09
526 2.55463e-09
527 2.55463e-09
528 2.55463e-09
529 2.55463e-09
530 2.55463e-09
531 2.55463e-09
532 2.55463e-09
533 2.55463e-09
534 2.55463e-09
535 2.55463e-09
536 2.55463e-09
537 2.55463e-09
538 2.55463e-09
539 2.55463e-09
540 2.55463e-09
541 2.55463e-09
542 2.55463e-09
543 2.55463e-09
544 2.55463e-09
545 2.55463e-09
546 2.55463e-09
547 2.55463e-09
548 2.55463e-09
549 2.55463e-09
550 2.55463e-09
551 2.55463e-09
552 2.55463e-09
