1 1.61557e-09
2 1.61557e-09
3 1.61557e-09
4 1.61557e-09
5 1.61557e-09
6 1.61557e-09
7 1.61557e-09
8 1.61557e-09
9 1.61557e-09
10 1.61557e-09
11 1.61557e-09
12 1.61557e-09
13 1.61557e-09
14 1.61557e-09
15 1.61557e-09
16 1.61557e-09
17 1.61557e-09
18 1.61557e-09
19 1.61557e-09
20 1.61557e-09
21 1.61557e-09
22 1.61557e-09
23 1.61557e-09
24 1.61557e-09
25 1.61557e-09
26 1.61557e-09
27 1.61557e-09
28 1.61557e-09
29 1.61557e-09
30 1.61557e-09
31 1.61557e-09
32 1.61557e-09
33 1.61557e-09
34 1.61557e-09
35 1.61557e-09
36 1.61557e-09
37 1.61557e-09
38 1.61557e-09
39 1.61557e-09
40 1.61557e-09
41 1.61557e-09
42 1.61557e-09
43 1.61557e-09
44 1.61557e-09
45 1.61557e-09
46 1.61557e-09
47 1.61557e-09
48 1.61557e-09
49 1.61557e-09
50 1.61557e-09
51 1.61557e-09
52 1.61557e-09
53 1.61557e-09
54 1.61557e-09
55 1.61557e-09
56 1.61557e-09
57 1.61557e-09
58 1.61557e-09
59 1.61557e-09
60 1.61557e-09
61 1.61557e-09
62 1.61557e-09
63 1.61557e-09
64 1.61557e-09
65 1.61557e-09
66 1.61557e-09
67 1.61557e-09
68 1.61557e-09
69 1.61557e-09
70 1.61557e-09
71 1.61557e-09
72 1.61557e-09
73 1.61557e-09
74 1.61557e-09
75 1.61557e-09
76 1.61557e-09
77 1.61557e-09
78 1.61557e-09
79 1.61557e-09
80 1.61557e-09
81 1.61557e-09
82 1.61557e-09
83 1.61557e-09
84 1.61557e-09
85 1.61557e-09
86 1.61557e-09
87 1.61557e-09
88 1.61557e-09
89 1.61557e-09
90 1.61557e-09
91 1.61557e-09
92 1.61557e-09
93 1.61557e-09
94 1.61557e-09
95 1.61557e-09
96 1.61557e-09
97 1.61557e-09
98 1.61557e-09
99 1.61557e-09
100 1.61557e-09
101 1.61557e-09
102 1.61557e-09
103 1.61557e-09
104 1.61557e-09
105 1.61557e-09
106 1.61557e-09
107 1.61557e-09
108 1.61557e-09
109 1.61557e-09
110 1.61557e-09
111 1.61557e-09
112 1.61557e-09
113 1.61557e-09
114 1.61557e-09
115 1.61557e-09
116 1.61557e-09
117 1.61557e-09
118 1.61557e-09
119 1.61557e-09
120 1.61557e-09
121 1.61557e-09
122 1.61557e-09
123 1.61557e-09
124 1.61557e-09
125 1.61557e-09
126 1.61557e-09
127 1.61557e-09
128 1.61557e-09
129 1.61557e-09
130 1.61557e-09
131 1.61557e-09
132 1.61557e-09
133 1.61557e-09
134 1.61557e-09
135 1.61557e-09
136 1.61557e-09
137 1.61557e-09
138 1.61557e-09
139 1.61557e-09
140 1.61557e-09
141 1.61557e-09
142 1.61557e-09
143 1.61557e-09
144 1.61557e-09
145 1.61557e-09
146 1.61557e-09
147 1.61557e-09
148 1.61557e-09
149 1.61557e-09
150 1.61557e-09
151 1.61557e-09
152 1.61557e-09
153 1.61557e-09
154 1.61557e-09
155 1.61557e-09
156 1.61557e-09
157 1.61557e-09
158 1.61557e-09
159 1.61557e-09
160 1.61557e-09
161 1.61557e-09
162 1.61557e-09
163 1.61557e-09
164 1.61557e-09
165 1.61557e-09
166 1.61557e-09
167 1.61557e-09
168 1.61557e-09
169 1.61557e-09
170 1.61557e-09
171 1.61557e-09
172 1.61557e-09
173 1.61557e-09
174 1.61557e-09
175 1.61557e-09
176 1.61557e-09
177 1.61557e-09
178 1.61557e-09
179 1.61557e-09
180 1.61557e-09
181 1.61557e-09
182 1.61557e-09
183 1.61557e-09
184 1.61557e-09
185 1.61557e-09
186 1.61557e-09
187 1.61557e-09
188 1.61557e-09
189 1.61557e-09
190 1.61557e-09
191 1.61557e-09
192 1.61557e-09
193 1.61557e-09
194 1.61557e-09
195 1.61557e-09
196 1.61557e-09
197 1.61557e-09
198 1.61557e-09
199 1.61557e-09
200 1.61557e-09
201 1.61557e-09
202 1.61557e-09
203 1.61557e-09
204 1.61557e-09
205 1.61557e-09
206 1.61557e-09
207 1.61557e-09
208 1.61557e-09
209 1.61557e-09
210 1.61557e-09
211 1.61557e-09
212 1.61557e-09
213 1.61557e-09
214 1.61557e-09
215 1.61557e-09
216 1.61557e-09
217 1.61557e-09
218 1.61557e-09
219 1.61557e-09
220 1.61557e-09
221 1.61557e-09
222 1.61557e-09
223 1.61557e-09
224 1.61557e-09
225 1.61557e-09
226 1.61557e-09
227 1.61557e-09
228 1.61557e-09
229 1.61557e-09
230 1.61557e-09
231 1.61557e-09
232 1.61557e-09
233 1.71173e-09
234 2.64692e-09
235 5.85671e-09
236 1.54012e-08
237 4.34916e-08
238 1.20794e-07
239 3.31217e-07
240 9.04321e-07
241 2.48789e-06
242 6.98536e-06
243 2.02392e-05
244 6.088e-05
245 0.000189936
246 0.000610413
247 0.00200223
248 0.00664751
249 0.0222106
250 0.074451
251 0.250031
252 0.357999
253 0.424337
254 0.464952
255 0.489635
256 0.504458
257 0.552367
258 0.580106
259 0.665909
260 0.71319
261 0.73854
262 0.751752
263 0.758437
264 0.776519
265 0.785179
266 0.807546
267 0.817723
268 0.821851
269 0.832828
270 0.859652
271 0.92288
272 0.949063
273 0.958808
274 0.98188
275 0.98949
276 0.989179
277 0.98166
278 0.962324
279 0.919641
280 0.903577
281 0.871066
282 0.808264
283 0.786877
284 0.779835
285 0.767387
286 0.745971
287 0.70983
288 0.649678
289 0.5503
290 0.385995
291 0.335762
292 0.249693
293 0.221695
294 0.169489
295 0.150824
296 0.14389
297 0.129472
298 0.0992972
299 0.0365896
300 0.0131627
301 0.00461085
302 0.0015713
303 0.000521101
304 0.000168414
305 5.317e-05
306 1.64524e-05
307 5.01048e-06
308 1.50874e-06
309 4.51175e-07
310 1.34502e-07
311 4.01312e-08
312 1.21316e-08
313 3.90946e-09
314 1.88952e-09
315 1.61557e-09
316 1.61557e-09
317 1.61557e-09
318 1.61557e-09
319 1.61557e-09
320 1.61557e-09
321 1.61557e-09
322 1.61557e-09
323 1.61557e-09
324 1.61557e-09
325 1.61557e-09
326 1.61557e-09
327 1.61557e-09
328 1.61557e-09
329 1.61557e-09
330 1.61557e-09
331 1.61557e-09
332 1.61557e-09
333 1.61557e-09
334 1.61557e-09
335 1.61557e-09
336 1.61557e-09
337 1.61557e-09
338 1.61557e-09
339 1.61557e-09
340 1.61557e-09
341 1.61557e-09
342 1.61557e-09
343 1.61557e-09
344 1.61557e-09
345 1.61557e-09
346 1.61557e-09
347 1.61557e-09
348 1.61557e-09
349 1.61557e-09
350 1.61557e-09
351 1.61557e-09
352 1.61557e-09
353 1.61557e-09
354 1.61557e-09
355 1.61557e-09
356 1.61557e-09
357 1.61557e-09
358 1.61557e-09
359 1.61557e-09
360 1.61557e-09
361 1.61557e-09
362 1.61557e-09
363 1.61557e-09
364 1.61557e-09
365 1.61557e-09
366 1.61557e-09
367 1.61557e-09
368 1.61557e-09
369 1.61557e-09
370 1.61557e-09
371 1.61557e-09
372 1.61557e-09
373 1.61557e-09
374 1.61557e-09
375 1.61557e-09
376 1.61557e-09
377 1.61557e-09
378 1.61557e-09
379 1.61557e-09
380 1.61557e-09
381 1.61557e-09
382 1.61557e-09
383 1.61557e-09
384 1.61557e-09
385 1.61557e-09
386 1.61557e-09
387 1.61557e-09
388 1.61557e-09
389 1.61557e-09
390 1.61557e-09
391 1.61557e-09
392 1.61557e-09
393 1.61557e-09
394 1.61557e-09
395 1.61557e-09
396 1.61557e-09
397 1.61557e-09
398 1.61557e-09
399 1.61557e-09
400 1.61557e-09
401 1.61557e-09
402 1.61557e-09
403 1.61557e-09
404 1.61557e-09
405 1.61557e-09
406 1.61557e-09
407 1.61557e-09
408 1.61557e-09
409 1.61557e-09
410 1.61557e-09
411 1.61557e-09
412 1.61557e-09
413 1.61557e-09
414 1.61557e-09
415 1.61557e-09
416 1.61557e-09
417 1.61557e-09
418 1.61557e-09
419 1.61557e-09
420 1.61557e-09
421 1.61557e-09
422 1.61557e-09
423 1.61557e-09
424 1.61557e-09
425 1.61557e-09
426 1.61557e-09
427 1.61557e-09
428 1.61557e-09
429 1.61557e-09
430 1.61557e-09
431 1.61557e-09
432 1.61557e-09
433 1.61557e-09
434 1.61557e-09
435 1.61557e-09
436 1.61557e-09
437 1.61557e-09
438 1.61557e-09
439 1.61557e-09
440 1.61557e-09
441 1.61557e-09
442 1.61557e-09
443 1.61557e-09
444 1.61557e-09
445 1.61557e-09
446 1.61557e-09
447 1.61557e-09
448 1.61557e-09
449 1.61557e-09
450 1.61557e-09
451 1.61557e-09
452 1.61557e-09
453 1.61557e-09
454 1.61557e-09
455 1.61557e-09
456 1.61557e-09
457 1.61557e-09
458 1.61557e-09
459 1.61557e-09
460 1.61557e-09
461 1.61557e-09
462 1.61557e-09
463 1.61557e-09
464 1.61557e-09
465 1.61557e-09
466 1.61557e-09
467 1.61557e-09
468 1.61557e-09
469 1.61557e-09
470 1.61557e-09
471 1.61557e-09
472 1.61557e-09
473 1.61557e-09
474 1.61557e-09
475 1.61557e-09
476 1.61557e-09
477 1.61557e-09
478 1.61557e-09
479 1.61557e-09
480 1.61557e-09
481 1.61557e-09
482 1.61557e-09
483 1.61557e-09
484 1.61557e-09
485 1.61557e-09
486 1.61557e-09
487 1.61557e-09
488 1.61557e-09
489 1.61557e-09
490 1.61557e-09
491 1.61557e-09
492 1.61557e-09
493 1.61557e-09
494 1.61557e-09
495 1.61557e-09
496 1.61557e-09
497 1.61557e-09
498 1.61557e-09
499 1.61557e-09
500 1.61557e-09
501 1.61557e-09
502 1.61557e-09
503 1.61557e-09
504 1.61557e-09
505 1.61557e-09
506 1.61557e-09
507 1.61557e-09
508 1.61557e-09
509 1.61557e-09
510 1.61557e-09
511 1.61557e-09
512 1.61557e-09
513 1.61557e-09
514 1.61557e-09
515 1.61557e-09
516 1.61557e-09
517 1.61557e-09
518 1.61557e-09
519 1.61557e-09
520 1.61557e-09
521 1.61557e-09
522 1.61557e-09
523 1.61557e-09
524 1.61557e-09
525 1.61557e-09
526 1.61557e-09
527 1.61557e-09
528 1.61557e-09
529 1.61557e-09
530 1.61557e-09
531 1.61557e-09
532 1.61557e-09
533 1.61557e-09
534 1.61557e-09
535 1.61557e-09
536 1.61557e-09
537 1.61557e-09
538 1.61557e-09
539 1.61557e-09
540 1.61557e-09
541 1.61557e-09
542 1.61557e-09
543 1.61557e-09
544 1.61557e-09
545 1.61557e-09
546 1.61557e-09
547 1.61557e-09
548 1.61557e-09
549 1.61557e-09
550 1.61557e-09
551 1.61557e-09
552 1.61557e-09
