1 4.83568e-09
2 4.83568e-09
3 4.83568e-09
4 4.83568e-09
5 4.83568e-09
6 4.83568e-09
7 4.83568e-09
8 4.83568e-09
9 4.83568e-09
10 4.83568e-09
11 4.83568e-09
12 4.83568e-09
13 4.83568e-09
14 4.83568e-09
15 4.83568e-09
16 4.83568e-09
17 4.83568e-09
18 4.83568e-09
19 4.83568e-09
20 4.83568e-09
21 4.83568e-09
22 4.83568e-09
23 4.83568e-09
24 4.83568e-09
25 4.83568e-09
26 4.83568e-09
27 4.83568e-09
28 4.83568e-09
29 4.83568e-09
30 4.83568e-09
31 4.83568e-09
32 4.83568e-09
33 4.83568e-09
34 4.83568e-09
35 4.83568e-09
36 4.83568e-09
37 4.83568e-09
38 4.83568e-09
39 4.83568e-09
40 4.83568e-09
41 4.83568e-09
42 4.83568e-09
43 4.83568e-09
44 4.83568e-09
45 4.83568e-09
46 4.83568e-09
47 4.83568e-09
48 4.83568e-09
49 4.83568e-09
50 4.83568e-09
51 4.83568e-09
52 4.83568e-09
53 4.83568e-09
54 4.83568e-09
55 4.83568e-09
56 4.83568e-09
57 4.83568e-09
58 4.83568e-09
59 4.83568e-09
60 4.83568e-09
61 4.83568e-09
62 4.83568e-09
63 4.83568e-09
64 4.83568e-09
65 4.83568e-09
66 4.83568e-09
67 4.83568e-09
68 4.83568e-09
69 4.83568e-09
70 4.83568e-09
71 4.83568e-09
72 4.83568e-09
73 4.83568e-09
74 4.83568e-09
75 4.83568e-09
76 4.83568e-09
77 4.83568e-09
78 4.83568e-09
79 4.83568e-09
80 4.83568e-09
81 4.83568e-09
82 4.83568e-09
83 4.83568e-09
84 4.83568e-09
85 4.83568e-09
86 4.83568e-09
87 4.83568e-09
88 4.83568e-09
89 4.83568e-09
90 4.83568e-09
91 4.83568e-09
92 4.83568e-09
93 4.83568e-09
94 4.83568e-09
95 4.83568e-09
96 4.83568e-09
97 4.83568e-09
98 4.83568e-09
99 4.83568e-09
100 4.83568e-09
101 4.83568e-09
102 4.83568e-09
103 4.83568e-09
104 4.83568e-09
105 4.83568e-09
106 4.83568e-09
107 4.83568e-09
108 4.83568e-09
109 4.83568e-09
110 4.83568e-09
111 4.83568e-09
112 4.83568e-09
113 4.83568e-09
114 4.83568e-09
115 4.83568e-09
116 4.83568e-09
117 4.83568e-09
118 4.83568e-09
119 4.83568e-09
120 4.83568e-09
121 4.83568e-09
122 4.83568e-09
123 4.83568e-09
124 4.83568e-09
125 4.83568e-09
126 4.83568e-09
127 4.83568e-09
128 4.83568e-09
129 4.83568e-09
130 4.83568e-09
131 4.83568e-09
132 4.83568e-09
133 4.83568e-09
134 4.83568e-09
135 4.83568e-09
136 4.83568e-09
137 4.83568e-09
138 4.83568e-09
139 4.83568e-09
140 4.83568e-09
141 4.83568e-09
142 4.83568e-09
143 4.83568e-09
144 4.83568e-09
145 4.83568e-09
146 4.83568e-09
147 4.83568e-09
148 4.83568e-09
149 4.83568e-09
150 4.83568e-09
151 4.83568e-09
152 4.83568e-09
153 4.83568e-09
154 4.83568e-09
155 4.83568e-09
156 4.83568e-09
157 4.83568e-09
158 4.83568e-09
159 4.83568e-09
160 4.83568e-09
161 4.83568e-09
162 4.83568e-09
163 4.83568e-09
164 4.83568e-09
165 4.83568e-09
166 4.83568e-09
167 4.83568e-09
168 4.83568e-09
169 4.83568e-09
170 4.83568e-09
171 4.83568e-09
172 4.83568e-09
173 4.83568e-09
174 4.83568e-09
175 4.83568e-09
176 4.83568e-09
177 4.83568e-09
178 4.83568e-09
179 4.83568e-09
180 4.83568e-09
181 4.83568e-09
182 4.83568e-09
183 4.83568e-09
184 4.83568e-09
185 4.83568e-09
186 4.83568e-09
187 4.83568e-09
188 4.83568e-09
189 4.83568e-09
190 4.83568e-09
191 4.83568e-09
192 4.83568e-09
193 4.83568e-09
194 4.83568e-09
195 4.83568e-09
196 4.83568e-09
197 4.83568e-09
198 4.83568e-09
199 4.83568e-09
200 4.83568e-09
201 4.83568e-09
202 4.83568e-09
203 4.83568e-09
204 4.83568e-09
205 4.83568e-09
206 4.83568e-09
207 4.83568e-09
208 4.83568e-09
209 4.83568e-09
210 4.83568e-09
211 4.83568e-09
212 4.83568e-09
213 4.83568e-09
214 4.83568e-09
215 4.83568e-09
216 4.83568e-09
217 4.83568e-09
218 4.83568e-09
219 4.83568e-09
220 4.83568e-09
221 4.83568e-09
222 4.83568e-09
223 4.83568e-09
224 4.83568e-09
225 4.83568e-09
226 4.83568e-09
227 4.83568e-09
228 4.83568e-09
229 4.83568e-09
230 4.83568e-09
231 4.83568e-09
232 4.83568e-09
233 4.83568e-09
234 5.7223e-09
235 1.2843e-08
236 3.90611e-08
237 1.2801e-07
238 4.27097e-07
239 1.41651e-06
240 4.65197e-06
241 1.50857e-05
242 4.81691e-05
243 0.000151053
244 0.00046419
245 0.0013955
246 0.00409951
247 0.0117606
248 0.0329444
249 0.0901446
250 0.241121
251 0.631137
252 0.811664
253 0.893655
254 0.930223
255 0.946242
256 0.953129
257 0.969004
258 0.975547
259 0.989935
260 0.995559
261 0.997691
262 0.998471
263 0.998747
264 0.999258
265 0.999424
266 0.999708
267 0.999793
268 0.999816
269 0.999852
270 0.999903
271 0.999973
272 0.99999
273 0.999994
274 0.999999
275 0.999999
276 0.999999
277 0.999995
278 0.999979
279 0.99991
280 0.999859
281 0.999664
282 0.99895
283 0.998495
284 0.998217
285 0.997337
286 0.994669
287 0.986948
288 0.965592
289 0.909075
290 0.765796
291 0.702106
292 0.553405
293 0.492366
294 0.360387
295 0.31006
296 0.291516
297 0.255332
298 0.186832
299 0.0607249
300 0.0193401
301 0.0060586
302 0.00187574
303 0.00057746
304 0.000178171
305 5.56319e-05
306 1.77661e-05
307 5.85745e-06
308 2.00365e-06
309 7.09743e-07
310 2.58264e-07
311 9.53413e-08
312 3.5251e-08
313 1.39159e-08
314 7.14233e-09
315 5.13324e-09
316 4.83568e-09
317 4.83568e-09
318 4.83568e-09
319 4.83568e-09
320 4.83568e-09
321 4.83568e-09
322 4.83568e-09
323 4.83568e-09
324 4.83568e-09
325 4.83568e-09
326 4.83568e-09
327 4.83568e-09
328 4.83568e-09
329 4.83568e-09
330 4.83568e-09
331 4.83568e-09
332 4.83568e-09
333 4.83568e-09
334 4.83568e-09
335 4.83568e-09
336 4.83568e-09
337 4.83568e-09
338 4.83568e-09
339 4.83568e-09
340 4.83568e-09
341 4.83568e-09
342 4.83568e-09
343 4.83568e-09
344 4.83568e-09
345 4.83568e-09
346 4.83568e-09
347 4.83568e-09
348 4.83568e-09
349 4.83568e-09
350 4.83568e-09
351 4.83568e-09
352 4.83568e-09
353 4.83568e-09
354 4.83568e-09
355 4.83568e-09
356 4.83568e-09
357 4.83568e-09
358 4.83568e-09
359 4.83568e-09
360 4.83568e-09
361 4.83568e-09
362 4.83568e-09
363 4.83568e-09
364 4.83568e-09
365 4.83568e-09
366 4.83568e-09
367 4.83568e-09
368 4.83568e-09
369 4.83568e-09
370 4.83568e-09
371 4.83568e-09
372 4.83568e-09
373 4.83568e-09
374 4.83568e-09
375 4.83568e-09
376 4.83568e-09
377 4.83568e-09
378 4.83568e-09
379 4.83568e-09
380 4.83568e-09
381 4.83568e-09
382 4.83568e-09
383 4.83568e-09
384 4.83568e-09
385 4.83568e-09
386 4.83568e-09
387 4.83568e-09
388 4.83568e-09
389 4.83568e-09
390 4.83568e-09
391 4.83568e-09
392 4.83568e-09
393 4.83568e-09
394 4.83568e-09
395 4.83568e-09
396 4.83568e-09
397 4.83568e-09
398 4.83568e-09
399 4.83568e-09
400 4.83568e-09
401 4.83568e-09
402 4.83568e-09
403 4.83568e-09
404 4.83568e-09
405 4.83568e-09
406 4.83568e-09
407 4.83568e-09
408 4.83568e-09
409 4.83568e-09
410 4.83568e-09
411 4.83568e-09
412 4.83568e-09
413 4.83568e-09
414 4.83568e-09
415 4.83568e-09
416 4.83568e-09
417 4.83568e-09
418 4.83568e-09
419 4.83568e-09
420 4.83568e-09
421 4.83568e-09
422 4.83568e-09
423 4.83568e-09
424 4.83568e-09
425 4.83568e-09
426 4.83568e-09
427 4.83568e-09
428 4.83568e-09
429 4.83568e-09
430 4.83568e-09
431 4.83568e-09
432 4.83568e-09
433 4.83568e-09
434 4.83568e-09
435 4.83568e-09
436 4.83568e-09
437 4.83568e-09
438 4.83568e-09
439 4.83568e-09
440 4.83568e-09
441 4.83568e-09
442 4.83568e-09
443 4.83568e-09
444 4.83568e-09
445 4.83568e-09
446 4.83568e-09
447 4.83568e-09
448 4.83568e-09
449 4.83568e-09
450 4.83568e-09
451 4.83568e-09
452 4.83568e-09
453 4.83568e-09
454 4.83568e-09
455 4.83568e-09
456 4.83568e-09
457 4.83568e-09
458 4.83568e-09
459 4.83568e-09
460 4.83568e-09
461 4.83568e-09
462 4.83568e-09
463 4.83568e-09
464 4.83568e-09
465 4.83568e-09
466 4.83568e-09
467 4.83568e-09
468 4.83568e-09
469 4.83568e-09
470 4.83568e-09
471 4.83568e-09
472 4.83568e-09
473 4.83568e-09
474 4.83568e-09
475 4.83568e-09
476 4.83568e-09
477 4.83568e-09
478 4.83568e-09
479 4.83568e-09
480 4.83568e-09
481 4.83568e-09
482 4.83568e-09
483 4.83568e-09
484 4.83568e-09
485 4.83568e-09
486 4.83568e-09
487 4.83568e-09
488 4.83568e-09
489 4.83568e-09
490 4.83568e-09
491 4.83568e-09
492 4.83568e-09
493 4.83568e-09
494 4.83568e-09
495 4.83568e-09
496 4.83568e-09
497 4.83568e-09
498 4.83568e-09
499 4.83568e-09
500 4.83568e-09
501 4.83568e-09
502 4.83568e-09
503 4.83568e-09
504 4.83568e-09
505 4.83568e-09
506 4.83568e-09
507 4.83568e-09
508 4.83568e-09
509 4.83568e-09
510 4.83568e-09
511 4.83568e-09
512 4.83568e-09
513 4.83568e-09
514 4.83568e-09
515 4.83568e-09
516 4.83568e-09
517 4.83568e-09
518 4.83568e-09
519 4.83568e-09
520 4.83568e-09
521 4.83568e-09
522 4.83568e-09
523 4.83568e-09
524 4.83568e-09
525 4.83568e-09
526 4.83568e-09
527 4.83568e-09
528 4.83568e-09
529 4.83568e-09
530 4.83568e-09
531 4.83568e-09
532 4.83568e-09
533 4.83568e-09
534 4.83568e-09
535 4.83568e-09
536 4.83568e-09
537 4.83568e-09
538 4.83568e-09
539 4.83568e-09
540 4.83568e-09
541 4.83568e-09
542 4.83568e-09
543 4.83568e-09
544 4.83568e-09
545 4.83568e-09
546 4.83568e-09
547 4.83568e-09
548 4.83568e-09
549 4.83568e-09
550 4.83568e-09
551 4.83568e-09
552 4.83568e-09
