1 6.86545e-10
2 6.86545e-10
3 6.86545e-10
4 6.86545e-10
5 6.86545e-10
6 6.86545e-10
7 6.86545e-10
8 6.86545e-10
9 6.86545e-10
10 6.86545e-10
11 6.86545e-10
12 6.86545e-10
13 6.86545e-10
14 6.86545e-10
15 6.86545e-10
16 6.86545e-10
17 6.86545e-10
18 6.86545e-10
19 6.86545e-10
20 6.86545e-10
21 6.86545e-10
22 6.86545e-10
23 6.86545e-10
24 6.86545e-10
25 6.86545e-10
26 6.86545e-10
27 6.86545e-10
28 6.86545e-10
29 6.86545e-10
30 6.86545e-10
31 6.86545e-10
32 6.86545e-10
33 6.86545e-10
34 6.86545e-10
35 6.86545e-10
36 6.86545e-10
37 6.86545e-10
38 6.86545e-10
39 6.86545e-10
40 6.86545e-10
41 6.86545e-10
42 6.86545e-10
43 6.86545e-10
44 6.86545e-10
45 6.86545e-10
46 6.86545e-10
47 6.86545e-10
48 6.86545e-10
49 6.86545e-10
50 6.86545e-10
51 6.86545e-10
52 6.86545e-10
53 6.86545e-10
54 6.86545e-10
55 6.86545e-10
56 6.86545e-10
57 6.86545e-10
58 6.86545e-10
59 6.86545e-10
60 6.86545e-10
61 6.86545e-10
62 6.86545e-10
63 6.86545e-10
64 6.86545e-10
65 6.86545e-10
66 6.86545e-10
67 6.86545e-10
68 6.86545e-10
69 6.86545e-10
70 6.86545e-10
71 6.86545e-10
72 6.86545e-10
73 6.86545e-10
74 6.86545e-10
75 6.86545e-10
76 6.86545e-10
77 6.86545e-10
78 6.86545e-10
79 6.86545e-10
80 6.86545e-10
81 6.86545e-10
82 6.86545e-10
83 6.86545e-10
84 6.86545e-10
85 6.86545e-10
86 6.86545e-10
87 6.86545e-10
88 6.86545e-10
89 6.86545e-10
90 6.86545e-10
91 6.86545e-10
92 6.86545e-10
93 6.86545e-10
94 6.86545e-10
95 6.86545e-10
96 6.86545e-10
97 6.86545e-10
98 6.86545e-10
99 6.86545e-10
100 6.86545e-10
101 6.86545e-10
102 6.86545e-10
103 6.86545e-10
104 6.86545e-10
105 6.86545e-10
106 6.86545e-10
107 6.86545e-10
108 6.86545e-10
109 6.86545e-10
110 6.86545e-10
111 6.86545e-10
112 6.86545e-10
113 6.86545e-10
114 6.86545e-10
115 6.86545e-10
116 6.86545e-10
117 6.86545e-10
118 6.86545e-10
119 6.86545e-10
120 6.86545e-10
121 6.86545e-10
122 6.86545e-10
123 6.86545e-10
124 6.86545e-10
125 6.86545e-10
126 6.86545e-10
127 6.86545e-10
128 6.86545e-10
129 6.86545e-10
130 6.86545e-10
131 6.86545e-10
132 6.86545e-10
133 6.86545e-10
134 6.86545e-10
135 6.86545e-10
136 6.86545e-10
137 6.86545e-10
138 6.86545e-10
139 6.86545e-10
140 6.86545e-10
141 6.86545e-10
142 6.86545e-10
143 6.86545e-10
144 6.86545e-10
145 6.86545e-10
146 6.86545e-10
147 6.86545e-10
148 6.86545e-10
149 6.86545e-10
150 6.86545e-10
151 6.86545e-10
152 6.86545e-10
153 6.86545e-10
154 6.86545e-10
155 6.86545e-10
156 6.86545e-10
157 6.86545e-10
158 6.86545e-10
159 6.86545e-10
160 6.86545e-10
161 6.86545e-10
162 6.86545e-10
163 6.86545e-10
164 6.86545e-10
165 6.86545e-10
166 6.86545e-10
167 6.86545e-10
168 6.86545e-10
169 6.86545e-10
170 6.86545e-10
171 6.86545e-10
172 6.86545e-10
173 6.86545e-10
174 6.86545e-10
175 6.86545e-10
176 6.86545e-10
177 6.86545e-10
178 6.86545e-10
179 6.86545e-10
180 6.86545e-10
181 6.86545e-10
182 6.86545e-10
183 6.86545e-10
184 6.86545e-10
185 6.86545e-10
186 6.86545e-10
187 6.86545e-10
188 6.86545e-10
189 6.86545e-10
190 6.86545e-10
191 6.86545e-10
192 6.86545e-10
193 6.86545e-10
194 6.86545e-10
195 6.86545e-10
196 6.86545e-10
197 6.86545e-10
198 6.86545e-10
199 6.86545e-10
200 6.86545e-10
201 6.86545e-10
202 6.86545e-10
203 6.86545e-10
204 6.86545e-10
205 6.86545e-10
206 6.86545e-10
207 6.86545e-10
208 6.86545e-10
209 6.86545e-10
210 6.86545e-10
211 6.86545e-10
212 6.86545e-10
213 6.86545e-10
214 6.86545e-10
215 6.86545e-10
216 6.86545e-10
217 6.86545e-10
218 6.86545e-10
219 6.86545e-10
220 6.86545e-10
221 6.86545e-10
222 6.86545e-10
223 6.86545e-10
224 6.86545e-10
225 6.86545e-10
226 6.86545e-10
227 6.86545e-10
228 6.86545e-10
229 6.86545e-10
230 6.86545e-10
231 6.86545e-10
232 6.86545e-10
233 6.86545e-10
234 1.05615e-09
235 3.29923e-09
236 1.01012e-08
237 3.12072e-08
238 8.97845e-08
239 2.56761e-07
240 7.42145e-07
241 2.20639e-06
242 6.78632e-06
243 2.15401e-05
244 7.00244e-05
245 0.000231219
246 0.000770314
247 0.0025784
248 0.00865171
249 0.0290662
250 0.0976486
251 0.327405
252 0.467269
253 0.55155
254 0.601612
255 0.630805
256 0.647462
257 0.698197
258 0.725718
259 0.805186
260 0.846008
261 0.866423
262 0.876374
263 0.881107
264 0.893172
265 0.898675
266 0.912181
267 0.918112
268 0.920601
269 0.926516
270 0.940033
271 0.969983
272 0.981639
273 0.98577
274 0.994471
275 0.99704
276 0.996572
277 0.992896
278 0.982836
279 0.958287
280 0.947942
281 0.924958
282 0.87613
283 0.857909
284 0.85136
285 0.838907
286 0.81598
287 0.774957
288 0.703373
289 0.581064
290 0.375509
291 0.313042
292 0.209633
293 0.178177
294 0.124959
295 0.108001
296 0.102369
297 0.0916465
298 0.0703396
299 0.0266718
300 0.0100604
301 0.00373952
302 0.00136131
303 0.000483544
304 0.000167288
305 5.63462e-05
306 1.84896e-05
307 5.91975e-06
308 1.85324e-06
309 5.68163e-07
310 1.70729e-07
311 4.97273e-08
312 1.35902e-08
313 2.99371e-09
314 6.86545e-10
315 6.86545e-10
316 6.86545e-10
317 6.86545e-10
318 6.86545e-10
319 6.86545e-10
320 6.86545e-10
321 6.86545e-10
322 6.86545e-10
323 6.86545e-10
324 6.86545e-10
325 6.86545e-10
326 6.86545e-10
327 6.86545e-10
328 6.86545e-10
329 6.86545e-10
330 6.86545e-10
331 6.86545e-10
332 6.86545e-10
333 6.86545e-10
334 6.86545e-10
335 6.86545e-10
336 6.86545e-10
337 6.86545e-10
338 6.86545e-10
339 6.86545e-10
340 6.86545e-10
341 6.86545e-10
342 6.86545e-10
343 6.86545e-10
344 6.86545e-10
345 6.86545e-10
346 6.86545e-10
347 6.86545e-10
348 6.86545e-10
349 6.86545e-10
350 6.86545e-10
351 6.86545e-10
352 6.86545e-10
353 6.86545e-10
354 6.86545e-10
355 6.86545e-10
356 6.86545e-10
357 6.86545e-10
358 6.86545e-10
359 6.86545e-10
360 6.86545e-10
361 6.86545e-10
362 6.86545e-10
363 6.86545e-10
364 6.86545e-10
365 6.86545e-10
366 6.86545e-10
367 6.86545e-10
368 6.86545e-10
369 6.86545e-10
370 6.86545e-10
371 6.86545e-10
372 6.86545e-10
373 6.86545e-10
374 6.86545e-10
375 6.86545e-10
376 6.86545e-10
377 6.86545e-10
378 6.86545e-10
379 6.86545e-10
380 6.86545e-10
381 6.86545e-10
382 6.86545e-10
383 6.86545e-10
384 6.86545e-10
385 6.86545e-10
386 6.86545e-10
387 6.86545e-10
388 6.86545e-10
389 6.86545e-10
390 6.86545e-10
391 6.86545e-10
392 6.86545e-10
393 6.86545e-10
394 6.86545e-10
395 6.86545e-10
396 6.86545e-10
397 6.86545e-10
398 6.86545e-10
399 6.86545e-10
400 6.86545e-10
401 6.86545e-10
402 6.86545e-10
403 6.86545e-10
404 6.86545e-10
405 6.86545e-10
406 6.86545e-10
407 6.86545e-10
408 6.86545e-10
409 6.86545e-10
410 6.86545e-10
411 6.86545e-10
412 6.86545e-10
413 6.86545e-10
414 6.86545e-10
415 6.86545e-10
416 6.86545e-10
417 6.86545e-10
418 6.86545e-10
419 6.86545e-10
420 6.86545e-10
421 6.86545e-10
422 6.86545e-10
423 6.86545e-10
424 6.86545e-10
425 6.86545e-10
426 6.86545e-10
427 6.86545e-10
428 6.86545e-10
429 6.86545e-10
430 6.86545e-10
431 6.86545e-10
432 6.86545e-10
433 6.86545e-10
434 6.86545e-10
435 6.86545e-10
436 6.86545e-10
437 6.86545e-10
438 6.86545e-10
439 6.86545e-10
440 6.86545e-10
441 6.86545e-10
442 6.86545e-10
443 6.86545e-10
444 6.86545e-10
445 6.86545e-10
446 6.86545e-10
447 6.86545e-10
448 6.86545e-10
449 6.86545e-10
450 6.86545e-10
451 6.86545e-10
452 6.86545e-10
453 6.86545e-10
454 6.86545e-10
455 6.86545e-10
456 6.86545e-10
457 6.86545e-10
458 6.86545e-10
459 6.86545e-10
460 6.86545e-10
461 6.86545e-10
462 6.86545e-10
463 6.86545e-10
464 6.86545e-10
465 6.86545e-10
466 6.86545e-10
467 6.86545e-10
468 6.86545e-10
469 6.86545e-10
470 6.86545e-10
471 6.86545e-10
472 6.86545e-10
473 6.86545e-10
474 6.86545e-10
475 6.86545e-10
476 6.86545e-10
477 6.86545e-10
478 6.86545e-10
479 6.86545e-10
480 6.86545e-10
481 6.86545e-10
482 6.86545e-10
483 6.86545e-10
484 6.86545e-10
485 6.86545e-10
486 6.86545e-10
487 6.86545e-10
488 6.86545e-10
489 6.86545e-10
490 6.86545e-10
491 6.86545e-10
492 6.86545e-10
493 6.86545e-10
494 6.86545e-10
495 6.86545e-10
496 6.86545e-10
497 6.86545e-10
498 6.86545e-10
499 6.86545e-10
500 6.86545e-10
501 6.86545e-10
502 6.86545e-10
503 6.86545e-10
504 6.86545e-10
505 6.86545e-10
506 6.86545e-10
507 6.86545e-10
508 6.86545e-10
509 6.86545e-10
510 6.86545e-10
511 6.86545e-10
512 6.86545e-10
513 6.86545e-10
514 6.86545e-10
515 6.86545e-10
516 6.86545e-10
517 6.86545e-10
518 6.86545e-10
519 6.86545e-10
520 6.86545e-10
521 6.86545e-10
522 6.86545e-10
523 6.86545e-10
524 6.86545e-10
525 6.86545e-10
526 6.86545e-10
527 6.86545e-10
528 6.86545e-10
529 6.86545e-10
530 6.86545e-10
531 6.86545e-10
532 6.86545e-10
533 6.86545e-10
534 6.86545e-10
535 6.86545e-10
536 6.86545e-10
537 6.86545e-10
538 6.86545e-10
539 6.86545e-10
540 6.86545e-10
541 6.86545e-10
542 6.86545e-10
543 6.86545e-10
544 6.86545e-10
545 6.86545e-10
546 6.86545e-10
547 6.86545e-10
548 6.86545e-10
549 6.86545e-10
550 6.86545e-10
551 6.86545e-10
552 6.86545e-10
