1 1.68958e-09
2 1.68958e-09
3 1.68958e-09
4 1.68958e-09
5 1.68958e-09
6 1.68958e-09
7 1.68958e-09
8 1.68958e-09
9 1.68958e-09
10 1.68958e-09
11 1.68958e-09
12 1.68958e-09
13 1.68958e-09
14 1.68958e-09
15 1.68958e-09
16 1.68958e-09
17 1.68958e-09
18 1.68958e-09
19 1.68958e-09
20 1.68958e-09
21 1.68958e-09
22 1.68958e-09
23 1.68958e-09
24 1.68958e-09
25 1.68958e-09
26 1.68958e-09
27 1.68958e-09
28 1.68958e-09
29 1.68958e-09
30 1.68958e-09
31 1.68958e-09
32 1.68958e-09
33 1.68958e-09
34 1.68958e-09
35 1.68958e-09
36 1.68958e-09
37 1.68958e-09
38 1.68958e-09
39 1.68958e-09
40 1.68958e-09
41 1.68958e-09
42 1.68958e-09
43 1.68958e-09
44 1.68958e-09
45 1.68958e-09
46 1.68958e-09
47 1.68958e-09
48 1.68958e-09
49 1.68958e-09
50 1.68958e-09
51 1.68958e-09
52 1.68958e-09
53 1.68958e-09
54 1.68958e-09
55 1.68958e-09
56 1.68958e-09
57 1.68958e-09
58 1.68958e-09
59 1.68958e-09
60 1.68958e-09
61 1.68958e-09
62 1.68958e-09
63 1.68958e-09
64 1.68958e-09
65 1.68958e-09
66 1.68958e-09
67 1.68958e-09
68 1.68958e-09
69 1.68958e-09
70 1.68958e-09
71 1.68958e-09
72 1.68958e-09
73 1.68958e-09
74 1.68958e-09
75 1.68958e-09
76 1.68958e-09
77 1.68958e-09
78 1.68958e-09
79 1.68958e-09
80 1.68958e-09
81 1.68958e-09
82 1.68958e-09
83 1.68958e-09
84 1.68958e-09
85 1.68958e-09
86 1.68958e-09
87 1.68958e-09
88 1.68958e-09
89 1.68958e-09
90 1.68958e-09
91 1.68958e-09
92 1.68958e-09
93 1.68958e-09
94 1.68958e-09
95 1.68958e-09
96 1.68958e-09
97 1.68958e-09
98 1.68958e-09
99 1.68958e-09
100 1.68958e-09
101 1.68958e-09
102 1.68958e-09
103 1.68958e-09
104 1.68958e-09
105 1.68958e-09
106 1.68958e-09
107 1.68958e-09
108 1.68958e-09
109 1.68958e-09
110 1.68958e-09
111 1.68958e-09
112 1.68958e-09
113 1.68958e-09
114 1.68958e-09
115 1.68958e-09
116 1.68958e-09
117 1.68958e-09
118 1.68958e-09
119 1.68958e-09
120 1.68958e-09
121 1.68958e-09
122 1.68958e-09
123 1.68958e-09
124 1.68958e-09
125 1.68958e-09
126 1.68958e-09
127 1.68958e-09
128 1.68958e-09
129 1.68958e-09
130 1.68958e-09
131 1.68958e-09
132 1.68958e-09
133 1.68958e-09
134 1.68958e-09
135 1.68958e-09
136 1.68958e-09
137 1.68958e-09
138 1.68958e-09
139 1.68958e-09
140 1.68958e-09
141 1.68958e-09
142 1.68958e-09
143 1.68958e-09
144 1.68958e-09
145 1.68958e-09
146 1.68958e-09
147 1.68958e-09
148 1.68958e-09
149 1.68958e-09
150 1.68958e-09
151 1.68958e-09
152 1.68958e-09
153 1.68958e-09
154 1.68958e-09
155 1.68958e-09
156 1.68958e-09
157 1.68958e-09
158 1.68958e-09
159 1.68958e-09
160 1.68958e-09
161 1.68958e-09
162 1.68958e-09
163 1.68958e-09
164 1.68958e-09
165 1.68958e-09
166 1.68958e-09
167 1.68958e-09
168 1.68958e-09
169 1.68958e-09
170 1.68958e-09
171 1.68958e-09
172 1.68958e-09
173 1.68958e-09
174 1.68958e-09
175 1.68958e-09
176 1.68958e-09
177 1.68958e-09
178 1.68958e-09
179 1.68958e-09
180 1.68958e-09
181 1.68958e-09
182 1.68958e-09
183 1.68958e-09
184 1.68958e-09
185 1.68958e-09
186 1.68958e-09
187 1.68958e-09
188 1.68958e-09
189 1.68958e-09
190 1.68958e-09
191 1.68958e-09
192 1.68958e-09
193 1.68958e-09
194 1.68958e-09
195 1.68958e-09
196 1.68958e-09
197 1.68958e-09
198 1.68958e-09
199 1.68958e-09
200 1.68958e-09
201 1.68958e-09
202 1.68958e-09
203 1.68958e-09
204 1.68958e-09
205 1.68958e-09
206 1.68958e-09
207 1.68958e-09
208 1.68958e-09
209 1.68958e-09
210 1.68958e-09
211 1.68958e-09
212 1.68958e-09
213 1.68958e-09
214 1.68958e-09
215 1.68958e-09
216 1.68958e-09
217 1.68958e-09
218 1.68958e-09
219 1.68958e-09
220 1.68958e-09
221 1.68958e-09
222 1.68958e-09
223 1.68958e-09
224 1.68958e-09
225 1.68958e-09
226 1.68958e-09
227 1.68958e-09
228 1.68958e-09
229 1.68958e-09
230 1.68958e-09
231 1.68958e-09
232 1.68958e-09
233 1.68958e-09
234 1.68958e-09
235 1.68958e-09
236 5.07337e-09
237 2.18035e-08
238 8.23346e-08
239 2.83996e-07
240 9.55295e-07
241 3.20095e-06
242 1.07315e-05
243 3.60153e-05
244 0.0001209
245 0.00040538
246 0.00135476
247 0.00449965
248 0.0148022
249 0.0480549
250 0.153432
251 0.480342
252 0.661448
253 0.759292
254 0.810801
255 0.837218
256 0.850424
257 0.885654
258 0.902445
259 0.945288
260 0.964883
261 0.973682
262 0.977562
263 0.979242
264 0.983149
265 0.984771
266 0.988372
267 0.989789
268 0.990328
269 0.991416
270 0.993525
271 0.997444
272 0.998714
273 0.999097
274 0.999727
275 0.999874
276 0.999808
277 0.999434
278 0.998203
279 0.994454
280 0.992472
281 0.987006
282 0.97263
283 0.966027
284 0.963127
285 0.956449
286 0.941696
287 0.910372
288 0.846313
289 0.719882
290 0.478491
291 0.396769
292 0.249589
293 0.202303
294 0.120933
295 0.0957577
296 0.0880581
297 0.0752397
298 0.0538185
299 0.0174885
300 0.00591451
301 0.00208433
302 0.000760363
303 0.000283673
304 0.000106762
305 4.0044e-05
306 1.48296e-05
307 5.38656e-06
308 1.90967e-06
309 6.57442e-07
310 2.18323e-07
311 6.90158e-08
312 2.06124e-08
313 6.11901e-09
314 2.05078e-09
315 1.68958e-09
316 1.68958e-09
317 1.68958e-09
318 1.68958e-09
319 1.68958e-09
320 1.68958e-09
321 1.68958e-09
322 1.68958e-09
323 1.68958e-09
324 1.68958e-09
325 1.68958e-09
326 1.68958e-09
327 1.68958e-09
328 1.68958e-09
329 1.68958e-09
330 1.68958e-09
331 1.68958e-09
332 1.68958e-09
333 1.68958e-09
334 1.68958e-09
335 1.68958e-09
336 1.68958e-09
337 1.68958e-09
338 1.68958e-09
339 1.68958e-09
340 1.68958e-09
341 1.68958e-09
342 1.68958e-09
343 1.68958e-09
344 1.68958e-09
345 1.68958e-09
346 1.68958e-09
347 1.68958e-09
348 1.68958e-09
349 1.68958e-09
350 1.68958e-09
351 1.68958e-09
352 1.68958e-09
353 1.68958e-09
354 1.68958e-09
355 1.68958e-09
356 1.68958e-09
357 1.68958e-09
358 1.68958e-09
359 1.68958e-09
360 1.68958e-09
361 1.68958e-09
362 1.68958e-09
363 1.68958e-09
364 1.68958e-09
365 1.68958e-09
366 1.68958e-09
367 1.68958e-09
368 1.68958e-09
369 1.68958e-09
370 1.68958e-09
371 1.68958e-09
372 1.68958e-09
373 1.68958e-09
374 1.68958e-09
375 1.68958e-09
376 1.68958e-09
377 1.68958e-09
378 1.68958e-09
379 1.68958e-09
380 1.68958e-09
381 1.68958e-09
382 1.68958e-09
383 1.68958e-09
384 1.68958e-09
385 1.68958e-09
386 1.68958e-09
387 1.68958e-09
388 1.68958e-09
389 1.68958e-09
390 1.68958e-09
391 1.68958e-09
392 1.68958e-09
393 1.68958e-09
394 1.68958e-09
395 1.68958e-09
396 1.68958e-09
397 1.68958e-09
398 1.68958e-09
399 1.68958e-09
400 1.68958e-09
401 1.68958e-09
402 1.68958e-09
403 1.68958e-09
404 1.68958e-09
405 1.68958e-09
406 1.68958e-09
407 1.68958e-09
408 1.68958e-09
409 1.68958e-09
410 1.68958e-09
411 1.68958e-09
412 1.68958e-09
413 1.68958e-09
414 1.68958e-09
415 1.68958e-09
416 1.68958e-09
417 1.68958e-09
418 1.68958e-09
419 1.68958e-09
420 1.68958e-09
421 1.68958e-09
422 1.68958e-09
423 1.68958e-09
424 1.68958e-09
425 1.68958e-09
426 1.68958e-09
427 1.68958e-09
428 1.68958e-09
429 1.68958e-09
430 1.68958e-09
431 1.68958e-09
432 1.68958e-09
433 1.68958e-09
434 1.68958e-09
435 1.68958e-09
436 1.68958e-09
437 1.68958e-09
438 1.68958e-09
439 1.68958e-09
440 1.68958e-09
441 1.68958e-09
442 1.68958e-09
443 1.68958e-09
444 1.68958e-09
445 1.68958e-09
446 1.68958e-09
447 1.68958e-09
448 1.68958e-09
449 1.68958e-09
450 1.68958e-09
451 1.68958e-09
452 1.68958e-09
453 1.68958e-09
454 1.68958e-09
455 1.68958e-09
456 1.68958e-09
457 1.68958e-09
458 1.68958e-09
459 1.68958e-09
460 1.68958e-09
461 1.68958e-09
462 1.68958e-09
463 1.68958e-09
464 1.68958e-09
465 1.68958e-09
466 1.68958e-09
467 1.68958e-09
468 1.68958e-09
469 1.68958e-09
470 1.68958e-09
471 1.68958e-09
472 1.68958e-09
473 1.68958e-09
474 1.68958e-09
475 1.68958e-09
476 1.68958e-09
477 1.68958e-09
478 1.68958e-09
479 1.68958e-09
480 1.68958e-09
481 1.68958e-09
482 1.68958e-09
483 1.68958e-09
484 1.68958e-09
485 1.68958e-09
486 1.68958e-09
487 1.68958e-09
488 1.68958e-09
489 1.68958e-09
490 1.68958e-09
491 1.68958e-09
492 1.68958e-09
493 1.68958e-09
494 1.68958e-09
495 1.68958e-09
496 1.68958e-09
497 1.68958e-09
498 1.68958e-09
499 1.68958e-09
500 1.68958e-09
501 1.68958e-09
502 1.68958e-09
503 1.68958e-09
504 1.68958e-09
505 1.68958e-09
506 1.68958e-09
507 1.68958e-09
508 1.68958e-09
509 1.68958e-09
510 1.68958e-09
511 1.68958e-09
512 1.68958e-09
513 1.68958e-09
514 1.68958e-09
515 1.68958e-09
516 1.68958e-09
517 1.68958e-09
518 1.68958e-09
519 1.68958e-09
520 1.68958e-09
521 1.68958e-09
522 1.68958e-09
523 1.68958e-09
524 1.68958e-09
525 1.68958e-09
526 1.68958e-09
527 1.68958e-09
528 1.68958e-09
529 1.68958e-09
530 1.68958e-09
531 1.68958e-09
532 1.68958e-09
533 1.68958e-09
534 1.68958e-09
535 1.68958e-09
536 1.68958e-09
537 1.68958e-09
538 1.68958e-09
539 1.68958e-09
540 1.68958e-09
541 1.68958e-09
542 1.68958e-09
543 1.68958e-09
544 1.68958e-09
545 1.68958e-09
546 1.68958e-09
547 1.68958e-09
548 1.68958e-09
549 1.68958e-09
550 1.68958e-09
551 1.68958e-09
552 1.68958e-09
