1 6.5035e-09
2 6.5035e-09
3 6.5035e-09
4 6.5035e-09
5 6.5035e-09
6 6.5035e-09
7 6.5035e-09
8 6.5035e-09
9 6.5035e-09
10 6.5035e-09
11 6.5035e-09
12 6.5035e-09
13 6.5035e-09
14 6.5035e-09
15 6.5035e-09
16 6.5035e-09
17 6.5035e-09
18 6.5035e-09
19 6.5035e-09
20 6.5035e-09
21 6.5035e-09
22 6.5035e-09
23 6.5035e-09
24 6.5035e-09
25 6.5035e-09
26 6.5035e-09
27 6.5035e-09
28 6.5035e-09
29 6.5035e-09
30 6.5035e-09
31 6.5035e-09
32 6.5035e-09
33 6.5035e-09
34 6.5035e-09
35 6.5035e-09
36 6.5035e-09
37 6.5035e-09
38 6.5035e-09
39 6.5035e-09
40 6.5035e-09
41 6.5035e-09
42 6.5035e-09
43 6.5035e-09
44 6.5035e-09
45 6.5035e-09
46 6.5035e-09
47 6.5035e-09
48 6.5035e-09
49 6.5035e-09
50 6.5035e-09
51 6.5035e-09
52 6.5035e-09
53 6.5035e-09
54 6.5035e-09
55 6.5035e-09
56 6.5035e-09
57 6.5035e-09
58 6.5035e-09
59 6.5035e-09
60 6.5035e-09
61 6.5035e-09
62 6.5035e-09
63 6.5035e-09
64 6.5035e-09
65 6.5035e-09
66 6.5035e-09
67 6.5035e-09
68 6.5035e-09
69 6.5035e-09
70 6.5035e-09
71 6.5035e-09
72 6.5035e-09
73 6.5035e-09
74 6.5035e-09
75 6.5035e-09
76 6.5035e-09
77 6.5035e-09
78 6.5035e-09
79 6.5035e-09
80 6.5035e-09
81 6.5035e-09
82 6.5035e-09
83 6.5035e-09
84 6.5035e-09
85 6.5035e-09
86 6.5035e-09
87 6.5035e-09
88 6.5035e-09
89 6.5035e-09
90 6.5035e-09
91 6.5035e-09
92 6.5035e-09
93 6.5035e-09
94 6.5035e-09
95 6.5035e-09
96 6.5035e-09
97 6.5035e-09
98 6.5035e-09
99 6.5035e-09
100 6.5035e-09
101 6.5035e-09
102 6.5035e-09
103 6.5035e-09
104 6.5035e-09
105 6.5035e-09
106 6.5035e-09
107 6.5035e-09
108 6.5035e-09
109 6.5035e-09
110 6.5035e-09
111 6.5035e-09
112 6.5035e-09
113 6.5035e-09
114 6.5035e-09
115 6.5035e-09
116 6.5035e-09
117 6.5035e-09
118 6.5035e-09
119 6.5035e-09
120 6.5035e-09
121 6.5035e-09
122 6.5035e-09
123 6.5035e-09
124 6.5035e-09
125 6.5035e-09
126 6.5035e-09
127 6.5035e-09
128 6.5035e-09
129 6.5035e-09
130 6.5035e-09
131 6.5035e-09
132 6.5035e-09
133 6.5035e-09
134 6.5035e-09
135 6.5035e-09
136 6.5035e-09
137 6.5035e-09
138 6.5035e-09
139 6.5035e-09
140 6.5035e-09
141 6.5035e-09
142 6.5035e-09
143 6.5035e-09
144 6.5035e-09
145 6.5035e-09
146 6.5035e-09
147 6.5035e-09
148 6.5035e-09
149 6.5035e-09
150 6.5035e-09
151 6.5035e-09
152 6.5035e-09
153 6.5035e-09
154 6.5035e-09
155 6.5035e-09
156 6.5035e-09
157 6.5035e-09
158 6.5035e-09
159 6.5035e-09
160 6.5035e-09
161 6.5035e-09
162 6.5035e-09
163 6.5035e-09
164 6.5035e-09
165 6.5035e-09
166 6.5035e-09
167 6.5035e-09
168 6.5035e-09
169 6.5035e-09
170 6.5035e-09
171 6.5035e-09
172 6.5035e-09
173 6.5035e-09
174 6.5035e-09
175 6.5035e-09
176 6.5035e-09
177 6.5035e-09
178 6.5035e-09
179 6.5035e-09
180 6.5035e-09
181 6.5035e-09
182 6.5035e-09
183 6.5035e-09
184 6.5035e-09
185 6.5035e-09
186 6.5035e-09
187 6.5035e-09
188 6.5035e-09
189 6.5035e-09
190 6.5035e-09
191 6.5035e-09
192 6.5035e-09
193 6.5035e-09
194 6.5035e-09
195 6.5035e-09
196 6.5035e-09
197 6.5035e-09
198 6.5035e-09
199 6.5035e-09
200 6.5035e-09
201 6.5035e-09
202 6.5035e-09
203 6.5035e-09
204 6.5035e-09
205 6.5035e-09
206 6.5035e-09
207 6.5035e-09
208 6.5035e-09
209 6.5035e-09
210 6.5035e-09
211 6.5035e-09
212 6.5035e-09
213 6.5035e-09
214 6.5035e-09
215 6.5035e-09
216 6.5035e-09
217 6.5035e-09
218 6.5035e-09
219 6.5035e-09
220 6.5035e-09
221 6.5035e-09
222 6.5035e-09
223 6.5035e-09
224 6.5035e-09
225 6.5035e-09
226 6.5035e-09
227 6.5035e-09
228 6.5035e-09
229 6.5035e-09
230 6.5035e-09
231 6.5035e-09
232 6.5035e-09
233 6.5035e-09
234 6.5035e-09
235 6.5035e-09
236 6.5035e-09
237 6.5035e-09
238 6.5035e-09
239 6.5035e-09
240 6.5035e-09
241 6.5035e-09
242 6.5035e-09
243 6.5035e-09
244 6.5035e-09
245 6.5035e-09
246 6.5035e-09
247 6.5035e-09
248 6.5035e-09
249 2.05501e-08
250 1.19528e-07
251 5.71461e-07
252 8.58426e-07
253 9.84692e-07
254 9.47232e-07
255 7.43188e-07
256 3.67323e-07
257 4.02172e-07
258 3.22322e-07
259 6.0692e-07
260 7.38166e-07
261 7.20459e-07
262 5.5451e-07
263 2.37257e-07
264 2.38476e-07
265 1.33254e-07
266 2.04259e-07
267 1.71165e-07
268 3.33054e-08
269 6.5035e-09
270 5.51396e-08
271 2.93227e-07
272 4.18466e-07
273 4.28821e-07
274 8.66964e-07
275 1.12555e-06
276 1.2113e-06
277 1.12555e-06
278 8.66964e-07
279 4.28821e-07
280 4.5022e-07
281 3.50793e-07
282 1.32533e-07
283 2.12753e-07
284 7.95114e-07
285 1.18764e-06
286 1.39233e-06
287 1.41011e-06
288 1.24397e-06
289 8.886e-07
290 3.41636e-07
291 2.70656e-07
292 9.64505e-08
293 1.08407e-07
294 2.87399e-08
295 6.34224e-08
296 2.38742e-07
297 2.94726e-07
298 2.34764e-07
299 5.47216e-08
300 1.04816e-08
301 6.5035e-09
302 6.5035e-09
303 6.5035e-09
304 6.5035e-09
305 6.5035e-09
306 6.5035e-09
307 6.5035e-09
308 6.5035e-09
309 6.5035e-09
310 6.5035e-09
311 6.5035e-09
312 6.5035e-09
313 6.5035e-09
314 6.5035e-09
315 6.5035e-09
316 6.5035e-09
317 6.5035e-09
318 6.5035e-09
319 6.5035e-09
320 6.5035e-09
321 6.5035e-09
322 6.5035e-09
323 6.5035e-09
324 6.5035e-09
325 6.5035e-09
326 6.5035e-09
327 6.5035e-09
328 6.5035e-09
329 6.5035e-09
330 6.5035e-09
331 6.5035e-09
332 6.5035e-09
333 6.5035e-09
334 6.5035e-09
335 6.5035e-09
336 6.5035e-09
337 6.5035e-09
338 6.5035e-09
339 6.5035e-09
340 6.5035e-09
341 6.5035e-09
342 6.5035e-09
343 6.5035e-09
344 6.5035e-09
345 6.5035e-09
346 6.5035e-09
347 6.5035e-09
348 6.5035e-09
349 6.5035e-09
350 6.5035e-09
351 6.5035e-09
352 6.5035e-09
353 6.5035e-09
354 6.5035e-09
355 6.5035e-09
356 6.5035e-09
357 6.5035e-09
358 6.5035e-09
359 6.5035e-09
360 6.5035e-09
361 6.5035e-09
362 6.5035e-09
363 6.5035e-09
364 6.5035e-09
365 6.5035e-09
366 6.5035e-09
367 6.5035e-09
368 6.5035e-09
369 6.5035e-09
370 6.5035e-09
371 6.5035e-09
372 6.5035e-09
373 6.5035e-09
374 6.5035e-09
375 6.5035e-09
376 6.5035e-09
377 6.5035e-09
378 6.5035e-09
379 6.5035e-09
380 6.5035e-09
381 6.5035e-09
382 6.5035e-09
383 6.5035e-09
384 6.5035e-09
385 6.5035e-09
386 6.5035e-09
387 6.5035e-09
388 6.5035e-09
389 6.5035e-09
390 6.5035e-09
391 6.5035e-09
392 6.5035e-09
393 6.5035e-09
394 6.5035e-09
395 6.5035e-09
396 6.5035e-09
397 6.5035e-09
398 6.5035e-09
399 6.5035e-09
400 6.5035e-09
401 6.5035e-09
402 6.5035e-09
403 6.5035e-09
404 6.5035e-09
405 6.5035e-09
406 6.5035e-09
407 6.5035e-09
408 6.5035e-09
409 6.5035e-09
410 6.5035e-09
411 6.5035e-09
412 6.5035e-09
413 6.5035e-09
414 6.5035e-09
415 6.5035e-09
416 6.5035e-09
417 6.5035e-09
418 6.5035e-09
419 6.5035e-09
420 6.5035e-09
421 6.5035e-09
422 6.5035e-09
423 6.5035e-09
424 6.5035e-09
425 6.5035e-09
426 6.5035e-09
427 6.5035e-09
428 6.5035e-09
429 6.5035e-09
430 6.5035e-09
431 6.5035e-09
432 6.5035e-09
433 6.5035e-09
434 6.5035e-09
435 6.5035e-09
436 6.5035e-09
437 6.5035e-09
438 6.5035e-09
439 6.5035e-09
440 6.5035e-09
441 6.5035e-09
442 6.5035e-09
443 6.5035e-09
444 6.5035e-09
445 6.5035e-09
446 6.5035e-09
447 6.5035e-09
448 6.5035e-09
449 6.5035e-09
450 6.5035e-09
451 6.5035e-09
452 6.5035e-09
453 6.5035e-09
454 6.5035e-09
455 6.5035e-09
456 6.5035e-09
457 6.5035e-09
458 6.5035e-09
459 6.5035e-09
460 6.5035e-09
461 6.5035e-09
462 6.5035e-09
463 6.5035e-09
464 6.5035e-09
465 6.5035e-09
466 6.5035e-09
467 6.5035e-09
468 6.5035e-09
469 6.5035e-09
470 6.5035e-09
471 6.5035e-09
472 6.5035e-09
473 6.5035e-09
474 6.5035e-09
475 6.5035e-09
476 6.5035e-09
477 6.5035e-09
478 6.5035e-09
479 6.5035e-09
480 6.5035e-09
481 6.5035e-09
482 6.5035e-09
483 6.5035e-09
484 6.5035e-09
485 6.5035e-09
486 6.5035e-09
487 6.5035e-09
488 6.5035e-09
489 6.5035e-09
490 6.5035e-09
491 6.5035e-09
492 6.5035e-09
493 6.5035e-09
494 6.5035e-09
495 6.5035e-09
496 6.5035e-09
497 6.5035e-09
498 6.5035e-09
499 6.5035e-09
500 6.5035e-09
501 6.5035e-09
502 6.5035e-09
503 6.5035e-09
504 6.5035e-09
505 6.5035e-09
506 6.5035e-09
507 6.5035e-09
508 6.5035e-09
509 6.5035e-09
510 6.5035e-09
511 6.5035e-09
512 6.5035e-09
513 6.5035e-09
514 6.5035e-09
515 6.5035e-09
516 6.5035e-09
517 6.5035e-09
518 6.5035e-09
519 6.5035e-09
520 6.5035e-09
521 6.5035e-09
522 6.5035e-09
523 6.5035e-09
524 6.5035e-09
525 6.5035e-09
526 6.5035e-09
527 6.5035e-09
528 6.5035e-09
529 6.5035e-09
530 6.5035e-09
531 6.5035e-09
532 6.5035e-09
533 6.5035e-09
534 6.5035e-09
535 6.5035e-09
536 6.5035e-09
537 6.5035e-09
538 6.5035e-09
539 6.5035e-09
540 6.5035e-09
541 6.5035e-09
542 6.5035e-09
543 6.5035e-09
544 6.5035e-09
545 6.5035e-09
546 6.5035e-09
547 6.5035e-09
548 6.5035e-09
549 6.5035e-09
550 6.5035e-09
551 6.5035e-09
552 6.5035e-09
