1 7.26794e-09
2 7.26794e-09
3 7.26794e-09
4 7.26794e-09
5 7.26794e-09
6 7.26794e-09
7 7.26794e-09
8 7.26794e-09
9 7.26794e-09
10 7.26794e-09
11 7.26794e-09
12 7.26794e-09
13 7.26794e-09
14 7.26794e-09
15 7.26794e-09
16 7.26794e-09
17 7.26794e-09
18 7.26794e-09
19 7.26794e-09
20 7.26794e-09
21 7.26794e-09
22 7.26794e-09
23 7.26794e-09
24 7.26794e-09
25 7.26794e-09
26 7.26794e-09
27 7.26794e-09
28 7.26794e-09
29 7.26794e-09
30 7.26794e-09
31 7.26794e-09
32 7.26794e-09
33 7.26794e-09
34 7.26794e-09
35 7.26794e-09
36 7.26794e-09
37 7.26794e-09
38 7.26794e-09
39 7.26794e-09
40 7.26794e-09
41 7.26794e-09
42 7.26794e-09
43 7.26794e-09
44 7.26794e-09
45 7.26794e-09
46 7.26794e-09
47 7.26794e-09
48 7.26794e-09
49 7.26794e-09
50 7.26794e-09
51 7.26794e-09
52 7.26794e-09
53 7.26794e-09
54 7.26794e-09
55 7.26794e-09
56 7.26794e-09
57 7.26794e-09
58 7.26794e-09
59 7.26794e-09
60 7.26794e-09
61 7.26794e-09
62 7.26794e-09
63 7.26794e-09
64 7.26794e-09
65 7.26794e-09
66 7.26794e-09
67 7.26794e-09
68 7.26794e-09
69 7.26794e-09
70 7.26794e-09
71 7.26794e-09
72 7.26794e-09
73 7.26794e-09
74 7.26794e-09
75 7.26794e-09
76 7.26794e-09
77 7.26794e-09
78 7.26794e-09
79 7.26794e-09
80 7.26794e-09
81 7.26794e-09
82 7.26794e-09
83 7.26794e-09
84 7.26794e-09
85 7.26794e-09
86 7.26794e-09
87 7.26794e-09
88 7.26794e-09
89 7.26794e-09
90 7.26794e-09
91 7.26794e-09
92 7.26794e-09
93 7.26794e-09
94 7.26794e-09
95 7.26794e-09
96 7.26794e-09
97 7.26794e-09
98 7.26794e-09
99 7.26794e-09
100 7.26794e-09
101 7.26794e-09
102 7.26794e-09
103 7.26794e-09
104 7.26794e-09
105 7.26794e-09
106 7.26794e-09
107 7.26794e-09
108 7.26794e-09
109 7.26794e-09
110 7.26794e-09
111 7.26794e-09
112 7.26794e-09
113 7.26794e-09
114 7.26794e-09
115 7.26794e-09
116 7.26794e-09
117 7.26794e-09
118 7.26794e-09
119 7.26794e-09
120 7.26794e-09
121 7.26794e-09
122 7.26794e-09
123 7.26794e-09
124 7.26794e-09
125 7.26794e-09
126 7.26794e-09
127 7.26794e-09
128 7.26794e-09
129 7.26794e-09
130 7.26794e-09
131 7.26794e-09
132 7.26794e-09
133 7.26794e-09
134 7.26794e-09
135 7.26794e-09
136 7.26794e-09
137 7.26794e-09
138 7.26794e-09
139 7.26794e-09
140 7.26794e-09
141 7.26794e-09
142 7.26794e-09
143 7.26794e-09
144 7.26794e-09
145 7.26794e-09
146 7.26794e-09
147 7.26794e-09
148 7.26794e-09
149 7.26794e-09
150 7.26794e-09
151 7.26794e-09
152 7.26794e-09
153 7.26794e-09
154 7.26794e-09
155 7.26794e-09
156 7.26794e-09
157 7.26794e-09
158 7.26794e-09
159 7.26794e-09
160 7.26794e-09
161 7.26794e-09
162 7.26794e-09
163 7.26794e-09
164 7.26794e-09
165 7.26794e-09
166 7.26794e-09
167 7.26794e-09
168 7.26794e-09
169 7.26794e-09
170 7.26794e-09
171 7.26794e-09
172 7.26794e-09
173 7.26794e-09
174 7.26794e-09
175 7.26794e-09
176 7.26794e-09
177 7.26794e-09
178 7.26794e-09
179 7.26794e-09
180 7.26794e-09
181 7.26794e-09
182 7.26794e-09
183 7.26794e-09
184 7.26794e-09
185 7.26794e-09
186 7.26794e-09
187 7.26794e-09
188 7.26794e-09
189 7.26794e-09
190 7.26794e-09
191 7.26794e-09
192 7.26794e-09
193 7.26794e-09
194 7.26794e-09
195 7.26794e-09
196 7.26794e-09
197 7.26794e-09
198 7.26794e-09
199 7.26794e-09
200 7.26794e-09
201 7.26794e-09
202 7.26794e-09
203 7.26794e-09
204 7.26794e-09
205 7.26794e-09
206 7.26794e-09
207 7.26794e-09
208 7.26794e-09
209 7.26794e-09
210 7.26794e-09
211 7.26794e-09
212 7.26794e-09
213 7.26794e-09
214 7.26794e-09
215 7.26794e-09
216 7.26794e-09
217 7.26794e-09
218 7.26794e-09
219 7.26794e-09
220 7.26794e-09
221 7.26794e-09
222 7.26794e-09
223 7.26794e-09
224 7.26794e-09
225 7.26794e-09
226 7.26794e-09
227 7.26794e-09
228 7.26794e-09
229 7.26794e-09
230 7.26794e-09
231 7.26794e-09
232 7.26794e-09
233 7.26794e-09
234 7.26794e-09
235 7.26794e-09
236 7.26794e-09
237 7.26794e-09
238 7.26794e-09
239 7.26794e-09
240 7.26794e-09
241 7.26794e-09
242 7.26794e-09
243 7.26794e-09
244 7.26794e-09
245 7.26794e-09
246 7.26794e-09
247 7.26794e-09
248 7.26794e-09
249 3.84975e-08
250 2.03772e-07
251 9.3122e-07
252 1.38541e-06
253 1.58862e-06
254 1.55377e-06
255 1.27151e-06
256 7.11478e-07
257 7.5684e-07
258 6.23671e-07
259 1.03422e-06
260 1.20653e-06
261 1.16338e-06
262 9.06187e-07
263 4.14891e-07
264 3.97739e-07
265 2.35079e-07
266 3.12703e-07
267 2.50267e-07
268 5.39501e-08
269 1.70164e-08
270 1.01023e-07
271 5.04714e-07
272 7.37009e-07
273 7.96084e-07
274 1.49777e-06
275 1.90233e-06
276 2.0343e-06
277 1.90233e-06
278 1.49777e-06
279 7.96084e-07
280 8.06519e-07
281 6.32881e-07
282 2.73297e-07
283 4.1288e-07
284 1.37474e-06
285 1.99801e-06
286 2.31379e-06
287 2.34378e-06
288 2.08895e-06
289 1.53265e-06
290 6.40242e-07
291 4.93912e-07
292 1.87303e-07
293 1.81477e-07
294 5.59688e-08
295 1.02793e-07
296 3.33958e-07
297 4.05453e-07
298 3.22374e-07
299 8.24455e-08
300 1.88521e-08
301 7.26794e-09
302 7.26794e-09
303 7.26794e-09
304 7.26794e-09
305 7.26794e-09
306 7.26794e-09
307 7.26794e-09
308 7.26794e-09
309 7.26794e-09
310 7.26794e-09
311 7.26794e-09
312 7.26794e-09
313 7.26794e-09
314 7.26794e-09
315 7.26794e-09
316 7.26794e-09
317 7.26794e-09
318 7.26794e-09
319 7.26794e-09
320 7.26794e-09
321 7.26794e-09
322 7.26794e-09
323 7.26794e-09
324 7.26794e-09
325 7.26794e-09
326 7.26794e-09
327 7.26794e-09
328 7.26794e-09
329 7.26794e-09
330 7.26794e-09
331 7.26794e-09
332 7.26794e-09
333 7.26794e-09
334 7.26794e-09
335 7.26794e-09
336 7.26794e-09
337 7.26794e-09
338 7.26794e-09
339 7.26794e-09
340 7.26794e-09
341 7.26794e-09
342 7.26794e-09
343 7.26794e-09
344 7.26794e-09
345 7.26794e-09
346 7.26794e-09
347 7.26794e-09
348 7.26794e-09
349 7.26794e-09
350 7.26794e-09
351 7.26794e-09
352 7.26794e-09
353 7.26794e-09
354 7.26794e-09
355 7.26794e-09
356 7.26794e-09
357 7.26794e-09
358 7.26794e-09
359 7.26794e-09
360 7.26794e-09
361 7.26794e-09
362 7.26794e-09
363 7.26794e-09
364 7.26794e-09
365 7.26794e-09
366 7.26794e-09
367 7.26794e-09
368 7.26794e-09
369 7.26794e-09
370 7.26794e-09
371 7.26794e-09
372 7.26794e-09
373 7.26794e-09
374 7.26794e-09
375 7.26794e-09
376 7.26794e-09
377 7.26794e-09
378 7.26794e-09
379 7.26794e-09
380 7.26794e-09
381 7.26794e-09
382 7.26794e-09
383 7.26794e-09
384 7.26794e-09
385 7.26794e-09
386 7.26794e-09
387 7.26794e-09
388 7.26794e-09
389 7.26794e-09
390 7.26794e-09
391 7.26794e-09
392 7.26794e-09
393 7.26794e-09
394 7.26794e-09
395 7.26794e-09
396 7.26794e-09
397 7.26794e-09
398 7.26794e-09
399 7.26794e-09
400 7.26794e-09
401 7.26794e-09
402 7.26794e-09
403 7.26794e-09
404 7.26794e-09
405 7.26794e-09
406 7.26794e-09
407 7.26794e-09
408 7.26794e-09
409 7.26794e-09
410 7.26794e-09
411 7.26794e-09
412 7.26794e-09
413 7.26794e-09
414 7.26794e-09
415 7.26794e-09
416 7.26794e-09
417 7.26794e-09
418 7.26794e-09
419 7.26794e-09
420 7.26794e-09
421 7.26794e-09
422 7.26794e-09
423 7.26794e-09
424 7.26794e-09
425 7.26794e-09
426 7.26794e-09
427 7.26794e-09
428 7.26794e-09
429 7.26794e-09
430 7.26794e-09
431 7.26794e-09
432 7.26794e-09
433 7.26794e-09
434 7.26794e-09
435 7.26794e-09
436 7.26794e-09
437 7.26794e-09
438 7.26794e-09
439 7.26794e-09
440 7.26794e-09
441 7.26794e-09
442 7.26794e-09
443 7.26794e-09
444 7.26794e-09
445 7.26794e-09
446 7.26794e-09
447 7.26794e-09
448 7.26794e-09
449 7.26794e-09
450 7.26794e-09
451 7.26794e-09
452 7.26794e-09
453 7.26794e-09
454 7.26794e-09
455 7.26794e-09
456 7.26794e-09
457 7.26794e-09
458 7.26794e-09
459 7.26794e-09
460 7.26794e-09
461 7.26794e-09
462 7.26794e-09
463 7.26794e-09
464 7.26794e-09
465 7.26794e-09
466 7.26794e-09
467 7.26794e-09
468 7.26794e-09
469 7.26794e-09
470 7.26794e-09
471 7.26794e-09
472 7.26794e-09
473 7.26794e-09
474 7.26794e-09
475 7.26794e-09
476 7.26794e-09
477 7.26794e-09
478 7.26794e-09
479 7.26794e-09
480 7.26794e-09
481 7.26794e-09
482 7.26794e-09
483 7.26794e-09
484 7.26794e-09
485 7.26794e-09
486 7.26794e-09
487 7.26794e-09
488 7.26794e-09
489 7.26794e-09
490 7.26794e-09
491 7.26794e-09
492 7.26794e-09
493 7.26794e-09
494 7.26794e-09
495 7.26794e-09
496 7.26794e-09
497 7.26794e-09
498 7.26794e-09
499 7.26794e-09
500 7.26794e-09
501 7.26794e-09
502 7.26794e-09
503 7.26794e-09
504 7.26794e-09
505 7.26794e-09
506 7.26794e-09
507 7.26794e-09
508 7.26794e-09
509 7.26794e-09
510 7.26794e-09
511 7.26794e-09
512 7.26794e-09
513 7.26794e-09
514 7.26794e-09
515 7.26794e-09
516 7.26794e-09
517 7.26794e-09
518 7.26794e-09
519 7.26794e-09
520 7.26794e-09
521 7.26794e-09
522 7.26794e-09
523 7.26794e-09
524 7.26794e-09
525 7.26794e-09
526 7.26794e-09
527 7.26794e-09
528 7.26794e-09
529 7.26794e-09
530 7.26794e-09
531 7.26794e-09
532 7.26794e-09
533 7.26794e-09
534 7.26794e-09
535 7.26794e-09
536 7.26794e-09
537 7.26794e-09
538 7.26794e-09
539 7.26794e-09
540 7.26794e-09
541 7.26794e-09
542 7.26794e-09
543 7.26794e-09
544 7.26794e-09
545 7.26794e-09
546 7.26794e-09
547 7.26794e-09
548 7.26794e-09
549 7.26794e-09
550 7.26794e-09
551 7.26794e-09
552 7.26794e-09
