1 2.18118e-09
2 2.18118e-09
3 2.18118e-09
4 2.18118e-09
5 2.18118e-09
6 2.18118e-09
7 2.18118e-09
8 2.18118e-09
9 2.18118e-09
10 2.18118e-09
11 2.18118e-09
12 2.18118e-09
13 2.18118e-09
14 2.18118e-09
15 2.18118e-09
16 2.18118e-09
17 2.18118e-09
18 2.18118e-09
19 2.18118e-09
20 2.18118e-09
21 2.18118e-09
22 2.18118e-09
23 2.18118e-09
24 2.18118e-09
25 2.18118e-09
26 2.18118e-09
27 2.18118e-09
28 2.18118e-09
29 2.18118e-09
30 2.18118e-09
31 2.18118e-09
32 2.18118e-09
33 2.18118e-09
34 2.18118e-09
35 2.18118e-09
36 2.18118e-09
37 2.18118e-09
38 2.18118e-09
39 2.18118e-09
40 2.18118e-09
41 2.18118e-09
42 2.18118e-09
43 2.18118e-09
44 2.18118e-09
45 2.18118e-09
46 2.18118e-09
47 2.18118e-09
48 2.18118e-09
49 2.18118e-09
50 2.18118e-09
51 2.18118e-09
52 2.18118e-09
53 2.18118e-09
54 2.18118e-09
55 2.18118e-09
56 2.18118e-09
57 2.18118e-09
58 2.18118e-09
59 2.18118e-09
60 2.18118e-09
61 2.18118e-09
62 2.18118e-09
63 2.18118e-09
64 2.18118e-09
65 2.18118e-09
66 2.18118e-09
67 2.18118e-09
68 2.18118e-09
69 2.18118e-09
70 2.18118e-09
71 2.18118e-09
72 2.18118e-09
73 2.18118e-09
74 2.18118e-09
75 2.18118e-09
76 2.18118e-09
77 2.18118e-09
78 2.18118e-09
79 2.18118e-09
80 2.18118e-09
81 2.18118e-09
82 2.18118e-09
83 2.18118e-09
84 2.18118e-09
85 2.18118e-09
86 2.18118e-09
87 2.18118e-09
88 2.18118e-09
89 2.18118e-09
90 2.18118e-09
91 2.18118e-09
92 2.18118e-09
93 2.18118e-09
94 2.18118e-09
95 2.18118e-09
96 2.18118e-09
97 2.18118e-09
98 2.18118e-09
99 2.18118e-09
100 2.18118e-09
101 2.18118e-09
102 2.18118e-09
103 2.18118e-09
104 2.18118e-09
105 2.18118e-09
106 2.18118e-09
107 2.18118e-09
108 2.18118e-09
109 2.18118e-09
110 2.18118e-09
111 2.18118e-09
112 2.18118e-09
113 2.18118e-09
114 2.18118e-09
115 2.18118e-09
116 2.18118e-09
117 2.18118e-09
118 2.18118e-09
119 2.18118e-09
120 2.18118e-09
121 2.18118e-09
122 2.18118e-09
123 2.18118e-09
124 2.18118e-09
125 2.18118e-09
126 2.18118e-09
127 2.18118e-09
128 2.18118e-09
129 2.18118e-09
130 2.18118e-09
131 2.18118e-09
132 2.18118e-09
133 2.18118e-09
134 2.18118e-09
135 2.18118e-09
136 2.18118e-09
137 2.18118e-09
138 2.18118e-09
139 2.18118e-09
140 2.18118e-09
141 2.18118e-09
142 2.18118e-09
143 2.18118e-09
144 2.18118e-09
145 2.18118e-09
146 2.18118e-09
147 2.18118e-09
148 2.18118e-09
149 2.18118e-09
150 2.18118e-09
151 2.18118e-09
152 2.18118e-09
153 2.18118e-09
154 2.18118e-09
155 2.18118e-09
156 2.18118e-09
157 2.18118e-09
158 2.18118e-09
159 2.18118e-09
160 2.18118e-09
161 2.18118e-09
162 2.18118e-09
163 2.18118e-09
164 2.18118e-09
165 2.18118e-09
166 2.18118e-09
167 2.18118e-09
168 2.18118e-09
169 2.18118e-09
170 2.18118e-09
171 2.18118e-09
172 2.18118e-09
173 2.18118e-09
174 2.18118e-09
175 2.18118e-09
176 2.18118e-09
177 2.18118e-09
178 2.18118e-09
179 2.18118e-09
180 2.18118e-09
181 2.18118e-09
182 2.18118e-09
183 2.18118e-09
184 2.18118e-09
185 2.18118e-09
186 2.18118e-09
187 2.18118e-09
188 2.18118e-09
189 2.18118e-09
190 2.18118e-09
191 2.18118e-09
192 2.18118e-09
193 2.18118e-09
194 2.18118e-09
195 2.18118e-09
196 2.18118e-09
197 2.18118e-09
198 2.18118e-09
199 2.18118e-09
200 2.18118e-09
201 2.18118e-09
202 2.18118e-09
203 2.18118e-09
204 2.18118e-09
205 2.18118e-09
206 2.18118e-09
207 2.18118e-09
208 2.18118e-09
209 2.18118e-09
210 2.18118e-09
211 2.18118e-09
212 2.18118e-09
213 2.18118e-09
214 2.18118e-09
215 2.18118e-09
216 2.18118e-09
217 2.18118e-09
218 2.18118e-09
219 2.18118e-09
220 2.18118e-09
221 2.18118e-09
222 2.18118e-09
223 2.18118e-09
224 2.18118e-09
225 2.18118e-09
226 2.18118e-09
227 2.18118e-09
228 2.18118e-09
229 2.18118e-09
230 2.18118e-09
231 2.18118e-09
232 2.18118e-09
233 2.18118e-09
234 2.74489e-09
235 5.75926e-09
236 1.58987e-08
237 4.69589e-08
238 1.40051e-07
239 4.1069e-07
240 1.1795e-06
241 3.31898e-06
242 9.17115e-06
243 2.50062e-05
244 6.77934e-05
245 0.000184712
246 0.00051241
247 0.00146571
248 0.00435885
249 0.0134867
250 0.0431362
251 0.141189
252 0.201012
253 0.237646
254 0.260117
255 0.273919
256 0.28241
257 0.311006
258 0.328585
259 0.387385
260 0.422976
261 0.44418
262 0.456502
263 0.463239
264 0.484542
265 0.495304
266 0.528185
267 0.543429
268 0.546335
269 0.565706
270 0.621767
271 0.76627
272 0.830235
273 0.855301
274 0.923522
275 0.949853
276 0.954836
277 0.944855
278 0.917969
279 0.865358
280 0.849498
281 0.819652
282 0.768062
283 0.752566
284 0.748347
285 0.740651
286 0.727739
287 0.706071
288 0.668741
289 0.601664
290 0.47486
291 0.428832
292 0.334005
293 0.297582
294 0.220869
295 0.191653
296 0.180748
297 0.159056
298 0.117132
299 0.0384994
300 0.0123246
301 0.00385389
302 0.00118183
303 0.00035716
304 0.000106952
305 3.19048e-05
306 9.52265e-06
307 2.85097e-06
308 8.56567e-07
309 2.57941e-07
310 7.77893e-08
311 2.3594e-08
312 7.53187e-09
313 3.22621e-09
314 2.2864e-09
315 2.18118e-09
316 2.18118e-09
317 2.18118e-09
318 2.18118e-09
319 2.18118e-09
320 2.18118e-09
321 2.18118e-09
322 2.18118e-09
323 2.18118e-09
324 2.18118e-09
325 2.18118e-09
326 2.18118e-09
327 2.18118e-09
328 2.18118e-09
329 2.18118e-09
330 2.18118e-09
331 2.18118e-09
332 2.18118e-09
333 2.18118e-09
334 2.18118e-09
335 2.18118e-09
336 2.18118e-09
337 2.18118e-09
338 2.18118e-09
339 2.18118e-09
340 2.18118e-09
341 2.18118e-09
342 2.18118e-09
343 2.18118e-09
344 2.18118e-09
345 2.18118e-09
346 2.18118e-09
347 2.18118e-09
348 2.18118e-09
349 2.18118e-09
350 2.18118e-09
351 2.18118e-09
352 2.18118e-09
353 2.18118e-09
354 2.18118e-09
355 2.18118e-09
356 2.18118e-09
357 2.18118e-09
358 2.18118e-09
359 2.18118e-09
360 2.18118e-09
361 2.18118e-09
362 2.18118e-09
363 2.18118e-09
364 2.18118e-09
365 2.18118e-09
366 2.18118e-09
367 2.18118e-09
368 2.18118e-09
369 2.18118e-09
370 2.18118e-09
371 2.18118e-09
372 2.18118e-09
373 2.18118e-09
374 2.18118e-09
375 2.18118e-09
376 2.18118e-09
377 2.18118e-09
378 2.18118e-09
379 2.18118e-09
380 2.18118e-09
381 2.18118e-09
382 2.18118e-09
383 2.18118e-09
384 2.18118e-09
385 2.18118e-09
386 2.18118e-09
387 2.18118e-09
388 2.18118e-09
389 2.18118e-09
390 2.18118e-09
391 2.18118e-09
392 2.18118e-09
393 2.18118e-09
394 2.18118e-09
395 2.18118e-09
396 2.18118e-09
397 2.18118e-09
398 2.18118e-09
399 2.18118e-09
400 2.18118e-09
401 2.18118e-09
402 2.18118e-09
403 2.18118e-09
404 2.18118e-09
405 2.18118e-09
406 2.18118e-09
407 2.18118e-09
408 2.18118e-09
409 2.18118e-09
410 2.18118e-09
411 2.18118e-09
412 2.18118e-09
413 2.18118e-09
414 2.18118e-09
415 2.18118e-09
416 2.18118e-09
417 2.18118e-09
418 2.18118e-09
419 2.18118e-09
420 2.18118e-09
421 2.18118e-09
422 2.18118e-09
423 2.18118e-09
424 2.18118e-09
425 2.18118e-09
426 2.18118e-09
427 2.18118e-09
428 2.18118e-09
429 2.18118e-09
430 2.18118e-09
431 2.18118e-09
432 2.18118e-09
433 2.18118e-09
434 2.18118e-09
435 2.18118e-09
436 2.18118e-09
437 2.18118e-09
438 2.18118e-09
439 2.18118e-09
440 2.18118e-09
441 2.18118e-09
442 2.18118e-09
443 2.18118e-09
444 2.18118e-09
445 2.18118e-09
446 2.18118e-09
447 2.18118e-09
448 2.18118e-09
449 2.18118e-09
450 2.18118e-09
451 2.18118e-09
452 2.18118e-09
453 2.18118e-09
454 2.18118e-09
455 2.18118e-09
456 2.18118e-09
457 2.18118e-09
458 2.18118e-09
459 2.18118e-09
460 2.18118e-09
461 2.18118e-09
462 2.18118e-09
463 2.18118e-09
464 2.18118e-09
465 2.18118e-09
466 2.18118e-09
467 2.18118e-09
468 2.18118e-09
469 2.18118e-09
470 2.18118e-09
471 2.18118e-09
472 2.18118e-09
473 2.18118e-09
474 2.18118e-09
475 2.18118e-09
476 2.18118e-09
477 2.18118e-09
478 2.18118e-09
479 2.18118e-09
480 2.18118e-09
481 2.18118e-09
482 2.18118e-09
483 2.18118e-09
484 2.18118e-09
485 2.18118e-09
486 2.18118e-09
487 2.18118e-09
488 2.18118e-09
489 2.18118e-09
490 2.18118e-09
491 2.18118e-09
492 2.18118e-09
493 2.18118e-09
494 2.18118e-09
495 2.18118e-09
496 2.18118e-09
497 2.18118e-09
498 2.18118e-09
499 2.18118e-09
500 2.18118e-09
501 2.18118e-09
502 2.18118e-09
503 2.18118e-09
504 2.18118e-09
505 2.18118e-09
506 2.18118e-09
507 2.18118e-09
508 2.18118e-09
509 2.18118e-09
510 2.18118e-09
511 2.18118e-09
512 2.18118e-09
513 2.18118e-09
514 2.18118e-09
515 2.18118e-09
516 2.18118e-09
517 2.18118e-09
518 2.18118e-09
519 2.18118e-09
520 2.18118e-09
521 2.18118e-09
522 2.18118e-09
523 2.18118e-09
524 2.18118e-09
525 2.18118e-09
526 2.18118e-09
527 2.18118e-09
528 2.18118e-09
529 2.18118e-09
530 2.18118e-09
531 2.18118e-09
532 2.18118e-09
533 2.18118e-09
534 2.18118e-09
535 2.18118e-09
536 2.18118e-09
537 2.18118e-09
538 2.18118e-09
539 2.18118e-09
540 2.18118e-09
541 2.18118e-09
542 2.18118e-09
543 2.18118e-09
544 2.18118e-09
545 2.18118e-09
546 2.18118e-09
547 2.18118e-09
548 2.18118e-09
549 2.18118e-09
550 2.18118e-09
551 2.18118e-09
552 2.18118e-09
