1 2.25526e-09
2 2.25526e-09
3 2.25526e-09
4 2.25526e-09
5 2.25526e-09
6 2.25526e-09
7 2.25526e-09
8 2.25526e-09
9 2.25526e-09
10 2.25526e-09
11 2.25526e-09
12 2.25526e-09
13 2.25526e-09
14 2.25526e-09
15 2.25526e-09
16 2.25526e-09
17 2.25526e-09
18 2.25526e-09
19 2.25526e-09
20 2.25526e-09
21 2.25526e-09
22 2.25526e-09
23 2.25526e-09
24 2.25526e-09
25 2.25526e-09
26 2.25526e-09
27 2.25526e-09
28 2.25526e-09
29 2.25526e-09
30 2.25526e-09
31 2.25526e-09
32 2.25526e-09
33 2.25526e-09
34 2.25526e-09
35 2.25526e-09
36 2.25526e-09
37 2.25526e-09
38 2.25526e-09
39 2.25526e-09
40 2.25526e-09
41 2.25526e-09
42 2.25526e-09
43 2.25526e-09
44 2.25526e-09
45 2.25526e-09
46 2.25526e-09
47 2.25526e-09
48 2.25526e-09
49 2.25526e-09
50 2.25526e-09
51 2.25526e-09
52 2.25526e-09
53 2.25526e-09
54 2.25526e-09
55 2.25526e-09
56 2.25526e-09
57 2.25526e-09
58 2.25526e-09
59 2.25526e-09
60 2.25526e-09
61 2.25526e-09
62 2.25526e-09
63 2.25526e-09
64 2.25526e-09
65 2.25526e-09
66 2.25526e-09
67 2.25526e-09
68 2.25526e-09
69 2.25526e-09
70 2.25526e-09
71 2.25526e-09
72 2.25526e-09
73 2.25526e-09
74 2.25526e-09
75 2.25526e-09
76 2.25526e-09
77 2.25526e-09
78 2.25526e-09
79 2.25526e-09
80 2.25526e-09
81 2.25526e-09
82 2.25526e-09
83 2.25526e-09
84 2.25526e-09
85 2.25526e-09
86 2.25526e-09
87 2.25526e-09
88 2.25526e-09
89 2.25526e-09
90 2.25526e-09
91 2.25526e-09
92 2.25526e-09
93 2.25526e-09
94 2.25526e-09
95 2.25526e-09
96 2.25526e-09
97 2.25526e-09
98 2.25526e-09
99 2.25526e-09
100 2.25526e-09
101 2.25526e-09
102 2.25526e-09
103 2.25526e-09
104 2.25526e-09
105 2.25526e-09
106 2.25526e-09
107 2.25526e-09
108 2.25526e-09
109 2.25526e-09
110 2.25526e-09
111 2.25526e-09
112 2.25526e-09
113 2.25526e-09
114 2.25526e-09
115 2.25526e-09
116 2.25526e-09
117 2.25526e-09
118 2.25526e-09
119 2.25526e-09
120 2.25526e-09
121 2.25526e-09
122 2.25526e-09
123 2.25526e-09
124 2.25526e-09
125 2.25526e-09
126 2.25526e-09
127 2.25526e-09
128 2.25526e-09
129 2.25526e-09
130 2.25526e-09
131 2.25526e-09
132 2.25526e-09
133 2.25526e-09
134 2.25526e-09
135 2.25526e-09
136 2.25526e-09
137 2.25526e-09
138 2.25526e-09
139 2.25526e-09
140 2.25526e-09
141 2.25526e-09
142 2.25526e-09
143 2.25526e-09
144 2.25526e-09
145 2.25526e-09
146 2.25526e-09
147 2.25526e-09
148 2.25526e-09
149 2.25526e-09
150 2.25526e-09
151 2.25526e-09
152 2.25526e-09
153 2.25526e-09
154 2.25526e-09
155 2.25526e-09
156 2.25526e-09
157 2.25526e-09
158 2.25526e-09
159 2.25526e-09
160 2.25526e-09
161 2.25526e-09
162 2.25526e-09
163 2.25526e-09
164 2.25526e-09
165 2.25526e-09
166 2.25526e-09
167 2.25526e-09
168 2.25526e-09
169 2.25526e-09
170 2.25526e-09
171 2.25526e-09
172 2.25526e-09
173 2.25526e-09
174 2.25526e-09
175 2.25526e-09
176 2.25526e-09
177 2.25526e-09
178 2.25526e-09
179 2.25526e-09
180 2.25526e-09
181 2.25526e-09
182 2.25526e-09
183 2.25526e-09
184 2.25526e-09
185 2.25526e-09
186 2.25526e-09
187 2.25526e-09
188 2.25526e-09
189 2.25526e-09
190 2.25526e-09
191 2.25526e-09
192 2.25526e-09
193 2.25526e-09
194 2.25526e-09
195 2.25526e-09
196 2.25526e-09
197 2.25526e-09
198 2.25526e-09
199 2.25526e-09
200 2.25526e-09
201 2.25526e-09
202 2.25526e-09
203 2.25526e-09
204 2.25526e-09
205 2.25526e-09
206 2.25526e-09
207 2.25526e-09
208 2.25526e-09
209 2.25526e-09
210 2.25526e-09
211 2.25526e-09
212 2.25526e-09
213 2.25526e-09
214 2.25526e-09
215 2.25526e-09
216 2.25526e-09
217 2.25526e-09
218 2.25526e-09
219 2.25526e-09
220 2.25526e-09
221 2.25526e-09
222 2.25526e-09
223 2.25526e-09
224 2.25526e-09
225 2.25526e-09
226 2.25526e-09
227 2.25526e-09
228 2.25526e-09
229 2.25526e-09
230 2.25526e-09
231 2.25526e-09
232 2.25526e-09
233 2.25526e-09
234 2.25526e-09
235 3.90443e-09
236 1.31532e-08
237 4.94402e-08
238 1.75518e-07
239 6.03477e-07
240 2.04074e-06
241 6.84538e-06
242 2.2808e-05
243 7.53707e-05
244 0.000246334
245 0.000793756
246 0.00251409
247 0.00780688
248 0.023718
249 0.0703952
250 0.203937
251 0.576514
252 0.761936
253 0.852058
254 0.894893
255 0.914833
256 0.923936
257 0.946255
258 0.956082
259 0.979317
260 0.989166
261 0.993251
262 0.994904
263 0.995554
264 0.996911
265 0.99741
266 0.998381
267 0.998712
268 0.998819
269 0.999004
270 0.999307
271 0.999779
272 0.999907
273 0.99994
274 0.999985
275 0.999994
276 0.999988
277 0.999956
278 0.999829
279 0.999363
280 0.999066
281 0.998077
282 0.994947
283 0.99322
284 0.992312
285 0.989815
286 0.983257
287 0.966776
288 0.927093
289 0.835417
290 0.631907
291 0.552414
292 0.388668
293 0.329097
294 0.214354
295 0.175147
296 0.162115
297 0.139
298 0.0988694
299 0.0304097
300 0.00932795
301 0.00287895
302 0.000903586
303 0.000291591
304 9.75829e-05
305 3.39621e-05
306 1.22363e-05
307 4.51556e-06
308 1.68389e-06
309 6.25538e-07
310 2.28129e-07
311 8.07519e-08
312 2.77087e-08
313 9.65745e-09
314 3.63525e-09
315 2.25526e-09
316 2.25526e-09
317 2.25526e-09
318 2.25526e-09
319 2.25526e-09
320 2.25526e-09
321 2.25526e-09
322 2.25526e-09
323 2.25526e-09
324 2.25526e-09
325 2.25526e-09
326 2.25526e-09
327 2.25526e-09
328 2.25526e-09
329 2.25526e-09
330 2.25526e-09
331 2.25526e-09
332 2.25526e-09
333 2.25526e-09
334 2.25526e-09
335 2.25526e-09
336 2.25526e-09
337 2.25526e-09
338 2.25526e-09
339 2.25526e-09
340 2.25526e-09
341 2.25526e-09
342 2.25526e-09
343 2.25526e-09
344 2.25526e-09
345 2.25526e-09
346 2.25526e-09
347 2.25526e-09
348 2.25526e-09
349 2.25526e-09
350 2.25526e-09
351 2.25526e-09
352 2.25526e-09
353 2.25526e-09
354 2.25526e-09
355 2.25526e-09
356 2.25526e-09
357 2.25526e-09
358 2.25526e-09
359 2.25526e-09
360 2.25526e-09
361 2.25526e-09
362 2.25526e-09
363 2.25526e-09
364 2.25526e-09
365 2.25526e-09
366 2.25526e-09
367 2.25526e-09
368 2.25526e-09
369 2.25526e-09
370 2.25526e-09
371 2.25526e-09
372 2.25526e-09
373 2.25526e-09
374 2.25526e-09
375 2.25526e-09
376 2.25526e-09
377 2.25526e-09
378 2.25526e-09
379 2.25526e-09
380 2.25526e-09
381 2.25526e-09
382 2.25526e-09
383 2.25526e-09
384 2.25526e-09
385 2.25526e-09
386 2.25526e-09
387 2.25526e-09
388 2.25526e-09
389 2.25526e-09
390 2.25526e-09
391 2.25526e-09
392 2.25526e-09
393 2.25526e-09
394 2.25526e-09
395 2.25526e-09
396 2.25526e-09
397 2.25526e-09
398 2.25526e-09
399 2.25526e-09
400 2.25526e-09
401 2.25526e-09
402 2.25526e-09
403 2.25526e-09
404 2.25526e-09
405 2.25526e-09
406 2.25526e-09
407 2.25526e-09
408 2.25526e-09
409 2.25526e-09
410 2.25526e-09
411 2.25526e-09
412 2.25526e-09
413 2.25526e-09
414 2.25526e-09
415 2.25526e-09
416 2.25526e-09
417 2.25526e-09
418 2.25526e-09
419 2.25526e-09
420 2.25526e-09
421 2.25526e-09
422 2.25526e-09
423 2.25526e-09
424 2.25526e-09
425 2.25526e-09
426 2.25526e-09
427 2.25526e-09
428 2.25526e-09
429 2.25526e-09
430 2.25526e-09
431 2.25526e-09
432 2.25526e-09
433 2.25526e-09
434 2.25526e-09
435 2.25526e-09
436 2.25526e-09
437 2.25526e-09
438 2.25526e-09
439 2.25526e-09
440 2.25526e-09
441 2.25526e-09
442 2.25526e-09
443 2.25526e-09
444 2.25526e-09
445 2.25526e-09
446 2.25526e-09
447 2.25526e-09
448 2.25526e-09
449 2.25526e-09
450 2.25526e-09
451 2.25526e-09
452 2.25526e-09
453 2.25526e-09
454 2.25526e-09
455 2.25526e-09
456 2.25526e-09
457 2.25526e-09
458 2.25526e-09
459 2.25526e-09
460 2.25526e-09
461 2.25526e-09
462 2.25526e-09
463 2.25526e-09
464 2.25526e-09
465 2.25526e-09
466 2.25526e-09
467 2.25526e-09
468 2.25526e-09
469 2.25526e-09
470 2.25526e-09
471 2.25526e-09
472 2.25526e-09
473 2.25526e-09
474 2.25526e-09
475 2.25526e-09
476 2.25526e-09
477 2.25526e-09
478 2.25526e-09
479 2.25526e-09
480 2.25526e-09
481 2.25526e-09
482 2.25526e-09
483 2.25526e-09
484 2.25526e-09
485 2.25526e-09
486 2.25526e-09
487 2.25526e-09
488 2.25526e-09
489 2.25526e-09
490 2.25526e-09
491 2.25526e-09
492 2.25526e-09
493 2.25526e-09
494 2.25526e-09
495 2.25526e-09
496 2.25526e-09
497 2.25526e-09
498 2.25526e-09
499 2.25526e-09
500 2.25526e-09
501 2.25526e-09
502 2.25526e-09
503 2.25526e-09
504 2.25526e-09
505 2.25526e-09
506 2.25526e-09
507 2.25526e-09
508 2.25526e-09
509 2.25526e-09
510 2.25526e-09
511 2.25526e-09
512 2.25526e-09
513 2.25526e-09
514 2.25526e-09
515 2.25526e-09
516 2.25526e-09
517 2.25526e-09
518 2.25526e-09
519 2.25526e-09
520 2.25526e-09
521 2.25526e-09
522 2.25526e-09
523 2.25526e-09
524 2.25526e-09
525 2.25526e-09
526 2.25526e-09
527 2.25526e-09
528 2.25526e-09
529 2.25526e-09
530 2.25526e-09
531 2.25526e-09
532 2.25526e-09
533 2.25526e-09
534 2.25526e-09
535 2.25526e-09
536 2.25526e-09
537 2.25526e-09
538 2.25526e-09
539 2.25526e-09
540 2.25526e-09
541 2.25526e-09
542 2.25526e-09
543 2.25526e-09
544 2.25526e-09
545 2.25526e-09
546 2.25526e-09
547 2.25526e-09
548 2.25526e-09
549 2.25526e-09
550 2.25526e-09
551 2.25526e-09
552 2.25526e-09
