1 2.69292e-07
2 2.69292e-07
3 2.69292e-07
4 2.69292e-07
5 2.69292e-07
6 2.69292e-07
7 2.69292e-07
8 2.69292e-07
9 2.69292e-07
10 2.69292e-07
11 2.69292e-07
12 2.69292e-07
13 2.69292e-07
14 2.69292e-07
15 2.69292e-07
16 2.69292e-07
17 2.69292e-07
18 2.69292e-07
19 2.69292e-07
20 2.69292e-07
21 2.69292e-07
22 2.69292e-07
23 2.69292e-07
24 2.69292e-07
25 2.69292e-07
26 2.69292e-07
27 2.69292e-07
28 2.69292e-07
29 2.69292e-07
30 2.69292e-07
31 2.69292e-07
32 2.69292e-07
33 2.69292e-07
34 2.69292e-07
35 2.69292e-07
36 2.69292e-07
37 2.69292e-07
38 2.69292e-07
39 2.69292e-07
40 2.69292e-07
41 2.69292e-07
42 2.69292e-07
43 2.69292e-07
44 2.69292e-07
45 2.69292e-07
46 2.69292e-07
47 2.69292e-07
48 2.69292e-07
49 2.69292e-07
50 2.69292e-07
51 2.69292e-07
52 2.69292e-07
53 2.69292e-07
54 2.69292e-07
55 2.69292e-07
56 2.69292e-07
57 2.69292e-07
58 2.69292e-07
59 2.69292e-07
60 2.69292e-07
61 2.69292e-07
62 2.69292e-07
63 2.69292e-07
64 2.69292e-07
65 2.69292e-07
66 2.69292e-07
67 2.69292e-07
68 2.69292e-07
69 2.69292e-07
70 2.69292e-07
71 2.69292e-07
72 2.69292e-07
73 2.69292e-07
74 2.69292e-07
75 2.69292e-07
76 2.69292e-07
77 2.69292e-07
78 2.69292e-07
79 2.69292e-07
80 2.69292e-07
81 2.69292e-07
82 2.69292e-07
83 2.69292e-07
84 2.69292e-07
85 2.69292e-07
86 2.69292e-07
87 2.69292e-07
88 2.69292e-07
89 2.69292e-07
90 2.69292e-07
91 2.69292e-07
92 2.69292e-07
93 2.69292e-07
94 2.69292e-07
95 2.69292e-07
96 2.69292e-07
97 2.69292e-07
98 2.69292e-07
99 2.69292e-07
100 2.69292e-07
101 2.69292e-07
102 2.69292e-07
103 2.69292e-07
104 2.69292e-07
105 2.69292e-07
106 2.69292e-07
107 2.69292e-07
108 2.69292e-07
109 2.69292e-07
110 2.69292e-07
111 2.69292e-07
112 2.69292e-07
113 2.69292e-07
114 2.69292e-07
115 2.69292e-07
116 2.69292e-07
117 2.69292e-07
118 2.69292e-07
119 2.69292e-07
120 2.69292e-07
121 2.69292e-07
122 2.69292e-07
123 2.69292e-07
124 2.69292e-07
125 2.69292e-07
126 2.69292e-07
127 2.69292e-07
128 2.69292e-07
129 2.69292e-07
130 2.69292e-07
131 2.69292e-07
132 2.69292e-07
133 2.69292e-07
134 2.69292e-07
135 2.69292e-07
136 2.69292e-07
137 2.69292e-07
138 2.69292e-07
139 2.69292e-07
140 2.69292e-07
141 2.69292e-07
142 2.69292e-07
143 2.69292e-07
144 2.69292e-07
145 2.69292e-07
146 2.69292e-07
147 2.69292e-07
148 2.69292e-07
149 2.69292e-07
150 2.69292e-07
151 2.69292e-07
152 2.69292e-07
153 2.69292e-07
154 2.69292e-07
155 2.69292e-07
156 2.69292e-07
157 2.69292e-07
158 2.69292e-07
159 2.69292e-07
160 2.69292e-07
161 2.69292e-07
162 2.69292e-07
163 2.69292e-07
164 2.69292e-07
165 2.69292e-07
166 2.69292e-07
167 2.69292e-07
168 2.69292e-07
169 2.69292e-07
170 2.69292e-07
171 2.69292e-07
172 2.69292e-07
173 2.69292e-07
174 2.69292e-07
175 2.69292e-07
176 2.69292e-07
177 2.69292e-07
178 2.69292e-07
179 2.69292e-07
180 2.69292e-07
181 2.69292e-07
182 2.69292e-07
183 2.69292e-07
184 2.69292e-07
185 2.69292e-07
186 2.69292e-07
187 2.69292e-07
188 2.69292e-07
189 2.69292e-07
190 2.69292e-07
191 2.69292e-07
192 2.69292e-07
193 2.69292e-07
194 2.69292e-07
195 2.69292e-07
196 2.69292e-07
197 2.69292e-07
198 2.69292e-07
199 2.69292e-07
200 2.69292e-07
201 2.69292e-07
202 2.69292e-07
203 2.69292e-07
204 2.69292e-07
205 2.69292e-07
206 2.69292e-07
207 2.69292e-07
208 2.69292e-07
209 2.69292e-07
210 2.69292e-07
211 2.69292e-07
212 2.69292e-07
213 2.69292e-07
214 2.69292e-07
215 2.69292e-07
216 2.69292e-07
217 2.69292e-07
218 2.69292e-07
219 2.69292e-07
220 2.69292e-07
221 2.69292e-07
222 2.69292e-07
223 2.69292e-07
224 2.69292e-07
225 2.69292e-07
226 2.69292e-07
227 2.69292e-07
228 2.69292e-07
229 2.69292e-07
230 2.69292e-07
231 2.69292e-07
232 2.69292e-07
233 2.69292e-07
234 2.69292e-07
235 2.69292e-07
236 2.69292e-07
237 2.69292e-07
238 2.69292e-07
239 2.73349e-07
240 3.29849e-07
241 5.5465e-07
242 1.32225e-06
243 3.85109e-06
244 1.20562e-05
245 3.8227e-05
246 0.000120117
247 0.000370976
248 0.00112175
249 0.00331369
250 0.00955316
251 0.0268858
252 0.0355005
253 0.0397128
254 0.0417517
255 0.0427178
256 0.0430859
257 0.0444388
258 0.0449542
259 0.0472865
260 0.0483331
261 0.0480683
262 0.0456687
263 0.0389348
264 0.0371278
265 0.0314803
266 0.0314227
267 0.0281688
268 0.0202078
269 0.0202696
270 0.029412
271 0.0625581
272 0.081935
273 0.0926362
274 0.127866
275 0.146825
276 0.156399
277 0.160548
278 0.161286
279 0.159184
280 0.161207
281 0.160294
282 0.155937
283 0.155572
284 0.158636
285 0.158656
286 0.156008
287 0.149642
288 0.136954
289 0.113186
290 0.0703553
291 0.05672
292 0.0335425
293 0.0265244
294 0.0150435
295 0.0116502
296 0.010654
297 0.00902111
298 0.00634163
299 0.00191818
300 0.000578958
301 0.000174096
302 5.22997e-05
303 1.58522e-05
304 4.96078e-06
305 1.68507e-06
306 6.84225e-07
307 3.77894e-07
308 2.88076e-07
309 2.72568e-07
310 2.69292e-07
311 2.69292e-07
312 2.69292e-07
313 2.69292e-07
314 2.69292e-07
315 2.69292e-07
316 2.69292e-07
317 2.69292e-07
318 2.69292e-07
319 2.69292e-07
320 2.69292e-07
321 2.69292e-07
322 2.69292e-07
323 2.69292e-07
324 2.69292e-07
325 2.69292e-07
326 2.69292e-07
327 2.69292e-07
328 2.69292e-07
329 2.69292e-07
330 2.69292e-07
331 2.69292e-07
332 2.69292e-07
333 2.69292e-07
334 2.69292e-07
335 2.69292e-07
336 2.69292e-07
337 2.69292e-07
338 2.69292e-07
339 2.69292e-07
340 2.69292e-07
341 2.69292e-07
342 2.69292e-07
343 2.69292e-07
344 2.69292e-07
345 2.69292e-07
346 2.69292e-07
347 2.69292e-07
348 2.69292e-07
349 2.69292e-07
350 2.69292e-07
351 2.69292e-07
352 2.69292e-07
353 2.69292e-07
354 2.69292e-07
355 2.69292e-07
356 2.69292e-07
357 2.69292e-07
358 2.69292e-07
359 2.69292e-07
360 2.69292e-07
361 2.69292e-07
362 2.69292e-07
363 2.69292e-07
364 2.69292e-07
365 2.69292e-07
366 2.69292e-07
367 2.69292e-07
368 2.69292e-07
369 2.69292e-07
370 2.69292e-07
371 2.69292e-07
372 2.69292e-07
373 2.69292e-07
374 2.69292e-07
375 2.69292e-07
376 2.69292e-07
377 2.69292e-07
378 2.69292e-07
379 2.69292e-07
380 2.69292e-07
381 2.69292e-07
382 2.69292e-07
383 2.69292e-07
384 2.69292e-07
385 2.69292e-07
386 2.69292e-07
387 2.69292e-07
388 2.69292e-07
389 2.69292e-07
390 2.69292e-07
391 2.69292e-07
392 2.69292e-07
393 2.69292e-07
394 2.69292e-07
395 2.69292e-07
396 2.69292e-07
397 2.69292e-07
398 2.69292e-07
399 2.69292e-07
400 2.69292e-07
401 2.69292e-07
402 2.69292e-07
403 2.69292e-07
404 2.69292e-07
405 2.69292e-07
406 2.69292e-07
407 2.69292e-07
408 2.69292e-07
409 2.69292e-07
410 2.69292e-07
411 2.69292e-07
412 2.69292e-07
413 2.69292e-07
414 2.69292e-07
415 2.69292e-07
416 2.69292e-07
417 2.69292e-07
418 2.69292e-07
419 2.69292e-07
420 2.69292e-07
421 2.69292e-07
422 2.69292e-07
423 2.69292e-07
424 2.69292e-07
425 2.69292e-07
426 2.69292e-07
427 2.69292e-07
428 2.69292e-07
429 2.69292e-07
430 2.69292e-07
431 2.69292e-07
432 2.69292e-07
433 2.69292e-07
434 2.69292e-07
435 2.69292e-07
436 2.69292e-07
437 2.69292e-07
438 2.69292e-07
439 2.69292e-07
440 2.69292e-07
441 2.69292e-07
442 2.69292e-07
443 2.69292e-07
444 2.69292e-07
445 2.69292e-07
446 2.69292e-07
447 2.69292e-07
448 2.69292e-07
449 2.69292e-07
450 2.69292e-07
451 2.69292e-07
452 2.69292e-07
453 2.69292e-07
454 2.69292e-07
455 2.69292e-07
456 2.69292e-07
457 2.69292e-07
458 2.69292e-07
459 2.69292e-07
460 2.69292e-07
461 2.69292e-07
462 2.69292e-07
463 2.69292e-07
464 2.69292e-07
465 2.69292e-07
466 2.69292e-07
467 2.69292e-07
468 2.69292e-07
469 2.69292e-07
470 2.69292e-07
471 2.69292e-07
472 2.69292e-07
473 2.69292e-07
474 2.69292e-07
475 2.69292e-07
476 2.69292e-07
477 2.69292e-07
478 2.69292e-07
479 2.69292e-07
480 2.69292e-07
481 2.69292e-07
482 2.69292e-07
483 2.69292e-07
484 2.69292e-07
485 2.69292e-07
486 2.69292e-07
487 2.69292e-07
488 2.69292e-07
489 2.69292e-07
490 2.69292e-07
491 2.69292e-07
492 2.69292e-07
493 2.69292e-07
494 2.69292e-07
495 2.69292e-07
496 2.69292e-07
497 2.69292e-07
498 2.69292e-07
499 2.69292e-07
500 2.69292e-07
501 2.69292e-07
502 2.69292e-07
503 2.69292e-07
504 2.69292e-07
505 2.69292e-07
506 2.69292e-07
507 2.69292e-07
508 2.69292e-07
509 2.69292e-07
510 2.69292e-07
511 2.69292e-07
512 2.69292e-07
513 2.69292e-07
514 2.69292e-07
515 2.69292e-07
516 2.69292e-07
517 2.69292e-07
518 2.69292e-07
519 2.69292e-07
520 2.69292e-07
521 2.69292e-07
522 2.69292e-07
523 2.69292e-07
524 2.69292e-07
525 2.69292e-07
526 2.69292e-07
527 2.69292e-07
528 2.69292e-07
529 2.69292e-07
530 2.69292e-07
531 2.69292e-07
532 2.69292e-07
533 2.69292e-07
534 2.69292e-07
535 2.69292e-07
536 2.69292e-07
537 2.69292e-07
538 2.69292e-07
539 2.69292e-07
540 2.69292e-07
541 2.69292e-07
542 2.69292e-07
543 2.69292e-07
544 2.69292e-07
545 2.69292e-07
546 2.69292e-07
547 2.69292e-07
548 2.69292e-07
549 2.69292e-07
550 2.69292e-07
551 2.69292e-07
552 2.69292e-07
