1 2.25124e-08
2 2.25124e-08
3 2.25124e-08
4 2.25124e-08
5 2.25124e-08
6 2.25124e-08
7 2.25124e-08
8 2.25124e-08
9 2.25124e-08
10 2.25124e-08
11 2.25124e-08
12 2.25124e-08
13 2.25124e-08
14 2.25124e-08
15 2.25124e-08
16 2.25124e-08
17 2.25124e-08
18 2.25124e-08
19 2.25124e-08
20 2.25124e-08
21 2.25124e-08
22 2.25124e-08
23 2.25124e-08
24 2.25124e-08
25 2.25124e-08
26 2.25124e-08
27 2.25124e-08
28 2.25124e-08
29 2.25124e-08
30 2.25124e-08
31 2.25124e-08
32 2.25124e-08
33 2.25124e-08
34 2.25124e-08
35 2.25124e-08
36 2.25124e-08
37 2.25124e-08
38 2.25124e-08
39 2.25124e-08
40 2.25124e-08
41 2.25124e-08
42 2.25124e-08
43 2.25124e-08
44 2.25124e-08
45 2.25124e-08
46 2.25124e-08
47 2.25124e-08
48 2.25124e-08
49 2.25124e-08
50 2.25124e-08
51 2.25124e-08
52 2.25124e-08
53 2.25124e-08
54 2.25124e-08
55 2.25124e-08
56 2.25124e-08
57 2.25124e-08
58 2.25124e-08
59 2.25124e-08
60 2.25124e-08
61 2.25124e-08
62 2.25124e-08
63 2.25124e-08
64 2.25124e-08
65 2.25124e-08
66 2.25124e-08
67 2.25124e-08
68 2.25124e-08
69 2.25124e-08
70 2.25124e-08
71 2.25124e-08
72 2.25124e-08
73 2.25124e-08
74 2.25124e-08
75 2.25124e-08
76 2.25124e-08
77 2.25124e-08
78 2.25124e-08
79 2.25124e-08
80 2.25124e-08
81 2.25124e-08
82 2.25124e-08
83 2.25124e-08
84 2.25124e-08
85 2.25124e-08
86 2.25124e-08
87 2.25124e-08
88 2.25124e-08
89 2.25124e-08
90 2.25124e-08
91 2.25124e-08
92 2.25124e-08
93 2.25124e-08
94 2.25124e-08
95 2.25124e-08
96 2.25124e-08
97 2.25124e-08
98 2.25124e-08
99 2.25124e-08
100 2.25124e-08
101 2.25124e-08
102 2.25124e-08
103 2.25124e-08
104 2.25124e-08
105 2.25124e-08
106 2.25124e-08
107 2.25124e-08
108 2.25124e-08
109 2.25124e-08
110 2.25124e-08
111 2.25124e-08
112 2.25124e-08
113 2.25124e-08
114 2.25124e-08
115 2.25124e-08
116 2.25124e-08
117 2.25124e-08
118 2.25124e-08
119 2.25124e-08
120 2.25124e-08
121 2.25124e-08
122 2.25124e-08
123 2.25124e-08
124 2.25124e-08
125 2.25124e-08
126 2.25124e-08
127 2.25124e-08
128 2.25124e-08
129 2.25124e-08
130 2.25124e-08
131 2.25124e-08
132 2.25124e-08
133 2.25124e-08
134 2.25124e-08
135 2.25124e-08
136 2.25124e-08
137 2.25124e-08
138 2.25124e-08
139 2.25124e-08
140 2.25124e-08
141 2.25124e-08
142 2.25124e-08
143 2.25124e-08
144 2.25124e-08
145 2.25124e-08
146 2.25124e-08
147 2.25124e-08
148 2.25124e-08
149 2.25124e-08
150 2.25124e-08
151 2.25124e-08
152 2.25124e-08
153 2.25124e-08
154 2.25124e-08
155 2.25124e-08
156 2.25124e-08
157 2.25124e-08
158 2.25124e-08
159 2.25124e-08
160 2.25124e-08
161 2.25124e-08
162 2.25124e-08
163 2.25124e-08
164 2.25124e-08
165 2.25124e-08
166 2.25124e-08
167 2.25124e-08
168 2.25124e-08
169 2.25124e-08
170 2.25124e-08
171 2.25124e-08
172 2.25124e-08
173 2.25124e-08
174 2.25124e-08
175 2.25124e-08
176 2.25124e-08
177 2.25124e-08
178 2.25124e-08
179 2.25124e-08
180 2.25124e-08
181 2.25124e-08
182 2.25124e-08
183 2.25124e-08
184 2.25124e-08
185 2.25124e-08
186 2.25124e-08
187 2.25124e-08
188 2.25124e-08
189 2.25124e-08
190 2.25124e-08
191 2.25124e-08
192 2.25124e-08
193 2.25124e-08
194 2.25124e-08
195 2.25124e-08
196 2.25124e-08
197 2.25124e-08
198 2.25124e-08
199 2.25124e-08
200 2.25124e-08
201 2.25124e-08
202 2.25124e-08
203 2.25124e-08
204 2.25124e-08
205 2.25124e-08
206 2.25124e-08
207 2.25124e-08
208 2.25124e-08
209 2.25124e-08
210 2.25124e-08
211 2.25124e-08
212 2.25124e-08
213 2.25124e-08
214 2.25124e-08
215 2.25124e-08
216 2.25124e-08
217 2.25124e-08
218 2.25124e-08
219 2.25124e-08
220 2.25124e-08
221 2.25124e-08
222 2.25124e-08
223 2.25124e-08
224 2.25124e-08
225 2.25124e-08
226 2.29699e-08
227 2.67203e-08
228 4.07349e-08
229 8.03063e-08
230 1.85519e-07
231 4.57196e-07
232 1.14521e-06
233 2.85225e-06
234 7.01059e-06
235 1.69583e-05
236 4.03213e-05
237 9.41423e-05
238 0.000215596
239 0.000483626
240 0.00106097
241 0.00227238
242 0.00474327
243 0.00963275
244 0.019002
245 0.0363574
246 0.0673884
247 0.12087
248 0.209623
249 0.351311
250 0.568762
251 0.889451
252 0.972529
253 0.993211
254 0.998162
255 0.999303
256 0.999556
257 0.999853
258 0.999915
259 0.999983
260 0.999997
261 0.999999
262 1
263 1
264 1
265 1
266 1
267 1
268 1
269 1
270 1
271 1
272 1
273 1
274 1
275 1
276 1
277 1
278 1
279 1
280 1
281 1
282 1
283 1
284 1
285 1
286 0.999999
287 0.999997
288 0.999982
289 0.999905
290 0.999504
291 0.999131
292 0.997285
293 0.995661
294 0.988092
295 0.981865
296 0.976929
297 0.956335
298 0.873774
299 0.555916
300 0.341151
301 0.201875
302 0.115177
303 0.0633599
304 0.0336128
305 0.0172014
306 0.00849497
307 0.00405053
308 0.00186578
309 0.000830784
310 0.000357858
311 0.000149238
312 6.03101e-05
313 2.36434e-05
314 9.00412e-06
315 3.33836e-06
316 1.2105e-06
317 4.34511e-07
318 1.59509e-07
319 6.49003e-08
320 3.35407e-08
321 2.44923e-08
322 2.25124e-08
323 2.25124e-08
324 2.25124e-08
325 2.25124e-08
326 2.25124e-08
327 2.25124e-08
328 2.25124e-08
329 2.25124e-08
330 2.25124e-08
331 2.25124e-08
332 2.25124e-08
333 2.25124e-08
334 2.25124e-08
335 2.25124e-08
336 2.25124e-08
337 2.25124e-08
338 2.25124e-08
339 2.25124e-08
340 2.25124e-08
341 2.25124e-08
342 2.25124e-08
343 2.25124e-08
344 2.25124e-08
345 2.25124e-08
346 2.25124e-08
347 2.25124e-08
348 2.25124e-08
349 2.25124e-08
350 2.25124e-08
351 2.25124e-08
352 2.25124e-08
353 2.25124e-08
354 2.25124e-08
355 2.25124e-08
356 2.25124e-08
357 2.25124e-08
358 2.25124e-08
359 2.25124e-08
360 2.25124e-08
361 2.25124e-08
362 2.25124e-08
363 2.25124e-08
364 2.25124e-08
365 2.25124e-08
366 2.25124e-08
367 2.25124e-08
368 2.25124e-08
369 2.25124e-08
370 2.25124e-08
371 2.25124e-08
372 2.25124e-08
373 2.25124e-08
374 2.25124e-08
375 2.25124e-08
376 2.25124e-08
377 2.25124e-08
378 2.25124e-08
379 2.25124e-08
380 2.25124e-08
381 2.25124e-08
382 2.25124e-08
383 2.25124e-08
384 2.25124e-08
385 2.25124e-08
386 2.25124e-08
387 2.25124e-08
388 2.25124e-08
389 2.25124e-08
390 2.25124e-08
391 2.25124e-08
392 2.25124e-08
393 2.25124e-08
394 2.25124e-08
395 2.25124e-08
396 2.25124e-08
397 2.25124e-08
398 2.25124e-08
399 2.25124e-08
400 2.25124e-08
401 2.25124e-08
402 2.25124e-08
403 2.25124e-08
404 2.25124e-08
405 2.25124e-08
406 2.25124e-08
407 2.25124e-08
408 2.25124e-08
409 2.25124e-08
410 2.25124e-08
411 2.25124e-08
412 2.25124e-08
413 2.25124e-08
414 2.25124e-08
415 2.25124e-08
416 2.25124e-08
417 2.25124e-08
418 2.25124e-08
419 2.25124e-08
420 2.25124e-08
421 2.25124e-08
422 2.25124e-08
423 2.25124e-08
424 2.25124e-08
425 2.25124e-08
426 2.25124e-08
427 2.25124e-08
428 2.25124e-08
429 2.25124e-08
430 2.25124e-08
431 2.25124e-08
432 2.25124e-08
433 2.25124e-08
434 2.25124e-08
435 2.25124e-08
436 2.25124e-08
437 2.25124e-08
438 2.25124e-08
439 2.25124e-08
440 2.25124e-08
441 2.25124e-08
442 2.25124e-08
443 2.25124e-08
444 2.25124e-08
445 2.25124e-08
446 2.25124e-08
447 2.25124e-08
448 2.25124e-08
449 2.25124e-08
450 2.25124e-08
451 2.25124e-08
452 2.25124e-08
453 2.25124e-08
454 2.25124e-08
455 2.25124e-08
456 2.25124e-08
457 2.25124e-08
458 2.25124e-08
459 2.25124e-08
460 2.25124e-08
461 2.25124e-08
462 2.25124e-08
463 2.25124e-08
464 2.25124e-08
465 2.25124e-08
466 2.25124e-08
467 2.25124e-08
468 2.25124e-08
469 2.25124e-08
470 2.25124e-08
471 2.25124e-08
472 2.25124e-08
473 2.25124e-08
474 2.25124e-08
475 2.25124e-08
476 2.25124e-08
477 2.25124e-08
478 2.25124e-08
479 2.25124e-08
480 2.25124e-08
481 2.25124e-08
482 2.25124e-08
483 2.25124e-08
484 2.25124e-08
485 2.25124e-08
486 2.25124e-08
487 2.25124e-08
488 2.25124e-08
489 2.25124e-08
490 2.25124e-08
491 2.25124e-08
492 2.25124e-08
493 2.25124e-08
494 2.25124e-08
495 2.25124e-08
496 2.25124e-08
497 2.25124e-08
498 2.25124e-08
499 2.25124e-08
500 2.25124e-08
501 2.25124e-08
502 2.25124e-08
503 2.25124e-08
504 2.25124e-08
505 2.25124e-08
506 2.25124e-08
507 2.25124e-08
508 2.25124e-08
509 2.25124e-08
510 2.25124e-08
511 2.25124e-08
512 2.25124e-08
513 2.25124e-08
514 2.25124e-08
515 2.25124e-08
516 2.25124e-08
517 2.25124e-08
518 2.25124e-08
519 2.25124e-08
520 2.25124e-08
521 2.25124e-08
522 2.25124e-08
523 2.25124e-08
524 2.25124e-08
525 2.25124e-08
526 2.25124e-08
527 2.25124e-08
528 2.25124e-08
529 2.25124e-08
530 2.25124e-08
531 2.25124e-08
532 2.25124e-08
533 2.25124e-08
534 2.25124e-08
535 2.25124e-08
536 2.25124e-08
537 2.25124e-08
538 2.25124e-08
539 2.25124e-08
540 2.25124e-08
541 2.25124e-08
542 2.25124e-08
543 2.25124e-08
544 2.25124e-08
545 2.25124e-08
546 2.25124e-08
547 2.25124e-08
548 2.25124e-08
549 2.25124e-08
550 2.25124e-08
551 2.25124e-08
552 2.25124e-08
