1 2.94111e-07
2 2.94111e-07
3 2.94111e-07
4 2.94111e-07
5 2.94111e-07
6 2.94111e-07
7 2.94111e-07
8 2.94111e-07
9 2.94111e-07
10 2.94111e-07
11 2.94111e-07
12 2.94111e-07
13 2.94111e-07
14 2.94111e-07
15 2.94111e-07
16 2.94111e-07
17 2.94111e-07
18 2.94111e-07
19 2.94111e-07
20 2.94111e-07
21 2.94111e-07
22 2.94111e-07
23 2.94111e-07
24 2.94111e-07
25 2.94111e-07
26 2.94111e-07
27 2.94111e-07
28 2.94111e-07
29 2.94111e-07
30 2.94111e-07
31 2.94111e-07
32 2.94111e-07
33 2.94111e-07
34 2.94111e-07
35 2.94111e-07
36 2.94111e-07
37 2.94111e-07
38 2.94111e-07
39 2.94111e-07
40 2.94111e-07
41 2.94111e-07
42 2.94111e-07
43 2.94111e-07
44 2.94111e-07
45 2.94111e-07
46 2.94111e-07
47 2.94111e-07
48 2.94111e-07
49 2.94111e-07
50 2.94111e-07
51 2.94111e-07
52 2.94111e-07
53 2.94111e-07
54 2.94111e-07
55 2.94111e-07
56 2.94111e-07
57 2.94111e-07
58 2.94111e-07
59 2.94111e-07
60 2.94111e-07
61 2.94111e-07
62 2.94111e-07
63 2.94111e-07
64 2.94111e-07
65 2.94111e-07
66 2.94111e-07
67 2.94111e-07
68 2.94111e-07
69 2.94111e-07
70 2.94111e-07
71 2.94111e-07
72 2.94111e-07
73 2.94111e-07
74 2.94111e-07
75 2.94111e-07
76 2.94111e-07
77 2.94111e-07
78 2.94111e-07
79 2.94111e-07
80 2.94111e-07
81 2.94111e-07
82 2.94111e-07
83 2.94111e-07
84 2.94111e-07
85 2.94111e-07
86 2.94111e-07
87 2.94111e-07
88 2.94111e-07
89 2.94111e-07
90 2.94111e-07
91 2.94111e-07
92 2.94111e-07
93 2.94111e-07
94 2.94111e-07
95 2.94111e-07
96 2.94111e-07
97 2.94111e-07
98 2.94111e-07
99 2.94111e-07
100 2.94111e-07
101 2.94111e-07
102 2.94111e-07
103 2.94111e-07
104 2.94111e-07
105 2.94111e-07
106 2.94111e-07
107 2.94111e-07
108 2.94111e-07
109 2.94111e-07
110 2.94111e-07
111 2.94111e-07
112 2.94111e-07
113 2.94111e-07
114 2.94111e-07
115 2.94111e-07
116 2.94111e-07
117 2.94111e-07
118 2.94111e-07
119 2.94111e-07
120 2.94111e-07
121 2.94111e-07
122 2.94111e-07
123 2.94111e-07
124 2.94111e-07
125 2.94111e-07
126 2.94111e-07
127 2.94111e-07
128 2.94111e-07
129 2.94111e-07
130 2.94111e-07
131 2.94111e-07
132 2.94111e-07
133 2.94111e-07
134 2.94111e-07
135 2.94111e-07
136 2.94111e-07
137 2.94111e-07
138 2.94111e-07
139 2.94111e-07
140 2.94111e-07
141 2.94111e-07
142 2.94111e-07
143 2.94111e-07
144 2.94111e-07
145 2.94111e-07
146 2.94111e-07
147 2.94111e-07
148 2.94111e-07
149 2.94111e-07
150 2.94111e-07
151 2.94111e-07
152 2.94111e-07
153 2.94111e-07
154 2.94111e-07
155 2.94111e-07
156 2.94111e-07
157 2.94111e-07
158 2.94111e-07
159 2.94111e-07
160 2.94111e-07
161 2.94111e-07
162 2.94111e-07
163 2.94111e-07
164 2.94111e-07
165 2.94111e-07
166 2.94111e-07
167 2.94111e-07
168 2.94111e-07
169 2.94111e-07
170 2.94111e-07
171 2.94111e-07
172 2.94111e-07
173 2.94111e-07
174 2.94111e-07
175 2.94111e-07
176 2.94111e-07
177 2.94111e-07
178 2.94111e-07
179 2.94111e-07
180 2.94111e-07
181 2.94111e-07
182 2.94111e-07
183 2.94111e-07
184 2.94111e-07
185 2.94111e-07
186 2.94111e-07
187 2.94111e-07
188 2.94111e-07
189 2.94111e-07
190 2.94111e-07
191 2.94111e-07
192 2.94111e-07
193 2.94111e-07
194 2.94111e-07
195 2.94111e-07
196 2.94111e-07
197 2.94111e-07
198 2.94111e-07
199 2.94111e-07
200 2.94111e-07
201 2.94111e-07
202 2.94111e-07
203 2.94111e-07
204 2.94111e-07
205 2.94111e-07
206 2.94111e-07
207 2.94111e-07
208 2.94111e-07
209 2.94111e-07
210 2.94111e-07
211 2.94111e-07
212 2.94111e-07
213 2.94111e-07
214 2.94111e-07
215 2.94111e-07
216 2.94111e-07
217 2.94111e-07
218 2.94111e-07
219 2.94111e-07
220 2.94111e-07
221 2.94111e-07
222 2.94111e-07
223 2.94111e-07
224 2.94111e-07
225 2.94111e-07
226 2.94111e-07
227 2.94111e-07
228 2.94111e-07
229 2.94111e-07
230 2.94111e-07
231 2.94111e-07
232 2.94111e-07
233 2.94111e-07
234 2.94111e-07
235 2.94111e-07
236 2.94111e-07
237 2.94111e-07
238 2.94111e-07
239 3.12283e-07
240 4.06877e-07
241 7.44834e-07
242 1.8771e-06
243 5.58257e-06
244 1.75178e-05
245 5.52937e-05
246 0.000172445
247 0.000527794
248 0.00158017
249 0.0046197
250 0.0131821
251 0.0367461
252 0.0483743
253 0.0540407
254 0.0567914
255 0.0581162
256 0.0586661
257 0.0606012
258 0.0614292
259 0.0648911
260 0.066566
261 0.0664901
262 0.063649
263 0.0551819
264 0.0530545
265 0.0456956
266 0.045944
267 0.0416382
268 0.0305855
269 0.0308755
270 0.0444441
271 0.0931031
272 0.121239
273 0.136555
274 0.186409
275 0.212841
276 0.225955
277 0.231472
278 0.232268
279 0.229186
280 0.231773
281 0.230478
282 0.224668
283 0.224134
284 0.22802
285 0.227939
286 0.224302
287 0.215565
288 0.197955
289 0.164509
290 0.103392
291 0.0836689
292 0.0497605
293 0.0393908
294 0.0223237
295 0.0172607
296 0.0157709
297 0.0133412
298 0.00936984
299 0.00283296
300 0.00085605
301 0.000257846
302 7.74785e-05
303 2.33891e-05
304 7.22443e-06
305 2.38159e-06
306 9.16638e-07
307 4.70265e-07
308 3.32412e-07
309 2.98484e-07
310 2.94111e-07
311 2.94111e-07
312 2.94111e-07
313 2.94111e-07
314 2.94111e-07
315 2.94111e-07
316 2.94111e-07
317 2.94111e-07
318 2.94111e-07
319 2.94111e-07
320 2.94111e-07
321 2.94111e-07
322 2.94111e-07
323 2.94111e-07
324 2.94111e-07
325 2.94111e-07
326 2.94111e-07
327 2.94111e-07
328 2.94111e-07
329 2.94111e-07
330 2.94111e-07
331 2.94111e-07
332 2.94111e-07
333 2.94111e-07
334 2.94111e-07
335 2.94111e-07
336 2.94111e-07
337 2.94111e-07
338 2.94111e-07
339 2.94111e-07
340 2.94111e-07
341 2.94111e-07
342 2.94111e-07
343 2.94111e-07
344 2.94111e-07
345 2.94111e-07
346 2.94111e-07
347 2.94111e-07
348 2.94111e-07
349 2.94111e-07
350 2.94111e-07
351 2.94111e-07
352 2.94111e-07
353 2.94111e-07
354 2.94111e-07
355 2.94111e-07
356 2.94111e-07
357 2.94111e-07
358 2.94111e-07
359 2.94111e-07
360 2.94111e-07
361 2.94111e-07
362 2.94111e-07
363 2.94111e-07
364 2.94111e-07
365 2.94111e-07
366 2.94111e-07
367 2.94111e-07
368 2.94111e-07
369 2.94111e-07
370 2.94111e-07
371 2.94111e-07
372 2.94111e-07
373 2.94111e-07
374 2.94111e-07
375 2.94111e-07
376 2.94111e-07
377 2.94111e-07
378 2.94111e-07
379 2.94111e-07
380 2.94111e-07
381 2.94111e-07
382 2.94111e-07
383 2.94111e-07
384 2.94111e-07
385 2.94111e-07
386 2.94111e-07
387 2.94111e-07
388 2.94111e-07
389 2.94111e-07
390 2.94111e-07
391 2.94111e-07
392 2.94111e-07
393 2.94111e-07
394 2.94111e-07
395 2.94111e-07
396 2.94111e-07
397 2.94111e-07
398 2.94111e-07
399 2.94111e-07
400 2.94111e-07
401 2.94111e-07
402 2.94111e-07
403 2.94111e-07
404 2.94111e-07
405 2.94111e-07
406 2.94111e-07
407 2.94111e-07
408 2.94111e-07
409 2.94111e-07
410 2.94111e-07
411 2.94111e-07
412 2.94111e-07
413 2.94111e-07
414 2.94111e-07
415 2.94111e-07
416 2.94111e-07
417 2.94111e-07
418 2.94111e-07
419 2.94111e-07
420 2.94111e-07
421 2.94111e-07
422 2.94111e-07
423 2.94111e-07
424 2.94111e-07
425 2.94111e-07
426 2.94111e-07
427 2.94111e-07
428 2.94111e-07
429 2.94111e-07
430 2.94111e-07
431 2.94111e-07
432 2.94111e-07
433 2.94111e-07
434 2.94111e-07
435 2.94111e-07
436 2.94111e-07
437 2.94111e-07
438 2.94111e-07
439 2.94111e-07
440 2.94111e-07
441 2.94111e-07
442 2.94111e-07
443 2.94111e-07
444 2.94111e-07
445 2.94111e-07
446 2.94111e-07
447 2.94111e-07
448 2.94111e-07
449 2.94111e-07
450 2.94111e-07
451 2.94111e-07
452 2.94111e-07
453 2.94111e-07
454 2.94111e-07
455 2.94111e-07
456 2.94111e-07
457 2.94111e-07
458 2.94111e-07
459 2.94111e-07
460 2.94111e-07
461 2.94111e-07
462 2.94111e-07
463 2.94111e-07
464 2.94111e-07
465 2.94111e-07
466 2.94111e-07
467 2.94111e-07
468 2.94111e-07
469 2.94111e-07
470 2.94111e-07
471 2.94111e-07
472 2.94111e-07
473 2.94111e-07
474 2.94111e-07
475 2.94111e-07
476 2.94111e-07
477 2.94111e-07
478 2.94111e-07
479 2.94111e-07
480 2.94111e-07
481 2.94111e-07
482 2.94111e-07
483 2.94111e-07
484 2.94111e-07
485 2.94111e-07
486 2.94111e-07
487 2.94111e-07
488 2.94111e-07
489 2.94111e-07
490 2.94111e-07
491 2.94111e-07
492 2.94111e-07
493 2.94111e-07
494 2.94111e-07
495 2.94111e-07
496 2.94111e-07
497 2.94111e-07
498 2.94111e-07
499 2.94111e-07
500 2.94111e-07
501 2.94111e-07
502 2.94111e-07
503 2.94111e-07
504 2.94111e-07
505 2.94111e-07
506 2.94111e-07
507 2.94111e-07
508 2.94111e-07
509 2.94111e-07
510 2.94111e-07
511 2.94111e-07
512 2.94111e-07
513 2.94111e-07
514 2.94111e-07
515 2.94111e-07
516 2.94111e-07
517 2.94111e-07
518 2.94111e-07
519 2.94111e-07
520 2.94111e-07
521 2.94111e-07
522 2.94111e-07
523 2.94111e-07
524 2.94111e-07
525 2.94111e-07
526 2.94111e-07
527 2.94111e-07
528 2.94111e-07
529 2.94111e-07
530 2.94111e-07
531 2.94111e-07
532 2.94111e-07
533 2.94111e-07
534 2.94111e-07
535 2.94111e-07
536 2.94111e-07
537 2.94111e-07
538 2.94111e-07
539 2.94111e-07
540 2.94111e-07
541 2.94111e-07
542 2.94111e-07
543 2.94111e-07
544 2.94111e-07
545 2.94111e-07
546 2.94111e-07
547 2.94111e-07
548 2.94111e-07
549 2.94111e-07
550 2.94111e-07
551 2.94111e-07
552 2.94111e-07
