1 4.23636e-09
2 4.23636e-09
3 4.23636e-09
4 4.23636e-09
5 4.23636e-09
6 4.23636e-09
7 4.23636e-09
8 4.23636e-09
9 4.23636e-09
10 4.23636e-09
11 4.23636e-09
12 4.23636e-09
13 4.23636e-09
14 4.23636e-09
15 4.23636e-09
16 4.23636e-09
17 4.23636e-09
18 4.23636e-09
19 4.23636e-09
20 4.23636e-09
21 4.23636e-09
22 4.23636e-09
23 4.23636e-09
24 4.23636e-09
25 4.23636e-09
26 4.23636e-09
27 4.23636e-09
28 4.23636e-09
29 4.23636e-09
30 4.23636e-09
31 4.23636e-09
32 4.23636e-09
33 4.23636e-09
34 4.23636e-09
35 4.23636e-09
36 4.23636e-09
37 4.23636e-09
38 4.23636e-09
39 4.23636e-09
40 4.23636e-09
41 4.23636e-09
42 4.23636e-09
43 4.23636e-09
44 4.23636e-09
45 4.23636e-09
46 4.23636e-09
47 4.23636e-09
48 4.23636e-09
49 4.23636e-09
50 4.23636e-09
51 4.23636e-09
52 4.23636e-09
53 4.23636e-09
54 4.23636e-09
55 4.23636e-09
56 4.23636e-09
57 4.23636e-09
58 4.23636e-09
59 4.23636e-09
60 4.23636e-09
61 4.23636e-09
62 4.23636e-09
63 4.23636e-09
64 4.23636e-09
65 4.23636e-09
66 4.23636e-09
67 4.23636e-09
68 4.23636e-09
69 4.23636e-09
70 4.23636e-09
71 4.23636e-09
72 4.23636e-09
73 4.23636e-09
74 4.23636e-09
75 4.23636e-09
76 4.23636e-09
77 4.23636e-09
78 4.23636e-09
79 4.23636e-09
80 4.23636e-09
81 4.23636e-09
82 4.23636e-09
83 4.23636e-09
84 4.23636e-09
85 4.23636e-09
86 4.23636e-09
87 4.23636e-09
88 4.23636e-09
89 4.23636e-09
90 4.23636e-09
91 4.23636e-09
92 4.23636e-09
93 4.23636e-09
94 4.23636e-09
95 4.23636e-09
96 4.23636e-09
97 4.23636e-09
98 4.23636e-09
99 4.23636e-09
100 4.23636e-09
101 4.23636e-09
102 4.23636e-09
103 4.23636e-09
104 4.23636e-09
105 4.23636e-09
106 4.23636e-09
107 4.23636e-09
108 4.23636e-09
109 4.23636e-09
110 4.23636e-09
111 4.23636e-09
112 4.23636e-09
113 4.23636e-09
114 4.23636e-09
115 4.23636e-09
116 4.23636e-09
117 4.23636e-09
118 4.23636e-09
119 4.23636e-09
120 4.23636e-09
121 4.23636e-09
122 4.23636e-09
123 4.23636e-09
124 4.23636e-09
125 4.23636e-09
126 4.23636e-09
127 4.23636e-09
128 4.23636e-09
129 4.23636e-09
130 4.23636e-09
131 4.23636e-09
132 4.23636e-09
133 4.23636e-09
134 4.23636e-09
135 4.23636e-09
136 4.23636e-09
137 4.23636e-09
138 4.23636e-09
139 4.23636e-09
140 4.23636e-09
141 4.23636e-09
142 4.23636e-09
143 4.23636e-09
144 4.23636e-09
145 4.23636e-09
146 4.23636e-09
147 4.23636e-09
148 4.23636e-09
149 4.23636e-09
150 4.23636e-09
151 4.23636e-09
152 4.23636e-09
153 4.23636e-09
154 4.23636e-09
155 4.23636e-09
156 4.23636e-09
157 4.23636e-09
158 4.23636e-09
159 4.23636e-09
160 4.23636e-09
161 4.23636e-09
162 4.23636e-09
163 4.23636e-09
164 4.23636e-09
165 4.23636e-09
166 4.23636e-09
167 4.23636e-09
168 4.23636e-09
169 4.23636e-09
170 4.23636e-09
171 4.23636e-09
172 4.23636e-09
173 4.23636e-09
174 4.23636e-09
175 4.23636e-09
176 4.23636e-09
177 4.23636e-09
178 4.23636e-09
179 4.23636e-09
180 4.23636e-09
181 4.23636e-09
182 4.23636e-09
183 4.23636e-09
184 4.23636e-09
185 4.23636e-09
186 4.23636e-09
187 4.23636e-09
188 4.23636e-09
189 4.23636e-09
190 4.23636e-09
191 4.23636e-09
192 4.23636e-09
193 4.23636e-09
194 4.23636e-09
195 4.23636e-09
196 4.23636e-09
197 4.23636e-09
198 4.23636e-09
199 4.23636e-09
200 4.23636e-09
201 4.23636e-09
202 4.23636e-09
203 4.23636e-09
204 4.23636e-09
205 4.23636e-09
206 4.23636e-09
207 4.23636e-09
208 4.23636e-09
209 4.23636e-09
210 4.23636e-09
211 4.23636e-09
212 4.23636e-09
213 4.23636e-09
214 4.23636e-09
215 4.23636e-09
216 4.23636e-09
217 4.23636e-09
218 4.23636e-09
219 4.23636e-09
220 4.23636e-09
221 4.23636e-09
222 4.23636e-09
223 4.23636e-09
224 4.23636e-09
225 4.23636e-09
226 4.23636e-09
227 4.23636e-09
228 4.23636e-09
229 4.23636e-09
230 4.23636e-09
231 4.23636e-09
232 4.92063e-09
233 1.1163e-08
234 3.72099e-08
235 1.26901e-07
236 4.06355e-07
237 1.24313e-06
238 3.69145e-06
239 1.0691e-05
240 3.02406e-05
241 8.36101e-05
242 0.00022611
243 0.000598583
244 0.00155266
245 0.00394996
246 0.00986361
247 0.0241909
248 0.0582775
249 0.137851
250 0.319865
251 0.726992
252 0.889421
253 0.952478
254 0.976235
255 0.984899
256 0.98795
257 0.993614
258 0.995462
259 0.998631
260 0.999584
261 0.999858
262 0.999933
263 0.999953
264 0.999981
265 0.999987
266 0.999996
267 0.999998
268 0.999998
269 0.999998
270 0.999999
271 1
272 1
273 1
274 1
275 1
276 1
277 1
278 1
279 0.999999
280 0.999999
281 0.999996
282 0.999984
283 0.999974
284 0.999966
285 0.999929
286 0.999779
287 0.999186
288 0.996946
289 0.988853
290 0.960906
291 0.944037
292 0.890767
293 0.861335
294 0.776149
295 0.732944
296 0.711923
297 0.658202
298 0.526233
299 0.214245
300 0.0843182
301 0.0321179
302 0.0118573
303 0.00424915
304 0.0014806
305 0.0005026
306 0.000166573
307 5.40339e-05
308 1.72051e-05
309 5.39443e-06
310 1.67007e-06
311 5.10342e-07
312 1.52287e-07
313 4.26786e-08
314 1.05145e-08
315 4.23636e-09
316 4.23636e-09
317 4.23636e-09
318 4.23636e-09
319 4.23636e-09
320 4.23636e-09
321 4.23636e-09
322 4.23636e-09
323 4.23636e-09
324 4.23636e-09
325 4.23636e-09
326 4.23636e-09
327 4.23636e-09
328 4.23636e-09
329 4.23636e-09
330 4.23636e-09
331 4.23636e-09
332 4.23636e-09
333 4.23636e-09
334 4.23636e-09
335 4.23636e-09
336 4.23636e-09
337 4.23636e-09
338 4.23636e-09
339 4.23636e-09
340 4.23636e-09
341 4.23636e-09
342 4.23636e-09
343 4.23636e-09
344 4.23636e-09
345 4.23636e-09
346 4.23636e-09
347 4.23636e-09
348 4.23636e-09
349 4.23636e-09
350 4.23636e-09
351 4.23636e-09
352 4.23636e-09
353 4.23636e-09
354 4.23636e-09
355 4.23636e-09
356 4.23636e-09
357 4.23636e-09
358 4.23636e-09
359 4.23636e-09
360 4.23636e-09
361 4.23636e-09
362 4.23636e-09
363 4.23636e-09
364 4.23636e-09
365 4.23636e-09
366 4.23636e-09
367 4.23636e-09
368 4.23636e-09
369 4.23636e-09
370 4.23636e-09
371 4.23636e-09
372 4.23636e-09
373 4.23636e-09
374 4.23636e-09
375 4.23636e-09
376 4.23636e-09
377 4.23636e-09
378 4.23636e-09
379 4.23636e-09
380 4.23636e-09
381 4.23636e-09
382 4.23636e-09
383 4.23636e-09
384 4.23636e-09
385 4.23636e-09
386 4.23636e-09
387 4.23636e-09
388 4.23636e-09
389 4.23636e-09
390 4.23636e-09
391 4.23636e-09
392 4.23636e-09
393 4.23636e-09
394 4.23636e-09
395 4.23636e-09
396 4.23636e-09
397 4.23636e-09
398 4.23636e-09
399 4.23636e-09
400 4.23636e-09
401 4.23636e-09
402 4.23636e-09
403 4.23636e-09
404 4.23636e-09
405 4.23636e-09
406 4.23636e-09
407 4.23636e-09
408 4.23636e-09
409 4.23636e-09
410 4.23636e-09
411 4.23636e-09
412 4.23636e-09
413 4.23636e-09
414 4.23636e-09
415 4.23636e-09
416 4.23636e-09
417 4.23636e-09
418 4.23636e-09
419 4.23636e-09
420 4.23636e-09
421 4.23636e-09
422 4.23636e-09
423 4.23636e-09
424 4.23636e-09
425 4.23636e-09
426 4.23636e-09
427 4.23636e-09
428 4.23636e-09
429 4.23636e-09
430 4.23636e-09
431 4.23636e-09
432 4.23636e-09
433 4.23636e-09
434 4.23636e-09
435 4.23636e-09
436 4.23636e-09
437 4.23636e-09
438 4.23636e-09
439 4.23636e-09
440 4.23636e-09
441 4.23636e-09
442 4.23636e-09
443 4.23636e-09
444 4.23636e-09
445 4.23636e-09
446 4.23636e-09
447 4.23636e-09
448 4.23636e-09
449 4.23636e-09
450 4.23636e-09
451 4.23636e-09
452 4.23636e-09
453 4.23636e-09
454 4.23636e-09
455 4.23636e-09
456 4.23636e-09
457 4.23636e-09
458 4.23636e-09
459 4.23636e-09
460 4.23636e-09
461 4.23636e-09
462 4.23636e-09
463 4.23636e-09
464 4.23636e-09
465 4.23636e-09
466 4.23636e-09
467 4.23636e-09
468 4.23636e-09
469 4.23636e-09
470 4.23636e-09
471 4.23636e-09
472 4.23636e-09
473 4.23636e-09
474 4.23636e-09
475 4.23636e-09
476 4.23636e-09
477 4.23636e-09
478 4.23636e-09
479 4.23636e-09
480 4.23636e-09
481 4.23636e-09
482 4.23636e-09
483 4.23636e-09
484 4.23636e-09
485 4.23636e-09
486 4.23636e-09
487 4.23636e-09
488 4.23636e-09
489 4.23636e-09
490 4.23636e-09
491 4.23636e-09
492 4.23636e-09
493 4.23636e-09
494 4.23636e-09
495 4.23636e-09
496 4.23636e-09
497 4.23636e-09
498 4.23636e-09
499 4.23636e-09
500 4.23636e-09
501 4.23636e-09
502 4.23636e-09
503 4.23636e-09
504 4.23636e-09
505 4.23636e-09
506 4.23636e-09
507 4.23636e-09
508 4.23636e-09
509 4.23636e-09
510 4.23636e-09
511 4.23636e-09
512 4.23636e-09
513 4.23636e-09
514 4.23636e-09
515 4.23636e-09
516 4.23636e-09
517 4.23636e-09
518 4.23636e-09
519 4.23636e-09
520 4.23636e-09
521 4.23636e-09
522 4.23636e-09
523 4.23636e-09
524 4.23636e-09
525 4.23636e-09
526 4.23636e-09
527 4.23636e-09
528 4.23636e-09
529 4.23636e-09
530 4.23636e-09
531 4.23636e-09
532 4.23636e-09
533 4.23636e-09
534 4.23636e-09
535 4.23636e-09
536 4.23636e-09
537 4.23636e-09
538 4.23636e-09
539 4.23636e-09
540 4.23636e-09
541 4.23636e-09
542 4.23636e-09
543 4.23636e-09
544 4.23636e-09
545 4.23636e-09
546 4.23636e-09
547 4.23636e-09
548 4.23636e-09
549 4.23636e-09
550 4.23636e-09
551 4.23636e-09
552 4.23636e-09
