1 6.87243e-09
2 6.87243e-09
3 6.87243e-09
4 6.87243e-09
5 6.87243e-09
6 6.87243e-09
7 6.87243e-09
8 6.87243e-09
9 6.87243e-09
10 6.87243e-09
11 6.87243e-09
12 6.87243e-09
13 6.87243e-09
14 6.87243e-09
15 6.87243e-09
16 6.87243e-09
17 6.87243e-09
18 6.87243e-09
19 6.87243e-09
20 6.87243e-09
21 6.87243e-09
22 6.87243e-09
23 6.87243e-09
24 6.87243e-09
25 6.87243e-09
26 6.87243e-09
27 6.87243e-09
28 6.87243e-09
29 6.87243e-09
30 6.87243e-09
31 6.87243e-09
32 6.87243e-09
33 6.87243e-09
34 6.87243e-09
35 6.87243e-09
36 6.87243e-09
37 6.87243e-09
38 6.87243e-09
39 6.87243e-09
40 6.87243e-09
41 6.87243e-09
42 6.87243e-09
43 6.87243e-09
44 6.87243e-09
45 6.87243e-09
46 6.87243e-09
47 6.87243e-09
48 6.87243e-09
49 6.87243e-09
50 6.87243e-09
51 6.87243e-09
52 6.87243e-09
53 6.87243e-09
54 6.87243e-09
55 6.87243e-09
56 6.87243e-09
57 6.87243e-09
58 6.87243e-09
59 6.87243e-09
60 6.87243e-09
61 6.87243e-09
62 6.87243e-09
63 6.87243e-09
64 6.87243e-09
65 6.87243e-09
66 6.87243e-09
67 6.87243e-09
68 6.87243e-09
69 6.87243e-09
70 6.87243e-09
71 6.87243e-09
72 6.87243e-09
73 6.87243e-09
74 6.87243e-09
75 6.87243e-09
76 6.87243e-09
77 6.87243e-09
78 6.87243e-09
79 6.87243e-09
80 6.87243e-09
81 6.87243e-09
82 6.87243e-09
83 6.87243e-09
84 6.87243e-09
85 6.87243e-09
86 6.87243e-09
87 6.87243e-09
88 6.87243e-09
89 6.87243e-09
90 6.87243e-09
91 6.87243e-09
92 6.87243e-09
93 6.87243e-09
94 6.87243e-09
95 6.87243e-09
96 6.87243e-09
97 6.87243e-09
98 6.87243e-09
99 6.87243e-09
100 6.87243e-09
101 6.87243e-09
102 6.87243e-09
103 6.87243e-09
104 6.87243e-09
105 6.87243e-09
106 6.87243e-09
107 6.87243e-09
108 6.87243e-09
109 6.87243e-09
110 6.87243e-09
111 6.87243e-09
112 6.87243e-09
113 6.87243e-09
114 6.87243e-09
115 6.87243e-09
116 6.87243e-09
117 6.87243e-09
118 6.87243e-09
119 6.87243e-09
120 6.87243e-09
121 6.87243e-09
122 6.87243e-09
123 6.87243e-09
124 6.87243e-09
125 6.87243e-09
126 6.87243e-09
127 6.87243e-09
128 6.87243e-09
129 6.87243e-09
130 6.87243e-09
131 6.87243e-09
132 6.87243e-09
133 6.87243e-09
134 6.87243e-09
135 6.87243e-09
136 6.87243e-09
137 6.87243e-09
138 6.87243e-09
139 6.87243e-09
140 6.87243e-09
141 6.87243e-09
142 6.87243e-09
143 6.87243e-09
144 6.87243e-09
145 6.87243e-09
146 6.87243e-09
147 6.87243e-09
148 6.87243e-09
149 6.87243e-09
150 6.87243e-09
151 6.87243e-09
152 6.87243e-09
153 6.87243e-09
154 6.87243e-09
155 6.87243e-09
156 6.87243e-09
157 6.87243e-09
158 6.87243e-09
159 6.87243e-09
160 6.87243e-09
161 6.87243e-09
162 6.87243e-09
163 6.87243e-09
164 6.87243e-09
165 6.87243e-09
166 6.87243e-09
167 6.87243e-09
168 6.87243e-09
169 6.87243e-09
170 6.87243e-09
171 6.87243e-09
172 6.87243e-09
173 6.87243e-09
174 6.87243e-09
175 6.87243e-09
176 6.87243e-09
177 6.87243e-09
178 6.87243e-09
179 6.87243e-09
180 6.87243e-09
181 6.87243e-09
182 6.87243e-09
183 6.87243e-09
184 6.87243e-09
185 6.87243e-09
186 6.87243e-09
187 6.87243e-09
188 6.87243e-09
189 6.87243e-09
190 6.87243e-09
191 6.87243e-09
192 6.87243e-09
193 6.87243e-09
194 6.87243e-09
195 6.87243e-09
196 6.87243e-09
197 6.87243e-09
198 6.87243e-09
199 6.87243e-09
200 6.87243e-09
201 6.87243e-09
202 6.87243e-09
203 6.87243e-09
204 6.87243e-09
205 6.87243e-09
206 6.87243e-09
207 6.87243e-09
208 6.87243e-09
209 6.87243e-09
210 6.87243e-09
211 6.87243e-09
212 6.87243e-09
213 6.87243e-09
214 6.87243e-09
215 6.87243e-09
216 6.87243e-09
217 6.87243e-09
218 6.87243e-09
219 6.87243e-09
220 6.87243e-09
221 6.87243e-09
222 6.87243e-09
223 6.87243e-09
224 6.87243e-09
225 6.87243e-09
226 6.87243e-09
227 6.87243e-09
228 6.87243e-09
229 6.87243e-09
230 6.87243e-09
231 6.87243e-09
232 6.87243e-09
233 6.87243e-09
234 6.87243e-09
235 6.87243e-09
236 6.87243e-09
237 6.87243e-09
238 6.87243e-09
239 6.87243e-09
240 6.87243e-09
241 6.87243e-09
242 6.87243e-09
243 6.87243e-09
244 6.87243e-09
245 6.87243e-09
246 6.87243e-09
247 6.87243e-09
248 6.87243e-09
249 2.99933e-08
250 1.57283e-07
251 7.2648e-07
252 1.08509e-06
253 1.24207e-06
254 1.20439e-06
255 9.66494e-07
256 5.11331e-07
257 5.50652e-07
258 4.48634e-07
259 7.87027e-07
260 9.35604e-07
261 9.08064e-07
262 7.05464e-07
263 3.16093e-07
264 3.09732e-07
265 1.81892e-07
266 2.5662e-07
267 2.09319e-07
268 4.6132e-08
269 1.47449e-08
270 7.80662e-08
271 3.84662e-07
272 5.54239e-07
273 5.82328e-07
274 1.13147e-06
275 1.45331e-06
276 1.55923e-06
277 1.45331e-06
278 1.13147e-06
279 5.82328e-07
280 6.00964e-07
281 4.72414e-07
282 1.97543e-07
283 3.00883e-07
284 1.04282e-06
285 1.5332e-06
286 1.78459e-06
287 1.80764e-06
288 1.60254e-06
289 1.16173e-06
290 4.68909e-07
291 3.68498e-07
292 1.39381e-07
293 1.44583e-07
294 4.60688e-08
295 8.43949e-08
296 2.85265e-07
297 3.4846e-07
298 2.76171e-07
299 6.88823e-08
300 1.59657e-08
301 6.87243e-09
302 6.87243e-09
303 6.87243e-09
304 6.87243e-09
305 6.87243e-09
306 6.87243e-09
307 6.87243e-09
308 6.87243e-09
309 6.87243e-09
310 6.87243e-09
311 6.87243e-09
312 6.87243e-09
313 6.87243e-09
314 6.87243e-09
315 6.87243e-09
316 6.87243e-09
317 6.87243e-09
318 6.87243e-09
319 6.87243e-09
320 6.87243e-09
321 6.87243e-09
322 6.87243e-09
323 6.87243e-09
324 6.87243e-09
325 6.87243e-09
326 6.87243e-09
327 6.87243e-09
328 6.87243e-09
329 6.87243e-09
330 6.87243e-09
331 6.87243e-09
332 6.87243e-09
333 6.87243e-09
334 6.87243e-09
335 6.87243e-09
336 6.87243e-09
337 6.87243e-09
338 6.87243e-09
339 6.87243e-09
340 6.87243e-09
341 6.87243e-09
342 6.87243e-09
343 6.87243e-09
344 6.87243e-09
345 6.87243e-09
346 6.87243e-09
347 6.87243e-09
348 6.87243e-09
349 6.87243e-09
350 6.87243e-09
351 6.87243e-09
352 6.87243e-09
353 6.87243e-09
354 6.87243e-09
355 6.87243e-09
356 6.87243e-09
357 6.87243e-09
358 6.87243e-09
359 6.87243e-09
360 6.87243e-09
361 6.87243e-09
362 6.87243e-09
363 6.87243e-09
364 6.87243e-09
365 6.87243e-09
366 6.87243e-09
367 6.87243e-09
368 6.87243e-09
369 6.87243e-09
370 6.87243e-09
371 6.87243e-09
372 6.87243e-09
373 6.87243e-09
374 6.87243e-09
375 6.87243e-09
376 6.87243e-09
377 6.87243e-09
378 6.87243e-09
379 6.87243e-09
380 6.87243e-09
381 6.87243e-09
382 6.87243e-09
383 6.87243e-09
384 6.87243e-09
385 6.87243e-09
386 6.87243e-09
387 6.87243e-09
388 6.87243e-09
389 6.87243e-09
390 6.87243e-09
391 6.87243e-09
392 6.87243e-09
393 6.87243e-09
394 6.87243e-09
395 6.87243e-09
396 6.87243e-09
397 6.87243e-09
398 6.87243e-09
399 6.87243e-09
400 6.87243e-09
401 6.87243e-09
402 6.87243e-09
403 6.87243e-09
404 6.87243e-09
405 6.87243e-09
406 6.87243e-09
407 6.87243e-09
408 6.87243e-09
409 6.87243e-09
410 6.87243e-09
411 6.87243e-09
412 6.87243e-09
413 6.87243e-09
414 6.87243e-09
415 6.87243e-09
416 6.87243e-09
417 6.87243e-09
418 6.87243e-09
419 6.87243e-09
420 6.87243e-09
421 6.87243e-09
422 6.87243e-09
423 6.87243e-09
424 6.87243e-09
425 6.87243e-09
426 6.87243e-09
427 6.87243e-09
428 6.87243e-09
429 6.87243e-09
430 6.87243e-09
431 6.87243e-09
432 6.87243e-09
433 6.87243e-09
434 6.87243e-09
435 6.87243e-09
436 6.87243e-09
437 6.87243e-09
438 6.87243e-09
439 6.87243e-09
440 6.87243e-09
441 6.87243e-09
442 6.87243e-09
443 6.87243e-09
444 6.87243e-09
445 6.87243e-09
446 6.87243e-09
447 6.87243e-09
448 6.87243e-09
449 6.87243e-09
450 6.87243e-09
451 6.87243e-09
452 6.87243e-09
453 6.87243e-09
454 6.87243e-09
455 6.87243e-09
456 6.87243e-09
457 6.87243e-09
458 6.87243e-09
459 6.87243e-09
460 6.87243e-09
461 6.87243e-09
462 6.87243e-09
463 6.87243e-09
464 6.87243e-09
465 6.87243e-09
466 6.87243e-09
467 6.87243e-09
468 6.87243e-09
469 6.87243e-09
470 6.87243e-09
471 6.87243e-09
472 6.87243e-09
473 6.87243e-09
474 6.87243e-09
475 6.87243e-09
476 6.87243e-09
477 6.87243e-09
478 6.87243e-09
479 6.87243e-09
480 6.87243e-09
481 6.87243e-09
482 6.87243e-09
483 6.87243e-09
484 6.87243e-09
485 6.87243e-09
486 6.87243e-09
487 6.87243e-09
488 6.87243e-09
489 6.87243e-09
490 6.87243e-09
491 6.87243e-09
492 6.87243e-09
493 6.87243e-09
494 6.87243e-09
495 6.87243e-09
496 6.87243e-09
497 6.87243e-09
498 6.87243e-09
499 6.87243e-09
500 6.87243e-09
501 6.87243e-09
502 6.87243e-09
503 6.87243e-09
504 6.87243e-09
505 6.87243e-09
506 6.87243e-09
507 6.87243e-09
508 6.87243e-09
509 6.87243e-09
510 6.87243e-09
511 6.87243e-09
512 6.87243e-09
513 6.87243e-09
514 6.87243e-09
515 6.87243e-09
516 6.87243e-09
517 6.87243e-09
518 6.87243e-09
519 6.87243e-09
520 6.87243e-09
521 6.87243e-09
522 6.87243e-09
523 6.87243e-09
524 6.87243e-09
525 6.87243e-09
526 6.87243e-09
527 6.87243e-09
528 6.87243e-09
529 6.87243e-09
530 6.87243e-09
531 6.87243e-09
532 6.87243e-09
533 6.87243e-09
534 6.87243e-09
535 6.87243e-09
536 6.87243e-09
537 6.87243e-09
538 6.87243e-09
539 6.87243e-09
540 6.87243e-09
541 6.87243e-09
542 6.87243e-09
543 6.87243e-09
544 6.87243e-09
545 6.87243e-09
546 6.87243e-09
547 6.87243e-09
548 6.87243e-09
549 6.87243e-09
550 6.87243e-09
551 6.87243e-09
552 6.87243e-09
