1 1.89685e-09
2 1.89685e-09
3 1.89685e-09
4 1.89685e-09
5 1.89685e-09
6 1.89685e-09
7 1.89685e-09
8 1.89685e-09
9 1.89685e-09
10 1.89685e-09
11 1.89685e-09
12 1.89685e-09
13 1.89685e-09
14 1.89685e-09
15 1.89685e-09
16 1.89685e-09
17 1.89685e-09
18 1.89685e-09
19 1.89685e-09
20 1.89685e-09
21 1.89685e-09
22 1.89685e-09
23 1.89685e-09
24 1.89685e-09
25 1.89685e-09
26 1.89685e-09
27 1.89685e-09
28 1.89685e-09
29 1.89685e-09
30 1.89685e-09
31 1.89685e-09
32 1.89685e-09
33 1.89685e-09
34 1.89685e-09
35 1.89685e-09
36 1.89685e-09
37 1.89685e-09
38 1.89685e-09
39 1.89685e-09
40 1.89685e-09
41 1.89685e-09
42 1.89685e-09
43 1.89685e-09
44 1.89685e-09
45 1.89685e-09
46 1.89685e-09
47 1.89685e-09
48 1.89685e-09
49 1.89685e-09
50 1.89685e-09
51 1.89685e-09
52 1.89685e-09
53 1.89685e-09
54 1.89685e-09
55 1.89685e-09
56 1.89685e-09
57 1.89685e-09
58 1.89685e-09
59 1.89685e-09
60 1.89685e-09
61 1.89685e-09
62 1.89685e-09
63 1.89685e-09
64 1.89685e-09
65 1.89685e-09
66 1.89685e-09
67 1.89685e-09
68 1.89685e-09
69 1.89685e-09
70 1.89685e-09
71 1.89685e-09
72 1.89685e-09
73 1.89685e-09
74 1.89685e-09
75 1.89685e-09
76 1.89685e-09
77 1.89685e-09
78 1.89685e-09
79 1.89685e-09
80 1.89685e-09
81 1.89685e-09
82 1.89685e-09
83 1.89685e-09
84 1.89685e-09
85 1.89685e-09
86 1.89685e-09
87 1.89685e-09
88 1.89685e-09
89 1.89685e-09
90 1.89685e-09
91 1.89685e-09
92 1.89685e-09
93 1.89685e-09
94 1.89685e-09
95 1.89685e-09
96 1.89685e-09
97 1.89685e-09
98 1.89685e-09
99 1.89685e-09
100 1.89685e-09
101 1.89685e-09
102 1.89685e-09
103 1.89685e-09
104 1.89685e-09
105 1.89685e-09
106 1.89685e-09
107 1.89685e-09
108 1.89685e-09
109 1.89685e-09
110 1.89685e-09
111 1.89685e-09
112 1.89685e-09
113 1.89685e-09
114 1.89685e-09
115 1.89685e-09
116 1.89685e-09
117 1.89685e-09
118 1.89685e-09
119 1.89685e-09
120 1.89685e-09
121 1.89685e-09
122 1.89685e-09
123 1.89685e-09
124 1.89685e-09
125 1.89685e-09
126 1.89685e-09
127 1.89685e-09
128 1.89685e-09
129 1.89685e-09
130 1.89685e-09
131 1.89685e-09
132 1.89685e-09
133 1.89685e-09
134 1.89685e-09
135 1.89685e-09
136 1.89685e-09
137 1.89685e-09
138 1.89685e-09
139 1.89685e-09
140 1.89685e-09
141 1.89685e-09
142 1.89685e-09
143 1.89685e-09
144 1.89685e-09
145 1.89685e-09
146 1.89685e-09
147 1.89685e-09
148 1.89685e-09
149 1.89685e-09
150 1.89685e-09
151 1.89685e-09
152 1.89685e-09
153 1.89685e-09
154 1.89685e-09
155 1.89685e-09
156 1.89685e-09
157 1.89685e-09
158 1.89685e-09
159 1.89685e-09
160 1.89685e-09
161 1.89685e-09
162 1.89685e-09
163 1.89685e-09
164 1.89685e-09
165 1.89685e-09
166 1.89685e-09
167 1.89685e-09
168 1.89685e-09
169 1.89685e-09
170 1.89685e-09
171 1.89685e-09
172 1.89685e-09
173 1.89685e-09
174 1.89685e-09
175 1.89685e-09
176 1.89685e-09
177 1.89685e-09
178 1.89685e-09
179 1.89685e-09
180 1.89685e-09
181 1.89685e-09
182 1.89685e-09
183 1.89685e-09
184 1.89685e-09
185 1.89685e-09
186 1.89685e-09
187 1.89685e-09
188 1.89685e-09
189 1.89685e-09
190 1.89685e-09
191 1.89685e-09
192 1.89685e-09
193 1.89685e-09
194 1.89685e-09
195 1.89685e-09
196 1.89685e-09
197 1.89685e-09
198 1.89685e-09
199 1.89685e-09
200 1.89685e-09
201 1.89685e-09
202 1.89685e-09
203 1.89685e-09
204 1.89685e-09
205 1.89685e-09
206 1.89685e-09
207 1.89685e-09
208 1.89685e-09
209 1.89685e-09
210 1.89685e-09
211 1.89685e-09
212 1.89685e-09
213 1.89685e-09
214 1.89685e-09
215 1.89685e-09
216 1.89685e-09
217 1.89685e-09
218 1.89685e-09
219 1.89685e-09
220 1.89685e-09
221 1.89685e-09
222 1.89685e-09
223 1.89685e-09
224 1.89685e-09
225 1.89685e-09
226 1.89685e-09
227 1.89685e-09
228 1.89685e-09
229 1.89685e-09
230 1.89685e-09
231 1.89685e-09
232 1.89685e-09
233 1.89685e-09
234 1.89685e-09
235 2.29428e-09
236 7.15945e-09
237 3.05869e-08
238 1.13672e-07
239 3.92942e-07
240 1.33192e-06
241 4.48507e-06
242 1.50636e-05
243 5.0466e-05
244 0.000168354
245 0.000557717
246 0.00182869
247 0.00591451
248 0.0188079
249 0.0586387
250 0.178846
251 0.53275
252 0.71845
253 0.813427
254 0.860799
255 0.883864
256 0.894841
257 0.922821
258 0.935606
259 0.96698
260 0.980807
261 0.98679
262 0.989329
263 0.990382
264 0.992717
265 0.993636
266 0.995554
267 0.99626
268 0.996509
269 0.996975
270 0.997806
271 0.999223
272 0.999643
273 0.99976
274 0.999934
275 0.999971
276 0.999951
277 0.999835
278 0.999422
279 0.998038
280 0.997234
281 0.994798
282 0.98777
283 0.984234
284 0.982535
285 0.978266
286 0.967995
287 0.94431
288 0.891857
289 0.780132
290 0.55081
291 0.467717
292 0.308359
293 0.254155
294 0.156068
295 0.124406
296 0.114401
297 0.0974011
298 0.0688655
299 0.0212432
300 0.00667591
301 0.00216149
302 0.000727073
303 0.000254619
304 9.23199e-05
305 3.42689e-05
306 1.28501e-05
307 4.80746e-06
308 1.77603e-06
309 6.42172e-07
310 2.25226e-07
311 7.6038e-08
312 2.47202e-08
313 8.03396e-09
314 2.73683e-09
315 1.89685e-09
316 1.89685e-09
317 1.89685e-09
318 1.89685e-09
319 1.89685e-09
320 1.89685e-09
321 1.89685e-09
322 1.89685e-09
323 1.89685e-09
324 1.89685e-09
325 1.89685e-09
326 1.89685e-09
327 1.89685e-09
328 1.89685e-09
329 1.89685e-09
330 1.89685e-09
331 1.89685e-09
332 1.89685e-09
333 1.89685e-09
334 1.89685e-09
335 1.89685e-09
336 1.89685e-09
337 1.89685e-09
338 1.89685e-09
339 1.89685e-09
340 1.89685e-09
341 1.89685e-09
342 1.89685e-09
343 1.89685e-09
344 1.89685e-09
345 1.89685e-09
346 1.89685e-09
347 1.89685e-09
348 1.89685e-09
349 1.89685e-09
350 1.89685e-09
351 1.89685e-09
352 1.89685e-09
353 1.89685e-09
354 1.89685e-09
355 1.89685e-09
356 1.89685e-09
357 1.89685e-09
358 1.89685e-09
359 1.89685e-09
360 1.89685e-09
361 1.89685e-09
362 1.89685e-09
363 1.89685e-09
364 1.89685e-09
365 1.89685e-09
366 1.89685e-09
367 1.89685e-09
368 1.89685e-09
369 1.89685e-09
370 1.89685e-09
371 1.89685e-09
372 1.89685e-09
373 1.89685e-09
374 1.89685e-09
375 1.89685e-09
376 1.89685e-09
377 1.89685e-09
378 1.89685e-09
379 1.89685e-09
380 1.89685e-09
381 1.89685e-09
382 1.89685e-09
383 1.89685e-09
384 1.89685e-09
385 1.89685e-09
386 1.89685e-09
387 1.89685e-09
388 1.89685e-09
389 1.89685e-09
390 1.89685e-09
391 1.89685e-09
392 1.89685e-09
393 1.89685e-09
394 1.89685e-09
395 1.89685e-09
396 1.89685e-09
397 1.89685e-09
398 1.89685e-09
399 1.89685e-09
400 1.89685e-09
401 1.89685e-09
402 1.89685e-09
403 1.89685e-09
404 1.89685e-09
405 1.89685e-09
406 1.89685e-09
407 1.89685e-09
408 1.89685e-09
409 1.89685e-09
410 1.89685e-09
411 1.89685e-09
412 1.89685e-09
413 1.89685e-09
414 1.89685e-09
415 1.89685e-09
416 1.89685e-09
417 1.89685e-09
418 1.89685e-09
419 1.89685e-09
420 1.89685e-09
421 1.89685e-09
422 1.89685e-09
423 1.89685e-09
424 1.89685e-09
425 1.89685e-09
426 1.89685e-09
427 1.89685e-09
428 1.89685e-09
429 1.89685e-09
430 1.89685e-09
431 1.89685e-09
432 1.89685e-09
433 1.89685e-09
434 1.89685e-09
435 1.89685e-09
436 1.89685e-09
437 1.89685e-09
438 1.89685e-09
439 1.89685e-09
440 1.89685e-09
441 1.89685e-09
442 1.89685e-09
443 1.89685e-09
444 1.89685e-09
445 1.89685e-09
446 1.89685e-09
447 1.89685e-09
448 1.89685e-09
449 1.89685e-09
450 1.89685e-09
451 1.89685e-09
452 1.89685e-09
453 1.89685e-09
454 1.89685e-09
455 1.89685e-09
456 1.89685e-09
457 1.89685e-09
458 1.89685e-09
459 1.89685e-09
460 1.89685e-09
461 1.89685e-09
462 1.89685e-09
463 1.89685e-09
464 1.89685e-09
465 1.89685e-09
466 1.89685e-09
467 1.89685e-09
468 1.89685e-09
469 1.89685e-09
470 1.89685e-09
471 1.89685e-09
472 1.89685e-09
473 1.89685e-09
474 1.89685e-09
475 1.89685e-09
476 1.89685e-09
477 1.89685e-09
478 1.89685e-09
479 1.89685e-09
480 1.89685e-09
481 1.89685e-09
482 1.89685e-09
483 1.89685e-09
484 1.89685e-09
485 1.89685e-09
486 1.89685e-09
487 1.89685e-09
488 1.89685e-09
489 1.89685e-09
490 1.89685e-09
491 1.89685e-09
492 1.89685e-09
493 1.89685e-09
494 1.89685e-09
495 1.89685e-09
496 1.89685e-09
497 1.89685e-09
498 1.89685e-09
499 1.89685e-09
500 1.89685e-09
501 1.89685e-09
502 1.89685e-09
503 1.89685e-09
504 1.89685e-09
505 1.89685e-09
506 1.89685e-09
507 1.89685e-09
508 1.89685e-09
509 1.89685e-09
510 1.89685e-09
511 1.89685e-09
512 1.89685e-09
513 1.89685e-09
514 1.89685e-09
515 1.89685e-09
516 1.89685e-09
517 1.89685e-09
518 1.89685e-09
519 1.89685e-09
520 1.89685e-09
521 1.89685e-09
522 1.89685e-09
523 1.89685e-09
524 1.89685e-09
525 1.89685e-09
526 1.89685e-09
527 1.89685e-09
528 1.89685e-09
529 1.89685e-09
530 1.89685e-09
531 1.89685e-09
532 1.89685e-09
533 1.89685e-09
534 1.89685e-09
535 1.89685e-09
536 1.89685e-09
537 1.89685e-09
538 1.89685e-09
539 1.89685e-09
540 1.89685e-09
541 1.89685e-09
542 1.89685e-09
543 1.89685e-09
544 1.89685e-09
545 1.89685e-09
546 1.89685e-09
547 1.89685e-09
548 1.89685e-09
549 1.89685e-09
550 1.89685e-09
551 1.89685e-09
552 1.89685e-09
