1 8.8807e-10
2 8.8807e-10
3 8.8807e-10
4 8.8807e-10
5 8.8807e-10
6 8.8807e-10
7 8.8807e-10
8 8.8807e-10
9 8.8807e-10
10 8.8807e-10
11 8.8807e-10
12 8.8807e-10
13 8.8807e-10
14 8.8807e-10
15 8.8807e-10
16 8.8807e-10
17 8.8807e-10
18 8.8807e-10
19 8.8807e-10
20 8.8807e-10
21 8.8807e-10
22 8.8807e-10
23 8.8807e-10
24 8.8807e-10
25 8.8807e-10
26 8.8807e-10
27 8.8807e-10
28 8.8807e-10
29 8.8807e-10
30 8.8807e-10
31 8.8807e-10
32 8.8807e-10
33 8.8807e-10
34 8.8807e-10
35 8.8807e-10
36 8.8807e-10
37 8.8807e-10
38 8.8807e-10
39 8.8807e-10
40 8.8807e-10
41 8.8807e-10
42 8.8807e-10
43 8.8807e-10
44 8.8807e-10
45 8.8807e-10
46 8.8807e-10
47 8.8807e-10
48 8.8807e-10
49 8.8807e-10
50 8.8807e-10
51 8.8807e-10
52 8.8807e-10
53 8.8807e-10
54 8.8807e-10
55 8.8807e-10
56 8.8807e-10
57 8.8807e-10
58 8.8807e-10
59 8.8807e-10
60 8.8807e-10
61 8.8807e-10
62 8.8807e-10
63 8.8807e-10
64 8.8807e-10
65 8.8807e-10
66 8.8807e-10
67 8.8807e-10
68 8.8807e-10
69 8.8807e-10
70 8.8807e-10
71 8.8807e-10
72 8.8807e-10
73 8.8807e-10
74 8.8807e-10
75 8.8807e-10
76 8.8807e-10
77 8.8807e-10
78 8.8807e-10
79 8.8807e-10
80 8.8807e-10
81 8.8807e-10
82 8.8807e-10
83 8.8807e-10
84 8.8807e-10
85 8.8807e-10
86 8.8807e-10
87 8.8807e-10
88 8.8807e-10
89 8.8807e-10
90 8.8807e-10
91 8.8807e-10
92 8.8807e-10
93 8.8807e-10
94 8.8807e-10
95 8.8807e-10
96 8.8807e-10
97 8.8807e-10
98 8.8807e-10
99 8.8807e-10
100 8.8807e-10
101 8.8807e-10
102 8.8807e-10
103 8.8807e-10
104 8.8807e-10
105 8.8807e-10
106 8.8807e-10
107 8.8807e-10
108 8.8807e-10
109 8.8807e-10
110 8.8807e-10
111 8.8807e-10
112 8.8807e-10
113 8.8807e-10
114 8.8807e-10
115 8.8807e-10
116 8.8807e-10
117 8.8807e-10
118 8.8807e-10
119 8.8807e-10
120 8.8807e-10
121 8.8807e-10
122 8.8807e-10
123 8.8807e-10
124 8.8807e-10
125 8.8807e-10
126 8.8807e-10
127 8.8807e-10
128 8.8807e-10
129 8.8807e-10
130 8.8807e-10
131 8.8807e-10
132 8.8807e-10
133 8.8807e-10
134 8.8807e-10
135 8.8807e-10
136 8.8807e-10
137 8.8807e-10
138 8.8807e-10
139 8.8807e-10
140 8.8807e-10
141 8.8807e-10
142 8.8807e-10
143 8.8807e-10
144 8.8807e-10
145 8.8807e-10
146 8.8807e-10
147 8.8807e-10
148 8.8807e-10
149 8.8807e-10
150 8.8807e-10
151 8.8807e-10
152 8.8807e-10
153 8.8807e-10
154 8.8807e-10
155 8.8807e-10
156 8.8807e-10
157 8.8807e-10
158 8.8807e-10
159 8.8807e-10
160 8.8807e-10
161 8.8807e-10
162 8.8807e-10
163 8.8807e-10
164 8.8807e-10
165 8.8807e-10
166 8.8807e-10
167 8.8807e-10
168 8.8807e-10
169 8.8807e-10
170 8.8807e-10
171 8.8807e-10
172 8.8807e-10
173 8.8807e-10
174 8.8807e-10
175 8.8807e-10
176 8.8807e-10
177 8.8807e-10
178 8.8807e-10
179 8.8807e-10
180 8.8807e-10
181 8.8807e-10
182 8.8807e-10
183 8.8807e-10
184 8.8807e-10
185 8.8807e-10
186 8.8807e-10
187 8.8807e-10
188 8.8807e-10
189 8.8807e-10
190 8.8807e-10
191 8.8807e-10
192 8.8807e-10
193 8.8807e-10
194 8.8807e-10
195 8.8807e-10
196 8.8807e-10
197 8.8807e-10
198 8.8807e-10
199 8.8807e-10
200 8.8807e-10
201 8.8807e-10
202 8.8807e-10
203 8.8807e-10
204 8.8807e-10
205 8.8807e-10
206 8.8807e-10
207 8.8807e-10
208 8.8807e-10
209 8.8807e-10
210 8.8807e-10
211 8.8807e-10
212 8.8807e-10
213 8.8807e-10
214 8.8807e-10
215 8.8807e-10
216 8.8807e-10
217 8.8807e-10
218 8.8807e-10
219 8.8807e-10
220 8.8807e-10
221 8.8807e-10
222 8.8807e-10
223 8.8807e-10
224 8.8807e-10
225 8.8807e-10
226 8.8807e-10
227 8.8807e-10
228 8.8807e-10
229 8.8807e-10
230 8.8807e-10
231 8.8807e-10
232 8.8807e-10
233 8.8807e-10
234 8.8807e-10
235 2.26648e-09
236 7.65654e-09
237 2.5784e-08
238 7.91632e-08
239 2.38135e-07
240 7.23064e-07
241 2.25329e-06
242 7.21207e-06
243 2.35644e-05
244 7.80244e-05
245 0.00026031
246 0.000871942
247 0.00292672
248 0.00983148
249 0.0330027
250 0.110457
251 0.367447
252 0.521567
253 0.612569
254 0.665278
255 0.695132
256 0.711629
257 0.7602
258 0.785651
259 0.856653
260 0.89193
261 0.909024
262 0.917118
263 0.920867
264 0.930197
265 0.93436
266 0.944355
267 0.948654
268 0.95044
269 0.954519
270 0.963514
271 0.982699
272 0.989876
273 0.992335
274 0.997205
275 0.998561
276 0.998221
277 0.995945
278 0.989458
279 0.972754
280 0.965307
281 0.947881
282 0.908912
283 0.893631
284 0.887872
285 0.876429
286 0.854475
287 0.81369
288 0.740096
289 0.610684
290 0.388087
291 0.319318
292 0.204574
293 0.169786
294 0.111967
295 0.0941653
296 0.0885413
297 0.0784453
298 0.0594797
299 0.0222437
300 0.00841305
301 0.00317592
302 0.00118451
303 0.000433452
304 0.000154955
305 5.39921e-05
306 1.83209e-05
307 6.0552e-06
308 1.95077e-06
309 6.12617e-07
310 1.87242e-07
311 5.50982e-08
312 1.49228e-08
313 3.26078e-09
314 8.8807e-10
315 8.8807e-10
316 8.8807e-10
317 8.8807e-10
318 8.8807e-10
319 8.8807e-10
320 8.8807e-10
321 8.8807e-10
322 8.8807e-10
323 8.8807e-10
324 8.8807e-10
325 8.8807e-10
326 8.8807e-10
327 8.8807e-10
328 8.8807e-10
329 8.8807e-10
330 8.8807e-10
331 8.8807e-10
332 8.8807e-10
333 8.8807e-10
334 8.8807e-10
335 8.8807e-10
336 8.8807e-10
337 8.8807e-10
338 8.8807e-10
339 8.8807e-10
340 8.8807e-10
341 8.8807e-10
342 8.8807e-10
343 8.8807e-10
344 8.8807e-10
345 8.8807e-10
346 8.8807e-10
347 8.8807e-10
348 8.8807e-10
349 8.8807e-10
350 8.8807e-10
351 8.8807e-10
352 8.8807e-10
353 8.8807e-10
354 8.8807e-10
355 8.8807e-10
356 8.8807e-10
357 8.8807e-10
358 8.8807e-10
359 8.8807e-10
360 8.8807e-10
361 8.8807e-10
362 8.8807e-10
363 8.8807e-10
364 8.8807e-10
365 8.8807e-10
366 8.8807e-10
367 8.8807e-10
368 8.8807e-10
369 8.8807e-10
370 8.8807e-10
371 8.8807e-10
372 8.8807e-10
373 8.8807e-10
374 8.8807e-10
375 8.8807e-10
376 8.8807e-10
377 8.8807e-10
378 8.8807e-10
379 8.8807e-10
380 8.8807e-10
381 8.8807e-10
382 8.8807e-10
383 8.8807e-10
384 8.8807e-10
385 8.8807e-10
386 8.8807e-10
387 8.8807e-10
388 8.8807e-10
389 8.8807e-10
390 8.8807e-10
391 8.8807e-10
392 8.8807e-10
393 8.8807e-10
394 8.8807e-10
395 8.8807e-10
396 8.8807e-10
397 8.8807e-10
398 8.8807e-10
399 8.8807e-10
400 8.8807e-10
401 8.8807e-10
402 8.8807e-10
403 8.8807e-10
404 8.8807e-10
405 8.8807e-10
406 8.8807e-10
407 8.8807e-10
408 8.8807e-10
409 8.8807e-10
410 8.8807e-10
411 8.8807e-10
412 8.8807e-10
413 8.8807e-10
414 8.8807e-10
415 8.8807e-10
416 8.8807e-10
417 8.8807e-10
418 8.8807e-10
419 8.8807e-10
420 8.8807e-10
421 8.8807e-10
422 8.8807e-10
423 8.8807e-10
424 8.8807e-10
425 8.8807e-10
426 8.8807e-10
427 8.8807e-10
428 8.8807e-10
429 8.8807e-10
430 8.8807e-10
431 8.8807e-10
432 8.8807e-10
433 8.8807e-10
434 8.8807e-10
435 8.8807e-10
436 8.8807e-10
437 8.8807e-10
438 8.8807e-10
439 8.8807e-10
440 8.8807e-10
441 8.8807e-10
442 8.8807e-10
443 8.8807e-10
444 8.8807e-10
445 8.8807e-10
446 8.8807e-10
447 8.8807e-10
448 8.8807e-10
449 8.8807e-10
450 8.8807e-10
451 8.8807e-10
452 8.8807e-10
453 8.8807e-10
454 8.8807e-10
455 8.8807e-10
456 8.8807e-10
457 8.8807e-10
458 8.8807e-10
459 8.8807e-10
460 8.8807e-10
461 8.8807e-10
462 8.8807e-10
463 8.8807e-10
464 8.8807e-10
465 8.8807e-10
466 8.8807e-10
467 8.8807e-10
468 8.8807e-10
469 8.8807e-10
470 8.8807e-10
471 8.8807e-10
472 8.8807e-10
473 8.8807e-10
474 8.8807e-10
475 8.8807e-10
476 8.8807e-10
477 8.8807e-10
478 8.8807e-10
479 8.8807e-10
480 8.8807e-10
481 8.8807e-10
482 8.8807e-10
483 8.8807e-10
484 8.8807e-10
485 8.8807e-10
486 8.8807e-10
487 8.8807e-10
488 8.8807e-10
489 8.8807e-10
490 8.8807e-10
491 8.8807e-10
492 8.8807e-10
493 8.8807e-10
494 8.8807e-10
495 8.8807e-10
496 8.8807e-10
497 8.8807e-10
498 8.8807e-10
499 8.8807e-10
500 8.8807e-10
501 8.8807e-10
502 8.8807e-10
503 8.8807e-10
504 8.8807e-10
505 8.8807e-10
506 8.8807e-10
507 8.8807e-10
508 8.8807e-10
509 8.8807e-10
510 8.8807e-10
511 8.8807e-10
512 8.8807e-10
513 8.8807e-10
514 8.8807e-10
515 8.8807e-10
516 8.8807e-10
517 8.8807e-10
518 8.8807e-10
519 8.8807e-10
520 8.8807e-10
521 8.8807e-10
522 8.8807e-10
523 8.8807e-10
524 8.8807e-10
525 8.8807e-10
526 8.8807e-10
527 8.8807e-10
528 8.8807e-10
529 8.8807e-10
530 8.8807e-10
531 8.8807e-10
532 8.8807e-10
533 8.8807e-10
534 8.8807e-10
535 8.8807e-10
536 8.8807e-10
537 8.8807e-10
538 8.8807e-10
539 8.8807e-10
540 8.8807e-10
541 8.8807e-10
542 8.8807e-10
543 8.8807e-10
544 8.8807e-10
545 8.8807e-10
546 8.8807e-10
547 8.8807e-10
548 8.8807e-10
549 8.8807e-10
550 8.8807e-10
551 8.8807e-10
552 8.8807e-10
