1 6.04978e-09
2 6.04978e-09
3 6.04978e-09
4 6.04978e-09
5 6.04978e-09
6 6.04978e-09
7 6.04978e-09
8 6.04978e-09
9 6.04978e-09
10 6.04978e-09
11 6.04978e-09
12 6.04978e-09
13 6.04978e-09
14 6.04978e-09
15 6.04978e-09
16 6.04978e-09
17 6.04978e-09
18 6.04978e-09
19 6.04978e-09
20 6.04978e-09
21 6.04978e-09
22 6.04978e-09
23 6.04978e-09
24 6.04978e-09
25 6.04978e-09
26 6.04978e-09
27 6.04978e-09
28 6.04978e-09
29 6.04978e-09
30 6.04978e-09
31 6.04978e-09
32 6.04978e-09
33 6.04978e-09
34 6.04978e-09
35 6.04978e-09
36 6.04978e-09
37 6.04978e-09
38 6.04978e-09
39 6.04978e-09
40 6.04978e-09
41 6.04978e-09
42 6.04978e-09
43 6.04978e-09
44 6.04978e-09
45 6.04978e-09
46 6.04978e-09
47 6.04978e-09
48 6.04978e-09
49 6.04978e-09
50 6.04978e-09
51 6.04978e-09
52 6.04978e-09
53 6.04978e-09
54 6.04978e-09
55 6.04978e-09
56 6.04978e-09
57 6.04978e-09
58 6.04978e-09
59 6.04978e-09
60 6.04978e-09
61 6.04978e-09
62 6.04978e-09
63 6.04978e-09
64 6.04978e-09
65 6.04978e-09
66 6.04978e-09
67 6.04978e-09
68 6.04978e-09
69 6.04978e-09
70 6.04978e-09
71 6.04978e-09
72 6.04978e-09
73 6.04978e-09
74 6.04978e-09
75 6.04978e-09
76 6.04978e-09
77 6.04978e-09
78 6.04978e-09
79 6.04978e-09
80 6.04978e-09
81 6.04978e-09
82 6.04978e-09
83 6.04978e-09
84 6.04978e-09
85 6.04978e-09
86 6.04978e-09
87 6.04978e-09
88 6.04978e-09
89 6.04978e-09
90 6.04978e-09
91 6.04978e-09
92 6.04978e-09
93 6.04978e-09
94 6.04978e-09
95 6.04978e-09
96 6.04978e-09
97 6.04978e-09
98 6.04978e-09
99 6.04978e-09
100 6.04978e-09
101 6.04978e-09
102 6.04978e-09
103 6.04978e-09
104 6.04978e-09
105 6.04978e-09
106 6.04978e-09
107 6.04978e-09
108 6.04978e-09
109 6.04978e-09
110 6.04978e-09
111 6.04978e-09
112 6.04978e-09
113 6.04978e-09
114 6.04978e-09
115 6.04978e-09
116 6.04978e-09
117 6.04978e-09
118 6.04978e-09
119 6.04978e-09
120 6.04978e-09
121 6.04978e-09
122 6.04978e-09
123 6.04978e-09
124 6.04978e-09
125 6.04978e-09
126 6.04978e-09
127 6.04978e-09
128 6.04978e-09
129 6.04978e-09
130 6.04978e-09
131 6.04978e-09
132 6.04978e-09
133 6.04978e-09
134 6.04978e-09
135 6.04978e-09
136 6.04978e-09
137 6.04978e-09
138 6.04978e-09
139 6.04978e-09
140 6.04978e-09
141 6.04978e-09
142 6.04978e-09
143 6.04978e-09
144 6.04978e-09
145 6.04978e-09
146 6.04978e-09
147 6.04978e-09
148 6.04978e-09
149 6.04978e-09
150 6.04978e-09
151 6.04978e-09
152 6.04978e-09
153 6.04978e-09
154 6.04978e-09
155 6.04978e-09
156 6.04978e-09
157 6.04978e-09
158 6.04978e-09
159 6.04978e-09
160 6.04978e-09
161 6.04978e-09
162 6.04978e-09
163 6.04978e-09
164 6.04978e-09
165 6.04978e-09
166 6.04978e-09
167 6.04978e-09
168 6.04978e-09
169 6.04978e-09
170 6.04978e-09
171 6.04978e-09
172 6.04978e-09
173 6.04978e-09
174 6.04978e-09
175 6.04978e-09
176 6.04978e-09
177 6.04978e-09
178 6.04978e-09
179 6.04978e-09
180 6.04978e-09
181 6.04978e-09
182 6.04978e-09
183 6.04978e-09
184 6.04978e-09
185 6.04978e-09
186 6.04978e-09
187 6.04978e-09
188 6.04978e-09
189 6.04978e-09
190 6.04978e-09
191 6.04978e-09
192 6.04978e-09
193 6.04978e-09
194 6.04978e-09
195 6.04978e-09
196 6.04978e-09
197 6.04978e-09
198 6.04978e-09
199 6.04978e-09
200 6.04978e-09
201 6.04978e-09
202 6.04978e-09
203 6.04978e-09
204 6.04978e-09
205 6.04978e-09
206 6.04978e-09
207 6.04978e-09
208 6.04978e-09
209 6.04978e-09
210 6.04978e-09
211 6.04978e-09
212 6.04978e-09
213 6.04978e-09
214 6.04978e-09
215 6.04978e-09
216 6.04978e-09
217 6.04978e-09
218 6.04978e-09
219 6.04978e-09
220 6.04978e-09
221 6.04978e-09
222 6.04978e-09
223 6.04978e-09
224 6.04978e-09
225 6.04978e-09
226 6.04978e-09
227 6.04978e-09
228 6.04978e-09
229 6.04978e-09
230 6.04978e-09
231 8.76062e-09
232 2.17546e-08
233 6.50785e-08
234 1.9488e-07
235 5.66982e-07
236 1.60349e-06
237 4.42349e-06
238 1.19282e-05
239 3.14897e-05
240 8.1479e-05
241 0.00020683
242 0.000515469
243 0.00126187
244 0.00303441
245 0.00716476
246 0.0165958
247 0.0376592
248 0.0835729
249 0.181021
250 0.381914
251 0.783228
252 0.924943
253 0.97323
254 0.989077
255 0.994078
256 0.995594
257 0.998006
258 0.998679
259 0.999662
260 0.999914
261 0.999976
262 0.999991
263 0.999994
264 0.999998
265 0.999999
266 1
267 1
268 0.999999
269 0.999999
270 1
271 1
272 1
273 1
274 1
275 1
276 1
277 1
278 1
279 1
280 1
281 1
282 0.999999
283 0.999998
284 0.999997
285 0.999992
286 0.999971
287 0.999872
288 0.999437
289 0.997593
290 0.990097
291 0.984759
292 0.964855
293 0.951865
294 0.907476
295 0.880922
296 0.865706
297 0.819995
298 0.688284
299 0.324007
300 0.14705
301 0.0643911
302 0.0272276
303 0.0111282
304 0.00440071
305 0.0016858
306 0.000626356
307 0.000226034
308 7.93467e-05
309 2.71396e-05
310 9.06017e-06
311 2.95667e-06
312 9.4395e-07
313 2.94374e-07
314 8.9425e-08
315 2.67928e-08
316 9.19061e-09
317 6.04978e-09
318 6.04978e-09
319 6.04978e-09
320 6.04978e-09
321 6.04978e-09
322 6.04978e-09
323 6.04978e-09
324 6.04978e-09
325 6.04978e-09
326 6.04978e-09
327 6.04978e-09
328 6.04978e-09
329 6.04978e-09
330 6.04978e-09
331 6.04978e-09
332 6.04978e-09
333 6.04978e-09
334 6.04978e-09
335 6.04978e-09
336 6.04978e-09
337 6.04978e-09
338 6.04978e-09
339 6.04978e-09
340 6.04978e-09
341 6.04978e-09
342 6.04978e-09
343 6.04978e-09
344 6.04978e-09
345 6.04978e-09
346 6.04978e-09
347 6.04978e-09
348 6.04978e-09
349 6.04978e-09
350 6.04978e-09
351 6.04978e-09
352 6.04978e-09
353 6.04978e-09
354 6.04978e-09
355 6.04978e-09
356 6.04978e-09
357 6.04978e-09
358 6.04978e-09
359 6.04978e-09
360 6.04978e-09
361 6.04978e-09
362 6.04978e-09
363 6.04978e-09
364 6.04978e-09
365 6.04978e-09
366 6.04978e-09
367 6.04978e-09
368 6.04978e-09
369 6.04978e-09
370 6.04978e-09
371 6.04978e-09
372 6.04978e-09
373 6.04978e-09
374 6.04978e-09
375 6.04978e-09
376 6.04978e-09
377 6.04978e-09
378 6.04978e-09
379 6.04978e-09
380 6.04978e-09
381 6.04978e-09
382 6.04978e-09
383 6.04978e-09
384 6.04978e-09
385 6.04978e-09
386 6.04978e-09
387 6.04978e-09
388 6.04978e-09
389 6.04978e-09
390 6.04978e-09
391 6.04978e-09
392 6.04978e-09
393 6.04978e-09
394 6.04978e-09
395 6.04978e-09
396 6.04978e-09
397 6.04978e-09
398 6.04978e-09
399 6.04978e-09
400 6.04978e-09
401 6.04978e-09
402 6.04978e-09
403 6.04978e-09
404 6.04978e-09
405 6.04978e-09
406 6.04978e-09
407 6.04978e-09
408 6.04978e-09
409 6.04978e-09
410 6.04978e-09
411 6.04978e-09
412 6.04978e-09
413 6.04978e-09
414 6.04978e-09
415 6.04978e-09
416 6.04978e-09
417 6.04978e-09
418 6.04978e-09
419 6.04978e-09
420 6.04978e-09
421 6.04978e-09
422 6.04978e-09
423 6.04978e-09
424 6.04978e-09
425 6.04978e-09
426 6.04978e-09
427 6.04978e-09
428 6.04978e-09
429 6.04978e-09
430 6.04978e-09
431 6.04978e-09
432 6.04978e-09
433 6.04978e-09
434 6.04978e-09
435 6.04978e-09
436 6.04978e-09
437 6.04978e-09
438 6.04978e-09
439 6.04978e-09
440 6.04978e-09
441 6.04978e-09
442 6.04978e-09
443 6.04978e-09
444 6.04978e-09
445 6.04978e-09
446 6.04978e-09
447 6.04978e-09
448 6.04978e-09
449 6.04978e-09
450 6.04978e-09
451 6.04978e-09
452 6.04978e-09
453 6.04978e-09
454 6.04978e-09
455 6.04978e-09
456 6.04978e-09
457 6.04978e-09
458 6.04978e-09
459 6.04978e-09
460 6.04978e-09
461 6.04978e-09
462 6.04978e-09
463 6.04978e-09
464 6.04978e-09
465 6.04978e-09
466 6.04978e-09
467 6.04978e-09
468 6.04978e-09
469 6.04978e-09
470 6.04978e-09
471 6.04978e-09
472 6.04978e-09
473 6.04978e-09
474 6.04978e-09
475 6.04978e-09
476 6.04978e-09
477 6.04978e-09
478 6.04978e-09
479 6.04978e-09
480 6.04978e-09
481 6.04978e-09
482 6.04978e-09
483 6.04978e-09
484 6.04978e-09
485 6.04978e-09
486 6.04978e-09
487 6.04978e-09
488 6.04978e-09
489 6.04978e-09
490 6.04978e-09
491 6.04978e-09
492 6.04978e-09
493 6.04978e-09
494 6.04978e-09
495 6.04978e-09
496 6.04978e-09
497 6.04978e-09
498 6.04978e-09
499 6.04978e-09
500 6.04978e-09
501 6.04978e-09
502 6.04978e-09
503 6.04978e-09
504 6.04978e-09
505 6.04978e-09
506 6.04978e-09
507 6.04978e-09
508 6.04978e-09
509 6.04978e-09
510 6.04978e-09
511 6.04978e-09
512 6.04978e-09
513 6.04978e-09
514 6.04978e-09
515 6.04978e-09
516 6.04978e-09
517 6.04978e-09
518 6.04978e-09
519 6.04978e-09
520 6.04978e-09
521 6.04978e-09
522 6.04978e-09
523 6.04978e-09
524 6.04978e-09
525 6.04978e-09
526 6.04978e-09
527 6.04978e-09
528 6.04978e-09
529 6.04978e-09
530 6.04978e-09
531 6.04978e-09
532 6.04978e-09
533 6.04978e-09
534 6.04978e-09
535 6.04978e-09
536 6.04978e-09
537 6.04978e-09
538 6.04978e-09
539 6.04978e-09
540 6.04978e-09
541 6.04978e-09
542 6.04978e-09
543 6.04978e-09
544 6.04978e-09
545 6.04978e-09
546 6.04978e-09
547 6.04978e-09
548 6.04978e-09
549 6.04978e-09
550 6.04978e-09
551 6.04978e-09
552 6.04978e-09
