1 1.94558e-09
2 1.94558e-09
3 1.94558e-09
4 1.94558e-09
5 1.94558e-09
6 1.94558e-09
7 1.94558e-09
8 1.94558e-09
9 1.94558e-09
10 1.94558e-09
11 1.94558e-09
12 1.94558e-09
13 1.94558e-09
14 1.94558e-09
15 1.94558e-09
16 1.94558e-09
17 1.94558e-09
18 1.94558e-09
19 1.94558e-09
20 1.94558e-09
21 1.94558e-09
22 1.94558e-09
23 1.94558e-09
24 1.94558e-09
25 1.94558e-09
26 1.94558e-09
27 1.94558e-09
28 1.94558e-09
29 1.94558e-09
30 1.94558e-09
31 1.94558e-09
32 1.94558e-09
33 1.94558e-09
34 1.94558e-09
35 1.94558e-09
36 1.94558e-09
37 1.94558e-09
38 1.94558e-09
39 1.94558e-09
40 1.94558e-09
41 1.94558e-09
42 1.94558e-09
43 1.94558e-09
44 1.94558e-09
45 1.94558e-09
46 1.94558e-09
47 1.94558e-09
48 1.94558e-09
49 1.94558e-09
50 1.94558e-09
51 1.94558e-09
52 1.94558e-09
53 1.94558e-09
54 1.94558e-09
55 1.94558e-09
56 1.94558e-09
57 1.94558e-09
58 1.94558e-09
59 1.94558e-09
60 1.94558e-09
61 1.94558e-09
62 1.94558e-09
63 1.94558e-09
64 1.94558e-09
65 1.94558e-09
66 1.94558e-09
67 1.94558e-09
68 1.94558e-09
69 1.94558e-09
70 1.94558e-09
71 1.94558e-09
72 1.94558e-09
73 1.94558e-09
74 1.94558e-09
75 1.94558e-09
76 1.94558e-09
77 1.94558e-09
78 1.94558e-09
79 1.94558e-09
80 1.94558e-09
81 1.94558e-09
82 1.94558e-09
83 1.94558e-09
84 1.94558e-09
85 1.94558e-09
86 1.94558e-09
87 1.94558e-09
88 1.94558e-09
89 1.94558e-09
90 1.94558e-09
91 1.94558e-09
92 1.94558e-09
93 1.94558e-09
94 1.94558e-09
95 1.94558e-09
96 1.94558e-09
97 1.94558e-09
98 1.94558e-09
99 1.94558e-09
100 1.94558e-09
101 1.94558e-09
102 1.94558e-09
103 1.94558e-09
104 1.94558e-09
105 1.94558e-09
106 1.94558e-09
107 1.94558e-09
108 1.94558e-09
109 1.94558e-09
110 1.94558e-09
111 1.94558e-09
112 1.94558e-09
113 1.94558e-09
114 1.94558e-09
115 1.94558e-09
116 1.94558e-09
117 1.94558e-09
118 1.94558e-09
119 1.94558e-09
120 1.94558e-09
121 1.94558e-09
122 1.94558e-09
123 1.94558e-09
124 1.94558e-09
125 1.94558e-09
126 1.94558e-09
127 1.94558e-09
128 1.94558e-09
129 1.94558e-09
130 1.94558e-09
131 1.94558e-09
132 1.94558e-09
133 1.94558e-09
134 1.94558e-09
135 1.94558e-09
136 1.94558e-09
137 1.94558e-09
138 1.94558e-09
139 1.94558e-09
140 1.94558e-09
141 1.94558e-09
142 1.94558e-09
143 1.94558e-09
144 1.94558e-09
145 1.94558e-09
146 1.94558e-09
147 1.94558e-09
148 1.94558e-09
149 1.94558e-09
150 1.94558e-09
151 1.94558e-09
152 1.94558e-09
153 1.94558e-09
154 1.94558e-09
155 1.94558e-09
156 1.94558e-09
157 1.94558e-09
158 1.94558e-09
159 1.94558e-09
160 1.94558e-09
161 1.94558e-09
162 1.94558e-09
163 1.94558e-09
164 1.94558e-09
165 1.94558e-09
166 1.94558e-09
167 1.94558e-09
168 1.94558e-09
169 1.94558e-09
170 1.94558e-09
171 1.94558e-09
172 1.94558e-09
173 1.94558e-09
174 1.94558e-09
175 1.94558e-09
176 1.94558e-09
177 1.94558e-09
178 1.94558e-09
179 1.94558e-09
180 1.94558e-09
181 1.94558e-09
182 1.94558e-09
183 1.94558e-09
184 1.94558e-09
185 1.94558e-09
186 1.94558e-09
187 1.94558e-09
188 1.94558e-09
189 1.94558e-09
190 1.94558e-09
191 1.94558e-09
192 1.94558e-09
193 1.94558e-09
194 1.94558e-09
195 1.94558e-09
196 1.94558e-09
197 1.94558e-09
198 1.94558e-09
199 1.94558e-09
200 1.94558e-09
201 1.94558e-09
202 1.94558e-09
203 1.94558e-09
204 1.94558e-09
205 1.94558e-09
206 1.94558e-09
207 1.94558e-09
208 1.94558e-09
209 1.94558e-09
210 1.94558e-09
211 1.94558e-09
212 1.94558e-09
213 1.94558e-09
214 1.94558e-09
215 1.94558e-09
216 1.94558e-09
217 1.94558e-09
218 1.94558e-09
219 1.94558e-09
220 1.94558e-09
221 1.94558e-09
222 1.94558e-09
223 1.94558e-09
224 1.94558e-09
225 1.94558e-09
226 1.94558e-09
227 1.94558e-09
228 1.94558e-09
229 1.94558e-09
230 1.94558e-09
231 1.94558e-09
232 1.94558e-09
233 1.94558e-09
234 1.94558e-09
235 2.81492e-09
236 1.01386e-08
237 4.07443e-08
238 1.46124e-07
239 5.02767e-07
240 1.70307e-06
241 5.72723e-06
242 1.91716e-05
243 6.38156e-05
244 0.000210687
245 0.000687727
246 0.00221228
247 0.00699179
248 0.0216541
249 0.0655876
250 0.194009
251 0.560012
252 0.745968
253 0.838145
254 0.882772
255 0.903903
256 0.913704
257 0.938096
258 0.948995
259 0.975156
260 0.986427
261 0.991187
262 0.993152
263 0.993943
264 0.995637
265 0.996278
266 0.997562
267 0.998013
268 0.998165
269 0.998435
270 0.998892
271 0.999632
272 0.99984
273 0.999895
274 0.999973
275 0.999988
276 0.999979
277 0.999924
278 0.999719
279 0.998991
280 0.998544
281 0.997111
282 0.992738
283 0.990414
284 0.989234
285 0.986107
286 0.97818
287 0.958937
288 0.914145
289 0.814019
290 0.598734
291 0.517186
292 0.354075
293 0.296367
294 0.188078
295 0.151959
296 0.140213
297 0.119775
298 0.0848572
299 0.0260035
300 0.00800643
301 0.00250303
302 0.000803512
303 0.000267335
304 9.25495e-05
305 3.32234e-05
306 1.22453e-05
307 4.57357e-06
308 1.7082e-06
309 6.30129e-07
310 2.26652e-07
311 7.87584e-08
312 2.64211e-08
313 8.6912e-09
314 2.92044e-09
315 1.94558e-09
316 1.94558e-09
317 1.94558e-09
318 1.94558e-09
319 1.94558e-09
320 1.94558e-09
321 1.94558e-09
322 1.94558e-09
323 1.94558e-09
324 1.94558e-09
325 1.94558e-09
326 1.94558e-09
327 1.94558e-09
328 1.94558e-09
329 1.94558e-09
330 1.94558e-09
331 1.94558e-09
332 1.94558e-09
333 1.94558e-09
334 1.94558e-09
335 1.94558e-09
336 1.94558e-09
337 1.94558e-09
338 1.94558e-09
339 1.94558e-09
340 1.94558e-09
341 1.94558e-09
342 1.94558e-09
343 1.94558e-09
344 1.94558e-09
345 1.94558e-09
346 1.94558e-09
347 1.94558e-09
348 1.94558e-09
349 1.94558e-09
350 1.94558e-09
351 1.94558e-09
352 1.94558e-09
353 1.94558e-09
354 1.94558e-09
355 1.94558e-09
356 1.94558e-09
357 1.94558e-09
358 1.94558e-09
359 1.94558e-09
360 1.94558e-09
361 1.94558e-09
362 1.94558e-09
363 1.94558e-09
364 1.94558e-09
365 1.94558e-09
366 1.94558e-09
367 1.94558e-09
368 1.94558e-09
369 1.94558e-09
370 1.94558e-09
371 1.94558e-09
372 1.94558e-09
373 1.94558e-09
374 1.94558e-09
375 1.94558e-09
376 1.94558e-09
377 1.94558e-09
378 1.94558e-09
379 1.94558e-09
380 1.94558e-09
381 1.94558e-09
382 1.94558e-09
383 1.94558e-09
384 1.94558e-09
385 1.94558e-09
386 1.94558e-09
387 1.94558e-09
388 1.94558e-09
389 1.94558e-09
390 1.94558e-09
391 1.94558e-09
392 1.94558e-09
393 1.94558e-09
394 1.94558e-09
395 1.94558e-09
396 1.94558e-09
397 1.94558e-09
398 1.94558e-09
399 1.94558e-09
400 1.94558e-09
401 1.94558e-09
402 1.94558e-09
403 1.94558e-09
404 1.94558e-09
405 1.94558e-09
406 1.94558e-09
407 1.94558e-09
408 1.94558e-09
409 1.94558e-09
410 1.94558e-09
411 1.94558e-09
412 1.94558e-09
413 1.94558e-09
414 1.94558e-09
415 1.94558e-09
416 1.94558e-09
417 1.94558e-09
418 1.94558e-09
419 1.94558e-09
420 1.94558e-09
421 1.94558e-09
422 1.94558e-09
423 1.94558e-09
424 1.94558e-09
425 1.94558e-09
426 1.94558e-09
427 1.94558e-09
428 1.94558e-09
429 1.94558e-09
430 1.94558e-09
431 1.94558e-09
432 1.94558e-09
433 1.94558e-09
434 1.94558e-09
435 1.94558e-09
436 1.94558e-09
437 1.94558e-09
438 1.94558e-09
439 1.94558e-09
440 1.94558e-09
441 1.94558e-09
442 1.94558e-09
443 1.94558e-09
444 1.94558e-09
445 1.94558e-09
446 1.94558e-09
447 1.94558e-09
448 1.94558e-09
449 1.94558e-09
450 1.94558e-09
451 1.94558e-09
452 1.94558e-09
453 1.94558e-09
454 1.94558e-09
455 1.94558e-09
456 1.94558e-09
457 1.94558e-09
458 1.94558e-09
459 1.94558e-09
460 1.94558e-09
461 1.94558e-09
462 1.94558e-09
463 1.94558e-09
464 1.94558e-09
465 1.94558e-09
466 1.94558e-09
467 1.94558e-09
468 1.94558e-09
469 1.94558e-09
470 1.94558e-09
471 1.94558e-09
472 1.94558e-09
473 1.94558e-09
474 1.94558e-09
475 1.94558e-09
476 1.94558e-09
477 1.94558e-09
478 1.94558e-09
479 1.94558e-09
480 1.94558e-09
481 1.94558e-09
482 1.94558e-09
483 1.94558e-09
484 1.94558e-09
485 1.94558e-09
486 1.94558e-09
487 1.94558e-09
488 1.94558e-09
489 1.94558e-09
490 1.94558e-09
491 1.94558e-09
492 1.94558e-09
493 1.94558e-09
494 1.94558e-09
495 1.94558e-09
496 1.94558e-09
497 1.94558e-09
498 1.94558e-09
499 1.94558e-09
500 1.94558e-09
501 1.94558e-09
502 1.94558e-09
503 1.94558e-09
504 1.94558e-09
505 1.94558e-09
506 1.94558e-09
507 1.94558e-09
508 1.94558e-09
509 1.94558e-09
510 1.94558e-09
511 1.94558e-09
512 1.94558e-09
513 1.94558e-09
514 1.94558e-09
515 1.94558e-09
516 1.94558e-09
517 1.94558e-09
518 1.94558e-09
519 1.94558e-09
520 1.94558e-09
521 1.94558e-09
522 1.94558e-09
523 1.94558e-09
524 1.94558e-09
525 1.94558e-09
526 1.94558e-09
527 1.94558e-09
528 1.94558e-09
529 1.94558e-09
530 1.94558e-09
531 1.94558e-09
532 1.94558e-09
533 1.94558e-09
534 1.94558e-09
535 1.94558e-09
536 1.94558e-09
537 1.94558e-09
538 1.94558e-09
539 1.94558e-09
540 1.94558e-09
541 1.94558e-09
542 1.94558e-09
543 1.94558e-09
544 1.94558e-09
545 1.94558e-09
546 1.94558e-09
547 1.94558e-09
548 1.94558e-09
549 1.94558e-09
550 1.94558e-09
551 1.94558e-09
552 1.94558e-09
