1 2.54757e-09
2 2.54757e-09
3 2.54757e-09
4 2.54757e-09
5 2.54757e-09
6 2.54757e-09
7 2.54757e-09
8 2.54757e-09
9 2.54757e-09
10 2.54757e-09
11 2.54757e-09
12 2.54757e-09
13 2.54757e-09
14 2.54757e-09
15 2.54757e-09
16 2.54757e-09
17 2.54757e-09
18 2.54757e-09
19 2.54757e-09
20 2.54757e-09
21 2.54757e-09
22 2.54757e-09
23 2.54757e-09
24 2.54757e-09
25 2.54757e-09
26 2.54757e-09
27 2.54757e-09
28 2.54757e-09
29 2.54757e-09
30 2.54757e-09
31 2.54757e-09
32 2.54757e-09
33 2.54757e-09
34 2.54757e-09
35 2.54757e-09
36 2.54757e-09
37 2.54757e-09
38 2.54757e-09
39 2.54757e-09
40 2.54757e-09
41 2.54757e-09
42 2.54757e-09
43 2.54757e-09
44 2.54757e-09
45 2.54757e-09
46 2.54757e-09
47 2.54757e-09
48 2.54757e-09
49 2.54757e-09
50 2.54757e-09
51 2.54757e-09
52 2.54757e-09
53 2.54757e-09
54 2.54757e-09
55 2.54757e-09
56 2.54757e-09
57 2.54757e-09
58 2.54757e-09
59 2.54757e-09
60 2.54757e-09
61 2.54757e-09
62 2.54757e-09
63 2.54757e-09
64 2.54757e-09
65 2.54757e-09
66 2.54757e-09
67 2.54757e-09
68 2.54757e-09
69 2.54757e-09
70 2.54757e-09
71 2.54757e-09
72 2.54757e-09
73 2.54757e-09
74 2.54757e-09
75 2.54757e-09
76 2.54757e-09
77 2.54757e-09
78 2.54757e-09
79 2.54757e-09
80 2.54757e-09
81 2.54757e-09
82 2.54757e-09
83 2.54757e-09
84 2.54757e-09
85 2.54757e-09
86 2.54757e-09
87 2.54757e-09
88 2.54757e-09
89 2.54757e-09
90 2.54757e-09
91 2.54757e-09
92 2.54757e-09
93 2.54757e-09
94 2.54757e-09
95 2.54757e-09
96 2.54757e-09
97 2.54757e-09
98 2.54757e-09
99 2.54757e-09
100 2.54757e-09
101 2.54757e-09
102 2.54757e-09
103 2.54757e-09
104 2.54757e-09
105 2.54757e-09
106 2.54757e-09
107 2.54757e-09
108 2.54757e-09
109 2.54757e-09
110 2.54757e-09
111 2.54757e-09
112 2.54757e-09
113 2.54757e-09
114 2.54757e-09
115 2.54757e-09
116 2.54757e-09
117 2.54757e-09
118 2.54757e-09
119 2.54757e-09
120 2.54757e-09
121 2.54757e-09
122 2.54757e-09
123 2.54757e-09
124 2.54757e-09
125 2.54757e-09
126 2.54757e-09
127 2.54757e-09
128 2.54757e-09
129 2.54757e-09
130 2.54757e-09
131 2.54757e-09
132 2.54757e-09
133 2.54757e-09
134 2.54757e-09
135 2.54757e-09
136 2.54757e-09
137 2.54757e-09
138 2.54757e-09
139 2.54757e-09
140 2.54757e-09
141 2.54757e-09
142 2.54757e-09
143 2.54757e-09
144 2.54757e-09
145 2.54757e-09
146 2.54757e-09
147 2.54757e-09
148 2.54757e-09
149 2.54757e-09
150 2.54757e-09
151 2.54757e-09
152 2.54757e-09
153 2.54757e-09
154 2.54757e-09
155 2.54757e-09
156 2.54757e-09
157 2.54757e-09
158 2.54757e-09
159 2.54757e-09
160 2.54757e-09
161 2.54757e-09
162 2.54757e-09
163 2.54757e-09
164 2.54757e-09
165 2.54757e-09
166 2.54757e-09
167 2.54757e-09
168 2.54757e-09
169 2.54757e-09
170 2.54757e-09
171 2.54757e-09
172 2.54757e-09
173 2.54757e-09
174 2.54757e-09
175 2.54757e-09
176 2.54757e-09
177 2.54757e-09
178 2.54757e-09
179 2.54757e-09
180 2.54757e-09
181 2.54757e-09
182 2.54757e-09
183 2.54757e-09
184 2.54757e-09
185 2.54757e-09
186 2.54757e-09
187 2.54757e-09
188 2.54757e-09
189 2.54757e-09
190 2.54757e-09
191 2.54757e-09
192 2.54757e-09
193 2.54757e-09
194 2.54757e-09
195 2.54757e-09
196 2.54757e-09
197 2.54757e-09
198 2.54757e-09
199 2.54757e-09
200 2.54757e-09
201 2.54757e-09
202 2.54757e-09
203 2.54757e-09
204 2.54757e-09
205 2.54757e-09
206 2.54757e-09
207 2.54757e-09
208 2.54757e-09
209 2.54757e-09
210 2.54757e-09
211 2.54757e-09
212 2.54757e-09
213 2.54757e-09
214 2.54757e-09
215 2.54757e-09
216 2.54757e-09
217 2.54757e-09
218 2.54757e-09
219 2.54757e-09
220 2.54757e-09
221 2.54757e-09
222 2.54757e-09
223 2.54757e-09
224 2.54757e-09
225 2.54757e-09
226 2.54757e-09
227 2.54757e-09
228 2.54757e-09
229 2.54757e-09
230 2.54757e-09
231 2.54757e-09
232 2.54757e-09
233 3.62485e-09
234 1.23911e-08
235 4.57896e-08
236 1.56328e-07
237 5.09209e-07
238 1.61128e-06
239 4.98311e-06
240 1.50723e-05
241 4.45758e-05
242 0.000128847
243 0.000363935
244 0.00100469
245 0.00271223
246 0.00716578
247 0.0185471
248 0.047078
249 0.117294
250 0.287015
251 0.689838
252 0.861316
253 0.932811
254 0.961943
255 0.973513
256 0.977979
257 0.987122
258 0.99043
259 0.996742
260 0.998861
261 0.999544
262 0.999755
263 0.999817
264 0.999914
265 0.99994
266 0.999977
267 0.999986
268 0.999988
269 0.999991
270 0.999994
271 0.999998
272 0.999999
273 1
274 1
275 1
276 1
277 1
278 0.999999
279 0.999995
280 0.999992
281 0.999977
282 0.999912
283 0.999862
284 0.999825
285 0.999683
286 0.999159
287 0.997319
288 0.991149
289 0.971376
290 0.910816
291 0.87838
292 0.787416
293 0.742729
294 0.627566
295 0.575467
296 0.552812
297 0.500949
298 0.386532
299 0.142919
300 0.0512546
301 0.0178602
302 0.00605927
303 0.00200596
304 0.000649744
305 0.000206562
306 6.47045e-05
307 2.00682e-05
308 6.2003e-06
309 1.92171e-06
310 6.01481e-07
311 1.90281e-07
312 5.97514e-08
313 1.74981e-08
314 5.03931e-09
315 2.94146e-09
316 2.54757e-09
317 2.54757e-09
318 2.54757e-09
319 2.54757e-09
320 2.54757e-09
321 2.54757e-09
322 2.54757e-09
323 2.54757e-09
324 2.54757e-09
325 2.54757e-09
326 2.54757e-09
327 2.54757e-09
328 2.54757e-09
329 2.54757e-09
330 2.54757e-09
331 2.54757e-09
332 2.54757e-09
333 2.54757e-09
334 2.54757e-09
335 2.54757e-09
336 2.54757e-09
337 2.54757e-09
338 2.54757e-09
339 2.54757e-09
340 2.54757e-09
341 2.54757e-09
342 2.54757e-09
343 2.54757e-09
344 2.54757e-09
345 2.54757e-09
346 2.54757e-09
347 2.54757e-09
348 2.54757e-09
349 2.54757e-09
350 2.54757e-09
351 2.54757e-09
352 2.54757e-09
353 2.54757e-09
354 2.54757e-09
355 2.54757e-09
356 2.54757e-09
357 2.54757e-09
358 2.54757e-09
359 2.54757e-09
360 2.54757e-09
361 2.54757e-09
362 2.54757e-09
363 2.54757e-09
364 2.54757e-09
365 2.54757e-09
366 2.54757e-09
367 2.54757e-09
368 2.54757e-09
369 2.54757e-09
370 2.54757e-09
371 2.54757e-09
372 2.54757e-09
373 2.54757e-09
374 2.54757e-09
375 2.54757e-09
376 2.54757e-09
377 2.54757e-09
378 2.54757e-09
379 2.54757e-09
380 2.54757e-09
381 2.54757e-09
382 2.54757e-09
383 2.54757e-09
384 2.54757e-09
385 2.54757e-09
386 2.54757e-09
387 2.54757e-09
388 2.54757e-09
389 2.54757e-09
390 2.54757e-09
391 2.54757e-09
392 2.54757e-09
393 2.54757e-09
394 2.54757e-09
395 2.54757e-09
396 2.54757e-09
397 2.54757e-09
398 2.54757e-09
399 2.54757e-09
400 2.54757e-09
401 2.54757e-09
402 2.54757e-09
403 2.54757e-09
404 2.54757e-09
405 2.54757e-09
406 2.54757e-09
407 2.54757e-09
408 2.54757e-09
409 2.54757e-09
410 2.54757e-09
411 2.54757e-09
412 2.54757e-09
413 2.54757e-09
414 2.54757e-09
415 2.54757e-09
416 2.54757e-09
417 2.54757e-09
418 2.54757e-09
419 2.54757e-09
420 2.54757e-09
421 2.54757e-09
422 2.54757e-09
423 2.54757e-09
424 2.54757e-09
425 2.54757e-09
426 2.54757e-09
427 2.54757e-09
428 2.54757e-09
429 2.54757e-09
430 2.54757e-09
431 2.54757e-09
432 2.54757e-09
433 2.54757e-09
434 2.54757e-09
435 2.54757e-09
436 2.54757e-09
437 2.54757e-09
438 2.54757e-09
439 2.54757e-09
440 2.54757e-09
441 2.54757e-09
442 2.54757e-09
443 2.54757e-09
444 2.54757e-09
445 2.54757e-09
446 2.54757e-09
447 2.54757e-09
448 2.54757e-09
449 2.54757e-09
450 2.54757e-09
451 2.54757e-09
452 2.54757e-09
453 2.54757e-09
454 2.54757e-09
455 2.54757e-09
456 2.54757e-09
457 2.54757e-09
458 2.54757e-09
459 2.54757e-09
460 2.54757e-09
461 2.54757e-09
462 2.54757e-09
463 2.54757e-09
464 2.54757e-09
465 2.54757e-09
466 2.54757e-09
467 2.54757e-09
468 2.54757e-09
469 2.54757e-09
470 2.54757e-09
471 2.54757e-09
472 2.54757e-09
473 2.54757e-09
474 2.54757e-09
475 2.54757e-09
476 2.54757e-09
477 2.54757e-09
478 2.54757e-09
479 2.54757e-09
480 2.54757e-09
481 2.54757e-09
482 2.54757e-09
483 2.54757e-09
484 2.54757e-09
485 2.54757e-09
486 2.54757e-09
487 2.54757e-09
488 2.54757e-09
489 2.54757e-09
490 2.54757e-09
491 2.54757e-09
492 2.54757e-09
493 2.54757e-09
494 2.54757e-09
495 2.54757e-09
496 2.54757e-09
497 2.54757e-09
498 2.54757e-09
499 2.54757e-09
500 2.54757e-09
501 2.54757e-09
502 2.54757e-09
503 2.54757e-09
504 2.54757e-09
505 2.54757e-09
506 2.54757e-09
507 2.54757e-09
508 2.54757e-09
509 2.54757e-09
510 2.54757e-09
511 2.54757e-09
512 2.54757e-09
513 2.54757e-09
514 2.54757e-09
515 2.54757e-09
516 2.54757e-09
517 2.54757e-09
518 2.54757e-09
519 2.54757e-09
520 2.54757e-09
521 2.54757e-09
522 2.54757e-09
523 2.54757e-09
524 2.54757e-09
525 2.54757e-09
526 2.54757e-09
527 2.54757e-09
528 2.54757e-09
529 2.54757e-09
530 2.54757e-09
531 2.54757e-09
532 2.54757e-09
533 2.54757e-09
534 2.54757e-09
535 2.54757e-09
536 2.54757e-09
537 2.54757e-09
538 2.54757e-09
539 2.54757e-09
540 2.54757e-09
541 2.54757e-09
542 2.54757e-09
543 2.54757e-09
544 2.54757e-09
545 2.54757e-09
546 2.54757e-09
547 2.54757e-09
548 2.54757e-09
549 2.54757e-09
550 2.54757e-09
551 2.54757e-09
552 2.54757e-09
