1 2.60585e-09
2 2.60585e-09
3 2.60585e-09
4 2.60585e-09
5 2.60585e-09
6 2.60585e-09
7 2.60585e-09
8 2.60585e-09
9 2.60585e-09
10 2.60585e-09
11 2.60585e-09
12 2.60585e-09
13 2.60585e-09
14 2.60585e-09
15 2.60585e-09
16 2.60585e-09
17 2.60585e-09
18 2.60585e-09
19 2.60585e-09
20 2.60585e-09
21 2.60585e-09
22 2.60585e-09
23 2.60585e-09
24 2.60585e-09
25 2.60585e-09
26 2.60585e-09
27 2.60585e-09
28 2.60585e-09
29 2.60585e-09
30 2.60585e-09
31 2.60585e-09
32 2.60585e-09
33 2.60585e-09
34 2.60585e-09
35 2.60585e-09
36 2.60585e-09
37 2.60585e-09
38 2.60585e-09
39 2.60585e-09
40 2.60585e-09
41 2.60585e-09
42 2.60585e-09
43 2.60585e-09
44 2.60585e-09
45 2.60585e-09
46 2.60585e-09
47 2.60585e-09
48 2.60585e-09
49 2.60585e-09
50 2.60585e-09
51 2.60585e-09
52 2.60585e-09
53 2.60585e-09
54 2.60585e-09
55 2.60585e-09
56 2.60585e-09
57 2.60585e-09
58 2.60585e-09
59 2.60585e-09
60 2.60585e-09
61 2.60585e-09
62 2.60585e-09
63 2.60585e-09
64 2.60585e-09
65 2.60585e-09
66 2.60585e-09
67 2.60585e-09
68 2.60585e-09
69 2.60585e-09
70 2.60585e-09
71 2.60585e-09
72 2.60585e-09
73 2.60585e-09
74 2.60585e-09
75 2.60585e-09
76 2.60585e-09
77 2.60585e-09
78 2.60585e-09
79 2.60585e-09
80 2.60585e-09
81 2.60585e-09
82 2.60585e-09
83 2.60585e-09
84 2.60585e-09
85 2.60585e-09
86 2.60585e-09
87 2.60585e-09
88 2.60585e-09
89 2.60585e-09
90 2.60585e-09
91 2.60585e-09
92 2.60585e-09
93 2.60585e-09
94 2.60585e-09
95 2.60585e-09
96 2.60585e-09
97 2.60585e-09
98 2.60585e-09
99 2.60585e-09
100 2.60585e-09
101 2.60585e-09
102 2.60585e-09
103 2.60585e-09
104 2.60585e-09
105 2.60585e-09
106 2.60585e-09
107 2.60585e-09
108 2.60585e-09
109 2.60585e-09
110 2.60585e-09
111 2.60585e-09
112 2.60585e-09
113 2.60585e-09
114 2.60585e-09
115 2.60585e-09
116 2.60585e-09
117 2.60585e-09
118 2.60585e-09
119 2.60585e-09
120 2.60585e-09
121 2.60585e-09
122 2.60585e-09
123 2.60585e-09
124 2.60585e-09
125 2.60585e-09
126 2.60585e-09
127 2.60585e-09
128 2.60585e-09
129 2.60585e-09
130 2.60585e-09
131 2.60585e-09
132 2.60585e-09
133 2.60585e-09
134 2.60585e-09
135 2.60585e-09
136 2.60585e-09
137 2.60585e-09
138 2.60585e-09
139 2.60585e-09
140 2.60585e-09
141 2.60585e-09
142 2.60585e-09
143 2.60585e-09
144 2.60585e-09
145 2.60585e-09
146 2.60585e-09
147 2.60585e-09
148 2.60585e-09
149 2.60585e-09
150 2.60585e-09
151 2.60585e-09
152 2.60585e-09
153 2.60585e-09
154 2.60585e-09
155 2.60585e-09
156 2.60585e-09
157 2.60585e-09
158 2.60585e-09
159 2.60585e-09
160 2.60585e-09
161 2.60585e-09
162 2.60585e-09
163 2.60585e-09
164 2.60585e-09
165 2.60585e-09
166 2.60585e-09
167 2.60585e-09
168 2.60585e-09
169 2.60585e-09
170 2.60585e-09
171 2.60585e-09
172 2.60585e-09
173 2.60585e-09
174 2.60585e-09
175 2.60585e-09
176 2.60585e-09
177 2.60585e-09
178 2.60585e-09
179 2.60585e-09
180 2.60585e-09
181 2.60585e-09
182 2.60585e-09
183 2.60585e-09
184 2.60585e-09
185 2.60585e-09
186 2.60585e-09
187 2.60585e-09
188 2.60585e-09
189 2.60585e-09
190 2.60585e-09
191 2.60585e-09
192 2.60585e-09
193 2.60585e-09
194 2.60585e-09
195 2.60585e-09
196 2.60585e-09
197 2.60585e-09
198 2.60585e-09
199 2.60585e-09
200 2.60585e-09
201 2.60585e-09
202 2.60585e-09
203 2.60585e-09
204 2.60585e-09
205 2.60585e-09
206 2.60585e-09
207 2.60585e-09
208 2.60585e-09
209 2.60585e-09
210 2.60585e-09
211 2.60585e-09
212 2.60585e-09
213 2.60585e-09
214 2.60585e-09
215 2.60585e-09
216 2.60585e-09
217 2.60585e-09
218 2.60585e-09
219 2.60585e-09
220 2.60585e-09
221 2.60585e-09
222 2.60585e-09
223 2.60585e-09
224 2.60585e-09
225 2.60585e-09
226 2.60585e-09
227 2.60585e-09
228 2.60585e-09
229 2.60585e-09
230 2.60585e-09
231 2.60585e-09
232 2.60585e-09
233 2.60585e-09
234 6.37036e-09
235 2.29839e-08
236 7.95264e-08
237 2.67436e-07
238 8.76959e-07
239 2.8225e-06
240 8.91785e-06
241 2.76294e-05
242 8.38161e-05
243 0.00024866
244 0.000720887
245 0.00204161
246 0.00564909
247 0.0152795
248 0.0404332
249 0.10479
250 0.266279
251 0.66408
252 0.840037
253 0.916463
254 0.949029
255 0.962619
256 0.968161
257 0.980208
258 0.984859
259 0.994378
260 0.997818
261 0.999016
262 0.999418
263 0.999546
264 0.999763
265 0.999827
266 0.999926
267 0.999952
268 0.999958
269 0.999967
270 0.999979
271 0.999995
272 0.999998
273 0.999999
274 1
275 1
276 1
277 0.999999
278 0.999996
279 0.999981
280 0.99997
281 0.99992
282 0.999716
283 0.999572
284 0.999475
285 0.999131
286 0.997969
287 0.99423
288 0.98274
289 0.948989
290 0.854166
291 0.807534
292 0.687326
293 0.632969
294 0.503825
295 0.449869
296 0.428156
297 0.382059
298 0.287503
299 0.0997841
300 0.0337125
301 0.0111139
302 0.00358505
303 0.00113531
304 0.000354407
305 0.000109629
306 3.38292e-05
307 1.05014e-05
308 3.31087e-06
309 1.06955e-06
310 3.55713e-07
311 1.2113e-07
312 4.12241e-08
313 1.35298e-08
314 5.06992e-09
315 2.97541e-09
316 2.60585e-09
317 2.60585e-09
318 2.60585e-09
319 2.60585e-09
320 2.60585e-09
321 2.60585e-09
322 2.60585e-09
323 2.60585e-09
324 2.60585e-09
325 2.60585e-09
326 2.60585e-09
327 2.60585e-09
328 2.60585e-09
329 2.60585e-09
330 2.60585e-09
331 2.60585e-09
332 2.60585e-09
333 2.60585e-09
334 2.60585e-09
335 2.60585e-09
336 2.60585e-09
337 2.60585e-09
338 2.60585e-09
339 2.60585e-09
340 2.60585e-09
341 2.60585e-09
342 2.60585e-09
343 2.60585e-09
344 2.60585e-09
345 2.60585e-09
346 2.60585e-09
347 2.60585e-09
348 2.60585e-09
349 2.60585e-09
350 2.60585e-09
351 2.60585e-09
352 2.60585e-09
353 2.60585e-09
354 2.60585e-09
355 2.60585e-09
356 2.60585e-09
357 2.60585e-09
358 2.60585e-09
359 2.60585e-09
360 2.60585e-09
361 2.60585e-09
362 2.60585e-09
363 2.60585e-09
364 2.60585e-09
365 2.60585e-09
366 2.60585e-09
367 2.60585e-09
368 2.60585e-09
369 2.60585e-09
370 2.60585e-09
371 2.60585e-09
372 2.60585e-09
373 2.60585e-09
374 2.60585e-09
375 2.60585e-09
376 2.60585e-09
377 2.60585e-09
378 2.60585e-09
379 2.60585e-09
380 2.60585e-09
381 2.60585e-09
382 2.60585e-09
383 2.60585e-09
384 2.60585e-09
385 2.60585e-09
386 2.60585e-09
387 2.60585e-09
388 2.60585e-09
389 2.60585e-09
390 2.60585e-09
391 2.60585e-09
392 2.60585e-09
393 2.60585e-09
394 2.60585e-09
395 2.60585e-09
396 2.60585e-09
397 2.60585e-09
398 2.60585e-09
399 2.60585e-09
400 2.60585e-09
401 2.60585e-09
402 2.60585e-09
403 2.60585e-09
404 2.60585e-09
405 2.60585e-09
406 2.60585e-09
407 2.60585e-09
408 2.60585e-09
409 2.60585e-09
410 2.60585e-09
411 2.60585e-09
412 2.60585e-09
413 2.60585e-09
414 2.60585e-09
415 2.60585e-09
416 2.60585e-09
417 2.60585e-09
418 2.60585e-09
419 2.60585e-09
420 2.60585e-09
421 2.60585e-09
422 2.60585e-09
423 2.60585e-09
424 2.60585e-09
425 2.60585e-09
426 2.60585e-09
427 2.60585e-09
428 2.60585e-09
429 2.60585e-09
430 2.60585e-09
431 2.60585e-09
432 2.60585e-09
433 2.60585e-09
434 2.60585e-09
435 2.60585e-09
436 2.60585e-09
437 2.60585e-09
438 2.60585e-09
439 2.60585e-09
440 2.60585e-09
441 2.60585e-09
442 2.60585e-09
443 2.60585e-09
444 2.60585e-09
445 2.60585e-09
446 2.60585e-09
447 2.60585e-09
448 2.60585e-09
449 2.60585e-09
450 2.60585e-09
451 2.60585e-09
452 2.60585e-09
453 2.60585e-09
454 2.60585e-09
455 2.60585e-09
456 2.60585e-09
457 2.60585e-09
458 2.60585e-09
459 2.60585e-09
460 2.60585e-09
461 2.60585e-09
462 2.60585e-09
463 2.60585e-09
464 2.60585e-09
465 2.60585e-09
466 2.60585e-09
467 2.60585e-09
468 2.60585e-09
469 2.60585e-09
470 2.60585e-09
471 2.60585e-09
472 2.60585e-09
473 2.60585e-09
474 2.60585e-09
475 2.60585e-09
476 2.60585e-09
477 2.60585e-09
478 2.60585e-09
479 2.60585e-09
480 2.60585e-09
481 2.60585e-09
482 2.60585e-09
483 2.60585e-09
484 2.60585e-09
485 2.60585e-09
486 2.60585e-09
487 2.60585e-09
488 2.60585e-09
489 2.60585e-09
490 2.60585e-09
491 2.60585e-09
492 2.60585e-09
493 2.60585e-09
494 2.60585e-09
495 2.60585e-09
496 2.60585e-09
497 2.60585e-09
498 2.60585e-09
499 2.60585e-09
500 2.60585e-09
501 2.60585e-09
502 2.60585e-09
503 2.60585e-09
504 2.60585e-09
505 2.60585e-09
506 2.60585e-09
507 2.60585e-09
508 2.60585e-09
509 2.60585e-09
510 2.60585e-09
511 2.60585e-09
512 2.60585e-09
513 2.60585e-09
514 2.60585e-09
515 2.60585e-09
516 2.60585e-09
517 2.60585e-09
518 2.60585e-09
519 2.60585e-09
520 2.60585e-09
521 2.60585e-09
522 2.60585e-09
523 2.60585e-09
524 2.60585e-09
525 2.60585e-09
526 2.60585e-09
527 2.60585e-09
528 2.60585e-09
529 2.60585e-09
530 2.60585e-09
531 2.60585e-09
532 2.60585e-09
533 2.60585e-09
534 2.60585e-09
535 2.60585e-09
536 2.60585e-09
537 2.60585e-09
538 2.60585e-09
539 2.60585e-09
540 2.60585e-09
541 2.60585e-09
542 2.60585e-09
543 2.60585e-09
544 2.60585e-09
545 2.60585e-09
546 2.60585e-09
547 2.60585e-09
548 2.60585e-09
549 2.60585e-09
550 2.60585e-09
551 2.60585e-09
552 2.60585e-09
