1 2.63777e-09
2 2.63777e-09
3 2.63777e-09
4 2.63777e-09
5 2.63777e-09
6 2.63777e-09
7 2.63777e-09
8 2.63777e-09
9 2.63777e-09
10 2.63777e-09
11 2.63777e-09
12 2.63777e-09
13 2.63777e-09
14 2.63777e-09
15 2.63777e-09
16 2.63777e-09
17 2.63777e-09
18 2.63777e-09
19 2.63777e-09
20 2.63777e-09
21 2.63777e-09
22 2.63777e-09
23 2.63777e-09
24 2.63777e-09
25 2.63777e-09
26 2.63777e-09
27 2.63777e-09
28 2.63777e-09
29 2.63777e-09
30 2.63777e-09
31 2.63777e-09
32 2.63777e-09
33 2.63777e-09
34 2.63777e-09
35 2.63777e-09
36 2.63777e-09
37 2.63777e-09
38 2.63777e-09
39 2.63777e-09
40 2.63777e-09
41 2.63777e-09
42 2.63777e-09
43 2.63777e-09
44 2.63777e-09
45 2.63777e-09
46 2.63777e-09
47 2.63777e-09
48 2.63777e-09
49 2.63777e-09
50 2.63777e-09
51 2.63777e-09
52 2.63777e-09
53 2.63777e-09
54 2.63777e-09
55 2.63777e-09
56 2.63777e-09
57 2.63777e-09
58 2.63777e-09
59 2.63777e-09
60 2.63777e-09
61 2.63777e-09
62 2.63777e-09
63 2.63777e-09
64 2.63777e-09
65 2.63777e-09
66 2.63777e-09
67 2.63777e-09
68 2.63777e-09
69 2.63777e-09
70 2.63777e-09
71 2.63777e-09
72 2.63777e-09
73 2.63777e-09
74 2.63777e-09
75 2.63777e-09
76 2.63777e-09
77 2.63777e-09
78 2.63777e-09
79 2.63777e-09
80 2.63777e-09
81 2.63777e-09
82 2.63777e-09
83 2.63777e-09
84 2.63777e-09
85 2.63777e-09
86 2.63777e-09
87 2.63777e-09
88 2.63777e-09
89 2.63777e-09
90 2.63777e-09
91 2.63777e-09
92 2.63777e-09
93 2.63777e-09
94 2.63777e-09
95 2.63777e-09
96 2.63777e-09
97 2.63777e-09
98 2.63777e-09
99 2.63777e-09
100 2.63777e-09
101 2.63777e-09
102 2.63777e-09
103 2.63777e-09
104 2.63777e-09
105 2.63777e-09
106 2.63777e-09
107 2.63777e-09
108 2.63777e-09
109 2.63777e-09
110 2.63777e-09
111 2.63777e-09
112 2.63777e-09
113 2.63777e-09
114 2.63777e-09
115 2.63777e-09
116 2.63777e-09
117 2.63777e-09
118 2.63777e-09
119 2.63777e-09
120 2.63777e-09
121 2.63777e-09
122 2.63777e-09
123 2.63777e-09
124 2.63777e-09
125 2.63777e-09
126 2.63777e-09
127 2.63777e-09
128 2.63777e-09
129 2.63777e-09
130 2.63777e-09
131 2.63777e-09
132 2.63777e-09
133 2.63777e-09
134 2.63777e-09
135 2.63777e-09
136 2.63777e-09
137 2.63777e-09
138 2.63777e-09
139 2.63777e-09
140 2.63777e-09
141 2.63777e-09
142 2.63777e-09
143 2.63777e-09
144 2.63777e-09
145 2.63777e-09
146 2.63777e-09
147 2.63777e-09
148 2.63777e-09
149 2.63777e-09
150 2.63777e-09
151 2.63777e-09
152 2.63777e-09
153 2.63777e-09
154 2.63777e-09
155 2.63777e-09
156 2.63777e-09
157 2.63777e-09
158 2.63777e-09
159 2.63777e-09
160 2.63777e-09
161 2.63777e-09
162 2.63777e-09
163 2.63777e-09
164 2.63777e-09
165 2.63777e-09
166 2.63777e-09
167 2.63777e-09
168 2.63777e-09
169 2.63777e-09
170 2.63777e-09
171 2.63777e-09
172 2.63777e-09
173 2.63777e-09
174 2.63777e-09
175 2.63777e-09
176 2.63777e-09
177 2.63777e-09
178 2.63777e-09
179 2.63777e-09
180 2.63777e-09
181 2.63777e-09
182 2.63777e-09
183 2.63777e-09
184 2.63777e-09
185 2.63777e-09
186 2.63777e-09
187 2.63777e-09
188 2.63777e-09
189 2.63777e-09
190 2.63777e-09
191 2.63777e-09
192 2.63777e-09
193 2.63777e-09
194 2.63777e-09
195 2.63777e-09
196 2.63777e-09
197 2.63777e-09
198 2.63777e-09
199 2.63777e-09
200 2.63777e-09
201 2.63777e-09
202 2.63777e-09
203 2.63777e-09
204 2.63777e-09
205 2.63777e-09
206 2.63777e-09
207 2.63777e-09
208 2.63777e-09
209 2.63777e-09
210 2.63777e-09
211 2.63777e-09
212 2.63777e-09
213 2.63777e-09
214 2.63777e-09
215 2.63777e-09
216 2.63777e-09
217 2.63777e-09
218 2.63777e-09
219 2.63777e-09
220 2.63777e-09
221 2.63777e-09
222 2.63777e-09
223 2.63777e-09
224 2.63777e-09
225 2.63777e-09
226 2.63777e-09
227 2.63777e-09
228 2.63777e-09
229 2.63777e-09
230 2.63777e-09
231 2.63777e-09
232 2.63777e-09
233 2.63777e-09
234 2.93895e-09
235 5.42771e-09
236 1.44949e-08
237 4.30697e-08
238 1.30608e-07
239 3.93564e-07
240 1.16251e-06
241 3.35896e-06
242 9.50015e-06
243 2.63509e-05
244 7.19785e-05
245 0.000194951
246 0.000528827
247 0.00145521
248 0.00411729
249 0.0120999
250 0.0370465
251 0.117586
252 0.166132
253 0.195713
254 0.213818
255 0.224918
256 0.231731
257 0.254654
258 0.268768
259 0.316308
260 0.345458
261 0.363142
262 0.373576
263 0.379055
264 0.398259
265 0.407544
266 0.439465
267 0.453727
268 0.45351
269 0.473404
270 0.536273
271 0.703867
272 0.779713
273 0.810137
274 0.894881
275 0.928918
276 0.937415
277 0.929373
278 0.904859
279 0.857467
280 0.844575
281 0.819563
282 0.776771
283 0.764399
284 0.761579
285 0.755482
286 0.744769
287 0.726003
288 0.691794
289 0.626149
290 0.494073
291 0.443859
292 0.337883
293 0.297066
294 0.212303
295 0.180838
296 0.169475
297 0.147688
298 0.10717
299 0.0340359
300 0.0105666
301 0.00322087
302 0.000969016
303 0.000289387
304 8.62442e-05
305 2.57522e-05
306 7.71864e-06
307 2.32144e-06
308 6.99152e-07
309 2.10435e-07
310 6.32014e-08
311 1.89861e-08
312 6.28222e-09
313 3.21665e-09
314 2.63777e-09
315 2.63777e-09
316 2.63777e-09
317 2.63777e-09
318 2.63777e-09
319 2.63777e-09
320 2.63777e-09
321 2.63777e-09
322 2.63777e-09
323 2.63777e-09
324 2.63777e-09
325 2.63777e-09
326 2.63777e-09
327 2.63777e-09
328 2.63777e-09
329 2.63777e-09
330 2.63777e-09
331 2.63777e-09
332 2.63777e-09
333 2.63777e-09
334 2.63777e-09
335 2.63777e-09
336 2.63777e-09
337 2.63777e-09
338 2.63777e-09
339 2.63777e-09
340 2.63777e-09
341 2.63777e-09
342 2.63777e-09
343 2.63777e-09
344 2.63777e-09
345 2.63777e-09
346 2.63777e-09
347 2.63777e-09
348 2.63777e-09
349 2.63777e-09
350 2.63777e-09
351 2.63777e-09
352 2.63777e-09
353 2.63777e-09
354 2.63777e-09
355 2.63777e-09
356 2.63777e-09
357 2.63777e-09
358 2.63777e-09
359 2.63777e-09
360 2.63777e-09
361 2.63777e-09
362 2.63777e-09
363 2.63777e-09
364 2.63777e-09
365 2.63777e-09
366 2.63777e-09
367 2.63777e-09
368 2.63777e-09
369 2.63777e-09
370 2.63777e-09
371 2.63777e-09
372 2.63777e-09
373 2.63777e-09
374 2.63777e-09
375 2.63777e-09
376 2.63777e-09
377 2.63777e-09
378 2.63777e-09
379 2.63777e-09
380 2.63777e-09
381 2.63777e-09
382 2.63777e-09
383 2.63777e-09
384 2.63777e-09
385 2.63777e-09
386 2.63777e-09
387 2.63777e-09
388 2.63777e-09
389 2.63777e-09
390 2.63777e-09
391 2.63777e-09
392 2.63777e-09
393 2.63777e-09
394 2.63777e-09
395 2.63777e-09
396 2.63777e-09
397 2.63777e-09
398 2.63777e-09
399 2.63777e-09
400 2.63777e-09
401 2.63777e-09
402 2.63777e-09
403 2.63777e-09
404 2.63777e-09
405 2.63777e-09
406 2.63777e-09
407 2.63777e-09
408 2.63777e-09
409 2.63777e-09
410 2.63777e-09
411 2.63777e-09
412 2.63777e-09
413 2.63777e-09
414 2.63777e-09
415 2.63777e-09
416 2.63777e-09
417 2.63777e-09
418 2.63777e-09
419 2.63777e-09
420 2.63777e-09
421 2.63777e-09
422 2.63777e-09
423 2.63777e-09
424 2.63777e-09
425 2.63777e-09
426 2.63777e-09
427 2.63777e-09
428 2.63777e-09
429 2.63777e-09
430 2.63777e-09
431 2.63777e-09
432 2.63777e-09
433 2.63777e-09
434 2.63777e-09
435 2.63777e-09
436 2.63777e-09
437 2.63777e-09
438 2.63777e-09
439 2.63777e-09
440 2.63777e-09
441 2.63777e-09
442 2.63777e-09
443 2.63777e-09
444 2.63777e-09
445 2.63777e-09
446 2.63777e-09
447 2.63777e-09
448 2.63777e-09
449 2.63777e-09
450 2.63777e-09
451 2.63777e-09
452 2.63777e-09
453 2.63777e-09
454 2.63777e-09
455 2.63777e-09
456 2.63777e-09
457 2.63777e-09
458 2.63777e-09
459 2.63777e-09
460 2.63777e-09
461 2.63777e-09
462 2.63777e-09
463 2.63777e-09
464 2.63777e-09
465 2.63777e-09
466 2.63777e-09
467 2.63777e-09
468 2.63777e-09
469 2.63777e-09
470 2.63777e-09
471 2.63777e-09
472 2.63777e-09
473 2.63777e-09
474 2.63777e-09
475 2.63777e-09
476 2.63777e-09
477 2.63777e-09
478 2.63777e-09
479 2.63777e-09
480 2.63777e-09
481 2.63777e-09
482 2.63777e-09
483 2.63777e-09
484 2.63777e-09
485 2.63777e-09
486 2.63777e-09
487 2.63777e-09
488 2.63777e-09
489 2.63777e-09
490 2.63777e-09
491 2.63777e-09
492 2.63777e-09
493 2.63777e-09
494 2.63777e-09
495 2.63777e-09
496 2.63777e-09
497 2.63777e-09
498 2.63777e-09
499 2.63777e-09
500 2.63777e-09
501 2.63777e-09
502 2.63777e-09
503 2.63777e-09
504 2.63777e-09
505 2.63777e-09
506 2.63777e-09
507 2.63777e-09
508 2.63777e-09
509 2.63777e-09
510 2.63777e-09
511 2.63777e-09
512 2.63777e-09
513 2.63777e-09
514 2.63777e-09
515 2.63777e-09
516 2.63777e-09
517 2.63777e-09
518 2.63777e-09
519 2.63777e-09
520 2.63777e-09
521 2.63777e-09
522 2.63777e-09
523 2.63777e-09
524 2.63777e-09
525 2.63777e-09
526 2.63777e-09
527 2.63777e-09
528 2.63777e-09
529 2.63777e-09
530 2.63777e-09
531 2.63777e-09
532 2.63777e-09
533 2.63777e-09
534 2.63777e-09
535 2.63777e-09
536 2.63777e-09
537 2.63777e-09
538 2.63777e-09
539 2.63777e-09
540 2.63777e-09
541 2.63777e-09
542 2.63777e-09
543 2.63777e-09
544 2.63777e-09
545 2.63777e-09
546 2.63777e-09
547 2.63777e-09
548 2.63777e-09
549 2.63777e-09
550 2.63777e-09
551 2.63777e-09
552 2.63777e-09
