1 7.30332e-08
2 7.30332e-08
3 7.30332e-08
4 7.30332e-08
5 7.30332e-08
6 7.30332e-08
7 7.30332e-08
8 7.30332e-08
9 7.30332e-08
10 7.30332e-08
11 7.30332e-08
12 7.30332e-08
13 7.30332e-08
14 7.30332e-08
15 7.30332e-08
16 7.30332e-08
17 7.30332e-08
18 7.30332e-08
19 7.30332e-08
20 7.30332e-08
21 7.30332e-08
22 7.30332e-08
23 7.30332e-08
24 7.30332e-08
25 7.30332e-08
26 7.30332e-08
27 7.30332e-08
28 7.30332e-08
29 7.30332e-08
30 7.30332e-08
31 7.30332e-08
32 7.30332e-08
33 7.30332e-08
34 7.30332e-08
35 7.30332e-08
36 7.30332e-08
37 7.30332e-08
38 7.30332e-08
39 7.30332e-08
40 7.30332e-08
41 7.30332e-08
42 7.30332e-08
43 7.30332e-08
44 7.30332e-08
45 7.30332e-08
46 7.30332e-08
47 7.30332e-08
48 7.30332e-08
49 7.30332e-08
50 7.30332e-08
51 7.30332e-08
52 7.30332e-08
53 7.30332e-08
54 7.30332e-08
55 7.30332e-08
56 7.30332e-08
57 7.30332e-08
58 7.30332e-08
59 7.30332e-08
60 7.30332e-08
61 7.30332e-08
62 7.30332e-08
63 7.30332e-08
64 7.30332e-08
65 7.30332e-08
66 7.30332e-08
67 7.30332e-08
68 7.30332e-08
69 7.30332e-08
70 7.30332e-08
71 7.30332e-08
72 7.30332e-08
73 7.30332e-08
74 7.30332e-08
75 7.30332e-08
76 7.30332e-08
77 7.30332e-08
78 7.30332e-08
79 7.30332e-08
80 7.30332e-08
81 7.30332e-08
82 7.30332e-08
83 7.30332e-08
84 7.30332e-08
85 7.30332e-08
86 7.30332e-08
87 7.30332e-08
88 7.30332e-08
89 7.30332e-08
90 7.30332e-08
91 7.30332e-08
92 7.30332e-08
93 7.30332e-08
94 7.30332e-08
95 7.30332e-08
96 7.30332e-08
97 7.30332e-08
98 7.30332e-08
99 7.30332e-08
100 7.30332e-08
101 7.30332e-08
102 7.30332e-08
103 7.30332e-08
104 7.30332e-08
105 7.30332e-08
106 7.30332e-08
107 7.30332e-08
108 7.30332e-08
109 7.30332e-08
110 7.30332e-08
111 7.30332e-08
112 7.30332e-08
113 7.30332e-08
114 7.30332e-08
115 7.30332e-08
116 7.30332e-08
117 7.30332e-08
118 7.30332e-08
119 7.30332e-08
120 7.30332e-08
121 7.30332e-08
122 7.30332e-08
123 7.30332e-08
124 7.30332e-08
125 7.30332e-08
126 7.30332e-08
127 7.30332e-08
128 7.30332e-08
129 7.30332e-08
130 7.30332e-08
131 7.30332e-08
132 7.30332e-08
133 7.30332e-08
134 7.30332e-08
135 7.30332e-08
136 7.30332e-08
137 7.30332e-08
138 7.30332e-08
139 7.30332e-08
140 7.30332e-08
141 7.30332e-08
142 7.30332e-08
143 7.30332e-08
144 7.30332e-08
145 7.30332e-08
146 7.30332e-08
147 7.30332e-08
148 7.30332e-08
149 7.30332e-08
150 7.30332e-08
151 7.30332e-08
152 7.30332e-08
153 7.30332e-08
154 7.30332e-08
155 7.30332e-08
156 7.30332e-08
157 7.30332e-08
158 7.30332e-08
159 7.30332e-08
160 7.30332e-08
161 7.30332e-08
162 7.30332e-08
163 7.30332e-08
164 7.30332e-08
165 7.30332e-08
166 7.30332e-08
167 7.30332e-08
168 7.30332e-08
169 7.30332e-08
170 7.30332e-08
171 7.30332e-08
172 7.30332e-08
173 7.30332e-08
174 7.30332e-08
175 7.30332e-08
176 7.30332e-08
177 7.30332e-08
178 7.30332e-08
179 7.30332e-08
180 7.30332e-08
181 7.30332e-08
182 7.30332e-08
183 7.30332e-08
184 7.30332e-08
185 7.30332e-08
186 7.30332e-08
187 7.30332e-08
188 7.30332e-08
189 7.30332e-08
190 7.30332e-08
191 7.30332e-08
192 7.30332e-08
193 7.30332e-08
194 7.30332e-08
195 7.30332e-08
196 7.30332e-08
197 7.30332e-08
198 7.30332e-08
199 7.30332e-08
200 7.30332e-08
201 7.30332e-08
202 7.30332e-08
203 7.30332e-08
204 7.30332e-08
205 7.30332e-08
206 7.30332e-08
207 7.30332e-08
208 7.30332e-08
209 7.30332e-08
210 7.30332e-08
211 7.30332e-08
212 7.30332e-08
213 7.30332e-08
214 7.30332e-08
215 7.30332e-08
216 7.30332e-08
217 7.30332e-08
218 7.30332e-08
219 7.30332e-08
220 7.30332e-08
221 7.30332e-08
222 7.30332e-08
223 7.30332e-08
224 7.30332e-08
225 7.30332e-08
226 7.30332e-08
227 7.30332e-08
228 7.30332e-08
229 7.30332e-08
230 7.30332e-08
231 7.30332e-08
232 7.30332e-08
233 7.30332e-08
234 7.30332e-08
235 7.32704e-08
236 7.65984e-08
237 8.98968e-08
238 1.35377e-07
239 2.85269e-07
240 7.71746e-07
241 2.32402e-06
242 7.18517e-06
243 2.21006e-05
244 6.68566e-05
245 0.000198018
246 0.000573219
247 0.00162173
248 0.00449148
249 0.0122237
250 0.0329079
251 0.0885306
252 0.116454
253 0.130988
254 0.138906
255 0.143411
256 0.146036
257 0.154817
258 0.160069
259 0.178005
260 0.188743
261 0.194501
262 0.1955
263 0.188769
264 0.192721
265 0.185716
266 0.198005
267 0.195646
268 0.172595
269 0.181472
270 0.240048
271 0.426838
272 0.523966
273 0.570225
274 0.709077
275 0.774399
276 0.801839
277 0.808814
278 0.8026
279 0.784442
280 0.785311
281 0.777749
282 0.760488
283 0.757247
284 0.761542
285 0.759575
286 0.751103
287 0.731399
288 0.688983
289 0.60026
290 0.419636
291 0.354424
292 0.229666
293 0.187439
294 0.111672
295 0.0875396
296 0.0800499
297 0.0675934
298 0.0471872
299 0.0140265
300 0.00418768
301 0.00125738
302 0.000379177
303 0.000114519
304 3.45624e-05
305 1.04349e-05
306 3.18088e-06
307 1.00727e-06
308 3.55561e-07
309 1.58611e-07
310 9.81529e-08
311 7.96176e-08
312 7.41741e-08
313 7.32296e-08
314 7.30332e-08
315 7.30332e-08
316 7.30332e-08
317 7.30332e-08
318 7.30332e-08
319 7.30332e-08
320 7.30332e-08
321 7.30332e-08
322 7.30332e-08
323 7.30332e-08
324 7.30332e-08
325 7.30332e-08
326 7.30332e-08
327 7.30332e-08
328 7.30332e-08
329 7.30332e-08
330 7.30332e-08
331 7.30332e-08
332 7.30332e-08
333 7.30332e-08
334 7.30332e-08
335 7.30332e-08
336 7.30332e-08
337 7.30332e-08
338 7.30332e-08
339 7.30332e-08
340 7.30332e-08
341 7.30332e-08
342 7.30332e-08
343 7.30332e-08
344 7.30332e-08
345 7.30332e-08
346 7.30332e-08
347 7.30332e-08
348 7.30332e-08
349 7.30332e-08
350 7.30332e-08
351 7.30332e-08
352 7.30332e-08
353 7.30332e-08
354 7.30332e-08
355 7.30332e-08
356 7.30332e-08
357 7.30332e-08
358 7.30332e-08
359 7.30332e-08
360 7.30332e-08
361 7.30332e-08
362 7.30332e-08
363 7.30332e-08
364 7.30332e-08
365 7.30332e-08
366 7.30332e-08
367 7.30332e-08
368 7.30332e-08
369 7.30332e-08
370 7.30332e-08
371 7.30332e-08
372 7.30332e-08
373 7.30332e-08
374 7.30332e-08
375 7.30332e-08
376 7.30332e-08
377 7.30332e-08
378 7.30332e-08
379 7.30332e-08
380 7.30332e-08
381 7.30332e-08
382 7.30332e-08
383 7.30332e-08
384 7.30332e-08
385 7.30332e-08
386 7.30332e-08
387 7.30332e-08
388 7.30332e-08
389 7.30332e-08
390 7.30332e-08
391 7.30332e-08
392 7.30332e-08
393 7.30332e-08
394 7.30332e-08
395 7.30332e-08
396 7.30332e-08
397 7.30332e-08
398 7.30332e-08
399 7.30332e-08
400 7.30332e-08
401 7.30332e-08
402 7.30332e-08
403 7.30332e-08
404 7.30332e-08
405 7.30332e-08
406 7.30332e-08
407 7.30332e-08
408 7.30332e-08
409 7.30332e-08
410 7.30332e-08
411 7.30332e-08
412 7.30332e-08
413 7.30332e-08
414 7.30332e-08
415 7.30332e-08
416 7.30332e-08
417 7.30332e-08
418 7.30332e-08
419 7.30332e-08
420 7.30332e-08
421 7.30332e-08
422 7.30332e-08
423 7.30332e-08
424 7.30332e-08
425 7.30332e-08
426 7.30332e-08
427 7.30332e-08
428 7.30332e-08
429 7.30332e-08
430 7.30332e-08
431 7.30332e-08
432 7.30332e-08
433 7.30332e-08
434 7.30332e-08
435 7.30332e-08
436 7.30332e-08
437 7.30332e-08
438 7.30332e-08
439 7.30332e-08
440 7.30332e-08
441 7.30332e-08
442 7.30332e-08
443 7.30332e-08
444 7.30332e-08
445 7.30332e-08
446 7.30332e-08
447 7.30332e-08
448 7.30332e-08
449 7.30332e-08
450 7.30332e-08
451 7.30332e-08
452 7.30332e-08
453 7.30332e-08
454 7.30332e-08
455 7.30332e-08
456 7.30332e-08
457 7.30332e-08
458 7.30332e-08
459 7.30332e-08
460 7.30332e-08
461 7.30332e-08
462 7.30332e-08
463 7.30332e-08
464 7.30332e-08
465 7.30332e-08
466 7.30332e-08
467 7.30332e-08
468 7.30332e-08
469 7.30332e-08
470 7.30332e-08
471 7.30332e-08
472 7.30332e-08
473 7.30332e-08
474 7.30332e-08
475 7.30332e-08
476 7.30332e-08
477 7.30332e-08
478 7.30332e-08
479 7.30332e-08
480 7.30332e-08
481 7.30332e-08
482 7.30332e-08
483 7.30332e-08
484 7.30332e-08
485 7.30332e-08
486 7.30332e-08
487 7.30332e-08
488 7.30332e-08
489 7.30332e-08
490 7.30332e-08
491 7.30332e-08
492 7.30332e-08
493 7.30332e-08
494 7.30332e-08
495 7.30332e-08
496 7.30332e-08
497 7.30332e-08
498 7.30332e-08
499 7.30332e-08
500 7.30332e-08
501 7.30332e-08
502 7.30332e-08
503 7.30332e-08
504 7.30332e-08
505 7.30332e-08
506 7.30332e-08
507 7.30332e-08
508 7.30332e-08
509 7.30332e-08
510 7.30332e-08
511 7.30332e-08
512 7.30332e-08
513 7.30332e-08
514 7.30332e-08
515 7.30332e-08
516 7.30332e-08
517 7.30332e-08
518 7.30332e-08
519 7.30332e-08
520 7.30332e-08
521 7.30332e-08
522 7.30332e-08
523 7.30332e-08
524 7.30332e-08
525 7.30332e-08
526 7.30332e-08
527 7.30332e-08
528 7.30332e-08
529 7.30332e-08
530 7.30332e-08
531 7.30332e-08
532 7.30332e-08
533 7.30332e-08
534 7.30332e-08
535 7.30332e-08
536 7.30332e-08
537 7.30332e-08
538 7.30332e-08
539 7.30332e-08
540 7.30332e-08
541 7.30332e-08
542 7.30332e-08
543 7.30332e-08
544 7.30332e-08
545 7.30332e-08
546 7.30332e-08
547 7.30332e-08
548 7.30332e-08
549 7.30332e-08
550 7.30332e-08
551 7.30332e-08
552 7.30332e-08
