1 1.936e-09
2 1.936e-09
3 1.936e-09
4 1.936e-09
5 1.936e-09
6 1.936e-09
7 1.936e-09
8 1.936e-09
9 1.936e-09
10 1.936e-09
11 1.936e-09
12 1.936e-09
13 1.936e-09
14 1.936e-09
15 1.936e-09
16 1.936e-09
17 1.936e-09
18 1.936e-09
19 1.936e-09
20 1.936e-09
21 1.936e-09
22 1.936e-09
23 1.936e-09
24 1.936e-09
25 1.936e-09
26 1.936e-09
27 1.936e-09
28 1.936e-09
29 1.936e-09
30 1.936e-09
31 1.936e-09
32 1.936e-09
33 1.936e-09
34 1.936e-09
35 1.936e-09
36 1.936e-09
37 1.936e-09
38 1.936e-09
39 1.936e-09
40 1.936e-09
41 1.936e-09
42 1.936e-09
43 1.936e-09
44 1.936e-09
45 1.936e-09
46 1.936e-09
47 1.936e-09
48 1.936e-09
49 1.936e-09
50 1.936e-09
51 1.936e-09
52 1.936e-09
53 1.936e-09
54 1.936e-09
55 1.936e-09
56 1.936e-09
57 1.936e-09
58 1.936e-09
59 1.936e-09
60 1.936e-09
61 1.936e-09
62 1.936e-09
63 1.936e-09
64 1.936e-09
65 1.936e-09
66 1.936e-09
67 1.936e-09
68 1.936e-09
69 1.936e-09
70 1.936e-09
71 1.936e-09
72 1.936e-09
73 1.936e-09
74 1.936e-09
75 1.936e-09
76 1.936e-09
77 1.936e-09
78 1.936e-09
79 1.936e-09
80 1.936e-09
81 1.936e-09
82 1.936e-09
83 1.936e-09
84 1.936e-09
85 1.936e-09
86 1.936e-09
87 1.936e-09
88 1.936e-09
89 1.936e-09
90 1.936e-09
91 1.936e-09
92 1.936e-09
93 1.936e-09
94 1.936e-09
95 1.936e-09
96 1.936e-09
97 1.936e-09
98 1.936e-09
99 1.936e-09
100 1.936e-09
101 1.936e-09
102 1.936e-09
103 1.936e-09
104 1.936e-09
105 1.936e-09
106 1.936e-09
107 1.936e-09
108 1.936e-09
109 1.936e-09
110 1.936e-09
111 1.936e-09
112 1.936e-09
113 1.936e-09
114 1.936e-09
115 1.936e-09
116 1.936e-09
117 1.936e-09
118 1.936e-09
119 1.936e-09
120 1.936e-09
121 1.936e-09
122 1.936e-09
123 1.936e-09
124 1.936e-09
125 1.936e-09
126 1.936e-09
127 1.936e-09
128 1.936e-09
129 1.936e-09
130 1.936e-09
131 1.936e-09
132 1.936e-09
133 1.936e-09
134 1.936e-09
135 1.936e-09
136 1.936e-09
137 1.936e-09
138 1.936e-09
139 1.936e-09
140 1.936e-09
141 1.936e-09
142 1.936e-09
143 1.936e-09
144 1.936e-09
145 1.936e-09
146 1.936e-09
147 1.936e-09
148 1.936e-09
149 1.936e-09
150 1.936e-09
151 1.936e-09
152 1.936e-09
153 1.936e-09
154 1.936e-09
155 1.936e-09
156 1.936e-09
157 1.936e-09
158 1.936e-09
159 1.936e-09
160 1.936e-09
161 1.936e-09
162 1.936e-09
163 1.936e-09
164 1.936e-09
165 1.936e-09
166 1.936e-09
167 1.936e-09
168 1.936e-09
169 1.936e-09
170 1.936e-09
171 1.936e-09
172 1.936e-09
173 1.936e-09
174 1.936e-09
175 1.936e-09
176 1.936e-09
177 1.936e-09
178 1.936e-09
179 1.936e-09
180 1.936e-09
181 1.936e-09
182 1.936e-09
183 1.936e-09
184 1.936e-09
185 1.936e-09
186 1.936e-09
187 1.936e-09
188 1.936e-09
189 1.936e-09
190 1.936e-09
191 1.936e-09
192 1.936e-09
193 1.936e-09
194 1.936e-09
195 1.936e-09
196 1.936e-09
197 1.936e-09
198 1.936e-09
199 1.936e-09
200 1.936e-09
201 1.936e-09
202 1.936e-09
203 1.936e-09
204 1.936e-09
205 1.936e-09
206 1.936e-09
207 1.936e-09
208 1.936e-09
209 1.936e-09
210 1.936e-09
211 1.936e-09
212 1.936e-09
213 1.936e-09
214 1.936e-09
215 1.936e-09
216 1.936e-09
217 1.936e-09
218 1.936e-09
219 1.936e-09
220 1.936e-09
221 1.936e-09
222 1.936e-09
223 1.936e-09
224 1.936e-09
225 1.936e-09
226 1.936e-09
227 1.936e-09
228 1.936e-09
229 1.936e-09
230 1.936e-09
231 1.936e-09
232 1.936e-09
233 1.936e-09
234 1.936e-09
235 2.72892e-09
236 9.09615e-09
237 3.70999e-08
238 1.34026e-07
239 4.61456e-07
240 1.56353e-06
241 5.2617e-06
242 1.76408e-05
243 5.88798e-05
244 0.000195191
245 0.000640699
246 0.0020754
247 0.0066132
248 0.0206706
249 0.0632313
250 0.188982
251 0.551267
252 0.737298
253 0.83046
254 0.876
255 0.897758
256 0.907935
257 0.933457
258 0.944944
259 0.972723
260 0.984784
261 0.989921
262 0.992062
263 0.992933
264 0.99482
265 0.995545
266 0.997016
267 0.997541
268 0.99772
269 0.998045
270 0.998605
271 0.999526
272 0.99979
273 0.999861
274 0.999963
275 0.999984
276 0.999972
277 0.999902
278 0.999641
279 0.998737
280 0.998191
281 0.996475
282 0.991334
283 0.988651
284 0.987314
285 0.983833
286 0.975162
287 0.954472
288 0.907111
289 0.802949
290 0.582473
291 0.500206
292 0.337994
293 0.281372
294 0.176444
295 0.141843
296 0.130705
297 0.111491
298 0.0788881
299 0.0241843
300 0.0074815
301 0.00236151
302 0.000768894
303 0.000260177
304 9.15788e-05
305 3.33133e-05
306 1.23781e-05
307 4.63552e-06
308 1.72807e-06
309 6.34192e-07
310 2.26589e-07
311 7.81052e-08
312 2.59991e-08
313 8.49119e-09
314 2.86654e-09
315 1.936e-09
316 1.936e-09
317 1.936e-09
318 1.936e-09
319 1.936e-09
320 1.936e-09
321 1.936e-09
322 1.936e-09
323 1.936e-09
324 1.936e-09
325 1.936e-09
326 1.936e-09
327 1.936e-09
328 1.936e-09
329 1.936e-09
330 1.936e-09
331 1.936e-09
332 1.936e-09
333 1.936e-09
334 1.936e-09
335 1.936e-09
336 1.936e-09
337 1.936e-09
338 1.936e-09
339 1.936e-09
340 1.936e-09
341 1.936e-09
342 1.936e-09
343 1.936e-09
344 1.936e-09
345 1.936e-09
346 1.936e-09
347 1.936e-09
348 1.936e-09
349 1.936e-09
350 1.936e-09
351 1.936e-09
352 1.936e-09
353 1.936e-09
354 1.936e-09
355 1.936e-09
356 1.936e-09
357 1.936e-09
358 1.936e-09
359 1.936e-09
360 1.936e-09
361 1.936e-09
362 1.936e-09
363 1.936e-09
364 1.936e-09
365 1.936e-09
366 1.936e-09
367 1.936e-09
368 1.936e-09
369 1.936e-09
370 1.936e-09
371 1.936e-09
372 1.936e-09
373 1.936e-09
374 1.936e-09
375 1.936e-09
376 1.936e-09
377 1.936e-09
378 1.936e-09
379 1.936e-09
380 1.936e-09
381 1.936e-09
382 1.936e-09
383 1.936e-09
384 1.936e-09
385 1.936e-09
386 1.936e-09
387 1.936e-09
388 1.936e-09
389 1.936e-09
390 1.936e-09
391 1.936e-09
392 1.936e-09
393 1.936e-09
394 1.936e-09
395 1.936e-09
396 1.936e-09
397 1.936e-09
398 1.936e-09
399 1.936e-09
400 1.936e-09
401 1.936e-09
402 1.936e-09
403 1.936e-09
404 1.936e-09
405 1.936e-09
406 1.936e-09
407 1.936e-09
408 1.936e-09
409 1.936e-09
410 1.936e-09
411 1.936e-09
412 1.936e-09
413 1.936e-09
414 1.936e-09
415 1.936e-09
416 1.936e-09
417 1.936e-09
418 1.936e-09
419 1.936e-09
420 1.936e-09
421 1.936e-09
422 1.936e-09
423 1.936e-09
424 1.936e-09
425 1.936e-09
426 1.936e-09
427 1.936e-09
428 1.936e-09
429 1.936e-09
430 1.936e-09
431 1.936e-09
432 1.936e-09
433 1.936e-09
434 1.936e-09
435 1.936e-09
436 1.936e-09
437 1.936e-09
438 1.936e-09
439 1.936e-09
440 1.936e-09
441 1.936e-09
442 1.936e-09
443 1.936e-09
444 1.936e-09
445 1.936e-09
446 1.936e-09
447 1.936e-09
448 1.936e-09
449 1.936e-09
450 1.936e-09
451 1.936e-09
452 1.936e-09
453 1.936e-09
454 1.936e-09
455 1.936e-09
456 1.936e-09
457 1.936e-09
458 1.936e-09
459 1.936e-09
460 1.936e-09
461 1.936e-09
462 1.936e-09
463 1.936e-09
464 1.936e-09
465 1.936e-09
466 1.936e-09
467 1.936e-09
468 1.936e-09
469 1.936e-09
470 1.936e-09
471 1.936e-09
472 1.936e-09
473 1.936e-09
474 1.936e-09
475 1.936e-09
476 1.936e-09
477 1.936e-09
478 1.936e-09
479 1.936e-09
480 1.936e-09
481 1.936e-09
482 1.936e-09
483 1.936e-09
484 1.936e-09
485 1.936e-09
486 1.936e-09
487 1.936e-09
488 1.936e-09
489 1.936e-09
490 1.936e-09
491 1.936e-09
492 1.936e-09
493 1.936e-09
494 1.936e-09
495 1.936e-09
496 1.936e-09
497 1.936e-09
498 1.936e-09
499 1.936e-09
500 1.936e-09
501 1.936e-09
502 1.936e-09
503 1.936e-09
504 1.936e-09
505 1.936e-09
506 1.936e-09
507 1.936e-09
508 1.936e-09
509 1.936e-09
510 1.936e-09
511 1.936e-09
512 1.936e-09
513 1.936e-09
514 1.936e-09
515 1.936e-09
516 1.936e-09
517 1.936e-09
518 1.936e-09
519 1.936e-09
520 1.936e-09
521 1.936e-09
522 1.936e-09
523 1.936e-09
524 1.936e-09
525 1.936e-09
526 1.936e-09
527 1.936e-09
528 1.936e-09
529 1.936e-09
530 1.936e-09
531 1.936e-09
532 1.936e-09
533 1.936e-09
534 1.936e-09
535 1.936e-09
536 1.936e-09
537 1.936e-09
538 1.936e-09
539 1.936e-09
540 1.936e-09
541 1.936e-09
542 1.936e-09
543 1.936e-09
544 1.936e-09
545 1.936e-09
546 1.936e-09
547 1.936e-09
548 1.936e-09
549 1.936e-09
550 1.936e-09
551 1.936e-09
552 1.936e-09
