1 8.3876e-09
2 8.3876e-09
3 8.3876e-09
4 8.3876e-09
5 8.3876e-09
6 8.3876e-09
7 8.3876e-09
8 8.3876e-09
9 8.3876e-09
10 8.3876e-09
11 8.3876e-09
12 8.3876e-09
13 8.3876e-09
14 8.3876e-09
15 8.3876e-09
16 8.3876e-09
17 8.3876e-09
18 8.3876e-09
19 8.3876e-09
20 8.3876e-09
21 8.3876e-09
22 8.3876e-09
23 8.3876e-09
24 8.3876e-09
25 8.3876e-09
26 8.3876e-09
27 8.3876e-09
28 8.3876e-09
29 8.3876e-09
30 8.3876e-09
31 8.3876e-09
32 8.3876e-09
33 8.3876e-09
34 8.3876e-09
35 8.3876e-09
36 8.3876e-09
37 8.3876e-09
38 8.3876e-09
39 8.3876e-09
40 8.3876e-09
41 8.3876e-09
42 8.3876e-09
43 8.3876e-09
44 8.3876e-09
45 8.3876e-09
46 8.3876e-09
47 8.3876e-09
48 8.3876e-09
49 8.3876e-09
50 8.3876e-09
51 8.3876e-09
52 8.3876e-09
53 8.3876e-09
54 8.3876e-09
55 8.3876e-09
56 8.3876e-09
57 8.3876e-09
58 8.3876e-09
59 8.3876e-09
60 8.3876e-09
61 8.3876e-09
62 8.3876e-09
63 8.3876e-09
64 8.3876e-09
65 8.3876e-09
66 8.3876e-09
67 8.3876e-09
68 8.3876e-09
69 8.3876e-09
70 8.3876e-09
71 8.3876e-09
72 8.3876e-09
73 8.3876e-09
74 8.3876e-09
75 8.3876e-09
76 8.3876e-09
77 8.3876e-09
78 8.3876e-09
79 8.3876e-09
80 8.3876e-09
81 8.3876e-09
82 8.3876e-09
83 8.3876e-09
84 8.3876e-09
85 8.3876e-09
86 8.3876e-09
87 8.3876e-09
88 8.3876e-09
89 8.3876e-09
90 8.3876e-09
91 8.3876e-09
92 8.3876e-09
93 8.3876e-09
94 8.3876e-09
95 8.3876e-09
96 8.3876e-09
97 8.3876e-09
98 8.3876e-09
99 8.3876e-09
100 8.3876e-09
101 8.3876e-09
102 8.3876e-09
103 8.3876e-09
104 8.3876e-09
105 8.3876e-09
106 8.3876e-09
107 8.3876e-09
108 8.3876e-09
109 8.3876e-09
110 8.3876e-09
111 8.3876e-09
112 8.3876e-09
113 8.3876e-09
114 8.3876e-09
115 8.3876e-09
116 8.3876e-09
117 8.3876e-09
118 8.3876e-09
119 8.3876e-09
120 8.3876e-09
121 8.3876e-09
122 8.3876e-09
123 8.3876e-09
124 8.3876e-09
125 8.3876e-09
126 8.3876e-09
127 8.3876e-09
128 8.3876e-09
129 8.3876e-09
130 8.3876e-09
131 8.3876e-09
132 8.3876e-09
133 8.3876e-09
134 8.3876e-09
135 8.3876e-09
136 8.3876e-09
137 8.3876e-09
138 8.3876e-09
139 8.3876e-09
140 8.3876e-09
141 8.3876e-09
142 8.3876e-09
143 8.3876e-09
144 8.3876e-09
145 8.3876e-09
146 8.3876e-09
147 8.3876e-09
148 8.3876e-09
149 8.3876e-09
150 8.3876e-09
151 8.3876e-09
152 8.3876e-09
153 8.3876e-09
154 8.3876e-09
155 8.3876e-09
156 8.3876e-09
157 8.3876e-09
158 8.3876e-09
159 8.3876e-09
160 8.3876e-09
161 8.3876e-09
162 8.3876e-09
163 8.3876e-09
164 8.3876e-09
165 8.3876e-09
166 8.3876e-09
167 8.3876e-09
168 8.3876e-09
169 8.3876e-09
170 8.3876e-09
171 8.3876e-09
172 8.3876e-09
173 8.3876e-09
174 8.3876e-09
175 8.3876e-09
176 8.3876e-09
177 8.3876e-09
178 8.3876e-09
179 8.3876e-09
180 8.3876e-09
181 8.3876e-09
182 8.3876e-09
183 8.3876e-09
184 8.3876e-09
185 8.3876e-09
186 8.3876e-09
187 8.3876e-09
188 8.3876e-09
189 8.3876e-09
190 8.3876e-09
191 8.3876e-09
192 8.3876e-09
193 8.3876e-09
194 8.3876e-09
195 8.3876e-09
196 8.3876e-09
197 8.3876e-09
198 8.3876e-09
199 8.3876e-09
200 8.3876e-09
201 8.3876e-09
202 8.3876e-09
203 8.3876e-09
204 8.3876e-09
205 8.3876e-09
206 8.3876e-09
207 8.3876e-09
208 8.3876e-09
209 8.3876e-09
210 8.3876e-09
211 8.3876e-09
212 8.3876e-09
213 8.3876e-09
214 8.3876e-09
215 8.3876e-09
216 8.3876e-09
217 8.3876e-09
218 8.3876e-09
219 8.3876e-09
220 8.3876e-09
221 8.3876e-09
222 8.3876e-09
223 8.3876e-09
224 8.3876e-09
225 8.3876e-09
226 8.3876e-09
227 8.3876e-09
228 8.3876e-09
229 8.3876e-09
230 8.3876e-09
231 8.3876e-09
232 8.3876e-09
233 8.3876e-09
234 8.3876e-09
235 8.3876e-09
236 8.3876e-09
237 8.3876e-09
238 8.3876e-09
239 8.3876e-09
240 8.3876e-09
241 8.3876e-09
242 8.3876e-09
243 8.3876e-09
244 8.3876e-09
245 8.3876e-09
246 8.3876e-09
247 8.3876e-09
248 2.353e-08
249 1.11838e-07
250 4.99731e-07
251 1.97494e-06
252 2.87717e-06
253 3.31932e-06
254 3.34177e-06
255 2.92137e-06
256 1.9635e-06
257 2.06062e-06
258 1.79513e-06
259 2.48697e-06
260 2.73078e-06
261 2.58868e-06
262 2.06165e-06
263 1.08972e-06
264 9.62166e-07
265 5.74989e-07
266 6.39428e-07
267 4.97397e-07
268 1.36301e-07
269 8.4641e-08
270 2.95859e-07
271 1.19587e-06
272 1.73704e-06
273 1.95576e-06
274 3.41239e-06
275 4.24357e-06
276 4.55389e-06
277 4.37695e-06
278 3.67569e-06
279 2.34231e-06
280 2.33643e-06
281 1.96358e-06
282 1.19151e-06
283 1.48372e-06
284 3.39931e-06
285 4.54311e-06
286 5.07402e-06
287 5.07638e-06
288 4.55859e-06
289 3.45215e-06
290 1.61398e-06
291 1.2355e-06
292 5.32436e-07
293 4.55691e-07
294 1.8789e-07
295 2.19769e-07
296 5.5333e-07
297 6.42993e-07
298 5.19653e-07
299 1.53532e-07
300 4.2173e-08
301 1.19428e-08
302 8.3876e-09
303 8.3876e-09
304 8.3876e-09
305 8.3876e-09
306 8.3876e-09
307 8.3876e-09
308 8.3876e-09
309 8.3876e-09
310 8.3876e-09
311 8.3876e-09
312 8.3876e-09
313 8.3876e-09
314 8.3876e-09
315 8.3876e-09
316 8.3876e-09
317 8.3876e-09
318 8.3876e-09
319 8.3876e-09
320 8.3876e-09
321 8.3876e-09
322 8.3876e-09
323 8.3876e-09
324 8.3876e-09
325 8.3876e-09
326 8.3876e-09
327 8.3876e-09
328 8.3876e-09
329 8.3876e-09
330 8.3876e-09
331 8.3876e-09
332 8.3876e-09
333 8.3876e-09
334 8.3876e-09
335 8.3876e-09
336 8.3876e-09
337 8.3876e-09
338 8.3876e-09
339 8.3876e-09
340 8.3876e-09
341 8.3876e-09
342 8.3876e-09
343 8.3876e-09
344 8.3876e-09
345 8.3876e-09
346 8.3876e-09
347 8.3876e-09
348 8.3876e-09
349 8.3876e-09
350 8.3876e-09
351 8.3876e-09
352 8.3876e-09
353 8.3876e-09
354 8.3876e-09
355 8.3876e-09
356 8.3876e-09
357 8.3876e-09
358 8.3876e-09
359 8.3876e-09
360 8.3876e-09
361 8.3876e-09
362 8.3876e-09
363 8.3876e-09
364 8.3876e-09
365 8.3876e-09
366 8.3876e-09
367 8.3876e-09
368 8.3876e-09
369 8.3876e-09
370 8.3876e-09
371 8.3876e-09
372 8.3876e-09
373 8.3876e-09
374 8.3876e-09
375 8.3876e-09
376 8.3876e-09
377 8.3876e-09
378 8.3876e-09
379 8.3876e-09
380 8.3876e-09
381 8.3876e-09
382 8.3876e-09
383 8.3876e-09
384 8.3876e-09
385 8.3876e-09
386 8.3876e-09
387 8.3876e-09
388 8.3876e-09
389 8.3876e-09
390 8.3876e-09
391 8.3876e-09
392 8.3876e-09
393 8.3876e-09
394 8.3876e-09
395 8.3876e-09
396 8.3876e-09
397 8.3876e-09
398 8.3876e-09
399 8.3876e-09
400 8.3876e-09
401 8.3876e-09
402 8.3876e-09
403 8.3876e-09
404 8.3876e-09
405 8.3876e-09
406 8.3876e-09
407 8.3876e-09
408 8.3876e-09
409 8.3876e-09
410 8.3876e-09
411 8.3876e-09
412 8.3876e-09
413 8.3876e-09
414 8.3876e-09
415 8.3876e-09
416 8.3876e-09
417 8.3876e-09
418 8.3876e-09
419 8.3876e-09
420 8.3876e-09
421 8.3876e-09
422 8.3876e-09
423 8.3876e-09
424 8.3876e-09
425 8.3876e-09
426 8.3876e-09
427 8.3876e-09
428 8.3876e-09
429 8.3876e-09
430 8.3876e-09
431 8.3876e-09
432 8.3876e-09
433 8.3876e-09
434 8.3876e-09
435 8.3876e-09
436 8.3876e-09
437 8.3876e-09
438 8.3876e-09
439 8.3876e-09
440 8.3876e-09
441 8.3876e-09
442 8.3876e-09
443 8.3876e-09
444 8.3876e-09
445 8.3876e-09
446 8.3876e-09
447 8.3876e-09
448 8.3876e-09
449 8.3876e-09
450 8.3876e-09
451 8.3876e-09
452 8.3876e-09
453 8.3876e-09
454 8.3876e-09
455 8.3876e-09
456 8.3876e-09
457 8.3876e-09
458 8.3876e-09
459 8.3876e-09
460 8.3876e-09
461 8.3876e-09
462 8.3876e-09
463 8.3876e-09
464 8.3876e-09
465 8.3876e-09
466 8.3876e-09
467 8.3876e-09
468 8.3876e-09
469 8.3876e-09
470 8.3876e-09
471 8.3876e-09
472 8.3876e-09
473 8.3876e-09
474 8.3876e-09
475 8.3876e-09
476 8.3876e-09
477 8.3876e-09
478 8.3876e-09
479 8.3876e-09
480 8.3876e-09
481 8.3876e-09
482 8.3876e-09
483 8.3876e-09
484 8.3876e-09
485 8.3876e-09
486 8.3876e-09
487 8.3876e-09
488 8.3876e-09
489 8.3876e-09
490 8.3876e-09
491 8.3876e-09
492 8.3876e-09
493 8.3876e-09
494 8.3876e-09
495 8.3876e-09
496 8.3876e-09
497 8.3876e-09
498 8.3876e-09
499 8.3876e-09
500 8.3876e-09
501 8.3876e-09
502 8.3876e-09
503 8.3876e-09
504 8.3876e-09
505 8.3876e-09
506 8.3876e-09
507 8.3876e-09
508 8.3876e-09
509 8.3876e-09
510 8.3876e-09
511 8.3876e-09
512 8.3876e-09
513 8.3876e-09
514 8.3876e-09
515 8.3876e-09
516 8.3876e-09
517 8.3876e-09
518 8.3876e-09
519 8.3876e-09
520 8.3876e-09
521 8.3876e-09
522 8.3876e-09
523 8.3876e-09
524 8.3876e-09
525 8.3876e-09
526 8.3876e-09
527 8.3876e-09
528 8.3876e-09
529 8.3876e-09
530 8.3876e-09
531 8.3876e-09
532 8.3876e-09
533 8.3876e-09
534 8.3876e-09
535 8.3876e-09
536 8.3876e-09
537 8.3876e-09
538 8.3876e-09
539 8.3876e-09
540 8.3876e-09
541 8.3876e-09
542 8.3876e-09
543 8.3876e-09
544 8.3876e-09
545 8.3876e-09
546 8.3876e-09
547 8.3876e-09
548 8.3876e-09
549 8.3876e-09
550 8.3876e-09
551 8.3876e-09
552 8.3876e-09
