1 2.65602e-09
2 2.65602e-09
3 2.65602e-09
4 2.65602e-09
5 2.65602e-09
6 2.65602e-09
7 2.65602e-09
8 2.65602e-09
9 2.65602e-09
10 2.65602e-09
11 2.65602e-09
12 2.65602e-09
13 2.65602e-09
14 2.65602e-09
15 2.65602e-09
16 2.65602e-09
17 2.65602e-09
18 2.65602e-09
19 2.65602e-09
20 2.65602e-09
21 2.65602e-09
22 2.65602e-09
23 2.65602e-09
24 2.65602e-09
25 2.65602e-09
26 2.65602e-09
27 2.65602e-09
28 2.65602e-09
29 2.65602e-09
30 2.65602e-09
31 2.65602e-09
32 2.65602e-09
33 2.65602e-09
34 2.65602e-09
35 2.65602e-09
36 2.65602e-09
37 2.65602e-09
38 2.65602e-09
39 2.65602e-09
40 2.65602e-09
41 2.65602e-09
42 2.65602e-09
43 2.65602e-09
44 2.65602e-09
45 2.65602e-09
46 2.65602e-09
47 2.65602e-09
48 2.65602e-09
49 2.65602e-09
50 2.65602e-09
51 2.65602e-09
52 2.65602e-09
53 2.65602e-09
54 2.65602e-09
55 2.65602e-09
56 2.65602e-09
57 2.65602e-09
58 2.65602e-09
59 2.65602e-09
60 2.65602e-09
61 2.65602e-09
62 2.65602e-09
63 2.65602e-09
64 2.65602e-09
65 2.65602e-09
66 2.65602e-09
67 2.65602e-09
68 2.65602e-09
69 2.65602e-09
70 2.65602e-09
71 2.65602e-09
72 2.65602e-09
73 2.65602e-09
74 2.65602e-09
75 2.65602e-09
76 2.65602e-09
77 2.65602e-09
78 2.65602e-09
79 2.65602e-09
80 2.65602e-09
81 2.65602e-09
82 2.65602e-09
83 2.65602e-09
84 2.65602e-09
85 2.65602e-09
86 2.65602e-09
87 2.65602e-09
88 2.65602e-09
89 2.65602e-09
90 2.65602e-09
91 2.65602e-09
92 2.65602e-09
93 2.65602e-09
94 2.65602e-09
95 2.65602e-09
96 2.65602e-09
97 2.65602e-09
98 2.65602e-09
99 2.65602e-09
100 2.65602e-09
101 2.65602e-09
102 2.65602e-09
103 2.65602e-09
104 2.65602e-09
105 2.65602e-09
106 2.65602e-09
107 2.65602e-09
108 2.65602e-09
109 2.65602e-09
110 2.65602e-09
111 2.65602e-09
112 2.65602e-09
113 2.65602e-09
114 2.65602e-09
115 2.65602e-09
116 2.65602e-09
117 2.65602e-09
118 2.65602e-09
119 2.65602e-09
120 2.65602e-09
121 2.65602e-09
122 2.65602e-09
123 2.65602e-09
124 2.65602e-09
125 2.65602e-09
126 2.65602e-09
127 2.65602e-09
128 2.65602e-09
129 2.65602e-09
130 2.65602e-09
131 2.65602e-09
132 2.65602e-09
133 2.65602e-09
134 2.65602e-09
135 2.65602e-09
136 2.65602e-09
137 2.65602e-09
138 2.65602e-09
139 2.65602e-09
140 2.65602e-09
141 2.65602e-09
142 2.65602e-09
143 2.65602e-09
144 2.65602e-09
145 2.65602e-09
146 2.65602e-09
147 2.65602e-09
148 2.65602e-09
149 2.65602e-09
150 2.65602e-09
151 2.65602e-09
152 2.65602e-09
153 2.65602e-09
154 2.65602e-09
155 2.65602e-09
156 2.65602e-09
157 2.65602e-09
158 2.65602e-09
159 2.65602e-09
160 2.65602e-09
161 2.65602e-09
162 2.65602e-09
163 2.65602e-09
164 2.65602e-09
165 2.65602e-09
166 2.65602e-09
167 2.65602e-09
168 2.65602e-09
169 2.65602e-09
170 2.65602e-09
171 2.65602e-09
172 2.65602e-09
173 2.65602e-09
174 2.65602e-09
175 2.65602e-09
176 2.65602e-09
177 2.65602e-09
178 2.65602e-09
179 2.65602e-09
180 2.65602e-09
181 2.65602e-09
182 2.65602e-09
183 2.65602e-09
184 2.65602e-09
185 2.65602e-09
186 2.65602e-09
187 2.65602e-09
188 2.65602e-09
189 2.65602e-09
190 2.65602e-09
191 2.65602e-09
192 2.65602e-09
193 2.65602e-09
194 2.65602e-09
195 2.65602e-09
196 2.65602e-09
197 2.65602e-09
198 2.65602e-09
199 2.65602e-09
200 2.65602e-09
201 2.65602e-09
202 2.65602e-09
203 2.65602e-09
204 2.65602e-09
205 2.65602e-09
206 2.65602e-09
207 2.65602e-09
208 2.65602e-09
209 2.65602e-09
210 2.65602e-09
211 2.65602e-09
212 2.65602e-09
213 2.65602e-09
214 2.65602e-09
215 2.65602e-09
216 2.65602e-09
217 2.65602e-09
218 2.65602e-09
219 2.65602e-09
220 2.65602e-09
221 2.65602e-09
222 2.65602e-09
223 2.65602e-09
224 2.65602e-09
225 2.65602e-09
226 2.65602e-09
227 2.65602e-09
228 2.65602e-09
229 2.65602e-09
230 2.65602e-09
231 2.65602e-09
232 2.65602e-09
233 2.94793e-09
234 7.59135e-09
235 2.6642e-08
236 9.10668e-08
237 3.04207e-07
238 9.91081e-07
239 3.16661e-06
240 9.9238e-06
241 3.0473e-05
242 9.15717e-05
243 0.00026902
244 0.000772211
245 0.00216552
246 0.00593463
247 0.0159044
248 0.0417195
249 0.107234
250 0.270372
251 0.669264
252 0.844403
253 0.91989
254 0.951791
255 0.964983
256 0.970308
257 0.981754
258 0.98612
259 0.994934
260 0.998075
261 0.999153
262 0.999508
263 0.99962
264 0.999806
265 0.99986
266 0.999941
267 0.999963
268 0.999967
269 0.999975
270 0.999984
271 0.999996
272 0.999998
273 0.999999
274 1
275 1
276 1
277 0.999999
278 0.999997
279 0.999986
280 0.999977
281 0.999937
282 0.999774
283 0.999657
284 0.999576
285 0.999286
286 0.998288
287 0.995019
288 0.984796
289 0.954238
290 0.866892
291 0.8232
292 0.708667
293 0.656017
294 0.528897
295 0.474946
296 0.452902
297 0.405404
298 0.30658
299 0.107706
300 0.0368036
301 0.0122592
302 0.00399095
303 0.00127367
304 0.000399961
305 0.000124161
306 3.8332e-05
307 1.1859e-05
308 3.70983e-06
309 1.18429e-06
310 3.88103e-07
311 1.30205e-07
312 4.38015e-08
313 1.4055e-08
314 5.11476e-09
315 3.03352e-09
316 2.65602e-09
317 2.65602e-09
318 2.65602e-09
319 2.65602e-09
320 2.65602e-09
321 2.65602e-09
322 2.65602e-09
323 2.65602e-09
324 2.65602e-09
325 2.65602e-09
326 2.65602e-09
327 2.65602e-09
328 2.65602e-09
329 2.65602e-09
330 2.65602e-09
331 2.65602e-09
332 2.65602e-09
333 2.65602e-09
334 2.65602e-09
335 2.65602e-09
336 2.65602e-09
337 2.65602e-09
338 2.65602e-09
339 2.65602e-09
340 2.65602e-09
341 2.65602e-09
342 2.65602e-09
343 2.65602e-09
344 2.65602e-09
345 2.65602e-09
346 2.65602e-09
347 2.65602e-09
348 2.65602e-09
349 2.65602e-09
350 2.65602e-09
351 2.65602e-09
352 2.65602e-09
353 2.65602e-09
354 2.65602e-09
355 2.65602e-09
356 2.65602e-09
357 2.65602e-09
358 2.65602e-09
359 2.65602e-09
360 2.65602e-09
361 2.65602e-09
362 2.65602e-09
363 2.65602e-09
364 2.65602e-09
365 2.65602e-09
366 2.65602e-09
367 2.65602e-09
368 2.65602e-09
369 2.65602e-09
370 2.65602e-09
371 2.65602e-09
372 2.65602e-09
373 2.65602e-09
374 2.65602e-09
375 2.65602e-09
376 2.65602e-09
377 2.65602e-09
378 2.65602e-09
379 2.65602e-09
380 2.65602e-09
381 2.65602e-09
382 2.65602e-09
383 2.65602e-09
384 2.65602e-09
385 2.65602e-09
386 2.65602e-09
387 2.65602e-09
388 2.65602e-09
389 2.65602e-09
390 2.65602e-09
391 2.65602e-09
392 2.65602e-09
393 2.65602e-09
394 2.65602e-09
395 2.65602e-09
396 2.65602e-09
397 2.65602e-09
398 2.65602e-09
399 2.65602e-09
400 2.65602e-09
401 2.65602e-09
402 2.65602e-09
403 2.65602e-09
404 2.65602e-09
405 2.65602e-09
406 2.65602e-09
407 2.65602e-09
408 2.65602e-09
409 2.65602e-09
410 2.65602e-09
411 2.65602e-09
412 2.65602e-09
413 2.65602e-09
414 2.65602e-09
415 2.65602e-09
416 2.65602e-09
417 2.65602e-09
418 2.65602e-09
419 2.65602e-09
420 2.65602e-09
421 2.65602e-09
422 2.65602e-09
423 2.65602e-09
424 2.65602e-09
425 2.65602e-09
426 2.65602e-09
427 2.65602e-09
428 2.65602e-09
429 2.65602e-09
430 2.65602e-09
431 2.65602e-09
432 2.65602e-09
433 2.65602e-09
434 2.65602e-09
435 2.65602e-09
436 2.65602e-09
437 2.65602e-09
438 2.65602e-09
439 2.65602e-09
440 2.65602e-09
441 2.65602e-09
442 2.65602e-09
443 2.65602e-09
444 2.65602e-09
445 2.65602e-09
446 2.65602e-09
447 2.65602e-09
448 2.65602e-09
449 2.65602e-09
450 2.65602e-09
451 2.65602e-09
452 2.65602e-09
453 2.65602e-09
454 2.65602e-09
455 2.65602e-09
456 2.65602e-09
457 2.65602e-09
458 2.65602e-09
459 2.65602e-09
460 2.65602e-09
461 2.65602e-09
462 2.65602e-09
463 2.65602e-09
464 2.65602e-09
465 2.65602e-09
466 2.65602e-09
467 2.65602e-09
468 2.65602e-09
469 2.65602e-09
470 2.65602e-09
471 2.65602e-09
472 2.65602e-09
473 2.65602e-09
474 2.65602e-09
475 2.65602e-09
476 2.65602e-09
477 2.65602e-09
478 2.65602e-09
479 2.65602e-09
480 2.65602e-09
481 2.65602e-09
482 2.65602e-09
483 2.65602e-09
484 2.65602e-09
485 2.65602e-09
486 2.65602e-09
487 2.65602e-09
488 2.65602e-09
489 2.65602e-09
490 2.65602e-09
491 2.65602e-09
492 2.65602e-09
493 2.65602e-09
494 2.65602e-09
495 2.65602e-09
496 2.65602e-09
497 2.65602e-09
498 2.65602e-09
499 2.65602e-09
500 2.65602e-09
501 2.65602e-09
502 2.65602e-09
503 2.65602e-09
504 2.65602e-09
505 2.65602e-09
506 2.65602e-09
507 2.65602e-09
508 2.65602e-09
509 2.65602e-09
510 2.65602e-09
511 2.65602e-09
512 2.65602e-09
513 2.65602e-09
514 2.65602e-09
515 2.65602e-09
516 2.65602e-09
517 2.65602e-09
518 2.65602e-09
519 2.65602e-09
520 2.65602e-09
521 2.65602e-09
522 2.65602e-09
523 2.65602e-09
524 2.65602e-09
525 2.65602e-09
526 2.65602e-09
527 2.65602e-09
528 2.65602e-09
529 2.65602e-09
530 2.65602e-09
531 2.65602e-09
532 2.65602e-09
533 2.65602e-09
534 2.65602e-09
535 2.65602e-09
536 2.65602e-09
537 2.65602e-09
538 2.65602e-09
539 2.65602e-09
540 2.65602e-09
541 2.65602e-09
542 2.65602e-09
543 2.65602e-09
544 2.65602e-09
545 2.65602e-09
546 2.65602e-09
547 2.65602e-09
548 2.65602e-09
549 2.65602e-09
550 2.65602e-09
551 2.65602e-09
552 2.65602e-09
