1 8.80711e-08
2 8.80711e-08
3 8.80711e-08
4 8.80711e-08
5 8.80711e-08
6 8.80711e-08
7 8.80711e-08
8 8.80711e-08
9 8.80711e-08
10 8.80711e-08
11 8.80711e-08
12 8.80711e-08
13 8.80711e-08
14 8.80711e-08
15 8.80711e-08
16 8.80711e-08
17 8.80711e-08
18 8.80711e-08
19 8.80711e-08
20 8.80711e-08
21 8.80711e-08
22 8.80711e-08
23 8.80711e-08
24 8.80711e-08
25 8.80711e-08
26 8.80711e-08
27 8.80711e-08
28 8.80711e-08
29 8.80711e-08
30 8.80711e-08
31 8.80711e-08
32 8.80711e-08
33 8.80711e-08
34 8.80711e-08
35 8.80711e-08
36 8.80711e-08
37 8.80711e-08
38 8.80711e-08
39 8.80711e-08
40 8.80711e-08
41 8.80711e-08
42 8.80711e-08
43 8.80711e-08
44 8.80711e-08
45 8.80711e-08
46 8.80711e-08
47 8.80711e-08
48 8.80711e-08
49 8.80711e-08
50 8.80711e-08
51 8.80711e-08
52 8.80711e-08
53 8.80711e-08
54 8.80711e-08
55 8.80711e-08
56 8.80711e-08
57 8.80711e-08
58 8.80711e-08
59 8.80711e-08
60 8.80711e-08
61 8.80711e-08
62 8.80711e-08
63 8.80711e-08
64 8.80711e-08
65 8.80711e-08
66 8.80711e-08
67 8.80711e-08
68 8.80711e-08
69 8.80711e-08
70 8.80711e-08
71 8.80711e-08
72 8.80711e-08
73 8.80711e-08
74 8.80711e-08
75 8.80711e-08
76 8.80711e-08
77 8.80711e-08
78 8.80711e-08
79 8.80711e-08
80 8.80711e-08
81 8.80711e-08
82 8.80711e-08
83 8.80711e-08
84 8.80711e-08
85 8.80711e-08
86 8.80711e-08
87 8.80711e-08
88 8.80711e-08
89 8.80711e-08
90 8.80711e-08
91 8.80711e-08
92 8.80711e-08
93 8.80711e-08
94 8.80711e-08
95 8.80711e-08
96 8.80711e-08
97 8.80711e-08
98 8.80711e-08
99 8.80711e-08
100 8.80711e-08
101 8.80711e-08
102 8.80711e-08
103 8.80711e-08
104 8.80711e-08
105 8.80711e-08
106 8.80711e-08
107 8.80711e-08
108 8.80711e-08
109 8.80711e-08
110 8.80711e-08
111 8.80711e-08
112 8.80711e-08
113 8.80711e-08
114 8.80711e-08
115 8.80711e-08
116 8.80711e-08
117 8.80711e-08
118 8.80711e-08
119 8.80711e-08
120 8.80711e-08
121 8.80711e-08
122 8.80711e-08
123 8.80711e-08
124 8.80711e-08
125 8.80711e-08
126 8.80711e-08
127 8.80711e-08
128 8.80711e-08
129 8.80711e-08
130 8.80711e-08
131 8.80711e-08
132 8.80711e-08
133 8.80711e-08
134 8.80711e-08
135 8.80711e-08
136 8.80711e-08
137 8.80711e-08
138 8.80711e-08
139 8.80711e-08
140 8.80711e-08
141 8.80711e-08
142 8.80711e-08
143 8.80711e-08
144 8.80711e-08
145 8.80711e-08
146 8.80711e-08
147 8.80711e-08
148 8.80711e-08
149 8.80711e-08
150 8.80711e-08
151 8.80711e-08
152 8.80711e-08
153 8.80711e-08
154 8.80711e-08
155 8.80711e-08
156 8.80711e-08
157 8.80711e-08
158 8.80711e-08
159 8.80711e-08
160 8.80711e-08
161 8.80711e-08
162 8.80711e-08
163 8.80711e-08
164 8.80711e-08
165 8.80711e-08
166 8.80711e-08
167 8.80711e-08
168 8.80711e-08
169 8.80711e-08
170 8.80711e-08
171 8.80711e-08
172 8.80711e-08
173 8.80711e-08
174 8.80711e-08
175 8.80711e-08
176 8.80711e-08
177 8.80711e-08
178 8.80711e-08
179 8.80711e-08
180 8.80711e-08
181 8.80711e-08
182 8.80711e-08
183 8.80711e-08
184 8.80711e-08
185 8.80711e-08
186 8.80711e-08
187 8.80711e-08
188 8.80711e-08
189 8.80711e-08
190 8.80711e-08
191 8.80711e-08
192 8.80711e-08
193 8.80711e-08
194 8.80711e-08
195 8.80711e-08
196 8.80711e-08
197 8.80711e-08
198 8.80711e-08
199 8.80711e-08
200 8.80711e-08
201 8.80711e-08
202 8.80711e-08
203 8.80711e-08
204 8.80711e-08
205 8.80711e-08
206 8.80711e-08
207 8.80711e-08
208 8.80711e-08
209 8.80711e-08
210 8.80711e-08
211 8.80711e-08
212 8.80711e-08
213 8.80711e-08
214 8.80711e-08
215 8.80711e-08
216 8.80711e-08
217 8.80711e-08
218 8.80711e-08
219 8.80711e-08
220 8.80711e-08
221 8.80711e-08
222 8.80711e-08
223 8.80711e-08
224 8.80711e-08
225 8.80711e-08
226 8.80711e-08
227 8.80711e-08
228 8.80711e-08
229 8.80711e-08
230 8.80711e-08
231 8.80711e-08
232 8.80711e-08
233 8.80711e-08
234 8.80711e-08
235 8.80711e-08
236 8.80711e-08
237 8.80711e-08
238 8.80711e-08
239 8.80711e-08
240 8.80711e-08
241 8.80711e-08
242 8.80711e-08
243 1.19675e-07
244 2.88391e-07
245 8.82389e-07
246 2.87171e-06
247 9.42352e-06
248 3.06741e-05
249 9.84482e-05
250 0.000310367
251 0.000958497
252 0.00131187
253 0.00149881
254 0.00159256
255 0.00163044
256 0.00162165
257 0.00166931
258 0.00165708
259 0.00172054
260 0.0017173
261 0.00164105
262 0.00144922
263 0.00105206
264 0.000934938
265 0.000693458
266 0.000658475
267 0.000546684
268 0.000329132
269 0.000317894
270 0.000496492
271 0.00116445
272 0.00157257
273 0.00181535
274 0.00268448
275 0.00320645
276 0.00350489
277 0.00365243
278 0.00368019
279 0.00357391
280 0.0036701
281 0.00361493
282 0.00337177
283 0.00337214
284 0.0036009
285 0.00365308
286 0.00358291
287 0.00338948
288 0.00303118
289 0.00242521
290 0.00143389
291 0.00114515
292 0.000674785
293 0.000538015
294 0.000309788
295 0.00024254
296 0.000225065
297 0.000191236
298 0.000134042
299 4.0075e-05
300 1.20975e-05
301 3.73168e-06
302 1.19345e-06
303 4.10388e-07
304 1.65305e-07
305 1.00342e-07
306 8.80711e-08
307 8.80711e-08
308 8.80711e-08
309 8.80711e-08
310 8.80711e-08
311 8.80711e-08
312 8.80711e-08
313 8.80711e-08
314 8.80711e-08
315 8.80711e-08
316 8.80711e-08
317 8.80711e-08
318 8.80711e-08
319 8.80711e-08
320 8.80711e-08
321 8.80711e-08
322 8.80711e-08
323 8.80711e-08
324 8.80711e-08
325 8.80711e-08
326 8.80711e-08
327 8.80711e-08
328 8.80711e-08
329 8.80711e-08
330 8.80711e-08
331 8.80711e-08
332 8.80711e-08
333 8.80711e-08
334 8.80711e-08
335 8.80711e-08
336 8.80711e-08
337 8.80711e-08
338 8.80711e-08
339 8.80711e-08
340 8.80711e-08
341 8.80711e-08
342 8.80711e-08
343 8.80711e-08
344 8.80711e-08
345 8.80711e-08
346 8.80711e-08
347 8.80711e-08
348 8.80711e-08
349 8.80711e-08
350 8.80711e-08
351 8.80711e-08
352 8.80711e-08
353 8.80711e-08
354 8.80711e-08
355 8.80711e-08
356 8.80711e-08
357 8.80711e-08
358 8.80711e-08
359 8.80711e-08
360 8.80711e-08
361 8.80711e-08
362 8.80711e-08
363 8.80711e-08
364 8.80711e-08
365 8.80711e-08
366 8.80711e-08
367 8.80711e-08
368 8.80711e-08
369 8.80711e-08
370 8.80711e-08
371 8.80711e-08
372 8.80711e-08
373 8.80711e-08
374 8.80711e-08
375 8.80711e-08
376 8.80711e-08
377 8.80711e-08
378 8.80711e-08
379 8.80711e-08
380 8.80711e-08
381 8.80711e-08
382 8.80711e-08
383 8.80711e-08
384 8.80711e-08
385 8.80711e-08
386 8.80711e-08
387 8.80711e-08
388 8.80711e-08
389 8.80711e-08
390 8.80711e-08
391 8.80711e-08
392 8.80711e-08
393 8.80711e-08
394 8.80711e-08
395 8.80711e-08
396 8.80711e-08
397 8.80711e-08
398 8.80711e-08
399 8.80711e-08
400 8.80711e-08
401 8.80711e-08
402 8.80711e-08
403 8.80711e-08
404 8.80711e-08
405 8.80711e-08
406 8.80711e-08
407 8.80711e-08
408 8.80711e-08
409 8.80711e-08
410 8.80711e-08
411 8.80711e-08
412 8.80711e-08
413 8.80711e-08
414 8.80711e-08
415 8.80711e-08
416 8.80711e-08
417 8.80711e-08
418 8.80711e-08
419 8.80711e-08
420 8.80711e-08
421 8.80711e-08
422 8.80711e-08
423 8.80711e-08
424 8.80711e-08
425 8.80711e-08
426 8.80711e-08
427 8.80711e-08
428 8.80711e-08
429 8.80711e-08
430 8.80711e-08
431 8.80711e-08
432 8.80711e-08
433 8.80711e-08
434 8.80711e-08
435 8.80711e-08
436 8.80711e-08
437 8.80711e-08
438 8.80711e-08
439 8.80711e-08
440 8.80711e-08
441 8.80711e-08
442 8.80711e-08
443 8.80711e-08
444 8.80711e-08
445 8.80711e-08
446 8.80711e-08
447 8.80711e-08
448 8.80711e-08
449 8.80711e-08
450 8.80711e-08
451 8.80711e-08
452 8.80711e-08
453 8.80711e-08
454 8.80711e-08
455 8.80711e-08
456 8.80711e-08
457 8.80711e-08
458 8.80711e-08
459 8.80711e-08
460 8.80711e-08
461 8.80711e-08
462 8.80711e-08
463 8.80711e-08
464 8.80711e-08
465 8.80711e-08
466 8.80711e-08
467 8.80711e-08
468 8.80711e-08
469 8.80711e-08
470 8.80711e-08
471 8.80711e-08
472 8.80711e-08
473 8.80711e-08
474 8.80711e-08
475 8.80711e-08
476 8.80711e-08
477 8.80711e-08
478 8.80711e-08
479 8.80711e-08
480 8.80711e-08
481 8.80711e-08
482 8.80711e-08
483 8.80711e-08
484 8.80711e-08
485 8.80711e-08
486 8.80711e-08
487 8.80711e-08
488 8.80711e-08
489 8.80711e-08
490 8.80711e-08
491 8.80711e-08
492 8.80711e-08
493 8.80711e-08
494 8.80711e-08
495 8.80711e-08
496 8.80711e-08
497 8.80711e-08
498 8.80711e-08
499 8.80711e-08
500 8.80711e-08
501 8.80711e-08
502 8.80711e-08
503 8.80711e-08
504 8.80711e-08
505 8.80711e-08
506 8.80711e-08
507 8.80711e-08
508 8.80711e-08
509 8.80711e-08
510 8.80711e-08
511 8.80711e-08
512 8.80711e-08
513 8.80711e-08
514 8.80711e-08
515 8.80711e-08
516 8.80711e-08
517 8.80711e-08
518 8.80711e-08
519 8.80711e-08
520 8.80711e-08
521 8.80711e-08
522 8.80711e-08
523 8.80711e-08
524 8.80711e-08
525 8.80711e-08
526 8.80711e-08
527 8.80711e-08
528 8.80711e-08
529 8.80711e-08
530 8.80711e-08
531 8.80711e-08
532 8.80711e-08
533 8.80711e-08
534 8.80711e-08
535 8.80711e-08
536 8.80711e-08
537 8.80711e-08
538 8.80711e-08
539 8.80711e-08
540 8.80711e-08
541 8.80711e-08
542 8.80711e-08
543 8.80711e-08
544 8.80711e-08
545 8.80711e-08
546 8.80711e-08
547 8.80711e-08
548 8.80711e-08
549 8.80711e-08
550 8.80711e-08
551 8.80711e-08
552 8.80711e-08
