1 1.74081e-09
2 1.74081e-09
3 1.74081e-09
4 1.74081e-09
5 1.74081e-09
6 1.74081e-09
7 1.74081e-09
8 1.74081e-09
9 1.74081e-09
10 1.74081e-09
11 1.74081e-09
12 1.74081e-09
13 1.74081e-09
14 1.74081e-09
15 1.74081e-09
16 1.74081e-09
17 1.74081e-09
18 1.74081e-09
19 1.74081e-09
20 1.74081e-09
21 1.74081e-09
22 1.74081e-09
23 1.74081e-09
24 1.74081e-09
25 1.74081e-09
26 1.74081e-09
27 1.74081e-09
28 1.74081e-09
29 1.74081e-09
30 1.74081e-09
31 1.74081e-09
32 1.74081e-09
33 1.74081e-09
34 1.74081e-09
35 1.74081e-09
36 1.74081e-09
37 1.74081e-09
38 1.74081e-09
39 1.74081e-09
40 1.74081e-09
41 1.74081e-09
42 1.74081e-09
43 1.74081e-09
44 1.74081e-09
45 1.74081e-09
46 1.74081e-09
47 1.74081e-09
48 1.74081e-09
49 1.74081e-09
50 1.74081e-09
51 1.74081e-09
52 1.74081e-09
53 1.74081e-09
54 1.74081e-09
55 1.74081e-09
56 1.74081e-09
57 1.74081e-09
58 1.74081e-09
59 1.74081e-09
60 1.74081e-09
61 1.74081e-09
62 1.74081e-09
63 1.74081e-09
64 1.74081e-09
65 1.74081e-09
66 1.74081e-09
67 1.74081e-09
68 1.74081e-09
69 1.74081e-09
70 1.74081e-09
71 1.74081e-09
72 1.74081e-09
73 1.74081e-09
74 1.74081e-09
75 1.74081e-09
76 1.74081e-09
77 1.74081e-09
78 1.74081e-09
79 1.74081e-09
80 1.74081e-09
81 1.74081e-09
82 1.74081e-09
83 1.74081e-09
84 1.74081e-09
85 1.74081e-09
86 1.74081e-09
87 1.74081e-09
88 1.74081e-09
89 1.74081e-09
90 1.74081e-09
91 1.74081e-09
92 1.74081e-09
93 1.74081e-09
94 1.74081e-09
95 1.74081e-09
96 1.74081e-09
97 1.74081e-09
98 1.74081e-09
99 1.74081e-09
100 1.74081e-09
101 1.74081e-09
102 1.74081e-09
103 1.74081e-09
104 1.74081e-09
105 1.74081e-09
106 1.74081e-09
107 1.74081e-09
108 1.74081e-09
109 1.74081e-09
110 1.74081e-09
111 1.74081e-09
112 1.74081e-09
113 1.74081e-09
114 1.74081e-09
115 1.74081e-09
116 1.74081e-09
117 1.74081e-09
118 1.74081e-09
119 1.74081e-09
120 1.74081e-09
121 1.74081e-09
122 1.74081e-09
123 1.74081e-09
124 1.74081e-09
125 1.74081e-09
126 1.74081e-09
127 1.74081e-09
128 1.74081e-09
129 1.74081e-09
130 1.74081e-09
131 1.74081e-09
132 1.74081e-09
133 1.74081e-09
134 1.74081e-09
135 1.74081e-09
136 1.74081e-09
137 1.74081e-09
138 1.74081e-09
139 1.74081e-09
140 1.74081e-09
141 1.74081e-09
142 1.74081e-09
143 1.74081e-09
144 1.74081e-09
145 1.74081e-09
146 1.74081e-09
147 1.74081e-09
148 1.74081e-09
149 1.74081e-09
150 1.74081e-09
151 1.74081e-09
152 1.74081e-09
153 1.74081e-09
154 1.74081e-09
155 1.74081e-09
156 1.74081e-09
157 1.74081e-09
158 1.74081e-09
159 1.74081e-09
160 1.74081e-09
161 1.74081e-09
162 1.74081e-09
163 1.74081e-09
164 1.74081e-09
165 1.74081e-09
166 1.74081e-09
167 1.74081e-09
168 1.74081e-09
169 1.74081e-09
170 1.74081e-09
171 1.74081e-09
172 1.74081e-09
173 1.74081e-09
174 1.74081e-09
175 1.74081e-09
176 1.74081e-09
177 1.74081e-09
178 1.74081e-09
179 1.74081e-09
180 1.74081e-09
181 1.74081e-09
182 1.74081e-09
183 1.74081e-09
184 1.74081e-09
185 1.74081e-09
186 1.74081e-09
187 1.74081e-09
188 1.74081e-09
189 1.74081e-09
190 1.74081e-09
191 1.74081e-09
192 1.74081e-09
193 1.74081e-09
194 1.74081e-09
195 1.74081e-09
196 1.74081e-09
197 1.74081e-09
198 1.74081e-09
199 1.74081e-09
200 1.74081e-09
201 1.74081e-09
202 1.74081e-09
203 1.74081e-09
204 1.74081e-09
205 1.74081e-09
206 1.74081e-09
207 1.74081e-09
208 1.74081e-09
209 1.74081e-09
210 1.74081e-09
211 1.74081e-09
212 1.74081e-09
213 1.74081e-09
214 1.74081e-09
215 1.74081e-09
216 1.74081e-09
217 1.74081e-09
218 1.74081e-09
219 1.74081e-09
220 1.74081e-09
221 1.74081e-09
222 1.74081e-09
223 1.74081e-09
224 1.74081e-09
225 1.74081e-09
226 1.74081e-09
227 1.74081e-09
228 1.74081e-09
229 1.74081e-09
230 1.74081e-09
231 1.74081e-09
232 1.74081e-09
233 1.83613e-09
234 2.81425e-09
235 6.3588e-09
236 1.70223e-08
237 4.84477e-08
238 1.37216e-07
239 3.82249e-07
240 1.05038e-06
241 2.86074e-06
242 7.79308e-06
243 2.14853e-05
244 6.07101e-05
245 0.000177615
246 0.000540234
247 0.00170285
248 0.00551603
249 0.0181863
250 0.0605505
251 0.202588
252 0.289791
253 0.343399
254 0.376378
255 0.396646
256 0.40905
257 0.450226
258 0.47489
259 0.554287
260 0.600015
261 0.625706
262 0.639747
263 0.647165
264 0.66825
265 0.678698
266 0.706992
267 0.720113
268 0.724905
269 0.739807
270 0.778156
271 0.871723
272 0.911619
273 0.926784
274 0.965174
275 0.978724
276 0.979454
277 0.969645
278 0.944821
279 0.893115
280 0.875132
281 0.840443
282 0.776976
283 0.756494
284 0.75012
285 0.739156
286 0.720834
287 0.690568
288 0.64068
289 0.557794
290 0.417227
291 0.372117
292 0.289223
293 0.259957
294 0.200957
295 0.178582
296 0.17
297 0.152059
298 0.115107
299 0.0406707
300 0.0139737
301 0.00466876
302 0.00151863
303 0.000481963
304 0.000149719
305 4.57123e-05
306 1.37845e-05
307 4.12641e-06
308 1.23197e-06
309 3.68207e-07
310 1.10416e-07
311 3.3421e-08
312 1.04494e-08
313 3.69289e-09
314 1.99936e-09
315 1.74081e-09
316 1.74081e-09
317 1.74081e-09
318 1.74081e-09
319 1.74081e-09
320 1.74081e-09
321 1.74081e-09
322 1.74081e-09
323 1.74081e-09
324 1.74081e-09
325 1.74081e-09
326 1.74081e-09
327 1.74081e-09
328 1.74081e-09
329 1.74081e-09
330 1.74081e-09
331 1.74081e-09
332 1.74081e-09
333 1.74081e-09
334 1.74081e-09
335 1.74081e-09
336 1.74081e-09
337 1.74081e-09
338 1.74081e-09
339 1.74081e-09
340 1.74081e-09
341 1.74081e-09
342 1.74081e-09
343 1.74081e-09
344 1.74081e-09
345 1.74081e-09
346 1.74081e-09
347 1.74081e-09
348 1.74081e-09
349 1.74081e-09
350 1.74081e-09
351 1.74081e-09
352 1.74081e-09
353 1.74081e-09
354 1.74081e-09
355 1.74081e-09
356 1.74081e-09
357 1.74081e-09
358 1.74081e-09
359 1.74081e-09
360 1.74081e-09
361 1.74081e-09
362 1.74081e-09
363 1.74081e-09
364 1.74081e-09
365 1.74081e-09
366 1.74081e-09
367 1.74081e-09
368 1.74081e-09
369 1.74081e-09
370 1.74081e-09
371 1.74081e-09
372 1.74081e-09
373 1.74081e-09
374 1.74081e-09
375 1.74081e-09
376 1.74081e-09
377 1.74081e-09
378 1.74081e-09
379 1.74081e-09
380 1.74081e-09
381 1.74081e-09
382 1.74081e-09
383 1.74081e-09
384 1.74081e-09
385 1.74081e-09
386 1.74081e-09
387 1.74081e-09
388 1.74081e-09
389 1.74081e-09
390 1.74081e-09
391 1.74081e-09
392 1.74081e-09
393 1.74081e-09
394 1.74081e-09
395 1.74081e-09
396 1.74081e-09
397 1.74081e-09
398 1.74081e-09
399 1.74081e-09
400 1.74081e-09
401 1.74081e-09
402 1.74081e-09
403 1.74081e-09
404 1.74081e-09
405 1.74081e-09
406 1.74081e-09
407 1.74081e-09
408 1.74081e-09
409 1.74081e-09
410 1.74081e-09
411 1.74081e-09
412 1.74081e-09
413 1.74081e-09
414 1.74081e-09
415 1.74081e-09
416 1.74081e-09
417 1.74081e-09
418 1.74081e-09
419 1.74081e-09
420 1.74081e-09
421 1.74081e-09
422 1.74081e-09
423 1.74081e-09
424 1.74081e-09
425 1.74081e-09
426 1.74081e-09
427 1.74081e-09
428 1.74081e-09
429 1.74081e-09
430 1.74081e-09
431 1.74081e-09
432 1.74081e-09
433 1.74081e-09
434 1.74081e-09
435 1.74081e-09
436 1.74081e-09
437 1.74081e-09
438 1.74081e-09
439 1.74081e-09
440 1.74081e-09
441 1.74081e-09
442 1.74081e-09
443 1.74081e-09
444 1.74081e-09
445 1.74081e-09
446 1.74081e-09
447 1.74081e-09
448 1.74081e-09
449 1.74081e-09
450 1.74081e-09
451 1.74081e-09
452 1.74081e-09
453 1.74081e-09
454 1.74081e-09
455 1.74081e-09
456 1.74081e-09
457 1.74081e-09
458 1.74081e-09
459 1.74081e-09
460 1.74081e-09
461 1.74081e-09
462 1.74081e-09
463 1.74081e-09
464 1.74081e-09
465 1.74081e-09
466 1.74081e-09
467 1.74081e-09
468 1.74081e-09
469 1.74081e-09
470 1.74081e-09
471 1.74081e-09
472 1.74081e-09
473 1.74081e-09
474 1.74081e-09
475 1.74081e-09
476 1.74081e-09
477 1.74081e-09
478 1.74081e-09
479 1.74081e-09
480 1.74081e-09
481 1.74081e-09
482 1.74081e-09
483 1.74081e-09
484 1.74081e-09
485 1.74081e-09
486 1.74081e-09
487 1.74081e-09
488 1.74081e-09
489 1.74081e-09
490 1.74081e-09
491 1.74081e-09
492 1.74081e-09
493 1.74081e-09
494 1.74081e-09
495 1.74081e-09
496 1.74081e-09
497 1.74081e-09
498 1.74081e-09
499 1.74081e-09
500 1.74081e-09
501 1.74081e-09
502 1.74081e-09
503 1.74081e-09
504 1.74081e-09
505 1.74081e-09
506 1.74081e-09
507 1.74081e-09
508 1.74081e-09
509 1.74081e-09
510 1.74081e-09
511 1.74081e-09
512 1.74081e-09
513 1.74081e-09
514 1.74081e-09
515 1.74081e-09
516 1.74081e-09
517 1.74081e-09
518 1.74081e-09
519 1.74081e-09
520 1.74081e-09
521 1.74081e-09
522 1.74081e-09
523 1.74081e-09
524 1.74081e-09
525 1.74081e-09
526 1.74081e-09
527 1.74081e-09
528 1.74081e-09
529 1.74081e-09
530 1.74081e-09
531 1.74081e-09
532 1.74081e-09
533 1.74081e-09
534 1.74081e-09
535 1.74081e-09
536 1.74081e-09
537 1.74081e-09
538 1.74081e-09
539 1.74081e-09
540 1.74081e-09
541 1.74081e-09
542 1.74081e-09
543 1.74081e-09
544 1.74081e-09
545 1.74081e-09
546 1.74081e-09
547 1.74081e-09
548 1.74081e-09
549 1.74081e-09
550 1.74081e-09
551 1.74081e-09
552 1.74081e-09
