1 1.3045e-08
2 1.3045e-08
3 1.3045e-08
4 1.3045e-08
5 1.3045e-08
6 1.3045e-08
7 1.3045e-08
8 1.3045e-08
9 1.3045e-08
10 1.3045e-08
11 1.3045e-08
12 1.3045e-08
13 1.3045e-08
14 1.3045e-08
15 1.3045e-08
16 1.3045e-08
17 1.3045e-08
18 1.3045e-08
19 1.3045e-08
20 1.3045e-08
21 1.3045e-08
22 1.3045e-08
23 1.3045e-08
24 1.3045e-08
25 1.3045e-08
26 1.3045e-08
27 1.3045e-08
28 1.3045e-08
29 1.3045e-08
30 1.3045e-08
31 1.3045e-08
32 1.3045e-08
33 1.3045e-08
34 1.3045e-08
35 1.3045e-08
36 1.3045e-08
37 1.3045e-08
38 1.3045e-08
39 1.3045e-08
40 1.3045e-08
41 1.3045e-08
42 1.3045e-08
43 1.3045e-08
44 1.3045e-08
45 1.3045e-08
46 1.3045e-08
47 1.3045e-08
48 1.3045e-08
49 1.3045e-08
50 1.3045e-08
51 1.3045e-08
52 1.3045e-08
53 1.3045e-08
54 1.3045e-08
55 1.3045e-08
56 1.3045e-08
57 1.3045e-08
58 1.3045e-08
59 1.3045e-08
60 1.3045e-08
61 1.3045e-08
62 1.3045e-08
63 1.3045e-08
64 1.3045e-08
65 1.3045e-08
66 1.3045e-08
67 1.3045e-08
68 1.3045e-08
69 1.3045e-08
70 1.3045e-08
71 1.3045e-08
72 1.3045e-08
73 1.3045e-08
74 1.3045e-08
75 1.3045e-08
76 1.3045e-08
77 1.3045e-08
78 1.3045e-08
79 1.3045e-08
80 1.3045e-08
81 1.3045e-08
82 1.3045e-08
83 1.3045e-08
84 1.3045e-08
85 1.3045e-08
86 1.3045e-08
87 1.3045e-08
88 1.3045e-08
89 1.3045e-08
90 1.3045e-08
91 1.3045e-08
92 1.3045e-08
93 1.3045e-08
94 1.3045e-08
95 1.3045e-08
96 1.3045e-08
97 1.3045e-08
98 1.3045e-08
99 1.3045e-08
100 1.3045e-08
101 1.3045e-08
102 1.3045e-08
103 1.3045e-08
104 1.3045e-08
105 1.3045e-08
106 1.3045e-08
107 1.3045e-08
108 1.3045e-08
109 1.3045e-08
110 1.3045e-08
111 1.3045e-08
112 1.3045e-08
113 1.3045e-08
114 1.3045e-08
115 1.3045e-08
116 1.3045e-08
117 1.3045e-08
118 1.3045e-08
119 1.3045e-08
120 1.3045e-08
121 1.3045e-08
122 1.3045e-08
123 1.3045e-08
124 1.3045e-08
125 1.3045e-08
126 1.3045e-08
127 1.3045e-08
128 1.3045e-08
129 1.3045e-08
130 1.3045e-08
131 1.3045e-08
132 1.3045e-08
133 1.3045e-08
134 1.3045e-08
135 1.3045e-08
136 1.3045e-08
137 1.3045e-08
138 1.3045e-08
139 1.3045e-08
140 1.3045e-08
141 1.3045e-08
142 1.3045e-08
143 1.3045e-08
144 1.3045e-08
145 1.3045e-08
146 1.3045e-08
147 1.3045e-08
148 1.3045e-08
149 1.3045e-08
150 1.3045e-08
151 1.3045e-08
152 1.3045e-08
153 1.3045e-08
154 1.3045e-08
155 1.3045e-08
156 1.3045e-08
157 1.3045e-08
158 1.3045e-08
159 1.3045e-08
160 1.3045e-08
161 1.3045e-08
162 1.3045e-08
163 1.3045e-08
164 1.3045e-08
165 1.3045e-08
166 1.3045e-08
167 1.3045e-08
168 1.3045e-08
169 1.3045e-08
170 1.3045e-08
171 1.3045e-08
172 1.3045e-08
173 1.3045e-08
174 1.3045e-08
175 1.3045e-08
176 1.3045e-08
177 1.3045e-08
178 1.3045e-08
179 1.3045e-08
180 1.3045e-08
181 1.3045e-08
182 1.3045e-08
183 1.3045e-08
184 1.3045e-08
185 1.3045e-08
186 1.3045e-08
187 1.3045e-08
188 1.3045e-08
189 1.3045e-08
190 1.3045e-08
191 1.3045e-08
192 1.3045e-08
193 1.3045e-08
194 1.3045e-08
195 1.3045e-08
196 1.3045e-08
197 1.3045e-08
198 1.3045e-08
199 1.3045e-08
200 1.3045e-08
201 1.3045e-08
202 1.3045e-08
203 1.3045e-08
204 1.3045e-08
205 1.3045e-08
206 1.3045e-08
207 1.3045e-08
208 1.3045e-08
209 1.3045e-08
210 1.3045e-08
211 1.3045e-08
212 1.3045e-08
213 1.3045e-08
214 1.3045e-08
215 1.3045e-08
216 1.3045e-08
217 1.3045e-08
218 1.3045e-08
219 1.3045e-08
220 1.3045e-08
221 1.3045e-08
222 1.3045e-08
223 1.3045e-08
224 1.3045e-08
225 1.3045e-08
226 1.3045e-08
227 1.3045e-08
228 1.36629e-08
229 1.8716e-08
230 3.7138e-08
231 9.16994e-08
232 2.40904e-07
233 6.37455e-07
234 1.66535e-06
235 4.27623e-06
236 1.07839e-05
237 2.67121e-05
238 6.50051e-05
239 0.000155398
240 0.000364733
241 0.0008397
242 0.00189374
243 0.00417697
244 0.00899438
245 0.018873
246 0.0385187
247 0.076334
248 0.146657
249 0.272794
250 0.490717
251 0.852918
252 0.958701
253 0.988374
254 0.996365
255 0.99843
256 0.998943
257 0.999611
258 0.999765
259 0.99995
260 0.999989
261 0.999998
262 0.999999
263 1
264 1
265 1
266 1
267 1
268 1
269 1
270 1
271 1
272 1
273 1
274 1
275 1
276 1
277 1
278 1
279 1
280 1
281 1
282 1
283 1
284 1
285 0.999999
286 0.999998
287 0.999988
288 0.999939
289 0.999695
290 0.998514
291 0.997501
292 0.992923
293 0.989276
294 0.974002
295 0.962771
296 0.954849
297 0.925531
298 0.821508
299 0.46757
300 0.256382
301 0.13546
302 0.0689853
303 0.0338768
304 0.01605
305 0.00734068
306 0.0032433
307 0.00138535
308 0.000572563
309 0.000229183
310 8.89365e-05
311 3.34967e-05
312 1.22599e-05
313 4.36698e-06
314 1.51679e-06
315 5.15775e-07
316 1.73904e-07
317 6.07014e-08
318 2.45393e-08
319 1.46521e-08
320 1.3045e-08
321 1.3045e-08
322 1.3045e-08
323 1.3045e-08
324 1.3045e-08
325 1.3045e-08
326 1.3045e-08
327 1.3045e-08
328 1.3045e-08
329 1.3045e-08
330 1.3045e-08
331 1.3045e-08
332 1.3045e-08
333 1.3045e-08
334 1.3045e-08
335 1.3045e-08
336 1.3045e-08
337 1.3045e-08
338 1.3045e-08
339 1.3045e-08
340 1.3045e-08
341 1.3045e-08
342 1.3045e-08
343 1.3045e-08
344 1.3045e-08
345 1.3045e-08
346 1.3045e-08
347 1.3045e-08
348 1.3045e-08
349 1.3045e-08
350 1.3045e-08
351 1.3045e-08
352 1.3045e-08
353 1.3045e-08
354 1.3045e-08
355 1.3045e-08
356 1.3045e-08
357 1.3045e-08
358 1.3045e-08
359 1.3045e-08
360 1.3045e-08
361 1.3045e-08
362 1.3045e-08
363 1.3045e-08
364 1.3045e-08
365 1.3045e-08
366 1.3045e-08
367 1.3045e-08
368 1.3045e-08
369 1.3045e-08
370 1.3045e-08
371 1.3045e-08
372 1.3045e-08
373 1.3045e-08
374 1.3045e-08
375 1.3045e-08
376 1.3045e-08
377 1.3045e-08
378 1.3045e-08
379 1.3045e-08
380 1.3045e-08
381 1.3045e-08
382 1.3045e-08
383 1.3045e-08
384 1.3045e-08
385 1.3045e-08
386 1.3045e-08
387 1.3045e-08
388 1.3045e-08
389 1.3045e-08
390 1.3045e-08
391 1.3045e-08
392 1.3045e-08
393 1.3045e-08
394 1.3045e-08
395 1.3045e-08
396 1.3045e-08
397 1.3045e-08
398 1.3045e-08
399 1.3045e-08
400 1.3045e-08
401 1.3045e-08
402 1.3045e-08
403 1.3045e-08
404 1.3045e-08
405 1.3045e-08
406 1.3045e-08
407 1.3045e-08
408 1.3045e-08
409 1.3045e-08
410 1.3045e-08
411 1.3045e-08
412 1.3045e-08
413 1.3045e-08
414 1.3045e-08
415 1.3045e-08
416 1.3045e-08
417 1.3045e-08
418 1.3045e-08
419 1.3045e-08
420 1.3045e-08
421 1.3045e-08
422 1.3045e-08
423 1.3045e-08
424 1.3045e-08
425 1.3045e-08
426 1.3045e-08
427 1.3045e-08
428 1.3045e-08
429 1.3045e-08
430 1.3045e-08
431 1.3045e-08
432 1.3045e-08
433 1.3045e-08
434 1.3045e-08
435 1.3045e-08
436 1.3045e-08
437 1.3045e-08
438 1.3045e-08
439 1.3045e-08
440 1.3045e-08
441 1.3045e-08
442 1.3045e-08
443 1.3045e-08
444 1.3045e-08
445 1.3045e-08
446 1.3045e-08
447 1.3045e-08
448 1.3045e-08
449 1.3045e-08
450 1.3045e-08
451 1.3045e-08
452 1.3045e-08
453 1.3045e-08
454 1.3045e-08
455 1.3045e-08
456 1.3045e-08
457 1.3045e-08
458 1.3045e-08
459 1.3045e-08
460 1.3045e-08
461 1.3045e-08
462 1.3045e-08
463 1.3045e-08
464 1.3045e-08
465 1.3045e-08
466 1.3045e-08
467 1.3045e-08
468 1.3045e-08
469 1.3045e-08
470 1.3045e-08
471 1.3045e-08
472 1.3045e-08
473 1.3045e-08
474 1.3045e-08
475 1.3045e-08
476 1.3045e-08
477 1.3045e-08
478 1.3045e-08
479 1.3045e-08
480 1.3045e-08
481 1.3045e-08
482 1.3045e-08
483 1.3045e-08
484 1.3045e-08
485 1.3045e-08
486 1.3045e-08
487 1.3045e-08
488 1.3045e-08
489 1.3045e-08
490 1.3045e-08
491 1.3045e-08
492 1.3045e-08
493 1.3045e-08
494 1.3045e-08
495 1.3045e-08
496 1.3045e-08
497 1.3045e-08
498 1.3045e-08
499 1.3045e-08
500 1.3045e-08
501 1.3045e-08
502 1.3045e-08
503 1.3045e-08
504 1.3045e-08
505 1.3045e-08
506 1.3045e-08
507 1.3045e-08
508 1.3045e-08
509 1.3045e-08
510 1.3045e-08
511 1.3045e-08
512 1.3045e-08
513 1.3045e-08
514 1.3045e-08
515 1.3045e-08
516 1.3045e-08
517 1.3045e-08
518 1.3045e-08
519 1.3045e-08
520 1.3045e-08
521 1.3045e-08
522 1.3045e-08
523 1.3045e-08
524 1.3045e-08
525 1.3045e-08
526 1.3045e-08
527 1.3045e-08
528 1.3045e-08
529 1.3045e-08
530 1.3045e-08
531 1.3045e-08
532 1.3045e-08
533 1.3045e-08
534 1.3045e-08
535 1.3045e-08
536 1.3045e-08
537 1.3045e-08
538 1.3045e-08
539 1.3045e-08
540 1.3045e-08
541 1.3045e-08
542 1.3045e-08
543 1.3045e-08
544 1.3045e-08
545 1.3045e-08
546 1.3045e-08
547 1.3045e-08
548 1.3045e-08
549 1.3045e-08
550 1.3045e-08
551 1.3045e-08
552 1.3045e-08
