1 2.15741e-08
2 2.15741e-08
3 2.15741e-08
4 2.15741e-08
5 2.15741e-08
6 2.15741e-08
7 2.15741e-08
8 2.15741e-08
9 2.15741e-08
10 2.15741e-08
11 2.15741e-08
12 2.15741e-08
13 2.15741e-08
14 2.15741e-08
15 2.15741e-08
16 2.15741e-08
17 2.15741e-08
18 2.15741e-08
19 2.15741e-08
20 2.15741e-08
21 2.15741e-08
22 2.15741e-08
23 2.15741e-08
24 2.15741e-08
25 2.15741e-08
26 2.15741e-08
27 2.15741e-08
28 2.15741e-08
29 2.15741e-08
30 2.15741e-08
31 2.15741e-08
32 2.15741e-08
33 2.15741e-08
34 2.15741e-08
35 2.15741e-08
36 2.15741e-08
37 2.15741e-08
38 2.15741e-08
39 2.15741e-08
40 2.15741e-08
41 2.15741e-08
42 2.15741e-08
43 2.15741e-08
44 2.15741e-08
45 2.15741e-08
46 2.15741e-08
47 2.15741e-08
48 2.15741e-08
49 2.15741e-08
50 2.15741e-08
51 2.15741e-08
52 2.15741e-08
53 2.15741e-08
54 2.15741e-08
55 2.15741e-08
56 2.15741e-08
57 2.15741e-08
58 2.15741e-08
59 2.15741e-08
60 2.15741e-08
61 2.15741e-08
62 2.15741e-08
63 2.15741e-08
64 2.15741e-08
65 2.15741e-08
66 2.15741e-08
67 2.15741e-08
68 2.15741e-08
69 2.15741e-08
70 2.15741e-08
71 2.15741e-08
72 2.15741e-08
73 2.15741e-08
74 2.15741e-08
75 2.15741e-08
76 2.15741e-08
77 2.15741e-08
78 2.15741e-08
79 2.15741e-08
80 2.15741e-08
81 2.15741e-08
82 2.15741e-08
83 2.15741e-08
84 2.15741e-08
85 2.15741e-08
86 2.15741e-08
87 2.15741e-08
88 2.15741e-08
89 2.15741e-08
90 2.15741e-08
91 2.15741e-08
92 2.15741e-08
93 2.15741e-08
94 2.15741e-08
95 2.15741e-08
96 2.15741e-08
97 2.15741e-08
98 2.15741e-08
99 2.15741e-08
100 2.15741e-08
101 2.15741e-08
102 2.15741e-08
103 2.15741e-08
104 2.15741e-08
105 2.15741e-08
106 2.15741e-08
107 2.15741e-08
108 2.15741e-08
109 2.15741e-08
110 2.15741e-08
111 2.15741e-08
112 2.15741e-08
113 2.15741e-08
114 2.15741e-08
115 2.15741e-08
116 2.15741e-08
117 2.15741e-08
118 2.15741e-08
119 2.15741e-08
120 2.15741e-08
121 2.15741e-08
122 2.15741e-08
123 2.15741e-08
124 2.15741e-08
125 2.15741e-08
126 2.15741e-08
127 2.15741e-08
128 2.15741e-08
129 2.15741e-08
130 2.15741e-08
131 2.15741e-08
132 2.15741e-08
133 2.15741e-08
134 2.15741e-08
135 2.15741e-08
136 2.15741e-08
137 2.15741e-08
138 2.15741e-08
139 2.15741e-08
140 2.15741e-08
141 2.15741e-08
142 2.15741e-08
143 2.15741e-08
144 2.15741e-08
145 2.15741e-08
146 2.15741e-08
147 2.15741e-08
148 2.15741e-08
149 2.15741e-08
150 2.15741e-08
151 2.15741e-08
152 2.15741e-08
153 2.15741e-08
154 2.15741e-08
155 2.15741e-08
156 2.15741e-08
157 2.15741e-08
158 2.15741e-08
159 2.15741e-08
160 2.15741e-08
161 2.15741e-08
162 2.15741e-08
163 2.15741e-08
164 2.15741e-08
165 2.15741e-08
166 2.15741e-08
167 2.15741e-08
168 2.15741e-08
169 2.15741e-08
170 2.15741e-08
171 2.15741e-08
172 2.15741e-08
173 2.15741e-08
174 2.15741e-08
175 2.15741e-08
176 2.15741e-08
177 2.15741e-08
178 2.15741e-08
179 2.15741e-08
180 2.15741e-08
181 2.15741e-08
182 2.15741e-08
183 2.15741e-08
184 2.15741e-08
185 2.15741e-08
186 2.15741e-08
187 2.15741e-08
188 2.15741e-08
189 2.15741e-08
190 2.15741e-08
191 2.15741e-08
192 2.15741e-08
193 2.15741e-08
194 2.15741e-08
195 2.15741e-08
196 2.15741e-08
197 2.15741e-08
198 2.15741e-08
199 2.15741e-08
200 2.15741e-08
201 2.15741e-08
202 2.15741e-08
203 2.15741e-08
204 2.15741e-08
205 2.15741e-08
206 2.15741e-08
207 2.15741e-08
208 2.15741e-08
209 2.15741e-08
210 2.15741e-08
211 2.15741e-08
212 2.15741e-08
213 2.15741e-08
214 2.15741e-08
215 2.15741e-08
216 2.15741e-08
217 2.15741e-08
218 2.15741e-08
219 2.15741e-08
220 2.15741e-08
221 2.15741e-08
222 2.15741e-08
223 2.15741e-08
224 2.15741e-08
225 2.15741e-08
226 2.15741e-08
227 2.26593e-08
228 2.87204e-08
229 4.86019e-08
230 1.0429e-07
231 2.52437e-07
232 6.3651e-07
233 1.6119e-06
234 4.04156e-06
235 9.98402e-06
236 2.4258e-05
237 5.79243e-05
238 0.000135825
239 0.000312443
240 0.00070415
241 0.00155233
242 0.00334174
243 0.00701223
244 0.0143175
245 0.0283973
246 0.0546302
247 0.101803
248 0.18356
249 0.31997
250 0.538866
251 0.876455
252 0.967896
253 0.991685
254 0.99763
255 0.999058
256 0.999389
257 0.99979
258 0.999877
259 0.999975
260 0.999995
261 0.999999
262 1
263 1
264 1
265 1
266 1
267 1
268 1
269 1
270 1
271 1
272 1
273 1
274 1
275 1
276 1
277 1
278 1
279 1
280 1
281 1
282 1
283 1
284 1
285 1
286 0.999999
287 0.999995
288 0.999972
289 0.999855
290 0.999261
291 0.998723
292 0.996141
293 0.993945
294 0.984092
295 0.976304
296 0.970385
297 0.946748
298 0.856138
299 0.522843
300 0.307791
301 0.174644
302 0.0955187
303 0.0503672
304 0.0256133
305 0.0125668
306 0.00595171
307 0.00272257
308 0.00120372
309 0.000514765
310 0.000213104
311 8.5482e-05
312 3.32605e-05
313 1.25698e-05
314 4.62274e-06
315 1.66047e-06
316 5.8767e-07
317 2.09795e-07
318 8.06311e-08
319 3.78765e-08
320 2.49485e-08
321 2.19589e-08
322 2.15741e-08
323 2.15741e-08
324 2.15741e-08
325 2.15741e-08
326 2.15741e-08
327 2.15741e-08
328 2.15741e-08
329 2.15741e-08
330 2.15741e-08
331 2.15741e-08
332 2.15741e-08
333 2.15741e-08
334 2.15741e-08
335 2.15741e-08
336 2.15741e-08
337 2.15741e-08
338 2.15741e-08
339 2.15741e-08
340 2.15741e-08
341 2.15741e-08
342 2.15741e-08
343 2.15741e-08
344 2.15741e-08
345 2.15741e-08
346 2.15741e-08
347 2.15741e-08
348 2.15741e-08
349 2.15741e-08
350 2.15741e-08
351 2.15741e-08
352 2.15741e-08
353 2.15741e-08
354 2.15741e-08
355 2.15741e-08
356 2.15741e-08
357 2.15741e-08
358 2.15741e-08
359 2.15741e-08
360 2.15741e-08
361 2.15741e-08
362 2.15741e-08
363 2.15741e-08
364 2.15741e-08
365 2.15741e-08
366 2.15741e-08
367 2.15741e-08
368 2.15741e-08
369 2.15741e-08
370 2.15741e-08
371 2.15741e-08
372 2.15741e-08
373 2.15741e-08
374 2.15741e-08
375 2.15741e-08
376 2.15741e-08
377 2.15741e-08
378 2.15741e-08
379 2.15741e-08
380 2.15741e-08
381 2.15741e-08
382 2.15741e-08
383 2.15741e-08
384 2.15741e-08
385 2.15741e-08
386 2.15741e-08
387 2.15741e-08
388 2.15741e-08
389 2.15741e-08
390 2.15741e-08
391 2.15741e-08
392 2.15741e-08
393 2.15741e-08
394 2.15741e-08
395 2.15741e-08
396 2.15741e-08
397 2.15741e-08
398 2.15741e-08
399 2.15741e-08
400 2.15741e-08
401 2.15741e-08
402 2.15741e-08
403 2.15741e-08
404 2.15741e-08
405 2.15741e-08
406 2.15741e-08
407 2.15741e-08
408 2.15741e-08
409 2.15741e-08
410 2.15741e-08
411 2.15741e-08
412 2.15741e-08
413 2.15741e-08
414 2.15741e-08
415 2.15741e-08
416 2.15741e-08
417 2.15741e-08
418 2.15741e-08
419 2.15741e-08
420 2.15741e-08
421 2.15741e-08
422 2.15741e-08
423 2.15741e-08
424 2.15741e-08
425 2.15741e-08
426 2.15741e-08
427 2.15741e-08
428 2.15741e-08
429 2.15741e-08
430 2.15741e-08
431 2.15741e-08
432 2.15741e-08
433 2.15741e-08
434 2.15741e-08
435 2.15741e-08
436 2.15741e-08
437 2.15741e-08
438 2.15741e-08
439 2.15741e-08
440 2.15741e-08
441 2.15741e-08
442 2.15741e-08
443 2.15741e-08
444 2.15741e-08
445 2.15741e-08
446 2.15741e-08
447 2.15741e-08
448 2.15741e-08
449 2.15741e-08
450 2.15741e-08
451 2.15741e-08
452 2.15741e-08
453 2.15741e-08
454 2.15741e-08
455 2.15741e-08
456 2.15741e-08
457 2.15741e-08
458 2.15741e-08
459 2.15741e-08
460 2.15741e-08
461 2.15741e-08
462 2.15741e-08
463 2.15741e-08
464 2.15741e-08
465 2.15741e-08
466 2.15741e-08
467 2.15741e-08
468 2.15741e-08
469 2.15741e-08
470 2.15741e-08
471 2.15741e-08
472 2.15741e-08
473 2.15741e-08
474 2.15741e-08
475 2.15741e-08
476 2.15741e-08
477 2.15741e-08
478 2.15741e-08
479 2.15741e-08
480 2.15741e-08
481 2.15741e-08
482 2.15741e-08
483 2.15741e-08
484 2.15741e-08
485 2.15741e-08
486 2.15741e-08
487 2.15741e-08
488 2.15741e-08
489 2.15741e-08
490 2.15741e-08
491 2.15741e-08
492 2.15741e-08
493 2.15741e-08
494 2.15741e-08
495 2.15741e-08
496 2.15741e-08
497 2.15741e-08
498 2.15741e-08
499 2.15741e-08
500 2.15741e-08
501 2.15741e-08
502 2.15741e-08
503 2.15741e-08
504 2.15741e-08
505 2.15741e-08
506 2.15741e-08
507 2.15741e-08
508 2.15741e-08
509 2.15741e-08
510 2.15741e-08
511 2.15741e-08
512 2.15741e-08
513 2.15741e-08
514 2.15741e-08
515 2.15741e-08
516 2.15741e-08
517 2.15741e-08
518 2.15741e-08
519 2.15741e-08
520 2.15741e-08
521 2.15741e-08
522 2.15741e-08
523 2.15741e-08
524 2.15741e-08
525 2.15741e-08
526 2.15741e-08
527 2.15741e-08
528 2.15741e-08
529 2.15741e-08
530 2.15741e-08
531 2.15741e-08
532 2.15741e-08
533 2.15741e-08
534 2.15741e-08
535 2.15741e-08
536 2.15741e-08
537 2.15741e-08
538 2.15741e-08
539 2.15741e-08
540 2.15741e-08
541 2.15741e-08
542 2.15741e-08
543 2.15741e-08
544 2.15741e-08
545 2.15741e-08
546 2.15741e-08
547 2.15741e-08
548 2.15741e-08
549 2.15741e-08
550 2.15741e-08
551 2.15741e-08
552 2.15741e-08
