1 8.89443e-09
2 8.89443e-09
3 8.89443e-09
4 8.89443e-09
5 8.89443e-09
6 8.89443e-09
7 8.89443e-09
8 8.89443e-09
9 8.89443e-09
10 8.89443e-09
11 8.89443e-09
12 8.89443e-09
13 8.89443e-09
14 8.89443e-09
15 8.89443e-09
16 8.89443e-09
17 8.89443e-09
18 8.89443e-09
19 8.89443e-09
20 8.89443e-09
21 8.89443e-09
22 8.89443e-09
23 8.89443e-09
24 8.89443e-09
25 8.89443e-09
26 8.89443e-09
27 8.89443e-09
28 8.89443e-09
29 8.89443e-09
30 8.89443e-09
31 8.89443e-09
32 8.89443e-09
33 8.89443e-09
34 8.89443e-09
35 8.89443e-09
36 8.89443e-09
37 8.89443e-09
38 8.89443e-09
39 8.89443e-09
40 8.89443e-09
41 8.89443e-09
42 8.89443e-09
43 8.89443e-09
44 8.89443e-09
45 8.89443e-09
46 8.89443e-09
47 8.89443e-09
48 8.89443e-09
49 8.89443e-09
50 8.89443e-09
51 8.89443e-09
52 8.89443e-09
53 8.89443e-09
54 8.89443e-09
55 8.89443e-09
56 8.89443e-09
57 8.89443e-09
58 8.89443e-09
59 8.89443e-09
60 8.89443e-09
61 8.89443e-09
62 8.89443e-09
63 8.89443e-09
64 8.89443e-09
65 8.89443e-09
66 8.89443e-09
67 8.89443e-09
68 8.89443e-09
69 8.89443e-09
70 8.89443e-09
71 8.89443e-09
72 8.89443e-09
73 8.89443e-09
74 8.89443e-09
75 8.89443e-09
76 8.89443e-09
77 8.89443e-09
78 8.89443e-09
79 8.89443e-09
80 8.89443e-09
81 8.89443e-09
82 8.89443e-09
83 8.89443e-09
84 8.89443e-09
85 8.89443e-09
86 8.89443e-09
87 8.89443e-09
88 8.89443e-09
89 8.89443e-09
90 8.89443e-09
91 8.89443e-09
92 8.89443e-09
93 8.89443e-09
94 8.89443e-09
95 8.89443e-09
96 8.89443e-09
97 8.89443e-09
98 8.89443e-09
99 8.89443e-09
100 8.89443e-09
101 8.89443e-09
102 8.89443e-09
103 8.89443e-09
104 8.89443e-09
105 8.89443e-09
106 8.89443e-09
107 8.89443e-09
108 8.89443e-09
109 8.89443e-09
110 8.89443e-09
111 8.89443e-09
112 8.89443e-09
113 8.89443e-09
114 8.89443e-09
115 8.89443e-09
116 8.89443e-09
117 8.89443e-09
118 8.89443e-09
119 8.89443e-09
120 8.89443e-09
121 8.89443e-09
122 8.89443e-09
123 8.89443e-09
124 8.89443e-09
125 8.89443e-09
126 8.89443e-09
127 8.89443e-09
128 8.89443e-09
129 8.89443e-09
130 8.89443e-09
131 8.89443e-09
132 8.89443e-09
133 8.89443e-09
134 8.89443e-09
135 8.89443e-09
136 8.89443e-09
137 8.89443e-09
138 8.89443e-09
139 8.89443e-09
140 8.89443e-09
141 8.89443e-09
142 8.89443e-09
143 8.89443e-09
144 8.89443e-09
145 8.89443e-09
146 8.89443e-09
147 8.89443e-09
148 8.89443e-09
149 8.89443e-09
150 8.89443e-09
151 8.89443e-09
152 8.89443e-09
153 8.89443e-09
154 8.89443e-09
155 8.89443e-09
156 8.89443e-09
157 8.89443e-09
158 8.89443e-09
159 8.89443e-09
160 8.89443e-09
161 8.89443e-09
162 8.89443e-09
163 8.89443e-09
164 8.89443e-09
165 8.89443e-09
166 8.89443e-09
167 8.89443e-09
168 8.89443e-09
169 8.89443e-09
170 8.89443e-09
171 8.89443e-09
172 8.89443e-09
173 8.89443e-09
174 8.89443e-09
175 8.89443e-09
176 8.89443e-09
177 8.89443e-09
178 8.89443e-09
179 8.89443e-09
180 8.89443e-09
181 8.89443e-09
182 8.89443e-09
183 8.89443e-09
184 8.89443e-09
185 8.89443e-09
186 8.89443e-09
187 8.89443e-09
188 8.89443e-09
189 8.89443e-09
190 8.89443e-09
191 8.89443e-09
192 8.89443e-09
193 8.89443e-09
194 8.89443e-09
195 8.89443e-09
196 8.89443e-09
197 8.89443e-09
198 8.89443e-09
199 8.89443e-09
200 8.89443e-09
201 8.89443e-09
202 8.89443e-09
203 8.89443e-09
204 8.89443e-09
205 8.89443e-09
206 8.89443e-09
207 8.89443e-09
208 8.89443e-09
209 8.89443e-09
210 8.89443e-09
211 8.89443e-09
212 8.89443e-09
213 8.89443e-09
214 8.89443e-09
215 8.89443e-09
216 8.89443e-09
217 8.89443e-09
218 8.89443e-09
219 8.89443e-09
220 8.89443e-09
221 8.89443e-09
222 8.89443e-09
223 8.89443e-09
224 8.89443e-09
225 8.89443e-09
226 8.89443e-09
227 8.89443e-09
228 8.89443e-09
229 8.89443e-09
230 8.89443e-09
231 8.89443e-09
232 8.89443e-09
233 8.89443e-09
234 8.89443e-09
235 8.89443e-09
236 8.89443e-09
237 8.89443e-09
238 8.89443e-09
239 8.89443e-09
240 8.89443e-09
241 8.89443e-09
242 8.89443e-09
243 8.89443e-09
244 8.89443e-09
245 8.89443e-09
246 8.89443e-09
247 8.89443e-09
248 3.11548e-08
249 1.72787e-07
250 7.28026e-07
251 2.77085e-06
252 4.0175e-06
253 4.65253e-06
254 4.74623e-06
255 4.26781e-06
256 3.06891e-06
257 3.2086e-06
258 2.84684e-06
259 3.72326e-06
260 3.99413e-06
261 3.75906e-06
262 3.01573e-06
263 1.66767e-06
264 1.45344e-06
265 8.97371e-07
266 9.37944e-07
267 7.16294e-07
268 2.14671e-07
269 1.57381e-07
270 4.70897e-07
271 1.79127e-06
272 2.60374e-06
273 2.97932e-06
274 4.98608e-06
275 6.1266e-06
276 6.57396e-06
277 6.37981e-06
278 5.48332e-06
279 3.70628e-06
280 3.70512e-06
281 3.18535e-06
282 2.08661e-06
283 2.48493e-06
284 5.0841e-06
285 6.58426e-06
286 7.24935e-06
287 7.22014e-06
288 6.51188e-06
289 5.01308e-06
290 2.4881e-06
291 1.90962e-06
292 8.74201e-07
293 7.23701e-07
294 3.22799e-07
295 3.42064e-07
296 7.24955e-07
297 8.13404e-07
298 6.49569e-07
299 1.90537e-07
300 5.26717e-08
301 1.38217e-08
302 8.89443e-09
303 8.89443e-09
304 8.89443e-09
305 8.89443e-09
306 8.89443e-09
307 8.89443e-09
308 8.89443e-09
309 8.89443e-09
310 8.89443e-09
311 8.89443e-09
312 8.89443e-09
313 8.89443e-09
314 8.89443e-09
315 8.89443e-09
316 8.89443e-09
317 8.89443e-09
318 8.89443e-09
319 8.89443e-09
320 8.89443e-09
321 8.89443e-09
322 8.89443e-09
323 8.89443e-09
324 8.89443e-09
325 8.89443e-09
326 8.89443e-09
327 8.89443e-09
328 8.89443e-09
329 8.89443e-09
330 8.89443e-09
331 8.89443e-09
332 8.89443e-09
333 8.89443e-09
334 8.89443e-09
335 8.89443e-09
336 8.89443e-09
337 8.89443e-09
338 8.89443e-09
339 8.89443e-09
340 8.89443e-09
341 8.89443e-09
342 8.89443e-09
343 8.89443e-09
344 8.89443e-09
345 8.89443e-09
346 8.89443e-09
347 8.89443e-09
348 8.89443e-09
349 8.89443e-09
350 8.89443e-09
351 8.89443e-09
352 8.89443e-09
353 8.89443e-09
354 8.89443e-09
355 8.89443e-09
356 8.89443e-09
357 8.89443e-09
358 8.89443e-09
359 8.89443e-09
360 8.89443e-09
361 8.89443e-09
362 8.89443e-09
363 8.89443e-09
364 8.89443e-09
365 8.89443e-09
366 8.89443e-09
367 8.89443e-09
368 8.89443e-09
369 8.89443e-09
370 8.89443e-09
371 8.89443e-09
372 8.89443e-09
373 8.89443e-09
374 8.89443e-09
375 8.89443e-09
376 8.89443e-09
377 8.89443e-09
378 8.89443e-09
379 8.89443e-09
380 8.89443e-09
381 8.89443e-09
382 8.89443e-09
383 8.89443e-09
384 8.89443e-09
385 8.89443e-09
386 8.89443e-09
387 8.89443e-09
388 8.89443e-09
389 8.89443e-09
390 8.89443e-09
391 8.89443e-09
392 8.89443e-09
393 8.89443e-09
394 8.89443e-09
395 8.89443e-09
396 8.89443e-09
397 8.89443e-09
398 8.89443e-09
399 8.89443e-09
400 8.89443e-09
401 8.89443e-09
402 8.89443e-09
403 8.89443e-09
404 8.89443e-09
405 8.89443e-09
406 8.89443e-09
407 8.89443e-09
408 8.89443e-09
409 8.89443e-09
410 8.89443e-09
411 8.89443e-09
412 8.89443e-09
413 8.89443e-09
414 8.89443e-09
415 8.89443e-09
416 8.89443e-09
417 8.89443e-09
418 8.89443e-09
419 8.89443e-09
420 8.89443e-09
421 8.89443e-09
422 8.89443e-09
423 8.89443e-09
424 8.89443e-09
425 8.89443e-09
426 8.89443e-09
427 8.89443e-09
428 8.89443e-09
429 8.89443e-09
430 8.89443e-09
431 8.89443e-09
432 8.89443e-09
433 8.89443e-09
434 8.89443e-09
435 8.89443e-09
436 8.89443e-09
437 8.89443e-09
438 8.89443e-09
439 8.89443e-09
440 8.89443e-09
441 8.89443e-09
442 8.89443e-09
443 8.89443e-09
444 8.89443e-09
445 8.89443e-09
446 8.89443e-09
447 8.89443e-09
448 8.89443e-09
449 8.89443e-09
450 8.89443e-09
451 8.89443e-09
452 8.89443e-09
453 8.89443e-09
454 8.89443e-09
455 8.89443e-09
456 8.89443e-09
457 8.89443e-09
458 8.89443e-09
459 8.89443e-09
460 8.89443e-09
461 8.89443e-09
462 8.89443e-09
463 8.89443e-09
464 8.89443e-09
465 8.89443e-09
466 8.89443e-09
467 8.89443e-09
468 8.89443e-09
469 8.89443e-09
470 8.89443e-09
471 8.89443e-09
472 8.89443e-09
473 8.89443e-09
474 8.89443e-09
475 8.89443e-09
476 8.89443e-09
477 8.89443e-09
478 8.89443e-09
479 8.89443e-09
480 8.89443e-09
481 8.89443e-09
482 8.89443e-09
483 8.89443e-09
484 8.89443e-09
485 8.89443e-09
486 8.89443e-09
487 8.89443e-09
488 8.89443e-09
489 8.89443e-09
490 8.89443e-09
491 8.89443e-09
492 8.89443e-09
493 8.89443e-09
494 8.89443e-09
495 8.89443e-09
496 8.89443e-09
497 8.89443e-09
498 8.89443e-09
499 8.89443e-09
500 8.89443e-09
501 8.89443e-09
502 8.89443e-09
503 8.89443e-09
504 8.89443e-09
505 8.89443e-09
506 8.89443e-09
507 8.89443e-09
508 8.89443e-09
509 8.89443e-09
510 8.89443e-09
511 8.89443e-09
512 8.89443e-09
513 8.89443e-09
514 8.89443e-09
515 8.89443e-09
516 8.89443e-09
517 8.89443e-09
518 8.89443e-09
519 8.89443e-09
520 8.89443e-09
521 8.89443e-09
522 8.89443e-09
523 8.89443e-09
524 8.89443e-09
525 8.89443e-09
526 8.89443e-09
527 8.89443e-09
528 8.89443e-09
529 8.89443e-09
530 8.89443e-09
531 8.89443e-09
532 8.89443e-09
533 8.89443e-09
534 8.89443e-09
535 8.89443e-09
536 8.89443e-09
537 8.89443e-09
538 8.89443e-09
539 8.89443e-09
540 8.89443e-09
541 8.89443e-09
542 8.89443e-09
543 8.89443e-09
544 8.89443e-09
545 8.89443e-09
546 8.89443e-09
547 8.89443e-09
548 8.89443e-09
549 8.89443e-09
550 8.89443e-09
551 8.89443e-09
552 8.89443e-09
