1 2.38637e-09
2 2.38637e-09
3 2.38637e-09
4 2.38637e-09
5 2.38637e-09
6 2.38637e-09
7 2.38637e-09
8 2.38637e-09
9 2.38637e-09
10 2.38637e-09
11 2.38637e-09
12 2.38637e-09
13 2.38637e-09
14 2.38637e-09
15 2.38637e-09
16 2.38637e-09
17 2.38637e-09
18 2.38637e-09
19 2.38637e-09
20 2.38637e-09
21 2.38637e-09
22 2.38637e-09
23 2.38637e-09
24 2.38637e-09
25 2.38637e-09
26 2.38637e-09
27 2.38637e-09
28 2.38637e-09
29 2.38637e-09
30 2.38637e-09
31 2.38637e-09
32 2.38637e-09
33 2.38637e-09
34 2.38637e-09
35 2.38637e-09
36 2.38637e-09
37 2.38637e-09
38 2.38637e-09
39 2.38637e-09
40 2.38637e-09
41 2.38637e-09
42 2.38637e-09
43 2.38637e-09
44 2.38637e-09
45 2.38637e-09
46 2.38637e-09
47 2.38637e-09
48 2.38637e-09
49 2.38637e-09
50 2.38637e-09
51 2.38637e-09
52 2.38637e-09
53 2.38637e-09
54 2.38637e-09
55 2.38637e-09
56 2.38637e-09
57 2.38637e-09
58 2.38637e-09
59 2.38637e-09
60 2.38637e-09
61 2.38637e-09
62 2.38637e-09
63 2.38637e-09
64 2.38637e-09
65 2.38637e-09
66 2.38637e-09
67 2.38637e-09
68 2.38637e-09
69 2.38637e-09
70 2.38637e-09
71 2.38637e-09
72 2.38637e-09
73 2.38637e-09
74 2.38637e-09
75 2.38637e-09
76 2.38637e-09
77 2.38637e-09
78 2.38637e-09
79 2.38637e-09
80 2.38637e-09
81 2.38637e-09
82 2.38637e-09
83 2.38637e-09
84 2.38637e-09
85 2.38637e-09
86 2.38637e-09
87 2.38637e-09
88 2.38637e-09
89 2.38637e-09
90 2.38637e-09
91 2.38637e-09
92 2.38637e-09
93 2.38637e-09
94 2.38637e-09
95 2.38637e-09
96 2.38637e-09
97 2.38637e-09
98 2.38637e-09
99 2.38637e-09
100 2.38637e-09
101 2.38637e-09
102 2.38637e-09
103 2.38637e-09
104 2.38637e-09
105 2.38637e-09
106 2.38637e-09
107 2.38637e-09
108 2.38637e-09
109 2.38637e-09
110 2.38637e-09
111 2.38637e-09
112 2.38637e-09
113 2.38637e-09
114 2.38637e-09
115 2.38637e-09
116 2.38637e-09
117 2.38637e-09
118 2.38637e-09
119 2.38637e-09
120 2.38637e-09
121 2.38637e-09
122 2.38637e-09
123 2.38637e-09
124 2.38637e-09
125 2.38637e-09
126 2.38637e-09
127 2.38637e-09
128 2.38637e-09
129 2.38637e-09
130 2.38637e-09
131 2.38637e-09
132 2.38637e-09
133 2.38637e-09
134 2.38637e-09
135 2.38637e-09
136 2.38637e-09
137 2.38637e-09
138 2.38637e-09
139 2.38637e-09
140 2.38637e-09
141 2.38637e-09
142 2.38637e-09
143 2.38637e-09
144 2.38637e-09
145 2.38637e-09
146 2.38637e-09
147 2.38637e-09
148 2.38637e-09
149 2.38637e-09
150 2.38637e-09
151 2.38637e-09
152 2.38637e-09
153 2.38637e-09
154 2.38637e-09
155 2.38637e-09
156 2.38637e-09
157 2.38637e-09
158 2.38637e-09
159 2.38637e-09
160 2.38637e-09
161 2.38637e-09
162 2.38637e-09
163 2.38637e-09
164 2.38637e-09
165 2.38637e-09
166 2.38637e-09
167 2.38637e-09
168 2.38637e-09
169 2.38637e-09
170 2.38637e-09
171 2.38637e-09
172 2.38637e-09
173 2.38637e-09
174 2.38637e-09
175 2.38637e-09
176 2.38637e-09
177 2.38637e-09
178 2.38637e-09
179 2.38637e-09
180 2.38637e-09
181 2.38637e-09
182 2.38637e-09
183 2.38637e-09
184 2.38637e-09
185 2.38637e-09
186 2.38637e-09
187 2.38637e-09
188 2.38637e-09
189 2.38637e-09
190 2.38637e-09
191 2.38637e-09
192 2.38637e-09
193 2.38637e-09
194 2.38637e-09
195 2.38637e-09
196 2.38637e-09
197 2.38637e-09
198 2.38637e-09
199 2.38637e-09
200 2.38637e-09
201 2.38637e-09
202 2.38637e-09
203 2.38637e-09
204 2.38637e-09
205 2.38637e-09
206 2.38637e-09
207 2.38637e-09
208 2.38637e-09
209 2.38637e-09
210 2.38637e-09
211 2.38637e-09
212 2.38637e-09
213 2.38637e-09
214 2.38637e-09
215 2.38637e-09
216 2.38637e-09
217 2.38637e-09
218 2.38637e-09
219 2.38637e-09
220 2.38637e-09
221 2.38637e-09
222 2.38637e-09
223 2.38637e-09
224 2.38637e-09
225 2.38637e-09
226 2.38637e-09
227 2.38637e-09
228 2.38637e-09
229 2.38637e-09
230 2.38637e-09
231 2.38637e-09
232 2.38637e-09
233 2.38637e-09
234 2.83424e-09
235 5.70937e-09
236 1.55386e-08
237 4.58772e-08
238 1.37694e-07
239 4.07462e-07
240 1.18073e-06
241 3.3502e-06
242 9.32203e-06
243 2.55326e-05
244 6.92748e-05
245 0.000187956
246 0.000516272
247 0.00145494
248 0.00425229
249 0.0129423
250 0.0408678
251 0.132659
252 0.188507
253 0.222669
254 0.243612
255 0.256466
256 0.264368
257 0.290983
258 0.307363
259 0.362331
260 0.395779
261 0.415849
262 0.427594
263 0.43398
264 0.454731
265 0.465134
266 0.497958
267 0.513056
268 0.515104
269 0.534813
270 0.593393
271 0.746004
272 0.814026
273 0.840866
274 0.914541
275 0.943365
276 0.949421
277 0.939939
278 0.913615
279 0.862408
280 0.847436
281 0.819101
282 0.770376
283 0.755917
284 0.752146
285 0.745001
286 0.732885
287 0.712325
288 0.676315
289 0.610232
290 0.482529
291 0.435324
292 0.336969
293 0.29905
294 0.219394
295 0.189273
296 0.178144
297 0.156264
298 0.11451
299 0.0371963
300 0.0117796
301 0.00364937
302 0.00111092
303 0.000334045
304 9.97698e-05
305 2.97496e-05
306 8.88906e-06
307 2.66578e-06
308 8.02099e-07
309 2.41773e-07
310 7.29988e-08
311 2.21731e-08
312 7.18885e-09
313 3.27196e-09
314 2.48069e-09
315 2.38637e-09
316 2.38637e-09
317 2.38637e-09
318 2.38637e-09
319 2.38637e-09
320 2.38637e-09
321 2.38637e-09
322 2.38637e-09
323 2.38637e-09
324 2.38637e-09
325 2.38637e-09
326 2.38637e-09
327 2.38637e-09
328 2.38637e-09
329 2.38637e-09
330 2.38637e-09
331 2.38637e-09
332 2.38637e-09
333 2.38637e-09
334 2.38637e-09
335 2.38637e-09
336 2.38637e-09
337 2.38637e-09
338 2.38637e-09
339 2.38637e-09
340 2.38637e-09
341 2.38637e-09
342 2.38637e-09
343 2.38637e-09
344 2.38637e-09
345 2.38637e-09
346 2.38637e-09
347 2.38637e-09
348 2.38637e-09
349 2.38637e-09
350 2.38637e-09
351 2.38637e-09
352 2.38637e-09
353 2.38637e-09
354 2.38637e-09
355 2.38637e-09
356 2.38637e-09
357 2.38637e-09
358 2.38637e-09
359 2.38637e-09
360 2.38637e-09
361 2.38637e-09
362 2.38637e-09
363 2.38637e-09
364 2.38637e-09
365 2.38637e-09
366 2.38637e-09
367 2.38637e-09
368 2.38637e-09
369 2.38637e-09
370 2.38637e-09
371 2.38637e-09
372 2.38637e-09
373 2.38637e-09
374 2.38637e-09
375 2.38637e-09
376 2.38637e-09
377 2.38637e-09
378 2.38637e-09
379 2.38637e-09
380 2.38637e-09
381 2.38637e-09
382 2.38637e-09
383 2.38637e-09
384 2.38637e-09
385 2.38637e-09
386 2.38637e-09
387 2.38637e-09
388 2.38637e-09
389 2.38637e-09
390 2.38637e-09
391 2.38637e-09
392 2.38637e-09
393 2.38637e-09
394 2.38637e-09
395 2.38637e-09
396 2.38637e-09
397 2.38637e-09
398 2.38637e-09
399 2.38637e-09
400 2.38637e-09
401 2.38637e-09
402 2.38637e-09
403 2.38637e-09
404 2.38637e-09
405 2.38637e-09
406 2.38637e-09
407 2.38637e-09
408 2.38637e-09
409 2.38637e-09
410 2.38637e-09
411 2.38637e-09
412 2.38637e-09
413 2.38637e-09
414 2.38637e-09
415 2.38637e-09
416 2.38637e-09
417 2.38637e-09
418 2.38637e-09
419 2.38637e-09
420 2.38637e-09
421 2.38637e-09
422 2.38637e-09
423 2.38637e-09
424 2.38637e-09
425 2.38637e-09
426 2.38637e-09
427 2.38637e-09
428 2.38637e-09
429 2.38637e-09
430 2.38637e-09
431 2.38637e-09
432 2.38637e-09
433 2.38637e-09
434 2.38637e-09
435 2.38637e-09
436 2.38637e-09
437 2.38637e-09
438 2.38637e-09
439 2.38637e-09
440 2.38637e-09
441 2.38637e-09
442 2.38637e-09
443 2.38637e-09
444 2.38637e-09
445 2.38637e-09
446 2.38637e-09
447 2.38637e-09
448 2.38637e-09
449 2.38637e-09
450 2.38637e-09
451 2.38637e-09
452 2.38637e-09
453 2.38637e-09
454 2.38637e-09
455 2.38637e-09
456 2.38637e-09
457 2.38637e-09
458 2.38637e-09
459 2.38637e-09
460 2.38637e-09
461 2.38637e-09
462 2.38637e-09
463 2.38637e-09
464 2.38637e-09
465 2.38637e-09
466 2.38637e-09
467 2.38637e-09
468 2.38637e-09
469 2.38637e-09
470 2.38637e-09
471 2.38637e-09
472 2.38637e-09
473 2.38637e-09
474 2.38637e-09
475 2.38637e-09
476 2.38637e-09
477 2.38637e-09
478 2.38637e-09
479 2.38637e-09
480 2.38637e-09
481 2.38637e-09
482 2.38637e-09
483 2.38637e-09
484 2.38637e-09
485 2.38637e-09
486 2.38637e-09
487 2.38637e-09
488 2.38637e-09
489 2.38637e-09
490 2.38637e-09
491 2.38637e-09
492 2.38637e-09
493 2.38637e-09
494 2.38637e-09
495 2.38637e-09
496 2.38637e-09
497 2.38637e-09
498 2.38637e-09
499 2.38637e-09
500 2.38637e-09
501 2.38637e-09
502 2.38637e-09
503 2.38637e-09
504 2.38637e-09
505 2.38637e-09
506 2.38637e-09
507 2.38637e-09
508 2.38637e-09
509 2.38637e-09
510 2.38637e-09
511 2.38637e-09
512 2.38637e-09
513 2.38637e-09
514 2.38637e-09
515 2.38637e-09
516 2.38637e-09
517 2.38637e-09
518 2.38637e-09
519 2.38637e-09
520 2.38637e-09
521 2.38637e-09
522 2.38637e-09
523 2.38637e-09
524 2.38637e-09
525 2.38637e-09
526 2.38637e-09
527 2.38637e-09
528 2.38637e-09
529 2.38637e-09
530 2.38637e-09
531 2.38637e-09
532 2.38637e-09
533 2.38637e-09
534 2.38637e-09
535 2.38637e-09
536 2.38637e-09
537 2.38637e-09
538 2.38637e-09
539 2.38637e-09
540 2.38637e-09
541 2.38637e-09
542 2.38637e-09
543 2.38637e-09
544 2.38637e-09
545 2.38637e-09
546 2.38637e-09
547 2.38637e-09
548 2.38637e-09
549 2.38637e-09
550 2.38637e-09
551 2.38637e-09
552 2.38637e-09
