1 9.57628e-10
2 9.57628e-10
3 9.57628e-10
4 9.57628e-10
5 9.57628e-10
6 9.57628e-10
7 9.57628e-10
8 9.57628e-10
9 9.57628e-10
10 9.57628e-10
11 9.57628e-10
12 9.57628e-10
13 9.57628e-10
14 9.57628e-10
15 9.57628e-10
16 9.57628e-10
17 9.57628e-10
18 9.57628e-10
19 9.57628e-10
20 9.57628e-10
21 9.57628e-10
22 9.57628e-10
23 9.57628e-10
24 9.57628e-10
25 9.57628e-10
26 9.57628e-10
27 9.57628e-10
28 9.57628e-10
29 9.57628e-10
30 9.57628e-10
31 9.57628e-10
32 9.57628e-10
33 9.57628e-10
34 9.57628e-10
35 9.57628e-10
36 9.57628e-10
37 9.57628e-10
38 9.57628e-10
39 9.57628e-10
40 9.57628e-10
41 9.57628e-10
42 9.57628e-10
43 9.57628e-10
44 9.57628e-10
45 9.57628e-10
46 9.57628e-10
47 9.57628e-10
48 9.57628e-10
49 9.57628e-10
50 9.57628e-10
51 9.57628e-10
52 9.57628e-10
53 9.57628e-10
54 9.57628e-10
55 9.57628e-10
56 9.57628e-10
57 9.57628e-10
58 9.57628e-10
59 9.57628e-10
60 9.57628e-10
61 9.57628e-10
62 9.57628e-10
63 9.57628e-10
64 9.57628e-10
65 9.57628e-10
66 9.57628e-10
67 9.57628e-10
68 9.57628e-10
69 9.57628e-10
70 9.57628e-10
71 9.57628e-10
72 9.57628e-10
73 9.57628e-10
74 9.57628e-10
75 9.57628e-10
76 9.57628e-10
77 9.57628e-10
78 9.57628e-10
79 9.57628e-10
80 9.57628e-10
81 9.57628e-10
82 9.57628e-10
83 9.57628e-10
84 9.57628e-10
85 9.57628e-10
86 9.57628e-10
87 9.57628e-10
88 9.57628e-10
89 9.57628e-10
90 9.57628e-10
91 9.57628e-10
92 9.57628e-10
93 9.57628e-10
94 9.57628e-10
95 9.57628e-10
96 9.57628e-10
97 9.57628e-10
98 9.57628e-10
99 9.57628e-10
100 9.57628e-10
101 9.57628e-10
102 9.57628e-10
103 9.57628e-10
104 9.57628e-10
105 9.57628e-10
106 9.57628e-10
107 9.57628e-10
108 9.57628e-10
109 9.57628e-10
110 9.57628e-10
111 9.57628e-10
112 9.57628e-10
113 9.57628e-10
114 9.57628e-10
115 9.57628e-10
116 9.57628e-10
117 9.57628e-10
118 9.57628e-10
119 9.57628e-10
120 9.57628e-10
121 9.57628e-10
122 9.57628e-10
123 9.57628e-10
124 9.57628e-10
125 9.57628e-10
126 9.57628e-10
127 9.57628e-10
128 9.57628e-10
129 9.57628e-10
130 9.57628e-10
131 9.57628e-10
132 9.57628e-10
133 9.57628e-10
134 9.57628e-10
135 9.57628e-10
136 9.57628e-10
137 9.57628e-10
138 9.57628e-10
139 9.57628e-10
140 9.57628e-10
141 9.57628e-10
142 9.57628e-10
143 9.57628e-10
144 9.57628e-10
145 9.57628e-10
146 9.57628e-10
147 9.57628e-10
148 9.57628e-10
149 9.57628e-10
150 9.57628e-10
151 9.57628e-10
152 9.57628e-10
153 9.57628e-10
154 9.57628e-10
155 9.57628e-10
156 9.57628e-10
157 9.57628e-10
158 9.57628e-10
159 9.57628e-10
160 9.57628e-10
161 9.57628e-10
162 9.57628e-10
163 9.57628e-10
164 9.57628e-10
165 9.57628e-10
166 9.57628e-10
167 9.57628e-10
168 9.57628e-10
169 9.57628e-10
170 9.57628e-10
171 9.57628e-10
172 9.57628e-10
173 9.57628e-10
174 9.57628e-10
175 9.57628e-10
176 9.57628e-10
177 9.57628e-10
178 9.57628e-10
179 9.57628e-10
180 9.57628e-10
181 9.57628e-10
182 9.57628e-10
183 9.57628e-10
184 9.57628e-10
185 9.57628e-10
186 9.57628e-10
187 9.57628e-10
188 9.57628e-10
189 9.57628e-10
190 9.57628e-10
191 9.57628e-10
192 9.57628e-10
193 9.57628e-10
194 9.57628e-10
195 9.57628e-10
196 9.57628e-10
197 9.57628e-10
198 9.57628e-10
199 9.57628e-10
200 9.57628e-10
201 9.57628e-10
202 9.57628e-10
203 9.57628e-10
204 9.57628e-10
205 9.57628e-10
206 9.57628e-10
207 9.57628e-10
208 9.57628e-10
209 9.57628e-10
210 9.57628e-10
211 9.57628e-10
212 9.57628e-10
213 9.57628e-10
214 9.57628e-10
215 9.57628e-10
216 9.57628e-10
217 9.57628e-10
218 9.57628e-10
219 9.57628e-10
220 9.57628e-10
221 9.57628e-10
222 9.57628e-10
223 9.57628e-10
224 9.57628e-10
225 9.57628e-10
226 9.57628e-10
227 9.57628e-10
228 9.57628e-10
229 9.57628e-10
230 9.57628e-10
231 9.57628e-10
232 9.57628e-10
233 9.57628e-10
234 1.50172e-09
235 4.04092e-09
236 1.1433e-08
237 3.35716e-08
238 9.4885e-08
239 2.66874e-07
240 7.59408e-07
241 2.22059e-06
242 6.72246e-06
243 2.10612e-05
244 6.78447e-05
245 0.000222777
246 0.000739949
247 0.00247289
248 0.00829076
249 0.0278438
250 0.0935693
251 0.314145
252 0.448876
253 0.530491
254 0.579312
255 0.60803
256 0.62458
257 0.675543
258 0.703507
259 0.785202
260 0.827654
261 0.849122
262 0.859696
263 0.864774
264 0.877831
265 0.883832
266 0.898671
267 0.905229
268 0.907983
269 0.914619
270 0.929958
271 0.964338
272 0.97788
273 0.982727
274 0.993146
275 0.996281
276 0.995784
277 0.991542
278 0.980078
279 0.952589
280 0.941221
281 0.916379
282 0.864478
283 0.845418
284 0.838671
285 0.826018
286 0.803018
287 0.762334
288 0.69204
289 0.572903
290 0.373858
291 0.31356
292 0.213699
293 0.183166
294 0.130956
295 0.114047
296 0.108319
297 0.0971978
298 0.0747539
299 0.028338
300 0.010638
301 0.00392312
302 0.00141412
303 0.00049682
304 0.000169929
305 5.659e-05
306 1.83701e-05
307 5.8243e-06
308 1.80856e-06
309 5.51437e-07
310 1.65439e-07
311 4.86634e-08
312 1.3768e-08
313 3.46363e-09
314 1.1161e-09
315 9.57628e-10
316 9.57628e-10
317 9.57628e-10
318 9.57628e-10
319 9.57628e-10
320 9.57628e-10
321 9.57628e-10
322 9.57628e-10
323 9.57628e-10
324 9.57628e-10
325 9.57628e-10
326 9.57628e-10
327 9.57628e-10
328 9.57628e-10
329 9.57628e-10
330 9.57628e-10
331 9.57628e-10
332 9.57628e-10
333 9.57628e-10
334 9.57628e-10
335 9.57628e-10
336 9.57628e-10
337 9.57628e-10
338 9.57628e-10
339 9.57628e-10
340 9.57628e-10
341 9.57628e-10
342 9.57628e-10
343 9.57628e-10
344 9.57628e-10
345 9.57628e-10
346 9.57628e-10
347 9.57628e-10
348 9.57628e-10
349 9.57628e-10
350 9.57628e-10
351 9.57628e-10
352 9.57628e-10
353 9.57628e-10
354 9.57628e-10
355 9.57628e-10
356 9.57628e-10
357 9.57628e-10
358 9.57628e-10
359 9.57628e-10
360 9.57628e-10
361 9.57628e-10
362 9.57628e-10
363 9.57628e-10
364 9.57628e-10
365 9.57628e-10
366 9.57628e-10
367 9.57628e-10
368 9.57628e-10
369 9.57628e-10
370 9.57628e-10
371 9.57628e-10
372 9.57628e-10
373 9.57628e-10
374 9.57628e-10
375 9.57628e-10
376 9.57628e-10
377 9.57628e-10
378 9.57628e-10
379 9.57628e-10
380 9.57628e-10
381 9.57628e-10
382 9.57628e-10
383 9.57628e-10
384 9.57628e-10
385 9.57628e-10
386 9.57628e-10
387 9.57628e-10
388 9.57628e-10
389 9.57628e-10
390 9.57628e-10
391 9.57628e-10
392 9.57628e-10
393 9.57628e-10
394 9.57628e-10
395 9.57628e-10
396 9.57628e-10
397 9.57628e-10
398 9.57628e-10
399 9.57628e-10
400 9.57628e-10
401 9.57628e-10
402 9.57628e-10
403 9.57628e-10
404 9.57628e-10
405 9.57628e-10
406 9.57628e-10
407 9.57628e-10
408 9.57628e-10
409 9.57628e-10
410 9.57628e-10
411 9.57628e-10
412 9.57628e-10
413 9.57628e-10
414 9.57628e-10
415 9.57628e-10
416 9.57628e-10
417 9.57628e-10
418 9.57628e-10
419 9.57628e-10
420 9.57628e-10
421 9.57628e-10
422 9.57628e-10
423 9.57628e-10
424 9.57628e-10
425 9.57628e-10
426 9.57628e-10
427 9.57628e-10
428 9.57628e-10
429 9.57628e-10
430 9.57628e-10
431 9.57628e-10
432 9.57628e-10
433 9.57628e-10
434 9.57628e-10
435 9.57628e-10
436 9.57628e-10
437 9.57628e-10
438 9.57628e-10
439 9.57628e-10
440 9.57628e-10
441 9.57628e-10
442 9.57628e-10
443 9.57628e-10
444 9.57628e-10
445 9.57628e-10
446 9.57628e-10
447 9.57628e-10
448 9.57628e-10
449 9.57628e-10
450 9.57628e-10
451 9.57628e-10
452 9.57628e-10
453 9.57628e-10
454 9.57628e-10
455 9.57628e-10
456 9.57628e-10
457 9.57628e-10
458 9.57628e-10
459 9.57628e-10
460 9.57628e-10
461 9.57628e-10
462 9.57628e-10
463 9.57628e-10
464 9.57628e-10
465 9.57628e-10
466 9.57628e-10
467 9.57628e-10
468 9.57628e-10
469 9.57628e-10
470 9.57628e-10
471 9.57628e-10
472 9.57628e-10
473 9.57628e-10
474 9.57628e-10
475 9.57628e-10
476 9.57628e-10
477 9.57628e-10
478 9.57628e-10
479 9.57628e-10
480 9.57628e-10
481 9.57628e-10
482 9.57628e-10
483 9.57628e-10
484 9.57628e-10
485 9.57628e-10
486 9.57628e-10
487 9.57628e-10
488 9.57628e-10
489 9.57628e-10
490 9.57628e-10
491 9.57628e-10
492 9.57628e-10
493 9.57628e-10
494 9.57628e-10
495 9.57628e-10
496 9.57628e-10
497 9.57628e-10
498 9.57628e-10
499 9.57628e-10
500 9.57628e-10
501 9.57628e-10
502 9.57628e-10
503 9.57628e-10
504 9.57628e-10
505 9.57628e-10
506 9.57628e-10
507 9.57628e-10
508 9.57628e-10
509 9.57628e-10
510 9.57628e-10
511 9.57628e-10
512 9.57628e-10
513 9.57628e-10
514 9.57628e-10
515 9.57628e-10
516 9.57628e-10
517 9.57628e-10
518 9.57628e-10
519 9.57628e-10
520 9.57628e-10
521 9.57628e-10
522 9.57628e-10
523 9.57628e-10
524 9.57628e-10
525 9.57628e-10
526 9.57628e-10
527 9.57628e-10
528 9.57628e-10
529 9.57628e-10
530 9.57628e-10
531 9.57628e-10
532 9.57628e-10
533 9.57628e-10
534 9.57628e-10
535 9.57628e-10
536 9.57628e-10
537 9.57628e-10
538 9.57628e-10
539 9.57628e-10
540 9.57628e-10
541 9.57628e-10
542 9.57628e-10
543 9.57628e-10
544 9.57628e-10
545 9.57628e-10
546 9.57628e-10
547 9.57628e-10
548 9.57628e-10
549 9.57628e-10
550 9.57628e-10
551 9.57628e-10
552 9.57628e-10
