1 1.9484e-09
2 1.9484e-09
3 1.9484e-09
4 1.9484e-09
5 1.9484e-09
6 1.9484e-09
7 1.9484e-09
8 1.9484e-09
9 1.9484e-09
10 1.9484e-09
11 1.9484e-09
12 1.9484e-09
13 1.9484e-09
14 1.9484e-09
15 1.9484e-09
16 1.9484e-09
17 1.9484e-09
18 1.9484e-09
19 1.9484e-09
20 1.9484e-09
21 1.9484e-09
22 1.9484e-09
23 1.9484e-09
24 1.9484e-09
25 1.9484e-09
26 1.9484e-09
27 1.9484e-09
28 1.9484e-09
29 1.9484e-09
30 1.9484e-09
31 1.9484e-09
32 1.9484e-09
33 1.9484e-09
34 1.9484e-09
35 1.9484e-09
36 1.9484e-09
37 1.9484e-09
38 1.9484e-09
39 1.9484e-09
40 1.9484e-09
41 1.9484e-09
42 1.9484e-09
43 1.9484e-09
44 1.9484e-09
45 1.9484e-09
46 1.9484e-09
47 1.9484e-09
48 1.9484e-09
49 1.9484e-09
50 1.9484e-09
51 1.9484e-09
52 1.9484e-09
53 1.9484e-09
54 1.9484e-09
55 1.9484e-09
56 1.9484e-09
57 1.9484e-09
58 1.9484e-09
59 1.9484e-09
60 1.9484e-09
61 1.9484e-09
62 1.9484e-09
63 1.9484e-09
64 1.9484e-09
65 1.9484e-09
66 1.9484e-09
67 1.9484e-09
68 1.9484e-09
69 1.9484e-09
70 1.9484e-09
71 1.9484e-09
72 1.9484e-09
73 1.9484e-09
74 1.9484e-09
75 1.9484e-09
76 1.9484e-09
77 1.9484e-09
78 1.9484e-09
79 1.9484e-09
80 1.9484e-09
81 1.9484e-09
82 1.9484e-09
83 1.9484e-09
84 1.9484e-09
85 1.9484e-09
86 1.9484e-09
87 1.9484e-09
88 1.9484e-09
89 1.9484e-09
90 1.9484e-09
91 1.9484e-09
92 1.9484e-09
93 1.9484e-09
94 1.9484e-09
95 1.9484e-09
96 1.9484e-09
97 1.9484e-09
98 1.9484e-09
99 1.9484e-09
100 1.9484e-09
101 1.9484e-09
102 1.9484e-09
103 1.9484e-09
104 1.9484e-09
105 1.9484e-09
106 1.9484e-09
107 1.9484e-09
108 1.9484e-09
109 1.9484e-09
110 1.9484e-09
111 1.9484e-09
112 1.9484e-09
113 1.9484e-09
114 1.9484e-09
115 1.9484e-09
116 1.9484e-09
117 1.9484e-09
118 1.9484e-09
119 1.9484e-09
120 1.9484e-09
121 1.9484e-09
122 1.9484e-09
123 1.9484e-09
124 1.9484e-09
125 1.9484e-09
126 1.9484e-09
127 1.9484e-09
128 1.9484e-09
129 1.9484e-09
130 1.9484e-09
131 1.9484e-09
132 1.9484e-09
133 1.9484e-09
134 1.9484e-09
135 1.9484e-09
136 1.9484e-09
137 1.9484e-09
138 1.9484e-09
139 1.9484e-09
140 1.9484e-09
141 1.9484e-09
142 1.9484e-09
143 1.9484e-09
144 1.9484e-09
145 1.9484e-09
146 1.9484e-09
147 1.9484e-09
148 1.9484e-09
149 1.9484e-09
150 1.9484e-09
151 1.9484e-09
152 1.9484e-09
153 1.9484e-09
154 1.9484e-09
155 1.9484e-09
156 1.9484e-09
157 1.9484e-09
158 1.9484e-09
159 1.9484e-09
160 1.9484e-09
161 1.9484e-09
162 1.9484e-09
163 1.9484e-09
164 1.9484e-09
165 1.9484e-09
166 1.9484e-09
167 1.9484e-09
168 1.9484e-09
169 1.9484e-09
170 1.9484e-09
171 1.9484e-09
172 1.9484e-09
173 1.9484e-09
174 1.9484e-09
175 1.9484e-09
176 1.9484e-09
177 1.9484e-09
178 1.9484e-09
179 1.9484e-09
180 1.9484e-09
181 1.9484e-09
182 1.9484e-09
183 1.9484e-09
184 1.9484e-09
185 1.9484e-09
186 1.9484e-09
187 1.9484e-09
188 1.9484e-09
189 1.9484e-09
190 1.9484e-09
191 1.9484e-09
192 1.9484e-09
193 1.9484e-09
194 1.9484e-09
195 1.9484e-09
196 1.9484e-09
197 1.9484e-09
198 1.9484e-09
199 1.9484e-09
200 1.9484e-09
201 1.9484e-09
202 1.9484e-09
203 1.9484e-09
204 1.9484e-09
205 1.9484e-09
206 1.9484e-09
207 1.9484e-09
208 1.9484e-09
209 1.9484e-09
210 1.9484e-09
211 1.9484e-09
212 1.9484e-09
213 1.9484e-09
214 1.9484e-09
215 1.9484e-09
216 1.9484e-09
217 1.9484e-09
218 1.9484e-09
219 1.9484e-09
220 1.9484e-09
221 1.9484e-09
222 1.9484e-09
223 1.9484e-09
224 1.9484e-09
225 1.9484e-09
226 1.9484e-09
227 1.9484e-09
228 1.9484e-09
229 1.9484e-09
230 1.9484e-09
231 1.9484e-09
232 1.9484e-09
233 1.9484e-09
234 1.9484e-09
235 3.20375e-09
236 1.15834e-08
237 4.51222e-08
238 1.6046e-07
239 5.50007e-07
240 1.86154e-06
241 6.25281e-06
242 2.08876e-05
243 6.92967e-05
244 0.000227702
245 0.00073869
246 0.00235845
247 0.00738977
248 0.0226705
249 0.0679773
250 0.198996
251 0.568425
252 0.754171
253 0.845331
254 0.889054
255 0.909579
256 0.919022
257 0.942348
258 0.952694
259 0.977343
260 0.987879
261 0.992289
262 0.994092
263 0.99481
264 0.996327
265 0.996894
266 0.998012
267 0.998399
268 0.998526
269 0.99875
270 0.999122
271 0.999714
272 0.999878
273 0.99992
274 0.99998
275 0.999992
276 0.999984
277 0.999942
278 0.99978
279 0.999197
280 0.998832
281 0.997639
282 0.993933
283 0.991926
284 0.990889
285 0.98809
286 0.980868
287 0.96303
288 0.920802
289 0.824846
290 0.615227
291 0.534604
292 0.370974
293 0.312279
294 0.200707
295 0.163049
296 0.150671
297 0.128933
298 0.0915066
299 0.0280735
300 0.00861985
301 0.00267475
302 0.000848143
303 0.000277715
304 9.45192e-05
305 3.34285e-05
306 1.2194e-05
307 4.5321e-06
308 1.69284e-06
309 6.2718e-07
310 2.2721e-07
311 7.99415e-08
312 2.70849e-08
313 9.17524e-09
314 3.27158e-09
315 1.9484e-09
316 1.9484e-09
317 1.9484e-09
318 1.9484e-09
319 1.9484e-09
320 1.9484e-09
321 1.9484e-09
322 1.9484e-09
323 1.9484e-09
324 1.9484e-09
325 1.9484e-09
326 1.9484e-09
327 1.9484e-09
328 1.9484e-09
329 1.9484e-09
330 1.9484e-09
331 1.9484e-09
332 1.9484e-09
333 1.9484e-09
334 1.9484e-09
335 1.9484e-09
336 1.9484e-09
337 1.9484e-09
338 1.9484e-09
339 1.9484e-09
340 1.9484e-09
341 1.9484e-09
342 1.9484e-09
343 1.9484e-09
344 1.9484e-09
345 1.9484e-09
346 1.9484e-09
347 1.9484e-09
348 1.9484e-09
349 1.9484e-09
350 1.9484e-09
351 1.9484e-09
352 1.9484e-09
353 1.9484e-09
354 1.9484e-09
355 1.9484e-09
356 1.9484e-09
357 1.9484e-09
358 1.9484e-09
359 1.9484e-09
360 1.9484e-09
361 1.9484e-09
362 1.9484e-09
363 1.9484e-09
364 1.9484e-09
365 1.9484e-09
366 1.9484e-09
367 1.9484e-09
368 1.9484e-09
369 1.9484e-09
370 1.9484e-09
371 1.9484e-09
372 1.9484e-09
373 1.9484e-09
374 1.9484e-09
375 1.9484e-09
376 1.9484e-09
377 1.9484e-09
378 1.9484e-09
379 1.9484e-09
380 1.9484e-09
381 1.9484e-09
382 1.9484e-09
383 1.9484e-09
384 1.9484e-09
385 1.9484e-09
386 1.9484e-09
387 1.9484e-09
388 1.9484e-09
389 1.9484e-09
390 1.9484e-09
391 1.9484e-09
392 1.9484e-09
393 1.9484e-09
394 1.9484e-09
395 1.9484e-09
396 1.9484e-09
397 1.9484e-09
398 1.9484e-09
399 1.9484e-09
400 1.9484e-09
401 1.9484e-09
402 1.9484e-09
403 1.9484e-09
404 1.9484e-09
405 1.9484e-09
406 1.9484e-09
407 1.9484e-09
408 1.9484e-09
409 1.9484e-09
410 1.9484e-09
411 1.9484e-09
412 1.9484e-09
413 1.9484e-09
414 1.9484e-09
415 1.9484e-09
416 1.9484e-09
417 1.9484e-09
418 1.9484e-09
419 1.9484e-09
420 1.9484e-09
421 1.9484e-09
422 1.9484e-09
423 1.9484e-09
424 1.9484e-09
425 1.9484e-09
426 1.9484e-09
427 1.9484e-09
428 1.9484e-09
429 1.9484e-09
430 1.9484e-09
431 1.9484e-09
432 1.9484e-09
433 1.9484e-09
434 1.9484e-09
435 1.9484e-09
436 1.9484e-09
437 1.9484e-09
438 1.9484e-09
439 1.9484e-09
440 1.9484e-09
441 1.9484e-09
442 1.9484e-09
443 1.9484e-09
444 1.9484e-09
445 1.9484e-09
446 1.9484e-09
447 1.9484e-09
448 1.9484e-09
449 1.9484e-09
450 1.9484e-09
451 1.9484e-09
452 1.9484e-09
453 1.9484e-09
454 1.9484e-09
455 1.9484e-09
456 1.9484e-09
457 1.9484e-09
458 1.9484e-09
459 1.9484e-09
460 1.9484e-09
461 1.9484e-09
462 1.9484e-09
463 1.9484e-09
464 1.9484e-09
465 1.9484e-09
466 1.9484e-09
467 1.9484e-09
468 1.9484e-09
469 1.9484e-09
470 1.9484e-09
471 1.9484e-09
472 1.9484e-09
473 1.9484e-09
474 1.9484e-09
475 1.9484e-09
476 1.9484e-09
477 1.9484e-09
478 1.9484e-09
479 1.9484e-09
480 1.9484e-09
481 1.9484e-09
482 1.9484e-09
483 1.9484e-09
484 1.9484e-09
485 1.9484e-09
486 1.9484e-09
487 1.9484e-09
488 1.9484e-09
489 1.9484e-09
490 1.9484e-09
491 1.9484e-09
492 1.9484e-09
493 1.9484e-09
494 1.9484e-09
495 1.9484e-09
496 1.9484e-09
497 1.9484e-09
498 1.9484e-09
499 1.9484e-09
500 1.9484e-09
501 1.9484e-09
502 1.9484e-09
503 1.9484e-09
504 1.9484e-09
505 1.9484e-09
506 1.9484e-09
507 1.9484e-09
508 1.9484e-09
509 1.9484e-09
510 1.9484e-09
511 1.9484e-09
512 1.9484e-09
513 1.9484e-09
514 1.9484e-09
515 1.9484e-09
516 1.9484e-09
517 1.9484e-09
518 1.9484e-09
519 1.9484e-09
520 1.9484e-09
521 1.9484e-09
522 1.9484e-09
523 1.9484e-09
524 1.9484e-09
525 1.9484e-09
526 1.9484e-09
527 1.9484e-09
528 1.9484e-09
529 1.9484e-09
530 1.9484e-09
531 1.9484e-09
532 1.9484e-09
533 1.9484e-09
534 1.9484e-09
535 1.9484e-09
536 1.9484e-09
537 1.9484e-09
538 1.9484e-09
539 1.9484e-09
540 1.9484e-09
541 1.9484e-09
542 1.9484e-09
543 1.9484e-09
544 1.9484e-09
545 1.9484e-09
546 1.9484e-09
547 1.9484e-09
548 1.9484e-09
549 1.9484e-09
550 1.9484e-09
551 1.9484e-09
552 1.9484e-09
