1 2.00029e-07
2 2.00029e-07
3 2.00029e-07
4 2.00029e-07
5 2.00029e-07
6 2.00029e-07
7 2.00029e-07
8 2.00029e-07
9 2.00029e-07
10 2.00029e-07
11 2.00029e-07
12 2.00029e-07
13 2.00029e-07
14 2.00029e-07
15 2.00029e-07
16 2.00029e-07
17 2.00029e-07
18 2.00029e-07
19 2.00029e-07
20 2.00029e-07
21 2.00029e-07
22 2.00029e-07
23 2.00029e-07
24 2.00029e-07
25 2.00029e-07
26 2.00029e-07
27 2.00029e-07
28 2.00029e-07
29 2.00029e-07
30 2.00029e-07
31 2.00029e-07
32 2.00029e-07
33 2.00029e-07
34 2.00029e-07
35 2.00029e-07
36 2.00029e-07
37 2.00029e-07
38 2.00029e-07
39 2.00029e-07
40 2.00029e-07
41 2.00029e-07
42 2.00029e-07
43 2.00029e-07
44 2.00029e-07
45 2.00029e-07
46 2.00029e-07
47 2.00029e-07
48 2.00029e-07
49 2.00029e-07
50 2.00029e-07
51 2.00029e-07
52 2.00029e-07
53 2.00029e-07
54 2.00029e-07
55 2.00029e-07
56 2.00029e-07
57 2.00029e-07
58 2.00029e-07
59 2.00029e-07
60 2.00029e-07
61 2.00029e-07
62 2.00029e-07
63 2.00029e-07
64 2.00029e-07
65 2.00029e-07
66 2.00029e-07
67 2.00029e-07
68 2.00029e-07
69 2.00029e-07
70 2.00029e-07
71 2.00029e-07
72 2.00029e-07
73 2.00029e-07
74 2.00029e-07
75 2.00029e-07
76 2.00029e-07
77 2.00029e-07
78 2.00029e-07
79 2.00029e-07
80 2.00029e-07
81 2.00029e-07
82 2.00029e-07
83 2.00029e-07
84 2.00029e-07
85 2.00029e-07
86 2.00029e-07
87 2.00029e-07
88 2.00029e-07
89 2.00029e-07
90 2.00029e-07
91 2.00029e-07
92 2.00029e-07
93 2.00029e-07
94 2.00029e-07
95 2.00029e-07
96 2.00029e-07
97 2.00029e-07
98 2.00029e-07
99 2.00029e-07
100 2.00029e-07
101 2.00029e-07
102 2.00029e-07
103 2.00029e-07
104 2.00029e-07
105 2.00029e-07
106 2.00029e-07
107 2.00029e-07
108 2.00029e-07
109 2.00029e-07
110 2.00029e-07
111 2.00029e-07
112 2.00029e-07
113 2.00029e-07
114 2.00029e-07
115 2.00029e-07
116 2.00029e-07
117 2.00029e-07
118 2.00029e-07
119 2.00029e-07
120 2.00029e-07
121 2.00029e-07
122 2.00029e-07
123 2.00029e-07
124 2.00029e-07
125 2.00029e-07
126 2.00029e-07
127 2.00029e-07
128 2.00029e-07
129 2.00029e-07
130 2.00029e-07
131 2.00029e-07
132 2.00029e-07
133 2.00029e-07
134 2.00029e-07
135 2.00029e-07
136 2.00029e-07
137 2.00029e-07
138 2.00029e-07
139 2.00029e-07
140 2.00029e-07
141 2.00029e-07
142 2.00029e-07
143 2.00029e-07
144 2.00029e-07
145 2.00029e-07
146 2.00029e-07
147 2.00029e-07
148 2.00029e-07
149 2.00029e-07
150 2.00029e-07
151 2.00029e-07
152 2.00029e-07
153 2.00029e-07
154 2.00029e-07
155 2.00029e-07
156 2.00029e-07
157 2.00029e-07
158 2.00029e-07
159 2.00029e-07
160 2.00029e-07
161 2.00029e-07
162 2.00029e-07
163 2.00029e-07
164 2.00029e-07
165 2.00029e-07
166 2.00029e-07
167 2.00029e-07
168 2.00029e-07
169 2.00029e-07
170 2.00029e-07
171 2.00029e-07
172 2.00029e-07
173 2.00029e-07
174 2.00029e-07
175 2.00029e-07
176 2.00029e-07
177 2.00029e-07
178 2.00029e-07
179 2.00029e-07
180 2.00029e-07
181 2.00029e-07
182 2.00029e-07
183 2.00029e-07
184 2.00029e-07
185 2.00029e-07
186 2.00029e-07
187 2.00029e-07
188 2.00029e-07
189 2.00029e-07
190 2.00029e-07
191 2.00029e-07
192 2.00029e-07
193 2.00029e-07
194 2.00029e-07
195 2.00029e-07
196 2.00029e-07
197 2.00029e-07
198 2.00029e-07
199 2.00029e-07
200 2.00029e-07
201 2.00029e-07
202 2.00029e-07
203 2.00029e-07
204 2.00029e-07
205 2.00029e-07
206 2.00029e-07
207 2.00029e-07
208 2.00029e-07
209 2.00029e-07
210 2.00029e-07
211 2.00029e-07
212 2.00029e-07
213 2.00029e-07
214 2.00029e-07
215 2.00029e-07
216 2.00029e-07
217 2.00029e-07
218 2.00029e-07
219 2.00029e-07
220 2.00029e-07
221 2.00029e-07
222 2.00029e-07
223 2.00029e-07
224 2.00029e-07
225 2.00029e-07
226 2.00029e-07
227 2.00029e-07
228 2.00029e-07
229 2.00029e-07
230 2.00029e-07
231 2.00029e-07
232 2.00029e-07
233 2.00029e-07
234 2.00029e-07
235 2.00029e-07
236 2.00029e-07
237 2.00029e-07
238 2.00029e-07
239 2.00029e-07
240 2.038e-07
241 2.49072e-07
242 4.47205e-07
243 1.14227e-06
244 3.44987e-06
245 1.09788e-05
246 3.51414e-05
247 0.00011124
248 0.000345988
249 0.00105363
250 0.00313454
251 0.0090985
252 0.0121452
253 0.0136646
254 0.014403
255 0.0147384
256 0.0148239
257 0.015249
258 0.0153361
259 0.0159831
260 0.0161796
261 0.0158778
262 0.0147305
263 0.0119129
264 0.0110842
265 0.00896688
266 0.00877407
267 0.0076308
268 0.00512013
269 0.00504535
270 0.00748605
271 0.0165517
272 0.0219945
273 0.0251152
274 0.0357338
275 0.0416994
276 0.0448652
277 0.0463361
278 0.0466826
279 0.0460245
280 0.0468201
281 0.0464992
282 0.0448364
283 0.0447366
284 0.0460407
285 0.0461492
286 0.0452854
287 0.0431905
288 0.0391491
289 0.0318754
290 0.0192788
291 0.0154172
292 0.00903422
293 0.00714623
294 0.00408363
295 0.00318166
296 0.00291883
297 0.00247673
298 0.00174269
299 0.000525411
300 0.000157689
301 4.72733e-05
302 1.42909e-05
303 4.44025e-06
304 1.47518e-06
305 5.67713e-07
306 2.90224e-07
307 2.12164e-07
308 2.00029e-07
309 2.00029e-07
310 2.00029e-07
311 2.00029e-07
312 2.00029e-07
313 2.00029e-07
314 2.00029e-07
315 2.00029e-07
316 2.00029e-07
317 2.00029e-07
318 2.00029e-07
319 2.00029e-07
320 2.00029e-07
321 2.00029e-07
322 2.00029e-07
323 2.00029e-07
324 2.00029e-07
325 2.00029e-07
326 2.00029e-07
327 2.00029e-07
328 2.00029e-07
329 2.00029e-07
330 2.00029e-07
331 2.00029e-07
332 2.00029e-07
333 2.00029e-07
334 2.00029e-07
335 2.00029e-07
336 2.00029e-07
337 2.00029e-07
338 2.00029e-07
339 2.00029e-07
340 2.00029e-07
341 2.00029e-07
342 2.00029e-07
343 2.00029e-07
344 2.00029e-07
345 2.00029e-07
346 2.00029e-07
347 2.00029e-07
348 2.00029e-07
349 2.00029e-07
350 2.00029e-07
351 2.00029e-07
352 2.00029e-07
353 2.00029e-07
354 2.00029e-07
355 2.00029e-07
356 2.00029e-07
357 2.00029e-07
358 2.00029e-07
359 2.00029e-07
360 2.00029e-07
361 2.00029e-07
362 2.00029e-07
363 2.00029e-07
364 2.00029e-07
365 2.00029e-07
366 2.00029e-07
367 2.00029e-07
368 2.00029e-07
369 2.00029e-07
370 2.00029e-07
371 2.00029e-07
372 2.00029e-07
373 2.00029e-07
374 2.00029e-07
375 2.00029e-07
376 2.00029e-07
377 2.00029e-07
378 2.00029e-07
379 2.00029e-07
380 2.00029e-07
381 2.00029e-07
382 2.00029e-07
383 2.00029e-07
384 2.00029e-07
385 2.00029e-07
386 2.00029e-07
387 2.00029e-07
388 2.00029e-07
389 2.00029e-07
390 2.00029e-07
391 2.00029e-07
392 2.00029e-07
393 2.00029e-07
394 2.00029e-07
395 2.00029e-07
396 2.00029e-07
397 2.00029e-07
398 2.00029e-07
399 2.00029e-07
400 2.00029e-07
401 2.00029e-07
402 2.00029e-07
403 2.00029e-07
404 2.00029e-07
405 2.00029e-07
406 2.00029e-07
407 2.00029e-07
408 2.00029e-07
409 2.00029e-07
410 2.00029e-07
411 2.00029e-07
412 2.00029e-07
413 2.00029e-07
414 2.00029e-07
415 2.00029e-07
416 2.00029e-07
417 2.00029e-07
418 2.00029e-07
419 2.00029e-07
420 2.00029e-07
421 2.00029e-07
422 2.00029e-07
423 2.00029e-07
424 2.00029e-07
425 2.00029e-07
426 2.00029e-07
427 2.00029e-07
428 2.00029e-07
429 2.00029e-07
430 2.00029e-07
431 2.00029e-07
432 2.00029e-07
433 2.00029e-07
434 2.00029e-07
435 2.00029e-07
436 2.00029e-07
437 2.00029e-07
438 2.00029e-07
439 2.00029e-07
440 2.00029e-07
441 2.00029e-07
442 2.00029e-07
443 2.00029e-07
444 2.00029e-07
445 2.00029e-07
446 2.00029e-07
447 2.00029e-07
448 2.00029e-07
449 2.00029e-07
450 2.00029e-07
451 2.00029e-07
452 2.00029e-07
453 2.00029e-07
454 2.00029e-07
455 2.00029e-07
456 2.00029e-07
457 2.00029e-07
458 2.00029e-07
459 2.00029e-07
460 2.00029e-07
461 2.00029e-07
462 2.00029e-07
463 2.00029e-07
464 2.00029e-07
465 2.00029e-07
466 2.00029e-07
467 2.00029e-07
468 2.00029e-07
469 2.00029e-07
470 2.00029e-07
471 2.00029e-07
472 2.00029e-07
473 2.00029e-07
474 2.00029e-07
475 2.00029e-07
476 2.00029e-07
477 2.00029e-07
478 2.00029e-07
479 2.00029e-07
480 2.00029e-07
481 2.00029e-07
482 2.00029e-07
483 2.00029e-07
484 2.00029e-07
485 2.00029e-07
486 2.00029e-07
487 2.00029e-07
488 2.00029e-07
489 2.00029e-07
490 2.00029e-07
491 2.00029e-07
492 2.00029e-07
493 2.00029e-07
494 2.00029e-07
495 2.00029e-07
496 2.00029e-07
497 2.00029e-07
498 2.00029e-07
499 2.00029e-07
500 2.00029e-07
501 2.00029e-07
502 2.00029e-07
503 2.00029e-07
504 2.00029e-07
505 2.00029e-07
506 2.00029e-07
507 2.00029e-07
508 2.00029e-07
509 2.00029e-07
510 2.00029e-07
511 2.00029e-07
512 2.00029e-07
513 2.00029e-07
514 2.00029e-07
515 2.00029e-07
516 2.00029e-07
517 2.00029e-07
518 2.00029e-07
519 2.00029e-07
520 2.00029e-07
521 2.00029e-07
522 2.00029e-07
523 2.00029e-07
524 2.00029e-07
525 2.00029e-07
526 2.00029e-07
527 2.00029e-07
528 2.00029e-07
529 2.00029e-07
530 2.00029e-07
531 2.00029e-07
532 2.00029e-07
533 2.00029e-07
534 2.00029e-07
535 2.00029e-07
536 2.00029e-07
537 2.00029e-07
538 2.00029e-07
539 2.00029e-07
540 2.00029e-07
541 2.00029e-07
542 2.00029e-07
543 2.00029e-07
544 2.00029e-07
545 2.00029e-07
546 2.00029e-07
547 2.00029e-07
548 2.00029e-07
549 2.00029e-07
550 2.00029e-07
551 2.00029e-07
552 2.00029e-07
