1 2.36205e-09
2 2.36205e-09
3 2.36205e-09
4 2.36205e-09
5 2.36205e-09
6 2.36205e-09
7 2.36205e-09
8 2.36205e-09
9 2.36205e-09
10 2.36205e-09
11 2.36205e-09
12 2.36205e-09
13 2.36205e-09
14 2.36205e-09
15 2.36205e-09
16 2.36205e-09
17 2.36205e-09
18 2.36205e-09
19 2.36205e-09
20 2.36205e-09
21 2.36205e-09
22 2.36205e-09
23 2.36205e-09
24 2.36205e-09
25 2.36205e-09
26 2.36205e-09
27 2.36205e-09
28 2.36205e-09
29 2.36205e-09
30 2.36205e-09
31 2.36205e-09
32 2.36205e-09
33 2.36205e-09
34 2.36205e-09
35 2.36205e-09
36 2.36205e-09
37 2.36205e-09
38 2.36205e-09
39 2.36205e-09
40 2.36205e-09
41 2.36205e-09
42 2.36205e-09
43 2.36205e-09
44 2.36205e-09
45 2.36205e-09
46 2.36205e-09
47 2.36205e-09
48 2.36205e-09
49 2.36205e-09
50 2.36205e-09
51 2.36205e-09
52 2.36205e-09
53 2.36205e-09
54 2.36205e-09
55 2.36205e-09
56 2.36205e-09
57 2.36205e-09
58 2.36205e-09
59 2.36205e-09
60 2.36205e-09
61 2.36205e-09
62 2.36205e-09
63 2.36205e-09
64 2.36205e-09
65 2.36205e-09
66 2.36205e-09
67 2.36205e-09
68 2.36205e-09
69 2.36205e-09
70 2.36205e-09
71 2.36205e-09
72 2.36205e-09
73 2.36205e-09
74 2.36205e-09
75 2.36205e-09
76 2.36205e-09
77 2.36205e-09
78 2.36205e-09
79 2.36205e-09
80 2.36205e-09
81 2.36205e-09
82 2.36205e-09
83 2.36205e-09
84 2.36205e-09
85 2.36205e-09
86 2.36205e-09
87 2.36205e-09
88 2.36205e-09
89 2.36205e-09
90 2.36205e-09
91 2.36205e-09
92 2.36205e-09
93 2.36205e-09
94 2.36205e-09
95 2.36205e-09
96 2.36205e-09
97 2.36205e-09
98 2.36205e-09
99 2.36205e-09
100 2.36205e-09
101 2.36205e-09
102 2.36205e-09
103 2.36205e-09
104 2.36205e-09
105 2.36205e-09
106 2.36205e-09
107 2.36205e-09
108 2.36205e-09
109 2.36205e-09
110 2.36205e-09
111 2.36205e-09
112 2.36205e-09
113 2.36205e-09
114 2.36205e-09
115 2.36205e-09
116 2.36205e-09
117 2.36205e-09
118 2.36205e-09
119 2.36205e-09
120 2.36205e-09
121 2.36205e-09
122 2.36205e-09
123 2.36205e-09
124 2.36205e-09
125 2.36205e-09
126 2.36205e-09
127 2.36205e-09
128 2.36205e-09
129 2.36205e-09
130 2.36205e-09
131 2.36205e-09
132 2.36205e-09
133 2.36205e-09
134 2.36205e-09
135 2.36205e-09
136 2.36205e-09
137 2.36205e-09
138 2.36205e-09
139 2.36205e-09
140 2.36205e-09
141 2.36205e-09
142 2.36205e-09
143 2.36205e-09
144 2.36205e-09
145 2.36205e-09
146 2.36205e-09
147 2.36205e-09
148 2.36205e-09
149 2.36205e-09
150 2.36205e-09
151 2.36205e-09
152 2.36205e-09
153 2.36205e-09
154 2.36205e-09
155 2.36205e-09
156 2.36205e-09
157 2.36205e-09
158 2.36205e-09
159 2.36205e-09
160 2.36205e-09
161 2.36205e-09
162 2.36205e-09
163 2.36205e-09
164 2.36205e-09
165 2.36205e-09
166 2.36205e-09
167 2.36205e-09
168 2.36205e-09
169 2.36205e-09
170 2.36205e-09
171 2.36205e-09
172 2.36205e-09
173 2.36205e-09
174 2.36205e-09
175 2.36205e-09
176 2.36205e-09
177 2.36205e-09
178 2.36205e-09
179 2.36205e-09
180 2.36205e-09
181 2.36205e-09
182 2.36205e-09
183 2.36205e-09
184 2.36205e-09
185 2.36205e-09
186 2.36205e-09
187 2.36205e-09
188 2.36205e-09
189 2.36205e-09
190 2.36205e-09
191 2.36205e-09
192 2.36205e-09
193 2.36205e-09
194 2.36205e-09
195 2.36205e-09
196 2.36205e-09
197 2.36205e-09
198 2.36205e-09
199 2.36205e-09
200 2.36205e-09
201 2.36205e-09
202 2.36205e-09
203 2.36205e-09
204 2.36205e-09
205 2.36205e-09
206 2.36205e-09
207 2.36205e-09
208 2.36205e-09
209 2.36205e-09
210 2.36205e-09
211 2.36205e-09
212 2.36205e-09
213 2.36205e-09
214 2.36205e-09
215 2.36205e-09
216 2.36205e-09
217 2.36205e-09
218 2.36205e-09
219 2.36205e-09
220 2.36205e-09
221 2.36205e-09
222 2.36205e-09
223 2.36205e-09
224 2.36205e-09
225 2.36205e-09
226 2.36205e-09
227 2.36205e-09
228 2.36205e-09
229 2.36205e-09
230 2.36205e-09
231 2.36205e-09
232 2.36205e-09
233 2.36205e-09
234 2.36205e-09
235 3.8707e-09
236 1.10295e-08
237 3.46999e-08
238 1.09935e-07
239 3.43686e-07
240 1.05565e-06
241 3.17096e-06
242 9.30955e-06
243 2.67205e-05
244 7.50516e-05
245 0.000206835
246 0.000562026
247 0.00151763
248 0.0041182
249 0.0113851
250 0.0324996
251 0.0966301
252 0.133703
253 0.155777
254 0.169151
255 0.177319
256 0.182319
257 0.199102
258 0.209397
259 0.244078
260 0.26542
261 0.278432
262 0.285918
263 0.288752
264 0.303538
265 0.309013
266 0.336308
267 0.346754
268 0.339926
269 0.358125
270 0.425675
271 0.615568
272 0.704804
273 0.742238
274 0.848949
275 0.894046
276 0.908424
277 0.904681
278 0.885729
279 0.848346
280 0.840255
281 0.822145
282 0.790583
283 0.782089
284 0.781368
285 0.777057
286 0.768236
287 0.751196
288 0.717178
289 0.646779
290 0.498109
291 0.44056
292 0.320105
293 0.274974
294 0.184948
295 0.153087
296 0.142157
297 0.12227
298 0.087124
299 0.0266353
300 0.00802412
301 0.00239615
302 0.00071337
303 0.00021272
304 6.36935e-05
305 1.91515e-05
306 5.77169e-06
307 1.73842e-06
308 5.2204e-07
309 1.55845e-07
310 4.59532e-08
311 1.34077e-08
312 4.48936e-09
313 2.52372e-09
314 2.36205e-09
315 2.36205e-09
316 2.36205e-09
317 2.36205e-09
318 2.36205e-09
319 2.36205e-09
320 2.36205e-09
321 2.36205e-09
322 2.36205e-09
323 2.36205e-09
324 2.36205e-09
325 2.36205e-09
326 2.36205e-09
327 2.36205e-09
328 2.36205e-09
329 2.36205e-09
330 2.36205e-09
331 2.36205e-09
332 2.36205e-09
333 2.36205e-09
334 2.36205e-09
335 2.36205e-09
336 2.36205e-09
337 2.36205e-09
338 2.36205e-09
339 2.36205e-09
340 2.36205e-09
341 2.36205e-09
342 2.36205e-09
343 2.36205e-09
344 2.36205e-09
345 2.36205e-09
346 2.36205e-09
347 2.36205e-09
348 2.36205e-09
349 2.36205e-09
350 2.36205e-09
351 2.36205e-09
352 2.36205e-09
353 2.36205e-09
354 2.36205e-09
355 2.36205e-09
356 2.36205e-09
357 2.36205e-09
358 2.36205e-09
359 2.36205e-09
360 2.36205e-09
361 2.36205e-09
362 2.36205e-09
363 2.36205e-09
364 2.36205e-09
365 2.36205e-09
366 2.36205e-09
367 2.36205e-09
368 2.36205e-09
369 2.36205e-09
370 2.36205e-09
371 2.36205e-09
372 2.36205e-09
373 2.36205e-09
374 2.36205e-09
375 2.36205e-09
376 2.36205e-09
377 2.36205e-09
378 2.36205e-09
379 2.36205e-09
380 2.36205e-09
381 2.36205e-09
382 2.36205e-09
383 2.36205e-09
384 2.36205e-09
385 2.36205e-09
386 2.36205e-09
387 2.36205e-09
388 2.36205e-09
389 2.36205e-09
390 2.36205e-09
391 2.36205e-09
392 2.36205e-09
393 2.36205e-09
394 2.36205e-09
395 2.36205e-09
396 2.36205e-09
397 2.36205e-09
398 2.36205e-09
399 2.36205e-09
400 2.36205e-09
401 2.36205e-09
402 2.36205e-09
403 2.36205e-09
404 2.36205e-09
405 2.36205e-09
406 2.36205e-09
407 2.36205e-09
408 2.36205e-09
409 2.36205e-09
410 2.36205e-09
411 2.36205e-09
412 2.36205e-09
413 2.36205e-09
414 2.36205e-09
415 2.36205e-09
416 2.36205e-09
417 2.36205e-09
418 2.36205e-09
419 2.36205e-09
420 2.36205e-09
421 2.36205e-09
422 2.36205e-09
423 2.36205e-09
424 2.36205e-09
425 2.36205e-09
426 2.36205e-09
427 2.36205e-09
428 2.36205e-09
429 2.36205e-09
430 2.36205e-09
431 2.36205e-09
432 2.36205e-09
433 2.36205e-09
434 2.36205e-09
435 2.36205e-09
436 2.36205e-09
437 2.36205e-09
438 2.36205e-09
439 2.36205e-09
440 2.36205e-09
441 2.36205e-09
442 2.36205e-09
443 2.36205e-09
444 2.36205e-09
445 2.36205e-09
446 2.36205e-09
447 2.36205e-09
448 2.36205e-09
449 2.36205e-09
450 2.36205e-09
451 2.36205e-09
452 2.36205e-09
453 2.36205e-09
454 2.36205e-09
455 2.36205e-09
456 2.36205e-09
457 2.36205e-09
458 2.36205e-09
459 2.36205e-09
460 2.36205e-09
461 2.36205e-09
462 2.36205e-09
463 2.36205e-09
464 2.36205e-09
465 2.36205e-09
466 2.36205e-09
467 2.36205e-09
468 2.36205e-09
469 2.36205e-09
470 2.36205e-09
471 2.36205e-09
472 2.36205e-09
473 2.36205e-09
474 2.36205e-09
475 2.36205e-09
476 2.36205e-09
477 2.36205e-09
478 2.36205e-09
479 2.36205e-09
480 2.36205e-09
481 2.36205e-09
482 2.36205e-09
483 2.36205e-09
484 2.36205e-09
485 2.36205e-09
486 2.36205e-09
487 2.36205e-09
488 2.36205e-09
489 2.36205e-09
490 2.36205e-09
491 2.36205e-09
492 2.36205e-09
493 2.36205e-09
494 2.36205e-09
495 2.36205e-09
496 2.36205e-09
497 2.36205e-09
498 2.36205e-09
499 2.36205e-09
500 2.36205e-09
501 2.36205e-09
502 2.36205e-09
503 2.36205e-09
504 2.36205e-09
505 2.36205e-09
506 2.36205e-09
507 2.36205e-09
508 2.36205e-09
509 2.36205e-09
510 2.36205e-09
511 2.36205e-09
512 2.36205e-09
513 2.36205e-09
514 2.36205e-09
515 2.36205e-09
516 2.36205e-09
517 2.36205e-09
518 2.36205e-09
519 2.36205e-09
520 2.36205e-09
521 2.36205e-09
522 2.36205e-09
523 2.36205e-09
524 2.36205e-09
525 2.36205e-09
526 2.36205e-09
527 2.36205e-09
528 2.36205e-09
529 2.36205e-09
530 2.36205e-09
531 2.36205e-09
532 2.36205e-09
533 2.36205e-09
534 2.36205e-09
535 2.36205e-09
536 2.36205e-09
537 2.36205e-09
538 2.36205e-09
539 2.36205e-09
540 2.36205e-09
541 2.36205e-09
542 2.36205e-09
543 2.36205e-09
544 2.36205e-09
545 2.36205e-09
546 2.36205e-09
547 2.36205e-09
548 2.36205e-09
549 2.36205e-09
550 2.36205e-09
551 2.36205e-09
552 2.36205e-09
