1 5.56902e-08
2 5.56902e-08
3 5.56902e-08
4 5.56902e-08
5 5.56902e-08
6 5.56902e-08
7 5.56902e-08
8 5.56902e-08
9 5.56902e-08
10 5.56902e-08
11 5.56902e-08
12 5.56902e-08
13 5.56902e-08
14 5.56902e-08
15 5.56902e-08
16 5.56902e-08
17 5.56902e-08
18 5.56902e-08
19 5.56902e-08
20 5.56902e-08
21 5.56902e-08
22 5.56902e-08
23 5.56902e-08
24 5.56902e-08
25 5.56902e-08
26 5.56902e-08
27 5.56902e-08
28 5.56902e-08
29 5.56902e-08
30 5.56902e-08
31 5.56902e-08
32 5.56902e-08
33 5.56902e-08
34 5.56902e-08
35 5.56902e-08
36 5.56902e-08
37 5.56902e-08
38 5.56902e-08
39 5.56902e-08
40 5.56902e-08
41 5.56902e-08
42 5.56902e-08
43 5.56902e-08
44 5.56902e-08
45 5.56902e-08
46 5.56902e-08
47 5.56902e-08
48 5.56902e-08
49 5.56902e-08
50 5.56902e-08
51 5.56902e-08
52 5.56902e-08
53 5.56902e-08
54 5.56902e-08
55 5.56902e-08
56 5.56902e-08
57 5.56902e-08
58 5.56902e-08
59 5.56902e-08
60 5.56902e-08
61 5.56902e-08
62 5.56902e-08
63 5.56902e-08
64 5.56902e-08
65 5.56902e-08
66 5.56902e-08
67 5.56902e-08
68 5.56902e-08
69 5.56902e-08
70 5.56902e-08
71 5.56902e-08
72 5.56902e-08
73 5.56902e-08
74 5.56902e-08
75 5.56902e-08
76 5.56902e-08
77 5.56902e-08
78 5.56902e-08
79 5.56902e-08
80 5.56902e-08
81 5.56902e-08
82 5.56902e-08
83 5.56902e-08
84 5.56902e-08
85 5.56902e-08
86 5.56902e-08
87 5.56902e-08
88 5.56902e-08
89 5.56902e-08
90 5.56902e-08
91 5.56902e-08
92 5.56902e-08
93 5.56902e-08
94 5.56902e-08
95 5.56902e-08
96 5.56902e-08
97 5.56902e-08
98 5.56902e-08
99 5.56902e-08
100 5.56902e-08
101 5.56902e-08
102 5.56902e-08
103 5.56902e-08
104 5.56902e-08
105 5.56902e-08
106 5.56902e-08
107 5.56902e-08
108 5.56902e-08
109 5.56902e-08
110 5.56902e-08
111 5.56902e-08
112 5.56902e-08
113 5.56902e-08
114 5.56902e-08
115 5.56902e-08
116 5.56902e-08
117 5.56902e-08
118 5.56902e-08
119 5.56902e-08
120 5.56902e-08
121 5.56902e-08
122 5.56902e-08
123 5.56902e-08
124 5.56902e-08
125 5.56902e-08
126 5.56902e-08
127 5.56902e-08
128 5.56902e-08
129 5.56902e-08
130 5.56902e-08
131 5.56902e-08
132 5.56902e-08
133 5.56902e-08
134 5.56902e-08
135 5.56902e-08
136 5.56902e-08
137 5.56902e-08
138 5.56902e-08
139 5.56902e-08
140 5.56902e-08
141 5.56902e-08
142 5.56902e-08
143 5.56902e-08
144 5.56902e-08
145 5.56902e-08
146 5.56902e-08
147 5.56902e-08
148 5.56902e-08
149 5.56902e-08
150 5.56902e-08
151 5.56902e-08
152 5.56902e-08
153 5.56902e-08
154 5.56902e-08
155 5.56902e-08
156 5.56902e-08
157 5.56902e-08
158 5.56902e-08
159 5.56902e-08
160 5.56902e-08
161 5.56902e-08
162 5.56902e-08
163 5.56902e-08
164 5.56902e-08
165 5.56902e-08
166 5.56902e-08
167 5.56902e-08
168 5.56902e-08
169 5.56902e-08
170 5.56902e-08
171 5.56902e-08
172 5.56902e-08
173 5.56902e-08
174 5.56902e-08
175 5.56902e-08
176 5.56902e-08
177 5.56902e-08
178 5.56902e-08
179 5.56902e-08
180 5.56902e-08
181 5.56902e-08
182 5.56902e-08
183 5.56902e-08
184 5.56902e-08
185 5.56902e-08
186 5.56902e-08
187 5.56902e-08
188 5.56902e-08
189 5.56902e-08
190 5.56902e-08
191 5.56902e-08
192 5.56902e-08
193 5.56902e-08
194 5.56902e-08
195 5.56902e-08
196 5.56902e-08
197 5.56902e-08
198 5.56902e-08
199 5.56902e-08
200 5.56902e-08
201 5.56902e-08
202 5.56902e-08
203 5.56902e-08
204 5.56902e-08
205 5.56902e-08
206 5.56902e-08
207 5.56902e-08
208 5.56902e-08
209 5.56902e-08
210 5.56902e-08
211 5.56902e-08
212 5.56902e-08
213 5.56902e-08
214 5.56902e-08
215 5.56902e-08
216 5.56902e-08
217 5.56902e-08
218 5.56902e-08
219 5.56902e-08
220 5.56902e-08
221 5.56902e-08
222 5.56902e-08
223 5.56902e-08
224 5.56902e-08
225 5.56902e-08
226 5.56902e-08
227 5.56902e-08
228 5.56902e-08
229 5.56902e-08
230 5.56902e-08
231 5.56902e-08
232 5.56902e-08
233 5.56902e-08
234 5.56902e-08
235 5.56902e-08
236 5.56902e-08
237 5.56902e-08
238 5.56902e-08
239 5.56902e-08
240 5.56902e-08
241 5.56902e-08
242 5.56902e-08
243 5.92569e-08
244 9.95121e-08
245 2.77683e-07
246 9.06665e-07
247 3.02241e-06
248 1.00237e-05
249 3.2848e-05
250 0.000106064
251 0.00033652
252 0.00046609
253 0.000536641
254 0.000572332
255 0.000584893
256 0.00057491
257 0.000592864
258 0.000583394
259 0.000609007
260 0.000605446
261 0.000571631
262 0.000493293
263 0.000340715
264 0.000297088
265 0.000212519
266 0.000199783
267 0.000163128
268 9.39662e-05
269 9.06276e-05
270 0.000146889
271 0.000355534
272 0.000482169
273 0.000557158
274 0.000828979
275 0.000994782
276 0.00109105
277 0.00113754
278 0.0011399
279 0.00108706
280 0.00112039
281 0.00109449
282 0.000994492
283 0.000998901
284 0.00110428
285 0.00113529
286 0.00111795
287 0.00105734
288 0.000943969
289 0.000754481
290 0.000447101
291 0.000358367
292 0.000211424
293 0.000168862
294 9.59307e-05
295 7.49335e-05
296 7.0682e-05
297 6.03454e-05
298 4.23953e-05
299 1.28305e-05
300 3.97387e-06
301 1.27034e-06
302 4.26489e-07
303 1.55803e-07
304 7.67584e-08
305 5.9177e-08
306 5.56902e-08
307 5.56902e-08
308 5.56902e-08
309 5.56902e-08
310 5.56902e-08
311 5.56902e-08
312 5.56902e-08
313 5.56902e-08
314 5.56902e-08
315 5.56902e-08
316 5.56902e-08
317 5.56902e-08
318 5.56902e-08
319 5.56902e-08
320 5.56902e-08
321 5.56902e-08
322 5.56902e-08
323 5.56902e-08
324 5.56902e-08
325 5.56902e-08
326 5.56902e-08
327 5.56902e-08
328 5.56902e-08
329 5.56902e-08
330 5.56902e-08
331 5.56902e-08
332 5.56902e-08
333 5.56902e-08
334 5.56902e-08
335 5.56902e-08
336 5.56902e-08
337 5.56902e-08
338 5.56902e-08
339 5.56902e-08
340 5.56902e-08
341 5.56902e-08
342 5.56902e-08
343 5.56902e-08
344 5.56902e-08
345 5.56902e-08
346 5.56902e-08
347 5.56902e-08
348 5.56902e-08
349 5.56902e-08
350 5.56902e-08
351 5.56902e-08
352 5.56902e-08
353 5.56902e-08
354 5.56902e-08
355 5.56902e-08
356 5.56902e-08
357 5.56902e-08
358 5.56902e-08
359 5.56902e-08
360 5.56902e-08
361 5.56902e-08
362 5.56902e-08
363 5.56902e-08
364 5.56902e-08
365 5.56902e-08
366 5.56902e-08
367 5.56902e-08
368 5.56902e-08
369 5.56902e-08
370 5.56902e-08
371 5.56902e-08
372 5.56902e-08
373 5.56902e-08
374 5.56902e-08
375 5.56902e-08
376 5.56902e-08
377 5.56902e-08
378 5.56902e-08
379 5.56902e-08
380 5.56902e-08
381 5.56902e-08
382 5.56902e-08
383 5.56902e-08
384 5.56902e-08
385 5.56902e-08
386 5.56902e-08
387 5.56902e-08
388 5.56902e-08
389 5.56902e-08
390 5.56902e-08
391 5.56902e-08
392 5.56902e-08
393 5.56902e-08
394 5.56902e-08
395 5.56902e-08
396 5.56902e-08
397 5.56902e-08
398 5.56902e-08
399 5.56902e-08
400 5.56902e-08
401 5.56902e-08
402 5.56902e-08
403 5.56902e-08
404 5.56902e-08
405 5.56902e-08
406 5.56902e-08
407 5.56902e-08
408 5.56902e-08
409 5.56902e-08
410 5.56902e-08
411 5.56902e-08
412 5.56902e-08
413 5.56902e-08
414 5.56902e-08
415 5.56902e-08
416 5.56902e-08
417 5.56902e-08
418 5.56902e-08
419 5.56902e-08
420 5.56902e-08
421 5.56902e-08
422 5.56902e-08
423 5.56902e-08
424 5.56902e-08
425 5.56902e-08
426 5.56902e-08
427 5.56902e-08
428 5.56902e-08
429 5.56902e-08
430 5.56902e-08
431 5.56902e-08
432 5.56902e-08
433 5.56902e-08
434 5.56902e-08
435 5.56902e-08
436 5.56902e-08
437 5.56902e-08
438 5.56902e-08
439 5.56902e-08
440 5.56902e-08
441 5.56902e-08
442 5.56902e-08
443 5.56902e-08
444 5.56902e-08
445 5.56902e-08
446 5.56902e-08
447 5.56902e-08
448 5.56902e-08
449 5.56902e-08
450 5.56902e-08
451 5.56902e-08
452 5.56902e-08
453 5.56902e-08
454 5.56902e-08
455 5.56902e-08
456 5.56902e-08
457 5.56902e-08
458 5.56902e-08
459 5.56902e-08
460 5.56902e-08
461 5.56902e-08
462 5.56902e-08
463 5.56902e-08
464 5.56902e-08
465 5.56902e-08
466 5.56902e-08
467 5.56902e-08
468 5.56902e-08
469 5.56902e-08
470 5.56902e-08
471 5.56902e-08
472 5.56902e-08
473 5.56902e-08
474 5.56902e-08
475 5.56902e-08
476 5.56902e-08
477 5.56902e-08
478 5.56902e-08
479 5.56902e-08
480 5.56902e-08
481 5.56902e-08
482 5.56902e-08
483 5.56902e-08
484 5.56902e-08
485 5.56902e-08
486 5.56902e-08
487 5.56902e-08
488 5.56902e-08
489 5.56902e-08
490 5.56902e-08
491 5.56902e-08
492 5.56902e-08
493 5.56902e-08
494 5.56902e-08
495 5.56902e-08
496 5.56902e-08
497 5.56902e-08
498 5.56902e-08
499 5.56902e-08
500 5.56902e-08
501 5.56902e-08
502 5.56902e-08
503 5.56902e-08
504 5.56902e-08
505 5.56902e-08
506 5.56902e-08
507 5.56902e-08
508 5.56902e-08
509 5.56902e-08
510 5.56902e-08
511 5.56902e-08
512 5.56902e-08
513 5.56902e-08
514 5.56902e-08
515 5.56902e-08
516 5.56902e-08
517 5.56902e-08
518 5.56902e-08
519 5.56902e-08
520 5.56902e-08
521 5.56902e-08
522 5.56902e-08
523 5.56902e-08
524 5.56902e-08
525 5.56902e-08
526 5.56902e-08
527 5.56902e-08
528 5.56902e-08
529 5.56902e-08
530 5.56902e-08
531 5.56902e-08
532 5.56902e-08
533 5.56902e-08
534 5.56902e-08
535 5.56902e-08
536 5.56902e-08
537 5.56902e-08
538 5.56902e-08
539 5.56902e-08
540 5.56902e-08
541 5.56902e-08
542 5.56902e-08
543 5.56902e-08
544 5.56902e-08
545 5.56902e-08
546 5.56902e-08
547 5.56902e-08
548 5.56902e-08
549 5.56902e-08
550 5.56902e-08
551 5.56902e-08
552 5.56902e-08
