1 4.58782e-08
2 4.58782e-08
3 4.58782e-08
4 4.58782e-08
5 4.58782e-08
6 4.58782e-08
7 4.58782e-08
8 4.58782e-08
9 4.58782e-08
10 4.58782e-08
11 4.58782e-08
12 4.58782e-08
13 4.58782e-08
14 4.58782e-08
15 4.58782e-08
16 4.58782e-08
17 4.58782e-08
18 4.58782e-08
19 4.58782e-08
20 4.58782e-08
21 4.58782e-08
22 4.58782e-08
23 4.58782e-08
24 4.58782e-08
25 4.58782e-08
26 4.58782e-08
27 4.58782e-08
28 4.58782e-08
29 4.58782e-08
30 4.58782e-08
31 4.58782e-08
32 4.58782e-08
33 4.58782e-08
34 4.58782e-08
35 4.58782e-08
36 4.58782e-08
37 4.58782e-08
38 4.58782e-08
39 4.58782e-08
40 4.58782e-08
41 4.58782e-08
42 4.58782e-08
43 4.58782e-08
44 4.58782e-08
45 4.58782e-08
46 4.58782e-08
47 4.58782e-08
48 4.58782e-08
49 4.58782e-08
50 4.58782e-08
51 4.58782e-08
52 4.58782e-08
53 4.58782e-08
54 4.58782e-08
55 4.58782e-08
56 4.58782e-08
57 4.58782e-08
58 4.58782e-08
59 4.58782e-08
60 4.58782e-08
61 4.58782e-08
62 4.58782e-08
63 4.58782e-08
64 4.58782e-08
65 4.58782e-08
66 4.58782e-08
67 4.58782e-08
68 4.58782e-08
69 4.58782e-08
70 4.58782e-08
71 4.58782e-08
72 4.58782e-08
73 4.58782e-08
74 4.58782e-08
75 4.58782e-08
76 4.58782e-08
77 4.58782e-08
78 4.58782e-08
79 4.58782e-08
80 4.58782e-08
81 4.58782e-08
82 4.58782e-08
83 4.58782e-08
84 4.58782e-08
85 4.58782e-08
86 4.58782e-08
87 4.58782e-08
88 4.58782e-08
89 4.58782e-08
90 4.58782e-08
91 4.58782e-08
92 4.58782e-08
93 4.58782e-08
94 4.58782e-08
95 4.58782e-08
96 4.58782e-08
97 4.58782e-08
98 4.58782e-08
99 4.58782e-08
100 4.58782e-08
101 4.58782e-08
102 4.58782e-08
103 4.58782e-08
104 4.58782e-08
105 4.58782e-08
106 4.58782e-08
107 4.58782e-08
108 4.58782e-08
109 4.58782e-08
110 4.58782e-08
111 4.58782e-08
112 4.58782e-08
113 4.58782e-08
114 4.58782e-08
115 4.58782e-08
116 4.58782e-08
117 4.58782e-08
118 4.58782e-08
119 4.58782e-08
120 4.58782e-08
121 4.58782e-08
122 4.58782e-08
123 4.58782e-08
124 4.58782e-08
125 4.58782e-08
126 4.58782e-08
127 4.58782e-08
128 4.58782e-08
129 4.58782e-08
130 4.58782e-08
131 4.58782e-08
132 4.58782e-08
133 4.58782e-08
134 4.58782e-08
135 4.58782e-08
136 4.58782e-08
137 4.58782e-08
138 4.58782e-08
139 4.58782e-08
140 4.58782e-08
141 4.58782e-08
142 4.58782e-08
143 4.58782e-08
144 4.58782e-08
145 4.58782e-08
146 4.58782e-08
147 4.58782e-08
148 4.58782e-08
149 4.58782e-08
150 4.58782e-08
151 4.58782e-08
152 4.58782e-08
153 4.58782e-08
154 4.58782e-08
155 4.58782e-08
156 4.58782e-08
157 4.58782e-08
158 4.58782e-08
159 4.58782e-08
160 4.58782e-08
161 4.58782e-08
162 4.58782e-08
163 4.58782e-08
164 4.58782e-08
165 4.58782e-08
166 4.58782e-08
167 4.58782e-08
168 4.58782e-08
169 4.58782e-08
170 4.58782e-08
171 4.58782e-08
172 4.58782e-08
173 4.58782e-08
174 4.58782e-08
175 4.58782e-08
176 4.58782e-08
177 4.58782e-08
178 4.58782e-08
179 4.58782e-08
180 4.58782e-08
181 4.58782e-08
182 4.58782e-08
183 4.58782e-08
184 4.58782e-08
185 4.58782e-08
186 4.58782e-08
187 4.58782e-08
188 4.58782e-08
189 4.58782e-08
190 4.58782e-08
191 4.58782e-08
192 4.58782e-08
193 4.58782e-08
194 4.58782e-08
195 4.58782e-08
196 4.58782e-08
197 4.58782e-08
198 4.58782e-08
199 4.58782e-08
200 4.58782e-08
201 4.58782e-08
202 4.58782e-08
203 4.58782e-08
204 4.58782e-08
205 4.58782e-08
206 4.58782e-08
207 4.58782e-08
208 4.58782e-08
209 4.58782e-08
210 4.58782e-08
211 4.58782e-08
212 4.58782e-08
213 4.58782e-08
214 4.58782e-08
215 4.58782e-08
216 4.58782e-08
217 4.58782e-08
218 4.58782e-08
219 4.58782e-08
220 4.58782e-08
221 4.58782e-08
222 4.58782e-08
223 4.58782e-08
224 4.58782e-08
225 4.58782e-08
226 4.58782e-08
227 4.58782e-08
228 4.58782e-08
229 4.58782e-08
230 4.58782e-08
231 4.58782e-08
232 4.58782e-08
233 4.58782e-08
234 4.58782e-08
235 4.58782e-08
236 4.58782e-08
237 4.58782e-08
238 4.58782e-08
239 4.58782e-08
240 4.58782e-08
241 4.58782e-08
242 4.58782e-08
243 4.58782e-08
244 5.01108e-08
245 1.00913e-07
246 3.10073e-07
247 1.05094e-06
248 3.55421e-06
249 1.18717e-05
250 3.91307e-05
251 0.000127077
252 0.00017783
253 0.000206096
254 0.000220276
255 0.000223987
256 0.000216045
257 0.000223241
258 0.000217282
259 0.000229302
260 0.000227686
261 0.000212798
262 0.000179928
263 0.000118926
264 0.000102196
265 7.09457e-05
266 6.6265e-05
267 5.3362e-05
268 2.94122e-05
269 2.83871e-05
270 4.82255e-05
271 0.000121489
272 0.000165579
273 0.000191239
274 0.000284844
275 0.000341894
276 0.000374732
277 0.000389236
278 0.000385666
279 0.000357534
280 0.000369094
281 0.000356343
282 0.000313152
283 0.000317197
284 0.000369044
285 0.000387393
286 0.000384791
287 0.000365248
288 0.000326796
289 0.000261904
290 0.000155745
291 0.000125122
292 7.31311e-05
293 5.83132e-05
294 3.22855e-05
295 2.52137e-05
296 2.46337e-05
297 2.13484e-05
298 1.51733e-05
299 4.72365e-06
300 1.51386e-06
301 5.02991e-07
302 1.73663e-07
303 7.25539e-08
304 5.02306e-08
305 4.58782e-08
306 4.58782e-08
307 4.58782e-08
308 4.58782e-08
309 4.58782e-08
310 4.58782e-08
311 4.58782e-08
312 4.58782e-08
313 4.58782e-08
314 4.58782e-08
315 4.58782e-08
316 4.58782e-08
317 4.58782e-08
318 4.58782e-08
319 4.58782e-08
320 4.58782e-08
321 4.58782e-08
322 4.58782e-08
323 4.58782e-08
324 4.58782e-08
325 4.58782e-08
326 4.58782e-08
327 4.58782e-08
328 4.58782e-08
329 4.58782e-08
330 4.58782e-08
331 4.58782e-08
332 4.58782e-08
333 4.58782e-08
334 4.58782e-08
335 4.58782e-08
336 4.58782e-08
337 4.58782e-08
338 4.58782e-08
339 4.58782e-08
340 4.58782e-08
341 4.58782e-08
342 4.58782e-08
343 4.58782e-08
344 4.58782e-08
345 4.58782e-08
346 4.58782e-08
347 4.58782e-08
348 4.58782e-08
349 4.58782e-08
350 4.58782e-08
351 4.58782e-08
352 4.58782e-08
353 4.58782e-08
354 4.58782e-08
355 4.58782e-08
356 4.58782e-08
357 4.58782e-08
358 4.58782e-08
359 4.58782e-08
360 4.58782e-08
361 4.58782e-08
362 4.58782e-08
363 4.58782e-08
364 4.58782e-08
365 4.58782e-08
366 4.58782e-08
367 4.58782e-08
368 4.58782e-08
369 4.58782e-08
370 4.58782e-08
371 4.58782e-08
372 4.58782e-08
373 4.58782e-08
374 4.58782e-08
375 4.58782e-08
376 4.58782e-08
377 4.58782e-08
378 4.58782e-08
379 4.58782e-08
380 4.58782e-08
381 4.58782e-08
382 4.58782e-08
383 4.58782e-08
384 4.58782e-08
385 4.58782e-08
386 4.58782e-08
387 4.58782e-08
388 4.58782e-08
389 4.58782e-08
390 4.58782e-08
391 4.58782e-08
392 4.58782e-08
393 4.58782e-08
394 4.58782e-08
395 4.58782e-08
396 4.58782e-08
397 4.58782e-08
398 4.58782e-08
399 4.58782e-08
400 4.58782e-08
401 4.58782e-08
402 4.58782e-08
403 4.58782e-08
404 4.58782e-08
405 4.58782e-08
406 4.58782e-08
407 4.58782e-08
408 4.58782e-08
409 4.58782e-08
410 4.58782e-08
411 4.58782e-08
412 4.58782e-08
413 4.58782e-08
414 4.58782e-08
415 4.58782e-08
416 4.58782e-08
417 4.58782e-08
418 4.58782e-08
419 4.58782e-08
420 4.58782e-08
421 4.58782e-08
422 4.58782e-08
423 4.58782e-08
424 4.58782e-08
425 4.58782e-08
426 4.58782e-08
427 4.58782e-08
428 4.58782e-08
429 4.58782e-08
430 4.58782e-08
431 4.58782e-08
432 4.58782e-08
433 4.58782e-08
434 4.58782e-08
435 4.58782e-08
436 4.58782e-08
437 4.58782e-08
438 4.58782e-08
439 4.58782e-08
440 4.58782e-08
441 4.58782e-08
442 4.58782e-08
443 4.58782e-08
444 4.58782e-08
445 4.58782e-08
446 4.58782e-08
447 4.58782e-08
448 4.58782e-08
449 4.58782e-08
450 4.58782e-08
451 4.58782e-08
452 4.58782e-08
453 4.58782e-08
454 4.58782e-08
455 4.58782e-08
456 4.58782e-08
457 4.58782e-08
458 4.58782e-08
459 4.58782e-08
460 4.58782e-08
461 4.58782e-08
462 4.58782e-08
463 4.58782e-08
464 4.58782e-08
465 4.58782e-08
466 4.58782e-08
467 4.58782e-08
468 4.58782e-08
469 4.58782e-08
470 4.58782e-08
471 4.58782e-08
472 4.58782e-08
473 4.58782e-08
474 4.58782e-08
475 4.58782e-08
476 4.58782e-08
477 4.58782e-08
478 4.58782e-08
479 4.58782e-08
480 4.58782e-08
481 4.58782e-08
482 4.58782e-08
483 4.58782e-08
484 4.58782e-08
485 4.58782e-08
486 4.58782e-08
487 4.58782e-08
488 4.58782e-08
489 4.58782e-08
490 4.58782e-08
491 4.58782e-08
492 4.58782e-08
493 4.58782e-08
494 4.58782e-08
495 4.58782e-08
496 4.58782e-08
497 4.58782e-08
498 4.58782e-08
499 4.58782e-08
500 4.58782e-08
501 4.58782e-08
502 4.58782e-08
503 4.58782e-08
504 4.58782e-08
505 4.58782e-08
506 4.58782e-08
507 4.58782e-08
508 4.58782e-08
509 4.58782e-08
510 4.58782e-08
511 4.58782e-08
512 4.58782e-08
513 4.58782e-08
514 4.58782e-08
515 4.58782e-08
516 4.58782e-08
517 4.58782e-08
518 4.58782e-08
519 4.58782e-08
520 4.58782e-08
521 4.58782e-08
522 4.58782e-08
523 4.58782e-08
524 4.58782e-08
525 4.58782e-08
526 4.58782e-08
527 4.58782e-08
528 4.58782e-08
529 4.58782e-08
530 4.58782e-08
531 4.58782e-08
532 4.58782e-08
533 4.58782e-08
534 4.58782e-08
535 4.58782e-08
536 4.58782e-08
537 4.58782e-08
538 4.58782e-08
539 4.58782e-08
540 4.58782e-08
541 4.58782e-08
542 4.58782e-08
543 4.58782e-08
544 4.58782e-08
545 4.58782e-08
546 4.58782e-08
547 4.58782e-08
548 4.58782e-08
549 4.58782e-08
550 4.58782e-08
551 4.58782e-08
552 4.58782e-08
