1 5.0335e-09
2 5.0335e-09
3 5.0335e-09
4 5.0335e-09
5 5.0335e-09
6 5.0335e-09
7 5.0335e-09
8 5.0335e-09
9 5.0335e-09
10 5.0335e-09
11 5.0335e-09
12 5.0335e-09
13 5.0335e-09
14 5.0335e-09
15 5.0335e-09
16 5.0335e-09
17 5.0335e-09
18 5.0335e-09
19 5.0335e-09
20 5.0335e-09
21 5.0335e-09
22 5.0335e-09
23 5.0335e-09
24 5.0335e-09
25 5.0335e-09
26 5.0335e-09
27 5.0335e-09
28 5.0335e-09
29 5.0335e-09
30 5.0335e-09
31 5.0335e-09
32 5.0335e-09
33 5.0335e-09
34 5.0335e-09
35 5.0335e-09
36 5.0335e-09
37 5.0335e-09
38 5.0335e-09
39 5.0335e-09
40 5.0335e-09
41 5.0335e-09
42 5.0335e-09
43 5.0335e-09
44 5.0335e-09
45 5.0335e-09
46 5.0335e-09
47 5.0335e-09
48 5.0335e-09
49 5.0335e-09
50 5.0335e-09
51 5.0335e-09
52 5.0335e-09
53 5.0335e-09
54 5.0335e-09
55 5.0335e-09
56 5.0335e-09
57 5.0335e-09
58 5.0335e-09
59 5.0335e-09
60 5.0335e-09
61 5.0335e-09
62 5.0335e-09
63 5.0335e-09
64 5.0335e-09
65 5.0335e-09
66 5.0335e-09
67 5.0335e-09
68 5.0335e-09
69 5.0335e-09
70 5.0335e-09
71 5.0335e-09
72 5.0335e-09
73 5.0335e-09
74 5.0335e-09
75 5.0335e-09
76 5.0335e-09
77 5.0335e-09
78 5.0335e-09
79 5.0335e-09
80 5.0335e-09
81 5.0335e-09
82 5.0335e-09
83 5.0335e-09
84 5.0335e-09
85 5.0335e-09
86 5.0335e-09
87 5.0335e-09
88 5.0335e-09
89 5.0335e-09
90 5.0335e-09
91 5.0335e-09
92 5.0335e-09
93 5.0335e-09
94 5.0335e-09
95 5.0335e-09
96 5.0335e-09
97 5.0335e-09
98 5.0335e-09
99 5.0335e-09
100 5.0335e-09
101 5.0335e-09
102 5.0335e-09
103 5.0335e-09
104 5.0335e-09
105 5.0335e-09
106 5.0335e-09
107 5.0335e-09
108 5.0335e-09
109 5.0335e-09
110 5.0335e-09
111 5.0335e-09
112 5.0335e-09
113 5.0335e-09
114 5.0335e-09
115 5.0335e-09
116 5.0335e-09
117 5.0335e-09
118 5.0335e-09
119 5.0335e-09
120 5.0335e-09
121 5.0335e-09
122 5.0335e-09
123 5.0335e-09
124 5.0335e-09
125 5.0335e-09
126 5.0335e-09
127 5.0335e-09
128 5.0335e-09
129 5.0335e-09
130 5.0335e-09
131 5.0335e-09
132 5.0335e-09
133 5.0335e-09
134 5.0335e-09
135 5.0335e-09
136 5.0335e-09
137 5.0335e-09
138 5.0335e-09
139 5.0335e-09
140 5.0335e-09
141 5.0335e-09
142 5.0335e-09
143 5.0335e-09
144 5.0335e-09
145 5.0335e-09
146 5.0335e-09
147 5.0335e-09
148 5.0335e-09
149 5.0335e-09
150 5.0335e-09
151 5.0335e-09
152 5.0335e-09
153 5.0335e-09
154 5.0335e-09
155 5.0335e-09
156 5.0335e-09
157 5.0335e-09
158 5.0335e-09
159 5.0335e-09
160 5.0335e-09
161 5.0335e-09
162 5.0335e-09
163 5.0335e-09
164 5.0335e-09
165 5.0335e-09
166 5.0335e-09
167 5.0335e-09
168 5.0335e-09
169 5.0335e-09
170 5.0335e-09
171 5.0335e-09
172 5.0335e-09
173 5.0335e-09
174 5.0335e-09
175 5.0335e-09
176 5.0335e-09
177 5.0335e-09
178 5.0335e-09
179 5.0335e-09
180 5.0335e-09
181 5.0335e-09
182 5.0335e-09
183 5.0335e-09
184 5.0335e-09
185 5.0335e-09
186 5.0335e-09
187 5.0335e-09
188 5.0335e-09
189 5.0335e-09
190 5.0335e-09
191 5.0335e-09
192 5.0335e-09
193 5.0335e-09
194 5.0335e-09
195 5.0335e-09
196 5.0335e-09
197 5.0335e-09
198 5.0335e-09
199 5.0335e-09
200 5.0335e-09
201 5.0335e-09
202 5.0335e-09
203 5.0335e-09
204 5.0335e-09
205 5.0335e-09
206 5.0335e-09
207 5.0335e-09
208 5.0335e-09
209 5.0335e-09
210 5.0335e-09
211 5.0335e-09
212 5.0335e-09
213 5.0335e-09
214 5.0335e-09
215 5.0335e-09
216 5.0335e-09
217 5.0335e-09
218 5.0335e-09
219 5.0335e-09
220 5.0335e-09
221 5.0335e-09
222 5.0335e-09
223 5.0335e-09
224 5.0335e-09
225 5.0335e-09
226 5.0335e-09
227 5.0335e-09
228 5.0335e-09
229 5.0335e-09
230 5.0335e-09
231 5.0335e-09
232 7.95131e-09
233 2.25616e-08
234 7.26642e-08
235 2.31693e-07
236 7.03019e-07
237 2.06106e-06
238 5.88178e-06
239 1.63889e-05
240 4.46491e-05
241 0.000119048
242 0.000310948
243 0.000796379
244 0.00200168
245 0.00494077
246 0.0119795
247 0.0285262
248 0.0666642
249 0.152703
250 0.342277
251 0.749239
252 0.904463
253 0.961855
254 0.982375
255 0.989455
256 0.991807
257 0.995917
258 0.997177
259 0.999204
260 0.999776
261 0.99993
262 0.999969
263 0.999979
264 0.999992
265 0.999995
266 0.999998
267 0.999999
268 0.999999
269 0.999999
270 0.999999
271 1
272 1
273 1
274 1
275 1
276 1
277 1
278 1
279 1
280 1
281 0.999999
282 0.999994
283 0.99999
284 0.999987
285 0.999971
286 0.999901
287 0.999607
288 0.998422
289 0.993847
290 0.976954
291 0.966048
292 0.929207
293 0.907438
294 0.840087
295 0.803595
296 0.784642
297 0.732988
298 0.597808
299 0.257774
300 0.107306
301 0.0431677
302 0.0168012
303 0.00633449
304 0.00231673
305 0.000823187
306 0.00028466
307 9.59827e-05
308 3.16245e-05
309 1.0205e-05
310 3.2324e-06
311 1.00613e-06
312 3.06465e-07
313 8.95177e-08
314 2.47678e-08
315 7.32635e-09
316 5.0335e-09
317 5.0335e-09
318 5.0335e-09
319 5.0335e-09
320 5.0335e-09
321 5.0335e-09
322 5.0335e-09
323 5.0335e-09
324 5.0335e-09
325 5.0335e-09
326 5.0335e-09
327 5.0335e-09
328 5.0335e-09
329 5.0335e-09
330 5.0335e-09
331 5.0335e-09
332 5.0335e-09
333 5.0335e-09
334 5.0335e-09
335 5.0335e-09
336 5.0335e-09
337 5.0335e-09
338 5.0335e-09
339 5.0335e-09
340 5.0335e-09
341 5.0335e-09
342 5.0335e-09
343 5.0335e-09
344 5.0335e-09
345 5.0335e-09
346 5.0335e-09
347 5.0335e-09
348 5.0335e-09
349 5.0335e-09
350 5.0335e-09
351 5.0335e-09
352 5.0335e-09
353 5.0335e-09
354 5.0335e-09
355 5.0335e-09
356 5.0335e-09
357 5.0335e-09
358 5.0335e-09
359 5.0335e-09
360 5.0335e-09
361 5.0335e-09
362 5.0335e-09
363 5.0335e-09
364 5.0335e-09
365 5.0335e-09
366 5.0335e-09
367 5.0335e-09
368 5.0335e-09
369 5.0335e-09
370 5.0335e-09
371 5.0335e-09
372 5.0335e-09
373 5.0335e-09
374 5.0335e-09
375 5.0335e-09
376 5.0335e-09
377 5.0335e-09
378 5.0335e-09
379 5.0335e-09
380 5.0335e-09
381 5.0335e-09
382 5.0335e-09
383 5.0335e-09
384 5.0335e-09
385 5.0335e-09
386 5.0335e-09
387 5.0335e-09
388 5.0335e-09
389 5.0335e-09
390 5.0335e-09
391 5.0335e-09
392 5.0335e-09
393 5.0335e-09
394 5.0335e-09
395 5.0335e-09
396 5.0335e-09
397 5.0335e-09
398 5.0335e-09
399 5.0335e-09
400 5.0335e-09
401 5.0335e-09
402 5.0335e-09
403 5.0335e-09
404 5.0335e-09
405 5.0335e-09
406 5.0335e-09
407 5.0335e-09
408 5.0335e-09
409 5.0335e-09
410 5.0335e-09
411 5.0335e-09
412 5.0335e-09
413 5.0335e-09
414 5.0335e-09
415 5.0335e-09
416 5.0335e-09
417 5.0335e-09
418 5.0335e-09
419 5.0335e-09
420 5.0335e-09
421 5.0335e-09
422 5.0335e-09
423 5.0335e-09
424 5.0335e-09
425 5.0335e-09
426 5.0335e-09
427 5.0335e-09
428 5.0335e-09
429 5.0335e-09
430 5.0335e-09
431 5.0335e-09
432 5.0335e-09
433 5.0335e-09
434 5.0335e-09
435 5.0335e-09
436 5.0335e-09
437 5.0335e-09
438 5.0335e-09
439 5.0335e-09
440 5.0335e-09
441 5.0335e-09
442 5.0335e-09
443 5.0335e-09
444 5.0335e-09
445 5.0335e-09
446 5.0335e-09
447 5.0335e-09
448 5.0335e-09
449 5.0335e-09
450 5.0335e-09
451 5.0335e-09
452 5.0335e-09
453 5.0335e-09
454 5.0335e-09
455 5.0335e-09
456 5.0335e-09
457 5.0335e-09
458 5.0335e-09
459 5.0335e-09
460 5.0335e-09
461 5.0335e-09
462 5.0335e-09
463 5.0335e-09
464 5.0335e-09
465 5.0335e-09
466 5.0335e-09
467 5.0335e-09
468 5.0335e-09
469 5.0335e-09
470 5.0335e-09
471 5.0335e-09
472 5.0335e-09
473 5.0335e-09
474 5.0335e-09
475 5.0335e-09
476 5.0335e-09
477 5.0335e-09
478 5.0335e-09
479 5.0335e-09
480 5.0335e-09
481 5.0335e-09
482 5.0335e-09
483 5.0335e-09
484 5.0335e-09
485 5.0335e-09
486 5.0335e-09
487 5.0335e-09
488 5.0335e-09
489 5.0335e-09
490 5.0335e-09
491 5.0335e-09
492 5.0335e-09
493 5.0335e-09
494 5.0335e-09
495 5.0335e-09
496 5.0335e-09
497 5.0335e-09
498 5.0335e-09
499 5.0335e-09
500 5.0335e-09
501 5.0335e-09
502 5.0335e-09
503 5.0335e-09
504 5.0335e-09
505 5.0335e-09
506 5.0335e-09
507 5.0335e-09
508 5.0335e-09
509 5.0335e-09
510 5.0335e-09
511 5.0335e-09
512 5.0335e-09
513 5.0335e-09
514 5.0335e-09
515 5.0335e-09
516 5.0335e-09
517 5.0335e-09
518 5.0335e-09
519 5.0335e-09
520 5.0335e-09
521 5.0335e-09
522 5.0335e-09
523 5.0335e-09
524 5.0335e-09
525 5.0335e-09
526 5.0335e-09
527 5.0335e-09
528 5.0335e-09
529 5.0335e-09
530 5.0335e-09
531 5.0335e-09
532 5.0335e-09
533 5.0335e-09
534 5.0335e-09
535 5.0335e-09
536 5.0335e-09
537 5.0335e-09
538 5.0335e-09
539 5.0335e-09
540 5.0335e-09
541 5.0335e-09
542 5.0335e-09
543 5.0335e-09
544 5.0335e-09
545 5.0335e-09
546 5.0335e-09
547 5.0335e-09
548 5.0335e-09
549 5.0335e-09
550 5.0335e-09
551 5.0335e-09
552 5.0335e-09
