1 2.10686e-07
2 2.10686e-07
3 2.10686e-07
4 2.10686e-07
5 2.10686e-07
6 2.10686e-07
7 2.10686e-07
8 2.10686e-07
9 2.10686e-07
10 2.10686e-07
11 2.10686e-07
12 2.10686e-07
13 2.10686e-07
14 2.10686e-07
15 2.10686e-07
16 2.10686e-07
17 2.10686e-07
18 2.10686e-07
19 2.10686e-07
20 2.10686e-07
21 2.10686e-07
22 2.10686e-07
23 2.10686e-07
24 2.10686e-07
25 2.10686e-07
26 2.10686e-07
27 2.10686e-07
28 2.10686e-07
29 2.10686e-07
30 2.10686e-07
31 2.10686e-07
32 2.10686e-07
33 2.10686e-07
34 2.10686e-07
35 2.10686e-07
36 2.10686e-07
37 2.10686e-07
38 2.10686e-07
39 2.10686e-07
40 2.10686e-07
41 2.10686e-07
42 2.10686e-07
43 2.10686e-07
44 2.10686e-07
45 2.10686e-07
46 2.10686e-07
47 2.10686e-07
48 2.10686e-07
49 2.10686e-07
50 2.10686e-07
51 2.10686e-07
52 2.10686e-07
53 2.10686e-07
54 2.10686e-07
55 2.10686e-07
56 2.10686e-07
57 2.10686e-07
58 2.10686e-07
59 2.10686e-07
60 2.10686e-07
61 2.10686e-07
62 2.10686e-07
63 2.10686e-07
64 2.10686e-07
65 2.10686e-07
66 2.10686e-07
67 2.10686e-07
68 2.10686e-07
69 2.10686e-07
70 2.10686e-07
71 2.10686e-07
72 2.10686e-07
73 2.10686e-07
74 2.10686e-07
75 2.10686e-07
76 2.10686e-07
77 2.10686e-07
78 2.10686e-07
79 2.10686e-07
80 2.10686e-07
81 2.10686e-07
82 2.10686e-07
83 2.10686e-07
84 2.10686e-07
85 2.10686e-07
86 2.10686e-07
87 2.10686e-07
88 2.10686e-07
89 2.10686e-07
90 2.10686e-07
91 2.10686e-07
92 2.10686e-07
93 2.10686e-07
94 2.10686e-07
95 2.10686e-07
96 2.10686e-07
97 2.10686e-07
98 2.10686e-07
99 2.10686e-07
100 2.10686e-07
101 2.10686e-07
102 2.10686e-07
103 2.10686e-07
104 2.10686e-07
105 2.10686e-07
106 2.10686e-07
107 2.10686e-07
108 2.10686e-07
109 2.10686e-07
110 2.10686e-07
111 2.10686e-07
112 2.10686e-07
113 2.10686e-07
114 2.10686e-07
115 2.10686e-07
116 2.10686e-07
117 2.10686e-07
118 2.10686e-07
119 2.10686e-07
120 2.10686e-07
121 2.10686e-07
122 2.10686e-07
123 2.10686e-07
124 2.10686e-07
125 2.10686e-07
126 2.10686e-07
127 2.10686e-07
128 2.10686e-07
129 2.10686e-07
130 2.10686e-07
131 2.10686e-07
132 2.10686e-07
133 2.10686e-07
134 2.10686e-07
135 2.10686e-07
136 2.10686e-07
137 2.10686e-07
138 2.10686e-07
139 2.10686e-07
140 2.10686e-07
141 2.10686e-07
142 2.10686e-07
143 2.10686e-07
144 2.10686e-07
145 2.10686e-07
146 2.10686e-07
147 2.10686e-07
148 2.10686e-07
149 2.10686e-07
150 2.10686e-07
151 2.10686e-07
152 2.10686e-07
153 2.10686e-07
154 2.10686e-07
155 2.10686e-07
156 2.10686e-07
157 2.10686e-07
158 2.10686e-07
159 2.10686e-07
160 2.10686e-07
161 2.10686e-07
162 2.10686e-07
163 2.10686e-07
164 2.10686e-07
165 2.10686e-07
166 2.10686e-07
167 2.10686e-07
168 2.10686e-07
169 2.10686e-07
170 2.10686e-07
171 2.10686e-07
172 2.10686e-07
173 2.10686e-07
174 2.10686e-07
175 2.10686e-07
176 2.10686e-07
177 2.10686e-07
178 2.10686e-07
179 2.10686e-07
180 2.10686e-07
181 2.10686e-07
182 2.10686e-07
183 2.10686e-07
184 2.10686e-07
185 2.10686e-07
186 2.10686e-07
187 2.10686e-07
188 2.10686e-07
189 2.10686e-07
190 2.10686e-07
191 2.10686e-07
192 2.10686e-07
193 2.10686e-07
194 2.10686e-07
195 2.10686e-07
196 2.10686e-07
197 2.10686e-07
198 2.10686e-07
199 2.10686e-07
200 2.10686e-07
201 2.10686e-07
202 2.10686e-07
203 2.10686e-07
204 2.10686e-07
205 2.10686e-07
206 2.10686e-07
207 2.10686e-07
208 2.10686e-07
209 2.10686e-07
210 2.10686e-07
211 2.10686e-07
212 2.10686e-07
213 2.10686e-07
214 2.10686e-07
215 2.10686e-07
216 2.10686e-07
217 2.10686e-07
218 2.10686e-07
219 2.10686e-07
220 2.10686e-07
221 2.10686e-07
222 2.10686e-07
223 2.10686e-07
224 2.10686e-07
225 2.10686e-07
226 2.10686e-07
227 2.10686e-07
228 2.10686e-07
229 2.10686e-07
230 2.10686e-07
231 2.10686e-07
232 2.10686e-07
233 2.10686e-07
234 2.10686e-07
235 2.10686e-07
236 2.10686e-07
237 2.14919e-07
238 2.40624e-07
239 3.32858e-07
240 6.43188e-07
241 1.66235e-06
242 4.95706e-06
243 1.54294e-05
244 4.80701e-05
245 0.000147664
246 0.000444604
247 0.00130864
248 0.00376168
249 0.0105648
250 0.0290549
251 0.0786023
252 0.10277
253 0.11467
254 0.120679
255 0.123819
256 0.125456
257 0.130906
258 0.133914
259 0.144689
260 0.150812
261 0.153163
262 0.150683
263 0.138821
264 0.137801
265 0.126093
266 0.130714
267 0.12394
268 0.100225
269 0.103648
270 0.143706
271 0.279806
272 0.354619
273 0.39281
274 0.511819
275 0.571209
276 0.598499
277 0.608217
278 0.607146
279 0.59716
280 0.600755
281 0.596777
282 0.584194
283 0.582515
284 0.588544
285 0.587585
286 0.57985
287 0.56134
288 0.522459
289 0.444559
290 0.293939
291 0.242497
292 0.149386
293 0.119532
294 0.0685543
295 0.0530089
296 0.0483513
297 0.0407763
298 0.0285015
299 0.00854719
300 0.00257686
301 0.000778675
302 0.000235078
303 7.08211e-05
304 2.13747e-05
305 6.55726e-06
306 2.12371e-06
307 7.90413e-07
308 3.84519e-07
309 2.59729e-07
310 2.20895e-07
311 2.11957e-07
312 2.10686e-07
313 2.10686e-07
314 2.10686e-07
315 2.10686e-07
316 2.10686e-07
317 2.10686e-07
318 2.10686e-07
319 2.10686e-07
320 2.10686e-07
321 2.10686e-07
322 2.10686e-07
323 2.10686e-07
324 2.10686e-07
325 2.10686e-07
326 2.10686e-07
327 2.10686e-07
328 2.10686e-07
329 2.10686e-07
330 2.10686e-07
331 2.10686e-07
332 2.10686e-07
333 2.10686e-07
334 2.10686e-07
335 2.10686e-07
336 2.10686e-07
337 2.10686e-07
338 2.10686e-07
339 2.10686e-07
340 2.10686e-07
341 2.10686e-07
342 2.10686e-07
343 2.10686e-07
344 2.10686e-07
345 2.10686e-07
346 2.10686e-07
347 2.10686e-07
348 2.10686e-07
349 2.10686e-07
350 2.10686e-07
351 2.10686e-07
352 2.10686e-07
353 2.10686e-07
354 2.10686e-07
355 2.10686e-07
356 2.10686e-07
357 2.10686e-07
358 2.10686e-07
359 2.10686e-07
360 2.10686e-07
361 2.10686e-07
362 2.10686e-07
363 2.10686e-07
364 2.10686e-07
365 2.10686e-07
366 2.10686e-07
367 2.10686e-07
368 2.10686e-07
369 2.10686e-07
370 2.10686e-07
371 2.10686e-07
372 2.10686e-07
373 2.10686e-07
374 2.10686e-07
375 2.10686e-07
376 2.10686e-07
377 2.10686e-07
378 2.10686e-07
379 2.10686e-07
380 2.10686e-07
381 2.10686e-07
382 2.10686e-07
383 2.10686e-07
384 2.10686e-07
385 2.10686e-07
386 2.10686e-07
387 2.10686e-07
388 2.10686e-07
389 2.10686e-07
390 2.10686e-07
391 2.10686e-07
392 2.10686e-07
393 2.10686e-07
394 2.10686e-07
395 2.10686e-07
396 2.10686e-07
397 2.10686e-07
398 2.10686e-07
399 2.10686e-07
400 2.10686e-07
401 2.10686e-07
402 2.10686e-07
403 2.10686e-07
404 2.10686e-07
405 2.10686e-07
406 2.10686e-07
407 2.10686e-07
408 2.10686e-07
409 2.10686e-07
410 2.10686e-07
411 2.10686e-07
412 2.10686e-07
413 2.10686e-07
414 2.10686e-07
415 2.10686e-07
416 2.10686e-07
417 2.10686e-07
418 2.10686e-07
419 2.10686e-07
420 2.10686e-07
421 2.10686e-07
422 2.10686e-07
423 2.10686e-07
424 2.10686e-07
425 2.10686e-07
426 2.10686e-07
427 2.10686e-07
428 2.10686e-07
429 2.10686e-07
430 2.10686e-07
431 2.10686e-07
432 2.10686e-07
433 2.10686e-07
434 2.10686e-07
435 2.10686e-07
436 2.10686e-07
437 2.10686e-07
438 2.10686e-07
439 2.10686e-07
440 2.10686e-07
441 2.10686e-07
442 2.10686e-07
443 2.10686e-07
444 2.10686e-07
445 2.10686e-07
446 2.10686e-07
447 2.10686e-07
448 2.10686e-07
449 2.10686e-07
450 2.10686e-07
451 2.10686e-07
452 2.10686e-07
453 2.10686e-07
454 2.10686e-07
455 2.10686e-07
456 2.10686e-07
457 2.10686e-07
458 2.10686e-07
459 2.10686e-07
460 2.10686e-07
461 2.10686e-07
462 2.10686e-07
463 2.10686e-07
464 2.10686e-07
465 2.10686e-07
466 2.10686e-07
467 2.10686e-07
468 2.10686e-07
469 2.10686e-07
470 2.10686e-07
471 2.10686e-07
472 2.10686e-07
473 2.10686e-07
474 2.10686e-07
475 2.10686e-07
476 2.10686e-07
477 2.10686e-07
478 2.10686e-07
479 2.10686e-07
480 2.10686e-07
481 2.10686e-07
482 2.10686e-07
483 2.10686e-07
484 2.10686e-07
485 2.10686e-07
486 2.10686e-07
487 2.10686e-07
488 2.10686e-07
489 2.10686e-07
490 2.10686e-07
491 2.10686e-07
492 2.10686e-07
493 2.10686e-07
494 2.10686e-07
495 2.10686e-07
496 2.10686e-07
497 2.10686e-07
498 2.10686e-07
499 2.10686e-07
500 2.10686e-07
501 2.10686e-07
502 2.10686e-07
503 2.10686e-07
504 2.10686e-07
505 2.10686e-07
506 2.10686e-07
507 2.10686e-07
508 2.10686e-07
509 2.10686e-07
510 2.10686e-07
511 2.10686e-07
512 2.10686e-07
513 2.10686e-07
514 2.10686e-07
515 2.10686e-07
516 2.10686e-07
517 2.10686e-07
518 2.10686e-07
519 2.10686e-07
520 2.10686e-07
521 2.10686e-07
522 2.10686e-07
523 2.10686e-07
524 2.10686e-07
525 2.10686e-07
526 2.10686e-07
527 2.10686e-07
528 2.10686e-07
529 2.10686e-07
530 2.10686e-07
531 2.10686e-07
532 2.10686e-07
533 2.10686e-07
534 2.10686e-07
535 2.10686e-07
536 2.10686e-07
537 2.10686e-07
538 2.10686e-07
539 2.10686e-07
540 2.10686e-07
541 2.10686e-07
542 2.10686e-07
543 2.10686e-07
544 2.10686e-07
545 2.10686e-07
546 2.10686e-07
547 2.10686e-07
548 2.10686e-07
549 2.10686e-07
550 2.10686e-07
551 2.10686e-07
552 2.10686e-07
