1 2.264e-09
2 2.264e-09
3 2.264e-09
4 2.264e-09
5 2.264e-09
6 2.264e-09
7 2.264e-09
8 2.264e-09
9 2.264e-09
10 2.264e-09
11 2.264e-09
12 2.264e-09
13 2.264e-09
14 2.264e-09
15 2.264e-09
16 2.264e-09
17 2.264e-09
18 2.264e-09
19 2.264e-09
20 2.264e-09
21 2.264e-09
22 2.264e-09
23 2.264e-09
24 2.264e-09
25 2.264e-09
26 2.264e-09
27 2.264e-09
28 2.264e-09
29 2.264e-09
30 2.264e-09
31 2.264e-09
32 2.264e-09
33 2.264e-09
34 2.264e-09
35 2.264e-09
36 2.264e-09
37 2.264e-09
38 2.264e-09
39 2.264e-09
40 2.264e-09
41 2.264e-09
42 2.264e-09
43 2.264e-09
44 2.264e-09
45 2.264e-09
46 2.264e-09
47 2.264e-09
48 2.264e-09
49 2.264e-09
50 2.264e-09
51 2.264e-09
52 2.264e-09
53 2.264e-09
54 2.264e-09
55 2.264e-09
56 2.264e-09
57 2.264e-09
58 2.264e-09
59 2.264e-09
60 2.264e-09
61 2.264e-09
62 2.264e-09
63 2.264e-09
64 2.264e-09
65 2.264e-09
66 2.264e-09
67 2.264e-09
68 2.264e-09
69 2.264e-09
70 2.264e-09
71 2.264e-09
72 2.264e-09
73 2.264e-09
74 2.264e-09
75 2.264e-09
76 2.264e-09
77 2.264e-09
78 2.264e-09
79 2.264e-09
80 2.264e-09
81 2.264e-09
82 2.264e-09
83 2.264e-09
84 2.264e-09
85 2.264e-09
86 2.264e-09
87 2.264e-09
88 2.264e-09
89 2.264e-09
90 2.264e-09
91 2.264e-09
92 2.264e-09
93 2.264e-09
94 2.264e-09
95 2.264e-09
96 2.264e-09
97 2.264e-09
98 2.264e-09
99 2.264e-09
100 2.264e-09
101 2.264e-09
102 2.264e-09
103 2.264e-09
104 2.264e-09
105 2.264e-09
106 2.264e-09
107 2.264e-09
108 2.264e-09
109 2.264e-09
110 2.264e-09
111 2.264e-09
112 2.264e-09
113 2.264e-09
114 2.264e-09
115 2.264e-09
116 2.264e-09
117 2.264e-09
118 2.264e-09
119 2.264e-09
120 2.264e-09
121 2.264e-09
122 2.264e-09
123 2.264e-09
124 2.264e-09
125 2.264e-09
126 2.264e-09
127 2.264e-09
128 2.264e-09
129 2.264e-09
130 2.264e-09
131 2.264e-09
132 2.264e-09
133 2.264e-09
134 2.264e-09
135 2.264e-09
136 2.264e-09
137 2.264e-09
138 2.264e-09
139 2.264e-09
140 2.264e-09
141 2.264e-09
142 2.264e-09
143 2.264e-09
144 2.264e-09
145 2.264e-09
146 2.264e-09
147 2.264e-09
148 2.264e-09
149 2.264e-09
150 2.264e-09
151 2.264e-09
152 2.264e-09
153 2.264e-09
154 2.264e-09
155 2.264e-09
156 2.264e-09
157 2.264e-09
158 2.264e-09
159 2.264e-09
160 2.264e-09
161 2.264e-09
162 2.264e-09
163 2.264e-09
164 2.264e-09
165 2.264e-09
166 2.264e-09
167 2.264e-09
168 2.264e-09
169 2.264e-09
170 2.264e-09
171 2.264e-09
172 2.264e-09
173 2.264e-09
174 2.264e-09
175 2.264e-09
176 2.264e-09
177 2.264e-09
178 2.264e-09
179 2.264e-09
180 2.264e-09
181 2.264e-09
182 2.264e-09
183 2.264e-09
184 2.264e-09
185 2.264e-09
186 2.264e-09
187 2.264e-09
188 2.264e-09
189 2.264e-09
190 2.264e-09
191 2.264e-09
192 2.264e-09
193 2.264e-09
194 2.264e-09
195 2.264e-09
196 2.264e-09
197 2.264e-09
198 2.264e-09
199 2.264e-09
200 2.264e-09
201 2.264e-09
202 2.264e-09
203 2.264e-09
204 2.264e-09
205 2.264e-09
206 2.264e-09
207 2.264e-09
208 2.264e-09
209 2.264e-09
210 2.264e-09
211 2.264e-09
212 2.264e-09
213 2.264e-09
214 2.264e-09
215 2.264e-09
216 2.264e-09
217 2.264e-09
218 2.264e-09
219 2.264e-09
220 2.264e-09
221 2.264e-09
222 2.264e-09
223 2.264e-09
224 2.264e-09
225 2.264e-09
226 2.264e-09
227 2.264e-09
228 2.264e-09
229 2.264e-09
230 2.264e-09
231 2.264e-09
232 2.264e-09
233 2.264e-09
234 2.264e-09
235 4.04603e-09
236 1.4881e-08
237 5.53472e-08
238 1.94687e-07
239 6.66145e-07
240 2.24611e-06
241 7.51459e-06
242 2.49546e-05
243 8.20861e-05
244 0.000266682
245 0.000853074
246 0.0026793
247 0.00824271
248 0.0247944
249 0.072836
250 0.208824
251 0.584289
252 0.76929
253 0.858364
254 0.900332
255 0.91971
256 0.928489
257 0.949857
258 0.959195
259 0.981103
260 0.99031
261 0.994091
262 0.995605
263 0.996193
264 0.997404
265 0.997844
266 0.998685
267 0.998967
268 0.999056
269 0.999208
270 0.999453
271 0.999829
272 0.99993
273 0.999955
274 0.999989
275 0.999995
276 0.999991
277 0.999966
278 0.999867
279 0.999496
280 0.999255
281 0.998438
282 0.995803
283 0.994323
284 0.99353
285 0.99131
286 0.985376
287 0.970201
288 0.93303
289 0.845716
290 0.648727
291 0.570567
292 0.407125
293 0.346806
294 0.229033
295 0.188278
296 0.174573
297 0.15001
298 0.106978
299 0.0330286
300 0.0101376
301 0.00311822
302 0.000970756
303 0.000309275
304 0.000101844
305 3.48576e-05
306 1.23821e-05
307 4.52662e-06
308 1.68127e-06
309 6.25151e-07
310 2.29087e-07
311 8.1247e-08
312 2.77412e-08
313 9.54577e-09
314 3.69856e-09
315 2.264e-09
316 2.264e-09
317 2.264e-09
318 2.264e-09
319 2.264e-09
320 2.264e-09
321 2.264e-09
322 2.264e-09
323 2.264e-09
324 2.264e-09
325 2.264e-09
326 2.264e-09
327 2.264e-09
328 2.264e-09
329 2.264e-09
330 2.264e-09
331 2.264e-09
332 2.264e-09
333 2.264e-09
334 2.264e-09
335 2.264e-09
336 2.264e-09
337 2.264e-09
338 2.264e-09
339 2.264e-09
340 2.264e-09
341 2.264e-09
342 2.264e-09
343 2.264e-09
344 2.264e-09
345 2.264e-09
346 2.264e-09
347 2.264e-09
348 2.264e-09
349 2.264e-09
350 2.264e-09
351 2.264e-09
352 2.264e-09
353 2.264e-09
354 2.264e-09
355 2.264e-09
356 2.264e-09
357 2.264e-09
358 2.264e-09
359 2.264e-09
360 2.264e-09
361 2.264e-09
362 2.264e-09
363 2.264e-09
364 2.264e-09
365 2.264e-09
366 2.264e-09
367 2.264e-09
368 2.264e-09
369 2.264e-09
370 2.264e-09
371 2.264e-09
372 2.264e-09
373 2.264e-09
374 2.264e-09
375 2.264e-09
376 2.264e-09
377 2.264e-09
378 2.264e-09
379 2.264e-09
380 2.264e-09
381 2.264e-09
382 2.264e-09
383 2.264e-09
384 2.264e-09
385 2.264e-09
386 2.264e-09
387 2.264e-09
388 2.264e-09
389 2.264e-09
390 2.264e-09
391 2.264e-09
392 2.264e-09
393 2.264e-09
394 2.264e-09
395 2.264e-09
396 2.264e-09
397 2.264e-09
398 2.264e-09
399 2.264e-09
400 2.264e-09
401 2.264e-09
402 2.264e-09
403 2.264e-09
404 2.264e-09
405 2.264e-09
406 2.264e-09
407 2.264e-09
408 2.264e-09
409 2.264e-09
410 2.264e-09
411 2.264e-09
412 2.264e-09
413 2.264e-09
414 2.264e-09
415 2.264e-09
416 2.264e-09
417 2.264e-09
418 2.264e-09
419 2.264e-09
420 2.264e-09
421 2.264e-09
422 2.264e-09
423 2.264e-09
424 2.264e-09
425 2.264e-09
426 2.264e-09
427 2.264e-09
428 2.264e-09
429 2.264e-09
430 2.264e-09
431 2.264e-09
432 2.264e-09
433 2.264e-09
434 2.264e-09
435 2.264e-09
436 2.264e-09
437 2.264e-09
438 2.264e-09
439 2.264e-09
440 2.264e-09
441 2.264e-09
442 2.264e-09
443 2.264e-09
444 2.264e-09
445 2.264e-09
446 2.264e-09
447 2.264e-09
448 2.264e-09
449 2.264e-09
450 2.264e-09
451 2.264e-09
452 2.264e-09
453 2.264e-09
454 2.264e-09
455 2.264e-09
456 2.264e-09
457 2.264e-09
458 2.264e-09
459 2.264e-09
460 2.264e-09
461 2.264e-09
462 2.264e-09
463 2.264e-09
464 2.264e-09
465 2.264e-09
466 2.264e-09
467 2.264e-09
468 2.264e-09
469 2.264e-09
470 2.264e-09
471 2.264e-09
472 2.264e-09
473 2.264e-09
474 2.264e-09
475 2.264e-09
476 2.264e-09
477 2.264e-09
478 2.264e-09
479 2.264e-09
480 2.264e-09
481 2.264e-09
482 2.264e-09
483 2.264e-09
484 2.264e-09
485 2.264e-09
486 2.264e-09
487 2.264e-09
488 2.264e-09
489 2.264e-09
490 2.264e-09
491 2.264e-09
492 2.264e-09
493 2.264e-09
494 2.264e-09
495 2.264e-09
496 2.264e-09
497 2.264e-09
498 2.264e-09
499 2.264e-09
500 2.264e-09
501 2.264e-09
502 2.264e-09
503 2.264e-09
504 2.264e-09
505 2.264e-09
506 2.264e-09
507 2.264e-09
508 2.264e-09
509 2.264e-09
510 2.264e-09
511 2.264e-09
512 2.264e-09
513 2.264e-09
514 2.264e-09
515 2.264e-09
516 2.264e-09
517 2.264e-09
518 2.264e-09
519 2.264e-09
520 2.264e-09
521 2.264e-09
522 2.264e-09
523 2.264e-09
524 2.264e-09
525 2.264e-09
526 2.264e-09
527 2.264e-09
528 2.264e-09
529 2.264e-09
530 2.264e-09
531 2.264e-09
532 2.264e-09
533 2.264e-09
534 2.264e-09
535 2.264e-09
536 2.264e-09
537 2.264e-09
538 2.264e-09
539 2.264e-09
540 2.264e-09
541 2.264e-09
542 2.264e-09
543 2.264e-09
544 2.264e-09
545 2.264e-09
546 2.264e-09
547 2.264e-09
548 2.264e-09
549 2.264e-09
550 2.264e-09
551 2.264e-09
552 2.264e-09
