1 3.83768e-08
2 3.83768e-08
3 3.83768e-08
4 3.83768e-08
5 3.83768e-08
6 3.83768e-08
7 3.83768e-08
8 3.83768e-08
9 3.83768e-08
10 3.83768e-08
11 3.83768e-08
12 3.83768e-08
13 3.83768e-08
14 3.83768e-08
15 3.83768e-08
16 3.83768e-08
17 3.83768e-08
18 3.83768e-08
19 3.83768e-08
20 3.83768e-08
21 3.83768e-08
22 3.83768e-08
23 3.83768e-08
24 3.83768e-08
25 3.83768e-08
26 3.83768e-08
27 3.83768e-08
28 3.83768e-08
29 3.83768e-08
30 3.83768e-08
31 3.83768e-08
32 3.83768e-08
33 3.83768e-08
34 3.83768e-08
35 3.83768e-08
36 3.83768e-08
37 3.83768e-08
38 3.83768e-08
39 3.83768e-08
40 3.83768e-08
41 3.83768e-08
42 3.83768e-08
43 3.83768e-08
44 3.83768e-08
45 3.83768e-08
46 3.83768e-08
47 3.83768e-08
48 3.83768e-08
49 3.83768e-08
50 3.83768e-08
51 3.83768e-08
52 3.83768e-08
53 3.83768e-08
54 3.83768e-08
55 3.83768e-08
56 3.83768e-08
57 3.83768e-08
58 3.83768e-08
59 3.83768e-08
60 3.83768e-08
61 3.83768e-08
62 3.83768e-08
63 3.83768e-08
64 3.83768e-08
65 3.83768e-08
66 3.83768e-08
67 3.83768e-08
68 3.83768e-08
69 3.83768e-08
70 3.83768e-08
71 3.83768e-08
72 3.83768e-08
73 3.83768e-08
74 3.83768e-08
75 3.83768e-08
76 3.83768e-08
77 3.83768e-08
78 3.83768e-08
79 3.83768e-08
80 3.83768e-08
81 3.83768e-08
82 3.83768e-08
83 3.83768e-08
84 3.83768e-08
85 3.83768e-08
86 3.83768e-08
87 3.83768e-08
88 3.83768e-08
89 3.83768e-08
90 3.83768e-08
91 3.83768e-08
92 3.83768e-08
93 3.83768e-08
94 3.83768e-08
95 3.83768e-08
96 3.83768e-08
97 3.83768e-08
98 3.83768e-08
99 3.83768e-08
100 3.83768e-08
101 3.83768e-08
102 3.83768e-08
103 3.83768e-08
104 3.83768e-08
105 3.83768e-08
106 3.83768e-08
107 3.83768e-08
108 3.83768e-08
109 3.83768e-08
110 3.83768e-08
111 3.83768e-08
112 3.83768e-08
113 3.83768e-08
114 3.83768e-08
115 3.83768e-08
116 3.83768e-08
117 3.83768e-08
118 3.83768e-08
119 3.83768e-08
120 3.83768e-08
121 3.83768e-08
122 3.83768e-08
123 3.83768e-08
124 3.83768e-08
125 3.83768e-08
126 3.83768e-08
127 3.83768e-08
128 3.83768e-08
129 3.83768e-08
130 3.83768e-08
131 3.83768e-08
132 3.83768e-08
133 3.83768e-08
134 3.83768e-08
135 3.83768e-08
136 3.83768e-08
137 3.83768e-08
138 3.83768e-08
139 3.83768e-08
140 3.83768e-08
141 3.83768e-08
142 3.83768e-08
143 3.83768e-08
144 3.83768e-08
145 3.83768e-08
146 3.83768e-08
147 3.83768e-08
148 3.83768e-08
149 3.83768e-08
150 3.83768e-08
151 3.83768e-08
152 3.83768e-08
153 3.83768e-08
154 3.83768e-08
155 3.83768e-08
156 3.83768e-08
157 3.83768e-08
158 3.83768e-08
159 3.83768e-08
160 3.83768e-08
161 3.83768e-08
162 3.83768e-08
163 3.83768e-08
164 3.83768e-08
165 3.83768e-08
166 3.83768e-08
167 3.83768e-08
168 3.83768e-08
169 3.83768e-08
170 3.83768e-08
171 3.83768e-08
172 3.83768e-08
173 3.83768e-08
174 3.83768e-08
175 3.83768e-08
176 3.83768e-08
177 3.83768e-08
178 3.83768e-08
179 3.83768e-08
180 3.83768e-08
181 3.83768e-08
182 3.83768e-08
183 3.83768e-08
184 3.83768e-08
185 3.83768e-08
186 3.83768e-08
187 3.83768e-08
188 3.83768e-08
189 3.83768e-08
190 3.83768e-08
191 3.83768e-08
192 3.83768e-08
193 3.83768e-08
194 3.83768e-08
195 3.83768e-08
196 3.83768e-08
197 3.83768e-08
198 3.83768e-08
199 3.83768e-08
200 3.83768e-08
201 3.83768e-08
202 3.83768e-08
203 3.83768e-08
204 3.83768e-08
205 3.83768e-08
206 3.83768e-08
207 3.83768e-08
208 3.83768e-08
209 3.83768e-08
210 3.83768e-08
211 3.83768e-08
212 3.83768e-08
213 3.83768e-08
214 3.83768e-08
215 3.83768e-08
216 3.83768e-08
217 3.83768e-08
218 3.83768e-08
219 3.83768e-08
220 3.83768e-08
221 3.83768e-08
222 3.83768e-08
223 3.83768e-08
224 3.83768e-08
225 3.83768e-08
226 3.83768e-08
227 3.83768e-08
228 3.83768e-08
229 3.83768e-08
230 3.83768e-08
231 3.83768e-08
232 3.83768e-08
233 3.83768e-08
234 3.83768e-08
235 3.88196e-08
236 4.31414e-08
237 5.90677e-08
238 1.11932e-07
239 2.84368e-07
240 8.36025e-07
241 2.56901e-06
242 7.90116e-06
243 2.39505e-05
244 7.11468e-05
245 0.000206656
246 0.000586763
247 0.00163079
248 0.00445188
249 0.0120108
250 0.0323316
251 0.0879719
252 0.116782
253 0.132376
254 0.141207
255 0.146392
256 0.149494
257 0.159896
258 0.166201
259 0.18753
260 0.200448
261 0.207829
262 0.210586
263 0.206864
264 0.213593
265 0.210065
266 0.226343
267 0.227344
268 0.207886
269 0.219502
270 0.28284
271 0.478313
272 0.577195
273 0.622692
274 0.75715
275 0.818647
276 0.843146
277 0.847517
278 0.838281
279 0.815863
280 0.814729
281 0.805058
282 0.785307
283 0.78108
284 0.784045
285 0.781597
286 0.77331
287 0.754628
288 0.714425
289 0.629218
290 0.452136
291 0.386587
292 0.257767
293 0.212944
294 0.130324
295 0.103333
296 0.0947639
297 0.0802482
298 0.0561485
299 0.0166917
300 0.00496574
301 0.00148379
302 0.000445742
303 0.000134425
304 4.05897e-05
305 1.2251e-05
306 3.70523e-06
307 1.13729e-06
308 3.6764e-07
309 1.36585e-07
310 6.67854e-08
311 4.58026e-08
312 3.98504e-08
313 3.85652e-08
314 3.83768e-08
315 3.83768e-08
316 3.83768e-08
317 3.83768e-08
318 3.83768e-08
319 3.83768e-08
320 3.83768e-08
321 3.83768e-08
322 3.83768e-08
323 3.83768e-08
324 3.83768e-08
325 3.83768e-08
326 3.83768e-08
327 3.83768e-08
328 3.83768e-08
329 3.83768e-08
330 3.83768e-08
331 3.83768e-08
332 3.83768e-08
333 3.83768e-08
334 3.83768e-08
335 3.83768e-08
336 3.83768e-08
337 3.83768e-08
338 3.83768e-08
339 3.83768e-08
340 3.83768e-08
341 3.83768e-08
342 3.83768e-08
343 3.83768e-08
344 3.83768e-08
345 3.83768e-08
346 3.83768e-08
347 3.83768e-08
348 3.83768e-08
349 3.83768e-08
350 3.83768e-08
351 3.83768e-08
352 3.83768e-08
353 3.83768e-08
354 3.83768e-08
355 3.83768e-08
356 3.83768e-08
357 3.83768e-08
358 3.83768e-08
359 3.83768e-08
360 3.83768e-08
361 3.83768e-08
362 3.83768e-08
363 3.83768e-08
364 3.83768e-08
365 3.83768e-08
366 3.83768e-08
367 3.83768e-08
368 3.83768e-08
369 3.83768e-08
370 3.83768e-08
371 3.83768e-08
372 3.83768e-08
373 3.83768e-08
374 3.83768e-08
375 3.83768e-08
376 3.83768e-08
377 3.83768e-08
378 3.83768e-08
379 3.83768e-08
380 3.83768e-08
381 3.83768e-08
382 3.83768e-08
383 3.83768e-08
384 3.83768e-08
385 3.83768e-08
386 3.83768e-08
387 3.83768e-08
388 3.83768e-08
389 3.83768e-08
390 3.83768e-08
391 3.83768e-08
392 3.83768e-08
393 3.83768e-08
394 3.83768e-08
395 3.83768e-08
396 3.83768e-08
397 3.83768e-08
398 3.83768e-08
399 3.83768e-08
400 3.83768e-08
401 3.83768e-08
402 3.83768e-08
403 3.83768e-08
404 3.83768e-08
405 3.83768e-08
406 3.83768e-08
407 3.83768e-08
408 3.83768e-08
409 3.83768e-08
410 3.83768e-08
411 3.83768e-08
412 3.83768e-08
413 3.83768e-08
414 3.83768e-08
415 3.83768e-08
416 3.83768e-08
417 3.83768e-08
418 3.83768e-08
419 3.83768e-08
420 3.83768e-08
421 3.83768e-08
422 3.83768e-08
423 3.83768e-08
424 3.83768e-08
425 3.83768e-08
426 3.83768e-08
427 3.83768e-08
428 3.83768e-08
429 3.83768e-08
430 3.83768e-08
431 3.83768e-08
432 3.83768e-08
433 3.83768e-08
434 3.83768e-08
435 3.83768e-08
436 3.83768e-08
437 3.83768e-08
438 3.83768e-08
439 3.83768e-08
440 3.83768e-08
441 3.83768e-08
442 3.83768e-08
443 3.83768e-08
444 3.83768e-08
445 3.83768e-08
446 3.83768e-08
447 3.83768e-08
448 3.83768e-08
449 3.83768e-08
450 3.83768e-08
451 3.83768e-08
452 3.83768e-08
453 3.83768e-08
454 3.83768e-08
455 3.83768e-08
456 3.83768e-08
457 3.83768e-08
458 3.83768e-08
459 3.83768e-08
460 3.83768e-08
461 3.83768e-08
462 3.83768e-08
463 3.83768e-08
464 3.83768e-08
465 3.83768e-08
466 3.83768e-08
467 3.83768e-08
468 3.83768e-08
469 3.83768e-08
470 3.83768e-08
471 3.83768e-08
472 3.83768e-08
473 3.83768e-08
474 3.83768e-08
475 3.83768e-08
476 3.83768e-08
477 3.83768e-08
478 3.83768e-08
479 3.83768e-08
480 3.83768e-08
481 3.83768e-08
482 3.83768e-08
483 3.83768e-08
484 3.83768e-08
485 3.83768e-08
486 3.83768e-08
487 3.83768e-08
488 3.83768e-08
489 3.83768e-08
490 3.83768e-08
491 3.83768e-08
492 3.83768e-08
493 3.83768e-08
494 3.83768e-08
495 3.83768e-08
496 3.83768e-08
497 3.83768e-08
498 3.83768e-08
499 3.83768e-08
500 3.83768e-08
501 3.83768e-08
502 3.83768e-08
503 3.83768e-08
504 3.83768e-08
505 3.83768e-08
506 3.83768e-08
507 3.83768e-08
508 3.83768e-08
509 3.83768e-08
510 3.83768e-08
511 3.83768e-08
512 3.83768e-08
513 3.83768e-08
514 3.83768e-08
515 3.83768e-08
516 3.83768e-08
517 3.83768e-08
518 3.83768e-08
519 3.83768e-08
520 3.83768e-08
521 3.83768e-08
522 3.83768e-08
523 3.83768e-08
524 3.83768e-08
525 3.83768e-08
526 3.83768e-08
527 3.83768e-08
528 3.83768e-08
529 3.83768e-08
530 3.83768e-08
531 3.83768e-08
532 3.83768e-08
533 3.83768e-08
534 3.83768e-08
535 3.83768e-08
536 3.83768e-08
537 3.83768e-08
538 3.83768e-08
539 3.83768e-08
540 3.83768e-08
541 3.83768e-08
542 3.83768e-08
543 3.83768e-08
544 3.83768e-08
545 3.83768e-08
546 3.83768e-08
547 3.83768e-08
548 3.83768e-08
549 3.83768e-08
550 3.83768e-08
551 3.83768e-08
552 3.83768e-08
