1 8.21031e-10
2 8.21031e-10
3 8.21031e-10
4 8.21031e-10
5 8.21031e-10
6 8.21031e-10
7 8.21031e-10
8 8.21031e-10
9 8.21031e-10
10 8.21031e-10
11 8.21031e-10
12 8.21031e-10
13 8.21031e-10
14 8.21031e-10
15 8.21031e-10
16 8.21031e-10
17 8.21031e-10
18 8.21031e-10
19 8.21031e-10
20 8.21031e-10
21 8.21031e-10
22 8.21031e-10
23 8.21031e-10
24 8.21031e-10
25 8.21031e-10
26 8.21031e-10
27 8.21031e-10
28 8.21031e-10
29 8.21031e-10
30 8.21031e-10
31 8.21031e-10
32 8.21031e-10
33 8.21031e-10
34 8.21031e-10
35 8.21031e-10
36 8.21031e-10
37 8.21031e-10
38 8.21031e-10
39 8.21031e-10
40 8.21031e-10
41 8.21031e-10
42 8.21031e-10
43 8.21031e-10
44 8.21031e-10
45 8.21031e-10
46 8.21031e-10
47 8.21031e-10
48 8.21031e-10
49 8.21031e-10
50 8.21031e-10
51 8.21031e-10
52 8.21031e-10
53 8.21031e-10
54 8.21031e-10
55 8.21031e-10
56 8.21031e-10
57 8.21031e-10
58 8.21031e-10
59 8.21031e-10
60 8.21031e-10
61 8.21031e-10
62 8.21031e-10
63 8.21031e-10
64 8.21031e-10
65 8.21031e-10
66 8.21031e-10
67 8.21031e-10
68 8.21031e-10
69 8.21031e-10
70 8.21031e-10
71 8.21031e-10
72 8.21031e-10
73 8.21031e-10
74 8.21031e-10
75 8.21031e-10
76 8.21031e-10
77 8.21031e-10
78 8.21031e-10
79 8.21031e-10
80 8.21031e-10
81 8.21031e-10
82 8.21031e-10
83 8.21031e-10
84 8.21031e-10
85 8.21031e-10
86 8.21031e-10
87 8.21031e-10
88 8.21031e-10
89 8.21031e-10
90 8.21031e-10
91 8.21031e-10
92 8.21031e-10
93 8.21031e-10
94 8.21031e-10
95 8.21031e-10
96 8.21031e-10
97 8.21031e-10
98 8.21031e-10
99 8.21031e-10
100 8.21031e-10
101 8.21031e-10
102 8.21031e-10
103 8.21031e-10
104 8.21031e-10
105 8.21031e-10
106 8.21031e-10
107 8.21031e-10
108 8.21031e-10
109 8.21031e-10
110 8.21031e-10
111 8.21031e-10
112 8.21031e-10
113 8.21031e-10
114 8.21031e-10
115 8.21031e-10
116 8.21031e-10
117 8.21031e-10
118 8.21031e-10
119 8.21031e-10
120 8.21031e-10
121 8.21031e-10
122 8.21031e-10
123 8.21031e-10
124 8.21031e-10
125 8.21031e-10
126 8.21031e-10
127 8.21031e-10
128 8.21031e-10
129 8.21031e-10
130 8.21031e-10
131 8.21031e-10
132 8.21031e-10
133 8.21031e-10
134 8.21031e-10
135 8.21031e-10
136 8.21031e-10
137 8.21031e-10
138 8.21031e-10
139 8.21031e-10
140 8.21031e-10
141 8.21031e-10
142 8.21031e-10
143 8.21031e-10
144 8.21031e-10
145 8.21031e-10
146 8.21031e-10
147 8.21031e-10
148 8.21031e-10
149 8.21031e-10
150 8.21031e-10
151 8.21031e-10
152 8.21031e-10
153 8.21031e-10
154 8.21031e-10
155 8.21031e-10
156 8.21031e-10
157 8.21031e-10
158 8.21031e-10
159 8.21031e-10
160 8.21031e-10
161 8.21031e-10
162 8.21031e-10
163 8.21031e-10
164 8.21031e-10
165 8.21031e-10
166 8.21031e-10
167 8.21031e-10
168 8.21031e-10
169 8.21031e-10
170 8.21031e-10
171 8.21031e-10
172 8.21031e-10
173 8.21031e-10
174 8.21031e-10
175 8.21031e-10
176 8.21031e-10
177 8.21031e-10
178 8.21031e-10
179 8.21031e-10
180 8.21031e-10
181 8.21031e-10
182 8.21031e-10
183 8.21031e-10
184 8.21031e-10
185 8.21031e-10
186 8.21031e-10
187 8.21031e-10
188 8.21031e-10
189 8.21031e-10
190 8.21031e-10
191 8.21031e-10
192 8.21031e-10
193 8.21031e-10
194 8.21031e-10
195 8.21031e-10
196 8.21031e-10
197 8.21031e-10
198 8.21031e-10
199 8.21031e-10
200 8.21031e-10
201 8.21031e-10
202 8.21031e-10
203 8.21031e-10
204 8.21031e-10
205 8.21031e-10
206 8.21031e-10
207 8.21031e-10
208 8.21031e-10
209 8.21031e-10
210 8.21031e-10
211 8.21031e-10
212 8.21031e-10
213 8.21031e-10
214 8.21031e-10
215 8.21031e-10
216 8.21031e-10
217 8.21031e-10
218 8.21031e-10
219 8.21031e-10
220 8.21031e-10
221 8.21031e-10
222 8.21031e-10
223 8.21031e-10
224 8.21031e-10
225 8.21031e-10
226 8.21031e-10
227 8.21031e-10
228 8.21031e-10
229 8.21031e-10
230 8.21031e-10
231 8.21031e-10
232 8.21031e-10
233 8.21031e-10
234 8.21031e-10
235 2.30728e-09
236 8.09093e-09
237 2.69737e-08
238 8.13122e-08
239 2.4141e-07
240 7.22697e-07
241 2.22178e-06
242 7.03074e-06
243 2.27919e-05
244 7.51088e-05
245 0.000249937
246 0.000836076
247 0.00280445
248 0.00941963
249 0.0316409
250 0.106091
251 0.354098
252 0.503692
253 0.592688
254 0.6447
255 0.674461
256 0.691087
257 0.740603
258 0.766849
259 0.840905
260 0.878101
261 0.89631
262 0.905011
263 0.909076
264 0.919271
265 0.923852
266 0.934934
267 0.939735
268 0.941739
269 0.946375
270 0.956726
271 0.979096
272 0.98758
273 0.990522
274 0.99647
275 0.998159
276 0.997774
277 0.995082
278 0.987517
279 0.968386
280 0.960016
281 0.940771
282 0.898471
283 0.88216
284 0.876111
285 0.86427
286 0.841873
287 0.800803
288 0.727561
289 0.600083
290 0.382684
291 0.315958
292 0.205066
293 0.171468
294 0.115421
295 0.0980097
296 0.0924279
297 0.0822172
298 0.0626539
299 0.0236
300 0.00893723
301 0.00336181
302 0.00124509
303 0.000451424
304 0.000159682
305 5.50197e-05
306 1.84597e-05
307 6.0341e-06
308 1.92423e-06
309 5.98818e-07
310 1.81718e-07
311 5.3101e-08
312 1.4229e-08
313 3.04376e-09
314 8.21031e-10
315 8.21031e-10
316 8.21031e-10
317 8.21031e-10
318 8.21031e-10
319 8.21031e-10
320 8.21031e-10
321 8.21031e-10
322 8.21031e-10
323 8.21031e-10
324 8.21031e-10
325 8.21031e-10
326 8.21031e-10
327 8.21031e-10
328 8.21031e-10
329 8.21031e-10
330 8.21031e-10
331 8.21031e-10
332 8.21031e-10
333 8.21031e-10
334 8.21031e-10
335 8.21031e-10
336 8.21031e-10
337 8.21031e-10
338 8.21031e-10
339 8.21031e-10
340 8.21031e-10
341 8.21031e-10
342 8.21031e-10
343 8.21031e-10
344 8.21031e-10
345 8.21031e-10
346 8.21031e-10
347 8.21031e-10
348 8.21031e-10
349 8.21031e-10
350 8.21031e-10
351 8.21031e-10
352 8.21031e-10
353 8.21031e-10
354 8.21031e-10
355 8.21031e-10
356 8.21031e-10
357 8.21031e-10
358 8.21031e-10
359 8.21031e-10
360 8.21031e-10
361 8.21031e-10
362 8.21031e-10
363 8.21031e-10
364 8.21031e-10
365 8.21031e-10
366 8.21031e-10
367 8.21031e-10
368 8.21031e-10
369 8.21031e-10
370 8.21031e-10
371 8.21031e-10
372 8.21031e-10
373 8.21031e-10
374 8.21031e-10
375 8.21031e-10
376 8.21031e-10
377 8.21031e-10
378 8.21031e-10
379 8.21031e-10
380 8.21031e-10
381 8.21031e-10
382 8.21031e-10
383 8.21031e-10
384 8.21031e-10
385 8.21031e-10
386 8.21031e-10
387 8.21031e-10
388 8.21031e-10
389 8.21031e-10
390 8.21031e-10
391 8.21031e-10
392 8.21031e-10
393 8.21031e-10
394 8.21031e-10
395 8.21031e-10
396 8.21031e-10
397 8.21031e-10
398 8.21031e-10
399 8.21031e-10
400 8.21031e-10
401 8.21031e-10
402 8.21031e-10
403 8.21031e-10
404 8.21031e-10
405 8.21031e-10
406 8.21031e-10
407 8.21031e-10
408 8.21031e-10
409 8.21031e-10
410 8.21031e-10
411 8.21031e-10
412 8.21031e-10
413 8.21031e-10
414 8.21031e-10
415 8.21031e-10
416 8.21031e-10
417 8.21031e-10
418 8.21031e-10
419 8.21031e-10
420 8.21031e-10
421 8.21031e-10
422 8.21031e-10
423 8.21031e-10
424 8.21031e-10
425 8.21031e-10
426 8.21031e-10
427 8.21031e-10
428 8.21031e-10
429 8.21031e-10
430 8.21031e-10
431 8.21031e-10
432 8.21031e-10
433 8.21031e-10
434 8.21031e-10
435 8.21031e-10
436 8.21031e-10
437 8.21031e-10
438 8.21031e-10
439 8.21031e-10
440 8.21031e-10
441 8.21031e-10
442 8.21031e-10
443 8.21031e-10
444 8.21031e-10
445 8.21031e-10
446 8.21031e-10
447 8.21031e-10
448 8.21031e-10
449 8.21031e-10
450 8.21031e-10
451 8.21031e-10
452 8.21031e-10
453 8.21031e-10
454 8.21031e-10
455 8.21031e-10
456 8.21031e-10
457 8.21031e-10
458 8.21031e-10
459 8.21031e-10
460 8.21031e-10
461 8.21031e-10
462 8.21031e-10
463 8.21031e-10
464 8.21031e-10
465 8.21031e-10
466 8.21031e-10
467 8.21031e-10
468 8.21031e-10
469 8.21031e-10
470 8.21031e-10
471 8.21031e-10
472 8.21031e-10
473 8.21031e-10
474 8.21031e-10
475 8.21031e-10
476 8.21031e-10
477 8.21031e-10
478 8.21031e-10
479 8.21031e-10
480 8.21031e-10
481 8.21031e-10
482 8.21031e-10
483 8.21031e-10
484 8.21031e-10
485 8.21031e-10
486 8.21031e-10
487 8.21031e-10
488 8.21031e-10
489 8.21031e-10
490 8.21031e-10
491 8.21031e-10
492 8.21031e-10
493 8.21031e-10
494 8.21031e-10
495 8.21031e-10
496 8.21031e-10
497 8.21031e-10
498 8.21031e-10
499 8.21031e-10
500 8.21031e-10
501 8.21031e-10
502 8.21031e-10
503 8.21031e-10
504 8.21031e-10
505 8.21031e-10
506 8.21031e-10
507 8.21031e-10
508 8.21031e-10
509 8.21031e-10
510 8.21031e-10
511 8.21031e-10
512 8.21031e-10
513 8.21031e-10
514 8.21031e-10
515 8.21031e-10
516 8.21031e-10
517 8.21031e-10
518 8.21031e-10
519 8.21031e-10
520 8.21031e-10
521 8.21031e-10
522 8.21031e-10
523 8.21031e-10
524 8.21031e-10
525 8.21031e-10
526 8.21031e-10
527 8.21031e-10
528 8.21031e-10
529 8.21031e-10
530 8.21031e-10
531 8.21031e-10
532 8.21031e-10
533 8.21031e-10
534 8.21031e-10
535 8.21031e-10
536 8.21031e-10
537 8.21031e-10
538 8.21031e-10
539 8.21031e-10
540 8.21031e-10
541 8.21031e-10
542 8.21031e-10
543 8.21031e-10
544 8.21031e-10
545 8.21031e-10
546 8.21031e-10
547 8.21031e-10
548 8.21031e-10
549 8.21031e-10
550 8.21031e-10
551 8.21031e-10
552 8.21031e-10
