1 2.61755e-09
2 2.61755e-09
3 2.61755e-09
4 2.61755e-09
5 2.61755e-09
6 2.61755e-09
7 2.61755e-09
8 2.61755e-09
9 2.61755e-09
10 2.61755e-09
11 2.61755e-09
12 2.61755e-09
13 2.61755e-09
14 2.61755e-09
15 2.61755e-09
16 2.61755e-09
17 2.61755e-09
18 2.61755e-09
19 2.61755e-09
20 2.61755e-09
21 2.61755e-09
22 2.61755e-09
23 2.61755e-09
24 2.61755e-09
25 2.61755e-09
26 2.61755e-09
27 2.61755e-09
28 2.61755e-09
29 2.61755e-09
30 2.61755e-09
31 2.61755e-09
32 2.61755e-09
33 2.61755e-09
34 2.61755e-09
35 2.61755e-09
36 2.61755e-09
37 2.61755e-09
38 2.61755e-09
39 2.61755e-09
40 2.61755e-09
41 2.61755e-09
42 2.61755e-09
43 2.61755e-09
44 2.61755e-09
45 2.61755e-09
46 2.61755e-09
47 2.61755e-09
48 2.61755e-09
49 2.61755e-09
50 2.61755e-09
51 2.61755e-09
52 2.61755e-09
53 2.61755e-09
54 2.61755e-09
55 2.61755e-09
56 2.61755e-09
57 2.61755e-09
58 2.61755e-09
59 2.61755e-09
60 2.61755e-09
61 2.61755e-09
62 2.61755e-09
63 2.61755e-09
64 2.61755e-09
65 2.61755e-09
66 2.61755e-09
67 2.61755e-09
68 2.61755e-09
69 2.61755e-09
70 2.61755e-09
71 2.61755e-09
72 2.61755e-09
73 2.61755e-09
74 2.61755e-09
75 2.61755e-09
76 2.61755e-09
77 2.61755e-09
78 2.61755e-09
79 2.61755e-09
80 2.61755e-09
81 2.61755e-09
82 2.61755e-09
83 2.61755e-09
84 2.61755e-09
85 2.61755e-09
86 2.61755e-09
87 2.61755e-09
88 2.61755e-09
89 2.61755e-09
90 2.61755e-09
91 2.61755e-09
92 2.61755e-09
93 2.61755e-09
94 2.61755e-09
95 2.61755e-09
96 2.61755e-09
97 2.61755e-09
98 2.61755e-09
99 2.61755e-09
100 2.61755e-09
101 2.61755e-09
102 2.61755e-09
103 2.61755e-09
104 2.61755e-09
105 2.61755e-09
106 2.61755e-09
107 2.61755e-09
108 2.61755e-09
109 2.61755e-09
110 2.61755e-09
111 2.61755e-09
112 2.61755e-09
113 2.61755e-09
114 2.61755e-09
115 2.61755e-09
116 2.61755e-09
117 2.61755e-09
118 2.61755e-09
119 2.61755e-09
120 2.61755e-09
121 2.61755e-09
122 2.61755e-09
123 2.61755e-09
124 2.61755e-09
125 2.61755e-09
126 2.61755e-09
127 2.61755e-09
128 2.61755e-09
129 2.61755e-09
130 2.61755e-09
131 2.61755e-09
132 2.61755e-09
133 2.61755e-09
134 2.61755e-09
135 2.61755e-09
136 2.61755e-09
137 2.61755e-09
138 2.61755e-09
139 2.61755e-09
140 2.61755e-09
141 2.61755e-09
142 2.61755e-09
143 2.61755e-09
144 2.61755e-09
145 2.61755e-09
146 2.61755e-09
147 2.61755e-09
148 2.61755e-09
149 2.61755e-09
150 2.61755e-09
151 2.61755e-09
152 2.61755e-09
153 2.61755e-09
154 2.61755e-09
155 2.61755e-09
156 2.61755e-09
157 2.61755e-09
158 2.61755e-09
159 2.61755e-09
160 2.61755e-09
161 2.61755e-09
162 2.61755e-09
163 2.61755e-09
164 2.61755e-09
165 2.61755e-09
166 2.61755e-09
167 2.61755e-09
168 2.61755e-09
169 2.61755e-09
170 2.61755e-09
171 2.61755e-09
172 2.61755e-09
173 2.61755e-09
174 2.61755e-09
175 2.61755e-09
176 2.61755e-09
177 2.61755e-09
178 2.61755e-09
179 2.61755e-09
180 2.61755e-09
181 2.61755e-09
182 2.61755e-09
183 2.61755e-09
184 2.61755e-09
185 2.61755e-09
186 2.61755e-09
187 2.61755e-09
188 2.61755e-09
189 2.61755e-09
190 2.61755e-09
191 2.61755e-09
192 2.61755e-09
193 2.61755e-09
194 2.61755e-09
195 2.61755e-09
196 2.61755e-09
197 2.61755e-09
198 2.61755e-09
199 2.61755e-09
200 2.61755e-09
201 2.61755e-09
202 2.61755e-09
203 2.61755e-09
204 2.61755e-09
205 2.61755e-09
206 2.61755e-09
207 2.61755e-09
208 2.61755e-09
209 2.61755e-09
210 2.61755e-09
211 2.61755e-09
212 2.61755e-09
213 2.61755e-09
214 2.61755e-09
215 2.61755e-09
216 2.61755e-09
217 2.61755e-09
218 2.61755e-09
219 2.61755e-09
220 2.61755e-09
221 2.61755e-09
222 2.61755e-09
223 2.61755e-09
224 2.61755e-09
225 2.61755e-09
226 2.61755e-09
227 2.61755e-09
228 2.61755e-09
229 2.61755e-09
230 2.61755e-09
231 2.61755e-09
232 2.61755e-09
233 3.91407e-09
234 1.44783e-08
235 5.24992e-08
236 1.78781e-07
237 5.78654e-07
238 1.81674e-06
239 5.56943e-06
240 1.66893e-05
241 4.88835e-05
242 0.000139925
243 0.000391416
244 0.00107039
245 0.00286348
246 0.00750035
247 0.0192552
248 0.0484982
249 0.119936
250 0.291334
251 0.695014
252 0.865441
253 0.935855
254 0.964259
255 0.975416
256 0.979671
257 0.988268
258 0.991334
259 0.997101
260 0.999007
261 0.999611
262 0.999795
263 0.999849
264 0.99993
265 0.999952
266 0.999982
267 0.999989
268 0.999991
269 0.999993
270 0.999995
271 0.999999
272 0.999999
273 1
274 1
275 1
276 1
277 1
278 0.999999
279 0.999996
280 0.999994
281 0.999982
282 0.999931
283 0.99989
284 0.99986
285 0.999742
286 0.9993
287 0.997721
288 0.992331
289 0.974758
290 0.919998
291 0.890162
292 0.805059
293 0.762547
294 0.65117
295 0.599963
296 0.57734
297 0.524745
298 0.406955
299 0.152486
300 0.055386
301 0.0195337
302 0.00670203
303 0.00224178
304 0.000732846
305 0.000234815
306 7.40048e-05
307 2.30413e-05
308 7.12536e-06
309 2.20256e-06
310 6.84581e-07
311 2.14111e-07
312 6.61875e-08
313 1.88908e-08
314 4.80986e-09
315 3.01153e-09
316 2.61755e-09
317 2.61755e-09
318 2.61755e-09
319 2.61755e-09
320 2.61755e-09
321 2.61755e-09
322 2.61755e-09
323 2.61755e-09
324 2.61755e-09
325 2.61755e-09
326 2.61755e-09
327 2.61755e-09
328 2.61755e-09
329 2.61755e-09
330 2.61755e-09
331 2.61755e-09
332 2.61755e-09
333 2.61755e-09
334 2.61755e-09
335 2.61755e-09
336 2.61755e-09
337 2.61755e-09
338 2.61755e-09
339 2.61755e-09
340 2.61755e-09
341 2.61755e-09
342 2.61755e-09
343 2.61755e-09
344 2.61755e-09
345 2.61755e-09
346 2.61755e-09
347 2.61755e-09
348 2.61755e-09
349 2.61755e-09
350 2.61755e-09
351 2.61755e-09
352 2.61755e-09
353 2.61755e-09
354 2.61755e-09
355 2.61755e-09
356 2.61755e-09
357 2.61755e-09
358 2.61755e-09
359 2.61755e-09
360 2.61755e-09
361 2.61755e-09
362 2.61755e-09
363 2.61755e-09
364 2.61755e-09
365 2.61755e-09
366 2.61755e-09
367 2.61755e-09
368 2.61755e-09
369 2.61755e-09
370 2.61755e-09
371 2.61755e-09
372 2.61755e-09
373 2.61755e-09
374 2.61755e-09
375 2.61755e-09
376 2.61755e-09
377 2.61755e-09
378 2.61755e-09
379 2.61755e-09
380 2.61755e-09
381 2.61755e-09
382 2.61755e-09
383 2.61755e-09
384 2.61755e-09
385 2.61755e-09
386 2.61755e-09
387 2.61755e-09
388 2.61755e-09
389 2.61755e-09
390 2.61755e-09
391 2.61755e-09
392 2.61755e-09
393 2.61755e-09
394 2.61755e-09
395 2.61755e-09
396 2.61755e-09
397 2.61755e-09
398 2.61755e-09
399 2.61755e-09
400 2.61755e-09
401 2.61755e-09
402 2.61755e-09
403 2.61755e-09
404 2.61755e-09
405 2.61755e-09
406 2.61755e-09
407 2.61755e-09
408 2.61755e-09
409 2.61755e-09
410 2.61755e-09
411 2.61755e-09
412 2.61755e-09
413 2.61755e-09
414 2.61755e-09
415 2.61755e-09
416 2.61755e-09
417 2.61755e-09
418 2.61755e-09
419 2.61755e-09
420 2.61755e-09
421 2.61755e-09
422 2.61755e-09
423 2.61755e-09
424 2.61755e-09
425 2.61755e-09
426 2.61755e-09
427 2.61755e-09
428 2.61755e-09
429 2.61755e-09
430 2.61755e-09
431 2.61755e-09
432 2.61755e-09
433 2.61755e-09
434 2.61755e-09
435 2.61755e-09
436 2.61755e-09
437 2.61755e-09
438 2.61755e-09
439 2.61755e-09
440 2.61755e-09
441 2.61755e-09
442 2.61755e-09
443 2.61755e-09
444 2.61755e-09
445 2.61755e-09
446 2.61755e-09
447 2.61755e-09
448 2.61755e-09
449 2.61755e-09
450 2.61755e-09
451 2.61755e-09
452 2.61755e-09
453 2.61755e-09
454 2.61755e-09
455 2.61755e-09
456 2.61755e-09
457 2.61755e-09
458 2.61755e-09
459 2.61755e-09
460 2.61755e-09
461 2.61755e-09
462 2.61755e-09
463 2.61755e-09
464 2.61755e-09
465 2.61755e-09
466 2.61755e-09
467 2.61755e-09
468 2.61755e-09
469 2.61755e-09
470 2.61755e-09
471 2.61755e-09
472 2.61755e-09
473 2.61755e-09
474 2.61755e-09
475 2.61755e-09
476 2.61755e-09
477 2.61755e-09
478 2.61755e-09
479 2.61755e-09
480 2.61755e-09
481 2.61755e-09
482 2.61755e-09
483 2.61755e-09
484 2.61755e-09
485 2.61755e-09
486 2.61755e-09
487 2.61755e-09
488 2.61755e-09
489 2.61755e-09
490 2.61755e-09
491 2.61755e-09
492 2.61755e-09
493 2.61755e-09
494 2.61755e-09
495 2.61755e-09
496 2.61755e-09
497 2.61755e-09
498 2.61755e-09
499 2.61755e-09
500 2.61755e-09
501 2.61755e-09
502 2.61755e-09
503 2.61755e-09
504 2.61755e-09
505 2.61755e-09
506 2.61755e-09
507 2.61755e-09
508 2.61755e-09
509 2.61755e-09
510 2.61755e-09
511 2.61755e-09
512 2.61755e-09
513 2.61755e-09
514 2.61755e-09
515 2.61755e-09
516 2.61755e-09
517 2.61755e-09
518 2.61755e-09
519 2.61755e-09
520 2.61755e-09
521 2.61755e-09
522 2.61755e-09
523 2.61755e-09
524 2.61755e-09
525 2.61755e-09
526 2.61755e-09
527 2.61755e-09
528 2.61755e-09
529 2.61755e-09
530 2.61755e-09
531 2.61755e-09
532 2.61755e-09
533 2.61755e-09
534 2.61755e-09
535 2.61755e-09
536 2.61755e-09
537 2.61755e-09
538 2.61755e-09
539 2.61755e-09
540 2.61755e-09
541 2.61755e-09
542 2.61755e-09
543 2.61755e-09
544 2.61755e-09
545 2.61755e-09
546 2.61755e-09
547 2.61755e-09
548 2.61755e-09
549 2.61755e-09
550 2.61755e-09
551 2.61755e-09
552 2.61755e-09
