1 5.74128e-09
2 5.74128e-09
3 5.74128e-09
4 5.74128e-09
5 5.74128e-09
6 5.74128e-09
7 5.74128e-09
8 5.74128e-09
9 5.74128e-09
10 5.74128e-09
11 5.74128e-09
12 5.74128e-09
13 5.74128e-09
14 5.74128e-09
15 5.74128e-09
16 5.74128e-09
17 5.74128e-09
18 5.74128e-09
19 5.74128e-09
20 5.74128e-09
21 5.74128e-09
22 5.74128e-09
23 5.74128e-09
24 5.74128e-09
25 5.74128e-09
26 5.74128e-09
27 5.74128e-09
28 5.74128e-09
29 5.74128e-09
30 5.74128e-09
31 5.74128e-09
32 5.74128e-09
33 5.74128e-09
34 5.74128e-09
35 5.74128e-09
36 5.74128e-09
37 5.74128e-09
38 5.74128e-09
39 5.74128e-09
40 5.74128e-09
41 5.74128e-09
42 5.74128e-09
43 5.74128e-09
44 5.74128e-09
45 5.74128e-09
46 5.74128e-09
47 5.74128e-09
48 5.74128e-09
49 5.74128e-09
50 5.74128e-09
51 5.74128e-09
52 5.74128e-09
53 5.74128e-09
54 5.74128e-09
55 5.74128e-09
56 5.74128e-09
57 5.74128e-09
58 5.74128e-09
59 5.74128e-09
60 5.74128e-09
61 5.74128e-09
62 5.74128e-09
63 5.74128e-09
64 5.74128e-09
65 5.74128e-09
66 5.74128e-09
67 5.74128e-09
68 5.74128e-09
69 5.74128e-09
70 5.74128e-09
71 5.74128e-09
72 5.74128e-09
73 5.74128e-09
74 5.74128e-09
75 5.74128e-09
76 5.74128e-09
77 5.74128e-09
78 5.74128e-09
79 5.74128e-09
80 5.74128e-09
81 5.74128e-09
82 5.74128e-09
83 5.74128e-09
84 5.74128e-09
85 5.74128e-09
86 5.74128e-09
87 5.74128e-09
88 5.74128e-09
89 5.74128e-09
90 5.74128e-09
91 5.74128e-09
92 5.74128e-09
93 5.74128e-09
94 5.74128e-09
95 5.74128e-09
96 5.74128e-09
97 5.74128e-09
98 5.74128e-09
99 5.74128e-09
100 5.74128e-09
101 5.74128e-09
102 5.74128e-09
103 5.74128e-09
104 5.74128e-09
105 5.74128e-09
106 5.74128e-09
107 5.74128e-09
108 5.74128e-09
109 5.74128e-09
110 5.74128e-09
111 5.74128e-09
112 5.74128e-09
113 5.74128e-09
114 5.74128e-09
115 5.74128e-09
116 5.74128e-09
117 5.74128e-09
118 5.74128e-09
119 5.74128e-09
120 5.74128e-09
121 5.74128e-09
122 5.74128e-09
123 5.74128e-09
124 5.74128e-09
125 5.74128e-09
126 5.74128e-09
127 5.74128e-09
128 5.74128e-09
129 5.74128e-09
130 5.74128e-09
131 5.74128e-09
132 5.74128e-09
133 5.74128e-09
134 5.74128e-09
135 5.74128e-09
136 5.74128e-09
137 5.74128e-09
138 5.74128e-09
139 5.74128e-09
140 5.74128e-09
141 5.74128e-09
142 5.74128e-09
143 5.74128e-09
144 5.74128e-09
145 5.74128e-09
146 5.74128e-09
147 5.74128e-09
148 5.74128e-09
149 5.74128e-09
150 5.74128e-09
151 5.74128e-09
152 5.74128e-09
153 5.74128e-09
154 5.74128e-09
155 5.74128e-09
156 5.74128e-09
157 5.74128e-09
158 5.74128e-09
159 5.74128e-09
160 5.74128e-09
161 5.74128e-09
162 5.74128e-09
163 5.74128e-09
164 5.74128e-09
165 5.74128e-09
166 5.74128e-09
167 5.74128e-09
168 5.74128e-09
169 5.74128e-09
170 5.74128e-09
171 5.74128e-09
172 5.74128e-09
173 5.74128e-09
174 5.74128e-09
175 5.74128e-09
176 5.74128e-09
177 5.74128e-09
178 5.74128e-09
179 5.74128e-09
180 5.74128e-09
181 5.74128e-09
182 5.74128e-09
183 5.74128e-09
184 5.74128e-09
185 5.74128e-09
186 5.74128e-09
187 5.74128e-09
188 5.74128e-09
189 5.74128e-09
190 5.74128e-09
191 5.74128e-09
192 5.74128e-09
193 5.74128e-09
194 5.74128e-09
195 5.74128e-09
196 5.74128e-09
197 5.74128e-09
198 5.74128e-09
199 5.74128e-09
200 5.74128e-09
201 5.74128e-09
202 5.74128e-09
203 5.74128e-09
204 5.74128e-09
205 5.74128e-09
206 5.74128e-09
207 5.74128e-09
208 5.74128e-09
209 5.74128e-09
210 5.74128e-09
211 5.74128e-09
212 5.74128e-09
213 5.74128e-09
214 5.74128e-09
215 5.74128e-09
216 5.74128e-09
217 5.74128e-09
218 5.74128e-09
219 5.74128e-09
220 5.74128e-09
221 5.74128e-09
222 5.74128e-09
223 5.74128e-09
224 5.74128e-09
225 5.74128e-09
226 5.74128e-09
227 5.74128e-09
228 5.74128e-09
229 5.74128e-09
230 5.74128e-09
231 6.6429e-09
232 1.49681e-08
233 4.54576e-08
234 1.41122e-07
235 4.21199e-07
236 1.21681e-06
237 3.42237e-06
238 9.39811e-06
239 2.52442e-05
240 6.64023e-05
241 0.000171223
242 0.0004332
243 0.00107616
244 0.00262604
245 0.00629436
246 0.0148117
247 0.0341836
248 0.0772589
249 0.17069
250 0.367888
251 0.771893
252 0.918433
253 0.96979
254 0.987146
255 0.992792
256 0.994558
257 0.997456
258 0.99829
259 0.999549
260 0.999881
261 0.999966
262 0.999986
263 0.999991
264 0.999997
265 0.999998
266 0.999999
267 1
268 0.999999
269 0.999999
270 0.999999
271 1
272 1
273 1
274 1
275 1
276 1
277 1
278 1
279 1
280 1
281 0.999999
282 0.999998
283 0.999996
284 0.999995
285 0.999988
286 0.999956
287 0.999814
288 0.999204
289 0.996694
290 0.986808
291 0.979991
292 0.955384
293 0.939844
294 0.888462
295 0.85872
296 0.842226
297 0.794262
298 0.660438
299 0.301897
300 0.133098
301 0.0566417
302 0.0232895
303 0.00926171
304 0.00356639
305 0.00133144
306 0.000482584
307 0.00017008
308 5.83843e-05
309 1.95568e-05
310 6.40403e-06
311 2.05263e-06
312 6.44129e-07
313 1.96947e-07
314 5.80553e-08
315 1.64008e-08
316 6.39044e-09
317 5.74128e-09
318 5.74128e-09
319 5.74128e-09
320 5.74128e-09
321 5.74128e-09
322 5.74128e-09
323 5.74128e-09
324 5.74128e-09
325 5.74128e-09
326 5.74128e-09
327 5.74128e-09
328 5.74128e-09
329 5.74128e-09
330 5.74128e-09
331 5.74128e-09
332 5.74128e-09
333 5.74128e-09
334 5.74128e-09
335 5.74128e-09
336 5.74128e-09
337 5.74128e-09
338 5.74128e-09
339 5.74128e-09
340 5.74128e-09
341 5.74128e-09
342 5.74128e-09
343 5.74128e-09
344 5.74128e-09
345 5.74128e-09
346 5.74128e-09
347 5.74128e-09
348 5.74128e-09
349 5.74128e-09
350 5.74128e-09
351 5.74128e-09
352 5.74128e-09
353 5.74128e-09
354 5.74128e-09
355 5.74128e-09
356 5.74128e-09
357 5.74128e-09
358 5.74128e-09
359 5.74128e-09
360 5.74128e-09
361 5.74128e-09
362 5.74128e-09
363 5.74128e-09
364 5.74128e-09
365 5.74128e-09
366 5.74128e-09
367 5.74128e-09
368 5.74128e-09
369 5.74128e-09
370 5.74128e-09
371 5.74128e-09
372 5.74128e-09
373 5.74128e-09
374 5.74128e-09
375 5.74128e-09
376 5.74128e-09
377 5.74128e-09
378 5.74128e-09
379 5.74128e-09
380 5.74128e-09
381 5.74128e-09
382 5.74128e-09
383 5.74128e-09
384 5.74128e-09
385 5.74128e-09
386 5.74128e-09
387 5.74128e-09
388 5.74128e-09
389 5.74128e-09
390 5.74128e-09
391 5.74128e-09
392 5.74128e-09
393 5.74128e-09
394 5.74128e-09
395 5.74128e-09
396 5.74128e-09
397 5.74128e-09
398 5.74128e-09
399 5.74128e-09
400 5.74128e-09
401 5.74128e-09
402 5.74128e-09
403 5.74128e-09
404 5.74128e-09
405 5.74128e-09
406 5.74128e-09
407 5.74128e-09
408 5.74128e-09
409 5.74128e-09
410 5.74128e-09
411 5.74128e-09
412 5.74128e-09
413 5.74128e-09
414 5.74128e-09
415 5.74128e-09
416 5.74128e-09
417 5.74128e-09
418 5.74128e-09
419 5.74128e-09
420 5.74128e-09
421 5.74128e-09
422 5.74128e-09
423 5.74128e-09
424 5.74128e-09
425 5.74128e-09
426 5.74128e-09
427 5.74128e-09
428 5.74128e-09
429 5.74128e-09
430 5.74128e-09
431 5.74128e-09
432 5.74128e-09
433 5.74128e-09
434 5.74128e-09
435 5.74128e-09
436 5.74128e-09
437 5.74128e-09
438 5.74128e-09
439 5.74128e-09
440 5.74128e-09
441 5.74128e-09
442 5.74128e-09
443 5.74128e-09
444 5.74128e-09
445 5.74128e-09
446 5.74128e-09
447 5.74128e-09
448 5.74128e-09
449 5.74128e-09
450 5.74128e-09
451 5.74128e-09
452 5.74128e-09
453 5.74128e-09
454 5.74128e-09
455 5.74128e-09
456 5.74128e-09
457 5.74128e-09
458 5.74128e-09
459 5.74128e-09
460 5.74128e-09
461 5.74128e-09
462 5.74128e-09
463 5.74128e-09
464 5.74128e-09
465 5.74128e-09
466 5.74128e-09
467 5.74128e-09
468 5.74128e-09
469 5.74128e-09
470 5.74128e-09
471 5.74128e-09
472 5.74128e-09
473 5.74128e-09
474 5.74128e-09
475 5.74128e-09
476 5.74128e-09
477 5.74128e-09
478 5.74128e-09
479 5.74128e-09
480 5.74128e-09
481 5.74128e-09
482 5.74128e-09
483 5.74128e-09
484 5.74128e-09
485 5.74128e-09
486 5.74128e-09
487 5.74128e-09
488 5.74128e-09
489 5.74128e-09
490 5.74128e-09
491 5.74128e-09
492 5.74128e-09
493 5.74128e-09
494 5.74128e-09
495 5.74128e-09
496 5.74128e-09
497 5.74128e-09
498 5.74128e-09
499 5.74128e-09
500 5.74128e-09
501 5.74128e-09
502 5.74128e-09
503 5.74128e-09
504 5.74128e-09
505 5.74128e-09
506 5.74128e-09
507 5.74128e-09
508 5.74128e-09
509 5.74128e-09
510 5.74128e-09
511 5.74128e-09
512 5.74128e-09
513 5.74128e-09
514 5.74128e-09
515 5.74128e-09
516 5.74128e-09
517 5.74128e-09
518 5.74128e-09
519 5.74128e-09
520 5.74128e-09
521 5.74128e-09
522 5.74128e-09
523 5.74128e-09
524 5.74128e-09
525 5.74128e-09
526 5.74128e-09
527 5.74128e-09
528 5.74128e-09
529 5.74128e-09
530 5.74128e-09
531 5.74128e-09
532 5.74128e-09
533 5.74128e-09
534 5.74128e-09
535 5.74128e-09
536 5.74128e-09
537 5.74128e-09
538 5.74128e-09
539 5.74128e-09
540 5.74128e-09
541 5.74128e-09
542 5.74128e-09
543 5.74128e-09
544 5.74128e-09
545 5.74128e-09
546 5.74128e-09
547 5.74128e-09
548 5.74128e-09
549 5.74128e-09
550 5.74128e-09
551 5.74128e-09
552 5.74128e-09
