1 1.83887e-08
2 1.83887e-08
3 1.83887e-08
4 1.83887e-08
5 1.83887e-08
6 1.83887e-08
7 1.83887e-08
8 1.83887e-08
9 1.83887e-08
10 1.83887e-08
11 1.83887e-08
12 1.83887e-08
13 1.83887e-08
14 1.83887e-08
15 1.83887e-08
16 1.83887e-08
17 1.83887e-08
18 1.83887e-08
19 1.83887e-08
20 1.83887e-08
21 1.83887e-08
22 1.83887e-08
23 1.83887e-08
24 1.83887e-08
25 1.83887e-08
26 1.83887e-08
27 1.83887e-08
28 1.83887e-08
29 1.83887e-08
30 1.83887e-08
31 1.83887e-08
32 1.83887e-08
33 1.83887e-08
34 1.83887e-08
35 1.83887e-08
36 1.83887e-08
37 1.83887e-08
38 1.83887e-08
39 1.83887e-08
40 1.83887e-08
41 1.83887e-08
42 1.83887e-08
43 1.83887e-08
44 1.83887e-08
45 1.83887e-08
46 1.83887e-08
47 1.83887e-08
48 1.83887e-08
49 1.83887e-08
50 1.83887e-08
51 1.83887e-08
52 1.83887e-08
53 1.83887e-08
54 1.83887e-08
55 1.83887e-08
56 1.83887e-08
57 1.83887e-08
58 1.83887e-08
59 1.83887e-08
60 1.83887e-08
61 1.83887e-08
62 1.83887e-08
63 1.83887e-08
64 1.83887e-08
65 1.83887e-08
66 1.83887e-08
67 1.83887e-08
68 1.83887e-08
69 1.83887e-08
70 1.83887e-08
71 1.83887e-08
72 1.83887e-08
73 1.83887e-08
74 1.83887e-08
75 1.83887e-08
76 1.83887e-08
77 1.83887e-08
78 1.83887e-08
79 1.83887e-08
80 1.83887e-08
81 1.83887e-08
82 1.83887e-08
83 1.83887e-08
84 1.83887e-08
85 1.83887e-08
86 1.83887e-08
87 1.83887e-08
88 1.83887e-08
89 1.83887e-08
90 1.83887e-08
91 1.83887e-08
92 1.83887e-08
93 1.83887e-08
94 1.83887e-08
95 1.83887e-08
96 1.83887e-08
97 1.83887e-08
98 1.83887e-08
99 1.83887e-08
100 1.83887e-08
101 1.83887e-08
102 1.83887e-08
103 1.83887e-08
104 1.83887e-08
105 1.83887e-08
106 1.83887e-08
107 1.83887e-08
108 1.83887e-08
109 1.83887e-08
110 1.83887e-08
111 1.83887e-08
112 1.83887e-08
113 1.83887e-08
114 1.83887e-08
115 1.83887e-08
116 1.83887e-08
117 1.83887e-08
118 1.83887e-08
119 1.83887e-08
120 1.83887e-08
121 1.83887e-08
122 1.83887e-08
123 1.83887e-08
124 1.83887e-08
125 1.83887e-08
126 1.83887e-08
127 1.83887e-08
128 1.83887e-08
129 1.83887e-08
130 1.83887e-08
131 1.83887e-08
132 1.83887e-08
133 1.83887e-08
134 1.83887e-08
135 1.83887e-08
136 1.83887e-08
137 1.83887e-08
138 1.83887e-08
139 1.83887e-08
140 1.83887e-08
141 1.83887e-08
142 1.83887e-08
143 1.83887e-08
144 1.83887e-08
145 1.83887e-08
146 1.83887e-08
147 1.83887e-08
148 1.83887e-08
149 1.83887e-08
150 1.83887e-08
151 1.83887e-08
152 1.83887e-08
153 1.83887e-08
154 1.83887e-08
155 1.83887e-08
156 1.83887e-08
157 1.83887e-08
158 1.83887e-08
159 1.83887e-08
160 1.83887e-08
161 1.83887e-08
162 1.83887e-08
163 1.83887e-08
164 1.83887e-08
165 1.83887e-08
166 1.83887e-08
167 1.83887e-08
168 1.83887e-08
169 1.83887e-08
170 1.83887e-08
171 1.83887e-08
172 1.83887e-08
173 1.83887e-08
174 1.83887e-08
175 1.83887e-08
176 1.83887e-08
177 1.83887e-08
178 1.83887e-08
179 1.83887e-08
180 1.83887e-08
181 1.83887e-08
182 1.83887e-08
183 1.83887e-08
184 1.83887e-08
185 1.83887e-08
186 1.83887e-08
187 1.83887e-08
188 1.83887e-08
189 1.83887e-08
190 1.83887e-08
191 1.83887e-08
192 1.83887e-08
193 1.83887e-08
194 1.83887e-08
195 1.83887e-08
196 1.83887e-08
197 1.83887e-08
198 1.83887e-08
199 1.83887e-08
200 1.83887e-08
201 1.83887e-08
202 1.83887e-08
203 1.83887e-08
204 1.83887e-08
205 1.83887e-08
206 1.83887e-08
207 1.83887e-08
208 1.83887e-08
209 1.83887e-08
210 1.83887e-08
211 1.83887e-08
212 1.83887e-08
213 1.83887e-08
214 1.83887e-08
215 1.83887e-08
216 1.83887e-08
217 1.83887e-08
218 1.83887e-08
219 1.83887e-08
220 1.83887e-08
221 1.83887e-08
222 1.83887e-08
223 1.83887e-08
224 1.83887e-08
225 1.83887e-08
226 1.83887e-08
227 1.83887e-08
228 1.83887e-08
229 1.83887e-08
230 1.83887e-08
231 1.83887e-08
232 1.83887e-08
233 1.83887e-08
234 1.83887e-08
235 1.9092e-08
236 2.41215e-08
237 4.23638e-08
238 1.02696e-07
239 2.96472e-07
240 9.07834e-07
241 2.79415e-06
242 8.48891e-06
243 2.52913e-05
244 7.37112e-05
245 0.000210035
246 0.000585796
247 0.00160415
248 0.00433769
249 0.0116862
250 0.0317588
251 0.0883315
252 0.118754
253 0.13587
254 0.145876
255 0.151877
256 0.155518
257 0.167734
258 0.175185
259 0.200285
260 0.215604
261 0.224679
262 0.229071
263 0.227951
264 0.237437
265 0.237259
266 0.257466
267 0.261885
268 0.246648
269 0.260822
270 0.327097
271 0.525126
272 0.622688
273 0.666111
274 0.792723
275 0.849078
276 0.870191
277 0.871799
278 0.859379
279 0.832323
280 0.829
281 0.816881
282 0.793981
283 0.788562
284 0.790224
285 0.787246
286 0.779042
287 0.761336
288 0.723694
289 0.643581
290 0.474627
291 0.410741
292 0.282021
293 0.236013
294 0.148868
295 0.119632
296 0.110117
297 0.0936448
298 0.0658074
299 0.0196544
300 0.00584553
301 0.00174044
302 0.000520453
303 0.000156415
304 4.71702e-05
305 1.42395e-05
306 4.29819e-06
307 1.30203e-06
308 4.01858e-07
309 1.31835e-07
310 5.06424e-08
311 2.65037e-08
312 1.99179e-08
313 1.85609e-08
314 1.83887e-08
315 1.83887e-08
316 1.83887e-08
317 1.83887e-08
318 1.83887e-08
319 1.83887e-08
320 1.83887e-08
321 1.83887e-08
322 1.83887e-08
323 1.83887e-08
324 1.83887e-08
325 1.83887e-08
326 1.83887e-08
327 1.83887e-08
328 1.83887e-08
329 1.83887e-08
330 1.83887e-08
331 1.83887e-08
332 1.83887e-08
333 1.83887e-08
334 1.83887e-08
335 1.83887e-08
336 1.83887e-08
337 1.83887e-08
338 1.83887e-08
339 1.83887e-08
340 1.83887e-08
341 1.83887e-08
342 1.83887e-08
343 1.83887e-08
344 1.83887e-08
345 1.83887e-08
346 1.83887e-08
347 1.83887e-08
348 1.83887e-08
349 1.83887e-08
350 1.83887e-08
351 1.83887e-08
352 1.83887e-08
353 1.83887e-08
354 1.83887e-08
355 1.83887e-08
356 1.83887e-08
357 1.83887e-08
358 1.83887e-08
359 1.83887e-08
360 1.83887e-08
361 1.83887e-08
362 1.83887e-08
363 1.83887e-08
364 1.83887e-08
365 1.83887e-08
366 1.83887e-08
367 1.83887e-08
368 1.83887e-08
369 1.83887e-08
370 1.83887e-08
371 1.83887e-08
372 1.83887e-08
373 1.83887e-08
374 1.83887e-08
375 1.83887e-08
376 1.83887e-08
377 1.83887e-08
378 1.83887e-08
379 1.83887e-08
380 1.83887e-08
381 1.83887e-08
382 1.83887e-08
383 1.83887e-08
384 1.83887e-08
385 1.83887e-08
386 1.83887e-08
387 1.83887e-08
388 1.83887e-08
389 1.83887e-08
390 1.83887e-08
391 1.83887e-08
392 1.83887e-08
393 1.83887e-08
394 1.83887e-08
395 1.83887e-08
396 1.83887e-08
397 1.83887e-08
398 1.83887e-08
399 1.83887e-08
400 1.83887e-08
401 1.83887e-08
402 1.83887e-08
403 1.83887e-08
404 1.83887e-08
405 1.83887e-08
406 1.83887e-08
407 1.83887e-08
408 1.83887e-08
409 1.83887e-08
410 1.83887e-08
411 1.83887e-08
412 1.83887e-08
413 1.83887e-08
414 1.83887e-08
415 1.83887e-08
416 1.83887e-08
417 1.83887e-08
418 1.83887e-08
419 1.83887e-08
420 1.83887e-08
421 1.83887e-08
422 1.83887e-08
423 1.83887e-08
424 1.83887e-08
425 1.83887e-08
426 1.83887e-08
427 1.83887e-08
428 1.83887e-08
429 1.83887e-08
430 1.83887e-08
431 1.83887e-08
432 1.83887e-08
433 1.83887e-08
434 1.83887e-08
435 1.83887e-08
436 1.83887e-08
437 1.83887e-08
438 1.83887e-08
439 1.83887e-08
440 1.83887e-08
441 1.83887e-08
442 1.83887e-08
443 1.83887e-08
444 1.83887e-08
445 1.83887e-08
446 1.83887e-08
447 1.83887e-08
448 1.83887e-08
449 1.83887e-08
450 1.83887e-08
451 1.83887e-08
452 1.83887e-08
453 1.83887e-08
454 1.83887e-08
455 1.83887e-08
456 1.83887e-08
457 1.83887e-08
458 1.83887e-08
459 1.83887e-08
460 1.83887e-08
461 1.83887e-08
462 1.83887e-08
463 1.83887e-08
464 1.83887e-08
465 1.83887e-08
466 1.83887e-08
467 1.83887e-08
468 1.83887e-08
469 1.83887e-08
470 1.83887e-08
471 1.83887e-08
472 1.83887e-08
473 1.83887e-08
474 1.83887e-08
475 1.83887e-08
476 1.83887e-08
477 1.83887e-08
478 1.83887e-08
479 1.83887e-08
480 1.83887e-08
481 1.83887e-08
482 1.83887e-08
483 1.83887e-08
484 1.83887e-08
485 1.83887e-08
486 1.83887e-08
487 1.83887e-08
488 1.83887e-08
489 1.83887e-08
490 1.83887e-08
491 1.83887e-08
492 1.83887e-08
493 1.83887e-08
494 1.83887e-08
495 1.83887e-08
496 1.83887e-08
497 1.83887e-08
498 1.83887e-08
499 1.83887e-08
500 1.83887e-08
501 1.83887e-08
502 1.83887e-08
503 1.83887e-08
504 1.83887e-08
505 1.83887e-08
506 1.83887e-08
507 1.83887e-08
508 1.83887e-08
509 1.83887e-08
510 1.83887e-08
511 1.83887e-08
512 1.83887e-08
513 1.83887e-08
514 1.83887e-08
515 1.83887e-08
516 1.83887e-08
517 1.83887e-08
518 1.83887e-08
519 1.83887e-08
520 1.83887e-08
521 1.83887e-08
522 1.83887e-08
523 1.83887e-08
524 1.83887e-08
525 1.83887e-08
526 1.83887e-08
527 1.83887e-08
528 1.83887e-08
529 1.83887e-08
530 1.83887e-08
531 1.83887e-08
532 1.83887e-08
533 1.83887e-08
534 1.83887e-08
535 1.83887e-08
536 1.83887e-08
537 1.83887e-08
538 1.83887e-08
539 1.83887e-08
540 1.83887e-08
541 1.83887e-08
542 1.83887e-08
543 1.83887e-08
544 1.83887e-08
545 1.83887e-08
546 1.83887e-08
547 1.83887e-08
548 1.83887e-08
549 1.83887e-08
550 1.83887e-08
551 1.83887e-08
552 1.83887e-08
