1 3.58085e-09
2 3.58085e-09
3 3.58085e-09
4 3.58085e-09
5 3.58085e-09
6 3.58085e-09
7 3.58085e-09
8 3.58085e-09
9 3.58085e-09
10 3.58085e-09
11 3.58085e-09
12 3.58085e-09
13 3.58085e-09
14 3.58085e-09
15 3.58085e-09
16 3.58085e-09
17 3.58085e-09
18 3.58085e-09
19 3.58085e-09
20 3.58085e-09
21 3.58085e-09
22 3.58085e-09
23 3.58085e-09
24 3.58085e-09
25 3.58085e-09
26 3.58085e-09
27 3.58085e-09
28 3.58085e-09
29 3.58085e-09
30 3.58085e-09
31 3.58085e-09
32 3.58085e-09
33 3.58085e-09
34 3.58085e-09
35 3.58085e-09
36 3.58085e-09
37 3.58085e-09
38 3.58085e-09
39 3.58085e-09
40 3.58085e-09
41 3.58085e-09
42 3.58085e-09
43 3.58085e-09
44 3.58085e-09
45 3.58085e-09
46 3.58085e-09
47 3.58085e-09
48 3.58085e-09
49 3.58085e-09
50 3.58085e-09
51 3.58085e-09
52 3.58085e-09
53 3.58085e-09
54 3.58085e-09
55 3.58085e-09
56 3.58085e-09
57 3.58085e-09
58 3.58085e-09
59 3.58085e-09
60 3.58085e-09
61 3.58085e-09
62 3.58085e-09
63 3.58085e-09
64 3.58085e-09
65 3.58085e-09
66 3.58085e-09
67 3.58085e-09
68 3.58085e-09
69 3.58085e-09
70 3.58085e-09
71 3.58085e-09
72 3.58085e-09
73 3.58085e-09
74 3.58085e-09
75 3.58085e-09
76 3.58085e-09
77 3.58085e-09
78 3.58085e-09
79 3.58085e-09
80 3.58085e-09
81 3.58085e-09
82 3.58085e-09
83 3.58085e-09
84 3.58085e-09
85 3.58085e-09
86 3.58085e-09
87 3.58085e-09
88 3.58085e-09
89 3.58085e-09
90 3.58085e-09
91 3.58085e-09
92 3.58085e-09
93 3.58085e-09
94 3.58085e-09
95 3.58085e-09
96 3.58085e-09
97 3.58085e-09
98 3.58085e-09
99 3.58085e-09
100 3.58085e-09
101 3.58085e-09
102 3.58085e-09
103 3.58085e-09
104 3.58085e-09
105 3.58085e-09
106 3.58085e-09
107 3.58085e-09
108 3.58085e-09
109 3.58085e-09
110 3.58085e-09
111 3.58085e-09
112 3.58085e-09
113 3.58085e-09
114 3.58085e-09
115 3.58085e-09
116 3.58085e-09
117 3.58085e-09
118 3.58085e-09
119 3.58085e-09
120 3.58085e-09
121 3.58085e-09
122 3.58085e-09
123 3.58085e-09
124 3.58085e-09
125 3.58085e-09
126 3.58085e-09
127 3.58085e-09
128 3.58085e-09
129 3.58085e-09
130 3.58085e-09
131 3.58085e-09
132 3.58085e-09
133 3.58085e-09
134 3.58085e-09
135 3.58085e-09
136 3.58085e-09
137 3.58085e-09
138 3.58085e-09
139 3.58085e-09
140 3.58085e-09
141 3.58085e-09
142 3.58085e-09
143 3.58085e-09
144 3.58085e-09
145 3.58085e-09
146 3.58085e-09
147 3.58085e-09
148 3.58085e-09
149 3.58085e-09
150 3.58085e-09
151 3.58085e-09
152 3.58085e-09
153 3.58085e-09
154 3.58085e-09
155 3.58085e-09
156 3.58085e-09
157 3.58085e-09
158 3.58085e-09
159 3.58085e-09
160 3.58085e-09
161 3.58085e-09
162 3.58085e-09
163 3.58085e-09
164 3.58085e-09
165 3.58085e-09
166 3.58085e-09
167 3.58085e-09
168 3.58085e-09
169 3.58085e-09
170 3.58085e-09
171 3.58085e-09
172 3.58085e-09
173 3.58085e-09
174 3.58085e-09
175 3.58085e-09
176 3.58085e-09
177 3.58085e-09
178 3.58085e-09
179 3.58085e-09
180 3.58085e-09
181 3.58085e-09
182 3.58085e-09
183 3.58085e-09
184 3.58085e-09
185 3.58085e-09
186 3.58085e-09
187 3.58085e-09
188 3.58085e-09
189 3.58085e-09
190 3.58085e-09
191 3.58085e-09
192 3.58085e-09
193 3.58085e-09
194 3.58085e-09
195 3.58085e-09
196 3.58085e-09
197 3.58085e-09
198 3.58085e-09
199 3.58085e-09
200 3.58085e-09
201 3.58085e-09
202 3.58085e-09
203 3.58085e-09
204 3.58085e-09
205 3.58085e-09
206 3.58085e-09
207 3.58085e-09
208 3.58085e-09
209 3.58085e-09
210 3.58085e-09
211 3.58085e-09
212 3.58085e-09
213 3.58085e-09
214 3.58085e-09
215 3.58085e-09
216 3.58085e-09
217 3.58085e-09
218 3.58085e-09
219 3.58085e-09
220 3.58085e-09
221 3.58085e-09
222 3.58085e-09
223 3.58085e-09
224 3.58085e-09
225 3.58085e-09
226 3.58085e-09
227 3.58085e-09
228 3.58085e-09
229 3.58085e-09
230 3.58085e-09
231 3.58085e-09
232 3.58085e-09
233 3.58085e-09
234 3.83343e-09
235 7.79637e-09
236 2.54587e-08
237 8.79709e-08
238 3.00246e-07
239 1.01154e-06
240 3.37121e-06
241 1.11188e-05
242 3.62294e-05
243 0.00011632
244 0.000366996
245 0.00113515
246 0.00343564
247 0.0101611
248 0.0293438
249 0.0827241
250 0.22772
251 0.612523
252 0.795176
253 0.880108
254 0.918848
255 0.936197
256 0.943829
257 0.961855
258 0.969489
259 0.986787
260 0.993781
261 0.996532
262 0.997581
263 0.997968
264 0.99872
265 0.998977
266 0.999437
267 0.999582
268 0.999624
269 0.999692
270 0.999794
271 0.99994
272 0.999977
273 0.999985
274 0.999997
275 0.999999
276 0.999997
277 0.999989
278 0.999953
279 0.999808
280 0.999707
281 0.99934
282 0.998063
283 0.997292
284 0.996847
285 0.99551
286 0.991668
287 0.981128
288 0.953465
289 0.883933
290 0.716353
291 0.645454
292 0.487701
293 0.425901
294 0.29816
295 0.251508
296 0.235009
297 0.204037
298 0.147469
299 0.0466818
300 0.0145509
301 0.00448913
302 0.00137987
303 0.000426192
304 0.000133628
305 4.29919e-05
306 1.43168e-05
307 4.95147e-06
308 1.77159e-06
309 6.4899e-07
310 2.39789e-07
311 8.78653e-08
312 3.18185e-08
313 1.2099e-08
314 5.70643e-09
315 3.83343e-09
316 3.58085e-09
317 3.58085e-09
318 3.58085e-09
319 3.58085e-09
320 3.58085e-09
321 3.58085e-09
322 3.58085e-09
323 3.58085e-09
324 3.58085e-09
325 3.58085e-09
326 3.58085e-09
327 3.58085e-09
328 3.58085e-09
329 3.58085e-09
330 3.58085e-09
331 3.58085e-09
332 3.58085e-09
333 3.58085e-09
334 3.58085e-09
335 3.58085e-09
336 3.58085e-09
337 3.58085e-09
338 3.58085e-09
339 3.58085e-09
340 3.58085e-09
341 3.58085e-09
342 3.58085e-09
343 3.58085e-09
344 3.58085e-09
345 3.58085e-09
346 3.58085e-09
347 3.58085e-09
348 3.58085e-09
349 3.58085e-09
350 3.58085e-09
351 3.58085e-09
352 3.58085e-09
353 3.58085e-09
354 3.58085e-09
355 3.58085e-09
356 3.58085e-09
357 3.58085e-09
358 3.58085e-09
359 3.58085e-09
360 3.58085e-09
361 3.58085e-09
362 3.58085e-09
363 3.58085e-09
364 3.58085e-09
365 3.58085e-09
366 3.58085e-09
367 3.58085e-09
368 3.58085e-09
369 3.58085e-09
370 3.58085e-09
371 3.58085e-09
372 3.58085e-09
373 3.58085e-09
374 3.58085e-09
375 3.58085e-09
376 3.58085e-09
377 3.58085e-09
378 3.58085e-09
379 3.58085e-09
380 3.58085e-09
381 3.58085e-09
382 3.58085e-09
383 3.58085e-09
384 3.58085e-09
385 3.58085e-09
386 3.58085e-09
387 3.58085e-09
388 3.58085e-09
389 3.58085e-09
390 3.58085e-09
391 3.58085e-09
392 3.58085e-09
393 3.58085e-09
394 3.58085e-09
395 3.58085e-09
396 3.58085e-09
397 3.58085e-09
398 3.58085e-09
399 3.58085e-09
400 3.58085e-09
401 3.58085e-09
402 3.58085e-09
403 3.58085e-09
404 3.58085e-09
405 3.58085e-09
406 3.58085e-09
407 3.58085e-09
408 3.58085e-09
409 3.58085e-09
410 3.58085e-09
411 3.58085e-09
412 3.58085e-09
413 3.58085e-09
414 3.58085e-09
415 3.58085e-09
416 3.58085e-09
417 3.58085e-09
418 3.58085e-09
419 3.58085e-09
420 3.58085e-09
421 3.58085e-09
422 3.58085e-09
423 3.58085e-09
424 3.58085e-09
425 3.58085e-09
426 3.58085e-09
427 3.58085e-09
428 3.58085e-09
429 3.58085e-09
430 3.58085e-09
431 3.58085e-09
432 3.58085e-09
433 3.58085e-09
434 3.58085e-09
435 3.58085e-09
436 3.58085e-09
437 3.58085e-09
438 3.58085e-09
439 3.58085e-09
440 3.58085e-09
441 3.58085e-09
442 3.58085e-09
443 3.58085e-09
444 3.58085e-09
445 3.58085e-09
446 3.58085e-09
447 3.58085e-09
448 3.58085e-09
449 3.58085e-09
450 3.58085e-09
451 3.58085e-09
452 3.58085e-09
453 3.58085e-09
454 3.58085e-09
455 3.58085e-09
456 3.58085e-09
457 3.58085e-09
458 3.58085e-09
459 3.58085e-09
460 3.58085e-09
461 3.58085e-09
462 3.58085e-09
463 3.58085e-09
464 3.58085e-09
465 3.58085e-09
466 3.58085e-09
467 3.58085e-09
468 3.58085e-09
469 3.58085e-09
470 3.58085e-09
471 3.58085e-09
472 3.58085e-09
473 3.58085e-09
474 3.58085e-09
475 3.58085e-09
476 3.58085e-09
477 3.58085e-09
478 3.58085e-09
479 3.58085e-09
480 3.58085e-09
481 3.58085e-09
482 3.58085e-09
483 3.58085e-09
484 3.58085e-09
485 3.58085e-09
486 3.58085e-09
487 3.58085e-09
488 3.58085e-09
489 3.58085e-09
490 3.58085e-09
491 3.58085e-09
492 3.58085e-09
493 3.58085e-09
494 3.58085e-09
495 3.58085e-09
496 3.58085e-09
497 3.58085e-09
498 3.58085e-09
499 3.58085e-09
500 3.58085e-09
501 3.58085e-09
502 3.58085e-09
503 3.58085e-09
504 3.58085e-09
505 3.58085e-09
506 3.58085e-09
507 3.58085e-09
508 3.58085e-09
509 3.58085e-09
510 3.58085e-09
511 3.58085e-09
512 3.58085e-09
513 3.58085e-09
514 3.58085e-09
515 3.58085e-09
516 3.58085e-09
517 3.58085e-09
518 3.58085e-09
519 3.58085e-09
520 3.58085e-09
521 3.58085e-09
522 3.58085e-09
523 3.58085e-09
524 3.58085e-09
525 3.58085e-09
526 3.58085e-09
527 3.58085e-09
528 3.58085e-09
529 3.58085e-09
530 3.58085e-09
531 3.58085e-09
532 3.58085e-09
533 3.58085e-09
534 3.58085e-09
535 3.58085e-09
536 3.58085e-09
537 3.58085e-09
538 3.58085e-09
539 3.58085e-09
540 3.58085e-09
541 3.58085e-09
542 3.58085e-09
543 3.58085e-09
544 3.58085e-09
545 3.58085e-09
546 3.58085e-09
547 3.58085e-09
548 3.58085e-09
549 3.58085e-09
550 3.58085e-09
551 3.58085e-09
552 3.58085e-09
