1 1.13839e-09
2 1.13839e-09
3 1.13839e-09
4 1.13839e-09
5 1.13839e-09
6 1.13839e-09
7 1.13839e-09
8 1.13839e-09
9 1.13839e-09
10 1.13839e-09
11 1.13839e-09
12 1.13839e-09
13 1.13839e-09
14 1.13839e-09
15 1.13839e-09
16 1.13839e-09
17 1.13839e-09
18 1.13839e-09
19 1.13839e-09
20 1.13839e-09
21 1.13839e-09
22 1.13839e-09
23 1.13839e-09
24 1.13839e-09
25 1.13839e-09
26 1.13839e-09
27 1.13839e-09
28 1.13839e-09
29 1.13839e-09
30 1.13839e-09
31 1.13839e-09
32 1.13839e-09
33 1.13839e-09
34 1.13839e-09
35 1.13839e-09
36 1.13839e-09
37 1.13839e-09
38 1.13839e-09
39 1.13839e-09
40 1.13839e-09
41 1.13839e-09
42 1.13839e-09
43 1.13839e-09
44 1.13839e-09
45 1.13839e-09
46 1.13839e-09
47 1.13839e-09
48 1.13839e-09
49 1.13839e-09
50 1.13839e-09
51 1.13839e-09
52 1.13839e-09
53 1.13839e-09
54 1.13839e-09
55 1.13839e-09
56 1.13839e-09
57 1.13839e-09
58 1.13839e-09
59 1.13839e-09
60 1.13839e-09
61 1.13839e-09
62 1.13839e-09
63 1.13839e-09
64 1.13839e-09
65 1.13839e-09
66 1.13839e-09
67 1.13839e-09
68 1.13839e-09
69 1.13839e-09
70 1.13839e-09
71 1.13839e-09
72 1.13839e-09
73 1.13839e-09
74 1.13839e-09
75 1.13839e-09
76 1.13839e-09
77 1.13839e-09
78 1.13839e-09
79 1.13839e-09
80 1.13839e-09
81 1.13839e-09
82 1.13839e-09
83 1.13839e-09
84 1.13839e-09
85 1.13839e-09
86 1.13839e-09
87 1.13839e-09
88 1.13839e-09
89 1.13839e-09
90 1.13839e-09
91 1.13839e-09
92 1.13839e-09
93 1.13839e-09
94 1.13839e-09
95 1.13839e-09
96 1.13839e-09
97 1.13839e-09
98 1.13839e-09
99 1.13839e-09
100 1.13839e-09
101 1.13839e-09
102 1.13839e-09
103 1.13839e-09
104 1.13839e-09
105 1.13839e-09
106 1.13839e-09
107 1.13839e-09
108 1.13839e-09
109 1.13839e-09
110 1.13839e-09
111 1.13839e-09
112 1.13839e-09
113 1.13839e-09
114 1.13839e-09
115 1.13839e-09
116 1.13839e-09
117 1.13839e-09
118 1.13839e-09
119 1.13839e-09
120 1.13839e-09
121 1.13839e-09
122 1.13839e-09
123 1.13839e-09
124 1.13839e-09
125 1.13839e-09
126 1.13839e-09
127 1.13839e-09
128 1.13839e-09
129 1.13839e-09
130 1.13839e-09
131 1.13839e-09
132 1.13839e-09
133 1.13839e-09
134 1.13839e-09
135 1.13839e-09
136 1.13839e-09
137 1.13839e-09
138 1.13839e-09
139 1.13839e-09
140 1.13839e-09
141 1.13839e-09
142 1.13839e-09
143 1.13839e-09
144 1.13839e-09
145 1.13839e-09
146 1.13839e-09
147 1.13839e-09
148 1.13839e-09
149 1.13839e-09
150 1.13839e-09
151 1.13839e-09
152 1.13839e-09
153 1.13839e-09
154 1.13839e-09
155 1.13839e-09
156 1.13839e-09
157 1.13839e-09
158 1.13839e-09
159 1.13839e-09
160 1.13839e-09
161 1.13839e-09
162 1.13839e-09
163 1.13839e-09
164 1.13839e-09
165 1.13839e-09
166 1.13839e-09
167 1.13839e-09
168 1.13839e-09
169 1.13839e-09
170 1.13839e-09
171 1.13839e-09
172 1.13839e-09
173 1.13839e-09
174 1.13839e-09
175 1.13839e-09
176 1.13839e-09
177 1.13839e-09
178 1.13839e-09
179 1.13839e-09
180 1.13839e-09
181 1.13839e-09
182 1.13839e-09
183 1.13839e-09
184 1.13839e-09
185 1.13839e-09
186 1.13839e-09
187 1.13839e-09
188 1.13839e-09
189 1.13839e-09
190 1.13839e-09
191 1.13839e-09
192 1.13839e-09
193 1.13839e-09
194 1.13839e-09
195 1.13839e-09
196 1.13839e-09
197 1.13839e-09
198 1.13839e-09
199 1.13839e-09
200 1.13839e-09
201 1.13839e-09
202 1.13839e-09
203 1.13839e-09
204 1.13839e-09
205 1.13839e-09
206 1.13839e-09
207 1.13839e-09
208 1.13839e-09
209 1.13839e-09
210 1.13839e-09
211 1.13839e-09
212 1.13839e-09
213 1.13839e-09
214 1.13839e-09
215 1.13839e-09
216 1.13839e-09
217 1.13839e-09
218 1.13839e-09
219 1.13839e-09
220 1.13839e-09
221 1.13839e-09
222 1.13839e-09
223 1.13839e-09
224 1.13839e-09
225 1.13839e-09
226 1.13839e-09
227 1.13839e-09
228 1.13839e-09
229 1.13839e-09
230 1.13839e-09
231 1.13839e-09
232 1.13839e-09
233 1.13839e-09
234 1.13839e-09
235 1.55745e-09
236 5.44359e-09
237 2.14285e-08
238 7.37297e-08
239 2.38745e-07
240 7.70345e-07
241 2.51498e-06
242 8.31061e-06
243 2.76823e-05
244 9.26357e-05
245 0.000310751
246 0.00104346
247 0.00350212
248 0.0117242
249 0.0390383
250 0.128836
251 0.419845
252 0.589177
253 0.685637
254 0.739297
255 0.768399
256 0.78377
257 0.827014
258 0.848682
259 0.906593
260 0.934232
261 0.947138
262 0.953046
263 0.9557
264 0.962111
265 0.96489
266 0.971358
267 0.974048
268 0.975131
269 0.97748
270 0.982391
271 0.992281
272 0.995764
273 0.996896
274 0.99896
275 0.999491
276 0.99931
277 0.998227
278 0.994948
279 0.985857
280 0.981486
281 0.970496
282 0.944111
283 0.933027
284 0.928562
285 0.919113
286 0.899861
287 0.862026
288 0.790122
289 0.657616
290 0.420134
291 0.344198
292 0.214112
293 0.174026
294 0.107189
295 0.0868934
296 0.080699
297 0.0701846
298 0.0518084
299 0.0183765
300 0.00674478
301 0.00252854
302 0.000954683
303 0.000358649
304 0.000132856
305 4.82352e-05
306 1.71004e-05
307 5.90738e-06
308 1.98588e-06
309 6.48899e-07
310 2.04866e-07
311 6.18849e-08
312 1.74392e-08
313 4.47671e-09
314 1.40171e-09
315 1.13839e-09
316 1.13839e-09
317 1.13839e-09
318 1.13839e-09
319 1.13839e-09
320 1.13839e-09
321 1.13839e-09
322 1.13839e-09
323 1.13839e-09
324 1.13839e-09
325 1.13839e-09
326 1.13839e-09
327 1.13839e-09
328 1.13839e-09
329 1.13839e-09
330 1.13839e-09
331 1.13839e-09
332 1.13839e-09
333 1.13839e-09
334 1.13839e-09
335 1.13839e-09
336 1.13839e-09
337 1.13839e-09
338 1.13839e-09
339 1.13839e-09
340 1.13839e-09
341 1.13839e-09
342 1.13839e-09
343 1.13839e-09
344 1.13839e-09
345 1.13839e-09
346 1.13839e-09
347 1.13839e-09
348 1.13839e-09
349 1.13839e-09
350 1.13839e-09
351 1.13839e-09
352 1.13839e-09
353 1.13839e-09
354 1.13839e-09
355 1.13839e-09
356 1.13839e-09
357 1.13839e-09
358 1.13839e-09
359 1.13839e-09
360 1.13839e-09
361 1.13839e-09
362 1.13839e-09
363 1.13839e-09
364 1.13839e-09
365 1.13839e-09
366 1.13839e-09
367 1.13839e-09
368 1.13839e-09
369 1.13839e-09
370 1.13839e-09
371 1.13839e-09
372 1.13839e-09
373 1.13839e-09
374 1.13839e-09
375 1.13839e-09
376 1.13839e-09
377 1.13839e-09
378 1.13839e-09
379 1.13839e-09
380 1.13839e-09
381 1.13839e-09
382 1.13839e-09
383 1.13839e-09
384 1.13839e-09
385 1.13839e-09
386 1.13839e-09
387 1.13839e-09
388 1.13839e-09
389 1.13839e-09
390 1.13839e-09
391 1.13839e-09
392 1.13839e-09
393 1.13839e-09
394 1.13839e-09
395 1.13839e-09
396 1.13839e-09
397 1.13839e-09
398 1.13839e-09
399 1.13839e-09
400 1.13839e-09
401 1.13839e-09
402 1.13839e-09
403 1.13839e-09
404 1.13839e-09
405 1.13839e-09
406 1.13839e-09
407 1.13839e-09
408 1.13839e-09
409 1.13839e-09
410 1.13839e-09
411 1.13839e-09
412 1.13839e-09
413 1.13839e-09
414 1.13839e-09
415 1.13839e-09
416 1.13839e-09
417 1.13839e-09
418 1.13839e-09
419 1.13839e-09
420 1.13839e-09
421 1.13839e-09
422 1.13839e-09
423 1.13839e-09
424 1.13839e-09
425 1.13839e-09
426 1.13839e-09
427 1.13839e-09
428 1.13839e-09
429 1.13839e-09
430 1.13839e-09
431 1.13839e-09
432 1.13839e-09
433 1.13839e-09
434 1.13839e-09
435 1.13839e-09
436 1.13839e-09
437 1.13839e-09
438 1.13839e-09
439 1.13839e-09
440 1.13839e-09
441 1.13839e-09
442 1.13839e-09
443 1.13839e-09
444 1.13839e-09
445 1.13839e-09
446 1.13839e-09
447 1.13839e-09
448 1.13839e-09
449 1.13839e-09
450 1.13839e-09
451 1.13839e-09
452 1.13839e-09
453 1.13839e-09
454 1.13839e-09
455 1.13839e-09
456 1.13839e-09
457 1.13839e-09
458 1.13839e-09
459 1.13839e-09
460 1.13839e-09
461 1.13839e-09
462 1.13839e-09
463 1.13839e-09
464 1.13839e-09
465 1.13839e-09
466 1.13839e-09
467 1.13839e-09
468 1.13839e-09
469 1.13839e-09
470 1.13839e-09
471 1.13839e-09
472 1.13839e-09
473 1.13839e-09
474 1.13839e-09
475 1.13839e-09
476 1.13839e-09
477 1.13839e-09
478 1.13839e-09
479 1.13839e-09
480 1.13839e-09
481 1.13839e-09
482 1.13839e-09
483 1.13839e-09
484 1.13839e-09
485 1.13839e-09
486 1.13839e-09
487 1.13839e-09
488 1.13839e-09
489 1.13839e-09
490 1.13839e-09
491 1.13839e-09
492 1.13839e-09
493 1.13839e-09
494 1.13839e-09
495 1.13839e-09
496 1.13839e-09
497 1.13839e-09
498 1.13839e-09
499 1.13839e-09
500 1.13839e-09
501 1.13839e-09
502 1.13839e-09
503 1.13839e-09
504 1.13839e-09
505 1.13839e-09
506 1.13839e-09
507 1.13839e-09
508 1.13839e-09
509 1.13839e-09
510 1.13839e-09
511 1.13839e-09
512 1.13839e-09
513 1.13839e-09
514 1.13839e-09
515 1.13839e-09
516 1.13839e-09
517 1.13839e-09
518 1.13839e-09
519 1.13839e-09
520 1.13839e-09
521 1.13839e-09
522 1.13839e-09
523 1.13839e-09
524 1.13839e-09
525 1.13839e-09
526 1.13839e-09
527 1.13839e-09
528 1.13839e-09
529 1.13839e-09
530 1.13839e-09
531 1.13839e-09
532 1.13839e-09
533 1.13839e-09
534 1.13839e-09
535 1.13839e-09
536 1.13839e-09
537 1.13839e-09
538 1.13839e-09
539 1.13839e-09
540 1.13839e-09
541 1.13839e-09
542 1.13839e-09
543 1.13839e-09
544 1.13839e-09
545 1.13839e-09
546 1.13839e-09
547 1.13839e-09
548 1.13839e-09
549 1.13839e-09
550 1.13839e-09
551 1.13839e-09
552 1.13839e-09
