1 2.44168e-09
2 2.44168e-09
3 2.44168e-09
4 2.44168e-09
5 2.44168e-09
6 2.44168e-09
7 2.44168e-09
8 2.44168e-09
9 2.44168e-09
10 2.44168e-09
11 2.44168e-09
12 2.44168e-09
13 2.44168e-09
14 2.44168e-09
15 2.44168e-09
16 2.44168e-09
17 2.44168e-09
18 2.44168e-09
19 2.44168e-09
20 2.44168e-09
21 2.44168e-09
22 2.44168e-09
23 2.44168e-09
24 2.44168e-09
25 2.44168e-09
26 2.44168e-09
27 2.44168e-09
28 2.44168e-09
29 2.44168e-09
30 2.44168e-09
31 2.44168e-09
32 2.44168e-09
33 2.44168e-09
34 2.44168e-09
35 2.44168e-09
36 2.44168e-09
37 2.44168e-09
38 2.44168e-09
39 2.44168e-09
40 2.44168e-09
41 2.44168e-09
42 2.44168e-09
43 2.44168e-09
44 2.44168e-09
45 2.44168e-09
46 2.44168e-09
47 2.44168e-09
48 2.44168e-09
49 2.44168e-09
50 2.44168e-09
51 2.44168e-09
52 2.44168e-09
53 2.44168e-09
54 2.44168e-09
55 2.44168e-09
56 2.44168e-09
57 2.44168e-09
58 2.44168e-09
59 2.44168e-09
60 2.44168e-09
61 2.44168e-09
62 2.44168e-09
63 2.44168e-09
64 2.44168e-09
65 2.44168e-09
66 2.44168e-09
67 2.44168e-09
68 2.44168e-09
69 2.44168e-09
70 2.44168e-09
71 2.44168e-09
72 2.44168e-09
73 2.44168e-09
74 2.44168e-09
75 2.44168e-09
76 2.44168e-09
77 2.44168e-09
78 2.44168e-09
79 2.44168e-09
80 2.44168e-09
81 2.44168e-09
82 2.44168e-09
83 2.44168e-09
84 2.44168e-09
85 2.44168e-09
86 2.44168e-09
87 2.44168e-09
88 2.44168e-09
89 2.44168e-09
90 2.44168e-09
91 2.44168e-09
92 2.44168e-09
93 2.44168e-09
94 2.44168e-09
95 2.44168e-09
96 2.44168e-09
97 2.44168e-09
98 2.44168e-09
99 2.44168e-09
100 2.44168e-09
101 2.44168e-09
102 2.44168e-09
103 2.44168e-09
104 2.44168e-09
105 2.44168e-09
106 2.44168e-09
107 2.44168e-09
108 2.44168e-09
109 2.44168e-09
110 2.44168e-09
111 2.44168e-09
112 2.44168e-09
113 2.44168e-09
114 2.44168e-09
115 2.44168e-09
116 2.44168e-09
117 2.44168e-09
118 2.44168e-09
119 2.44168e-09
120 2.44168e-09
121 2.44168e-09
122 2.44168e-09
123 2.44168e-09
124 2.44168e-09
125 2.44168e-09
126 2.44168e-09
127 2.44168e-09
128 2.44168e-09
129 2.44168e-09
130 2.44168e-09
131 2.44168e-09
132 2.44168e-09
133 2.44168e-09
134 2.44168e-09
135 2.44168e-09
136 2.44168e-09
137 2.44168e-09
138 2.44168e-09
139 2.44168e-09
140 2.44168e-09
141 2.44168e-09
142 2.44168e-09
143 2.44168e-09
144 2.44168e-09
145 2.44168e-09
146 2.44168e-09
147 2.44168e-09
148 2.44168e-09
149 2.44168e-09
150 2.44168e-09
151 2.44168e-09
152 2.44168e-09
153 2.44168e-09
154 2.44168e-09
155 2.44168e-09
156 2.44168e-09
157 2.44168e-09
158 2.44168e-09
159 2.44168e-09
160 2.44168e-09
161 2.44168e-09
162 2.44168e-09
163 2.44168e-09
164 2.44168e-09
165 2.44168e-09
166 2.44168e-09
167 2.44168e-09
168 2.44168e-09
169 2.44168e-09
170 2.44168e-09
171 2.44168e-09
172 2.44168e-09
173 2.44168e-09
174 2.44168e-09
175 2.44168e-09
176 2.44168e-09
177 2.44168e-09
178 2.44168e-09
179 2.44168e-09
180 2.44168e-09
181 2.44168e-09
182 2.44168e-09
183 2.44168e-09
184 2.44168e-09
185 2.44168e-09
186 2.44168e-09
187 2.44168e-09
188 2.44168e-09
189 2.44168e-09
190 2.44168e-09
191 2.44168e-09
192 2.44168e-09
193 2.44168e-09
194 2.44168e-09
195 2.44168e-09
196 2.44168e-09
197 2.44168e-09
198 2.44168e-09
199 2.44168e-09
200 2.44168e-09
201 2.44168e-09
202 2.44168e-09
203 2.44168e-09
204 2.44168e-09
205 2.44168e-09
206 2.44168e-09
207 2.44168e-09
208 2.44168e-09
209 2.44168e-09
210 2.44168e-09
211 2.44168e-09
212 2.44168e-09
213 2.44168e-09
214 2.44168e-09
215 2.44168e-09
216 2.44168e-09
217 2.44168e-09
218 2.44168e-09
219 2.44168e-09
220 2.44168e-09
221 2.44168e-09
222 2.44168e-09
223 2.44168e-09
224 2.44168e-09
225 2.44168e-09
226 2.44168e-09
227 2.44168e-09
228 2.44168e-09
229 2.44168e-09
230 2.44168e-09
231 2.44168e-09
232 2.44168e-09
233 2.44168e-09
234 2.44168e-09
235 3.69893e-09
236 1.02522e-08
237 3.25976e-08
238 1.04253e-07
239 3.28766e-07
240 1.01866e-06
241 3.08823e-06
242 9.154e-06
243 2.65241e-05
244 7.5159e-05
245 0.000208658
246 0.000569718
247 0.00153987
248 0.00416072
249 0.0113848
250 0.0319965
251 0.09342
252 0.128367
253 0.148952
254 0.161353
255 0.168908
256 0.173529
257 0.189034
258 0.198533
259 0.230519
260 0.250179
261 0.262127
262 0.26885
263 0.270834
264 0.284342
265 0.28856
266 0.314242
267 0.323343
268 0.314516
269 0.331891
270 0.39969
271 0.593091
272 0.684979
273 0.724055
274 0.836042
275 0.883976
276 0.899984
277 0.89752
278 0.880179
279 0.845456
280 0.83859
281 0.822104
282 0.792997
283 0.785357
284 0.785204
285 0.781267
286 0.772715
287 0.755715
288 0.721089
289 0.648567
290 0.494806
291 0.435449
292 0.312131
293 0.266413
294 0.176328
295 0.144862
296 0.13421
297 0.115078
298 0.0816722
299 0.0247831
300 0.00742922
301 0.00221334
302 0.000658945
303 0.000196796
304 5.90451e-05
305 1.77806e-05
306 5.36082e-06
307 1.61376e-06
308 4.84138e-07
309 1.44442e-07
310 4.25574e-08
311 1.23196e-08
312 4.10528e-09
313 2.44168e-09
314 2.44168e-09
315 2.44168e-09
316 2.44168e-09
317 2.44168e-09
318 2.44168e-09
319 2.44168e-09
320 2.44168e-09
321 2.44168e-09
322 2.44168e-09
323 2.44168e-09
324 2.44168e-09
325 2.44168e-09
326 2.44168e-09
327 2.44168e-09
328 2.44168e-09
329 2.44168e-09
330 2.44168e-09
331 2.44168e-09
332 2.44168e-09
333 2.44168e-09
334 2.44168e-09
335 2.44168e-09
336 2.44168e-09
337 2.44168e-09
338 2.44168e-09
339 2.44168e-09
340 2.44168e-09
341 2.44168e-09
342 2.44168e-09
343 2.44168e-09
344 2.44168e-09
345 2.44168e-09
346 2.44168e-09
347 2.44168e-09
348 2.44168e-09
349 2.44168e-09
350 2.44168e-09
351 2.44168e-09
352 2.44168e-09
353 2.44168e-09
354 2.44168e-09
355 2.44168e-09
356 2.44168e-09
357 2.44168e-09
358 2.44168e-09
359 2.44168e-09
360 2.44168e-09
361 2.44168e-09
362 2.44168e-09
363 2.44168e-09
364 2.44168e-09
365 2.44168e-09
366 2.44168e-09
367 2.44168e-09
368 2.44168e-09
369 2.44168e-09
370 2.44168e-09
371 2.44168e-09
372 2.44168e-09
373 2.44168e-09
374 2.44168e-09
375 2.44168e-09
376 2.44168e-09
377 2.44168e-09
378 2.44168e-09
379 2.44168e-09
380 2.44168e-09
381 2.44168e-09
382 2.44168e-09
383 2.44168e-09
384 2.44168e-09
385 2.44168e-09
386 2.44168e-09
387 2.44168e-09
388 2.44168e-09
389 2.44168e-09
390 2.44168e-09
391 2.44168e-09
392 2.44168e-09
393 2.44168e-09
394 2.44168e-09
395 2.44168e-09
396 2.44168e-09
397 2.44168e-09
398 2.44168e-09
399 2.44168e-09
400 2.44168e-09
401 2.44168e-09
402 2.44168e-09
403 2.44168e-09
404 2.44168e-09
405 2.44168e-09
406 2.44168e-09
407 2.44168e-09
408 2.44168e-09
409 2.44168e-09
410 2.44168e-09
411 2.44168e-09
412 2.44168e-09
413 2.44168e-09
414 2.44168e-09
415 2.44168e-09
416 2.44168e-09
417 2.44168e-09
418 2.44168e-09
419 2.44168e-09
420 2.44168e-09
421 2.44168e-09
422 2.44168e-09
423 2.44168e-09
424 2.44168e-09
425 2.44168e-09
426 2.44168e-09
427 2.44168e-09
428 2.44168e-09
429 2.44168e-09
430 2.44168e-09
431 2.44168e-09
432 2.44168e-09
433 2.44168e-09
434 2.44168e-09
435 2.44168e-09
436 2.44168e-09
437 2.44168e-09
438 2.44168e-09
439 2.44168e-09
440 2.44168e-09
441 2.44168e-09
442 2.44168e-09
443 2.44168e-09
444 2.44168e-09
445 2.44168e-09
446 2.44168e-09
447 2.44168e-09
448 2.44168e-09
449 2.44168e-09
450 2.44168e-09
451 2.44168e-09
452 2.44168e-09
453 2.44168e-09
454 2.44168e-09
455 2.44168e-09
456 2.44168e-09
457 2.44168e-09
458 2.44168e-09
459 2.44168e-09
460 2.44168e-09
461 2.44168e-09
462 2.44168e-09
463 2.44168e-09
464 2.44168e-09
465 2.44168e-09
466 2.44168e-09
467 2.44168e-09
468 2.44168e-09
469 2.44168e-09
470 2.44168e-09
471 2.44168e-09
472 2.44168e-09
473 2.44168e-09
474 2.44168e-09
475 2.44168e-09
476 2.44168e-09
477 2.44168e-09
478 2.44168e-09
479 2.44168e-09
480 2.44168e-09
481 2.44168e-09
482 2.44168e-09
483 2.44168e-09
484 2.44168e-09
485 2.44168e-09
486 2.44168e-09
487 2.44168e-09
488 2.44168e-09
489 2.44168e-09
490 2.44168e-09
491 2.44168e-09
492 2.44168e-09
493 2.44168e-09
494 2.44168e-09
495 2.44168e-09
496 2.44168e-09
497 2.44168e-09
498 2.44168e-09
499 2.44168e-09
500 2.44168e-09
501 2.44168e-09
502 2.44168e-09
503 2.44168e-09
504 2.44168e-09
505 2.44168e-09
506 2.44168e-09
507 2.44168e-09
508 2.44168e-09
509 2.44168e-09
510 2.44168e-09
511 2.44168e-09
512 2.44168e-09
513 2.44168e-09
514 2.44168e-09
515 2.44168e-09
516 2.44168e-09
517 2.44168e-09
518 2.44168e-09
519 2.44168e-09
520 2.44168e-09
521 2.44168e-09
522 2.44168e-09
523 2.44168e-09
524 2.44168e-09
525 2.44168e-09
526 2.44168e-09
527 2.44168e-09
528 2.44168e-09
529 2.44168e-09
530 2.44168e-09
531 2.44168e-09
532 2.44168e-09
533 2.44168e-09
534 2.44168e-09
535 2.44168e-09
536 2.44168e-09
537 2.44168e-09
538 2.44168e-09
539 2.44168e-09
540 2.44168e-09
541 2.44168e-09
542 2.44168e-09
543 2.44168e-09
544 2.44168e-09
545 2.44168e-09
546 2.44168e-09
547 2.44168e-09
548 2.44168e-09
549 2.44168e-09
550 2.44168e-09
551 2.44168e-09
552 2.44168e-09
