1 2.08056e-08
2 2.08056e-08
3 2.08056e-08
4 2.08056e-08
5 2.08056e-08
6 2.08056e-08
7 2.08056e-08
8 2.08056e-08
9 2.08056e-08
10 2.08056e-08
11 2.08056e-08
12 2.08056e-08
13 2.08056e-08
14 2.08056e-08
15 2.08056e-08
16 2.08056e-08
17 2.08056e-08
18 2.08056e-08
19 2.08056e-08
20 2.08056e-08
21 2.08056e-08
22 2.08056e-08
23 2.08056e-08
24 2.08056e-08
25 2.08056e-08
26 2.08056e-08
27 2.08056e-08
28 2.08056e-08
29 2.08056e-08
30 2.08056e-08
31 2.08056e-08
32 2.08056e-08
33 2.08056e-08
34 2.08056e-08
35 2.08056e-08
36 2.08056e-08
37 2.08056e-08
38 2.08056e-08
39 2.08056e-08
40 2.08056e-08
41 2.08056e-08
42 2.08056e-08
43 2.08056e-08
44 2.08056e-08
45 2.08056e-08
46 2.08056e-08
47 2.08056e-08
48 2.08056e-08
49 2.08056e-08
50 2.08056e-08
51 2.08056e-08
52 2.08056e-08
53 2.08056e-08
54 2.08056e-08
55 2.08056e-08
56 2.08056e-08
57 2.08056e-08
58 2.08056e-08
59 2.08056e-08
60 2.08056e-08
61 2.08056e-08
62 2.08056e-08
63 2.08056e-08
64 2.08056e-08
65 2.08056e-08
66 2.08056e-08
67 2.08056e-08
68 2.08056e-08
69 2.08056e-08
70 2.08056e-08
71 2.08056e-08
72 2.08056e-08
73 2.08056e-08
74 2.08056e-08
75 2.08056e-08
76 2.08056e-08
77 2.08056e-08
78 2.08056e-08
79 2.08056e-08
80 2.08056e-08
81 2.08056e-08
82 2.08056e-08
83 2.08056e-08
84 2.08056e-08
85 2.08056e-08
86 2.08056e-08
87 2.08056e-08
88 2.08056e-08
89 2.08056e-08
90 2.08056e-08
91 2.08056e-08
92 2.08056e-08
93 2.08056e-08
94 2.08056e-08
95 2.08056e-08
96 2.08056e-08
97 2.08056e-08
98 2.08056e-08
99 2.08056e-08
100 2.08056e-08
101 2.08056e-08
102 2.08056e-08
103 2.08056e-08
104 2.08056e-08
105 2.08056e-08
106 2.08056e-08
107 2.08056e-08
108 2.08056e-08
109 2.08056e-08
110 2.08056e-08
111 2.08056e-08
112 2.08056e-08
113 2.08056e-08
114 2.08056e-08
115 2.08056e-08
116 2.08056e-08
117 2.08056e-08
118 2.08056e-08
119 2.08056e-08
120 2.08056e-08
121 2.08056e-08
122 2.08056e-08
123 2.08056e-08
124 2.08056e-08
125 2.08056e-08
126 2.08056e-08
127 2.08056e-08
128 2.08056e-08
129 2.08056e-08
130 2.08056e-08
131 2.08056e-08
132 2.08056e-08
133 2.08056e-08
134 2.08056e-08
135 2.08056e-08
136 2.08056e-08
137 2.08056e-08
138 2.08056e-08
139 2.08056e-08
140 2.08056e-08
141 2.08056e-08
142 2.08056e-08
143 2.08056e-08
144 2.08056e-08
145 2.08056e-08
146 2.08056e-08
147 2.08056e-08
148 2.08056e-08
149 2.08056e-08
150 2.08056e-08
151 2.08056e-08
152 2.08056e-08
153 2.08056e-08
154 2.08056e-08
155 2.08056e-08
156 2.08056e-08
157 2.08056e-08
158 2.08056e-08
159 2.08056e-08
160 2.08056e-08
161 2.08056e-08
162 2.08056e-08
163 2.08056e-08
164 2.08056e-08
165 2.08056e-08
166 2.08056e-08
167 2.08056e-08
168 2.08056e-08
169 2.08056e-08
170 2.08056e-08
171 2.08056e-08
172 2.08056e-08
173 2.08056e-08
174 2.08056e-08
175 2.08056e-08
176 2.08056e-08
177 2.08056e-08
178 2.08056e-08
179 2.08056e-08
180 2.08056e-08
181 2.08056e-08
182 2.08056e-08
183 2.08056e-08
184 2.08056e-08
185 2.08056e-08
186 2.08056e-08
187 2.08056e-08
188 2.08056e-08
189 2.08056e-08
190 2.08056e-08
191 2.08056e-08
192 2.08056e-08
193 2.08056e-08
194 2.08056e-08
195 2.08056e-08
196 2.08056e-08
197 2.08056e-08
198 2.08056e-08
199 2.08056e-08
200 2.08056e-08
201 2.08056e-08
202 2.08056e-08
203 2.08056e-08
204 2.08056e-08
205 2.08056e-08
206 2.08056e-08
207 2.08056e-08
208 2.08056e-08
209 2.08056e-08
210 2.08056e-08
211 2.08056e-08
212 2.08056e-08
213 2.08056e-08
214 2.08056e-08
215 2.08056e-08
216 2.08056e-08
217 2.08056e-08
218 2.08056e-08
219 2.08056e-08
220 2.08056e-08
221 2.08056e-08
222 2.08056e-08
223 2.08056e-08
224 2.08056e-08
225 2.08056e-08
226 2.08056e-08
227 2.08056e-08
228 2.08056e-08
229 2.08056e-08
230 2.08056e-08
231 2.08056e-08
232 2.08056e-08
233 2.08056e-08
234 2.08056e-08
235 2.08056e-08
236 2.08056e-08
237 2.08056e-08
238 2.08056e-08
239 2.08056e-08
240 2.08056e-08
241 2.08056e-08
242 2.08056e-08
243 2.08056e-08
244 2.08056e-08
245 2.08056e-08
246 2.44007e-08
247 5.99086e-08
248 2.39763e-07
249 8.979e-07
250 3.21849e-06
251 1.11733e-05
252 1.59565e-05
253 1.86049e-05
254 1.96164e-05
255 1.90037e-05
256 1.62299e-05
257 1.68468e-05
258 1.56327e-05
259 1.78691e-05
260 1.81513e-05
261 1.67907e-05
262 1.36454e-05
263 8.1423e-06
264 6.91851e-06
265 4.48273e-06
266 4.26622e-06
267 3.31293e-06
268 1.4616e-06
269 1.33302e-06
270 2.83711e-06
271 8.69596e-06
272 1.22586e-05
273 1.41614e-05
274 2.1798e-05
275 2.61752e-05
276 2.8247e-05
277 2.83339e-05
278 2.61656e-05
279 2.08334e-05
280 2.11968e-05
281 1.9302e-05
282 1.46893e-05
283 1.59013e-05
284 2.43001e-05
285 2.84621e-05
286 2.98431e-05
287 2.91452e-05
288 2.64241e-05
289 2.11007e-05
290 1.18728e-05
291 9.35685e-06
292 4.91153e-06
293 3.89016e-06
294 1.92863e-06
295 1.65259e-06
296 2.23046e-06
297 2.21461e-06
298 1.70983e-06
299 5.61057e-07
300 1.74808e-07
301 5.99255e-08
302 2.59263e-08
303 2.08056e-08
304 2.08056e-08
305 2.08056e-08
306 2.08056e-08
307 2.08056e-08
308 2.08056e-08
309 2.08056e-08
310 2.08056e-08
311 2.08056e-08
312 2.08056e-08
313 2.08056e-08
314 2.08056e-08
315 2.08056e-08
316 2.08056e-08
317 2.08056e-08
318 2.08056e-08
319 2.08056e-08
320 2.08056e-08
321 2.08056e-08
322 2.08056e-08
323 2.08056e-08
324 2.08056e-08
325 2.08056e-08
326 2.08056e-08
327 2.08056e-08
328 2.08056e-08
329 2.08056e-08
330 2.08056e-08
331 2.08056e-08
332 2.08056e-08
333 2.08056e-08
334 2.08056e-08
335 2.08056e-08
336 2.08056e-08
337 2.08056e-08
338 2.08056e-08
339 2.08056e-08
340 2.08056e-08
341 2.08056e-08
342 2.08056e-08
343 2.08056e-08
344 2.08056e-08
345 2.08056e-08
346 2.08056e-08
347 2.08056e-08
348 2.08056e-08
349 2.08056e-08
350 2.08056e-08
351 2.08056e-08
352 2.08056e-08
353 2.08056e-08
354 2.08056e-08
355 2.08056e-08
356 2.08056e-08
357 2.08056e-08
358 2.08056e-08
359 2.08056e-08
360 2.08056e-08
361 2.08056e-08
362 2.08056e-08
363 2.08056e-08
364 2.08056e-08
365 2.08056e-08
366 2.08056e-08
367 2.08056e-08
368 2.08056e-08
369 2.08056e-08
370 2.08056e-08
371 2.08056e-08
372 2.08056e-08
373 2.08056e-08
374 2.08056e-08
375 2.08056e-08
376 2.08056e-08
377 2.08056e-08
378 2.08056e-08
379 2.08056e-08
380 2.08056e-08
381 2.08056e-08
382 2.08056e-08
383 2.08056e-08
384 2.08056e-08
385 2.08056e-08
386 2.08056e-08
387 2.08056e-08
388 2.08056e-08
389 2.08056e-08
390 2.08056e-08
391 2.08056e-08
392 2.08056e-08
393 2.08056e-08
394 2.08056e-08
395 2.08056e-08
396 2.08056e-08
397 2.08056e-08
398 2.08056e-08
399 2.08056e-08
400 2.08056e-08
401 2.08056e-08
402 2.08056e-08
403 2.08056e-08
404 2.08056e-08
405 2.08056e-08
406 2.08056e-08
407 2.08056e-08
408 2.08056e-08
409 2.08056e-08
410 2.08056e-08
411 2.08056e-08
412 2.08056e-08
413 2.08056e-08
414 2.08056e-08
415 2.08056e-08
416 2.08056e-08
417 2.08056e-08
418 2.08056e-08
419 2.08056e-08
420 2.08056e-08
421 2.08056e-08
422 2.08056e-08
423 2.08056e-08
424 2.08056e-08
425 2.08056e-08
426 2.08056e-08
427 2.08056e-08
428 2.08056e-08
429 2.08056e-08
430 2.08056e-08
431 2.08056e-08
432 2.08056e-08
433 2.08056e-08
434 2.08056e-08
435 2.08056e-08
436 2.08056e-08
437 2.08056e-08
438 2.08056e-08
439 2.08056e-08
440 2.08056e-08
441 2.08056e-08
442 2.08056e-08
443 2.08056e-08
444 2.08056e-08
445 2.08056e-08
446 2.08056e-08
447 2.08056e-08
448 2.08056e-08
449 2.08056e-08
450 2.08056e-08
451 2.08056e-08
452 2.08056e-08
453 2.08056e-08
454 2.08056e-08
455 2.08056e-08
456 2.08056e-08
457 2.08056e-08
458 2.08056e-08
459 2.08056e-08
460 2.08056e-08
461 2.08056e-08
462 2.08056e-08
463 2.08056e-08
464 2.08056e-08
465 2.08056e-08
466 2.08056e-08
467 2.08056e-08
468 2.08056e-08
469 2.08056e-08
470 2.08056e-08
471 2.08056e-08
472 2.08056e-08
473 2.08056e-08
474 2.08056e-08
475 2.08056e-08
476 2.08056e-08
477 2.08056e-08
478 2.08056e-08
479 2.08056e-08
480 2.08056e-08
481 2.08056e-08
482 2.08056e-08
483 2.08056e-08
484 2.08056e-08
485 2.08056e-08
486 2.08056e-08
487 2.08056e-08
488 2.08056e-08
489 2.08056e-08
490 2.08056e-08
491 2.08056e-08
492 2.08056e-08
493 2.08056e-08
494 2.08056e-08
495 2.08056e-08
496 2.08056e-08
497 2.08056e-08
498 2.08056e-08
499 2.08056e-08
500 2.08056e-08
501 2.08056e-08
502 2.08056e-08
503 2.08056e-08
504 2.08056e-08
505 2.08056e-08
506 2.08056e-08
507 2.08056e-08
508 2.08056e-08
509 2.08056e-08
510 2.08056e-08
511 2.08056e-08
512 2.08056e-08
513 2.08056e-08
514 2.08056e-08
515 2.08056e-08
516 2.08056e-08
517 2.08056e-08
518 2.08056e-08
519 2.08056e-08
520 2.08056e-08
521 2.08056e-08
522 2.08056e-08
523 2.08056e-08
524 2.08056e-08
525 2.08056e-08
526 2.08056e-08
527 2.08056e-08
528 2.08056e-08
529 2.08056e-08
530 2.08056e-08
531 2.08056e-08
532 2.08056e-08
533 2.08056e-08
534 2.08056e-08
535 2.08056e-08
536 2.08056e-08
537 2.08056e-08
538 2.08056e-08
539 2.08056e-08
540 2.08056e-08
541 2.08056e-08
542 2.08056e-08
543 2.08056e-08
544 2.08056e-08
545 2.08056e-08
546 2.08056e-08
547 2.08056e-08
548 2.08056e-08
549 2.08056e-08
550 2.08056e-08
551 2.08056e-08
552 2.08056e-08
