1 1.26608e-08
2 1.26608e-08
3 1.26608e-08
4 1.26608e-08
5 1.26608e-08
6 1.26608e-08
7 1.26608e-08
8 1.26608e-08
9 1.26608e-08
10 1.26608e-08
11 1.26608e-08
12 1.26608e-08
13 1.26608e-08
14 1.26608e-08
15 1.26608e-08
16 1.26608e-08
17 1.26608e-08
18 1.26608e-08
19 1.26608e-08
20 1.26608e-08
21 1.26608e-08
22 1.26608e-08
23 1.26608e-08
24 1.26608e-08
25 1.26608e-08
26 1.26608e-08
27 1.26608e-08
28 1.26608e-08
29 1.26608e-08
30 1.26608e-08
31 1.26608e-08
32 1.26608e-08
33 1.26608e-08
34 1.26608e-08
35 1.26608e-08
36 1.26608e-08
37 1.26608e-08
38 1.26608e-08
39 1.26608e-08
40 1.26608e-08
41 1.26608e-08
42 1.26608e-08
43 1.26608e-08
44 1.26608e-08
45 1.26608e-08
46 1.26608e-08
47 1.26608e-08
48 1.26608e-08
49 1.26608e-08
50 1.26608e-08
51 1.26608e-08
52 1.26608e-08
53 1.26608e-08
54 1.26608e-08
55 1.26608e-08
56 1.26608e-08
57 1.26608e-08
58 1.26608e-08
59 1.26608e-08
60 1.26608e-08
61 1.26608e-08
62 1.26608e-08
63 1.26608e-08
64 1.26608e-08
65 1.26608e-08
66 1.26608e-08
67 1.26608e-08
68 1.26608e-08
69 1.26608e-08
70 1.26608e-08
71 1.26608e-08
72 1.26608e-08
73 1.26608e-08
74 1.26608e-08
75 1.26608e-08
76 1.26608e-08
77 1.26608e-08
78 1.26608e-08
79 1.26608e-08
80 1.26608e-08
81 1.26608e-08
82 1.26608e-08
83 1.26608e-08
84 1.26608e-08
85 1.26608e-08
86 1.26608e-08
87 1.26608e-08
88 1.26608e-08
89 1.26608e-08
90 1.26608e-08
91 1.26608e-08
92 1.26608e-08
93 1.26608e-08
94 1.26608e-08
95 1.26608e-08
96 1.26608e-08
97 1.26608e-08
98 1.26608e-08
99 1.26608e-08
100 1.26608e-08
101 1.26608e-08
102 1.26608e-08
103 1.26608e-08
104 1.26608e-08
105 1.26608e-08
106 1.26608e-08
107 1.26608e-08
108 1.26608e-08
109 1.26608e-08
110 1.26608e-08
111 1.26608e-08
112 1.26608e-08
113 1.26608e-08
114 1.26608e-08
115 1.26608e-08
116 1.26608e-08
117 1.26608e-08
118 1.26608e-08
119 1.26608e-08
120 1.26608e-08
121 1.26608e-08
122 1.26608e-08
123 1.26608e-08
124 1.26608e-08
125 1.26608e-08
126 1.26608e-08
127 1.26608e-08
128 1.26608e-08
129 1.26608e-08
130 1.26608e-08
131 1.26608e-08
132 1.26608e-08
133 1.26608e-08
134 1.26608e-08
135 1.26608e-08
136 1.26608e-08
137 1.26608e-08
138 1.26608e-08
139 1.26608e-08
140 1.26608e-08
141 1.26608e-08
142 1.26608e-08
143 1.26608e-08
144 1.26608e-08
145 1.26608e-08
146 1.26608e-08
147 1.26608e-08
148 1.26608e-08
149 1.26608e-08
150 1.26608e-08
151 1.26608e-08
152 1.26608e-08
153 1.26608e-08
154 1.26608e-08
155 1.26608e-08
156 1.26608e-08
157 1.26608e-08
158 1.26608e-08
159 1.26608e-08
160 1.26608e-08
161 1.26608e-08
162 1.26608e-08
163 1.26608e-08
164 1.26608e-08
165 1.26608e-08
166 1.26608e-08
167 1.26608e-08
168 1.26608e-08
169 1.26608e-08
170 1.26608e-08
171 1.26608e-08
172 1.26608e-08
173 1.26608e-08
174 1.26608e-08
175 1.26608e-08
176 1.26608e-08
177 1.26608e-08
178 1.26608e-08
179 1.26608e-08
180 1.26608e-08
181 1.26608e-08
182 1.26608e-08
183 1.26608e-08
184 1.26608e-08
185 1.26608e-08
186 1.26608e-08
187 1.26608e-08
188 1.26608e-08
189 1.26608e-08
190 1.26608e-08
191 1.26608e-08
192 1.26608e-08
193 1.26608e-08
194 1.26608e-08
195 1.26608e-08
196 1.26608e-08
197 1.26608e-08
198 1.26608e-08
199 1.26608e-08
200 1.26608e-08
201 1.26608e-08
202 1.26608e-08
203 1.26608e-08
204 1.26608e-08
205 1.26608e-08
206 1.26608e-08
207 1.26608e-08
208 1.26608e-08
209 1.26608e-08
210 1.26608e-08
211 1.26608e-08
212 1.26608e-08
213 1.26608e-08
214 1.26608e-08
215 1.26608e-08
216 1.26608e-08
217 1.26608e-08
218 1.26608e-08
219 1.26608e-08
220 1.26608e-08
221 1.26608e-08
222 1.26608e-08
223 1.26608e-08
224 1.26608e-08
225 1.26608e-08
226 1.26608e-08
227 1.26608e-08
228 1.26608e-08
229 1.51669e-08
230 2.66874e-08
231 6.33117e-08
232 1.66647e-07
233 4.46475e-07
234 1.18411e-06
235 3.08773e-06
236 7.90523e-06
237 1.98716e-05
238 4.9066e-05
239 0.000119024
240 0.000283603
241 0.000663356
242 0.00152156
243 0.00341765
244 0.00750464
245 0.0160804
246 0.0335585
247 0.0680845
248 0.134057
249 0.255773
250 0.472253
251 0.842901
252 0.954466
253 0.986727
254 0.995684
255 0.99807
256 0.998681
257 0.9995
258 0.999693
259 0.999933
260 0.999986
261 0.999997
262 0.999999
263 0.999999
264 1
265 1
266 1
267 1
268 1
269 1
270 1
271 1
272 1
273 1
274 1
275 1
276 1
277 1
278 1
279 1
280 1
281 1
282 1
283 1
284 1
285 0.999999
286 0.999997
287 0.999983
288 0.999915
289 0.999584
290 0.998017
291 0.996707
292 0.99094
293 0.986475
294 0.968316
295 0.955363
296 0.946504
297 0.914734
298 0.805514
299 0.44547
300 0.237318
301 0.121824
302 0.0602837
303 0.0287706
304 0.0132507
305 0.00589337
306 0.00253311
307 0.00105312
308 0.000423873
309 0.000165338
310 6.25709e-05
311 2.30024e-05
312 8.22591e-06
313 2.86685e-06
314 9.76321e-07
315 3.26998e-07
316 1.1001e-07
317 3.97201e-08
318 1.81616e-08
319 1.31979e-08
320 1.26608e-08
321 1.26608e-08
322 1.26608e-08
323 1.26608e-08
324 1.26608e-08
325 1.26608e-08
326 1.26608e-08
327 1.26608e-08
328 1.26608e-08
329 1.26608e-08
330 1.26608e-08
331 1.26608e-08
332 1.26608e-08
333 1.26608e-08
334 1.26608e-08
335 1.26608e-08
336 1.26608e-08
337 1.26608e-08
338 1.26608e-08
339 1.26608e-08
340 1.26608e-08
341 1.26608e-08
342 1.26608e-08
343 1.26608e-08
344 1.26608e-08
345 1.26608e-08
346 1.26608e-08
347 1.26608e-08
348 1.26608e-08
349 1.26608e-08
350 1.26608e-08
351 1.26608e-08
352 1.26608e-08
353 1.26608e-08
354 1.26608e-08
355 1.26608e-08
356 1.26608e-08
357 1.26608e-08
358 1.26608e-08
359 1.26608e-08
360 1.26608e-08
361 1.26608e-08
362 1.26608e-08
363 1.26608e-08
364 1.26608e-08
365 1.26608e-08
366 1.26608e-08
367 1.26608e-08
368 1.26608e-08
369 1.26608e-08
370 1.26608e-08
371 1.26608e-08
372 1.26608e-08
373 1.26608e-08
374 1.26608e-08
375 1.26608e-08
376 1.26608e-08
377 1.26608e-08
378 1.26608e-08
379 1.26608e-08
380 1.26608e-08
381 1.26608e-08
382 1.26608e-08
383 1.26608e-08
384 1.26608e-08
385 1.26608e-08
386 1.26608e-08
387 1.26608e-08
388 1.26608e-08
389 1.26608e-08
390 1.26608e-08
391 1.26608e-08
392 1.26608e-08
393 1.26608e-08
394 1.26608e-08
395 1.26608e-08
396 1.26608e-08
397 1.26608e-08
398 1.26608e-08
399 1.26608e-08
400 1.26608e-08
401 1.26608e-08
402 1.26608e-08
403 1.26608e-08
404 1.26608e-08
405 1.26608e-08
406 1.26608e-08
407 1.26608e-08
408 1.26608e-08
409 1.26608e-08
410 1.26608e-08
411 1.26608e-08
412 1.26608e-08
413 1.26608e-08
414 1.26608e-08
415 1.26608e-08
416 1.26608e-08
417 1.26608e-08
418 1.26608e-08
419 1.26608e-08
420 1.26608e-08
421 1.26608e-08
422 1.26608e-08
423 1.26608e-08
424 1.26608e-08
425 1.26608e-08
426 1.26608e-08
427 1.26608e-08
428 1.26608e-08
429 1.26608e-08
430 1.26608e-08
431 1.26608e-08
432 1.26608e-08
433 1.26608e-08
434 1.26608e-08
435 1.26608e-08
436 1.26608e-08
437 1.26608e-08
438 1.26608e-08
439 1.26608e-08
440 1.26608e-08
441 1.26608e-08
442 1.26608e-08
443 1.26608e-08
444 1.26608e-08
445 1.26608e-08
446 1.26608e-08
447 1.26608e-08
448 1.26608e-08
449 1.26608e-08
450 1.26608e-08
451 1.26608e-08
452 1.26608e-08
453 1.26608e-08
454 1.26608e-08
455 1.26608e-08
456 1.26608e-08
457 1.26608e-08
458 1.26608e-08
459 1.26608e-08
460 1.26608e-08
461 1.26608e-08
462 1.26608e-08
463 1.26608e-08
464 1.26608e-08
465 1.26608e-08
466 1.26608e-08
467 1.26608e-08
468 1.26608e-08
469 1.26608e-08
470 1.26608e-08
471 1.26608e-08
472 1.26608e-08
473 1.26608e-08
474 1.26608e-08
475 1.26608e-08
476 1.26608e-08
477 1.26608e-08
478 1.26608e-08
479 1.26608e-08
480 1.26608e-08
481 1.26608e-08
482 1.26608e-08
483 1.26608e-08
484 1.26608e-08
485 1.26608e-08
486 1.26608e-08
487 1.26608e-08
488 1.26608e-08
489 1.26608e-08
490 1.26608e-08
491 1.26608e-08
492 1.26608e-08
493 1.26608e-08
494 1.26608e-08
495 1.26608e-08
496 1.26608e-08
497 1.26608e-08
498 1.26608e-08
499 1.26608e-08
500 1.26608e-08
501 1.26608e-08
502 1.26608e-08
503 1.26608e-08
504 1.26608e-08
505 1.26608e-08
506 1.26608e-08
507 1.26608e-08
508 1.26608e-08
509 1.26608e-08
510 1.26608e-08
511 1.26608e-08
512 1.26608e-08
513 1.26608e-08
514 1.26608e-08
515 1.26608e-08
516 1.26608e-08
517 1.26608e-08
518 1.26608e-08
519 1.26608e-08
520 1.26608e-08
521 1.26608e-08
522 1.26608e-08
523 1.26608e-08
524 1.26608e-08
525 1.26608e-08
526 1.26608e-08
527 1.26608e-08
528 1.26608e-08
529 1.26608e-08
530 1.26608e-08
531 1.26608e-08
532 1.26608e-08
533 1.26608e-08
534 1.26608e-08
535 1.26608e-08
536 1.26608e-08
537 1.26608e-08
538 1.26608e-08
539 1.26608e-08
540 1.26608e-08
541 1.26608e-08
542 1.26608e-08
543 1.26608e-08
544 1.26608e-08
545 1.26608e-08
546 1.26608e-08
547 1.26608e-08
548 1.26608e-08
549 1.26608e-08
550 1.26608e-08
551 1.26608e-08
552 1.26608e-08
