1 4.44154e-09
2 4.44154e-09
3 4.44154e-09
4 4.44154e-09
5 4.44154e-09
6 4.44154e-09
7 4.44154e-09
8 4.44154e-09
9 4.44154e-09
10 4.44154e-09
11 4.44154e-09
12 4.44154e-09
13 4.44154e-09
14 4.44154e-09
15 4.44154e-09
16 4.44154e-09
17 4.44154e-09
18 4.44154e-09
19 4.44154e-09
20 4.44154e-09
21 4.44154e-09
22 4.44154e-09
23 4.44154e-09
24 4.44154e-09
25 4.44154e-09
26 4.44154e-09
27 4.44154e-09
28 4.44154e-09
29 4.44154e-09
30 4.44154e-09
31 4.44154e-09
32 4.44154e-09
33 4.44154e-09
34 4.44154e-09
35 4.44154e-09
36 4.44154e-09
37 4.44154e-09
38 4.44154e-09
39 4.44154e-09
40 4.44154e-09
41 4.44154e-09
42 4.44154e-09
43 4.44154e-09
44 4.44154e-09
45 4.44154e-09
46 4.44154e-09
47 4.44154e-09
48 4.44154e-09
49 4.44154e-09
50 4.44154e-09
51 4.44154e-09
52 4.44154e-09
53 4.44154e-09
54 4.44154e-09
55 4.44154e-09
56 4.44154e-09
57 4.44154e-09
58 4.44154e-09
59 4.44154e-09
60 4.44154e-09
61 4.44154e-09
62 4.44154e-09
63 4.44154e-09
64 4.44154e-09
65 4.44154e-09
66 4.44154e-09
67 4.44154e-09
68 4.44154e-09
69 4.44154e-09
70 4.44154e-09
71 4.44154e-09
72 4.44154e-09
73 4.44154e-09
74 4.44154e-09
75 4.44154e-09
76 4.44154e-09
77 4.44154e-09
78 4.44154e-09
79 4.44154e-09
80 4.44154e-09
81 4.44154e-09
82 4.44154e-09
83 4.44154e-09
84 4.44154e-09
85 4.44154e-09
86 4.44154e-09
87 4.44154e-09
88 4.44154e-09
89 4.44154e-09
90 4.44154e-09
91 4.44154e-09
92 4.44154e-09
93 4.44154e-09
94 4.44154e-09
95 4.44154e-09
96 4.44154e-09
97 4.44154e-09
98 4.44154e-09
99 4.44154e-09
100 4.44154e-09
101 4.44154e-09
102 4.44154e-09
103 4.44154e-09
104 4.44154e-09
105 4.44154e-09
106 4.44154e-09
107 4.44154e-09
108 4.44154e-09
109 4.44154e-09
110 4.44154e-09
111 4.44154e-09
112 4.44154e-09
113 4.44154e-09
114 4.44154e-09
115 4.44154e-09
116 4.44154e-09
117 4.44154e-09
118 4.44154e-09
119 4.44154e-09
120 4.44154e-09
121 4.44154e-09
122 4.44154e-09
123 4.44154e-09
124 4.44154e-09
125 4.44154e-09
126 4.44154e-09
127 4.44154e-09
128 4.44154e-09
129 4.44154e-09
130 4.44154e-09
131 4.44154e-09
132 4.44154e-09
133 4.44154e-09
134 4.44154e-09
135 4.44154e-09
136 4.44154e-09
137 4.44154e-09
138 4.44154e-09
139 4.44154e-09
140 4.44154e-09
141 4.44154e-09
142 4.44154e-09
143 4.44154e-09
144 4.44154e-09
145 4.44154e-09
146 4.44154e-09
147 4.44154e-09
148 4.44154e-09
149 4.44154e-09
150 4.44154e-09
151 4.44154e-09
152 4.44154e-09
153 4.44154e-09
154 4.44154e-09
155 4.44154e-09
156 4.44154e-09
157 4.44154e-09
158 4.44154e-09
159 4.44154e-09
160 4.44154e-09
161 4.44154e-09
162 4.44154e-09
163 4.44154e-09
164 4.44154e-09
165 4.44154e-09
166 4.44154e-09
167 4.44154e-09
168 4.44154e-09
169 4.44154e-09
170 4.44154e-09
171 4.44154e-09
172 4.44154e-09
173 4.44154e-09
174 4.44154e-09
175 4.44154e-09
176 4.44154e-09
177 4.44154e-09
178 4.44154e-09
179 4.44154e-09
180 4.44154e-09
181 4.44154e-09
182 4.44154e-09
183 4.44154e-09
184 4.44154e-09
185 4.44154e-09
186 4.44154e-09
187 4.44154e-09
188 4.44154e-09
189 4.44154e-09
190 4.44154e-09
191 4.44154e-09
192 4.44154e-09
193 4.44154e-09
194 4.44154e-09
195 4.44154e-09
196 4.44154e-09
197 4.44154e-09
198 4.44154e-09
199 4.44154e-09
200 4.44154e-09
201 4.44154e-09
202 4.44154e-09
203 4.44154e-09
204 4.44154e-09
205 4.44154e-09
206 4.44154e-09
207 4.44154e-09
208 4.44154e-09
209 4.44154e-09
210 4.44154e-09
211 4.44154e-09
212 4.44154e-09
213 4.44154e-09
214 4.44154e-09
215 4.44154e-09
216 4.44154e-09
217 4.44154e-09
218 4.44154e-09
219 4.44154e-09
220 4.44154e-09
221 4.44154e-09
222 4.44154e-09
223 4.44154e-09
224 4.44154e-09
225 4.44154e-09
226 4.44154e-09
227 4.44154e-09
228 4.44154e-09
229 4.44154e-09
230 4.44154e-09
231 4.44154e-09
232 5.76475e-09
233 1.4213e-08
234 4.51013e-08
235 1.48892e-07
236 4.66932e-07
237 1.41161e-06
238 4.14882e-06
239 1.18979e-05
240 3.33333e-05
241 9.13061e-05
242 0.000244718
243 0.000642322
244 0.00165263
245 0.00417187
246 0.0103405
247 0.0251753
248 0.0602008
249 0.141304
250 0.325181
251 0.732494
252 0.893267
253 0.954956
254 0.977906
255 0.986163
256 0.98903
257 0.994273
258 0.995958
259 0.998801
260 0.999642
261 0.999881
262 0.999945
263 0.999962
264 0.999985
265 0.99999
266 0.999997
267 0.999998
268 0.999998
269 0.999998
270 0.999999
271 1
272 1
273 1
274 1
275 1
276 1
277 1
278 1
279 0.999999
280 0.999999
281 0.999997
282 0.999988
283 0.999979
284 0.999973
285 0.999943
286 0.999819
287 0.99932
288 0.997403
289 0.990361
290 0.965631
291 0.950448
292 0.901687
293 0.874289
294 0.793657
295 0.752082
296 0.731522
297 0.678131
298 0.544894
299 0.225025
300 0.0897979
301 0.0346685
302 0.012966
303 0.00470445
304 0.00165862
305 0.000569254
306 0.000190578
307 6.23817e-05
308 2.00176e-05
309 6.31537e-06
310 1.96414e-06
311 6.02345e-07
312 1.80731e-07
313 5.15506e-08
314 1.40141e-08
315 4.94199e-09
316 4.44154e-09
317 4.44154e-09
318 4.44154e-09
319 4.44154e-09
320 4.44154e-09
321 4.44154e-09
322 4.44154e-09
323 4.44154e-09
324 4.44154e-09
325 4.44154e-09
326 4.44154e-09
327 4.44154e-09
328 4.44154e-09
329 4.44154e-09
330 4.44154e-09
331 4.44154e-09
332 4.44154e-09
333 4.44154e-09
334 4.44154e-09
335 4.44154e-09
336 4.44154e-09
337 4.44154e-09
338 4.44154e-09
339 4.44154e-09
340 4.44154e-09
341 4.44154e-09
342 4.44154e-09
343 4.44154e-09
344 4.44154e-09
345 4.44154e-09
346 4.44154e-09
347 4.44154e-09
348 4.44154e-09
349 4.44154e-09
350 4.44154e-09
351 4.44154e-09
352 4.44154e-09
353 4.44154e-09
354 4.44154e-09
355 4.44154e-09
356 4.44154e-09
357 4.44154e-09
358 4.44154e-09
359 4.44154e-09
360 4.44154e-09
361 4.44154e-09
362 4.44154e-09
363 4.44154e-09
364 4.44154e-09
365 4.44154e-09
366 4.44154e-09
367 4.44154e-09
368 4.44154e-09
369 4.44154e-09
370 4.44154e-09
371 4.44154e-09
372 4.44154e-09
373 4.44154e-09
374 4.44154e-09
375 4.44154e-09
376 4.44154e-09
377 4.44154e-09
378 4.44154e-09
379 4.44154e-09
380 4.44154e-09
381 4.44154e-09
382 4.44154e-09
383 4.44154e-09
384 4.44154e-09
385 4.44154e-09
386 4.44154e-09
387 4.44154e-09
388 4.44154e-09
389 4.44154e-09
390 4.44154e-09
391 4.44154e-09
392 4.44154e-09
393 4.44154e-09
394 4.44154e-09
395 4.44154e-09
396 4.44154e-09
397 4.44154e-09
398 4.44154e-09
399 4.44154e-09
400 4.44154e-09
401 4.44154e-09
402 4.44154e-09
403 4.44154e-09
404 4.44154e-09
405 4.44154e-09
406 4.44154e-09
407 4.44154e-09
408 4.44154e-09
409 4.44154e-09
410 4.44154e-09
411 4.44154e-09
412 4.44154e-09
413 4.44154e-09
414 4.44154e-09
415 4.44154e-09
416 4.44154e-09
417 4.44154e-09
418 4.44154e-09
419 4.44154e-09
420 4.44154e-09
421 4.44154e-09
422 4.44154e-09
423 4.44154e-09
424 4.44154e-09
425 4.44154e-09
426 4.44154e-09
427 4.44154e-09
428 4.44154e-09
429 4.44154e-09
430 4.44154e-09
431 4.44154e-09
432 4.44154e-09
433 4.44154e-09
434 4.44154e-09
435 4.44154e-09
436 4.44154e-09
437 4.44154e-09
438 4.44154e-09
439 4.44154e-09
440 4.44154e-09
441 4.44154e-09
442 4.44154e-09
443 4.44154e-09
444 4.44154e-09
445 4.44154e-09
446 4.44154e-09
447 4.44154e-09
448 4.44154e-09
449 4.44154e-09
450 4.44154e-09
451 4.44154e-09
452 4.44154e-09
453 4.44154e-09
454 4.44154e-09
455 4.44154e-09
456 4.44154e-09
457 4.44154e-09
458 4.44154e-09
459 4.44154e-09
460 4.44154e-09
461 4.44154e-09
462 4.44154e-09
463 4.44154e-09
464 4.44154e-09
465 4.44154e-09
466 4.44154e-09
467 4.44154e-09
468 4.44154e-09
469 4.44154e-09
470 4.44154e-09
471 4.44154e-09
472 4.44154e-09
473 4.44154e-09
474 4.44154e-09
475 4.44154e-09
476 4.44154e-09
477 4.44154e-09
478 4.44154e-09
479 4.44154e-09
480 4.44154e-09
481 4.44154e-09
482 4.44154e-09
483 4.44154e-09
484 4.44154e-09
485 4.44154e-09
486 4.44154e-09
487 4.44154e-09
488 4.44154e-09
489 4.44154e-09
490 4.44154e-09
491 4.44154e-09
492 4.44154e-09
493 4.44154e-09
494 4.44154e-09
495 4.44154e-09
496 4.44154e-09
497 4.44154e-09
498 4.44154e-09
499 4.44154e-09
500 4.44154e-09
501 4.44154e-09
502 4.44154e-09
503 4.44154e-09
504 4.44154e-09
505 4.44154e-09
506 4.44154e-09
507 4.44154e-09
508 4.44154e-09
509 4.44154e-09
510 4.44154e-09
511 4.44154e-09
512 4.44154e-09
513 4.44154e-09
514 4.44154e-09
515 4.44154e-09
516 4.44154e-09
517 4.44154e-09
518 4.44154e-09
519 4.44154e-09
520 4.44154e-09
521 4.44154e-09
522 4.44154e-09
523 4.44154e-09
524 4.44154e-09
525 4.44154e-09
526 4.44154e-09
527 4.44154e-09
528 4.44154e-09
529 4.44154e-09
530 4.44154e-09
531 4.44154e-09
532 4.44154e-09
533 4.44154e-09
534 4.44154e-09
535 4.44154e-09
536 4.44154e-09
537 4.44154e-09
538 4.44154e-09
539 4.44154e-09
540 4.44154e-09
541 4.44154e-09
542 4.44154e-09
543 4.44154e-09
544 4.44154e-09
545 4.44154e-09
546 4.44154e-09
547 4.44154e-09
548 4.44154e-09
549 4.44154e-09
550 4.44154e-09
551 4.44154e-09
552 4.44154e-09
