1 1.32099e-08
2 1.32099e-08
3 1.32099e-08
4 1.32099e-08
5 1.32099e-08
6 1.32099e-08
7 1.32099e-08
8 1.32099e-08
9 1.32099e-08
10 1.32099e-08
11 1.32099e-08
12 1.32099e-08
13 1.32099e-08
14 1.32099e-08
15 1.32099e-08
16 1.32099e-08
17 1.32099e-08
18 1.32099e-08
19 1.32099e-08
20 1.32099e-08
21 1.32099e-08
22 1.32099e-08
23 1.32099e-08
24 1.32099e-08
25 1.32099e-08
26 1.32099e-08
27 1.32099e-08
28 1.32099e-08
29 1.32099e-08
30 1.32099e-08
31 1.32099e-08
32 1.32099e-08
33 1.32099e-08
34 1.32099e-08
35 1.32099e-08
36 1.32099e-08
37 1.32099e-08
38 1.32099e-08
39 1.32099e-08
40 1.32099e-08
41 1.32099e-08
42 1.32099e-08
43 1.32099e-08
44 1.32099e-08
45 1.32099e-08
46 1.32099e-08
47 1.32099e-08
48 1.32099e-08
49 1.32099e-08
50 1.32099e-08
51 1.32099e-08
52 1.32099e-08
53 1.32099e-08
54 1.32099e-08
55 1.32099e-08
56 1.32099e-08
57 1.32099e-08
58 1.32099e-08
59 1.32099e-08
60 1.32099e-08
61 1.32099e-08
62 1.32099e-08
63 1.32099e-08
64 1.32099e-08
65 1.32099e-08
66 1.32099e-08
67 1.32099e-08
68 1.32099e-08
69 1.32099e-08
70 1.32099e-08
71 1.32099e-08
72 1.32099e-08
73 1.32099e-08
74 1.32099e-08
75 1.32099e-08
76 1.32099e-08
77 1.32099e-08
78 1.32099e-08
79 1.32099e-08
80 1.32099e-08
81 1.32099e-08
82 1.32099e-08
83 1.32099e-08
84 1.32099e-08
85 1.32099e-08
86 1.32099e-08
87 1.32099e-08
88 1.32099e-08
89 1.32099e-08
90 1.32099e-08
91 1.32099e-08
92 1.32099e-08
93 1.32099e-08
94 1.32099e-08
95 1.32099e-08
96 1.32099e-08
97 1.32099e-08
98 1.32099e-08
99 1.32099e-08
100 1.32099e-08
101 1.32099e-08
102 1.32099e-08
103 1.32099e-08
104 1.32099e-08
105 1.32099e-08
106 1.32099e-08
107 1.32099e-08
108 1.32099e-08
109 1.32099e-08
110 1.32099e-08
111 1.32099e-08
112 1.32099e-08
113 1.32099e-08
114 1.32099e-08
115 1.32099e-08
116 1.32099e-08
117 1.32099e-08
118 1.32099e-08
119 1.32099e-08
120 1.32099e-08
121 1.32099e-08
122 1.32099e-08
123 1.32099e-08
124 1.32099e-08
125 1.32099e-08
126 1.32099e-08
127 1.32099e-08
128 1.32099e-08
129 1.32099e-08
130 1.32099e-08
131 1.32099e-08
132 1.32099e-08
133 1.32099e-08
134 1.32099e-08
135 1.32099e-08
136 1.32099e-08
137 1.32099e-08
138 1.32099e-08
139 1.32099e-08
140 1.32099e-08
141 1.32099e-08
142 1.32099e-08
143 1.32099e-08
144 1.32099e-08
145 1.32099e-08
146 1.32099e-08
147 1.32099e-08
148 1.32099e-08
149 1.32099e-08
150 1.32099e-08
151 1.32099e-08
152 1.32099e-08
153 1.32099e-08
154 1.32099e-08
155 1.32099e-08
156 1.32099e-08
157 1.32099e-08
158 1.32099e-08
159 1.32099e-08
160 1.32099e-08
161 1.32099e-08
162 1.32099e-08
163 1.32099e-08
164 1.32099e-08
165 1.32099e-08
166 1.32099e-08
167 1.32099e-08
168 1.32099e-08
169 1.32099e-08
170 1.32099e-08
171 1.32099e-08
172 1.32099e-08
173 1.32099e-08
174 1.32099e-08
175 1.32099e-08
176 1.32099e-08
177 1.32099e-08
178 1.32099e-08
179 1.32099e-08
180 1.32099e-08
181 1.32099e-08
182 1.32099e-08
183 1.32099e-08
184 1.32099e-08
185 1.32099e-08
186 1.32099e-08
187 1.32099e-08
188 1.32099e-08
189 1.32099e-08
190 1.32099e-08
191 1.32099e-08
192 1.32099e-08
193 1.32099e-08
194 1.32099e-08
195 1.32099e-08
196 1.32099e-08
197 1.32099e-08
198 1.32099e-08
199 1.32099e-08
200 1.32099e-08
201 1.32099e-08
202 1.32099e-08
203 1.32099e-08
204 1.32099e-08
205 1.32099e-08
206 1.32099e-08
207 1.32099e-08
208 1.32099e-08
209 1.32099e-08
210 1.32099e-08
211 1.32099e-08
212 1.32099e-08
213 1.32099e-08
214 1.32099e-08
215 1.32099e-08
216 1.32099e-08
217 1.32099e-08
218 1.32099e-08
219 1.32099e-08
220 1.32099e-08
221 1.32099e-08
222 1.32099e-08
223 1.32099e-08
224 1.32099e-08
225 1.32099e-08
226 1.32099e-08
227 1.32099e-08
228 1.44733e-08
229 2.16353e-08
230 4.51679e-08
231 1.11453e-07
232 2.91048e-07
233 7.64145e-07
234 1.98056e-06
235 5.0466e-06
236 1.26321e-05
237 3.10629e-05
238 7.50454e-05
239 0.000178073
240 0.000414729
241 0.000946986
242 0.00211696
243 0.00462531
244 0.0098591
245 0.0204645
246 0.041291
247 0.0808505
248 0.153407
249 0.281705
250 0.500136
251 0.857803
252 0.960696
253 0.989123
254 0.996664
255 0.998584
256 0.999053
257 0.999657
258 0.999794
259 0.999957
260 0.999991
261 0.999998
262 0.999999
263 1
264 1
265 1
266 1
267 1
268 1
269 1
270 1
271 1
272 1
273 1
274 1
275 1
276 1
277 1
278 1
279 1
280 1
281 1
282 1
283 1
284 1
285 1
286 0.999998
287 0.99999
288 0.999948
289 0.999738
290 0.998711
291 0.997821
292 0.99374
293 0.990446
294 0.976447
295 0.965999
296 0.958515
297 0.930389
298 0.829016
299 0.478626
300 0.266235
301 0.142701
302 0.0737224
303 0.0367233
304 0.0176467
305 0.00818489
306 0.00366667
307 0.00158766
308 0.000665006
309 0.000269687
310 0.000105995
311 4.04173e-05
312 1.49698e-05
313 5.39308e-06
314 1.89319e-06
315 6.4982e-07
316 2.20428e-07
317 7.66558e-08
318 2.97429e-08
319 1.58748e-08
320 1.32099e-08
321 1.32099e-08
322 1.32099e-08
323 1.32099e-08
324 1.32099e-08
325 1.32099e-08
326 1.32099e-08
327 1.32099e-08
328 1.32099e-08
329 1.32099e-08
330 1.32099e-08
331 1.32099e-08
332 1.32099e-08
333 1.32099e-08
334 1.32099e-08
335 1.32099e-08
336 1.32099e-08
337 1.32099e-08
338 1.32099e-08
339 1.32099e-08
340 1.32099e-08
341 1.32099e-08
342 1.32099e-08
343 1.32099e-08
344 1.32099e-08
345 1.32099e-08
346 1.32099e-08
347 1.32099e-08
348 1.32099e-08
349 1.32099e-08
350 1.32099e-08
351 1.32099e-08
352 1.32099e-08
353 1.32099e-08
354 1.32099e-08
355 1.32099e-08
356 1.32099e-08
357 1.32099e-08
358 1.32099e-08
359 1.32099e-08
360 1.32099e-08
361 1.32099e-08
362 1.32099e-08
363 1.32099e-08
364 1.32099e-08
365 1.32099e-08
366 1.32099e-08
367 1.32099e-08
368 1.32099e-08
369 1.32099e-08
370 1.32099e-08
371 1.32099e-08
372 1.32099e-08
373 1.32099e-08
374 1.32099e-08
375 1.32099e-08
376 1.32099e-08
377 1.32099e-08
378 1.32099e-08
379 1.32099e-08
380 1.32099e-08
381 1.32099e-08
382 1.32099e-08
383 1.32099e-08
384 1.32099e-08
385 1.32099e-08
386 1.32099e-08
387 1.32099e-08
388 1.32099e-08
389 1.32099e-08
390 1.32099e-08
391 1.32099e-08
392 1.32099e-08
393 1.32099e-08
394 1.32099e-08
395 1.32099e-08
396 1.32099e-08
397 1.32099e-08
398 1.32099e-08
399 1.32099e-08
400 1.32099e-08
401 1.32099e-08
402 1.32099e-08
403 1.32099e-08
404 1.32099e-08
405 1.32099e-08
406 1.32099e-08
407 1.32099e-08
408 1.32099e-08
409 1.32099e-08
410 1.32099e-08
411 1.32099e-08
412 1.32099e-08
413 1.32099e-08
414 1.32099e-08
415 1.32099e-08
416 1.32099e-08
417 1.32099e-08
418 1.32099e-08
419 1.32099e-08
420 1.32099e-08
421 1.32099e-08
422 1.32099e-08
423 1.32099e-08
424 1.32099e-08
425 1.32099e-08
426 1.32099e-08
427 1.32099e-08
428 1.32099e-08
429 1.32099e-08
430 1.32099e-08
431 1.32099e-08
432 1.32099e-08
433 1.32099e-08
434 1.32099e-08
435 1.32099e-08
436 1.32099e-08
437 1.32099e-08
438 1.32099e-08
439 1.32099e-08
440 1.32099e-08
441 1.32099e-08
442 1.32099e-08
443 1.32099e-08
444 1.32099e-08
445 1.32099e-08
446 1.32099e-08
447 1.32099e-08
448 1.32099e-08
449 1.32099e-08
450 1.32099e-08
451 1.32099e-08
452 1.32099e-08
453 1.32099e-08
454 1.32099e-08
455 1.32099e-08
456 1.32099e-08
457 1.32099e-08
458 1.32099e-08
459 1.32099e-08
460 1.32099e-08
461 1.32099e-08
462 1.32099e-08
463 1.32099e-08
464 1.32099e-08
465 1.32099e-08
466 1.32099e-08
467 1.32099e-08
468 1.32099e-08
469 1.32099e-08
470 1.32099e-08
471 1.32099e-08
472 1.32099e-08
473 1.32099e-08
474 1.32099e-08
475 1.32099e-08
476 1.32099e-08
477 1.32099e-08
478 1.32099e-08
479 1.32099e-08
480 1.32099e-08
481 1.32099e-08
482 1.32099e-08
483 1.32099e-08
484 1.32099e-08
485 1.32099e-08
486 1.32099e-08
487 1.32099e-08
488 1.32099e-08
489 1.32099e-08
490 1.32099e-08
491 1.32099e-08
492 1.32099e-08
493 1.32099e-08
494 1.32099e-08
495 1.32099e-08
496 1.32099e-08
497 1.32099e-08
498 1.32099e-08
499 1.32099e-08
500 1.32099e-08
501 1.32099e-08
502 1.32099e-08
503 1.32099e-08
504 1.32099e-08
505 1.32099e-08
506 1.32099e-08
507 1.32099e-08
508 1.32099e-08
509 1.32099e-08
510 1.32099e-08
511 1.32099e-08
512 1.32099e-08
513 1.32099e-08
514 1.32099e-08
515 1.32099e-08
516 1.32099e-08
517 1.32099e-08
518 1.32099e-08
519 1.32099e-08
520 1.32099e-08
521 1.32099e-08
522 1.32099e-08
523 1.32099e-08
524 1.32099e-08
525 1.32099e-08
526 1.32099e-08
527 1.32099e-08
528 1.32099e-08
529 1.32099e-08
530 1.32099e-08
531 1.32099e-08
532 1.32099e-08
533 1.32099e-08
534 1.32099e-08
535 1.32099e-08
536 1.32099e-08
537 1.32099e-08
538 1.32099e-08
539 1.32099e-08
540 1.32099e-08
541 1.32099e-08
542 1.32099e-08
543 1.32099e-08
544 1.32099e-08
545 1.32099e-08
546 1.32099e-08
547 1.32099e-08
548 1.32099e-08
549 1.32099e-08
550 1.32099e-08
551 1.32099e-08
552 1.32099e-08
