1 5.25619e-09
2 5.25619e-09
3 5.25619e-09
4 5.25619e-09
5 5.25619e-09
6 5.25619e-09
7 5.25619e-09
8 5.25619e-09
9 5.25619e-09
10 5.25619e-09
11 5.25619e-09
12 5.25619e-09
13 5.25619e-09
14 5.25619e-09
15 5.25619e-09
16 5.25619e-09
17 5.25619e-09
18 5.25619e-09
19 5.25619e-09
20 5.25619e-09
21 5.25619e-09
22 5.25619e-09
23 5.25619e-09
24 5.25619e-09
25 5.25619e-09
26 5.25619e-09
27 5.25619e-09
28 5.25619e-09
29 5.25619e-09
30 5.25619e-09
31 5.25619e-09
32 5.25619e-09
33 5.25619e-09
34 5.25619e-09
35 5.25619e-09
36 5.25619e-09
37 5.25619e-09
38 5.25619e-09
39 5.25619e-09
40 5.25619e-09
41 5.25619e-09
42 5.25619e-09
43 5.25619e-09
44 5.25619e-09
45 5.25619e-09
46 5.25619e-09
47 5.25619e-09
48 5.25619e-09
49 5.25619e-09
50 5.25619e-09
51 5.25619e-09
52 5.25619e-09
53 5.25619e-09
54 5.25619e-09
55 5.25619e-09
56 5.25619e-09
57 5.25619e-09
58 5.25619e-09
59 5.25619e-09
60 5.25619e-09
61 5.25619e-09
62 5.25619e-09
63 5.25619e-09
64 5.25619e-09
65 5.25619e-09
66 5.25619e-09
67 5.25619e-09
68 5.25619e-09
69 5.25619e-09
70 5.25619e-09
71 5.25619e-09
72 5.25619e-09
73 5.25619e-09
74 5.25619e-09
75 5.25619e-09
76 5.25619e-09
77 5.25619e-09
78 5.25619e-09
79 5.25619e-09
80 5.25619e-09
81 5.25619e-09
82 5.25619e-09
83 5.25619e-09
84 5.25619e-09
85 5.25619e-09
86 5.25619e-09
87 5.25619e-09
88 5.25619e-09
89 5.25619e-09
90 5.25619e-09
91 5.25619e-09
92 5.25619e-09
93 5.25619e-09
94 5.25619e-09
95 5.25619e-09
96 5.25619e-09
97 5.25619e-09
98 5.25619e-09
99 5.25619e-09
100 5.25619e-09
101 5.25619e-09
102 5.25619e-09
103 5.25619e-09
104 5.25619e-09
105 5.25619e-09
106 5.25619e-09
107 5.25619e-09
108 5.25619e-09
109 5.25619e-09
110 5.25619e-09
111 5.25619e-09
112 5.25619e-09
113 5.25619e-09
114 5.25619e-09
115 5.25619e-09
116 5.25619e-09
117 5.25619e-09
118 5.25619e-09
119 5.25619e-09
120 5.25619e-09
121 5.25619e-09
122 5.25619e-09
123 5.25619e-09
124 5.25619e-09
125 5.25619e-09
126 5.25619e-09
127 5.25619e-09
128 5.25619e-09
129 5.25619e-09
130 5.25619e-09
131 5.25619e-09
132 5.25619e-09
133 5.25619e-09
134 5.25619e-09
135 5.25619e-09
136 5.25619e-09
137 5.25619e-09
138 5.25619e-09
139 5.25619e-09
140 5.25619e-09
141 5.25619e-09
142 5.25619e-09
143 5.25619e-09
144 5.25619e-09
145 5.25619e-09
146 5.25619e-09
147 5.25619e-09
148 5.25619e-09
149 5.25619e-09
150 5.25619e-09
151 5.25619e-09
152 5.25619e-09
153 5.25619e-09
154 5.25619e-09
155 5.25619e-09
156 5.25619e-09
157 5.25619e-09
158 5.25619e-09
159 5.25619e-09
160 5.25619e-09
161 5.25619e-09
162 5.25619e-09
163 5.25619e-09
164 5.25619e-09
165 5.25619e-09
166 5.25619e-09
167 5.25619e-09
168 5.25619e-09
169 5.25619e-09
170 5.25619e-09
171 5.25619e-09
172 5.25619e-09
173 5.25619e-09
174 5.25619e-09
175 5.25619e-09
176 5.25619e-09
177 5.25619e-09
178 5.25619e-09
179 5.25619e-09
180 5.25619e-09
181 5.25619e-09
182 5.25619e-09
183 5.25619e-09
184 5.25619e-09
185 5.25619e-09
186 5.25619e-09
187 5.25619e-09
188 5.25619e-09
189 5.25619e-09
190 5.25619e-09
191 5.25619e-09
192 5.25619e-09
193 5.25619e-09
194 5.25619e-09
195 5.25619e-09
196 5.25619e-09
197 5.25619e-09
198 5.25619e-09
199 5.25619e-09
200 5.25619e-09
201 5.25619e-09
202 5.25619e-09
203 5.25619e-09
204 5.25619e-09
205 5.25619e-09
206 5.25619e-09
207 5.25619e-09
208 5.25619e-09
209 5.25619e-09
210 5.25619e-09
211 5.25619e-09
212 5.25619e-09
213 5.25619e-09
214 5.25619e-09
215 5.25619e-09
216 5.25619e-09
217 5.25619e-09
218 5.25619e-09
219 5.25619e-09
220 5.25619e-09
221 5.25619e-09
222 5.25619e-09
223 5.25619e-09
224 5.25619e-09
225 5.25619e-09
226 5.25619e-09
227 5.25619e-09
228 5.25619e-09
229 5.25619e-09
230 5.25619e-09
231 5.25619e-09
232 5.25619e-09
233 5.25619e-09
234 5.25619e-09
235 5.25619e-09
236 5.25619e-09
237 5.25619e-09
238 5.25619e-09
239 5.25619e-09
240 5.25619e-09
241 5.25619e-09
242 5.25619e-09
243 5.25619e-09
244 5.25619e-09
245 5.25619e-09
246 5.25619e-09
247 5.25619e-09
248 5.25619e-09
249 5.25619e-09
250 4.23065e-08
251 2.40619e-07
252 3.65948e-07
253 4.13589e-07
254 3.8167e-07
255 2.71385e-07
256 8.68464e-08
257 1.10339e-07
258 7.14549e-08
259 2.20276e-07
260 2.96005e-07
261 2.96005e-07
262 2.20276e-07
263 7.14549e-08
264 8.69564e-08
265 3.98388e-08
266 9.85605e-08
267 9.14192e-08
268 1.86818e-08
269 5.25619e-09
270 1.86818e-08
271 1.21618e-07
272 1.59874e-07
273 1.31918e-07
274 3.23621e-07
275 4.41566e-07
276 4.81387e-07
277 4.41566e-07
278 3.23621e-07
279 1.31918e-07
280 1.59874e-07
281 1.21618e-07
282 1.86818e-08
283 4.9796e-08
284 2.90243e-07
285 4.58779e-07
286 5.48879e-07
287 5.5687e-07
288 4.82404e-07
289 3.28499e-07
290 1.01152e-07
291 9.35305e-08
292 2.4966e-08
293 4.84588e-08
294 1.15404e-08
295 2.64132e-08
296 1.31069e-07
297 1.66298e-07
298 1.31069e-07
299 2.64132e-08
300 5.25619e-09
301 5.25619e-09
302 5.25619e-09
303 5.25619e-09
304 5.25619e-09
305 5.25619e-09
306 5.25619e-09
307 5.25619e-09
308 5.25619e-09
309 5.25619e-09
310 5.25619e-09
311 5.25619e-09
312 5.25619e-09
313 5.25619e-09
314 5.25619e-09
315 5.25619e-09
316 5.25619e-09
317 5.25619e-09
318 5.25619e-09
319 5.25619e-09
320 5.25619e-09
321 5.25619e-09
322 5.25619e-09
323 5.25619e-09
324 5.25619e-09
325 5.25619e-09
326 5.25619e-09
327 5.25619e-09
328 5.25619e-09
329 5.25619e-09
330 5.25619e-09
331 5.25619e-09
332 5.25619e-09
333 5.25619e-09
334 5.25619e-09
335 5.25619e-09
336 5.25619e-09
337 5.25619e-09
338 5.25619e-09
339 5.25619e-09
340 5.25619e-09
341 5.25619e-09
342 5.25619e-09
343 5.25619e-09
344 5.25619e-09
345 5.25619e-09
346 5.25619e-09
347 5.25619e-09
348 5.25619e-09
349 5.25619e-09
350 5.25619e-09
351 5.25619e-09
352 5.25619e-09
353 5.25619e-09
354 5.25619e-09
355 5.25619e-09
356 5.25619e-09
357 5.25619e-09
358 5.25619e-09
359 5.25619e-09
360 5.25619e-09
361 5.25619e-09
362 5.25619e-09
363 5.25619e-09
364 5.25619e-09
365 5.25619e-09
366 5.25619e-09
367 5.25619e-09
368 5.25619e-09
369 5.25619e-09
370 5.25619e-09
371 5.25619e-09
372 5.25619e-09
373 5.25619e-09
374 5.25619e-09
375 5.25619e-09
376 5.25619e-09
377 5.25619e-09
378 5.25619e-09
379 5.25619e-09
380 5.25619e-09
381 5.25619e-09
382 5.25619e-09
383 5.25619e-09
384 5.25619e-09
385 5.25619e-09
386 5.25619e-09
387 5.25619e-09
388 5.25619e-09
389 5.25619e-09
390 5.25619e-09
391 5.25619e-09
392 5.25619e-09
393 5.25619e-09
394 5.25619e-09
395 5.25619e-09
396 5.25619e-09
397 5.25619e-09
398 5.25619e-09
399 5.25619e-09
400 5.25619e-09
401 5.25619e-09
402 5.25619e-09
403 5.25619e-09
404 5.25619e-09
405 5.25619e-09
406 5.25619e-09
407 5.25619e-09
408 5.25619e-09
409 5.25619e-09
410 5.25619e-09
411 5.25619e-09
412 5.25619e-09
413 5.25619e-09
414 5.25619e-09
415 5.25619e-09
416 5.25619e-09
417 5.25619e-09
418 5.25619e-09
419 5.25619e-09
420 5.25619e-09
421 5.25619e-09
422 5.25619e-09
423 5.25619e-09
424 5.25619e-09
425 5.25619e-09
426 5.25619e-09
427 5.25619e-09
428 5.25619e-09
429 5.25619e-09
430 5.25619e-09
431 5.25619e-09
432 5.25619e-09
433 5.25619e-09
434 5.25619e-09
435 5.25619e-09
436 5.25619e-09
437 5.25619e-09
438 5.25619e-09
439 5.25619e-09
440 5.25619e-09
441 5.25619e-09
442 5.25619e-09
443 5.25619e-09
444 5.25619e-09
445 5.25619e-09
446 5.25619e-09
447 5.25619e-09
448 5.25619e-09
449 5.25619e-09
450 5.25619e-09
451 5.25619e-09
452 5.25619e-09
453 5.25619e-09
454 5.25619e-09
455 5.25619e-09
456 5.25619e-09
457 5.25619e-09
458 5.25619e-09
459 5.25619e-09
460 5.25619e-09
461 5.25619e-09
462 5.25619e-09
463 5.25619e-09
464 5.25619e-09
465 5.25619e-09
466 5.25619e-09
467 5.25619e-09
468 5.25619e-09
469 5.25619e-09
470 5.25619e-09
471 5.25619e-09
472 5.25619e-09
473 5.25619e-09
474 5.25619e-09
475 5.25619e-09
476 5.25619e-09
477 5.25619e-09
478 5.25619e-09
479 5.25619e-09
480 5.25619e-09
481 5.25619e-09
482 5.25619e-09
483 5.25619e-09
484 5.25619e-09
485 5.25619e-09
486 5.25619e-09
487 5.25619e-09
488 5.25619e-09
489 5.25619e-09
490 5.25619e-09
491 5.25619e-09
492 5.25619e-09
493 5.25619e-09
494 5.25619e-09
495 5.25619e-09
496 5.25619e-09
497 5.25619e-09
498 5.25619e-09
499 5.25619e-09
500 5.25619e-09
501 5.25619e-09
502 5.25619e-09
503 5.25619e-09
504 5.25619e-09
505 5.25619e-09
506 5.25619e-09
507 5.25619e-09
508 5.25619e-09
509 5.25619e-09
510 5.25619e-09
511 5.25619e-09
512 5.25619e-09
513 5.25619e-09
514 5.25619e-09
515 5.25619e-09
516 5.25619e-09
517 5.25619e-09
518 5.25619e-09
519 5.25619e-09
520 5.25619e-09
521 5.25619e-09
522 5.25619e-09
523 5.25619e-09
524 5.25619e-09
525 5.25619e-09
526 5.25619e-09
527 5.25619e-09
528 5.25619e-09
529 5.25619e-09
530 5.25619e-09
531 5.25619e-09
532 5.25619e-09
533 5.25619e-09
534 5.25619e-09
535 5.25619e-09
536 5.25619e-09
537 5.25619e-09
538 5.25619e-09
539 5.25619e-09
540 5.25619e-09
541 5.25619e-09
542 5.25619e-09
543 5.25619e-09
544 5.25619e-09
545 5.25619e-09
546 5.25619e-09
547 5.25619e-09
548 5.25619e-09
549 5.25619e-09
550 5.25619e-09
551 5.25619e-09
552 5.25619e-09
