1 1.40129e-09
2 1.40129e-09
3 1.40129e-09
4 1.40129e-09
5 1.40129e-09
6 1.40129e-09
7 1.40129e-09
8 1.40129e-09
9 1.40129e-09
10 1.40129e-09
11 1.40129e-09
12 1.40129e-09
13 1.40129e-09
14 1.40129e-09
15 1.40129e-09
16 1.40129e-09
17 1.40129e-09
18 1.40129e-09
19 1.40129e-09
20 1.40129e-09
21 1.40129e-09
22 1.40129e-09
23 1.40129e-09
24 1.40129e-09
25 1.40129e-09
26 1.40129e-09
27 1.40129e-09
28 1.40129e-09
29 1.40129e-09
30 1.40129e-09
31 1.40129e-09
32 1.40129e-09
33 1.40129e-09
34 1.40129e-09
35 1.40129e-09
36 1.40129e-09
37 1.40129e-09
38 1.40129e-09
39 1.40129e-09
40 1.40129e-09
41 1.40129e-09
42 1.40129e-09
43 1.40129e-09
44 1.40129e-09
45 1.40129e-09
46 1.40129e-09
47 1.40129e-09
48 1.40129e-09
49 1.40129e-09
50 1.40129e-09
51 1.40129e-09
52 1.40129e-09
53 1.40129e-09
54 1.40129e-09
55 1.40129e-09
56 1.40129e-09
57 1.40129e-09
58 1.40129e-09
59 1.40129e-09
60 1.40129e-09
61 1.40129e-09
62 1.40129e-09
63 1.40129e-09
64 1.40129e-09
65 1.40129e-09
66 1.40129e-09
67 1.40129e-09
68 1.40129e-09
69 1.40129e-09
70 1.40129e-09
71 1.40129e-09
72 1.40129e-09
73 1.40129e-09
74 1.40129e-09
75 1.40129e-09
76 1.40129e-09
77 1.40129e-09
78 1.40129e-09
79 1.40129e-09
80 1.40129e-09
81 1.40129e-09
82 1.40129e-09
83 1.40129e-09
84 1.40129e-09
85 1.40129e-09
86 1.40129e-09
87 1.40129e-09
88 1.40129e-09
89 1.40129e-09
90 1.40129e-09
91 1.40129e-09
92 1.40129e-09
93 1.40129e-09
94 1.40129e-09
95 1.40129e-09
96 1.40129e-09
97 1.40129e-09
98 1.40129e-09
99 1.40129e-09
100 1.40129e-09
101 1.40129e-09
102 1.40129e-09
103 1.40129e-09
104 1.40129e-09
105 1.40129e-09
106 1.40129e-09
107 1.40129e-09
108 1.40129e-09
109 1.40129e-09
110 1.40129e-09
111 1.40129e-09
112 1.40129e-09
113 1.40129e-09
114 1.40129e-09
115 1.40129e-09
116 1.40129e-09
117 1.40129e-09
118 1.40129e-09
119 1.40129e-09
120 1.40129e-09
121 1.40129e-09
122 1.40129e-09
123 1.40129e-09
124 1.40129e-09
125 1.40129e-09
126 1.40129e-09
127 1.40129e-09
128 1.40129e-09
129 1.40129e-09
130 1.40129e-09
131 1.40129e-09
132 1.40129e-09
133 1.40129e-09
134 1.40129e-09
135 1.40129e-09
136 1.40129e-09
137 1.40129e-09
138 1.40129e-09
139 1.40129e-09
140 1.40129e-09
141 1.40129e-09
142 1.40129e-09
143 1.40129e-09
144 1.40129e-09
145 1.40129e-09
146 1.40129e-09
147 1.40129e-09
148 1.40129e-09
149 1.40129e-09
150 1.40129e-09
151 1.40129e-09
152 1.40129e-09
153 1.40129e-09
154 1.40129e-09
155 1.40129e-09
156 1.40129e-09
157 1.40129e-09
158 1.40129e-09
159 1.40129e-09
160 1.40129e-09
161 1.40129e-09
162 1.40129e-09
163 1.40129e-09
164 1.40129e-09
165 1.40129e-09
166 1.40129e-09
167 1.40129e-09
168 1.40129e-09
169 1.40129e-09
170 1.40129e-09
171 1.40129e-09
172 1.40129e-09
173 1.40129e-09
174 1.40129e-09
175 1.40129e-09
176 1.40129e-09
177 1.40129e-09
178 1.40129e-09
179 1.40129e-09
180 1.40129e-09
181 1.40129e-09
182 1.40129e-09
183 1.40129e-09
184 1.40129e-09
185 1.40129e-09
186 1.40129e-09
187 1.40129e-09
188 1.40129e-09
189 1.40129e-09
190 1.40129e-09
191 1.40129e-09
192 1.40129e-09
193 1.40129e-09
194 1.40129e-09
195 1.40129e-09
196 1.40129e-09
197 1.40129e-09
198 1.40129e-09
199 1.40129e-09
200 1.40129e-09
201 1.40129e-09
202 1.40129e-09
203 1.40129e-09
204 1.40129e-09
205 1.40129e-09
206 1.40129e-09
207 1.40129e-09
208 1.40129e-09
209 1.40129e-09
210 1.40129e-09
211 1.40129e-09
212 1.40129e-09
213 1.40129e-09
214 1.40129e-09
215 1.40129e-09
216 1.40129e-09
217 1.40129e-09
218 1.40129e-09
219 1.40129e-09
220 1.40129e-09
221 1.40129e-09
222 1.40129e-09
223 1.40129e-09
224 1.40129e-09
225 1.40129e-09
226 1.40129e-09
227 1.40129e-09
228 1.40129e-09
229 1.40129e-09
230 1.40129e-09
231 1.40129e-09
232 1.40129e-09
233 1.40129e-09
234 2.23174e-09
235 5.36087e-09
236 1.44431e-08
237 4.12752e-08
238 1.15214e-07
239 3.16826e-07
240 8.6881e-07
241 2.41057e-06
242 6.85648e-06
243 2.01848e-05
244 6.17022e-05
245 0.000195128
246 0.000633169
247 0.00208907
248 0.00695757
249 0.0232836
250 0.0781176
251 0.26248
252 0.375822
253 0.445368
254 0.487821
255 0.513494
256 0.528807
257 0.577875
258 0.606001
259 0.692049
260 0.738916
261 0.763745
262 0.776535
263 0.782937
264 0.80006
265 0.808191
266 0.828986
267 0.838396
268 0.842263
269 0.85229
270 0.876515
271 0.933095
272 0.956322
273 0.96491
274 0.984874
275 0.991342
276 0.990925
277 0.984082
278 0.966347
279 0.926573
280 0.911316
281 0.879997
282 0.818588
283 0.797372
284 0.790288
285 0.777637
286 0.755661
287 0.718284
288 0.655722
289 0.552078
290 0.38089
291 0.328858
292 0.240737
293 0.212562
294 0.161095
295 0.143056
296 0.136456
297 0.122846
298 0.0944072
299 0.035084
300 0.0127524
301 0.00451821
302 0.0015579
303 0.000522681
304 0.00017079
305 5.44588e-05
306 1.69943e-05
307 5.20948e-06
308 1.57535e-06
309 4.71872e-07
310 1.40446e-07
311 4.16234e-08
312 1.22855e-08
313 3.67254e-09
314 1.5784e-09
315 1.40129e-09
316 1.40129e-09
317 1.40129e-09
318 1.40129e-09
319 1.40129e-09
320 1.40129e-09
321 1.40129e-09
322 1.40129e-09
323 1.40129e-09
324 1.40129e-09
325 1.40129e-09
326 1.40129e-09
327 1.40129e-09
328 1.40129e-09
329 1.40129e-09
330 1.40129e-09
331 1.40129e-09
332 1.40129e-09
333 1.40129e-09
334 1.40129e-09
335 1.40129e-09
336 1.40129e-09
337 1.40129e-09
338 1.40129e-09
339 1.40129e-09
340 1.40129e-09
341 1.40129e-09
342 1.40129e-09
343 1.40129e-09
344 1.40129e-09
345 1.40129e-09
346 1.40129e-09
347 1.40129e-09
348 1.40129e-09
349 1.40129e-09
350 1.40129e-09
351 1.40129e-09
352 1.40129e-09
353 1.40129e-09
354 1.40129e-09
355 1.40129e-09
356 1.40129e-09
357 1.40129e-09
358 1.40129e-09
359 1.40129e-09
360 1.40129e-09
361 1.40129e-09
362 1.40129e-09
363 1.40129e-09
364 1.40129e-09
365 1.40129e-09
366 1.40129e-09
367 1.40129e-09
368 1.40129e-09
369 1.40129e-09
370 1.40129e-09
371 1.40129e-09
372 1.40129e-09
373 1.40129e-09
374 1.40129e-09
375 1.40129e-09
376 1.40129e-09
377 1.40129e-09
378 1.40129e-09
379 1.40129e-09
380 1.40129e-09
381 1.40129e-09
382 1.40129e-09
383 1.40129e-09
384 1.40129e-09
385 1.40129e-09
386 1.40129e-09
387 1.40129e-09
388 1.40129e-09
389 1.40129e-09
390 1.40129e-09
391 1.40129e-09
392 1.40129e-09
393 1.40129e-09
394 1.40129e-09
395 1.40129e-09
396 1.40129e-09
397 1.40129e-09
398 1.40129e-09
399 1.40129e-09
400 1.40129e-09
401 1.40129e-09
402 1.40129e-09
403 1.40129e-09
404 1.40129e-09
405 1.40129e-09
406 1.40129e-09
407 1.40129e-09
408 1.40129e-09
409 1.40129e-09
410 1.40129e-09
411 1.40129e-09
412 1.40129e-09
413 1.40129e-09
414 1.40129e-09
415 1.40129e-09
416 1.40129e-09
417 1.40129e-09
418 1.40129e-09
419 1.40129e-09
420 1.40129e-09
421 1.40129e-09
422 1.40129e-09
423 1.40129e-09
424 1.40129e-09
425 1.40129e-09
426 1.40129e-09
427 1.40129e-09
428 1.40129e-09
429 1.40129e-09
430 1.40129e-09
431 1.40129e-09
432 1.40129e-09
433 1.40129e-09
434 1.40129e-09
435 1.40129e-09
436 1.40129e-09
437 1.40129e-09
438 1.40129e-09
439 1.40129e-09
440 1.40129e-09
441 1.40129e-09
442 1.40129e-09
443 1.40129e-09
444 1.40129e-09
445 1.40129e-09
446 1.40129e-09
447 1.40129e-09
448 1.40129e-09
449 1.40129e-09
450 1.40129e-09
451 1.40129e-09
452 1.40129e-09
453 1.40129e-09
454 1.40129e-09
455 1.40129e-09
456 1.40129e-09
457 1.40129e-09
458 1.40129e-09
459 1.40129e-09
460 1.40129e-09
461 1.40129e-09
462 1.40129e-09
463 1.40129e-09
464 1.40129e-09
465 1.40129e-09
466 1.40129e-09
467 1.40129e-09
468 1.40129e-09
469 1.40129e-09
470 1.40129e-09
471 1.40129e-09
472 1.40129e-09
473 1.40129e-09
474 1.40129e-09
475 1.40129e-09
476 1.40129e-09
477 1.40129e-09
478 1.40129e-09
479 1.40129e-09
480 1.40129e-09
481 1.40129e-09
482 1.40129e-09
483 1.40129e-09
484 1.40129e-09
485 1.40129e-09
486 1.40129e-09
487 1.40129e-09
488 1.40129e-09
489 1.40129e-09
490 1.40129e-09
491 1.40129e-09
492 1.40129e-09
493 1.40129e-09
494 1.40129e-09
495 1.40129e-09
496 1.40129e-09
497 1.40129e-09
498 1.40129e-09
499 1.40129e-09
500 1.40129e-09
501 1.40129e-09
502 1.40129e-09
503 1.40129e-09
504 1.40129e-09
505 1.40129e-09
506 1.40129e-09
507 1.40129e-09
508 1.40129e-09
509 1.40129e-09
510 1.40129e-09
511 1.40129e-09
512 1.40129e-09
513 1.40129e-09
514 1.40129e-09
515 1.40129e-09
516 1.40129e-09
517 1.40129e-09
518 1.40129e-09
519 1.40129e-09
520 1.40129e-09
521 1.40129e-09
522 1.40129e-09
523 1.40129e-09
524 1.40129e-09
525 1.40129e-09
526 1.40129e-09
527 1.40129e-09
528 1.40129e-09
529 1.40129e-09
530 1.40129e-09
531 1.40129e-09
532 1.40129e-09
533 1.40129e-09
534 1.40129e-09
535 1.40129e-09
536 1.40129e-09
537 1.40129e-09
538 1.40129e-09
539 1.40129e-09
540 1.40129e-09
541 1.40129e-09
542 1.40129e-09
543 1.40129e-09
544 1.40129e-09
545 1.40129e-09
546 1.40129e-09
547 1.40129e-09
548 1.40129e-09
549 1.40129e-09
550 1.40129e-09
551 1.40129e-09
552 1.40129e-09
