1 1.65497e-09
2 1.65497e-09
3 1.65497e-09
4 1.65497e-09
5 1.65497e-09
6 1.65497e-09
7 1.65497e-09
8 1.65497e-09
9 1.65497e-09
10 1.65497e-09
11 1.65497e-09
12 1.65497e-09
13 1.65497e-09
14 1.65497e-09
15 1.65497e-09
16 1.65497e-09
17 1.65497e-09
18 1.65497e-09
19 1.65497e-09
20 1.65497e-09
21 1.65497e-09
22 1.65497e-09
23 1.65497e-09
24 1.65497e-09
25 1.65497e-09
26 1.65497e-09
27 1.65497e-09
28 1.65497e-09
29 1.65497e-09
30 1.65497e-09
31 1.65497e-09
32 1.65497e-09
33 1.65497e-09
34 1.65497e-09
35 1.65497e-09
36 1.65497e-09
37 1.65497e-09
38 1.65497e-09
39 1.65497e-09
40 1.65497e-09
41 1.65497e-09
42 1.65497e-09
43 1.65497e-09
44 1.65497e-09
45 1.65497e-09
46 1.65497e-09
47 1.65497e-09
48 1.65497e-09
49 1.65497e-09
50 1.65497e-09
51 1.65497e-09
52 1.65497e-09
53 1.65497e-09
54 1.65497e-09
55 1.65497e-09
56 1.65497e-09
57 1.65497e-09
58 1.65497e-09
59 1.65497e-09
60 1.65497e-09
61 1.65497e-09
62 1.65497e-09
63 1.65497e-09
64 1.65497e-09
65 1.65497e-09
66 1.65497e-09
67 1.65497e-09
68 1.65497e-09
69 1.65497e-09
70 1.65497e-09
71 1.65497e-09
72 1.65497e-09
73 1.65497e-09
74 1.65497e-09
75 1.65497e-09
76 1.65497e-09
77 1.65497e-09
78 1.65497e-09
79 1.65497e-09
80 1.65497e-09
81 1.65497e-09
82 1.65497e-09
83 1.65497e-09
84 1.65497e-09
85 1.65497e-09
86 1.65497e-09
87 1.65497e-09
88 1.65497e-09
89 1.65497e-09
90 1.65497e-09
91 1.65497e-09
92 1.65497e-09
93 1.65497e-09
94 1.65497e-09
95 1.65497e-09
96 1.65497e-09
97 1.65497e-09
98 1.65497e-09
99 1.65497e-09
100 1.65497e-09
101 1.65497e-09
102 1.65497e-09
103 1.65497e-09
104 1.65497e-09
105 1.65497e-09
106 1.65497e-09
107 1.65497e-09
108 1.65497e-09
109 1.65497e-09
110 1.65497e-09
111 1.65497e-09
112 1.65497e-09
113 1.65497e-09
114 1.65497e-09
115 1.65497e-09
116 1.65497e-09
117 1.65497e-09
118 1.65497e-09
119 1.65497e-09
120 1.65497e-09
121 1.65497e-09
122 1.65497e-09
123 1.65497e-09
124 1.65497e-09
125 1.65497e-09
126 1.65497e-09
127 1.65497e-09
128 1.65497e-09
129 1.65497e-09
130 1.65497e-09
131 1.65497e-09
132 1.65497e-09
133 1.65497e-09
134 1.65497e-09
135 1.65497e-09
136 1.65497e-09
137 1.65497e-09
138 1.65497e-09
139 1.65497e-09
140 1.65497e-09
141 1.65497e-09
142 1.65497e-09
143 1.65497e-09
144 1.65497e-09
145 1.65497e-09
146 1.65497e-09
147 1.65497e-09
148 1.65497e-09
149 1.65497e-09
150 1.65497e-09
151 1.65497e-09
152 1.65497e-09
153 1.65497e-09
154 1.65497e-09
155 1.65497e-09
156 1.65497e-09
157 1.65497e-09
158 1.65497e-09
159 1.65497e-09
160 1.65497e-09
161 1.65497e-09
162 1.65497e-09
163 1.65497e-09
164 1.65497e-09
165 1.65497e-09
166 1.65497e-09
167 1.65497e-09
168 1.65497e-09
169 1.65497e-09
170 1.65497e-09
171 1.65497e-09
172 1.65497e-09
173 1.65497e-09
174 1.65497e-09
175 1.65497e-09
176 1.65497e-09
177 1.65497e-09
178 1.65497e-09
179 1.65497e-09
180 1.65497e-09
181 1.65497e-09
182 1.65497e-09
183 1.65497e-09
184 1.65497e-09
185 1.65497e-09
186 1.65497e-09
187 1.65497e-09
188 1.65497e-09
189 1.65497e-09
190 1.65497e-09
191 1.65497e-09
192 1.65497e-09
193 1.65497e-09
194 1.65497e-09
195 1.65497e-09
196 1.65497e-09
197 1.65497e-09
198 1.65497e-09
199 1.65497e-09
200 1.65497e-09
201 1.65497e-09
202 1.65497e-09
203 1.65497e-09
204 1.65497e-09
205 1.65497e-09
206 1.65497e-09
207 1.65497e-09
208 1.65497e-09
209 1.65497e-09
210 1.65497e-09
211 1.65497e-09
212 1.65497e-09
213 1.65497e-09
214 1.65497e-09
215 1.65497e-09
216 1.65497e-09
217 1.65497e-09
218 1.65497e-09
219 1.65497e-09
220 1.65497e-09
221 1.65497e-09
222 1.65497e-09
223 1.65497e-09
224 1.65497e-09
225 1.65497e-09
226 1.65497e-09
227 1.65497e-09
228 1.65497e-09
229 1.65497e-09
230 1.65497e-09
231 1.65497e-09
232 1.65497e-09
233 1.75241e-09
234 2.69059e-09
235 5.95694e-09
236 1.58204e-08
237 4.47712e-08
238 1.25192e-07
239 3.44383e-07
240 9.40209e-07
241 2.57296e-06
242 7.14724e-06
243 2.0402e-05
244 6.03678e-05
245 0.00018554
246 0.000589533
247 0.00191957
248 0.00634695
249 0.0211621
250 0.0708581
251 0.237803
252 0.340448
253 0.403564
254 0.442291
255 0.465922
256 0.480199
257 0.526709
258 0.553894
259 0.638889
260 0.686267
261 0.711971
262 0.725529
263 0.732465
264 0.751442
265 0.760611
266 0.784542
267 0.795487
268 0.799851
269 0.811804
270 0.841357
271 0.911642
272 0.940982
273 0.951967
274 0.978444
275 0.987331
276 0.987179
277 0.979006
278 0.958123
279 0.912728
280 0.895969
281 0.862504
282 0.798786
283 0.77739
284 0.770441
285 0.758271
286 0.737515
287 0.702731
288 0.645097
289 0.550001
290 0.392315
291 0.343706
292 0.259227
293 0.231216
294 0.177878
295 0.158454
296 0.151148
297 0.135874
298 0.103936
299 0.0379383
300 0.0134995
301 0.00467403
302 0.00157417
303 0.000516115
304 0.000165037
305 5.16161e-05
306 1.58481e-05
307 4.7985e-06
308 1.43957e-06
309 4.29741e-07
310 1.28097e-07
311 3.8378e-08
312 1.17019e-08
313 3.86976e-09
314 1.92912e-09
315 1.65497e-09
316 1.65497e-09
317 1.65497e-09
318 1.65497e-09
319 1.65497e-09
320 1.65497e-09
321 1.65497e-09
322 1.65497e-09
323 1.65497e-09
324 1.65497e-09
325 1.65497e-09
326 1.65497e-09
327 1.65497e-09
328 1.65497e-09
329 1.65497e-09
330 1.65497e-09
331 1.65497e-09
332 1.65497e-09
333 1.65497e-09
334 1.65497e-09
335 1.65497e-09
336 1.65497e-09
337 1.65497e-09
338 1.65497e-09
339 1.65497e-09
340 1.65497e-09
341 1.65497e-09
342 1.65497e-09
343 1.65497e-09
344 1.65497e-09
345 1.65497e-09
346 1.65497e-09
347 1.65497e-09
348 1.65497e-09
349 1.65497e-09
350 1.65497e-09
351 1.65497e-09
352 1.65497e-09
353 1.65497e-09
354 1.65497e-09
355 1.65497e-09
356 1.65497e-09
357 1.65497e-09
358 1.65497e-09
359 1.65497e-09
360 1.65497e-09
361 1.65497e-09
362 1.65497e-09
363 1.65497e-09
364 1.65497e-09
365 1.65497e-09
366 1.65497e-09
367 1.65497e-09
368 1.65497e-09
369 1.65497e-09
370 1.65497e-09
371 1.65497e-09
372 1.65497e-09
373 1.65497e-09
374 1.65497e-09
375 1.65497e-09
376 1.65497e-09
377 1.65497e-09
378 1.65497e-09
379 1.65497e-09
380 1.65497e-09
381 1.65497e-09
382 1.65497e-09
383 1.65497e-09
384 1.65497e-09
385 1.65497e-09
386 1.65497e-09
387 1.65497e-09
388 1.65497e-09
389 1.65497e-09
390 1.65497e-09
391 1.65497e-09
392 1.65497e-09
393 1.65497e-09
394 1.65497e-09
395 1.65497e-09
396 1.65497e-09
397 1.65497e-09
398 1.65497e-09
399 1.65497e-09
400 1.65497e-09
401 1.65497e-09
402 1.65497e-09
403 1.65497e-09
404 1.65497e-09
405 1.65497e-09
406 1.65497e-09
407 1.65497e-09
408 1.65497e-09
409 1.65497e-09
410 1.65497e-09
411 1.65497e-09
412 1.65497e-09
413 1.65497e-09
414 1.65497e-09
415 1.65497e-09
416 1.65497e-09
417 1.65497e-09
418 1.65497e-09
419 1.65497e-09
420 1.65497e-09
421 1.65497e-09
422 1.65497e-09
423 1.65497e-09
424 1.65497e-09
425 1.65497e-09
426 1.65497e-09
427 1.65497e-09
428 1.65497e-09
429 1.65497e-09
430 1.65497e-09
431 1.65497e-09
432 1.65497e-09
433 1.65497e-09
434 1.65497e-09
435 1.65497e-09
436 1.65497e-09
437 1.65497e-09
438 1.65497e-09
439 1.65497e-09
440 1.65497e-09
441 1.65497e-09
442 1.65497e-09
443 1.65497e-09
444 1.65497e-09
445 1.65497e-09
446 1.65497e-09
447 1.65497e-09
448 1.65497e-09
449 1.65497e-09
450 1.65497e-09
451 1.65497e-09
452 1.65497e-09
453 1.65497e-09
454 1.65497e-09
455 1.65497e-09
456 1.65497e-09
457 1.65497e-09
458 1.65497e-09
459 1.65497e-09
460 1.65497e-09
461 1.65497e-09
462 1.65497e-09
463 1.65497e-09
464 1.65497e-09
465 1.65497e-09
466 1.65497e-09
467 1.65497e-09
468 1.65497e-09
469 1.65497e-09
470 1.65497e-09
471 1.65497e-09
472 1.65497e-09
473 1.65497e-09
474 1.65497e-09
475 1.65497e-09
476 1.65497e-09
477 1.65497e-09
478 1.65497e-09
479 1.65497e-09
480 1.65497e-09
481 1.65497e-09
482 1.65497e-09
483 1.65497e-09
484 1.65497e-09
485 1.65497e-09
486 1.65497e-09
487 1.65497e-09
488 1.65497e-09
489 1.65497e-09
490 1.65497e-09
491 1.65497e-09
492 1.65497e-09
493 1.65497e-09
494 1.65497e-09
495 1.65497e-09
496 1.65497e-09
497 1.65497e-09
498 1.65497e-09
499 1.65497e-09
500 1.65497e-09
501 1.65497e-09
502 1.65497e-09
503 1.65497e-09
504 1.65497e-09
505 1.65497e-09
506 1.65497e-09
507 1.65497e-09
508 1.65497e-09
509 1.65497e-09
510 1.65497e-09
511 1.65497e-09
512 1.65497e-09
513 1.65497e-09
514 1.65497e-09
515 1.65497e-09
516 1.65497e-09
517 1.65497e-09
518 1.65497e-09
519 1.65497e-09
520 1.65497e-09
521 1.65497e-09
522 1.65497e-09
523 1.65497e-09
524 1.65497e-09
525 1.65497e-09
526 1.65497e-09
527 1.65497e-09
528 1.65497e-09
529 1.65497e-09
530 1.65497e-09
531 1.65497e-09
532 1.65497e-09
533 1.65497e-09
534 1.65497e-09
535 1.65497e-09
536 1.65497e-09
537 1.65497e-09
538 1.65497e-09
539 1.65497e-09
540 1.65497e-09
541 1.65497e-09
542 1.65497e-09
543 1.65497e-09
544 1.65497e-09
545 1.65497e-09
546 1.65497e-09
547 1.65497e-09
548 1.65497e-09
549 1.65497e-09
550 1.65497e-09
551 1.65497e-09
552 1.65497e-09
