1 3.80967e-08
2 3.80967e-08
3 3.80967e-08
4 3.80967e-08
5 3.80967e-08
6 3.80967e-08
7 3.80967e-08
8 3.80967e-08
9 3.80967e-08
10 3.80967e-08
11 3.80967e-08
12 3.80967e-08
13 3.80967e-08
14 3.80967e-08
15 3.80967e-08
16 3.80967e-08
17 3.80967e-08
18 3.80967e-08
19 3.80967e-08
20 3.80967e-08
21 3.80967e-08
22 3.80967e-08
23 3.80967e-08
24 3.80967e-08
25 3.80967e-08
26 3.80967e-08
27 3.80967e-08
28 3.80967e-08
29 3.80967e-08
30 3.80967e-08
31 3.80967e-08
32 3.80967e-08
33 3.80967e-08
34 3.80967e-08
35 3.80967e-08
36 3.80967e-08
37 3.80967e-08
38 3.80967e-08
39 3.80967e-08
40 3.80967e-08
41 3.80967e-08
42 3.80967e-08
43 3.80967e-08
44 3.80967e-08
45 3.80967e-08
46 3.80967e-08
47 3.80967e-08
48 3.80967e-08
49 3.80967e-08
50 3.80967e-08
51 3.80967e-08
52 3.80967e-08
53 3.80967e-08
54 3.80967e-08
55 3.80967e-08
56 3.80967e-08
57 3.80967e-08
58 3.80967e-08
59 3.80967e-08
60 3.80967e-08
61 3.80967e-08
62 3.80967e-08
63 3.80967e-08
64 3.80967e-08
65 3.80967e-08
66 3.80967e-08
67 3.80967e-08
68 3.80967e-08
69 3.80967e-08
70 3.80967e-08
71 3.80967e-08
72 3.80967e-08
73 3.80967e-08
74 3.80967e-08
75 3.80967e-08
76 3.80967e-08
77 3.80967e-08
78 3.80967e-08
79 3.80967e-08
80 3.80967e-08
81 3.80967e-08
82 3.80967e-08
83 3.80967e-08
84 3.80967e-08
85 3.80967e-08
86 3.80967e-08
87 3.80967e-08
88 3.80967e-08
89 3.80967e-08
90 3.80967e-08
91 3.80967e-08
92 3.80967e-08
93 3.80967e-08
94 3.80967e-08
95 3.80967e-08
96 3.80967e-08
97 3.80967e-08
98 3.80967e-08
99 3.80967e-08
100 3.80967e-08
101 3.80967e-08
102 3.80967e-08
103 3.80967e-08
104 3.80967e-08
105 3.80967e-08
106 3.80967e-08
107 3.80967e-08
108 3.80967e-08
109 3.80967e-08
110 3.80967e-08
111 3.80967e-08
112 3.80967e-08
113 3.80967e-08
114 3.80967e-08
115 3.80967e-08
116 3.80967e-08
117 3.80967e-08
118 3.80967e-08
119 3.80967e-08
120 3.80967e-08
121 3.80967e-08
122 3.80967e-08
123 3.80967e-08
124 3.80967e-08
125 3.80967e-08
126 3.80967e-08
127 3.80967e-08
128 3.80967e-08
129 3.80967e-08
130 3.80967e-08
131 3.80967e-08
132 3.80967e-08
133 3.80967e-08
134 3.80967e-08
135 3.80967e-08
136 3.80967e-08
137 3.80967e-08
138 3.80967e-08
139 3.80967e-08
140 3.80967e-08
141 3.80967e-08
142 3.80967e-08
143 3.80967e-08
144 3.80967e-08
145 3.80967e-08
146 3.80967e-08
147 3.80967e-08
148 3.80967e-08
149 3.80967e-08
150 3.80967e-08
151 3.80967e-08
152 3.80967e-08
153 3.80967e-08
154 3.80967e-08
155 3.80967e-08
156 3.80967e-08
157 3.80967e-08
158 3.80967e-08
159 3.80967e-08
160 3.80967e-08
161 3.80967e-08
162 3.80967e-08
163 3.80967e-08
164 3.80967e-08
165 3.80967e-08
166 3.80967e-08
167 3.80967e-08
168 3.80967e-08
169 3.80967e-08
170 3.80967e-08
171 3.80967e-08
172 3.80967e-08
173 3.80967e-08
174 3.80967e-08
175 3.80967e-08
176 3.80967e-08
177 3.80967e-08
178 3.80967e-08
179 3.80967e-08
180 3.80967e-08
181 3.80967e-08
182 3.80967e-08
183 3.80967e-08
184 3.80967e-08
185 3.80967e-08
186 3.80967e-08
187 3.80967e-08
188 3.80967e-08
189 3.80967e-08
190 3.80967e-08
191 3.80967e-08
192 3.80967e-08
193 3.80967e-08
194 3.80967e-08
195 3.80967e-08
196 3.80967e-08
197 3.80967e-08
198 3.80967e-08
199 3.80967e-08
200 3.80967e-08
201 3.80967e-08
202 3.80967e-08
203 3.80967e-08
204 3.80967e-08
205 3.80967e-08
206 3.80967e-08
207 3.80967e-08
208 3.80967e-08
209 3.80967e-08
210 3.80967e-08
211 3.80967e-08
212 3.80967e-08
213 3.80967e-08
214 3.80967e-08
215 3.80967e-08
216 3.80967e-08
217 3.80967e-08
218 3.80967e-08
219 3.80967e-08
220 3.80967e-08
221 3.80967e-08
222 3.80967e-08
223 3.80967e-08
224 3.80967e-08
225 3.80967e-08
226 3.80967e-08
227 3.80967e-08
228 3.80967e-08
229 3.80967e-08
230 3.80967e-08
231 3.80967e-08
232 3.80967e-08
233 3.80967e-08
234 3.80967e-08
235 3.80967e-08
236 3.80967e-08
237 3.80967e-08
238 3.80967e-08
239 3.80967e-08
240 3.80967e-08
241 3.80967e-08
242 3.80967e-08
243 3.80967e-08
244 3.80967e-08
245 4.36727e-08
246 1.09864e-07
247 3.87154e-07
248 1.35981e-06
249 4.65779e-06
250 1.56733e-05
251 5.19561e-05
252 7.33096e-05
253 8.53481e-05
254 9.11615e-05
255 9.17903e-05
256 8.60506e-05
257 8.90829e-05
258 8.55436e-05
259 9.18896e-05
260 9.14811e-05
261 8.48893e-05
262 7.05915e-05
263 4.49539e-05
264 3.82723e-05
265 2.59275e-05
266 2.41744e-05
267 1.92285e-05
268 1.00732e-05
269 9.69755e-06
270 1.74323e-05
271 4.61866e-05
272 6.34317e-05
273 7.3224e-05
274 0.000109322
275 0.000130979
276 0.000142974
277 0.000147274
278 0.000143342
279 0.000127702
280 0.000131639
281 0.000125114
282 0.00010556
283 0.000108467
284 0.000135459
285 0.000146437
286 0.000147497
287 0.000141052
288 0.000126811
289 0.000101942
290 6.03863e-05
291 4.84297e-05
292 2.76627e-05
293 2.19693e-05
294 1.17564e-05
295 9.26512e-06
296 9.67253e-06
297 8.64471e-06
298 6.28665e-06
299 2.02061e-06
300 6.6323e-07
301 2.18502e-07
302 7.94678e-08
303 4.4135e-08
304 3.80967e-08
305 3.80967e-08
306 3.80967e-08
307 3.80967e-08
308 3.80967e-08
309 3.80967e-08
310 3.80967e-08
311 3.80967e-08
312 3.80967e-08
313 3.80967e-08
314 3.80967e-08
315 3.80967e-08
316 3.80967e-08
317 3.80967e-08
318 3.80967e-08
319 3.80967e-08
320 3.80967e-08
321 3.80967e-08
322 3.80967e-08
323 3.80967e-08
324 3.80967e-08
325 3.80967e-08
326 3.80967e-08
327 3.80967e-08
328 3.80967e-08
329 3.80967e-08
330 3.80967e-08
331 3.80967e-08
332 3.80967e-08
333 3.80967e-08
334 3.80967e-08
335 3.80967e-08
336 3.80967e-08
337 3.80967e-08
338 3.80967e-08
339 3.80967e-08
340 3.80967e-08
341 3.80967e-08
342 3.80967e-08
343 3.80967e-08
344 3.80967e-08
345 3.80967e-08
346 3.80967e-08
347 3.80967e-08
348 3.80967e-08
349 3.80967e-08
350 3.80967e-08
351 3.80967e-08
352 3.80967e-08
353 3.80967e-08
354 3.80967e-08
355 3.80967e-08
356 3.80967e-08
357 3.80967e-08
358 3.80967e-08
359 3.80967e-08
360 3.80967e-08
361 3.80967e-08
362 3.80967e-08
363 3.80967e-08
364 3.80967e-08
365 3.80967e-08
366 3.80967e-08
367 3.80967e-08
368 3.80967e-08
369 3.80967e-08
370 3.80967e-08
371 3.80967e-08
372 3.80967e-08
373 3.80967e-08
374 3.80967e-08
375 3.80967e-08
376 3.80967e-08
377 3.80967e-08
378 3.80967e-08
379 3.80967e-08
380 3.80967e-08
381 3.80967e-08
382 3.80967e-08
383 3.80967e-08
384 3.80967e-08
385 3.80967e-08
386 3.80967e-08
387 3.80967e-08
388 3.80967e-08
389 3.80967e-08
390 3.80967e-08
391 3.80967e-08
392 3.80967e-08
393 3.80967e-08
394 3.80967e-08
395 3.80967e-08
396 3.80967e-08
397 3.80967e-08
398 3.80967e-08
399 3.80967e-08
400 3.80967e-08
401 3.80967e-08
402 3.80967e-08
403 3.80967e-08
404 3.80967e-08
405 3.80967e-08
406 3.80967e-08
407 3.80967e-08
408 3.80967e-08
409 3.80967e-08
410 3.80967e-08
411 3.80967e-08
412 3.80967e-08
413 3.80967e-08
414 3.80967e-08
415 3.80967e-08
416 3.80967e-08
417 3.80967e-08
418 3.80967e-08
419 3.80967e-08
420 3.80967e-08
421 3.80967e-08
422 3.80967e-08
423 3.80967e-08
424 3.80967e-08
425 3.80967e-08
426 3.80967e-08
427 3.80967e-08
428 3.80967e-08
429 3.80967e-08
430 3.80967e-08
431 3.80967e-08
432 3.80967e-08
433 3.80967e-08
434 3.80967e-08
435 3.80967e-08
436 3.80967e-08
437 3.80967e-08
438 3.80967e-08
439 3.80967e-08
440 3.80967e-08
441 3.80967e-08
442 3.80967e-08
443 3.80967e-08
444 3.80967e-08
445 3.80967e-08
446 3.80967e-08
447 3.80967e-08
448 3.80967e-08
449 3.80967e-08
450 3.80967e-08
451 3.80967e-08
452 3.80967e-08
453 3.80967e-08
454 3.80967e-08
455 3.80967e-08
456 3.80967e-08
457 3.80967e-08
458 3.80967e-08
459 3.80967e-08
460 3.80967e-08
461 3.80967e-08
462 3.80967e-08
463 3.80967e-08
464 3.80967e-08
465 3.80967e-08
466 3.80967e-08
467 3.80967e-08
468 3.80967e-08
469 3.80967e-08
470 3.80967e-08
471 3.80967e-08
472 3.80967e-08
473 3.80967e-08
474 3.80967e-08
475 3.80967e-08
476 3.80967e-08
477 3.80967e-08
478 3.80967e-08
479 3.80967e-08
480 3.80967e-08
481 3.80967e-08
482 3.80967e-08
483 3.80967e-08
484 3.80967e-08
485 3.80967e-08
486 3.80967e-08
487 3.80967e-08
488 3.80967e-08
489 3.80967e-08
490 3.80967e-08
491 3.80967e-08
492 3.80967e-08
493 3.80967e-08
494 3.80967e-08
495 3.80967e-08
496 3.80967e-08
497 3.80967e-08
498 3.80967e-08
499 3.80967e-08
500 3.80967e-08
501 3.80967e-08
502 3.80967e-08
503 3.80967e-08
504 3.80967e-08
505 3.80967e-08
506 3.80967e-08
507 3.80967e-08
508 3.80967e-08
509 3.80967e-08
510 3.80967e-08
511 3.80967e-08
512 3.80967e-08
513 3.80967e-08
514 3.80967e-08
515 3.80967e-08
516 3.80967e-08
517 3.80967e-08
518 3.80967e-08
519 3.80967e-08
520 3.80967e-08
521 3.80967e-08
522 3.80967e-08
523 3.80967e-08
524 3.80967e-08
525 3.80967e-08
526 3.80967e-08
527 3.80967e-08
528 3.80967e-08
529 3.80967e-08
530 3.80967e-08
531 3.80967e-08
532 3.80967e-08
533 3.80967e-08
534 3.80967e-08
535 3.80967e-08
536 3.80967e-08
537 3.80967e-08
538 3.80967e-08
539 3.80967e-08
540 3.80967e-08
541 3.80967e-08
542 3.80967e-08
543 3.80967e-08
544 3.80967e-08
545 3.80967e-08
546 3.80967e-08
547 3.80967e-08
548 3.80967e-08
549 3.80967e-08
550 3.80967e-08
551 3.80967e-08
552 3.80967e-08
